-0.057745
-0.762933
-1.376367
0.214463
0.855159
0.251498
0.817026
-1.026356
-0.487728
-0.245503
-1.550646
1.471321
0.587798
0.130446
-0.480478
-0.649372
-0.277115
0.670778
-1.150528
-0.672729
-1.455108
0.022282
0.669657
-0.100820
1.085397
-0.192134
1.049994
0.456307
-1.006356
-0.221991
-0.461629
-0.290079
-0.860778
-0.508553
0.186311
-0.695761
0.059801
0.365373
1.006687
1.226433
-0.142110
-0.376914
0.529286
0.844454
1.128647
-0.562917
0.534296
-0.550215
0.500155
-0.735904
-1.252947
-0.782550
-0.126367
-0.796770
1.662278
-0.531208
-1.193648
0.898648
0.317927
0.181223
-0.957247
0.031766
0.763355
-1.097341
-0.467129
1.661546
0.050975
1.427068
-0.292126
-1.217053
-1.004937
-0.629116
0.270423
0.398205
1.514987
-0.231023
-0.358907
-0.858499
-1.876615
0.700471
-0.288204
-0.683233
0.474643
-1.911279
0.598302
-0.216597
-2.175237
0.921057
1.018017
0.790870
1.852024
0.296598
-0.014180
-1.588738
0.959232
1.167038
-1.228981
0.390694
-1.029310
-0.288560
0.966793
-1.548392
-0.777608
-0.885787
-0.870228
-0.412772
0.362797
-0.423860
-1.482883
0.516409
-0.827925
-0.248129
-1.844164
-0.418292
-0.007924
-0.635287
-0.160410
1.956100
0.357762
0.149704
-0.806614
0.073410
1.286263
-0.267910
-0.105232
0.290812
-0.171517
-0.104424
-0.088069
0.004507
1.590250
1.175401
-0.365177
-0.849786
-0.320852
-0.515108
-0.295380
-0.537057
-0.305110
1.016870
1.659930
-0.470337
1.060803
0.594889
0.366941
0.068337
0.822716
-0.603904
-0.828806
-0.098267
0.698800
-0.667653
-1.642189
-1.123177
0.137757
-0.707968
0.110798
-1.095444
-0.510410
0.115730
-1.190392
-0.889388
-0.084773
0.424434
1.568522
-0.731461
-0.587949
-0.367868
-0.435873
-1.563205
-0.040490
0.925683
0.202041
-0.426036
-0.866822
1.484989
1.141537
-0.340042
0.768169
0.903687
0.047487
-0.380009
0.540999
2.021533
1.321548
0.228199
-1.225673
0.765706
-1.170472
1.730305
0.845895
-0.564501
0.966778
-1.413344
0.239040
1.348654
0.739481
0.597917
1.457424
-0.552768
-0.002478
-0.533592
0.022226
-1.493380
1.928808
-0.011245
0.502214
0.300843
-1.970652
0.220062
-0.189702
-0.393492
-1.214049
0.055492
-1.067396
0.258448
1.114338
0.913717
-1.071599
-0.394379
-0.762418
0.027159
-1.330040
1.999222
1.169486
0.315198
1.649619
-1.280566
0.616570
-0.416657
1.632574
-0.085988
-0.481339
-0.450222
0.217731
0.405337
-1.450131
0.312873
-1.078636
1.125524
2.777258
0.172680
0.994302
-0.645178
-0.276243
0.745242
-0.265144
0.050255
0.419800
-1.666024
1.221330
-1.049326
-1.112994
0.381005
-0.755360
-0.180865
-0.243170
-0.145574
0.783090
-0.396149
-0.369913
-1.728348
-0.308870
-0.724299
1.242216
-0.570562
-0.894198
-1.164845
0.184605
0.811286
0.714091
0.593429
0.664928
0.688427
1.158062
0.216966
1.269347
0.349649
-1.617226
-0.439026
-0.542878
-0.260878
0.213327
-0.322474
-1.545473
0.517928
1.234289
1.407825
-1.115050
-1.035853
0.624107
0.205565
0.494982
-0.325519
-0.764963
0.957714
0.003448
-1.188302
-0.221360
-0.200640
-2.180876
-0.299529
-0.526825
-1.262652
-0.283838
-1.137122
0.768634
-0.867491
0.344103
-0.740931
0.385306
1.464893
-0.040251
0.686342
-0.148198
0.854111
-1.437009
0.282008
-0.636861
0.353840
0.394590
0.225478
-1.171691
-0.982877
0.248718
-1.185538
0.803951
0.607696
-1.208081
1.107789
-1.433671
-0.289802
0.432020
0.347460
-2.335585
-1.515515
-0.842004
-0.567167
0.349780
0.269767
-0.484852
0.393414
-0.970636
0.262885
-1.283582
-0.273184
-0.717430
0.301476
-1.276688
-0.785451
0.221948
-1.089809
1.156001
0.262908
1.309383
0.278255
-0.344483
-1.047505
0.046047
-1.325797
1.287018
-1.596066
0.201814
-1.125504
1.536441
-1.257412
-0.310949
-1.018827
-0.402158
-1.416580
-0.368226
2.792590
-0.329030
0.001203
0.034115
-0.397005
-0.215801
-1.940874
0.268360
0.131493
0.823733
-0.464996
-0.831359
0.292239
0.746031
0.445112
-0.614706
0.399433
-1.532033
1.385375
-0.734741
1.845592
-1.397569
1.470069
0.391868
-1.023390
-0.235261
0.288809
1.671861
-0.450259
1.109808
0.492676
-0.448909
0.720616
-0.592930
0.546420
-1.497564
-0.683523
-1.007965
-0.390507
0.318664
-0.127183
1.963068
-0.376465
-1.842671
1.203865
-0.668634
-0.593428
1.139992
1.905562
-0.898977
-0.156586
0.600389
-1.090619
-0.459589
0.319001
-0.294901
-0.101532
-0.914678
-0.335755
-0.863507
-0.465957
-0.755597
0.692700
-0.357032
-0.156676
-1.700823
-0.421361
-0.631636
-0.803211
0.760186
-0.714840
1.521610
-0.717067
0.189654
-0.157543
-0.589506
0.573364
-0.527846
0.167539
0.997284
-1.711391
0.772302
0.074838
-0.844401
0.283547
-1.080763
-0.943628
1.461968
0.852037
1.615848
-1.598826
0.264761
0.118002
1.250663
0.167313
0.765559
0.772717
0.405065
0.094583
-1.378098
-1.318561
0.641553
-0.758474
0.313825
1.648707
-0.433989
0.152317
1.171245
-1.189542
0.129767
0.933469
0.847855
-0.973656
1.171140
1.260977
0.100912
1.948319
-2.155125
-0.278190
0.360154
1.636598
-1.148539
-0.144070
0.352075
1.684418
-0.858357
-0.934120
-0.411791
1.152440
0.249538
0.405887
0.799569
-0.103027
-0.833323
-0.598728
0.100808
-0.315245
-0.000597
-0.171553
0.048795
1.430475
-0.075065
-0.379527
-0.230625
0.967604
0.409321
-0.746699
0.720196
0.491970
-0.599374
1.825374
-1.597381
0.257518
0.208825
1.020459
1.865911
-0.454091
0.508009
-0.243596
-0.890440
0.857757
-0.151026
0.543536
-0.176893
-0.893257
1.788432
-0.105908
1.644705
-1.726305
0.014852
-0.297370
-0.849180
2.173446
1.616898
-0.721613
-0.878347
0.518712
2.175197
0.114176
-1.462360
1.546161
-0.731960
0.681291
-0.069506
0.156516
-0.206755
-0.717674
0.021319
-0.643619
-0.478375
-1.310849
-0.977386
1.933154
0.041382
-0.734451
0.149905
-1.387256
1.806949
-0.358937
1.383284
0.443860
0.381856
-0.061249
-1.836665
0.548707
0.665765
0.449979
1.884023
-0.451806
2.260460
0.705083
-0.912357
0.749974
-0.839680
0.324083
-0.912128
0.280544
-0.285146
-0.993981
-0.575856
-0.976603
1.953998
-0.114853
1.115711
-0.502587
0.807021
-0.661437
0.821605
0.849853
0.293801
-0.683403
-1.305323
0.307358
0.971542
-0.171621
-1.694434
0.802426
-0.075038
-0.408989
-0.349860
-0.362449
0.250410
1.091597
-0.099732
1.400105
-1.083684
-1.465346
1.359448
-0.411392
0.573732
0.186334
0.598569
1.550628
-0.264401
0.755049
0.790773
2.033466
-1.981167
0.341843
-1.484215
-0.249896
0.217434
0.569226
1.319854
-1.725113
1.247056
-1.510551
-1.845594
0.281167
-0.100644
-1.361190
0.166897
0.579228
-0.603310
-0.311578
-1.343513
-0.015934
-1.477564
1.643707
0.974252
-0.335731
0.504451
0.693846
1.373537
-0.403295
1.144214
-0.496528
-1.088931
1.296316
1.807676
0.156612
-0.655204
-1.043940
0.091961
-1.166046
-1.411228
-0.346385
-0.345594
2.907790
1.098982
0.223940
-0.707801
-1.339577
0.902203
1.030614
-0.688693
0.404031
0.108426
0.723654
-0.653895
0.180255
0.489820
0.828518
-1.234394
-1.297190
-0.019604
0.264538
-0.779981
-0.888604
-0.203091
0.568453
-0.530670
-0.162485
-0.083377
-0.118730
0.293889
1.476719
1.076999
1.252500
-1.856048
0.721743
-1.706840
-0.898839
0.733694
-0.262116
0.321444
-1.883936
0.654373
-0.343496
2.144011
1.496757
0.003716
2.237130
1.460805
1.118846
0.388362
-1.537380
1.097398
0.249689
-0.375553
1.036760
1.248663
0.130898
1.781718
-0.533034
-0.265263
0.153861
-0.037523
0.440101
2.200203
-0.416039
-1.095305
0.441261
0.151341
1.965811
-0.904998
-1.064698
-0.385205
-1.022144
0.803370
-2.171999
0.466558
0.219612
-0.317480
-0.367612
-1.176851
-0.726828
0.445515
-0.264209
0.526256
-2.351611
-0.861172
-1.715730
0.118569
1.509827
0.207865
0.235292
-2.040948
2.016668
-0.542501
-0.748327
-0.981283
-0.778451
1.067609
0.337593
0.001347
-1.092035
-0.618503
0.273322
-0.600936
-0.160289
0.570166
1.090018
-0.959711
-1.325581
-1.004640
-1.581736
0.484017
1.232808
-0.573445
0.186418
-0.022003
-0.580458
-0.014362
1.282396
0.136730
0.081172
1.169791
-0.648262
-0.787033
1.685362
0.229780
-0.042815
1.426428
0.662056
-2.784841
1.692854
0.869085
1.344840
-0.808844
-0.933622
0.385413
-0.189887
0.119843
0.185876
-1.016259
-1.289818
0.338219
1.934892
-0.600899
-1.132742
0.101981
0.854974
0.898832
-0.430669
-0.205655
-2.269023
0.862841
0.174709
0.374709
1.645271
-2.338525
-1.679664
0.938158
-1.482488
0.099760
-0.287062
-1.221942
0.532038
-2.677296
1.735813
2.177510
1.164427
-0.227653
0.559416
0.513363
0.656399
-1.143085
-0.080557
0.286554
0.714882
-0.295128
-1.527048
-0.410517
0.620721
1.487879
1.681112
-1.141733
0.975672
-0.752822
0.385671
1.066878
-0.875876
-2.089800
-0.851518
-0.307261
-2.085965
2.392184
1.107511
-1.088553
-0.202793
-0.239716
0.120356
-1.391482
0.795188
-0.789200
0.274704
0.940470
0.760286
0.177865
0.377475
-0.976012
-0.051354
0.877412
-0.446211
-0.317578
1.161658
0.038283
-2.340658
0.036098
-1.304852
0.080566
-1.228041
-1.028383
0.494078
-0.791346
-0.528288
-1.267687
0.813498
0.192012
1.654854
-0.943672
0.103021
0.863773
0.627099
-0.268402
-0.265559
0.098736
-0.493905
0.567465
-1.477994
0.306566
-0.585575
-0.298433
-0.888599
1.295981
-0.434202
1.157865
0.843298
-1.495699
0.140782
0.384459
-0.433172
-0.997654
-1.223400
-0.288530
0.985176
-1.209457
0.531890
0.123233
-1.240215
0.333371
0.495263
-0.813831
-0.325605
1.311570
0.436264
0.056900
-0.778661
-0.077232
-0.759792
1.661069
-1.030504
0.084477
0.420096
0.083805
-0.861904
0.005344
0.762926
0.249255
0.309626
0.099083
0.812845
-0.049742
0.164112
-0.335521
0.189120
0.226004
0.847337
0.137304
-0.569450
-2.403866
-1.414681
-0.169424
1.049657
0.460329
1.921982
0.042645
-1.017942
-2.158016
-0.477025
-1.259032
0.303335
0.376609
-0.791357
1.146163
0.671943
-0.463229
-1.199968
-0.067863
-0.265999
0.060689
1.880753
0.450533
0.902228
-0.641489
-1.238382
-0.088024
-1.506938
-0.254980
0.522327
-0.071322
-0.903646
0.565292
0.098147
1.602550
-0.016731
0.592040
-0.519413
-0.345974
0.239759
-0.716307
-0.006990
-0.748800
-1.464104
0.428698
0.953707
0.983237
-0.845647
0.789840
-1.161495
-0.139525
-0.518752
0.244769
-0.563422
-0.214098
-0.042341
0.027910
1.044761
-1.178796
-1.862580
-0.076357
0.009548
0.059045
0.736185
0.249703
-0.511926
-0.450692
-1.445287
-0.054005
-1.029248
-0.105906
0.539173
0.638054
0.183384
-1.305580
-0.920203
0.073148
0.606432
-0.319701
-1.076461
1.093703
-3.268841
0.538677
-0.660990
0.678797
0.325646
1.449179
0.251351
0.349047
0.560904
-1.564871
1.091504
0.979825
0.504415
0.681250
0.086163
1.102412
-1.457208
-1.521974
0.659547
-0.044027
-0.909428
-1.716652
-1.171139
1.146483
-0.441305
-0.756251
0.146819
0.021646
0.512841
1.373648
-1.151609
1.370818
0.682662
-0.746573
-0.217099
-0.098566
0.556392
1.024471
1.151092
1.463901
-1.219287
-0.019254
-0.541942
-0.768128
0.048576
-1.627532
0.643476
0.050111
-0.853730
0.766810
-0.824229
1.247303
-0.507113
-0.470693
1.140111
0.850233
0.241082
0.128584
1.071646
0.951646
0.221671
0.412810
-0.357170
0.033349
-1.219514
0.019106
-0.507756
0.509636
-0.414719
-0.452496
0.867975
-0.826356
0.487946
-1.091820
0.774645
0.609058
-0.638869
0.713159
-0.126340
-0.154773
-0.645465
0.229847
-0.058730
0.528257
0.391873
1.028946
-0.246843
0.161011
0.161186
0.179188
-0.163564
-0.967641
-0.210916
0.601346
-1.504136
-1.330320
1.294338
-0.446181
0.797315
1.156155
-1.047447
-1.276601
0.634295
1.402732
-1.234987
0.172734
-0.305476
0.124185
1.404675
-0.378273
1.199926
0.740634
-0.645451
-0.609856
-0.634027
-0.736029
-0.111209
-0.915726
0.206066
-0.110245
-1.616252
1.427534
0.336377
-0.735320
0.282933
-0.433152
1.607717
0.051593
0.581872
0.177569
-0.036449
0.091346
2.104263
-1.924120
0.698145
0.961035
0.244659
0.208124
-0.690929
1.406301
-0.305441
-0.393024
-0.148332
-1.199138
2.811147
-0.741916
0.938521
-0.579375
0.382169
-0.389110
0.817477
0.960306
1.413494
0.300759
1.190459
-0.539293
-0.164157
-1.099059
0.702594
1.467893
-0.176140
2.769125
1.062376
-0.549170
-0.080405
1.798664
0.580498
-0.957656
-1.118664
0.900074
0.437577
0.221317
0.961263
-0.654064
-0.174368
-1.053700
-0.267543
-0.105196
0.424617
0.063386
0.628828
0.875755
-0.398361
-1.370317
-0.737441
-1.306565
0.241870
-0.053116
0.415301
-0.320139
-0.273394
-0.608030
-0.262971
2.426515
1.313297
-0.051032
-0.286153
1.792368
-0.032079
-1.192819
-0.505211
0.001880
0.413680
-0.537264
0.808242
1.396473
-0.449544
0.306154
-0.372151
-0.195114
0.212637
-0.319758
-0.019962
-0.909724
1.868406
0.152857
-0.940429
-1.369157
-0.060662
1.079789
1.102824
-0.792295
1.471314
1.209787
0.560575
1.131205
-0.893591
-0.093265
1.024608
-0.607749
-0.339075
-1.844387
-0.579700
-0.863406
-0.005886
-0.972209
0.920285
-1.807111
0.980317
-0.501620
1.822859
-0.272447
0.877430
-0.187609
0.590242
0.590466
0.708629
-1.387788
-0.270894
1.473309
1.512225
0.216130
0.576127
-1.275884
0.670678
0.139081
-1.191622
1.188812
-0.388747
-0.987821
-0.092748
-1.340890
-1.388945
-0.759512
0.664711
-1.706411
-1.125759
-0.915660
2.779872
-1.405607
1.277837
0.425246
-1.251475
-2.183795
-0.523067
-1.086650
1.344665
0.246868
1.947608
0.979775
-0.268092
-1.066756
-1.255218
-0.447501
0.868916
0.151032
1.092825
-0.499240
-2.020190
0.326282
-0.049809
-0.064331
-1.526983
-0.143069
1.019554
1.074050
1.825788
1.001879
-0.232625
0.306749
0.683865
-0.814826
0.189067
0.726234
-1.171593
0.781442
-1.228416
-1.889118
-2.838380
-0.070903
-0.242023
-0.591629
1.592567
0.714774
-0.445877
0.464368
-0.500355
-0.793822
0.074433
0.685947
-1.107751
-0.854478
-0.270681
-0.165093
1.317574
-1.854206
-0.445292
0.233647
0.395311
0.597776
1.412558
-0.390841
-0.442219
0.432894
-0.036338
-0.607128
-0.328848
-0.004667
-1.019321
1.140692
0.577112
0.456852
1.639998
1.394365
2.057752
0.526784
-0.461871
0.198681
0.625640
0.874492
-0.056265
0.776705
1.027697
0.073280
0.188642
0.118709
-0.897700
0.211414
-1.141397
1.646536
1.907081
-0.363520
-1.085823
-1.418617
-1.317804
-2.336876
-0.655679
-0.228758
-0.557275
-2.133616
-2.681293
-1.140003
-0.278467
-2.279149
-1.604953
-2.796022
-2.596151
0.235471
-0.673234
-1.230405
-2.055807
-2.737038
-1.661607
0.047933
-1.257156
-0.187554
1.243876
2.514145
-0.273444
1.911159
2.041071
2.413905
2.727672
2.906216
1.489420
2.592531
1.859399
0.451578
2.185550
1.795041
3.629102
2.711040
1.109016
2.870351
1.184325
1.255910
0.186683
1.584285
0.278398
1.494028
0.008224
-1.144960
-2.052268
-0.569859
-1.136915
-2.674979
-0.957120
-2.010564
-2.936869
-2.049015
-0.821283
-1.888521
-0.432115
-1.102024
-2.066037
-1.545654
0.335935
-0.463068
-0.369335
0.588274
-1.299967
1.372481
0.214507
1.186158
0.227457
1.029076
-2.277384
0.043717
-0.506790
-0.747343
0.173486
0.542451
0.089115
0.985735
-0.393507
0.027816
-1.316435
-1.263169
1.449198
0.312801
0.746879
0.567676
2.201323
0.873934
0.693750
0.831383
-0.933962
-0.666263
0.043775
0.058123
1.172010
-0.213660
0.192607
-2.738661
1.358757
-0.204901
0.194223
0.170043
-0.264127
-0.365584
2.088043
0.222519
0.680359
0.471971
0.952209
0.701242
0.606734
1.449566
0.613501
-0.184641
0.036376
1.409161
1.129610
-0.932093
-1.152801
-2.546873
-1.688128
0.466197
-0.293504
-0.269746
0.807924
0.654055
1.070546
-1.892039
0.282687
-0.692704
-1.089749
-0.118702
-0.945758
0.523153
-0.648022
-0.469907
-0.264245
-0.281164
-0.247102
0.628384
1.110199
-0.592103
0.184110
0.499225
-0.091850
-0.213545
-0.028168
-0.935376
-0.022863
-1.193671
-0.820173
0.879122
-1.315855
-2.248171
0.518780
-0.687610
-1.029810
-1.119096
0.320173
0.672132
0.318485
0.484638
0.450044
0.132000
-0.484705
0.605275
-0.735995
-0.154108
-0.647963
0.168946
-1.813679
0.447321
1.950092
-0.272500
-0.225754
-0.049223
0.386320
-0.124101
0.402603
0.776210
0.650706
-0.410485
-0.268508
0.342264
-0.171756
-0.125248
-0.037251
-0.000398
0.231965
-0.490555
-2.432074
-1.727781
-0.406025
0.050086
0.798561
1.641033
1.936865
0.940870
0.167191
-1.252463
-1.325087
-2.670487
-1.445905
-0.102506
-0.643404
0.142245
-0.092817
-0.653953
-0.542627
-0.799678
1.889756
-0.063062
0.029397
0.189194
-0.228809
-0.986773
0.400023
1.599977
-0.721347
0.323168
1.403327
-0.081758
0.658813
-0.297789
0.334424
-2.115494
-0.735380
-2.223322
1.165925
0.201129
0.646086
-0.060038
-0.856121
0.342502
0.862320
0.378719
0.077690
0.667293
-0.646735
0.770255
-1.684531
0.035045
0.511477
1.237897
-1.104834
0.009181
0.194547
-0.412806
1.578847
-0.508311
0.074705
-0.060624
0.509656
-0.050452
-0.282973
-0.631887
0.141631
-0.267385
-0.390226
0.758955
1.484292
-0.230021
0.409382
0.032999
0.776442
1.371731
-0.736835
1.202579
-0.010752
0.070611
-0.829906
-0.895321
-0.164955
-0.133373
-0.340855
-1.533265
-0.061761
0.280736
1.225664
0.391389
0.585024
-0.140459
-1.308308
-1.107967
-0.292674
-0.603473
1.298053
0.881872
-0.421563
-0.198042
0.630460
1.268741
1.603276
-0.517352
-1.966338
0.720475
-0.668594
0.924834
0.689350
0.488733
0.408022
-2.215878
-0.125171
-0.541031
0.932276
-1.351791
-1.427889
0.117485
0.544283
-1.010641
0.329560
-2.311074
-1.136650
-0.024642
-1.623358
-1.001826
0.239391
1.449640
0.406296
1.101955
-1.184971
0.349038
0.187617
-0.801233
-0.773624
0.261854
-0.310062
1.391173
-0.095512
-0.023692
-1.055534
-1.078525
0.971499
-0.908704
0.776286
-0.124255
-0.683566
-0.763193
-2.348549
-1.596254
0.029948
0.129311
1.393887
0.897716
0.576302
0.354008
0.381780
-1.274049
0.006942
-0.634049
1.395231
0.246744
0.774173
0.674659
-0.008213
0.186754
0.489566
-0.105236
0.421925
1.103631
-1.614882
-1.119460
-0.149170
0.599462
0.883313
1.239613
-1.035714
-1.273672
1.154659
-0.846245
2.302339
-1.985627
0.202732
-0.907400
0.026932
0.047016
0.095782
0.021147
1.319826
1.519465
-1.966551
0.237244
1.001408
-0.161405
0.231785
-1.660497
-0.993200
0.421297
-0.005834
-1.412324
0.872844
-0.526165
0.096347
0.273796
-2.013028
-1.029590
0.511445
-0.027852
0.369843
-0.056601
0.008857
1.047843
0.315555
0.291929
0.225801
-1.383692
-1.042435
0.233958
0.859296
-0.571223
0.501035
-0.728819
0.241367
1.591672
0.016907
-2.136090
0.772510
1.645490
0.430643
0.030057
-0.802269
1.253690
0.692046
-0.538316
-0.315020
0.629992
-1.133546
-0.371152
0.743458
-0.741272
0.516122
-0.696802
-0.056488
0.346234
0.602590
0.805970
-0.201186
1.087679
0.000572
0.917086
0.022502
1.538397
0.794095
-0.807586
-0.913561
1.428012
-0.792719
0.143560
0.868131
0.660860
1.725629
0.267422
-0.232283
1.108126
-1.306738
0.054354
-0.231296
-1.072171
0.468452
-1.934903
-0.971145
-0.551005
-0.132699
-1.684623
0.188018
-0.585346
-0.939797
-0.997552
0.039953
-0.012802
2.231269
-1.005752
0.810284
1.106026
0.288654
2.207199
-0.940561
1.025664
1.387167
-0.423777
0.921438
-0.855058
-0.198995
0.954384
-1.099766
-0.347940
-0.055393
0.536839
0.601664
0.374601
1.931417
-0.664813
1.624197
0.184257
0.334866
1.890503
1.168249
0.831659
0.854537
-0.780633
0.151893
1.255756
0.271284
-0.274139
1.208973
0.099364
1.870559
-0.846589
0.640489
-0.582688
0.562557
-0.889204
1.222128
2.910791
0.148305
0.156644
-0.187069
0.741674
-0.713640
0.371727
-0.887360
0.221585
0.403057
0.676958
0.867371
0.964415
0.733061
-1.969152
-0.589459
-0.403801
-0.366890
-0.694684
0.426593
1.409852
0.919915
0.077995
-0.175983
1.801253
1.343710
-1.001546
0.712645
0.813915
-0.221204
0.764956
1.523903
1.934398
-1.049853
-0.705422
0.819692
0.492162
-0.993144
-0.984610
-0.013444
0.231357
0.720956
-0.206118
-0.381805
0.769388
-0.519134
0.430500
0.560539
-0.364048
-0.212849
-1.574737
-0.410310
0.167950
0.404830
0.327332
0.359358
0.428799
0.520841
-0.243317
-0.874803
0.226070
1.165874
0.654006
-0.588248
-0.825433
-1.555676
0.375344
-0.346489
1.378979
0.779952
-0.125601
1.491883
-0.889677
1.219850
0.177292
-1.544064
1.084708
2.254432
-0.176768
-2.345771
-0.955714
0.365772
-1.407589
0.165389
-0.694376
-0.925267
-0.852974
0.612403
1.584520
-0.024673
0.159811
-0.110800
2.149359
-1.749218
0.130942
0.453266
1.629461
0.353304
0.382538
2.719986
1.995231
0.145174
-0.315751
0.247827
1.529369
0.317949
0.058259
0.189527
-0.974606
-0.206716
-0.240557
-0.802696
0.461665
-0.861070
-0.798108
0.128410
0.657980
-1.354940
0.337583
-0.047193
0.833310
-0.917451
0.804799
-1.084111
0.744187
2.056323
1.028903
-0.774495
-0.206310
-1.460238
-0.241556
-0.549650
-0.162910
-0.554906
-0.205849
-0.597720
-0.315527
-0.067660
-0.170770
-0.700853
2.144766
-0.598535
1.372767
0.035500
0.487472
-0.301135
-0.316524
-0.418469
-1.804354
1.167220
-0.596853
-0.522961
0.163497
0.401144
-1.733552
1.067033
-0.511542
-2.480998
-0.049451
0.433797
0.155970
1.561441
-0.768178
0.433683
1.638512
0.499588
0.661820
0.467975
-0.522102
0.842021
0.555422
-1.836246
-0.770601
1.203124
0.462593
1.560025
0.099005
0.410733
0.659118
-0.495319
0.849425
-1.219514
0.691938
-0.257436
0.399883
1.710511
0.568971
-0.000206
0.344184
-0.084215
-0.272774
0.581407
-1.864308
0.120565
-1.194103
1.425729
0.304606
1.228712
0.626096
-0.197259
-0.417743
0.726998
-1.712059
-1.553640
1.148657
0.802190
-0.099980
-1.016071
0.607741
0.889441
-1.253310
0.019339
0.340574
-0.095594
-1.343126
0.208048
0.634694
-0.197162
-0.731577
0.988429
0.310281
-0.700299
-0.684184
0.103726
-0.152098
1.494889
0.509992
0.061570
0.131873
-0.771560
-0.216057
-0.398958
-2.033208
-0.339734
0.809088
-1.056468
0.559859
-1.390302
-0.110359
-0.354851
-0.825824
-1.887892
2.309892
-1.239721
0.610873
0.634751
-1.458166
-0.321912
-1.314951
-0.065437
1.523088
0.152150
-1.450862
-0.111980
-0.318532
0.862922
-1.100973
-0.530997
1.028636
-1.534928
0.884526
1.575189
-0.262922
-0.188112
-0.974522
-0.003475
-0.171574
-0.406721
0.508612
0.160595
0.963849
-0.420545
0.344598
-0.093992
2.073026
-0.325674
-0.059819
0.333891
1.224649
0.280154
-1.187654
-1.261927
0.218493
1.092922
0.943130
0.096072
-0.103172
-0.973647
1.453400
1.919085
0.434909
0.558605
-0.344228
1.854383
-0.423674
0.220290
-0.673018
-2.249383
-1.480688
-1.487413
-0.455613
0.194495
-0.889648
2.159327
1.090194
0.934938
0.144276
0.834136
0.702343
0.045422
-0.461620
0.899943
0.235130
1.441731
0.084987
-0.346812
0.082619
-1.014132
0.505374
0.419771
0.062338
-1.530586
1.047850
-0.516985
0.690700
-0.620734
-0.285563
-0.016739
-0.710620
-3.548730
1.637956
0.032033
0.047902
-1.171649
-0.391515
0.630522
-0.697555
-2.009394
1.371982
-0.974247
-0.249290
0.898692
-0.747477
-0.547361
0.869681
0.567057
1.193725
-0.607920
0.322943
-0.061159
-1.008450
0.213644
0.063546
-0.978062
-0.253986
-0.367045
0.665143
-1.798895
0.292455
0.187572
0.584569
-0.779391
-1.511712
-1.113615
0.534890
-0.282649
-0.553425
1.797881
-2.242980
-0.188393
0.078350
2.234031
0.796351
1.031281
0.765292
0.699965
-0.892403
-0.551716
-0.231409
0.058998
1.382182
-0.573315
-0.461860
0.395906
-0.131828
1.362535
1.615975
1.410135
-0.136633
0.113644
-0.219977
-0.213638
-1.340351
-0.945859
-0.244808
-0.407066
-0.612810
-0.473171
0.854558
0.251463
2.714475
0.238957
0.754806
0.211253
-1.907022
-0.936926
2.375031
0.162312
0.816070
-0.860354
0.945349
-0.125126
-0.053678
0.658164
1.978633
1.253855
-2.695294
0.868059
0.635790
0.022120
-0.757207
1.719338
1.494944
-1.563229
-2.166986
-0.814420
-1.099294
-0.183430
1.412585
-0.345116
-2.756986
-0.288243
0.786512
-0.011116
-0.668494
0.729382
-0.516079
1.102815
0.500446
0.062756
-0.896167
0.057554
0.536353
-0.774305
1.600456
0.798500
1.139547
-2.345364
0.481795
0.231444
-1.054082
0.027114
2.114574
0.381444
-0.230364
-0.272312
-0.682754
0.495342
-0.848915
-0.819523
1.552318
0.527179
-1.419852
1.261961
-0.367338
-1.211389
1.229152
0.687959
-0.546816
1.508562
1.657483
0.574131
-0.224482
-0.218394
0.601332
1.166664
0.623869
-1.260926
0.060494
0.232528
0.903109
0.577387
0.477891
-0.967078
0.700433
0.970065
0.952926
-0.275023
-0.172791
-1.665108
-0.539537
0.143799
-0.670039
-1.120767
0.303878
-1.684020
0.054694
1.687737
-0.608561
-1.958792
-1.759634
0.581541
-1.277654
0.918484
0.535405
-1.230720
-0.195251
-0.058051
-0.551851
-0.694606
-1.003667
-0.758252
0.504861
-0.154873
1.744732
-0.276610
0.095739
-0.104149
-1.858645
-0.645787
-0.859464
0.814667
-0.333855
-1.418720
-1.636836
1.153104
0.018155
-1.095363
0.654640
-0.674573
-0.547684
-0.799443
-0.026962
0.279291
-0.289975
-0.086709
0.738276
-0.768350
0.591819
-0.250099
-0.100822
0.700407
0.063600
-0.625994
-0.333188
1.122398
1.910558
1.786145
0.268679
-0.090735
0.458283
0.522540
0.182093
-0.867624
-0.931775
-0.998602
-0.162955
1.894843
-0.939189
-0.270947
-0.251236
0.706276
0.423137
0.070034
1.657129
0.536304
-1.042591
0.168966
0.125625
-0.603487
0.978273
-2.305356
0.652814
-0.522350
0.811715
-0.952077
0.946861
-1.892908
-0.397654
1.729059
-0.272983
1.803393
-0.070037
-0.966791
0.036762
-1.045331
0.393955
-0.904562
-0.402844
0.231738
0.380035
-1.046941
0.243034
-0.344321
-1.173861
0.890377
0.499308
0.568124
-0.005585
1.072635
-0.249116
-0.111899
-1.313471
-1.848494
0.246548
-0.143891
0.389336
0.607606
-0.738188
0.196118
1.386036
-0.383956
-0.136210
-0.421679
-0.371611
0.153973
-0.326969
1.746596
-0.508106
0.317532
0.321896
0.837762
-0.188786
-2.172330
-0.054311
-0.720226
-0.190391
-0.286314
-0.688776
0.894826
-0.686944
1.726268
0.029404
0.878749
1.382779
-0.234820
1.420132
-0.836820
-0.633003
0.824520
-0.889462
-1.348688
-1.199029
0.757812
0.073744
-1.665423
-0.543152
-1.260989
1.069193
-0.493770
-1.234911
-0.510180
0.149846
-2.002448
-1.900779
-1.926281
0.600945
0.889427
-0.695349
0.218086
-0.174496
0.533346
-2.182338
0.620318
2.713008
-0.504947
1.273423
-0.235106
2.121070
0.362950
0.326347
0.904340
0.459079
0.241523
0.581345
-0.325886
-0.348529
0.180395
-0.149046
-0.221402
-1.316735
0.261365
0.866991
1.511773
1.800623
-0.859371
1.316272
-0.426500
-0.539076
1.049992
-0.239740
0.534889
-0.397545
1.918871
0.142819
-0.024998
0.006035
-0.046411
2.103994
1.023690
-1.185982
0.642621
0.515769
0.284957
1.560213
-0.289978
0.691300
1.063145
-0.455586
-2.101004
-0.027022
-0.170707
0.275006
0.896580
0.714901
1.953579
-0.513382
-0.243850
0.409648
-0.731805
-2.315018
0.711356
0.257143
0.110319
0.098281
0.466334
0.837791
-0.870683
0.459971
0.203773
2.514435
-0.087792
1.477496
-1.487306
-0.584112
-0.193311
-0.448878
-0.337243
0.570795
-0.084166
0.378766
1.086391
-0.630998
-0.201651
-0.003794
-1.600515
1.014175
1.219650
0.155551
-1.154949
-0.748252
0.386270
-0.037284
-0.868563
-0.139559
1.869718
-1.291732
-0.406387
0.159519
1.233910
-1.163742
0.152807
-0.834247
-0.670556
1.851853
0.512025
-1.648148
-1.067908
1.480690
-0.940913
1.264916
-0.827840
1.064156
0.445872
-1.864367
-0.408477
-0.665974
0.797674
-1.313499
0.595815
-0.070903
-1.358240
0.171547
1.566357
-1.371420
-0.076681
0.000072
-0.244766
1.147150
-0.243657
0.865127
-0.314878
-0.427203
-0.371536
-1.104602
0.834048
-0.035686
1.024499
-0.764292
-0.366630
1.558443
-0.272173
0.090564
-0.815435
0.963484
0.621225
0.333088
-1.079539
1.353824
0.206228
1.953692
0.189176
-0.802043
0.405611
-0.591728
1.744411
-0.008763
1.031002
1.166287
0.254941
1.450428
1.287285
1.264711
0.401809
0.945946
-0.332223
-0.064720
-0.867724
-0.549370
2.070299
0.067282
-1.001231
-1.418612
-2.212433
1.205177
-0.561229
0.320138
-0.970212
-2.479494
-0.421177
-0.047510
0.109258
1.144369
-0.398195
1.137175
0.478847
-1.315910
-1.289231
1.359848
-1.280762
1.377080
2.311461
1.937201
0.337416
-1.220806
0.857575
1.606711
0.544122
0.538245
-2.522201
0.246430
0.297224
1.319853
0.163792
1.229114
-1.351756
0.306754
1.669565
0.090145
1.162844
0.325224
-0.971310
-0.415058
0.675044
0.904116
0.873732
0.339519
-0.368718
0.453925
-0.835936
-0.019206
0.366228
-1.038093
-1.272187
1.611617
-0.483506
0.803186
0.494622
1.267340
2.000170
-1.234355
-0.543671
-1.125121
-0.348516
0.102156
0.733936
0.147914
-0.787083
-1.938243
1.621854
-0.145934
0.507755
0.628975
-0.064207
-1.843994
-0.643117
-0.491085
-2.509423
0.128544
0.100358
1.473550
-1.775011
0.627688
1.076183
-0.392614
1.738160
-0.100043
0.890345
0.824073
-1.949979
-1.493544
-0.451238
-0.560907
-1.246863
-1.555199
0.444876
0.483355
0.220623
-0.549829
2.250578
-1.100607
-1.126817
-2.263661
-0.567132
0.120346
0.335770
-0.228250
0.131675
1.211863
-0.011466
1.301257
1.201266
1.058941
0.217208
-1.112623
0.949211
-0.636221
-0.687994
-0.796715
-1.812195
-0.014375
0.857411
1.199339
0.291184
-0.835536
0.159904
-0.312482
-0.919075
-2.148817
0.622072
0.502970
-1.021875
0.612747
-0.076352
-0.762045
-0.065188
1.226395
0.378756
1.534279
0.262847
-0.530732
-0.493788
-0.265433
-3.432562
-0.698124
-0.845066
-0.890673
-1.417495
0.151387
-0.569929
-1.350794
-0.169537
-1.534659
-0.153596
0.922432
0.363682
0.882715
-1.045951
1.054953
-1.263112
1.135436
1.348878
-0.029473
1.399996
0.520383
0.535681
-0.041093
0.138784
0.459664
-1.963295
2.485036
-1.409848
0.051403
-1.025995
0.828263
-0.001763
1.521855
2.298376
1.910968
-0.456117
0.915008
-0.716996
-0.387723
0.899965
0.721231
-1.770132
1.036097
-0.816581
0.222914
-0.407848
0.394798
-1.974631
0.855122
-1.603970
-1.593458
-0.425765
-0.924173
0.216538
-1.310711
0.460628
-0.897517
-0.096295
-0.526273
-0.523681
-1.468098
0.409593
0.246641
-0.584269
-0.495828
-1.004717
0.992303
2.165168
0.993771
0.929803
-0.230998
-0.794559
-1.244875
0.222344
-0.128205
1.728510
1.145215
-0.055038
0.032849
0.272334
-1.472220
-0.645698
0.143350
-0.822432
-0.532112
0.997286
-0.048950
-0.462276
-1.775716
0.457263
-1.414501
0.371590
0.465947
-1.003854
-1.258075
-0.911596
0.894260
1.010804
-0.826008
-0.047223
1.061530
0.419340
0.600727
-0.118573
-1.585114
0.299317
-0.034539
-0.859541
2.406834
-1.024522
-1.384617
-0.018363
-1.499772
-0.459710
-0.863747
0.000681
1.169086
2.191325
-2.126568
-0.773258
-0.558620
1.260696
-1.231085
-0.233763
1.675006
-0.809438
-1.288345
-0.320116
0.725022
1.602554
-0.242996
0.061269
1.229176
-0.435982
-0.461205
2.139952
-0.756804
0.444980
-0.362144
-0.062916
0.545369
-0.351868
-0.470987
-1.422706
1.382394
0.154709
0.497554
-0.359182
-0.123903
0.504182
0.448378
-2.330364
-1.974682
-0.032562
0.048199
-1.359439
-1.720017
-0.082837
-1.677286
1.921661
-2.045535
-1.300414
1.627025
0.172219
1.860954
-0.960333
-1.575448
-1.240787
1.498559
-1.039673
-0.514644
-1.253168
0.796078
0.585924
0.029420
2.808447
-1.306779
-0.264956
0.386540
2.480852
-0.405630
0.592193
-0.394615
0.474971
-1.353723
-0.840442
-0.952939
-2.010143
0.600413
0.566773
0.886704
0.822067
0.271620
-0.151008
-0.110321
0.845089
-0.208336
0.604039
-0.792356
-0.234459
-0.844223
-0.837859
-1.069086
-0.930308
0.068964
-0.709443
0.610338
2.175946
1.111462
0.818946
-0.400787
1.046106
0.302205
-1.434945
-0.276881
0.431874
0.492279
-0.691871
-0.201648
0.810889
1.529860
-1.369260
1.131607
-1.565348
1.343246
-0.052983
0.565771
0.154517
0.822773
0.096301
-0.372261
-0.000966
-0.748493
0.725754
0.452735
-0.656642
-1.608019
0.729915
0.328574
-0.177470
-0.722195
-0.985177
-0.556133
1.238452
-0.681645
0.814476
-0.623413
-0.494412
-0.684973
-2.117850
-1.086964
-0.655068
0.269813
-0.976229
-0.755858
-0.116098
-0.173196
0.010281
0.352536
1.877970
0.150733
0.820515
0.877406
0.367280
-0.950733
-0.097525
-1.509046
-1.028353
-0.570670
0.542293
-0.166648
2.072580
1.086887
-0.763181
0.284278
0.680638
-1.319942
-0.111548
1.394650
1.311296
0.961068
0.074905
0.871778
-1.002248
0.176730
1.940271
-0.932897
-0.394211
1.680746
0.788134
0.232230
0.800671
2.759634
-0.964037
0.806218
0.337494
0.225675
-0.495206
1.997621
-0.306963
0.091536
0.691394
-0.381541
0.793799
-0.059894
-0.389967
0.148889
-1.043445
0.112429
1.211463
1.566856
-1.033761
0.589500
0.626822
2.263253
-0.435241
0.856349
-0.571614
-0.535714
0.846255
-0.461550
0.083095
0.362973
0.354372
-0.042135
0.243093
-0.334090
-0.682515
0.500014
0.252782
-0.488285
0.434393
0.127135
-1.278900
1.535124
0.970675
-0.038269
-0.243147
1.125373
0.410698
0.739586
0.291405
0.557613
0.803010
-1.705964
0.345308
1.237060
0.607354
1.283258
-0.813263
-0.554450
0.307436
0.395768
-0.102735
-0.255846
0.612360
-0.446547
0.030917
0.674106
1.659590
-0.648587
1.398919
1.414210
0.066373
-0.057170
1.641221
-0.630183
0.249824
0.076050
-1.433009
-0.413913
1.168024
0.100566
-0.376736
-1.049103
0.930057
0.383130
0.524864
-0.559605
0.435715
-0.853670
0.344173
-0.604610
-0.688576
-0.315443
-0.565893
0.414265
-1.657822
0.262065
-1.195653
-0.304127
-0.290494
-0.360196
1.569396
0.724642
-1.155740
0.143781
-1.548409
-0.655085
-0.980460
-0.026935
-0.285883
-0.651966
-0.626611
0.590270
1.158127
-1.279838
0.205707
0.701268
0.731844
-1.039752
-0.829706
0.066152
-1.285052
-1.971295
-0.887099
-0.838488
-1.261023
0.427975
-0.445766
-0.466127
0.567160
1.209100
2.123929
0.100462
-2.082938
0.705311
-0.287945
0.441563
-2.089292
1.249929
-1.081923
-0.730220
-0.095205
-0.240965
-0.942813
1.507786
-0.626452
0.165333
-1.337431
-0.741995
0.599664
1.795117
-0.513205
-0.195395
-1.338867
-1.709691
0.807768
0.245359
1.279155
2.138479
-0.601995
-0.792467
0.147729
-0.148959
-1.894398
1.465215
-0.266143
1.532349
-0.109401
1.772597
-0.762985
-0.796165
-0.946721
-0.686344
0.691251
-1.516270
-2.525130
1.809456
1.154343
-0.068931
0.181731
-0.362426
1.024443
-1.055444
0.949528
-0.399437
-0.401857
-0.078008
-1.446251
-0.550591
-0.225818
-1.007425
-1.071687
0.889465
-0.723360
-1.183576
-0.103301
1.852476
0.944118
-0.856740
0.500869
-0.209148
0.765388
-1.276156
0.565596
1.735009
1.091670
0.352654
-1.011977
-0.601452
-0.917044
-0.198725
0.140090
-1.019267
0.121563
-0.294976
0.727518
-0.618696
-0.874770
0.436593
-0.090331
-0.228632
-0.291333
-1.130949
0.976030
-1.304593
0.828611
1.310036
1.693021
0.312310
-0.638702
-0.288898
-1.104375
-0.082276
0.830945
0.113914
0.108832
1.684429
1.308031
0.022785
-0.563679
0.803539
-0.036125
1.317564
-0.457074
-0.840228
-0.460231
-0.264275
0.147085
0.023712
-0.452725
-0.159271
2.109713
-1.158248
1.307302
-0.322978
1.004825
0.261554
-0.367227
-0.548311
-0.450328
1.468482
-0.318538
0.029000
0.123627
-1.651307
-2.986883
-1.613893
-0.797970
0.496594
-0.783673
1.086438
-1.427497
0.629259
1.962462
0.402954
0.713925
-1.101995
-0.662387
0.237365
0.326740
0.625276
-0.394473
-0.578388
1.075051
1.005138
-1.099780
-1.192577
-0.779877
-1.124487
-0.008601
-1.857614
1.113443
-2.114675
2.381693
-0.983881
0.446159
0.109754
0.133902
0.840020
0.075942
-0.345533
-0.559166
0.021757
-3.222079
1.462788
0.711328
-1.244418
0.450435
1.402197
-0.188753
-0.949881
0.555055
-0.664931
-0.183685
-0.680552
0.082100
0.099177
0.451023
0.788234
1.091434
0.065279
1.921202
0.896817
0.716370
-0.117068
-1.176173
1.849243
0.468099
-0.138236
0.214939
-0.517988
1.679767
-1.249489
0.878930
-0.618115
1.015548
0.013648
0.991757
-0.385737
-1.348391
-1.761726
-0.440259
1.273072
-1.367866
0.653219
-1.076527
0.153159
1.222935
-0.322641
0.311828
0.621333
0.659043
0.590244
-0.901082
-1.232444
0.605415
1.762525
0.246876
-0.246664
1.717169
0.071997
0.297316
2.016896
-1.672957
-0.116029
-0.755782
0.504739
-0.013278
-0.035695
0.775513
0.719267
-0.861237
-1.603295
0.729316
1.041303
-0.957892
-0.627362
2.559469
-0.893282
-0.684086
1.110894
-1.232025
1.302659
-0.285445
1.736402
-1.526926
0.009597
0.205479
-2.361135
-0.748130
-0.637764
0.702192
-0.282554
-1.047890
-1.251567
-0.439817
0.109086
1.008534
-0.695044
-0.237261
-0.107100
0.220057
-0.185294
0.706164
0.262182
-1.211166
-1.253299
1.093831
-0.165146
-1.320110
-0.321364
1.128637
0.124579
0.391328
0.255211
-0.757349
-0.717408
1.242057
0.580251
-1.518699
-0.328058
-1.494309
0.271883
0.686489
-0.788602
0.030919
-0.659921
-0.052773
0.092641
1.562625
0.189171
0.671416
-2.089004
0.060876
1.466185
2.282083
1.063393
1.129809
-0.487184
-0.474708
1.720980
-0.015757
-1.113346
2.063554
0.950915
0.245307
-0.483146
2.509802
-0.804196
1.000858
-0.131339
1.187760
-0.395697
-0.570311
0.550053
1.421189
0.154796
-0.679328
0.799892
-0.354409
0.805636
-0.360823
-0.248799
1.665093
0.070080
-0.405910
-1.250552
1.463749
-1.161846
0.313552
-0.225620
-0.258625
-1.179367
0.074120
-0.309525
-0.177083
0.110019
1.205095
1.043239
-0.650730
-0.584741
-1.537207
-0.208135
0.058440
-0.577105
0.262698
-0.769704
1.353408
-0.128974
0.569924
-0.449417
-0.873812
-0.449222
-1.497343
-0.106746
1.446856
0.056333
1.194241
-0.452084
-0.862408
0.376420
0.448496
-0.734086
-0.428488
-0.179488
-1.153485
1.821225
0.405356
-0.154169
1.618630
0.815956
1.651770
0.316966
0.227909
-1.241560
1.132083
-1.824912
1.205424
1.001477
0.244921
-0.502570
0.692845
-1.221766
-0.135435
0.533410
-1.313069
-1.922143
-0.573938
1.156491
-0.047015
-0.829588
-0.864357
-0.069427
0.257208
0.316162
-0.493688
0.303672
-0.753791
-0.141369
0.240282
-0.206348
0.025995
1.018546
-0.380624
-1.735546
0.406257
-0.280965
-1.186004
0.783503
0.904125
-0.388235
0.814086
-0.230658
-0.258799
-1.852469
-0.433930
-1.131006
1.014078
0.390974
-0.109161
0.691135
0.248772
-2.335514
0.580002
-1.585610
1.185334
-1.748856
-1.215635
-0.504488
0.720492
-0.402014
-0.654961
-0.885693
0.210054
-0.481151
-0.125117
-0.908067
-0.058614
2.121249
-0.284266
-0.207899
-0.810371
-0.278377
0.297891
0.330176
-0.382461
0.996051
-0.370348
0.350197
0.584349
-0.465054
-2.624683
0.369088
0.991073
-0.121034
-0.425472
0.858266
0.204184
0.653455
0.747614
0.102795
0.093061
0.172207
0.498700
0.368684
0.105815
-0.978496
-1.027298
-0.723361
1.131593
0.552862
0.102064
-0.822116
2.532066
0.105751
-1.904180
-0.363140
-0.907292
-1.512842
1.046661
-0.836696
0.160315
-0.255931
-1.427061
0.609283
0.602348
0.479781
-1.304064
0.161990
0.107985
0.708689
-0.851855
2.000214
-0.772549
-0.925985
0.720245
0.279979
1.378391
1.324387
-1.436590
0.941823
0.095380
-1.726259
1.303743
1.268429
-0.749042
-2.051242
-0.131422
-0.181143
-0.282709
0.074025
1.591002
-1.815457
0.369355
0.013078
-0.626429
-0.757596
0.206213
-1.415245
-0.158971
0.624303
0.299046
-1.059020
-0.265979
-0.433657
-0.380794
0.789080
-2.025374
0.592773
-0.335846
0.340995
-0.769801
0.206540
-1.393459
-1.892396
-3.041826
0.392551
-1.015550
-2.255027
-0.181850
-1.391556
-0.940712
0.754937
0.928603
-1.479734
1.969955
-0.075464
0.927073
0.351702
-0.815872
0.545936
0.472689
0.291322
-0.245630
-1.247946
-0.670701
-0.102392
-0.536059
-0.416386
0.672074
-1.558258
-0.765225
0.702728
-0.672526
0.342107
-0.997513
1.195554
-1.362361
-1.297952
-0.460183
0.640674
0.857078
-0.030962
-0.106276
2.080047
-1.058313
-0.718348
-0.309938
1.182170
-1.392688
-0.085296
0.464023
-0.676994
-0.875785
0.892237
-1.494174
-0.988563
0.225086
1.054961
-1.895783
-1.199899
0.840251
0.038519
0.461168
-1.460927
0.046412
0.834160
-0.259446
0.584220
0.609674
-0.459069
1.611486
0.176082
-2.401975
-1.652152
1.255711
0.839530
0.344437
0.925705
1.578983
-1.507890
-0.780091
0.640641
0.280072
-1.239555
0.371382
0.552863
-0.068263
0.078972
0.508489
1.616290
1.206799
-1.445583
1.556824
-1.477351
1.914187
-0.363831
-0.198296
0.009978
-0.780466
-0.827015
0.574499
-0.281964
0.309328
0.269881
-1.243269
-0.727314
0.381756
0.184308
-0.040134
1.256382
0.078536
-0.594375
1.065332
-0.728633
-0.980328
0.045324
-0.597623
0.313838
0.336827
0.722644
-0.270284
-0.322178
-0.606663
-0.159813
-1.129702
-0.109815
-1.379796
2.165600
0.579905
-0.742816
-0.236676
-0.604281
0.728338
-0.791484
-0.215370
0.813449
1.053799
-0.222067
1.112577
1.724590
0.196552
0.687220
-0.139198
1.216326
-0.050654
-2.145926
1.665900
0.222307
1.686298
0.544568
1.360253
1.217100
-0.192101
0.811951
1.171260
-0.403836
-0.457419
1.065199
0.694711
-0.626811
0.464485
0.114058
0.753952
-0.795970
0.876517
-0.878204
0.154501
0.335097
-1.609994
0.023704
-0.097207
0.042968
1.850892
-0.162853
0.344973
0.909607
1.472683
2.382103
0.863277
-0.075946
-0.786527
0.342221
-0.630568
0.632704
1.430552
1.413450
-0.781714
0.534143
-0.994128
1.376300
1.811271
1.789466
-0.533485
-0.790010
1.764872
0.287653
-0.003825
1.056944
1.275941
0.845665
0.408592
-1.541264
-1.517306
0.493278
-1.199047
-0.788833
0.762570
0.564733
-0.439421
0.206662
-1.135682
-0.205731
1.625531
-1.799455
-0.631276
-2.615365
0.929936
0.652821
-0.505085
-0.901551
-0.185932
1.465162
0.231358
1.992601
1.302659
0.844521
1.379846
0.158097
0.607576
-0.377977
-2.281615
-0.373045
-1.411814
-0.887324
0.090974
-0.451065
0.538148
0.429345
-0.151332
0.168084
0.534783
-1.148263
-1.041477
0.842714
0.556625
1.141768
1.149772
