-0.469692
0.528237
0.555866
-0.702743
-0.088187
-0.298603
1.838560
1.261115
0.610686
0.514738
-0.495502
-0.449139
0.271788
-0.782847
0.595899
0.524667
0.847283
0.813637
0.400530
-1.880060
0.215223
1.811757
-0.279403
0.194773
-0.743636
-0.528568
1.337334
-0.223391
2.108218
0.356756
0.464357
0.766872
-0.378234
-0.607946
0.331329
0.218339
0.053162
-0.851417
-0.019993
-0.670046
-0.185728
2.005918
0.092992
2.807430
-0.708984
0.841121
0.235791
-0.260884
-0.467375
0.199434
-0.783760
-1.140806
0.616991
0.378507
-0.093359
-0.865276
-0.860602
-1.087925
-1.237523
0.396823
0.569928
0.447679
-0.744949
-1.559196
0.381269
0.685192
0.824733
-0.033135
1.305181
1.245508
1.464007
0.048362
0.050354
0.360706
1.897039
1.231575
0.356683
-0.225207
-1.254742
-0.166742
1.833869
-0.127196
0.649459
0.041355
1.604775
-0.128538
0.269732
0.601546
-1.399786
0.737338
0.035155
0.761069
1.828819
-0.305180
-0.566648
1.011278
-1.119031
0.251237
0.092066
-0.555514
-0.158740
-0.528838
-0.779839
-0.168025
0.859717
-0.944757
-1.282823
0.515153
-0.494264
-0.519299
0.908958
-0.969631
-0.488037
0.520574
2.342180
1.031255
1.072567
0.717269
-0.400199
0.613890
0.623205
1.577530
1.602683
1.239857
0.240765
-0.955588
0.840670
-0.420634
2.746517
0.082655
0.121847
-0.441406
0.108435
0.718202
-0.835690
1.453460
-0.173922
0.289068
0.089154
0.729429
-0.061150
-2.504318
0.168185
-1.170668
-1.560395
0.056994
0.164886
-0.585265
-0.510228
0.507582
-1.802882
-1.863354
2.528235
-0.191707
-0.309697
-0.954348
-0.693920
0.265380
0.105971
0.370141
-0.131913
0.301666
0.318535
-0.232128
-1.307115
0.023731
-0.422382
-1.650279
-1.770378
-1.172391
1.523654
-0.828604
1.749054
1.617442
0.541652
-0.802930
0.979096
0.147380
-1.378768
-0.534831
1.205464
0.227627
-1.378386
0.740297
0.821598
0.712627
0.528693
0.165493
-0.550475
-0.269483
-0.604834
1.047079
-0.238297
1.351887
-0.358877
-0.890778
-1.014379
0.246090
-1.193638
1.100784
0.972994
1.671088
0.548135
-0.932922
0.272925
-0.145010
-0.448452
-0.205039
0.607203
-0.285049
-0.233539
-2.175436
0.196440
0.715750
-1.224342
-0.445373
-0.809584
-0.198986
0.703799
0.253674
-1.306137
1.623532
0.490106
0.701310
-0.576599
0.273059
-1.772891
1.239535
2.039285
0.017099
-0.010528
0.840761
-2.657601
0.602784
-0.614381
1.655573
0.181454
2.545520
0.218967
1.549099
-1.680476
0.103560
-0.288222
-1.144130
2.109812
-0.516017
-0.141556
-1.097133
0.169266
-0.949784
0.254934
0.236189
1.516266
-2.798547
0.028640
-1.110173
-0.267240
-0.100405
-0.874402
-0.002698
0.354868
-0.388037
2.607252
1.037173
0.867397
0.600595
-0.787974
-0.875272
-0.532789
-0.081648
-0.488150
1.537662
0.821873
1.292252
-0.443187
0.639629
-1.046460
-1.609712
0.870872
0.118651
0.974722
-0.664915
-1.049258
0.634300
-0.104138
-0.597301
-2.644669
0.969729
0.115720
-1.043749
-0.002398
0.255684
-0.700574
-0.542163
1.849016
-1.614331
0.367100
0.254734
-1.149390
0.038891
0.347513
0.720308
-2.214022
-0.351638
1.529381
0.729123
1.320441
0.468303
-0.276333
0.557847
1.767042
0.718748
0.729342
-0.385703
1.518832
0.562368
-0.672851
0.453477
1.191493
-0.507939
-0.547116
1.579599
-0.210616
-1.129701
2.492113
-0.975334
-1.581022
-1.109537
0.787775
-0.814104
-0.674627
1.721405
-0.074245
0.848670
0.477353
0.132152
-0.656209
2.004149
0.085689
-0.218039
0.591386
0.772268
0.621814
-0.357680
-0.748562
-0.828765
-1.040414
0.840907
-1.605611
-1.568127
-0.661224
-0.456435
0.475726
-0.603528
-1.362491
-0.244843
-1.372563
0.549046
1.572594
-0.852082
-0.566456
1.563734
-0.273367
-0.177597
0.370145
-0.515348
0.478086
-0.722673
1.056661
-0.940217
0.091434
-0.380605
0.537742
0.405497
0.771089
-1.138499
-0.926958
0.679976
0.022287
0.867818
-0.199279
-0.068611
-0.496515
0.081944
-0.687324
0.642660
0.780044
1.152608
-1.203536
-2.243648
-0.787964
0.260990
0.061379
1.639430
0.363050
-1.767670
1.560805
1.134507
0.062924
1.322304
-0.583735
-1.245774
0.404584
0.249787
1.502534
0.179009
1.183202
-1.240684
0.025203
0.658319
-0.431552
-0.945950
-1.242829
1.097360
1.023027
0.267034
-0.535607
0.002328
-0.321555
-0.698887
-0.855878
0.360687
-0.023631
1.666387
-0.704455
0.060152
0.147364
-1.902552
-0.536095
1.246980
0.634752
-0.273622
0.166151
1.915726
0.994404
-0.142520
-0.672291
1.534782
0.164951
1.273049
-1.310000
-1.070563
1.014432
0.535739
-1.141276
0.379560
0.013749
1.106529
-0.844097
-0.352184
0.429427
-0.295788
-1.333791
-0.180298
-0.838579
-0.592486
0.140080
1.078949
1.356478
0.925521
0.816634
-1.225339
-0.923384
-0.034390
-0.302910
0.444331
1.560345
-1.087340
1.915949
0.395502
-0.369470
-0.398313
0.699947
-0.533498
1.618528
-0.198374
-0.295171
0.711402
1.069736
-0.106739
-0.961636
1.403449
-1.633774
0.623435
0.419521
-0.159385
-1.164709
-0.734547
0.819283
-3.233885
-0.218560
0.628790
1.522249
0.120064
0.808889
1.817835
0.259726
0.121730
1.300263
-0.145799
-1.502172
-0.661796
0.099918
0.300132
-0.188821
-0.473320
-0.511341
1.086266
-0.109790
-2.930305
-0.141959
1.001658
-1.458027
0.285489
0.280273
-0.825482
-0.302943
0.689093
-0.200439
-0.934295
0.045460
-0.450435
-0.326513
0.406796
-0.648216
-0.838065
-0.113705
-2.831430
-1.110461
0.520829
0.581470
0.222907
1.713616
0.115024
-0.404334
0.710268
-0.455586
0.014043
-0.473035
-0.487946
2.012600
0.188475
0.668171
-0.707303
-0.896423
-0.818885
0.485110
1.141129
1.362608
-0.414813
-0.815044
0.034848
0.966224
0.952623
0.862729
1.121106
1.069276
-0.855028
-0.823739
-1.030720
0.326862
1.022852
-1.291349
0.696935
-0.201163
0.295657
-0.510373
-0.986535
0.760781
-1.478842
-0.549322
-0.106669
-1.122498
-1.289429
-0.081572
0.330130
-1.589136
-0.767986
0.530049
1.183015
-1.306866
-0.671836
1.729774
-0.993476
-0.309722
-0.507529
0.709894
0.926651
1.239607
0.862798
0.852909
0.257219
-1.015258
-0.699243
-0.066220
-0.545796
0.245625
0.845527
1.517471
1.286314
-0.378795
0.903240
-1.170003
0.530315
0.961239
-0.807313
-1.021673
0.243320
0.752385
1.069098
-0.160318
0.049360
0.269491
0.440310
1.831804
1.277370
-0.077502
0.141827
-0.014240
0.358870
-1.572600
-0.516193
-0.102824
-0.570771
0.734289
-1.456557
2.389009
0.211989
0.272505
-1.139587
-0.150328
-0.206341
-1.008182
-1.649899
-0.737193
0.111036
0.884588
-1.241589
-0.502709
-0.047816
-1.281348
-1.595462
0.572880
0.491523
0.013928
-1.491371
0.470126
-0.040323
-1.170363
-0.585703
-0.633840
-0.642240
-1.361386
1.460363
0.134184
-0.851572
-0.802790
-0.351694
1.212269
-1.841973
-0.067970
0.499514
-1.631058
1.064538
-0.400132
0.016845
1.206182
-0.765637
-0.844810
-0.158074
0.095714
0.876101
-0.653115
-0.819243
0.572955
0.272372
-1.346968
1.793992
-0.166313
-0.139973
1.055025
0.655249
0.819252
0.681185
-0.469863
0.471979
-0.084483
0.142829
-2.079434
0.535237
0.023760
-0.775753
0.419605
0.270925
0.177606
0.622507
-0.661057
0.034624
-0.799815
0.546296
0.446264
2.211397
-0.083471
-0.012862
0.477378
-0.741883
0.088914
-0.137635
-2.386033
0.869335
-0.130896
-0.864727
1.531170
0.485716
0.362170
-0.708881
-0.151832
-0.488146
-0.625119
-1.168547
0.623911
0.476495
-0.615341
0.609137
-0.476142
0.354405
1.622196
-0.059490
-0.602615
1.029898
1.529237
0.692344
-1.418687
0.330863
-1.074789
-0.892151
1.486366
1.270955
-0.585701
0.899657
0.746457
1.586271
-0.307358
-0.653890
-0.542266
1.022766
0.356145
1.779850
0.407316
1.007623
0.140797
-0.002225
-0.780742
1.369077
0.191608
-1.190125
-2.262979
-0.625694
-0.508286
1.542953
-2.598476
0.585269
0.240862
0.523471
0.318743
-2.503473
-1.585707
-0.168685
0.027450
-3.742708
0.076658
-0.965135
0.414271
-0.483753
-0.415856
1.190522
-0.980021
-0.359521
-1.385364
-0.578392
0.467049
0.230903
-0.519620
1.065068
1.143437
-0.505774
0.418348
0.312894
-0.204964
-0.001176
1.055262
0.998125
0.096616
0.861322
-0.090191
-1.328858
0.146286
1.027968
0.597824
-0.785082
-0.447877
-1.358641
-0.021172
-1.339010
0.441564
0.711134
-0.109698
0.816268
0.005007
0.364371
1.408605
0.175695
-0.188131
-0.801153
-1.259276
0.231254
-0.718752
-0.316565
0.029093
-0.149341
-0.079813
2.302181
0.505394
-0.797831
0.654346
1.630686
1.115235
0.118081
-0.142091
-0.375382
0.777691
0.722421
-0.801905
1.375514
-0.395125
-1.716553
0.317630
1.027630
0.304239
0.376348
-1.361280
2.118800
-1.023481
1.341994
0.477075
1.304912
0.420725
-0.278362
-1.128372
0.315684
-1.714959
-0.618047
1.321273
0.460114
0.434925
0.003772
-1.225823
-1.607954
-0.220654
-1.827741
0.072117
-1.530662
-0.977076
1.350319
-0.561844
-0.530905
0.921638
0.160658
0.827841
-1.322214
-2.384739
0.813578
-1.541513
-1.381583
0.535897
0.149135
-1.409035
-2.265187
0.906822
0.861547
-1.717385
0.062217
-1.526976
1.315580
-0.963487
-0.251990
0.662740
-0.388179
0.702146
1.400443
-0.661520
-0.212065
0.292551
0.352696
0.914001
0.733109
-2.383179
1.331204
-0.874172
0.132538
0.259790
0.517860
1.053463
0.096008
-0.286481
-1.055771
-0.817027
-0.236259
-0.315305
0.134268
2.116902
0.156961
-0.006640
-0.231797
-0.849306
0.452376
0.367215
0.245755
0.609842
-0.087849
0.155295
-0.088439
0.858230
0.458118
1.460949
0.746837
0.042355
1.229229
0.419063
1.539523
-0.137348
0.252270
2.653030
-1.524972
0.046854
0.981432
0.231495
0.003536
-0.672306
-2.083515
-2.351528
1.216444
1.871195
-1.851114
-0.333491
-0.174293
-0.582130
0.167151
0.682410
0.874788
-1.444549
-1.260377
-1.296389
0.229058
0.024516
0.973085
0.131910
0.523566
-0.326140
-1.527489
0.033683
-0.409461
-0.908804
-0.272230
1.639850
-0.018548
-0.559338
-0.181595
0.518761
0.604354
1.005848
1.017742
0.254913
1.460331
-1.407120
0.994005
0.851142
0.077012
-0.080564
-1.605232
0.613278
0.668343
0.161345
1.335128
0.423581
0.500002
-0.389676
1.532473
0.564070
1.303420
-1.222854
-1.002399
-0.227307
0.807318
-0.478957
-0.079921
-0.525793
-0.197287
0.495863
-1.443654
-0.084561
1.049169
0.166718
-0.397544
-0.821520
-0.247859
-1.414374
1.036394
-1.202207
1.691762
0.352634
0.476111
0.302292
-0.450864
2.306851
0.140823
-0.940478
-0.868680
-1.293884
-2.535342
-0.376604
0.984618
0.705339
0.444657
0.844098
-0.727830
2.394432
-0.028827
-0.208988
-1.130263
0.620793
-1.295025
-0.541466
1.019192
-0.483559
-0.411493
-0.901099
0.899039
-1.467820
-0.895366
-0.888060
0.232634
0.059104
-1.306520
-2.568646
1.188487
1.163616
0.445080
0.738528
-1.573312
0.507836
-0.779462
0.487665
-0.324043
0.184233
-1.607735
0.470845
-0.733632
-0.938045
-1.249484
-0.706289
-1.021133
-1.276633
0.480002
-0.699701
0.805696
1.022698
1.496531
0.389323
-0.138050
-1.108617
-0.506633
0.202272
0.617687
0.684174
-0.071523
-1.760485
0.135787
-0.553913
2.090085
-0.661652
1.885231
-2.405560
-2.219053
-2.086178
-0.258926
1.559369
0.034444
1.337850
-0.195205
1.322354
1.537700
-0.903653
-1.549887
-0.972945
-1.676037
0.024170
-1.071365
-0.868094
2.751719
0.014130
0.394512
-0.714248
0.966248
2.634016
1.595415
0.523545
0.405512
1.088764
1.466535
-0.131692
0.794623
-0.168367
0.321620
-0.056704
-0.018466
-0.424508
-0.162512
0.379001
0.117564
0.595052
0.385161
-1.688562
1.103012
-0.368463
-0.376131
1.532695
-0.783973
0.404203
0.078285
-1.300962
1.297158
-0.275027
-0.797832
0.921028
-0.768212
-0.141131
0.694549
0.947504
-1.486939
-0.042908
0.657867
0.031498
1.041087
-0.435534
0.286845
0.796753
-1.365723
0.386539
1.119456
0.218772
-0.941122
-0.517288
-0.559707
0.258528
-0.382800
1.348271
0.181842
0.322134
0.032838
-1.097620
-1.797774
-1.076888
-0.036523
0.030418
-0.032344
0.060921
0.317682
0.836104
-1.038162
0.478745
0.049089
-0.056667
-0.054039
1.067528
-0.613293
-0.140019
0.055998
-0.124111
-0.465921
-1.126450
0.095200
0.017188
-0.732728
-0.348956
1.064157
3.391487
1.162286
-0.182370
0.049726
-0.339443
0.499292
0.152014
0.776369
-0.604167
0.403517
0.443845
0.870893
-1.313023
-1.066519
0.568820
-1.529372
0.858906
0.066433
-1.007064
0.915043
-0.682521
0.405925
-1.128425
-1.150759
0.490066
0.597433
1.863843
0.377236
1.044789
-0.402160
-0.332811
0.085876
-1.266696
1.110918
0.346296
-0.634459
-0.170985
-1.362589
-0.867407
2.269288
0.305422
-0.681512
0.098813
-0.732514
1.335661
-1.079750
-1.795837
0.147500
-0.773264
0.344057
0.042061
-1.952563
-0.136763
-0.842612
-0.450664
-0.312553
1.366658
-0.400640
-0.775492
-0.280507
0.254006
-0.455645
-0.952709
1.604351
1.973549
-0.696055
-0.112121
-0.186004
0.198904
2.110276
1.027404
0.236785
1.866338
-0.082380
0.198798
-0.170407
0.038149
0.078666
-0.015175
0.386730
-0.469477
1.721133
-0.713315
0.254910
-1.052070
2.800207
2.162219
0.524100
-1.257918
-0.272314
0.484712
-0.423866
-1.203924
1.485149
-0.914427
-0.343105
-0.526116
0.675243
0.813276
-0.054304
0.990139
1.554364
1.409969
0.041459
1.139524
-2.158141
0.565317
0.419065
-0.042922
1.369913
-0.643606
-0.290109
1.382094
-0.748910
0.648875
0.035398
-0.074965
-1.887169
-0.186669
2.209522
-0.614910
-1.556128
0.521778
-0.058750
1.613004
-0.939857
-1.045745
-0.170797
0.178117
1.322952
0.541442
0.271046
-1.239063
1.219700
0.680595
-1.701761
2.040121
1.868430
0.844113
-0.892230
0.688372
0.206449
0.195712
-1.107036
0.028136
0.744685
-0.139760
1.752328
0.605000
0.910628
0.995211
1.581541
0.723274
-0.834106
-0.319084
0.169189
0.145353
1.299878
-0.591306
0.129042
0.265455
0.564241
-1.289618
-0.089003
-1.658135
-1.215214
-1.747335
-0.204361
-0.852281
0.588311
-1.138060
-1.288332
-1.610938
-1.683354
-2.525079
-1.824526
-1.412752
-0.835244
-0.854189
-1.194246
0.599892
0.590898
-0.075860
-0.930650
2.728383
2.198581
2.091507
1.350689
1.562577
0.942071
0.756687
4.452624
3.226985
1.032658
1.194965
1.825916
1.991384
3.495541
1.606216
2.853875
0.520324
2.453330
1.372450
1.567838
1.937670
0.776916
-0.436759
1.953217
-2.204280
0.233439
-0.924635
-2.302385
0.153801
-1.258140
-1.364990
-0.438826
-1.434822
-1.534941
-2.588564
-2.058004
-2.804117
-0.968134
0.479152
-0.225440
-0.521516
-2.513190
0.071903
-0.911811
-0.594073
-0.590825
-0.492720
-0.903145
2.336148
-0.323610
-0.393177
-0.122641
0.401631
0.480982
-0.561029
0.122473
1.238692
1.407069
1.105912
0.693033
-0.336748
-1.261248
-0.972724
-0.237248
0.412134
-0.647562
0.455537
-0.231373
1.857400
-0.570298
-0.775817
-1.248078
-2.087434
-0.103980
-0.009304
1.746968
-0.666433
-0.772170
-1.308873
-0.652994
-0.498382
1.185780
2.591177
0.952095
0.161696
-0.307115
-0.975184
-0.676743
0.666831
1.679163
0.020933
-1.172058
2.038279
0.446661
0.741733
-0.483351
-1.061354
0.282355
-1.253512
1.184633
0.875472
-0.207096
-0.185076
-0.389562
-0.094200
-0.138842
-0.618885
-1.138193
-1.265056
0.763754
-0.800033
-0.859461
1.000340
0.327041
-0.232272
0.243160
0.289351
0.346369
-0.128111
0.673208
0.488797
0.127381
-0.658160
1.022829
-0.877389
-0.077278
-0.671461
-0.438057
0.493188
-1.306013
-0.147408
-1.504826
1.300066
0.503402
0.619063
-0.118462
-0.659552
0.028747
-0.278427
-2.157584
1.759916
1.188457
-0.945865
1.543987
-0.247484
0.602965
1.096175
-1.044360
-1.802206
-0.412856
0.057271
0.997609
-0.540169
1.413160
0.771214
0.977433
0.474026
-0.840095
1.014373
0.405962
0.983768
-0.980885
1.184303
-0.411545
0.187781
-2.441000
0.426674
-0.694490
-1.087416
0.008782
0.142710
-0.543073
-1.348678
-0.071881
-1.209806
0.151251
-0.517271
1.628868
-0.298308
2.112815
-0.516310
0.119936
-0.764983
-0.097648
0.784861
0.681916
-0.560814
-1.345895
-1.334051
-0.474308
0.146315
-2.094231
-1.218655
0.747598
-0.176105
0.763491
0.495422
-1.102125
0.563548
-0.315586
-0.221747
-0.019664
1.898699
-0.274600
-1.271683
-1.854294
-0.154808
-1.254387
-0.881042
-1.391296
0.577139
-0.138488
-1.935120
1.530202
0.547353
0.199904
-0.135425
0.314520
1.123988
0.209416
0.624574
-0.923049
1.161566
-2.631005
1.358326
-0.483931
0.024888
-0.196852
1.263038
-1.809690
1.174930
1.069034
-0.477641
-1.032269
0.300518
-0.937130
1.751902
0.111631
-0.267886
0.110398
0.262998
-0.430366
-0.222234
-0.284645
-0.739130
0.677627
-0.014665
-0.098745
-0.438779
-0.219975
0.300962
-1.090057
0.225976
1.167871
0.829000
-0.086065
0.577521
0.521216
0.841492
1.892454
0.737289
1.066641
1.570566
0.645768
-1.034068
-1.934494
-0.447476
-0.451029
0.164485
-1.345937
-2.411929
-1.419163
0.814435
-1.144605
0.639697
0.745895
-0.268667
0.854205
2.709416
-0.324263
-1.437212
-0.151944
-0.731045
0.646365
-1.117746
0.279529
-0.107011
0.098959
1.103079
-1.127573
0.255874
-0.193114
0.710575
0.530326
-1.284205
0.644696
-0.972179
0.277871
-0.142267
0.047093
0.149854
0.704592
1.067136
-0.761135
-0.151650
0.879324
1.641658
0.416504
0.484603
-0.132538
-0.773073
-1.135148
-0.122763
-2.258092
1.433972
-0.090528
0.334209
-0.788325
-1.770853
0.142511
0.191645
0.087655
0.445484
-0.549687
-1.183399
-0.163576
-0.361056
0.551863
1.379445
1.275385
1.594461
0.530204
-1.333957
1.700886
0.413570
1.432524
-0.040894
1.426524
-0.120168
0.700698
-2.502936
1.524787
-1.644300
-1.691427
-1.720414
-0.623789
-0.394063
-0.225797
-1.787931
1.636610
-0.797122
-0.058633
1.067513
0.132101
0.252653
-0.395786
0.985014
-1.871811
0.913098
-0.769262
1.454040
2.134192
0.574035
0.959033
0.131588
-1.085156
0.063975
0.248087
-0.595098
-0.279543
-0.509300
-0.032268
-1.160347
0.578998
-1.904431
-1.063932
-0.306374
0.663064
1.674088
-1.940129
1.086887
0.405270
-0.772580
0.726643
-0.304221
0.697296
-1.319278
-0.798547
-0.399093
0.651319
-0.860136
-1.737855
0.469940
0.844932
0.430881
-0.368150
0.962587
0.650717
-1.301582
1.547797
-0.794599
-0.393847
-0.449623
-0.526015
-0.180903
-0.488158
1.163299
0.126866
0.115810
-0.519143
0.617515
-0.318420
1.289010
0.073430
0.500285
-0.653647
1.547713
1.841155
-0.878824
0.281798
-0.209178
-0.311041
1.107243
-0.551173
-0.174035
-1.383777
-0.491395
0.879589
0.207854
-1.004830
1.192744
0.373790
-0.775363
0.369368
-0.384950
3.069562
1.510904
-0.487472
-0.428884
-0.061221
0.074870
-1.410205
1.856814
1.146576
0.443176
0.762484
-0.215848
1.282386
-0.084969
-0.017800
1.411991
1.365480
1.100870
1.596753
-1.448930
0.791956
1.328307
0.781270
-1.465176
-0.058043
-1.588478
0.055152
-2.442396
0.610022
-1.275299
-1.599518
-1.264758
-0.660036
-0.624608
-1.351073
0.946576
-1.568315
-1.342077
-0.218978
1.229954
1.343802
0.617939
0.624559
0.774553
0.160682
-2.582476
1.072622
1.436505
-0.104893
-0.347280
-0.267611
-0.284652
0.345116
0.923141
0.721102
-0.638368
-1.027316
0.297584
0.985656
-0.612540
-2.060102
-1.287733
2.354504
-0.369803
0.592979
-0.286539
0.211685
1.872092
1.576958
0.557501
-1.968270
-0.796947
0.660911
1.364308
1.555927
-0.777722
-0.175378
0.048680
-1.490476
-0.041138
-0.723895
-1.233088
-1.073980
0.223578
0.476038
-0.787333
-1.093442
-0.984526
0.363750
0.423582
0.983148
-0.570900
-0.366866
0.468465
0.541735
0.940746
-1.204278
0.368557
-1.217206
0.849716
0.607258
-1.966728
-1.194400
-0.566214
0.317379
0.120964
0.671282
-0.228173
1.346229
-0.169152
-0.895417
-0.872259
-0.687764
-0.266833
0.599627
1.295425
0.352761
1.159739
0.389748
-0.916234
-1.181092
-0.382075
-0.421671
1.240373
0.185233
1.475296
0.513149
0.729838
-0.142939
-1.580192
-0.052106
1.245738
0.212968
1.462709
-0.962293
0.621402
0.293516
0.606198
-0.658251
0.752338
1.686909
-0.040308
0.616638
0.707012
-1.825620
1.162821
0.185442
-1.179328
1.302208
-0.268222
0.098262
0.103608
0.600050
-0.609495
-0.360386
0.566924
-2.626187
0.810314
-0.592959
0.070380
-0.082352
0.899975
-0.538013
-0.574867
-1.122462
-1.371855
0.199074
1.058630
-0.971136
-0.143610
-1.542916
1.661243
-1.166888
-1.022889
0.920926
-2.627950
1.123502
0.324829
0.030190
1.602452
1.038175
-0.501580
-0.099103
-0.328527
-0.287832
0.249253
-0.331846
-0.652058
-1.486637
1.578549
-0.065710
-0.353712
0.263223
-0.699475
-0.638458
0.019996
-0.406829
0.353850
-0.860933
-0.012682
-0.427058
-0.149206
-2.086902
0.604381
1.207254
-0.822609
0.835785
-0.307185
-0.543463
-0.097312
0.495876
-0.396599
0.899500
0.567898
-1.039582
0.293999
-1.871452
0.481443
0.098066
-0.073429
-1.190675
-0.897388
-0.426609
-0.112787
-1.276397
0.983509
-1.798508
-0.698224
-1.700212
-0.057325
0.839375
-0.202705
-0.106874
-1.087983
-0.878807
0.208328
0.434254
0.373395
0.346408
0.258300
1.003562
1.015421
-0.804020
1.739216
-0.892892
0.985250
-1.839417
1.257333
-0.771862
0.201234
-0.681349
-0.261023
-1.015155
0.391519
-0.043006
1.289286
-1.355756
0.584817
0.184981
-1.935939
-1.156506
0.893815
1.616257
-0.187737
0.999739
-1.005130
-0.327931
-0.830391
-0.362789
0.709198
-0.517730
-0.443933
-0.918744
1.668621
-0.575688
0.315499
0.050069
1.450361
-2.188122
-0.256163
1.038596
-0.039177
-1.048995
-0.273432
0.425994
1.867830
0.878998
0.896511
2.294876
-0.337782
0.198926
-1.086009
0.796553
1.631460
-1.083641
2.014534
-0.154875
-0.167178
1.219239
-0.082942
1.752698
0.883922
0.607645
1.400311
0.211558
-0.501613
0.704465
-2.066418
-0.190881
-0.903647
0.160464
0.694113
0.263473
-0.739583
1.537667
0.646249
0.177214
-0.298562
0.901327
0.364777
-0.231317
-0.061392
-0.185823
-1.101464
0.113888
-0.034510
-0.097711
0.486518
0.617922
0.041258
-1.115504
-0.229381
-0.027855
-0.594938
0.076977
0.420572
0.230239
1.061618
0.307246
-1.468288
-0.155462
0.004335
-0.630211
-0.498315
0.465597
-1.330571
1.267128
0.711255
0.467572
0.030976
0.394030
0.926679
0.229761
-0.426144
-1.016877
-0.889432
0.927771
-0.009274
1.175854
1.131803
-0.949845
1.302005
-0.846705
-0.029893
0.251245
0.711746
-0.767819
-1.586934
-0.025804
1.368329
0.943409
0.674594
-1.209957
-0.101786
-0.079074
-0.226374
0.801111
0.300927
-1.848679
-1.978300
-0.502956
-0.613952
-1.280049
0.744341
0.442129
-1.214341
0.057408
-0.896863
-0.506526
1.332012
1.149531
0.683277
0.575633
1.822959
0.119792
0.831906
0.441673
0.138803
0.133997
0.284939
-1.452701
-0.752771
0.376612
0.415357
0.548574
-0.667445
-1.363337
0.498379
-0.713758
0.790896
-0.566824
1.268387
0.401744
0.846762
-1.216521
0.221761
0.439622
0.791722
-0.336295
-1.604051
2.213401
0.890916
-0.610884
-0.090923
0.186242
-1.013860
3.122134
0.310760
-1.395357
-0.360923
-0.153701
-1.303429
0.551713
0.281435
-0.068259
2.243752
0.701881
0.619322
0.970754
1.765444
0.124591
0.081608
0.710789
-1.810639
0.393019
1.359519
-0.444313
0.420962
0.513658
0.175351
0.719446
-0.151981
-0.621812
1.340399
-0.444172
0.927043
1.030240
0.057531
0.450926
-0.455148
-0.861339
1.767505
-0.834581
-1.939962
-0.771630
1.061117
-0.087017
0.059087
0.061707
-0.069199
-0.563752
1.070191
1.268073
1.988316
1.653376
-0.914567
-0.350101
-1.243945
0.623197
-0.570835
1.387301
1.482999
-0.461002
-0.575193
-0.175188
-0.051896
0.308946
-1.281465
-0.441307
-1.351321
0.743308
-0.806176
-2.085212
-0.691609
1.374441
1.360040
-0.154775
0.815986
-0.523188
0.440892
1.408016
0.426472
-0.621370
0.385006
-0.507767
0.390612
0.526817
-1.772591
0.182120
0.257762
0.404561
-0.348268
0.500287
-2.433110
0.209698
0.847394
0.977487
0.326212
-0.364476
-0.869667
-0.262469
-0.883257
-0.675956
0.380972
-0.389182
-0.356371
0.865245
0.124301
0.528256
0.509364
-1.807456
0.682078
0.478574
-0.669236
0.746865
0.939449
-0.585009
-0.912387
-0.062050
0.462007
2.168068
0.311039
0.751947
0.789251
-0.899397
-0.366782
-1.654286
1.073601
0.351380
0.916036
1.059828
-2.948975
0.926609
0.775024
-0.568170
1.387104
-0.862087
0.585784
1.599463
0.623121
-0.409905
-0.420280
1.677018
-0.639717
-0.784877
-0.216152
1.856824
0.245029
-0.427096
0.621312
0.885733
0.011544
0.459372
0.181928
-1.575911
0.413100
-1.912041
-1.007330
0.650451
-0.050529
2.188859
1.466043
1.878471
0.661877
-1.448328
0.905190
0.454014
0.752005
-1.886307
-0.352691
-0.359188
-0.147614
-0.006214
-0.891131
1.128598
-0.589932
-0.657852
-0.356643
0.949883
-1.075791
-0.249547
-1.964968
0.610575
1.359029
0.804095
-1.930180
0.306285
-2.210608
-0.284067
-0.296084
1.739923
1.347487
-1.782993
0.928201
-1.220255
-1.944765
-0.588486
0.333621
-0.041399
-0.450423
-1.430688
1.472782
0.239568
-0.877049
1.086864
-0.624532
-0.525050
-0.403859
0.067438
2.167666
-0.196042
0.225559
1.302688
-1.145814
0.649164
0.806902
0.486462
-0.254563
-1.307105
0.629186
-0.272357
-0.254151
-0.845015
-0.445883
-0.641772
-0.314098
0.156486
-1.274441
0.307709
0.067715
-1.098183
0.809612
-2.186300
-0.208741
1.381926
-3.193475
-0.774792
0.680879
-0.392971
-0.048549
-1.219896
0.777556
-0.975522
0.013230
-0.314980
1.564075
-1.479744
-1.454848
0.831938
0.532655
1.799229
-1.021309
0.559535
-0.027098
-0.565903
-2.435512
1.113729
1.245309
-0.279353
0.611441
-0.033895
-0.907400
0.905129
0.895860
0.523126
0.363104
-0.832315
-0.167659
-0.480389
0.057077
-0.472902
-0.998153
0.959753
0.830192
-0.351722
-1.716029
-0.343410
0.130866
0.744970
-1.948433
0.831997
0.419214
0.413049
-0.444013
-0.200283
1.216618
0.207003
0.125306
-0.343800
1.056103
-0.473205
-0.153353
-0.058179
-0.074816
0.837432
1.195742
1.185931
-1.933880
1.422815
-0.363774
-1.076900
-0.383581
-0.799219
-0.328333
0.153642
0.583926
0.652996
0.506980
-0.783114
0.893274
-0.527273
1.309989
-0.586797
0.766960
-1.003420
-0.282448
-1.857084
0.622724
-0.306051
0.231506
1.135370
1.022237
-1.550125
-0.229399
-0.573087
0.060859
0.310400
0.250405
1.758657
-0.260650
0.253557
1.000962
-0.419546
-0.745451
0.248173
0.060055
-0.108214
0.705379
-1.122578
-1.608290
-1.073357
-0.572012
-1.394818
1.071319
0.582557
-0.020233
-1.371039
0.683609
-0.605960
0.751889
0.100004
-1.337721
1.444571
-0.345011
-1.809890
-1.505080
0.800891
0.146189
0.144486
1.055257
0.693262
0.620661
-0.866690
-1.142467
-1.247189
-1.951903
1.392997
-0.506081
-0.650175
0.074885
0.508578
0.335446
1.059614
1.302294
1.966587
0.094442
0.140363
-1.871724
-0.224883
0.995936
-0.433791
-1.219514
-0.302967
-0.919674
-0.451359
0.895367
-1.308000
-1.619281
0.563822
-0.382658
-0.030031
-1.235153
1.771658
0.582110
-0.353368
0.299362
-0.829920
-0.483299
2.020226
0.043544
-0.102995
-2.145918
-0.539189
0.660927
0.034700
-1.287254
-0.665755
-1.678993
-0.000196
-0.663073
0.141269
0.182196
1.099181
1.014925
1.146307
1.112227
0.383174
-0.039181
0.089856
0.080403
-0.716679
1.207796
0.156619
-0.014267
0.205536
0.731658
-0.038656
0.932440
0.558116
0.274162
-0.147099
-0.510100
-1.348219
-0.518280
0.049446
0.187936
-0.647341
-0.766259
0.461923
-1.109786
-0.026802
1.536126
-0.347694
0.424844
0.785740
0.454828
0.266036
1.183117
0.207717
0.183580
-0.638069
0.358529
0.036147
-0.240260
-1.827113
1.194772
-0.468513
-0.556415
-0.027562
1.165459
-0.262733
1.183089
-0.902258
-1.014608
1.043781
0.464599
-0.394554
-0.301700
-1.501971
1.142516
-0.208114
0.699726
-1.213695
0.518708
-1.458947
-0.107547
-0.224736
-0.085009
-0.028891
0.487592
1.044130
-1.524241
0.065462
0.152760
0.505084
1.762373
-1.253516
-0.623903
-0.438539
-0.293279
0.583053
-1.016597
-1.870340
-0.459427
-0.621381
-0.202485
0.190900
0.051331
0.347194
1.110781
0.645058
-0.769012
2.441941
-0.052601
-2.014165
-0.402736
0.099036
0.078210
0.654382
0.227305
-1.255730
0.409263
1.891297
-0.290217
-0.908245
-1.675807
-0.534235
-0.260042
-0.759790
-1.703414
0.655013
1.075599
-0.848896
1.603967
-0.495987
0.317199
-0.915565
-0.451371
-0.717001
1.035881
0.625629
0.184861
0.165197
1.050829
0.043147
0.523877
0.512383
-1.645258
1.308595
1.300785
1.381357
-0.462799
1.099535
-0.151651
0.296574
-1.365335
1.432614
0.527221
-0.422437
0.036898
0.214772
-1.859886
0.041271
-1.420128
1.215800
1.375359
-0.467820
0.062963
-0.006668
-0.136631
0.692322
-0.894263
1.337030
-0.152550
1.167301
-0.131532
0.035880
-0.742501
-0.438753
-0.258121
0.380487
-0.061263
-0.720498
-0.321908
-0.343471
-0.369340
0.017337
-1.109131
0.233117
-1.151648
0.299980
-2.111810
1.771229
1.561803
-0.672871
0.322545
1.115911
-0.910542
-1.164912
1.169445
0.804818
0.325868
-0.023255
1.192961
-0.554899
-0.433425
-1.061280
0.837751
-0.496818
-1.621665
0.350268
-1.114683
-0.718313
1.687821
-1.129398
0.720305
0.054854
0.279176
0.823466
1.185917
-0.625617
0.918798
0.301836
1.526276
0.281812
-0.852896
-0.593748
-1.618352
-0.991330
-0.416228
1.164594
0.633284
0.174364
-1.139217
-1.191520
0.195871
-0.115532
-0.545664
-0.142799
0.120390
-1.991914
-0.865289
-0.499848
1.760283
-0.460474
-0.611845
0.386243
1.392246
0.037790
-1.365645
-0.718468
2.060240
-0.810310
0.272951
0.549668
0.899699
-0.991501
-2.068068
-0.288424
-0.544812
0.980314
0.724503
0.678544
0.473424
-0.600213
0.294899
-0.092567
-0.979377
1.365026
0.528968
-0.959932
-0.042928
-0.673547
-0.069256
-0.371817
0.436893
-0.685632
-0.879011
-1.052412
0.935864
0.458533
0.551464
1.283350
-0.771381
-0.698123
0.258244
-0.436272
-0.293808
-1.491070
-1.086956
-0.204987
-1.365414
0.374421
0.890760
1.747073
1.575671
-1.202552
0.162982
-0.557934
-0.307519
0.462347
0.386399
0.198137
1.181348
0.816509
2.221015
-0.366111
-0.634181
-0.622814
0.077575
1.843858
-0.004380
1.923810
-0.017471
1.331370
-0.400346
1.016654
-0.161241
0.702886
1.017801
-1.454791
1.679991
-0.592125
0.453398
0.393105
0.633837
-0.322742
0.032817
1.033372
-1.705986
0.690860
-1.066911
0.373442
0.273344
-0.208642
0.884338
0.109848
-1.991681
0.192732
0.332338
0.385857
0.829927
0.147925
0.658335
0.297316
-0.534026
0.510325
0.050830
0.755909
-0.086045
-1.077220
0.320401
-0.586413
-1.843064
-0.593174
-1.848039
1.712211
0.193356
-0.045519
-1.050355
-0.032099
0.492273
-0.607075
0.500934
0.758284
-1.262620
-1.288574
-1.108795
0.665701
-0.758034
-0.174803
1.156324
0.043368
0.756833
-1.671660
0.308421
-1.977487
-1.298447
-0.796333
0.904334
1.350163
0.151151
-0.656344
0.405580
-1.204942
-0.627148
0.703397
0.141859
-0.377867
-0.160405
0.960151
-0.824330
1.272682
-1.210129
1.360599
-0.120310
-0.865197
0.519894
0.454114
-0.371806
-0.089214
0.202420
-1.541331
0.626958
-1.333598
1.062727
0.540691
0.528283
-0.569459
0.442425
1.454836
-0.670520
0.828044
1.275919
-0.815161
0.766972
-1.318409
0.854245
0.488943
-0.759124
-0.186677
1.065485
-0.103795
1.369207
1.680863
-0.024741
-0.212696
1.544019
-0.923805
0.678092
0.950352
-1.289932
0.709334
-0.577026
-0.493487
0.959058
0.400077
-1.607082
-0.777277
2.122825
0.636464
0.862607
-0.867235
1.120695
1.087320
-0.206989
0.208402
-1.313248
-0.502823
-0.643007
0.138524
-1.148133
-0.209413
-0.098282
1.286124
-0.638902
1.701306
1.205962
0.516387
0.447440
0.915966
-1.194823
-2.111643
0.413134
1.213591
0.723778
-0.479034
-0.902804
-2.118156
-1.836393
0.940648
-0.365680
0.041984
-0.436470
0.495908
0.527991
-0.744871
0.678628
-1.696239
-0.410156
-1.587447
0.241623
0.416561
-0.238531
-1.415913
-0.095288
0.117725
0.061586
0.618713
0.612864
1.529975
-1.079457
-0.858366
-0.517128
-0.212441
-1.954504
-1.276692
0.086340
-2.441450
0.699055
-0.001206
-0.254868
-0.136994
0.237889
0.577998
-1.058284
0.097473
-0.074525
-2.331576
0.170623
1.341027
-0.554129
1.556960
-0.277888
-0.483388
0.212938
0.798050
1.145101
-0.357812
1.334851
-1.891360
0.995937
0.969529
-1.193882
-1.101386
0.918098
-0.064345
1.619896
-0.177296
-1.222643
0.941117
-0.563314
-0.614527
0.384845
1.209169
-1.394905
0.159307
1.643953
0.664639
0.119834
1.056369
-1.180333
0.578133
0.585267
-0.006646
0.025640
1.069176
-0.866795
0.142871
-1.388349
-1.112476
0.276472
-1.213170
-0.733981
0.456542
0.115663
-0.008879
0.040512
-0.107199
-0.026470
-1.287010
1.830199
-0.072511
0.474766
-0.643812
-0.567763
-0.155412
-0.071519
-1.294066
0.289208
2.114525
-0.990799
-0.220195
0.725096
0.529610
-0.426297
0.360033
1.114595
-1.276378
-0.131030
0.529308
0.134925
0.137805
2.376788
-2.571494
0.283217
-0.683874
0.022114
1.548155
0.980971
-1.671293
0.018480
-3.198269
-1.153230
-0.081228
2.628922
0.725885
0.890347
0.817976
0.131882
-0.838089
-1.215101
0.785444
0.749097
-0.898644
-0.228546
-0.148385
0.568869
0.000437
0.527791
0.625312
-0.162666
0.124576
0.454397
-0.682344
-1.261321
1.071003
0.727736
2.342464
1.033009
0.277747
0.536937
-0.996585
-1.487057
0.723224
-1.362206
-0.084400
-0.103612
0.573247
0.423178
-2.146455
1.173014
0.183676
0.738162
0.785147
-1.186125
-0.781705
-0.296510
-1.413207
-0.079925
0.109076
1.209430
-0.148106
0.681184
-1.068699
-1.016806
1.954587
0.258880
-0.028086
-0.073537
1.305756
0.920578
0.302640
1.864725
0.235508
-0.043635
0.195297
0.896587
0.379052
-0.703791
0.047847
1.762475
-0.323206
-2.070035
-0.438474
-0.173206
-0.229144
0.060071
-0.088090
-0.696469
-0.548253
0.828289
1.477972
-0.794565
-0.497740
1.076656
0.065408
0.083307
0.632678
0.454489
-1.005280
-0.745737
-1.454764
0.455349
-0.501655
-1.276148
0.125597
0.866505
-0.888262
0.715255
1.536672
-1.581838
-1.016260
1.489462
-1.091994
-0.770725
-1.155519
-0.383267
-3.163546
0.954448
0.268291
0.077293
0.709893
-0.175182
-0.049341
0.312214
0.877794
0.220215
0.396667
0.120693
0.213066
0.517326
2.071378
-1.078030
0.895431
0.354188
-0.654945
-0.563816
2.368646
-1.483603
-1.671482
0.559924
0.124601
0.857736
0.140568
0.909987
0.004061
0.595625
1.579855
0.451607
0.442470
-0.590414
-0.353514
-0.399721
1.106798
1.017139
-0.203270
-1.378107
0.509759
-0.479320
-0.767827
-0.696671
0.322813
-0.359398
-0.578527
0.173314
0.213280
-0.030600
-0.769112
1.352898
0.068179
-0.417232
2.258416
1.639121
-1.307721
1.037331
0.473483
1.685999
-0.276729
1.270278
1.750373
2.020056
0.636993
1.419398
-0.135601
0.078475
-0.453334
-1.313210
-1.239556
0.531339
2.458582
-0.197157
-0.333537
-0.907093
0.020754
-0.995707
-0.896055
0.306154
1.696608
-0.920754
0.058836
0.834326
-0.943270
-1.367928
0.129585
-2.193446
-0.093921
-0.470047
-1.073718
-0.827083
0.370264
0.580726
0.989019
-0.871435
-0.950544
-2.284541
0.040422
0.187913
0.414823
-1.231685
-0.971879
-1.558383
-0.829838
-0.058847
-1.116754
0.633916
-0.614343
0.322388
-1.628617
0.204073
0.456614
1.086324
-0.492621
0.150441
-0.103684
-0.117696
0.486472
0.971943
-0.168797
-0.865549
-1.876550
-1.053354
-1.166581
0.217349
0.172763
0.246933
-1.564351
-1.977817
-0.647528
0.418072
1.394885
-1.718941
-0.620000
0.808208
-0.282799
-0.877295
1.784450
-0.764933
-0.838095
0.215969
-0.320226
0.045761
-0.251127
0.059111
-0.465932
-0.310905
-1.072559
-2.195596
-0.779243
-1.330500
0.796887
0.727028
-0.507242
0.234332
-0.049381
-0.954790
0.992940
-0.807333
1.546085
-1.425396
-0.519950
0.417016
0.483299
0.577436
0.769209
-0.398859
-0.962397
1.011442
-0.249064
0.485102
-1.087219
-2.486587
1.808486
-1.101317
1.761306
-0.120186
0.884513
0.654007
0.740609
-1.111130
1.095600
0.503257
0.293436
-2.226172
0.221052
0.108516
-0.021162
-1.553537
-0.206134
1.224761
-0.395255
0.631684
0.228923
-0.287551
0.842640
0.688205
1.001108
-0.101589
1.934710
-0.671081
-1.720970
-0.327239
0.152973
-1.520298
-1.804597
-0.251345
2.465241
0.937904
0.463135
-0.401984
0.206210
0.093882
0.086761
1.931600
-1.822178
-2.030324
0.310575
-0.098298
-0.993498
0.949824
-0.224272
1.065470
0.945532
0.398350
0.931096
-0.635837
-0.132126
-1.475727
-2.086192
0.259908
0.212679
-2.057194
-1.092235
-2.260015
0.322993
-0.307690
1.153169
-0.500535
-1.772996
-0.125621
-1.195510
0.523851
0.224749
1.193724
0.975640
-0.710231
-2.186605
0.250302
0.388082
-1.012434
-0.590373
0.646715
-0.174220
0.193178
0.156268
-1.071443
1.348635
0.202321
1.404063
1.148094
-1.348515
-0.346336
-2.316269
-0.367392
0.799286
-0.851668
1.025385
0.380338
0.684323
1.993683
0.157781
1.078426
-1.089425
-1.689932
-0.049408
0.519397
1.097651
1.090989
-0.111887
-1.208144
-0.292893
0.416855
0.102809
-0.383105
-1.563498
0.307161
0.159653
0.926028
-0.825245
0.676517
-0.316032
0.457157
-1.438812
1.682062
0.793034
0.377715
1.093899
-2.032539
1.633934
0.048311
0.098747
0.482704
-0.660965
-0.213074
-0.359184
1.454418
0.154256
-0.252127
0.746491
0.578961
0.023038
1.439201
-1.194430
-0.643406
0.747723
-0.832446
1.065872
0.049992
0.799479
-0.211725
0.706178
1.380122
-0.031859
-1.825641
0.538997
-0.868025
1.690720
0.512327
-0.425299
1.802667
0.857235
1.402122
0.377414
-0.697045
0.149291
-0.456587
-0.346349
0.077935
-2.130329
-0.727638
1.710559
-0.639192
-0.498009
-1.147178
-1.065152
0.233111
-0.468783
-1.201513
0.319351
-0.132145
-0.388988
-0.314272
-0.598287
0.040874
-0.489845
0.765598
1.324781
-1.223490
-0.803749
0.872586
-0.689713
1.118607
-0.628349
-0.059186
-0.847947
0.084504
-1.194179
-0.370982
-1.786830
1.147978
-0.212317
1.354830
-0.336038
-0.584778
0.648860
-0.486577
-0.686631
-1.198235
0.225846
-0.052225
-1.409598
-0.742975
-0.824441
-0.158976
-1.335426
-0.358185
-0.503745
1.599473
0.809599
1.932167
-2.182096
1.062337
-0.307015
1.123674
-0.759408
0.342191
-0.707163
0.358515
-0.777025
0.592268
1.575566
-0.324459
-1.719420
-0.455473
0.026657
-0.251571
-1.301707
0.929910
-1.941980
0.465000
-1.208419
0.892778
-0.348052
0.680908
-1.257243
0.011757
-0.299220
-1.028496
0.392359
0.240484
-1.053162
-1.365340
0.157965
-0.680235
0.740755
0.160318
-0.224602
-1.453835
-0.204098
1.175111
-0.761904
1.735656
1.255632
0.043536
-0.931970
0.354272
-0.489160
2.218379
0.072912
0.589489
-1.294165
-0.818642
-0.524216
-0.652976
-0.762186
1.979185
1.247176
0.294026
0.153012
-0.625478
0.128765
0.928716
-0.271154
-1.086956
0.078883
1.530482
-0.112714
1.731744
0.169675
-0.539663
0.586861
0.532766
0.269003
-0.867380
1.215972
0.610564
-0.059262
-1.208957
-0.177911
0.696825
0.865120
-0.236211
0.683679
-1.397937
-0.986245
-0.158553
0.794303
-0.756165
0.244693
-2.139674
0.255452
-3.269755
-0.094132
0.799921
0.042854
-1.369446
0.136808
-0.435105
-0.049533
0.541892
0.042525
-0.019467
-0.520870
0.920853
2.236954
-1.508034
0.279145
-0.805717
0.460428
0.503847
0.261638
-1.661377
0.618863
-0.680107
0.688453
1.065898
0.279461
-0.556351
0.183741
0.099436
-1.866465
-0.163872
0.017294
-0.556192
0.272141
0.185101
-0.729276
-0.086109
-0.972450
-1.108923
-0.390979
1.367494
1.283857
1.075771
-0.931937
-0.213778
-0.916908
-0.331283
0.641658
-0.880576
0.325271
0.501501
-0.814764
1.421688
0.289502
0.785606
0.988345
-0.164383
0.808778
-2.228409
1.183954
0.802257
-0.461470
0.164865
0.112727
-0.559042
-0.753117
0.421522
-0.680974
-0.703757
2.839101
0.929484
-0.417445
0.281949
1.446151
0.990062
0.671001
-0.946429
-1.245592
0.353711
-0.592709
-1.204910
1.698601
0.508349
-0.263511
1.361435
-0.293059
-0.909069
-1.659764
-0.253270
0.944557
1.373832
-0.258167
-0.510460
-0.410132
0.506291
-1.593945
0.674931
2.014017
0.564727
-0.536281
-0.202702
-0.010414
-1.543345
0.008668
1.321811
0.068891
-1.158778
0.927253
1.069392
1.617029
-1.782624
0.534281
0.841530
0.351582
0.694872
-0.602883
1.360581
0.540025
-0.562929
-0.849993
1.717709
0.726005
-0.540526
-0.788278
0.347724
-0.067525
-0.499280
-0.350918
-0.853332
-1.320096
0.810397
-0.366714
0.157933
-0.212484
-0.016462
0.127691
-1.699872
0.294520
-0.678791
-0.242147
-0.477355
0.009619
0.141617
0.367972
-1.010333
1.324800
0.256367
0.341005
0.493641
1.068739
-2.356606
-1.697397
-1.118468
-0.034023
0.216163
1.458209
-1.834057
0.549087
1.270127
0.349274
-0.442782
-0.728898
0.490106
0.883411
-1.043705
-0.396884
-0.223280
0.029120
-1.201285
-0.756431
-0.271176
-0.080798
-0.052215
-0.431908
-0.212220
0.273604
0.040586
1.210439
0.028113
-0.562555
-1.298963
-0.321190
-0.498729
-0.490191
0.853293
0.331790
-0.726949
0.541030
-0.827314
-0.162657
-0.279279
0.018611
0.794410
0.603893
-0.734155
1.612036
1.023852
0.820419
0.923140
-0.010598
1.435362
0.482681
-0.346675
-0.048920
1.748365
0.155187
-1.187082
1.049031
1.343526
-0.541386
-0.693008
0.767916
-0.603940
-0.260476
-2.187455
-1.027005
-0.182760
0.039320
1.295449
0.354713
-1.187405
1.248202
-1.591993
0.214266
-1.226895
-0.489535
-1.285458
-2.043395
0.123014
-0.611627
-0.734298
0.739933
-0.931139
-0.721689
-0.670480
0.813247
0.207118
-0.889947
0.211057
-1.124829
0.105915
0.661873
1.206841
0.536222
1.056781
0.682166
0.205520
-0.120338
-0.557199
-1.456921
0.995939
-0.019726
-0.768820
0.775382
-0.746612
0.151335
-0.450812
-1.739370
-0.448510
-1.171383
-0.115610
-1.504144
0.196627
0.019092
-2.495069
0.299754
-1.662248
0.432989
0.893764
1.301662
0.171766
-0.648345
-2.502669
0.504113
-0.259514
0.474391
0.351228
0.731994
0.001679
0.255040
-0.713000
0.481606
-0.270723
1.431472
0.812161
-0.405372
-1.320169
-0.770260
0.024517
0.645710
-0.525733
-1.008906
-0.080492
-0.105235
1.369449
1.807935
-0.341507
-0.755392
-0.271588
1.096840
