-0.227378
0.083670
1.161948
0.384936
0.017310
0.543702
0.445833
0.377895
0.187804
-0.052192
0.374388
-1.333641
2.592122
-0.661251
-0.225532
0.713893
-0.361775
0.511695
0.164990
-0.676097
-0.354253
1.229497
-1.309231
-0.080359
-0.805433
0.222841
0.118739
-0.008634
0.286403
-0.124537
0.982031
-0.732534
0.849807
2.237132
0.553690
0.021174
0.762119
0.435010
-0.460131
0.769996
0.180786
1.276560
2.022704
0.027307
-0.144541
0.024503
-0.458902
0.185811
-0.423898
-1.078695
1.811422
1.078286
0.866165
0.701855
0.453288
0.086669
0.737194
0.347294
-0.756316
-0.843728
0.250215
-0.362232
-0.732872
-0.965010
-0.331719
1.361934
-0.878339
-1.167474
-1.162156
0.058180
-0.529584
0.275385
0.815268
-0.108482
-0.233455
1.406650
-1.356178
-0.288306
0.287590
-1.574067
-1.059079
1.111733
0.095198
-1.129232
1.326792
0.012070
-0.112181
-0.548078
-0.648166
-0.372111
1.553855
-0.657581
-0.000360
-1.409439
-1.153787
-0.190722
0.624886
0.710671
0.764854
0.480345
-1.007698
-0.139998
0.622008
1.230599
-0.606705
0.129846
-0.807326
0.426238
-1.022196
-1.086535
0.363719
1.076102
0.098482
-1.575575
0.771666
2.033302
-1.334337
-0.598328
-0.684256
-1.521313
0.428099
-0.827694
-0.441963
0.111151
0.490875
1.535071
-0.416445
-0.495306
-0.208202
-0.060462
-1.921879
0.658065
1.439486
1.088543
0.623797
-0.695091
0.738431
-0.791909
-2.314983
0.579999
-0.599629
0.816369
1.051830
-2.005041
-0.930575
-0.552848
1.608439
0.122594
-0.017402
-0.989804
0.664279
-1.144461
-0.864111
-1.601856
0.696515
0.549721
-1.042545
-1.756537
-0.569395
1.089890
0.443638
0.815788
-0.429417
0.523909
-0.156848
2.506453
0.596112
-0.202599
0.270530
-0.224540
-0.409204
0.591887
-1.022622
-0.990208
-0.586050
0.986775
-0.466951
-1.338366
-1.166612
-0.502146
-1.052904
-1.284177
1.133235
-0.331960
-1.179288
-0.014657
0.393631
0.825071
0.416290
-0.401081
2.067294
0.362258
0.714720
1.866475
1.154584
2.487325
-0.239522
0.135927
-0.332465
-0.671151
0.129095
-0.399414
-1.289980
2.215145
0.724192
-1.323166
0.296111
-0.067515
-1.410068
-0.720659
-2.155511
-2.150576
0.050322
0.222189
-0.798189
-1.131420
0.895759
-0.332615
-0.537993
-0.596247
-1.213838
0.637051
0.110993
1.601830
0.315318
0.625541
1.073041
-0.308747
0.375008
0.631026
0.979011
-0.438217
-0.380268
-0.473021
1.196091
0.206187
1.153200
-0.450333
0.723602
-0.333059
-1.826500
-0.802013
-1.701273
2.131292
1.235462
0.833304
-0.325401
1.032665
-0.116235
0.178171
1.807930
0.764139
-0.226478
0.102461
1.306854
-0.340276
-0.894570
-0.213097
-2.070749
0.097394
0.778976
1.009232
0.502240
-0.537054
1.217169
3.833788
0.888192
0.081770
-0.558767
-0.381470
1.404424
0.048630
1.057660
1.140542
-0.558213
1.761884
0.146650
-0.955338
0.556246
-1.179021
-1.299745
-0.584428
-0.688577
0.821517
-0.121951
-0.146127
-0.080848
0.236747
0.701611
-0.700786
0.521890
-0.906640
-0.388729
1.102286
-0.069542
0.206579
1.033892
-1.466761
2.208444
0.550633
-0.362104
0.213542
0.769564
-1.441245
-2.086582
-0.315893
-0.306197
0.034543
0.344794
-0.101786
1.142067
-0.514213
0.306831
0.632094
-0.249164
-0.656160
-0.175798
0.551136
-0.717496
-0.934451
1.420794
-0.540551
0.032731
-2.078231
-1.157777
1.416351
0.000788
1.159609
-0.852028
0.657467
-0.704683
1.407099
-1.388624
1.379096
1.669276
0.692571
1.040314
0.533521
1.049663
0.741986
-0.438788
0.182118
1.622233
0.717487
-1.203496
-0.250619
-0.702457
-0.377872
-0.625486
0.564837
1.425175
-0.022232
0.367912
-0.271519
0.136865
-1.806933
0.450072
0.833219
-0.419873
1.548491
1.274082
0.635468
0.455364
-0.450063
-0.620156
-1.673182
0.698153
-0.472848
0.896819
0.507838
0.053104
0.488277
-0.299083
0.769990
0.301204
-2.167695
-0.567646
-0.548466
0.440351
0.124453
0.697367
1.853495
-1.595159
2.269340
0.746332
1.728647
1.210526
-0.791133
-0.702874
0.581594
-0.519885
-1.423926
-0.890089
1.568268
0.377051
-0.568135
-0.479859
-0.332072
0.522156
-1.213296
1.084011
-1.734997
-0.434533
-1.562259
1.117267
-1.029207
-0.081251
1.204435
-0.832880
0.730995
-0.527742
-1.450257
-0.306324
0.690148
0.062542
0.505375
-0.047892
1.271050
-0.911811
-0.759748
1.655351
0.801017
-1.310615
-1.023914
1.051565
-0.198304
1.173459
0.053503
0.497146
-1.339408
-0.357146
-1.748907
-1.173254
-0.360158
1.273873
-1.562679
-1.191240
0.444282
-0.159807
-0.509274
1.025327
-0.538147
0.620070
1.008201
0.715938
0.074955
-0.055855
-0.460625
0.532654
-0.452311
-1.273928
-0.225575
1.220912
0.743193
-0.313579
-0.928016
2.858203
0.260495
-0.544642
-0.030656
2.191603
-0.850935
-0.252039
0.005427
0.372348
1.911074
-0.331080
-0.474751
-0.132768
-0.619170
-1.612746
0.185784
1.298619
0.185539
1.677264
1.002792
0.350402
0.143138
-0.332089
-1.065569
0.204673
2.128977
0.054267
-0.110775
1.407911
0.441512
-0.120758
-0.060401
0.439820
-0.974867
0.441453
-1.226381
0.556497
-0.121537
0.386723
0.319860
0.166579
-0.636324
0.423179
-0.245194
-1.811431
0.666790
0.915385
0.531255
1.185597
0.409699
0.152133
-0.865299
1.677302
-0.454947
1.824401
-0.385851
0.316073
-0.890884
0.283778
-0.149414
0.593072
0.145575
0.487366
0.790180
0.950425
0.167696
-0.526537
-0.907907
1.275643
-1.329851
1.002766
1.120065
-0.795352
-0.799852
1.035829
-1.881287
1.393089
-1.020791
-0.380103
0.274430
0.466706
1.005557
-0.290351
-0.368404
0.513969
0.125807
-0.452082
0.068079
-0.221309
-1.063338
-0.298377
-0.590379
-0.962297
0.214609
0.527713
-0.104195
-0.355452
0.070905
-0.540831
-0.666333
1.881647
0.100247
0.781012
-0.950676
-0.030984
0.669135
-1.638692
0.925282
0.806358
0.376887
1.177113
-2.005964
1.181670
-0.577238
-0.738964
0.259826
-0.149140
2.007089
0.604631
0.394338
-0.392545
-0.797095
0.325161
-0.138413
-0.458144
2.133761
-1.248950
-1.229578
0.686732
-2.078051
0.366359
1.951954
-0.798663
1.224169
-1.611292
2.232331
0.714302
-0.187170
-0.626726
0.161354
-0.302956
-1.006427
0.258115
0.562156
-0.796287
1.356520
-0.786838
-0.953099
-0.830251
-1.580956
0.179848
-0.791361
-0.055090
-0.127156
-0.135657
-0.130325
1.362700
0.369395
0.175244
-0.636165
-0.296655
0.433935
0.483935
-0.178241
0.753579
0.531499
2.214485
1.019984
0.173841
-1.288830
-2.592123
0.069724
0.805565
-1.205125
-0.464576
-1.668244
-1.146099
0.053532
-1.050057
0.061631
0.612103
-0.750310
-1.250299
0.317919
0.979254
-0.533806
-0.316104
-0.682523
-0.560398
-0.151835
0.133013
0.199013
-0.093415
-0.247164
1.018646
0.176884
0.948999
0.063993
-0.123401
-0.190055
-0.436653
-0.995338
-1.374824
0.409754
0.072541
-0.713865
1.730411
-2.552047
1.320516
-1.500514
0.922123
-1.203515
-0.009000
0.381696
0.575274
0.583094
-0.631663
0.390856
-0.931378
0.765810
0.291194
-0.906830
0.386743
0.211615
0.314055
0.626847
0.003482
-0.893605
0.795241
-1.172670
0.339776
-1.375975
-0.598736
-1.120124
0.131337
1.400262
-2.083538
0.072038
1.190006
1.322011
0.938313
1.402235
0.138580
1.597248
-0.410431
-1.264375
-0.969812
-1.202223
-1.809996
-0.791812
0.246260
-0.524978
-0.187784
1.878794
-0.069265
-0.345888
1.091670
1.280913
0.609805
1.233631
0.611777
-0.391267
0.126994
0.657798
-0.019467
-1.155243
-0.342128
-0.496297
-1.339503
0.776993
0.892032
-0.795897
-0.195864
0.319762
-0.944482
0.030150
-1.405415
-0.881765
0.434595
0.392137
-1.167298
1.158875
-0.099248
0.273158
-1.815117
0.472125
-0.885411
0.754280
0.234646
-0.816673
0.172550
0.030161
-0.269563
-0.354148
0.191018
1.531462
-0.922967
0.634338
0.299998
-0.074232
0.055797
-1.713907
-0.185445
0.168107
-0.727424
-0.286486
0.002832
1.076875
-1.234552
-1.211122
-0.464640
0.901079
0.892499
1.035098
0.774367
-0.232729
-0.173261
0.522893
-0.709466
-0.134112
0.644729
1.028561
-0.554948
1.130214
-0.609520
-1.080542
1.087932
0.512081
-0.125625
0.700668
1.382796
0.430213
-1.426881
0.317588
0.989037
-1.190656
-0.392977
-0.493576
0.372036
-1.708936
-0.486738
0.598126
0.740604
-2.257307
0.319837
-1.112857
-0.099719
0.071182
0.495886
0.976738
-0.683285
0.628088
0.684720
-0.775429
-0.269982
0.171852
1.533036
-0.639037
-0.248946
-0.964707
1.370804
-1.726177
-0.388169
-0.399399
-0.993048
-0.818102
2.189003
-0.466506
-1.113913
-0.889112
-1.112944
0.769945
-0.686773
-0.085084
-1.545350
-0.124981
-1.316738
0.202581
-1.682947
1.265284
-1.672478
-0.363999
-0.533340
-0.164182
-2.961598
-0.637007
-0.310339
-1.176656
-0.885583
-0.114569
-1.105217
-0.152533
-0.041403
1.119251
-2.889103
-1.920665
0.720664
-0.722316
0.986398
1.129326
0.944880
0.149822
0.214500
0.346837
-0.769022
-1.808984
0.706167
-1.815293
-0.467479
0.957163
-0.185109
-0.157653
-0.675009
0.446492
-0.500133
0.216954
-0.299176
0.622389
-1.840998
-1.660862
-0.447131
1.477073
1.412781
-0.492703
0.295896
0.763908
-1.224957
0.949121
0.669947
0.573151
-0.899956
0.375146
0.055977
1.045830
0.859811
-1.071193
-0.524217
0.115058
-0.230727
-0.324277
0.184396
1.866888
0.946256
-0.805612
-1.312370
-1.642324
0.278660
-0.464269
-0.601103
1.570567
0.084906
-0.089434
-1.440064
0.433972
0.549272
0.204618
-1.060997
0.419617
-0.821308
-0.270889
0.074471
-0.503044
1.769820
-2.031064
0.265832
0.204335
1.429674
-0.007627
-0.347055
-0.691064
1.235631
0.933617
0.063528
-1.627060
-2.121579
-1.193028
-0.784304
-0.159606
0.012578
-0.065808
0.981799
-1.589323
1.137960
1.056273
0.341060
1.139789
0.479266
0.461672
-2.606718
-0.220399
-0.865341
0.648879
1.641305
-0.060596
-0.277726
-1.081403
-1.791955
-0.567950
-0.475680
-1.748323
-1.349969
-0.204734
-0.347082
-0.141017
0.748229
0.792418
0.314377
0.492527
0.912815
1.736704
-1.455221
-1.105195
1.083823
0.092767
1.695463
1.267721
0.745056
-1.523505
1.709283
0.331152
-0.357327
2.297028
0.507179
-0.866542
0.165053
1.574350
0.812077
0.501266
0.717364
0.540168
0.863697
0.001998
0.405592
-0.416044
-0.253419
-0.953210
-0.359014
0.521767
0.193336
-1.936187
-1.615431
0.392208
-0.717594
-1.254264
-0.398131
0.213990
0.556792
-0.764426
0.452556
-0.027135
-0.543626
-1.072508
-1.998623
-0.476152
0.366359
-0.669312
0.235789
1.118168
0.071613
-0.971022
-0.906894
-0.808735
0.434377
-0.128090
-0.997709
-0.667934
-1.567002
0.137157
0.540496
-0.786772
1.155069
1.347284
0.169924
-2.222140
-2.470421
1.270580
-1.341929
-0.953848
0.942399
0.988087
1.795429
0.207365
-0.983357
1.281064
-0.223862
0.652829
0.545723
-2.419472
0.399697
-0.076203
0.001193
-0.896495
0.376089
-0.132210
0.016992
-0.419100
0.097710
0.449245
-0.519180
-0.900187
-1.501865
1.045191
-0.356830
0.597236
-1.683262
-0.541685
1.447862
0.392682
-1.119001
-1.188426
0.472736
-1.299509
-1.496779
-0.590259
0.011728
0.073676
0.510597
-0.547771
0.832274
0.976794
-0.491615
2.685216
-0.095065
0.381426
0.363847
-0.341254
0.806613
-0.921220
-0.326562
-0.205843
-1.506080
0.431591
-0.727936
0.089861
-0.634773
-0.497724
-0.385330
0.713205
0.310578
0.384517
-0.141200
0.550853
0.584517
-0.144788
0.275942
-0.032332
2.135752
-1.560939
1.698586
0.595349
-0.594142
0.012309
-0.447212
-0.580770
0.877358
0.046202
1.535766
-1.968435
2.007975
1.109638
0.112715
0.212848
0.253930
-2.643726
-0.181522
-0.775628
-0.017779
-1.365494
-1.631105
-0.276434
0.158272
1.199485
0.389603
-0.279086
0.021413
1.242453
-0.536412
-1.628039
-0.014586
1.296978
-0.681556
0.752496
-2.292549
0.858177
-0.932893
-0.166084
1.557184
0.159347
0.057211
-0.916317
-1.447384
-0.261774
-0.452151
-0.000988
0.505771
-1.793074
0.584854
0.464573
0.164213
-1.609570
-0.207565
-0.364006
-0.492681
-0.936903
0.307223
1.528887
-0.754312
-0.089132
-0.710227
-1.808376
1.740192
1.188911
1.385999
-1.057741
0.604026
0.384234
1.194178
-0.699075
1.004134
-0.727440
-0.225992
-1.162332
-0.994647
-0.538065
-0.940869
-0.584568
0.818755
-0.101124
-0.406162
-0.222260
-1.434566
0.061138
0.006587
-0.640453
-0.936713
0.063682
0.125067
-1.173502
0.878340
0.311831
-1.064858
0.210701
-0.258612
0.339956
1.220763
0.681118
-0.279004
0.745797
-2.277148
0.297263
0.076428
-0.278656
-1.079680
-0.897326
-0.074891
1.220736
-0.210862
0.279065
-2.224188
0.237076
-0.634998
1.065831
-0.067969
1.324950
0.531302
-0.582995
1.405418
1.829240
0.422578
-1.248298
-1.296270
0.477289
2.625024
1.173860
-0.136520
0.402279
-0.062889
2.107800
-1.672797
-0.182716
0.322722
-0.259843
-2.899487
-1.910853
1.424112
0.139641
-0.801492
-0.260523
0.922841
-0.781639
-0.239996
0.501398
-1.612180
0.749914
-0.316772
0.419740
-1.908375
-1.380506
0.503265
1.406517
-0.582750
-0.807288
-0.230108
-0.097614
0.978947
-0.886918
-0.299687
0.203589
-0.571436
-0.693373
-0.309560
1.278090
-0.139819
-0.780724
-1.814018
-0.671919
-0.150106
-0.281830
2.032919
-0.338384
0.175482
1.305172
-0.203435
0.057646
0.848314
-0.100963
0.635147
-0.004428
-0.990484
0.003893
-1.208602
-1.850463
1.140271
-0.548915
-0.359856
0.733245
-0.308175
0.750051
0.833191
0.793540
-0.257089
-0.540237
0.180161
0.111273
0.516921
-0.022250
-0.190531
-0.316248
1.052024
0.408121
-0.007322
-0.048220
-2.995995
0.581760
-0.776358
-0.830265
-0.769676
0.069335
0.595112
0.994356
-0.888186
-0.031265
1.725093
-1.020915
-0.085451
1.558015
1.905004
0.011984
0.878956
0.818367
2.130843
1.406983
0.989679
-0.150073
0.437120
0.111963
-0.426333
0.443662
-1.016328
3.007069
-0.028645
-0.095500
1.649343
-0.815069
0.198848
0.475150
-2.373994
-1.129507
-2.715975
-0.107594
-2.342349
-1.119299
-1.011012
-2.122006
-1.751020
-2.596112
-1.951707
-1.480561
-1.108913
-1.916841
-0.819828
0.425701
1.259958
-1.781946
-2.091434
0.394115
-0.250453
-0.170403
-0.183901
0.783343
0.280632
1.247340
2.061499
0.875689
-0.763537
1.317811
2.145589
3.481278
2.367937
0.614597
1.873437
0.985303
2.455563
3.079962
3.194492
0.247408
2.417091
0.110175
0.909534
1.144717
0.318051
-0.588330
-0.086323
0.968141
-0.080448
0.933628
0.287583
-1.542895
-1.193352
-2.329316
-0.134409
-2.090636
-2.644994
-0.644679
0.795025
0.044191
-1.917917
-2.354408
-0.799181
-1.002585
0.011052
-2.179849
-1.048304
0.338718
0.339510
-1.600013
0.120101
2.115646
1.096835
0.047656
1.155589
-0.724136
-0.096400
0.299666
0.956579
0.692063
-1.301528
0.691324
0.462570
0.574154
-1.321404
0.518239
-1.108192
0.359202
0.409429
0.781825
-0.622432
1.988452
-0.041905
-0.973795
-1.989055
-0.854568
1.140486
0.240765
0.839190
-0.516286
1.107391
0.997352
1.323614
0.225589
0.798163
-1.599476
0.161571
0.387173
0.380805
-0.893532
-1.377693
-0.164975
-0.565107
1.244404
0.071537
-0.289125
0.075074
0.736194
-0.715502
0.357280
0.211726
-0.691060
-1.968222
-0.328252
0.337482
-0.379493
0.201855
0.005394
-0.399685
1.010445
0.265211
0.657693
0.219342
-1.214155
-1.775348
1.159823
-0.279634
-0.257849
-0.167092
-0.915461
-0.042674
-0.053280
-0.103577
-0.212444
0.221542
1.822747
0.721094
-0.556554
0.875202
-0.188533
-0.319311
-0.844770
-0.238870
-1.525119
-0.029948
0.987099
0.312856
0.358428
-0.494150
1.258261
-1.444385
-0.904635
-1.161385
0.715874
0.172308
-0.659256
-0.476614
1.408945
-1.218071
-1.110473
1.048934
1.960248
0.819298
0.146108
0.607623
-0.448926
0.221186
0.240707
-0.129460
0.476665
0.631936
-1.213088
-0.051362
-0.311239
0.188082
-0.398653
-1.278774
1.410223
0.982325
0.710721
-1.619291
-0.546257
-0.798562
-1.434343
1.124621
0.130300
-1.191343
-1.124621
0.324994
1.437810
-0.006274
-0.676442
2.179220
0.621911
1.860995
-1.094941
1.911503
0.406984
1.086686
0.030425
0.195245
-0.076337
-0.492579
0.491175
-0.759886
-0.030914
0.368164
-0.079718
-0.502239
0.000400
-0.123091
-0.624614
-1.041596
1.373924
-0.444854
-0.591859
0.105541
0.105616
0.119686
0.770770
-1.273351
-0.316246
-0.866639
-0.841972
1.592471
-0.642724
0.025496
-2.008961
0.097614
1.158745
1.004513
0.931137
-0.561264
0.703538
-0.366740
-0.180617
0.065407
0.212940
-0.317932
-0.174373
-1.025669
-1.528427
0.373650
0.222179
0.677925
-1.042934
-0.500406
-0.073533
0.513563
1.615507
0.898386
-0.507053
0.380121
0.697991
0.843399
0.219790
-0.034918
-0.132947
-0.063549
-1.732890
-0.008848
0.640391
0.012347
-2.413935
0.623144
-1.081695
1.145293
0.039262
-0.727430
-1.041751
0.780835
0.196810
0.056431
1.157290
-0.225133
0.260835
-0.386286
0.124607
-0.751300
-0.366790
-1.562007
0.345704
-0.753380
0.308271
-0.825768
0.283352
-1.358877
0.555899
-0.106824
-1.439670
1.558315
-1.834880
-1.857520
0.049344
0.322177
-0.186723
-0.679690
0.381270
-0.473452
1.278600
-0.012035
0.994731
-0.354366
0.571140
0.734096
-0.364271
-0.935385
1.602962
-1.181086
-0.130094
-0.804967
-1.634024
0.810241
0.259036
1.520111
0.205445
0.888793
-0.222102
0.911339
-0.897048
-0.251709
-0.476365
-0.645082
-0.353953
0.264283
0.116960
0.737969
-0.030302
0.224470
0.874559
1.008395
0.219358
0.817534
0.527130
0.070780
0.930005
-0.101234
1.177752
-0.961809
0.110322
-0.148435
0.895206
1.071569
-0.005002
1.963423
-0.931034
-1.211964
-0.257753
-0.702924
0.593865
-1.364497
-0.628541
-0.196213
0.334997
-0.801102
-0.377184
-0.721997
-1.695054
0.090737
-0.324312
2.249818
-0.277738
1.543753
0.142805
-1.070492
-0.277122
-1.935993
1.864715
0.660425
-0.872817
-0.068690
-0.664679
-2.246404
0.196655
-0.497169
1.397343
-1.104695
0.618920
-0.393482
0.679618
-1.089387
1.639378
0.643018
-0.010340
0.769380
0.361584
1.485740
-0.408401
-1.379987
0.933381
0.606603
0.461943
-0.392839
0.581960
0.167799
0.628228
-0.558144
-0.246737
-0.679342
-1.242263
0.067735
0.318622
0.745797
1.071218
-0.821448
-0.255836
-0.098131
0.029998
-0.093447
-0.059763
-0.538435
-3.047572
-0.296467
0.636365
0.656016
0.093207
1.211954
-0.171887
-0.092057
1.245157
0.070164
-0.013478
0.396625
1.271756
1.302309
-1.012217
0.568904
-0.263968
-0.249728
-0.969295
-0.597826
-0.563287
-1.352592
0.362614
0.245981
-1.069980
-1.984855
-0.269367
1.471849
0.164737
-0.120335
0.196368
-1.017892
1.297785
0.470662
-0.425443
-2.052133
-0.654762
0.758407
0.796965
0.881429
-0.223940
0.797173
-0.380007
-0.672703
0.792831
-0.499049
0.380287
0.636437
0.461012
-0.841976
0.013753
0.853842
1.365184
-0.690967
-1.514655
-0.118503
0.572371
0.391499
0.206040
1.421276
-0.961964
-1.455153
-0.090233
0.068294
-0.298268
3.160127
0.383967
1.512755
0.592775
-1.299655
-0.425124
-0.057696
-1.270014
0.537106
1.189190
-0.718239
0.158634
0.421652
-0.602214
0.481872
-0.429389
0.691727
-2.488034
-1.194029
0.242721
0.885691
-0.055074
0.086644
0.808741
0.805454
-0.757138
1.041056
1.641138
-0.557202
0.607907
0.154670
1.261096
0.793688
-0.735838
0.217779
0.934087
0.306026
1.877250
2.260631
-0.512116
-0.525476
0.219193
2.243470
-0.234015
0.254166
0.124552
0.847907
0.714201
-1.885493
0.199726
0.106493
-0.221402
1.025061
1.565709
-1.316474
-0.149412
-0.334844
0.408995
-1.687172
-1.393713
0.509727
-0.518562
-0.643955
-0.336791
0.018233
-1.009805
-2.410156
0.410078
-0.948971
1.618989
-0.646219
0.611815
-1.032479
-1.349944
-1.454943
-0.251573
1.274686
0.250876
-1.254883
-0.064785
-1.992843
-0.147021
0.859289
-0.077412
-0.490597
-0.238608
1.200722
-0.688730
-1.446981
-1.102639
-0.987626
1.272854
0.336270
-0.379723
0.999745
-0.063427
0.977243
0.301889
0.976730
-3.397269
0.902980
0.431885
1.261943
-1.322265
-0.168305
0.743922
-0.086786
0.377505
-0.629881
0.428058
-0.215596
-1.715988
0.229635
0.679555
0.955305
-1.120094
0.822264
0.613747
1.345377
-0.755635
-0.621751
-0.158420
-0.109379
0.113063
-1.866925
0.089974
-1.009297
-0.745860
0.216153
-0.322190
0.774824
-0.192046
-0.263693
0.715136
-1.426962
0.769937
-1.362615
-2.171521
0.828504
-0.877971
2.241058
0.088410
-1.026273
-0.940614
-0.336522
-0.133705
-0.004727
-0.078005
0.279376
-0.628905
1.504181
-0.115731
0.783527
-0.699995
-0.469093
0.336541
0.966128
0.375933
0.503016
-1.749415
-0.758675
0.658155
0.839381
-1.029373
-0.267457
-0.141228
-0.960423
0.773875
-0.709023
-0.644288
-0.512642
-0.099640
0.670398
-0.020491
-0.059540
-1.687295
0.104499
0.421524
-0.385988
0.398503
0.994395
-0.147159
-1.158932
0.598755
1.369509
-1.592811
-2.013939
1.727555
0.053312
1.586296
0.748474
0.763240
-0.543714
0.162557
-0.307181
0.353400
0.376732
0.354297
-0.051236
-0.449786
1.009709
-0.493461
-1.584156
-0.214721
1.262394
-0.628637
-2.281816
1.146451
0.189479
0.306306
0.294851
0.472627
0.551357
-2.020579
-0.031640
0.300815
-0.990986
0.143696
0.067329
0.343504
-1.401152
-0.704871
0.031849
0.495847
-0.700639
-0.116364
-0.111883
0.283762
-0.528906
-1.535935
-0.499122
0.263356
-0.001736
0.769866
0.283543
-0.905552
-0.592047
2.157930
-0.126185
1.348207
0.812187
-1.384004
-0.461634
-0.577550
-0.544813
-1.113803
2.157351
0.019920
0.294717
0.364847
0.630030
1.968533
0.103067
-0.099700
0.418733
-1.268872
-0.637774
-0.855234
-1.193361
-1.728824
-1.186561
1.299942
-2.058675
-0.654523
-0.112601
0.670406
0.620517
2.187755
-0.248387
-1.421309
0.626576
1.468710
0.669563
-1.125852
0.005552
0.301768
-0.517278
0.676803
1.993818
-0.003761
1.379832
-2.240951
1.893489
-1.401063
0.045285
-0.918066
-0.887429
2.138160
-1.767115
1.374081
0.984283
-0.015483
0.605573
-0.326611
0.546412
-0.947849
-1.034888
-0.185892
-0.748895
-0.464396
-0.015548
0.211126
0.174633
0.224947
0.599540
1.563881
0.289284
0.666308
2.236237
-0.421533
0.215201
-0.890459
0.418057
-0.787741
0.185137
0.945683
-0.244439
0.166316
0.403346
1.137070
1.076261
-1.400967
-1.679847
-0.399476
-0.178132
0.167709
0.423717
-1.433276
0.272132
0.095616
-0.194861
-1.622684
-0.251212
-0.919093
-0.050033
1.023557
-1.596456
0.591216
1.117567
-0.327558
2.453173
-0.499460
0.248455
-0.098130
-0.578737
0.782076
-1.830246
-0.321845
-0.692970
1.250235
-0.051274
0.543971
-0.244193
-1.352638
-0.664804
-0.788954
0.702942
0.891979
-1.636617
0.838829
-0.436148
0.661535
-0.309251
0.268562
0.043050
1.216975
1.345997
0.037078
0.025928
-1.191688
0.041027
1.246096
-1.259038
-0.573225
-0.360727
0.084929
0.109993
1.908595
-1.882404
1.222215
-0.226705
0.662368
0.734007
-0.966572
0.158977
-0.423663
-0.723722
-0.838266
-0.395698
-0.244465
-1.077185
-0.749191
-0.758395
1.155247
0.566918
0.140684
0.349884
0.900272
0.592943
-0.046299
-0.318157
0.933824
0.279611
0.098220
1.041450
1.247847
0.272751
0.733820
-0.730575
0.231637
-1.976350
-0.180024
-1.168808
1.422687
-2.521704
-0.193790
-0.127245
0.940386
-0.965394
0.835560
1.068018
-0.136331
-1.312006
0.681880
-0.344287
-0.661240
-1.478801
1.401988
0.053216
0.296721
-0.701783
0.197944
0.175966
0.626791
-0.122099
1.800684
0.157884
-1.431681
-1.435054
-1.525142
-1.346491
-0.923692
-1.115009
0.467705
-1.775462
0.292924
0.323570
0.472510
0.471310
-1.407761
0.747236
0.138897
1.065489
1.943297
-0.626833
0.488521
-0.198353
0.283768
0.430055
-0.705071
0.912641
-0.244587
-0.510079
-1.807196
1.923525
-0.812997
-0.323368
1.517469
-1.024649
0.294478
0.368933
0.842630
1.325844
-0.164244
-0.175397
-0.502200
0.640703
-0.353014
1.557131
-0.430424
1.222074
-0.727654
0.873262
-0.417875
0.891550
0.091986
0.799332
-0.268428
0.300762
0.278228
-0.400300
-0.841090
0.366605
0.383788
-0.404463
-0.280329
1.148053
-0.498927
-0.281943
-0.916694
-1.772826
-0.372358
0.932517
0.334278
1.212847
-0.191169
0.513513
-0.506914
0.560047
1.148855
-0.817893
-0.483504
-0.438128
0.133914
-0.856478
0.518257
-0.569153
1.535044
-0.099423
0.706769
-2.109359
-1.059688
1.145261
1.244730
1.857193
0.786290
-0.860493
0.066162
1.061839
-0.836534
-0.519443
0.460309
-1.017122
0.006066
-0.572168
0.657223
-0.607091
-0.343096
0.986556
-0.636072
-0.307915
0.711098
0.574829
0.909681
-1.157080
0.608117
-1.492225
0.873647
-1.027799
-0.256809
-0.288415
-1.446319
1.376157
1.522334
-0.954248
-2.047114
0.327867
0.451537
1.086730
0.034944
0.656100
1.333868
-0.365719
-0.081577
0.148283
1.400658
-0.043449
-0.624341
-0.493317
-0.844484
1.353684
0.032853
-1.594093
0.149878
0.523802
-1.129014
-0.349409
0.564829
1.325789
-0.849958
-0.011769
1.765164
1.564099
0.963589
1.715426
-0.005739
1.423585
0.205861
-0.674698
0.501186
0.876935
0.703120
-0.162911
-0.524159
0.261208
-1.002920
-0.007960
-1.073070
0.246745
-0.321186
0.627958
-0.224230
-0.252652
-1.425510
1.826938
-0.470744
-0.593054
1.489861
1.081853
1.282168
1.283526
-1.734968
1.386969
0.063518
0.117193
-0.323382
-0.907898
-0.652458
-0.065049
0.582556
0.460414
0.774912
0.887240
-0.183150
1.011887
0.207110
0.158320
1.987526
-0.979033
1.509049
0.149419
0.800255
-0.465652
0.958334
0.341063
-0.489253
0.099710
-1.846134
-0.139988
0.728428
0.897929
0.593923
1.072817
-0.777947
-0.611280
0.175407
0.809187
-0.118177
-0.626864
-0.113807
1.497869
0.061058
0.964558
-0.716376
-1.973432
0.587535
0.532397
1.159929
0.057465
-1.327009
-1.496654
-0.458728
0.213855
1.618667
-0.064349
1.186704
-0.411547
1.577270
-0.751897
-0.873041
0.288074
-0.095696
0.154382
-0.043845
0.635213
0.526634
-0.987514
-0.151905
0.638394
-1.261423
0.877572
-0.003137
0.821440
0.713778
-0.983286
-0.136553
0.408491
-0.973864
-1.910135
0.505201
-1.556436
-0.337646
-0.054476
-0.784545
-0.624913
1.962520
-1.201374
0.020426
0.827484
0.579335
-0.122200
0.484889
0.426902
0.645513
0.633933
-1.531637
-0.164176
-2.317950
1.256117
-0.733114
1.203290
-1.753769
-1.242567
-0.226916
0.379385
-2.816483
0.987100
0.830464
0.549760
1.046184
-0.740771
0.101770
0.781748
0.543308
-0.524520
1.242872
-0.733602
0.571549
-1.153279
0.768804
0.631452
0.575865
-0.832633
0.947145
1.050638
-0.423019
1.355061
0.620245
1.563858
-1.101667
0.982939
-1.446090
-0.973581
-0.743499
-1.045638
-1.004148
-1.901456
0.723441
0.885188
-0.303834
-0.935317
0.198494
0.026968
0.748769
-1.039944
0.593969
1.145892
-1.873148
-1.450736
-0.538674
-0.085869
0.366258
1.792948
-0.757883
0.840820
0.335295
-0.668345
-0.429654
-0.945106
-0.315942
-0.941943
0.335850
1.262235
-0.350771
-1.537255
-0.533843
0.758000
0.106572
-0.948680
-0.618876
0.172239
-0.827756
-0.956040
0.694944
-0.113750
2.127919
-2.705259
0.436693
-0.678906
-1.366976
-1.646568
-0.581377
0.475692
-0.199613
-0.907386
-1.963717
0.797040
-0.275418
0.447843
0.174283
1.951972
0.906890
0.146943
1.728832
-0.589779
1.683091
-0.961789
1.178633
-0.768031
0.377235
-2.079230
2.627022
0.175051
0.480407
-0.410137
-1.175660
-2.030394
0.122706
-0.723374
1.044905
0.225802
0.819966
-1.277678
-0.525961
-1.211650
-0.027644
-1.432565
1.054883
0.348451
-0.863461
0.181689
1.446075
-1.789473
-0.926316
-1.151294
1.327622
0.974506
-1.043806
-0.794586
1.040752
0.609695
-0.088785
-0.980996
0.297039
1.110621
0.770504
-0.528536
0.768439
0.812644
-0.184585
-0.407745
-0.260174
1.033433
0.913384
-0.815969
-0.319913
-0.560174
0.610296
-1.261446
-0.272025
1.122849
-0.133371
2.289580
-0.216252
0.600206
2.329895
0.396286
0.335689
0.337453
0.952491
1.016377
0.911512
1.047122
-0.722350
1.221916
0.344078
0.274691
1.850460
-1.169596
0.662334
0.967039
0.269132
-0.751591
-0.539822
-1.634987
-0.452564
-0.686914
1.332361
-0.169781
1.186516
0.359329
1.615062
1.264747
0.247700
0.499144
0.275737
1.918451
1.867732
0.464284
2.341124
0.895491
0.242274
-0.893030
0.299518
1.172379
0.457865
-0.552038
-0.228287
-0.245818
-1.720460
0.709194
0.244085
-0.948943
0.567266
-1.201744
-0.711476
-0.974124
0.094711
0.235949
0.412279
0.509126
-1.731727
0.934879
-1.073924
-1.171385
-0.935626
-1.514840
0.469952
-0.190674
1.089885
0.353429
-0.333542
0.293819
0.446502
0.037703
1.438698
0.032704
0.293043
0.088316
0.784236
1.040802
0.642205
0.731499
1.863779
-1.416689
-0.317782
-0.083907
-0.545179
0.707424
-0.589871
-0.583250
-1.544734
0.159848
1.276932
-0.439051
-0.362346
-0.878291
0.717884
-0.403395
0.332597
1.342854
0.145770
-0.723921
-0.676361
0.884610
0.528616
1.022657
0.989082
-0.036483
-1.678198
-0.187190
-1.219770
1.561519
-0.589566
-2.059411
0.794986
0.009119
-2.562420
-1.879170
-1.633534
-0.248467
-0.157963
0.021470
0.610515
0.380262
0.689462
1.640984
-0.062153
-0.578780
0.626879
0.839379
1.804716
-0.381058
-0.713766
0.712353
-1.209531
0.891871
0.552797
1.152353
0.262658
1.823687
-0.435907
1.556470
-0.639472
0.175689
-0.163030
0.311994
1.150925
0.782208
-1.184336
-2.038374
0.333787
-1.230809
-1.307084
-0.656831
0.710009
0.381208
-0.159985
-0.771915
-0.919094
-0.840232
-0.462945
0.289306
0.307291
-1.294159
2.359398
1.694013
1.153528
1.963432
0.598085
-0.324702
0.806127
-0.100962
0.064593
-0.279016
1.356650
-1.359188
0.955893
0.200264
0.658633
0.170179
0.528834
-0.482694
0.344932
2.125796
0.785683
-0.967494
0.380165
0.575215
0.529595
1.190096
-1.488089
-1.679010
2.648431
0.527648
0.525809
-2.037994
2.002500
-0.383515
1.798834
-0.727649
0.609113
0.055367
-0.539029
0.265574
-0.413136
0.704269
-0.615104
-0.940278
-0.831461
0.722864
0.451673
-0.444408
0.182034
-0.060814
1.602123
0.422861
0.197721
0.557535
1.197218
0.933918
1.580841
-1.048133
0.843463
0.030323
-1.283372
0.358020
0.515235
2.477880
-0.706518
0.494186
-0.019216
1.233786
1.358805
-2.583391
-0.208305
-0.330102
1.099661
-0.609204
-0.413204
-0.024692
-0.158966
0.172968
-0.429278
1.285789
1.190135
1.305679
-2.302607
0.923012
0.397156
-0.075942
2.138289
-0.154828
-0.443816
-0.275263
-0.704649
0.477786
-0.966662
-0.558549
-1.563590
-0.508927
0.179619
-0.891651
-2.311595
-0.361968
0.573345
0.418015
-0.142201
0.778718
-0.077692
-0.770256
-0.340236
-0.798790
-1.218001
0.523021
-0.592074
-0.655456
-1.513156
0.546762
-1.599163
0.042638
-1.807664
-1.232271
-0.827727
0.530313
0.774591
0.568895
-0.036127
-1.685992
1.159898
0.536150
-0.643905
-0.788102
0.977782
-0.447961
-0.384668
-0.724437
-0.474424
0.984897
-0.759010
0.521020
-0.095942
1.004253
0.028013
1.256563
1.273840
-0.824455
0.221203
1.011258
2.442451
0.403778
-0.313558
-1.139193
1.074817
-0.148762
-2.323839
0.568168
-1.370481
-0.913719
-0.704373
-0.437717
-1.096582
-0.169777
-0.815881
1.360910
0.001454
-1.128010
0.981781
1.038116
0.570285
0.684992
-1.285067
0.490507
1.209417
-0.878960
-2.050015
-1.381228
0.652185
-0.296579
0.214591
0.862812
0.036036
-1.062939
0.178122
-0.660963
0.602583
0.386232
-0.483222
-0.922970
0.985542
-0.363034
0.468148
0.340866
0.838780
-0.509035
0.733866
-0.148497
1.049271
-1.167013
1.859899
-1.550888
-0.226323
-0.510579
-0.348152
-0.671267
-0.902198
0.389943
0.567515
-1.240548
-1.137230
-0.271896
0.504868
1.634308
0.191443
1.005116
-1.095365
0.362113
-1.889092
1.520254
-1.261559
-1.423203
0.873406
-0.766297
0.895282
-0.473180
-0.344550
1.813960
1.378495
-0.993177
-0.588697
0.934096
0.591779
-0.733639
-0.131106
-0.642829
-0.084013
1.275112
0.025568
0.282731
0.842459
0.508859
-0.431441
0.264734
-0.012807
1.477868
0.506122
2.299719
-0.465505
0.444551
0.207898
0.148150
-0.409098
-1.128447
0.059138
-0.266828
-1.490792
-1.095014
0.169966
-0.472749
-1.265190
-0.245199
-0.952105
-1.453057
-0.390963
1.366383
0.468839
0.156913
-1.049603
-0.126504
-0.176135
1.968991
-0.144250
-0.171629
2.312558
0.102929
-0.019751
-1.032725
-0.353088
1.023176
-1.074779
-2.010810
-0.953367
-0.134221
-1.881495
0.677206
0.189426
-0.721189
-0.642914
1.822255
2.581819
0.073244
-0.835794
-1.110562
-0.852257
0.245310
-1.386170
-0.036325
-0.091617
-1.421930
0.224880
-0.248858
-0.376141
-3.384813
-0.307124
0.229019
-1.583357
0.128857
0.839707
0.127703
0.505416
0.891393
2.120073
-0.744879
-0.746930
1.727763
-0.472986
-1.126314
-2.386408
-0.338722
0.686815
-0.061626
-0.115474
0.200652
1.461173
2.338345
-1.450477
-0.983395
1.215458
-0.109824
-1.015173
1.400370
0.613461
0.492941
-0.308534
0.280230
0.040952
-0.049369
-0.146249
0.832541
-0.773260
1.316035
-0.129098
0.049688
1.183341
-1.295922
0.874488
-1.292250
0.809292
-1.356670
0.378824
-0.236204
1.378308
0.285688
-0.115816
-0.974870
2.340784
1.723669
-1.702581
0.798964
-1.529334
-0.373040
-1.627411
2.015939
-0.374592
-0.127529
1.181927
0.893367
1.066128
1.728366
1.077788
-0.875012
0.182379
0.862798
0.679489
0.892565
-0.558328
1.079163
-0.915516
0.221824
0.742713
-0.600397
1.139657
-0.050111
0.736731
-0.598347
0.335462
0.241341
0.968151
-0.283644
1.342802
0.262543
-1.321711
-0.404480
0.367541
1.383812
0.573851
0.529957
0.279743
0.120528
0.462395
0.319589
0.035087
1.522512
-0.087442
-1.528947
2.848651
0.112153
-0.390345
-0.244937
0.903349
-0.073640
2.095067
-0.166088
0.296396
2.265901
1.172109
-0.128612
-1.336157
0.203389
0.085081
0.037004
-0.058631
0.142199
-0.227592
-0.582270
0.091633
0.538823
-0.810305
0.106798
-0.067272
-0.871786
-0.887504
0.849027
0.766680
-1.330904
0.762043
0.323247
0.075564
-0.152662
-0.413529
1.646793
-0.376456
-0.245192
-1.351117
-0.232919
0.520949
-0.072640
-0.905343
-0.210193
-1.032672
0.478926
0.060756
0.655644
-0.123493
-0.501416
0.462406
-0.904491
1.507575
0.392900
-0.730188
1.558106
0.450579
1.290401
-0.198206
-0.280203
-0.648202
-1.451596
1.334543
-1.842237
0.208866
0.118156
-0.867347
-0.162429
0.248301
-1.041018
0.651043
0.108510
-0.480869
0.869688
-1.025763
-0.532424
0.116586
-1.258275
-0.817501
-1.451561
-0.297754
-0.797368
-0.146400
-1.731352
-1.885316
-0.001757
-0.582209
0.086860
-0.754455
0.548939
1.947386
-0.573242
-2.802698
-0.418155
1.247830
-0.090402
0.595655
-0.531259
0.466803
-0.227995
-1.775910
-0.534731
-1.092657
-0.851353
1.587244
-0.546268
2.654511
2.057294
1.399189
-0.586185
-0.045236
0.317149
-0.409686
0.487218
-0.134824
-0.325557
-0.725632
1.911968
-0.863564
-0.078020
-0.763660
0.673592
-0.391177
-0.813418
0.168092
-1.029411
0.408065
1.002553
0.239153
-0.432512
1.540179
-1.421114
0.444646
-0.788003
-1.846302
-0.046909
-1.498252
-0.225865
0.134751
2.705124
-0.738418
0.617646
-0.139010
1.424643
-0.228668
-0.642503
-1.112777
-0.848295
0.720248
0.039159
-0.608244
-1.239985
-0.452466
0.977886
1.732237
0.021213
-0.566699
1.034472
-0.702263
0.422540
-0.030214
0.164815
1.242009
0.124878
1.575317
0.530862
-0.725643
-1.146353
1.734222
-0.689532
0.137594
0.642952
-0.830029
-0.295301
0.382161
-1.035703
1.061203
0.398386
0.049701
0.192739
-0.074323
1.124075
1.027795
2.277817
-0.904199
-3.123417
0.470885
2.291628
-0.576313
0.783124
-0.834372
1.602873
0.319165
-0.367954
0.196204
-0.324675
-0.534167
0.867665
-1.240027
-0.197810
1.388890
1.842534
-0.691525
-2.629814
0.946554
-0.123421
0.531593
1.296305
0.101699
0.647316
2.135376
-1.889152
0.436067
-0.609293
-0.760731
1.281621
0.987309
0.068821
0.263769
0.976682
-1.286750
1.521315
-1.976925
0.106391
-1.306173
-0.681991
-1.248502
-0.227692
-0.462605
-0.938114
0.294090
-0.044332
-0.668284
-0.215545
0.600954
-0.462498
0.039154
0.851654
-1.096935
0.518529
-0.490406
-0.118083
-0.205051
-0.592448
-0.887336
-0.726594
-0.855549
-0.188399
-2.312265
0.595865
0.208471
1.040193
0.196410
0.134032
0.159735
-0.091878
-0.571338
2.904854
-2.041372
0.660425
-2.027782
1.819830
-1.740154
1.083856
-0.311187
2.035980
1.617506
-1.157485
0.457878
0.886250
-1.109395
-1.214612
0.024149
-0.991346
1.001581
0.015259
-0.891018
0.813199
-0.684965
0.036355
1.127436
-0.816370
0.151085
0.464743
-0.089684
-1.193457
0.158759
-0.250246
-0.227041
-1.210358
-0.595110
-1.023825
0.360170
0.658647
1.111297
-0.474035
0.168057
0.089874
-0.760484
0.033958
0.325632
1.658695
0.556176
-2.133126
0.491256
-1.345060
-0.779650
0.562531
0.737146
0.022747
0.754277
-0.454426
-0.800873
0.175272
0.194854
-2.238986
1.697691
-0.226487
-0.168054
0.761286
-0.662587
-0.772855
-0.509734
-0.107418
-1.519497
1.928249
0.421309
0.640894
0.831973
0.981847
1.091415
-0.715544
-0.944515
-0.080359
0.463092
1.267260
-0.793546
0.615160
0.848159
-0.733699
0.069824
0.266790
-1.053553
0.261762
-1.659602
1.747484
1.666956
-1.414809
0.806036
-1.110647
0.283083
0.891133
1.052318
-0.967816
-1.156988
0.225695
0.335552
0.493957
0.389759
0.936878
-3.467583
0.297830
-0.696623
1.491095
1.572501
0.524125
1.710180
-0.077929
-0.757947
-0.792694
1.487986
-1.530126
0.211885
-0.344171
1.944848
-1.078192
-1.154682
-0.194491
-0.068840
0.199350
-0.059437
-0.158110
-1.449665
-0.789862
-0.199924
-0.033619
1.313146
-1.680180
1.123603
1.970805
0.818976
0.657497
-0.654850
-1.916086
1.921540
0.725471
0.257708
0.868904
0.365549
-0.390403
0.103962
-1.455135
0.623720
-0.762678
-0.589509
0.205684
-0.668537
1.019252
1.509124
-1.238611
0.517088
-0.264509
1.166379
-1.237637
-0.471141
-0.086592
-0.045645
1.566736
0.301514
0.953981
-1.242606
-1.102160
1.338567
1.030843
0.165630
-0.165443
-0.749012
-0.668084
-0.078877
-0.388762
-0.384655
0.670674
-1.127549
1.748387
0.486321
-0.957127
-1.491325
-0.056208
-0.826764
0.980889
-0.826591
0.181268
-0.302918
0.847402
-0.836517
0.600617
-1.922387
-1.076883
0.725205
0.115013
-1.650463
1.522132
-0.329131
-0.874871
0.685495
-0.500995
-0.169756
-1.289768
0.034279
0.031078
0.465171
-1.051084
1.037083
0.887006
2.536984
-0.543148
1.268840
-1.500910
0.386372
0.789716
-0.002153
-0.036541
-0.158409
0.392627
0.597180
-0.776936
-0.019665
-0.985565
0.266262
1.688120
1.114234
-0.829872
-0.611859
1.209343
1.575976
0.158884
-0.589271
-0.123756
-1.377227
-0.350123
-0.819151
-0.951943
-1.970816
-0.978490
0.128988
1.401376
0.870257
-1.033907
-0.275065
-1.186972
2.385509
0.804563
-1.194558
0.216509
0.385822
0.690669
0.122591
-0.813397
-0.637260
0.197685
-2.078224
0.068641
-0.791892
1.129294
-2.161414
0.058082
0.640834
-0.153908
0.048534
-1.120864
-0.947864
1.736911
0.412626
0.889823
-0.436455
-0.705082
0.399813
2.058657
-1.033240
0.641274
-1.453933
1.194416
-1.006746
1.021188
-0.643471
-0.038193
-1.430993
0.327615
1.468984
0.319976
0.222759
0.501214
1.191448
-0.737106
-0.401330
-0.103025
0.894319
-0.062719
0.146909
0.752189
0.183201
-0.600706
-0.131047
-1.630900
0.859873
0.975287
0.102527
1.129985
-1.095067
0.647998
-0.762286
-1.012924
0.085980
-0.844958
0.023857
-0.620907
-1.085473
0.553708
-1.909550
0.996629
0.736787
-1.508336
0.243563
0.428469
0.248509
-0.507941
0.570603
0.034504
-0.493554
1.370022
1.282967
0.745644
1.463697
0.118360
-1.299974
-0.758443
0.187456
0.538050
0.244322
-0.122976
-0.037704
0.248776
-0.264680
-0.019043
-0.908856
0.842695
0.760651
0.089118
1.919567
-0.541951
0.110230
-0.645046
-0.206210
0.163655
-0.980784
0.881700
-0.574468
0.466423
0.938918
-1.011129
0.397191
-0.997276
-0.656359
-0.314865
0.841006
0.256694
-0.992796
-1.091177
0.841656
-0.335281
-0.217854
1.735524
1.377439
-0.070606
-1.643179
-0.684669
1.402487
-0.851985
0.185986
-1.231260
-1.196594
0.595733
0.730822
0.931347
0.176080
-0.697856
1.395670
0.341174
-0.001139
1.001897
1.800036
-1.313289
2.700262
1.365455
0.010573
-0.899593
-0.891767
2.739320
0.585731
0.778801
2.341167
0.168243
-0.306548
-0.095183
-0.223397
-1.487173
0.797944
1.206839
-1.495192
-0.730416
0.041646
0.313293
0.356420
0.766791
0.211820
-0.722014
0.630215
1.058259
-0.810294
-1.046988
-0.914547
-0.627291
1.087359
-0.705450
0.594839
0.572466
0.330048
1.146474
-0.060221
1.404187
-1.206409
-1.331049
-0.567809
-0.484089
-1.171081
-1.420633
0.334271
0.133992
0.551116
1.909719
-0.859698
-1.002588
-0.068383
-0.018114
0.723043
0.357991
0.439300
-0.426247
-0.101455
0.052856
0.038023
0.819178
-0.338031
1.460848
-1.659369
0.968755
-0.385913
-1.733490
-0.357991
-0.013143
-0.776675
-0.997378
-0.031959
1.907663
-0.086796
-0.434999
0.837647
-0.246712
0.258713
-0.778163
-0.341965
-0.708609
-1.005862
0.566348
1.855905
0.344288
-1.911058
1.384449
0.635679
-0.729867
-0.066010
0.644223
0.248196
0.966098
1.024855
1.172867
1.678965
0.168877
-0.599669
-0.281031
-1.151571
0.328811
1.428940
0.694666
-0.257446
-0.206990
1.249503
-0.811326
-0.411035
0.378701
-1.072161
-0.222179
-1.523098
-0.617193
-0.317183
1.071408
-1.186743
0.048392
0.055644
-0.282003
1.042282
-0.047190
-1.428793
0.249136
0.726435
-0.464683
1.036045
-0.073238
0.260760
0.213660
0.052278
-0.380713
0.779986
0.691092
-0.495303
-0.835289
0.393452
2.617310
-0.190836
-1.180109
0.226261
-0.212964
0.185142
0.060149
-0.309804
1.730688
-0.424463
-1.059470
-1.471058
0.630655
0.069815
-1.406490
0.653938
-0.807910
1.452783
2.338451
0.391781
-1.240989
0.405574
0.555615
-1.320671
0.494082
-1.543773
-0.350432
-0.795469
-1.469320
0.194531
1.985329
0.642847
0.230586
-0.280852
0.917977
-0.226849
1.269002
-1.191981
-2.590192
-1.918896
-0.748701
-2.225338
-0.888048
-0.696692
-0.606463
1.202186
-1.122122
0.232298
-0.284833
-0.931089
0.261156
0.853741
1.603922
0.651319
0.372265
-1.108418
0.608111
-0.699498
0.953487
1.387437
1.089104
-0.173372
-0.067599
-0.569737
-1.708108
0.526360
