0.390434
-2.421080
0.059417
-0.476572
-1.100220
-0.466422
-0.321363
0.513008
0.339811
0.422246
1.640921
0.974578
1.114829
0.255047
-0.791364
0.636750
-1.351662
-0.628771
0.174761
-1.122496
-0.861827
-0.039644
-0.436655
-0.008471
0.447106
0.269858
-0.159264
-1.226149
-2.421608
0.320083
-0.997886
1.471927
1.356854
-0.433218
0.101867
-0.503062
-0.291769
0.055872
0.688400
0.327479
0.183178
-0.853771
1.312608
-0.198867
-1.575132
1.962964
-0.649096
1.029356
0.077750
0.016038
-0.260751
0.325779
0.727400
0.140797
-0.323998
0.972526
-0.134869
-1.649430
0.335557
-0.222281
-0.648551
-2.722011
-0.590129
0.306042
-0.340969
1.104057
-0.731342
0.725375
-0.910944
0.123667
1.878782
-0.001607
1.706430
-1.129115
0.300393
0.093992
0.521720
0.875394
-0.193439
0.068302
-1.120616
-1.039462
-0.779716
0.100571
-0.065763
0.935685
-0.556410
-0.249237
-0.767834
1.056645
-1.937322
-1.415851
-1.553283
0.570957
-0.465796
1.263926
0.111511
-0.921458
1.229853
0.172418
-1.848948
0.480193
0.068988
-1.313526
1.507957
0.607695
0.552711
-0.075872
-0.269585
-0.170619
0.852228
0.923878
0.082657
0.750721
0.907077
1.046635
-0.617492
-1.690880
-1.459958
0.277168
-0.185638
0.470048
-1.822531
-0.625107
-0.898569
0.132057
0.910389
0.114630
-0.433901
-0.327017
0.433447
-0.930384
-0.622151
0.660330
-2.412308
-1.169417
1.481642
-0.119377
0.290822
0.964063
0.324998
0.738119
1.080099
-0.264419
1.095920
0.362222
-0.051662
-0.973688
-0.696909
0.041126
-0.942521
0.937466
-1.214813
-1.468245
1.639605
1.776679
1.450436
0.562226
1.059128
-1.183247
-0.016002
0.099240
0.298813
0.025448
0.249535
-0.090478
1.337282
-0.022025
-0.510412
-0.689567
-1.562432
0.527269
0.537718
-0.214753
-0.786102
-1.536174
-0.112310
-0.058863
-1.737896
0.128006
0.375950
-0.013442
-0.197132
-0.869647
-1.000810
-1.738771
-0.389860
0.007379
-0.775589
0.042469
-0.376846
0.708655
-0.693572
-1.174606
-0.710399
-0.077129
0.330988
1.447980
-0.773221
-1.010838
0.207965
1.099715
-0.365334
-0.471198
-0.994067
0.507632
-0.349272
0.702434
0.623445
-0.070086
1.646188
0.275360
-0.922336
0.679765
1.241698
0.536031
0.709472
0.210611
1.151856
0.112385
1.731378
0.530483
0.738021
0.418692
0.186820
0.857820
-0.208883
1.562203
-0.989864
0.905404
-0.868061
-0.681855
0.154845
0.532290
1.000120
-0.582197
-0.534675
-0.266241
1.200692
0.114375
-0.437821
-0.584607
-1.937731
-1.304821
0.786400
0.530287
-1.134416
0.653178
-0.850003
-1.383096
0.508068
-0.836027
0.921996
0.147223
-0.408949
-0.538959
0.655887
-0.997898
-0.639659
0.599904
0.213277
1.012387
-0.802903
0.238878
1.013127
-0.169221
-1.509298
-1.274689
0.249356
0.030255
1.282876
0.934170
1.252038
0.744109
0.080024
-0.181836
0.762284
0.400563
0.002659
-0.397217
1.660319
-0.220406
-0.157723
1.268691
0.947502
-0.170821
0.543826
0.070008
0.739996
-0.175059
-0.626859
-1.151862
0.539055
-0.272861
0.337790
1.372688
-0.161564
0.335961
-1.188096
-0.594548
-0.156570
-0.016338
-1.588350
0.707443
-2.445822
1.121325
1.431755
-1.185696
-1.291077
0.099392
0.357513
-0.400061
0.285576
0.115984
-0.244874
-1.000231
0.017527
-0.694951
-0.055563
0.463590
0.875352
1.565709
0.512763
1.722696
0.546105
0.422748
0.125278
1.134985
-0.049474
1.236643
1.359657
2.543304
0.659105
0.633053
-0.837285
-0.275144
1.585489
-1.528478
-0.105810
0.007224
2.534993
-1.672918
1.557079
0.060804
-1.355293
-0.131990
-0.019424
-0.363487
0.529719
0.651723
1.688352
0.457373
0.139147
0.836293
0.302980
0.237747
0.585810
0.808774
0.039818
-1.507057
1.716420
-1.014550
1.022075
-1.057881
-0.547746
-0.312636
1.187209
-0.614177
-1.572102
-0.816637
0.967618
-1.107484
0.604650
1.137907
1.362838
0.888571
0.542543
-1.786110
-0.283187
-0.144656
-0.565677
-0.595747
0.962283
-0.330579
-1.530219
-1.134649
0.638709
0.090095
-0.926204
0.345345
1.675014
0.271944
0.110402
-1.520271
0.425532
1.429315
-0.114024
1.376182
0.662901
-1.132671
0.876814
2.595409
-0.898560
2.426237
0.052626
0.673942
1.203408
-0.080887
-0.964587
-0.092104
-0.387416
-1.099355
-0.379929
-0.886632
0.000108
1.450221
0.220141
1.512224
1.633271
-0.063750
-0.458787
0.087273
-0.800681
-1.665148
0.609561
0.089045
-1.223051
-0.463233
1.094389
1.069185
1.697146
0.239162
1.487516
-1.688705
-0.427545
-0.566596
0.740785
-0.471908
1.464540
-0.255471
-0.763993
-0.333979
-1.223685
0.269831
0.071381
-0.242950
-0.028238
0.019440
-0.355126
0.959193
-1.355217
0.636856
-0.071666
-0.523046
0.185075
-0.240710
0.445280
1.108249
0.102824
-0.031009
-0.233761
-1.131292
-0.256324
-2.877489
0.403071
0.615998
-0.538339
0.588175
-1.877387
1.302246
-0.380292
-2.223132
0.440986
1.149989
0.133435
0.919064
0.297456
0.907766
-1.107330
0.745936
-1.534521
-0.545671
-0.014528
0.469854
-2.058039
-0.567122
1.417601
0.370984
-0.014077
-0.021013
-1.761130
1.468813
-0.564101
0.362324
-0.488857
-1.313967
-0.574732
0.721601
-0.868066
-0.479265
-0.242830
-1.828668
0.160696
0.454207
-0.894329
-0.809391
-0.794993
-1.372303
-0.532211
1.194372
-0.893387
0.615017
0.275429
0.602011
-1.493955
-0.425984
0.693687
0.637017
-0.171294
0.061332
-1.364177
0.730723
2.879597
-0.311168
0.209034
1.101898
-0.369326
-1.095131
-0.883998
-0.994742
-1.650751
-0.278125
-0.575106
-0.599919
1.514552
0.184498
2.261354
0.275069
1.039718
-1.798536
0.340431
0.688538
-0.445486
-0.223742
0.448593
-1.178965
-0.779119
1.497576
0.861642
-0.736083
0.008554
0.598167
-0.888029
1.646852
-1.383521
-1.569837
0.598714
-1.165873
-1.326286
0.716459
0.036261
0.994158
0.532566
-0.495992
-0.655960
1.111910
-0.585191
0.192844
-0.322647
-0.759395
1.989635
0.377968
1.563671
-1.332952
-0.210574
0.308726
0.010189
0.934247
1.218353
-0.741394
-0.976831
-1.503519
0.659915
-1.193839
-1.209380
1.207343
-0.696601
0.956696
0.028067
-0.601880
-1.047966
0.630377
-0.477334
-0.093579
-0.750048
0.191351
-1.436244
-0.557999
0.407447
0.625707
-1.067607
1.067994
1.715465
-0.492034
-1.194459
0.432391
-1.232960
-1.234638
0.462873
-0.154575
-0.211065
0.763027
0.682099
0.942602
-0.928548
-0.125544
1.092133
-0.146146
0.086772
-1.523013
1.546742
2.414545
0.701554
2.522209
-0.553034
-0.177419
-0.421499
-1.724152
0.271741
-0.444053
-0.698455
-0.028334
-1.246141
-0.480018
-0.109556
1.161904
-0.194343
-0.258246
-0.476857
0.029629
-1.557049
-0.307308
2.233561
-1.136164
-1.862329
-0.130423
-1.032953
2.243992
1.073931
-0.644954
-1.133659
0.610525
0.710660
-0.690863
0.602191
-2.038920
0.108079
0.088303
1.821140
-0.935950
-1.265825
-0.714386
-1.422816
1.235435
2.334835
-0.194547
-0.028596
0.515509
-0.101386
1.019596
0.255411
-1.050216
-1.236210
-2.447689
0.465843
-0.013898
0.638747
0.549545
-1.574058
0.597954
-1.011624
-1.031594
-0.140388
-0.381412
0.320347
0.602338
-1.093044
-0.883218
0.185031
-0.503765
1.580520
0.192537
-0.988602
-0.800210
-0.880737
-0.071727
0.070752
-0.053563
-0.626351
-0.720208
-0.257084
-0.889681
0.341128
-0.588504
-0.281531
-0.075252
0.615507
-0.152706
0.696349
1.282156
-2.255188
1.013939
-0.199438
1.328979
0.154586
-0.091617
-0.119636
-0.725203
1.000028
-0.504017
0.399354
-0.422139
-0.944287
-0.755616
-0.655402
-1.347979
0.655304
0.821030
-1.336744
-0.160493
-0.649013
-0.275347
-2.519736
-0.488678
-0.000951
0.423455
0.169991
-0.546611
-0.957498
-0.415966
0.640757
-1.597637
-0.782954
1.251375
-0.051739
0.515493
-0.188657
-1.880016
-0.145467
2.153194
-0.290855
0.447840
-0.081108
-0.860349
0.165008
0.704857
-0.572129
0.082838
-0.918444
-0.229917
3.015331
0.488630
0.899442
-0.073227
-1.500798
0.415351
0.405625
-0.520462
0.686504
-1.531642
-0.755031
0.196423
0.245727
0.631211
0.124699
0.281390
0.354535
0.101180
-0.303994
0.969102
-1.274928
0.492367
-0.134205
-0.661864
-1.047964
0.625509
0.364849
-2.287776
0.357532
-1.037066
-0.899386
-0.199571
1.494193
-0.835698
0.062793
-1.986631
1.938999
0.028014
1.435435
-0.582213
0.034859
0.593307
-0.309597
-0.352834
0.664147
0.325289
-0.206412
-0.052397
1.175359
-1.090658
1.610509
0.437557
-0.088015
-0.612174
-1.355192
-0.168920
1.862369
0.106546
0.890680
-0.374969
-0.341554
1.419552
-0.506765
1.083793
0.071107
1.596755
1.588382
0.108580
0.931943
-1.171013
0.041527
0.399652
-0.033882
0.243891
-0.630436
0.455968
-0.018658
0.560373
0.004301
1.277183
1.220249
-0.629097
0.107092
-0.359359
2.182023
1.221477
0.003398
0.045004
-0.306165
-0.830396
-1.146813
-0.707475
-0.731132
-1.014972
0.700647
-0.289039
0.361835
0.321113
0.339684
0.337968
-1.145011
-1.537186
1.254514
0.734568
-0.938153
-1.153240
-0.614922
-0.344200
0.731037
0.036866
0.259925
-0.319234
0.982664
0.622409
-1.047803
-0.983486
-0.987096
2.323957
-0.740417
-0.028658
-0.485246
-0.609923
0.401506
0.321978
-1.069790
0.313772
0.651201
-1.844600
-0.121864
0.825094
0.372387
-0.220052
-0.415538
1.244039
-1.386282
0.084418
-0.184416
-0.631489
-0.440596
-0.888702
-0.716342
-0.053478
0.511671
1.580558
-2.163116
1.325967
-0.484191
-0.350884
0.606626
0.279376
-1.230383
-0.619646
-0.814642
2.457236
1.505957
1.522065
-0.599237
-1.289863
0.406290
0.102676
1.331452
-0.629384
1.502510
2.554510
1.386044
0.633404
-1.133848
-0.838892
-0.634400
0.259270
0.859355
0.831410
1.421247
-0.800346
-0.263023
-1.104697
1.305556
0.411050
-0.060385
-1.526014
0.566482
0.229656
1.099904
0.280893
0.103586
0.575185
0.481094
-0.597923
-0.613015
-2.330894
1.215789
0.014123
-0.622121
-0.549024
0.190279
1.523967
-0.664225
0.621817
1.830042
0.392001
-0.073360
0.712027
-0.533892
0.358384
0.998875
0.053169
0.216812
-1.794935
1.379432
1.088905
0.101562
-0.535917
0.589454
-0.069976
0.565288
-1.724031
-1.300854
-0.249689
-1.034514
0.020412
-0.284869
0.282953
-0.820212
-0.352249
0.300229
0.423699
1.813007
-0.732853
-0.242222
0.616195
-0.777680
0.794556
-0.677300
0.130047
1.065130
0.094504
1.195439
0.649655
2.766961
-0.403310
0.391132
0.517893
0.209980
-0.098882
-2.605524
0.628858
0.155186
-0.282059
0.018065
0.949556
0.622454
-0.425293
-2.331389
0.277126
1.407348
-0.585911
-1.179358
0.534260
1.094973
-1.244273
-0.650064
-0.799337
-1.004187
0.921653
1.227585
-0.140747
-0.734639
1.288161
1.528812
-0.810229
-0.003994
-1.133916
-1.535765
0.821226
0.106648
-0.101890
0.282923
-0.232269
-1.001245
-0.192728
-0.856673
0.713062
-1.434912
-0.173736
1.197667
-0.584190
0.619716
0.590806
-0.004675
-0.233311
1.390392
0.130481
1.431355
0.024719
-0.224967
0.585072
2.328268
2.475725
-0.088158
1.315471
1.161851
-2.204900
0.512283
1.000652
0.985192
0.302719
1.712260
-1.057625
1.016754
2.692853
0.448389
-0.947458
1.342087
1.706116
0.409513
0.538743
-0.431272
-0.866359
1.938188
-0.097788
-0.224680
0.521637
-0.208477
-1.000792
0.583542
0.874275
1.260205
0.121641
-0.202435
-0.100479
0.087383
-0.300435
0.568205
0.408991
0.775009
0.010491
2.066496
-1.728656
-0.890200
1.052288
0.256056
2.049093
0.125574
-0.082119
1.700477
0.311937
-0.018002
0.040272
1.098559
0.850556
-1.347527
-1.704679
-0.834083
-0.111252
0.123600
-0.262049
0.169145
-0.691308
-0.011170
-0.095903
-0.593786
0.054348
1.225488
-0.938082
0.176413
0.070575
-0.488046
0.728840
-1.046988
-1.617799
2.279809
0.847264
-0.870876
1.667218
0.378545
-0.683771
-1.522584
-0.946210
-1.983685
0.382943
0.247806
-1.374995
-0.240169
2.566340
0.517691
-0.819196
0.640285
0.115098
-1.058706
0.632887
-1.136234
-0.334460
-0.888535
0.020537
-0.006509
-0.733848
-0.557920
0.761450
-1.325466
-0.844907
-0.947480
0.146648
-0.188483
0.362095
-0.914382
-2.003609
0.390269
0.790640
1.169111
-0.687815
0.257485
-0.388475
0.487775
0.849246
1.824507
-1.867143
0.479740
0.898146
2.347824
-1.077525
0.057358
1.057337
0.874081
-0.826969
0.411329
-0.278616
1.443711
1.738546
0.185096
-0.368669
-0.166335
-0.709721
0.819668
-1.600585
0.377068
0.266411
-1.288836
-0.456265
-0.016061
1.300340
-2.133185
-0.354821
-1.013041
-1.247950
-2.291572
0.324766
1.002691
-0.540785
0.353950
0.796464
-0.254591
-0.780378
-0.165153
1.759957
1.041090
-1.870834
0.250356
-0.310737
-1.583189
-0.975495
-0.050800
0.166701
-1.004062
0.197438
-0.326804
0.371861
-0.713561
1.659946
-0.017459
-0.669929
0.647474
-1.436983
-0.205702
1.823763
-2.080276
-0.639342
-1.092000
-1.438759
0.529798
1.567770
-1.698659
-0.721889
-0.932533
0.041925
0.429553
0.290742
-0.697165
0.145570
-0.234831
-1.390081
0.609153
2.678528
0.154075
-0.497500
1.447446
0.090092
-0.092440
0.583208
0.854929
0.041484
-0.723487
0.684291
1.757802
-0.724871
1.448502
-1.184221
1.137584
-1.102684
0.544780
-0.647525
0.775808
-0.068087
-0.645446
0.588162
0.473992
0.702265
-0.597817
-0.374457
-2.590056
-1.084567
-0.067080
-0.521457
-0.777099
-0.957541
0.393480
1.477032
-0.986889
-0.344427
0.108031
-0.613125
0.171717
-0.280402
-0.361201
0.192814
-1.517177
0.080063
-0.443909
-0.623673
0.707817
-1.388120
2.327434
-0.468471
0.229049
-0.234014
-1.085675
-1.192714
0.355860
1.260441
1.318600
-1.269684
0.086614
1.091518
0.435277
-0.112920
-0.535175
-0.090166
-0.557565
0.480983
-0.210036
1.247950
0.212341
0.256345
0.282410
-1.268125
-0.951731
0.427815
0.031709
0.218633
-0.038681
0.454652
0.289680
-1.327567
-0.298039
1.681562
-0.049877
-0.887850
-2.250110
0.969123
-0.754541
-1.017404
-0.782344
0.046372
-2.465758
-0.805753
-1.754226
-1.610332
-1.659511
-1.707335
-0.163354
0.214570
-0.894336
0.611305
1.615917
-2.837098
0.015175
-1.759344
0.923861
-0.738690
1.031704
0.347738
0.991859
0.053254
1.356269
2.761694
1.285138
3.343097
2.772724
1.148874
3.356210
2.966545
2.259559
2.363347
0.738845
2.759327
3.775083
1.724628
2.962910
0.595290
0.201244
0.650799
1.446731
1.411490
1.588566
0.893527
-1.221972
0.446464
-1.823779
-1.786163
-0.230308
0.471551
-1.661833
-0.091225
-1.144510
-3.363342
-2.291847
-2.168586
-1.187394
-1.219323
-1.159235
0.310169
1.676002
0.264572
-0.313884
-0.166970
0.086126
-1.463587
-0.019166
0.725582
-0.552013
-0.194864
0.492457
2.951177
-0.223645
0.998200
0.708821
-1.226554
1.307530
-1.070498
1.214834
-0.183878
-0.384331
0.633861
0.714384
0.620811
0.521961
-0.172486
0.190728
-1.152097
-1.363666
-0.855188
-0.094922
-1.232830
0.310474
0.251039
-0.985520
-0.349229
0.148827
0.282639
0.196149
-0.292551
0.716447
1.807864
-2.040636
1.204439
0.942616
1.208798
1.193375
-0.490599
-0.466968
0.955033
-0.440949
0.213585
-0.333736
-0.786107
0.397557
1.236571
0.136668
-1.189782
-0.432042
-0.240912
-0.440035
1.439840
-0.270284
0.336969
1.037425
-1.324081
0.623615
1.354150
-0.376273
-1.650346
-0.781206
2.132927
-1.560745
-1.013540
-0.069461
0.541490
-2.514584
0.214512
-0.477699
-0.584425
0.778344
0.079799
0.146533
0.103902
1.045853
0.971297
1.315835
-0.162827
0.666264
-0.581059
0.559773
-2.002799
-1.136696
0.014774
-0.196777
-0.971666
-0.334830
0.496728
0.443922
-1.177015
-0.255939
-0.212088
-0.263645
-0.833178
0.695500
-0.080618
-0.462754
-2.048945
2.252864
0.011065
1.135419
-1.500325
0.265549
-0.571707
-0.501570
-1.443748
0.345491
-0.856633
0.839299
0.786782
-0.419732
-1.084022
-0.637683
-2.100814
-1.940399
0.393190
0.682778
1.151841
-1.605560
0.022466
0.604847
-0.957535
-0.101403
0.802288
0.102668
-1.427180
-0.402041
-0.452422
0.881308
-0.668513
0.174511
-0.226622
0.682737
0.168329
0.273374
-0.146680
0.228420
-0.451583
-0.231669
-0.246112
0.156962
0.508363
0.442070
0.086773
1.130102
0.346529
-1.238043
0.027131
-0.156664
0.260760
-0.330417
-0.861409
-0.128368
0.402986
-0.955510
1.598320
-1.775151
0.075433
-2.201315
0.524744
-0.084855
-1.503314
-0.967736
0.750640
-0.060697
-0.520381
-2.290015
1.581851
-0.736414
-0.149285
0.401673
0.991619
-0.962992
-0.822426
-0.033373
-0.700253
-2.541105
-0.603367
-1.722138
0.556457
0.841726
-0.411488
-0.665499
0.029682
0.642155
-0.109787
0.157570
1.338213
0.549979
-0.727941
0.591179
-0.303198
0.301354
0.380770
-0.202487
-0.833654
0.890434
-0.149992
-0.182553
0.962222
1.170320
-1.712674
-0.131047
1.953713
-0.278125
-0.035315
-0.057996
0.449792
-0.536229
0.301589
-0.043947
-1.161982
-0.329449
3.245621
0.217800
-1.663048
0.101197
-0.548468
-1.175770
-0.730639
0.909403
1.411957
1.096629
-1.680269
-1.028031
0.192678
1.110352
-0.463526
-0.705301
-0.508116
1.077100
0.818869
-0.917165
1.151050
-0.279487
-0.369626
0.370494
-0.296114
-0.374643
-0.331543
-0.555781
1.134783
-0.615988
-0.565199
2.581006
0.815075
0.419247
0.189122
-2.379124
1.983806
-0.533554
-0.729194
0.453961
-0.726729
1.375427
0.297567
1.956893
-0.605500
0.502619
-0.364358
0.933029
-0.388236
-1.317760
-0.052045
0.202012
1.744233
0.354814
0.804192
-0.368001
0.052883
1.147206
-1.070436
0.400364
-0.378029
-1.813912
-0.106463
0.745552
-1.220085
-0.673648
1.187310
-1.114730
-0.420178
-0.936038
1.386823
-0.321447
1.505613
-1.814220
-0.636097
2.045906
1.381241
0.150590
-0.861078
1.120152
-1.076263
-1.411421
-0.041185
0.087869
0.013173
1.413952
0.470021
-0.011208
-2.257372
-0.436129
0.424153
0.595720
-1.966286
-0.420233
0.296722
-1.156283
-0.093583
-0.367963
-0.048477
0.422051
0.074054
-0.074283
-1.121294
-0.899036
1.089712
0.881642
-1.062438
-0.223945
-0.741200
0.381258
-1.445018
-0.573865
0.013533
1.717160
0.033751
0.625598
-1.086458
-3.039969
-1.073555
-0.052476
-0.415578
-0.120127
0.875868
0.071569
-0.107830
1.075077
1.096762
0.039930
-0.040795
0.819625
0.082931
0.856177
-0.404928
1.453814
1.075517
0.034696
-1.564292
2.582450
0.439967
2.931864
-2.083922
-2.080754
0.503204
-0.161466
-1.787901
0.277098
-2.100438
0.452010
-1.054202
1.324593
0.403674
0.436330
0.949188
-2.912280
1.362766
-0.060890
-0.219969
0.519135
0.237334
1.539895
-0.757137
1.864851
-1.225236
1.159384
0.418641
-0.971852
-1.568951
0.588136
0.740394
-1.272924
0.596105
-1.046208
0.307117
1.404099
-1.501115
-0.284176
-0.423501
0.211344
0.396442
-0.168008
-1.316075
-0.078778
0.541896
-0.871891
-2.401457
1.667077
-1.156175
0.302661
-1.147045
-0.243458
0.735616
-0.287756
-1.226315
1.287527
0.207037
-1.627264
-0.139964
-0.453262
-1.166384
1.052266
-0.089212
0.117373
0.247560
-1.500072
0.061684
0.870581
-1.113652
-0.373492
-0.414849
0.175899
-2.035530
1.411711
1.582735
1.516264
1.203646
-0.139431
0.619392
-0.055475
1.785600
-1.115841
-1.482544
0.590395
0.149217
0.804801
0.924845
-0.759077
0.144715
0.542462
-0.869998
0.453407
0.915373
-1.031937
-0.600108
-0.498937
0.685536
-0.075968
-0.797880
-0.794832
-0.347134
0.677217
-0.544398
0.659716
-1.207829
-0.392849
0.969344
0.194577
-0.631691
-0.675380
1.967606
-1.171971
0.685146
0.494785
0.418087
-0.117307
0.580698
-0.967592
-0.505230
-0.022273
-0.443890
-1.831798
0.775399
-0.272706
-0.661396
0.103173
-0.441676
0.375826
-0.422158
2.044146
-0.229793
0.482994
0.570217
-0.620093
-0.838478
0.312425
0.299645
0.668338
1.590142
1.262125
1.620106
0.282833
-1.178595
0.439903
0.290531
0.854677
0.803272
-0.090343
-0.264500
0.689937
1.274221
-0.055637
-0.035066
0.226336
-0.579675
0.309613
0.108631
0.123813
-1.070336
0.687708
0.325820
0.594098
-0.374117
-2.623087
-0.580564
0.735590
-1.283055
1.191525
-0.191101
1.064280
-0.288082
-0.686782
-0.164098
1.120051
-1.258215
2.182125
0.519888
-0.031749
-0.102076
0.125000
-1.320255
-0.904544
-0.319204
-0.420636
0.386398
0.278391
-2.977764
2.049025
-0.706171
0.828334
0.906813
0.739574
0.679268
-0.555837
-0.134590
0.134266
1.514484
-0.150610
1.393460
-2.345228
1.914761
-0.427284
0.027421
-0.115231
0.624019
-1.048392
-0.385955
-0.718360
-0.507105
-0.043756
-1.948612
-0.182089
-0.219363
-1.298734
-0.184093
-1.034499
0.638023
-0.840051
-0.252966
0.882937
1.182367
0.312747
-0.546386
0.360335
0.185880
0.933903
-0.008074
0.153171
1.304882
0.813942
2.025958
1.115147
0.548380
1.495985
0.199264
-0.368373
0.011730
0.940746
1.848469
-0.627003
-0.708815
-0.080252
1.596118
0.802381
0.162739
-1.476578
1.510514
0.376476
0.723068
-0.782567
1.012856
-0.270582
-0.061151
0.946262
-0.513187
0.073544
-1.918089
0.558567
0.049665
-0.053817
0.376994
0.011226
1.163779
0.546536
-0.020696
0.378091
1.887030
0.836863
0.338153
1.166661
0.149281
-0.236029
-0.400451
-0.635787
0.669424
1.463933
-0.570529
0.420142
0.166261
-1.455489
-0.704700
-0.480487
-0.054810
-0.742651
1.808054
-0.355505
-1.460658
-0.622552
0.246920
-1.992234
0.595481
-0.866548
-0.952362
0.695118
-0.820579
-0.128569
-0.835901
-0.661758
0.405475
-0.886808
-1.161665
-0.534016
-1.705521
0.284225
-0.926815
-0.314154
1.893924
0.693665
-0.006431
-1.135062
-0.669685
0.163370
0.095220
-1.439131
-0.927317
1.330094
0.424538
0.923590
-0.304780
1.157482
-0.309655
-1.567763
-0.852760
-0.407590
0.127843
0.737389
-0.265698
1.069673
1.382142
-0.307238
1.293414
0.522519
-0.440147
0.224996
1.281132
1.927246
-0.361644
1.656874
0.233171
-1.262730
0.166053
-0.385944
0.696557
-0.690916
0.086797
-1.411212
0.043168
-0.623110
1.253177
1.397558
-0.546738
0.198394
-0.493669
0.168679
0.237707
0.540614
0.335530
-0.696372
-0.205826
-0.512680
0.293358
-0.287323
-0.138663
-1.229325
1.193436
0.780483
0.268513
0.085062
0.831450
0.267794
0.141471
-0.978188
-2.511928
0.918633
-0.782469
0.975550
-0.235135
-0.255073
-1.446614
0.363195
-0.241634
0.426039
0.990565
-0.133777
1.390512
0.636377
0.601479
0.558717
-1.092699
0.211875
0.581071
-0.020361
-0.393645
-1.076120
-0.213714
0.174062
-0.877794
1.849362
0.799746
-0.303342
-0.983049
-1.019781
-0.824380
-0.338164
-0.774927
-0.625873
-0.084427
-0.607689
-0.191387
0.002399
-0.210570
-0.486747
1.433662
0.235460
-0.371124
-0.297169
-0.480739
0.262230
0.251414
-1.194126
0.267164
-0.771264
0.180959
0.295142
-0.766242
-3.073377
-0.061165
-0.096343
1.217782
-1.545982
1.007659
-1.228133
0.381082
1.531066
-0.782087
1.458630
-1.221773
0.181767
-0.509412
-0.200836
0.903594
-0.150025
1.419618
-0.112735
0.565353
-1.132667
0.060337
-1.926909
0.308448
0.024778
0.220895
0.626974
0.279329
1.440668
0.309282
0.029279
0.215997
1.779942
-0.364139
-1.709348
-1.275690
0.119796
-1.115458
-1.937716
0.426443
0.134551
-0.141171
-1.353276
0.382029
1.022864
0.164698
-0.278918
0.046975
-0.579891
-0.123823
0.605316
0.061438
1.432793
0.508459
-0.725226
-1.917450
1.576493
1.041143
0.509943
0.404657
0.785467
1.003837
1.670149
-0.130747
0.932700
-0.247442
1.836581
0.121433
-3.159682
1.117656
0.065131
-0.710320
0.678414
0.582755
0.637469
0.259293
-0.457707
-1.905817
-0.404706
-0.229182
-1.173814
0.058416
-0.407627
-0.111221
0.019041
0.920955
1.307089
-1.800749
1.965231
-0.665849
-0.859907
-0.301658
0.516624
-0.226289
0.429149
0.975742
-2.550374
-1.089951
-0.410168
1.101821
-0.598557
0.252710
-1.099555
-0.191056
2.109371
1.038442
0.509544
-2.882745
0.918077
-1.319961
-0.877465
-0.727532
0.787098
-1.140132
-0.158290
-0.360288
-1.886891
0.887570
-0.545804
1.241939
-0.149903
-0.696677
0.851516
-0.263190
0.671025
-0.256257
0.326715
1.448984
-0.076818
-1.066119
0.397925
1.760010
0.818036
0.777244
0.799881
-0.728483
0.432922
0.097984
-0.732544
-1.597651
0.664341
-1.649572
-0.890197
0.328874
-0.467682
0.235669
-0.466663
-0.767839
1.614347
-0.242560
0.166373
-0.321559
-0.334530
-0.969370
-0.230999
-0.066034
0.984579
-0.457209
-0.709827
-0.037906
0.828334
1.096581
1.339247
0.449712
-1.263075
-0.297645
-0.663933
-0.174237
-1.261256
-0.691408
-1.653379
0.439169
0.438160
-0.049197
-0.682133
0.252472
-0.069559
1.500178
0.207397
0.312689
-0.177597
0.534863
-1.228993
-0.924254
0.301313
2.541380
0.199470
1.198738
-1.133553
0.812973
-1.486897
1.641488
1.616429
-0.409880
0.943918
0.727945
0.356143
-1.472595
-0.137380
-0.407052
-0.317217
0.583335
-0.376575
-1.127658
-1.210274
0.261456
-1.632428
-1.172361
0.110988
0.459945
0.528128
-0.878861
-0.402272
-0.038667
-2.119516
-1.423093
0.412788
-1.921687
-0.508243
-1.806297
-0.519349
-0.989473
0.333339
-2.112691
-0.028277
-1.164288
-0.440410
0.804611
-1.152003
0.604269
0.217458
-0.868690
0.766678
-0.019074
0.610124
0.675411
-0.367736
-0.432485
-0.516489
-0.541361
1.103948
-0.984857
-1.525411
-0.689529
0.803127
1.883442
0.519439
0.401117
0.225445
1.224192
-0.213805
0.836364
-0.825133
-0.591422
-0.509722
-1.129098
-1.468874
1.162292
1.069568
-0.924691
0.048267
-0.803926
0.332797
1.300787
0.549450
0.633316
0.293918
-0.815137
0.092751
-1.535687
-1.007005
-0.392097
0.355828
-1.290651
0.278579
-1.838446
-0.324397
0.938243
0.477747
1.251398
-0.425361
-0.331097
0.254260
0.628721
0.510912
1.088162
-0.624610
-0.989850
1.137789
1.331653
-1.930875
-0.164626
0.042332
-0.252374
-1.241432
-0.823003
1.379910
1.005660
0.046725
1.655908
-0.108588
0.934550
-0.534550
0.426052
-0.845182
-0.033070
-1.390122
-0.926711
-0.166451
0.247071
-1.217857
0.399254
-2.122181
0.882376
0.841171
0.112617
0.600208
0.359649
-0.077331
0.371018
-0.910983
-0.875000
0.285466
-0.078353
0.441828
1.985160
-0.729002
-0.056087
0.260420
-1.632329
1.063850
-0.862526
0.845472
0.402441
-0.611956
-0.472205
0.028332
-0.417354
-0.301990
1.045691
2.789541
-0.575562
-0.301043
1.146676
0.690089
1.079053
-1.022163
1.690227
-0.948896
1.514907
1.815289
0.992428
0.203701
-0.667617
0.486822
1.087780
0.259520
-0.104524
-0.276662
-0.196340
-0.922513
-0.640971
1.086249
0.439905
1.470410
0.923179
2.234163
0.070621
-1.672442
-0.642856
-1.540284
0.241561
0.727665
0.209773
0.946956
0.743048
-0.981527
1.086017
0.168708
-1.014893
-1.160080
1.832112
-0.492000
0.535880
-1.053406
-1.167063
0.704725
0.547982
-1.032836
-0.429292
0.692749
-0.967835
-0.109390
-0.367399
-0.321863
0.494093
-0.558747
0.857376
-0.938995
-0.915292
1.305550
-0.501731
1.276700
1.112109
-0.637349
0.668111
-0.005271
-0.814696
-0.587159
0.736498
-0.453396
-1.102181
-0.925824
-0.460460
1.107049
-0.587880
0.304345
-0.863408
-0.804251
-0.439723
-0.786470
0.721536
-0.119845
-1.866845
-0.169030
0.440972
-1.613175
0.257466
0.362504
1.989577
-0.826199
0.664449
-0.394813
0.802817
-0.501773
-1.108163
-0.189983
-1.038307
-1.434279
1.195866
-0.210126
0.704374
-0.543899
-0.178065
0.027091
-1.010294
0.556083
1.146086
0.180027
-1.520790
0.153404
-0.590072
-0.360842
0.837141
0.650819
0.497680
-0.672701
-1.564158
-2.080743
0.704782
1.117381
1.273029
1.268005
-0.620353
0.270304
0.662409
-0.228647
-0.518870
-0.791293
-1.015041
0.910646
-0.804860
1.127814
-0.168358
0.616368
0.090694
0.518916
-0.686758
1.065616
0.903587
0.631130
0.511640
-0.102526
0.030287
0.947729
1.564056
0.015924
-0.804159
-0.202179
0.778328
0.138802
0.948379
-0.963688
-1.725546
-1.159941
-2.499715
0.392917
-0.214370
-1.123113
1.468139
1.423022
-1.783678
0.306816
0.737002
-0.258799
-0.221792
-1.746860
0.070573
0.024424
0.560511
-0.711661
-1.632896
0.694902
0.631989
0.883422
-0.280994
0.188004
-0.029804
-1.124099
-0.893092
-1.485677
-0.144664
-0.932104
1.388743
-1.207598
-0.040766
-0.563622
-0.245683
0.843244
0.887757
0.639163
0.259451
0.040088
1.837617
-0.140015
1.302801
0.255867
1.031994
-1.092689
-1.297875
-0.354438
0.780170
-0.232199
0.927430
1.450737
0.878640
-2.038329
-0.666702
-0.946536
-0.271963
-2.332339
0.175986
0.050356
-1.283400
-1.526237
-1.612667
-2.048979
1.730825
-0.297571
-0.526505
-0.152408
-0.203864
1.101447
0.106380
-0.033344
1.041500
0.026646
-0.371677
-0.609835
0.862858
-0.260281
-1.325228
-0.426228
-0.336946
-1.156687
-0.632903
0.869339
0.537309
1.042899
1.537464
0.780088
0.717999
-1.540043
-1.309875
0.184119
-0.052071
-0.641765
0.599256
0.716419
-0.260624
-0.651411
0.163824
-2.482338
-0.018114
0.544362
-1.274696
1.678732
1.154986
0.289343
-0.304578
-1.518067
-0.392191
-0.936242
-0.738570
-1.703503
-1.257702
-0.674950
-1.624915
0.820292
-1.488207
-0.612553
0.257144
0.048222
-0.711221
0.996674
0.284603
1.155553
-0.864416
1.060799
-1.299286
0.187391
-0.633799
-0.954474
-0.786036
0.442435
0.371598
0.006975
0.534949
-2.069804
0.762359
-0.320047
-1.137781
0.747128
-0.176333
0.563534
-1.191799
0.808753
0.365423
-0.286702
0.309050
0.250744
-0.232541
-0.254538
0.025078
-0.828249
-0.172734
1.018945
-0.455519
-0.225093
-0.507185
-0.169445
-0.204271
0.148176
1.456151
-1.001501
-0.061109
-0.720781
0.323019
-0.018619
1.198719
0.772695
-1.155355
0.080180
-0.176168
-1.350427
-0.691520
0.072070
-1.798164
0.532925
-1.416305
-0.200223
1.093640
-1.151690
-0.727500
-0.335408
-1.116597
0.115069
1.566785
-0.520442
-0.551511
-0.400828
-1.245258
-0.878945
-1.373980
-1.374304
2.705721
-0.000077
-0.927810
0.976903
2.205721
-0.253304
0.196455
0.353062
0.559625
-0.363544
0.621144
-0.654895
-1.260046
1.814021
0.887513
0.925630
-1.596773
-0.180164
-0.146409
-1.095170
0.837521
-1.154083
-0.356391
-0.782732
0.187978
0.390770
-0.414265
0.643027
0.922863
0.507304
0.366415
-0.079426
1.236297
-0.295048
0.025521
0.590944
0.813049
-0.785946
-0.821673
-0.591810
0.504619
0.494231
-0.325232
-0.134523
0.793704
0.366711
0.532335
0.445029
-2.210291
-0.018021
0.968165
0.595003
-0.897958
-0.488742
0.014147
0.025659
0.305879
0.007875
0.520565
-1.712675
0.528110
0.733617
1.343675
-0.612449
0.494805
-0.538233
-0.398008
1.235585
0.642683
1.798599
-0.225712
2.514040
-1.150197
-0.350836
0.474623
-0.171152
0.175858
0.850574
-0.765906
1.349043
0.583919
0.652967
0.791150
-0.377845
-1.684901
0.423106
1.405490
1.919901
0.543897
0.180410
1.214288
0.823507
-0.873030
-0.122792
2.121306
0.100119
-0.151036
-0.373102
-0.017210
0.326723
0.850878
0.535997
0.477333
0.345279
1.039823
0.931819
1.349736
-0.996164
1.289399
-0.294449
0.527456
1.636580
-0.253556
-0.115789
-0.249752
-0.884975
0.973240
-2.084830
0.068714
-1.201344
2.249006
0.245206
-0.188612
-0.093923
-0.574750
-1.844172
0.396645
-0.737695
0.057237
-0.140779
0.119133
-0.649750
0.450646
0.439390
0.720718
0.738183
-1.120565
-0.978181
2.385161
0.895492
-1.264825
0.509422
-0.436586
-0.520690
-0.474797
-0.066433
-0.115913
-1.097010
-1.539725
-1.461829
0.321916
0.224758
-2.032311
0.339331
-1.011683
-0.978539
-0.943227
-0.268130
0.787756
1.768451
-1.388466
0.218714
0.017650
0.387333
-0.514718
-0.241830
0.056581
-0.363583
1.166342
0.897528
-0.508923
-0.190284
-1.407219
0.104951
-2.430350
1.055637
-1.214008
1.520814
-0.259613
-0.117896
0.534255
-0.117727
0.779819
0.176809
-0.251634
-1.212433
-0.436483
0.254673
0.795259
-0.122753
1.612465
-2.015397
-1.386387
-3.020078
-0.346679
-0.345946
2.188982
0.273922
-0.696641
-1.235759
1.075597
-1.254650
1.389733
-1.566806
0.847264
0.429486
-0.629143
0.537278
0.878206
-0.036660
1.276063
-1.326109
0.105853
-0.128580
-1.450823
0.732055
2.718754
0.140896
-0.084111
-0.191497
-1.532430
0.573134
1.205584
-2.669631
-0.875733
-1.554200
-0.769510
-0.572678
1.918223
0.336015
0.019685
0.113395
-1.790760
-0.183675
-0.864834
0.200012
1.556635
-0.434266
-1.485939
2.188704
1.619404
0.062644
-0.980860
1.143459
-0.709061
1.384517
-1.114949
0.363700
-0.380014
-0.232966
-0.395279
-0.612719
0.355542
0.306685
0.978233
-0.552633
-2.280519
-0.006441
0.137152
0.791972
-0.951363
1.174858
1.343356
-0.807173
-0.050917
0.422152
1.666136
2.022475
-0.031637
-2.307744
-1.204406
0.496701
-0.507233
0.967736
2.270149
-0.327116
1.387038
0.658862
-0.014585
-0.145831
-0.877817
-0.736636
-0.618879
-1.859202
-1.591010
1.223284
0.390030
-0.519079
-0.869767
0.570308
-0.327362
-1.321431
-0.478035
-0.990327
-0.894533
1.610646
-0.126747
-1.383036
-1.340768
1.743832
0.703767
-0.778781
-0.422852
0.451274
-2.226738
-0.440020
-0.219070
-0.181533
-0.116352
1.388981
-0.017409
0.844252
0.724005
0.118496
0.384855
0.158360
0.789142
0.028903
-1.367426
-0.215204
0.224213
-1.905891
0.974895
1.027904
0.466588
-0.316140
1.379412
0.078136
-0.150516
-0.256458
-2.247894
-1.818280
0.281506
0.281306
-0.983012
-0.501521
0.473305
0.489737
1.339759
0.217671
1.095534
0.693037
0.490681
-0.426509
-0.097822
0.190561
-0.478767
-1.389551
-0.864685
-1.526070
0.333204
-1.304169
1.126260
-0.299650
-2.189249
0.313445
0.423576
1.093217
0.201717
-0.192582
0.680719
-0.199498
-0.284265
0.288488
-1.020992
0.787916
-0.929788
0.356575
-0.003470
0.874241
0.135415
1.464634
-0.959441
-1.435286
-0.287559
-0.744716
1.640818
0.185211
1.159301
-0.241378
0.649711
0.074109
0.446447
-0.806023
1.504895
1.019083
0.513157
-0.985334
-0.204986
0.738874
-0.331401
-0.155255
1.294652
-0.770169
2.043680
0.424670
-0.815045
1.211445
-0.454109
-1.456080
0.875512
-1.031385
0.721220
0.496363
-0.429799
-0.709576
-0.089234
-1.444238
-2.125686
0.074625
0.788576
-0.555588
1.188164
0.849635
-0.396718
0.850465
0.756374
0.719119
-0.086386
-0.080122
0.427043
1.655412
1.919793
0.196668
0.862410
0.627169
-0.491509
-0.293363
0.227820
0.492185
0.011094
0.859458
0.944787
-1.760272
0.093099
0.769752
0.293037
-0.667354
-0.072368
1.882114
2.384370
-0.939725
0.067764
1.444605
0.505046
-0.354060
1.496892
-1.546725
0.098399
0.632970
1.587930
0.470715
-0.121598
-0.200591
-0.826585
-0.398769
-0.896355
-1.434742
-2.282615
-0.379702
-1.515314
-0.342868
0.562292
-1.546958
0.803336
0.011309
-1.124120
-0.705737
0.736239
0.046368
-0.867988
-2.356707
-0.909083
0.035221
-1.663667
0.015850
1.345137
0.121947
-0.343693
-0.208088
0.400219
0.217432
-1.146644
-1.455011
-0.579934
-1.069015
0.888239
-0.693996
0.075284
-0.354360
-0.094947
-0.069187
-0.757107
0.522435
0.435238
0.266233
0.410904
-0.808727
-0.575370
0.414897
1.043028
1.854131
-0.065596
0.049270
0.326982
-0.092579
-1.642571
-0.236846
-1.158352
-0.732351
0.436517
-1.172372
-0.208993
0.844831
0.332166
0.576744
0.674228
0.698152
0.184197
0.112729
-1.683123
-0.822106
1.158616
1.463184
-2.575404
-0.932079
-0.062581
-0.027105
0.714297
-0.381107
-0.676404
1.169465
1.607323
-0.378306
2.180048
-1.341019
2.513610
0.879186
0.479695
-1.050519
0.435569
0.595246
-0.577240
0.325659
-0.569017
1.342062
2.400053
1.374227
0.725522
0.643603
-0.867332
0.060073
0.483255
0.546474
0.424289
1.082761
-1.555934
-0.703831
0.366278
0.243344
0.933857
0.911779
1.287560
0.066355
1.730210
-1.216780
-0.324733
-0.850625
-0.169097
0.821461
1.046031
-0.270864
0.602516
1.645713
-0.578528
1.297503
0.561894
-1.087025
-0.322594
0.111682
1.352416
0.411317
-1.234645
0.039490
-0.346729
1.280885
-0.394156
0.202630
-0.792425
-0.617273
0.350108
-0.825760
-1.766491
0.111772
-0.982313
0.446007
0.816268
0.906371
-0.372360
-0.652416
0.408017
-0.618712
0.159203
-0.800192
1.332947
-0.557079
0.556085
0.055785
1.343032
-0.346343
0.489990
-2.329884
0.175954
-0.886497
-0.435575
0.037854
-1.519458
-0.169450
-1.710966
0.314182
0.484524
-1.246685
-1.347118
0.814494
1.423860
0.110822
0.260878
1.285907
-1.514019
0.128444
-0.061698
1.194660
-1.245252
-0.709466
-1.298560
-0.580226
0.856709
-1.186475
-0.174326
-0.123600
0.856549
0.747999
-1.151459
-0.332504
0.505281
-0.746387
-0.264949
-0.054070
0.504744
1.249802
0.517307
-1.687321
1.580342
-0.457778
-0.533520
-0.669441
-0.161309
0.183132
-1.198538
0.381844
1.405456
-0.822558
-0.749135
-1.910525
-0.254181
0.751987
0.654403
0.555917
0.154934
-1.401830
0.162567
0.042084
-1.232673
1.080710
0.216520
0.603925
-0.351178
-1.495948
0.508142
2.263496
0.245958
-1.003806
0.779013
0.627957
1.415510
1.019561
0.229509
0.161124
-0.499661
1.404662
-0.291071
0.615309
-0.423465
-0.574445
-0.774142
1.931634
0.814213
-1.126060
-0.354187
0.995301
1.559704
-0.677536
-0.702028
-0.236754
0.029670
1.333865
2.220641
0.636487
0.278775
0.003029
-0.194850
-0.432600
0.793552
0.526350
-0.178950
-1.044138
0.575692
-0.743789
0.515433
0.256716
0.201517
1.440747
-0.306970
-0.370642
0.511887
0.204101
0.274046
0.222084
-0.090390
1.481003
0.934101
-0.797439
1.837467
-0.911391
-0.228013
1.170705
-0.033336
-0.103857
-1.439399
-1.857002
-0.372711
1.060259
-0.218594
-0.855902
-0.137210
2.068988
-0.610753
-0.121170
-0.899228
-0.088713
-1.245418
1.365574
0.633257
-0.076006
0.692825
-1.395789
1.485533
0.327500
0.825398
-0.026386
-1.171018
-0.308445
0.568296
1.692111
0.251058
-0.791338
-0.792648
-0.741767
0.270238
-0.487908
-1.450655
1.351583
0.182320
0.090551
0.777947
-1.995938
0.971773
1.124552
-0.097027
0.999481
1.279127
0.634728
-0.091463
0.865584
0.211743
0.239799
1.197535
0.019098
3.436246
1.184632
-0.991953
-1.300658
-1.190918
0.876147
0.589795
-1.284233
0.542401
0.205100
0.084243
0.511548
-1.935121
0.868554
-0.808600
0.137408
-0.076087
-0.185509
1.713859
-0.492262
0.344276
1.135496
0.293445
-0.009923
-0.710036
0.302765
-0.650814
0.581586
0.496419
1.579022
0.583260
-0.827276
-0.537611
-0.202225
-1.114096
-0.265270
-1.731036
0.310835
0.582152
-0.963240
0.823481
-1.177374
0.988248
-0.966761
-1.146507
1.630423
-0.678698
0.535943
0.197438
0.008286
0.177552
0.214597
0.231845
-0.195564
1.405719
0.005667
1.088847
-1.668101
-0.457126
-0.344168
0.708885
-0.237261
0.801409
-0.854057
-1.354337
-1.150761
-1.416617
0.024289
0.932208
-2.644330
0.652318
-1.035043
0.362372
-1.365813
-0.255455
0.552940
-0.237387
-0.742391
1.123571
-0.098327
-1.049057
0.452600
-0.876886
-0.738825
0.246331
-0.918540
0.952640
-0.375364
0.365155
-1.122025
0.301338
0.333935
1.316368
-1.206016
0.655642
-0.957139
-0.645178
0.709967
0.036589
-1.206753
-0.749006
-0.097748
1.548799
0.627431
-0.718642
-0.031129
-0.530470
0.959733
1.620687
-0.792596
-0.750491
-0.452322
2.648016
-1.057987
-0.175345
0.520490
-0.961205
-0.864754
-0.692483
0.234608
0.740818
0.606477
-0.917487
0.803821
1.260435
0.478283
0.431469
1.476779
1.213077
-0.382302
-0.336975
-0.835320
-0.096446
-1.435665
0.268022
0.789254
-0.838590
-0.445815
-0.762254
-0.523515
-1.170805
0.641350
-1.207781
0.102479
0.364362
-0.252684
-0.062637
1.263266
0.704878
1.193929
-2.440498
-1.735958
-0.121637
-0.418034
-0.074851
0.567642
0.805684
-0.898954
0.470957
-0.710832
-0.211766
-0.002587
-2.135029
-1.352134
-0.236015
-0.215468
-0.789975
-0.142575
-0.734066
0.745643
0.615910
-1.370205
0.344406
0.027147
-0.778475
-1.335427
0.204542
-0.307805
0.550920
0.376294
0.075210
-0.280511
1.105314
-0.200324
0.261954
0.634912
-0.859459
0.677561
0.155267
1.389280
-1.720173
1.232625
-0.829937
1.793250
0.041459
0.928034
-0.275955
1.597556
-0.014411
1.610318
-1.011932
-0.994198
-0.775800
0.074372
0.258594
0.648522
1.459307
1.914244
-0.003072
-0.230812
0.431091
1.690391
-0.737314
-1.653179
-0.651309
-2.587882
-0.530312
0.019636
0.090410
-0.546864
1.726808
2.037166
1.278350
-1.136285
-0.024751
0.342849
-0.775514
-0.650798
-0.510138
0.636920
0.451226
0.148050
-1.727444
0.607535
0.349148
-0.409340
0.375628
-0.808367
-1.302386
1.841035
-0.135246
-0.074541
2.152973
1.965743
-0.754080
0.478627
-0.807633
-2.029289
1.941490
0.161565
0.588928
1.811538
2.544145
-0.337592
-0.693561
-0.447655
1.269187
-1.285522
1.627742
0.964301
0.410850
1.753993
0.189577
-0.283096
-0.593966
-0.687382
-0.683928
0.111914
0.883224
-0.782642
1.127091
1.228052
0.046165
-0.201274
-0.611374
0.405859
-0.320749
1.109938
0.293251
1.376326
1.162529
-0.698599
0.958517
-0.388396
1.734590
0.014393
-0.485053
-1.081326
0.951466
0.750310
0.140013
-0.458343
-0.034083
-0.336220
0.556515
0.032315
0.978709
0.678316
0.170408
0.730792
-2.805735
0.131562
0.164075
0.036652
1.473294
-0.311548
0.025830
0.529824
0.898410
0.436328
0.544404
-0.915578
0.783476
-0.670017
0.882461
0.277541
1.928782
-0.567437
-1.586196
0.465697
2.223320
0.225252
1.563484
0.179598
1.465931
-0.331611
0.698104
-0.337011
0.167796
-0.174149
0.005574
1.041917
0.468414
0.777391
-0.101601
-0.247927
1.370983
-0.087231
0.692392
-0.327611
-1.179423
0.713635
-0.099641
1.039670
1.821969
-1.231674
-0.932154
0.034255
1.491248
0.326609
-0.827150
-0.171637
0.449826
-0.941565
-0.544238
-0.836561
0.213625
1.291747
-0.327452
1.030076
0.194887
-0.134439
-0.656367
-1.248627
0.075824
-0.401853
0.236408
0.221319
0.733184
0.881117
0.073037
2.454210
-0.309843
-0.411876
-1.037872
-0.407584
0.983423
-0.001171
-0.470452
-0.264879
1.308845
-2.589277
0.499421
-1.452457
2.136159
-0.374027
-1.260474
0.914440
-0.570416
0.630140
-0.194901
0.299779
0.827278
-1.207498
1.772047
0.817789
0.708306
2.318281
-1.031211
1.145114
-0.292670
-1.861128
0.119330
1.177405
0.236956
1.641336
0.198685
-1.438724
-0.461316
-0.664014
-1.956337
-0.552990
-1.243606
0.853109
-0.609281
0.599267
-0.383902
0.700572
-0.020298
-0.034139
-1.028844
-2.497307
0.267459
-1.645204
0.502354
-0.665623
0.107539
-0.634334
0.570836
0.294975
1.887037
0.511597
0.067726
0.446443
-0.539227
1.302640
-0.193748
