-0.940813
-0.697754
0.526640
-0.274363
2.175143
-0.532407
0.437077
-0.433423
-0.490599
0.311661
1.536507
-0.452177
0.049211
0.662986
-1.261163
1.802123
0.393742
-3.282487
-0.109209
0.444659
1.732865
-0.338030
0.088834
-0.349875
-1.231461
0.218048
1.057638
0.398648
1.984599
-0.859134
2.376878
0.908996
-0.866210
-0.270717
1.312615
-1.584943
0.021958
-2.231924
-0.085423
-1.199696
0.305687
0.855024
1.361842
0.452634
-1.613177
-0.465435
-0.734575
-0.289494
-0.890601
-1.775472
-0.411054
1.066986
0.202913
0.559361
1.289178
2.721908
0.000394
0.084840
-1.673180
-0.334580
-0.504579
-1.796711
-1.916196
-0.069109
0.565010
-1.844963
0.048625
-1.090703
-1.391174
-0.812931
-1.309381
-1.011715
0.844923
0.354666
0.066215
0.623496
-0.172591
0.671751
0.165727
1.419961
-0.634505
0.406269
-0.686730
-1.452040
-0.723999
0.980847
1.129868
-0.640619
0.036552
1.928565
-0.285251
-0.200889
1.184521
-0.241875
-0.079828
-0.102096
-1.939988
-1.354263
-1.410124
1.182138
1.203944
-0.745415
-0.118464
-0.110716
-1.052764
1.134748
-0.230462
-1.532678
-0.264734
0.551715
-0.977078
-0.672438
0.234445
0.572674
-0.281052
-0.587570
0.613578
0.601849
-0.124752
0.016571
0.982319
-0.851902
0.439596
-0.377548
-0.269397
-1.423158
0.482368
1.559395
-0.389053
-1.244079
-0.241865
1.084326
0.335407
-0.045330
0.413168
0.221539
0.084902
-0.027833
1.406035
1.421479
-0.244657
-0.455101
1.400232
-0.683205
0.674148
2.279314
0.368364
-0.368042
-0.342125
0.415214
1.507834
-0.927179
0.074889
0.661719
0.667602
-1.542024
-0.823572
1.100072
-0.234012
-0.729912
-0.067730
-0.068449
-1.855749
0.354152
-1.382329
1.393139
0.813747
0.791527
1.921855
-2.668099
-0.745698
0.404513
-0.347405
1.618954
-0.353198
-0.598201
-0.026079
1.049623
0.303154
0.481456
1.015766
1.145943
-0.336456
0.639977
0.587772
-0.911115
-0.109621
-0.218174
0.019255
-1.021859
-0.152709
0.873910
-1.008424
-0.115020
-0.579353
-0.902807
0.315727
-0.489166
0.613258
0.216610
1.389657
-1.213592
-0.359173
0.647851
1.774256
-0.708914
-1.289851
-0.207418
0.192607
1.942166
0.657425
0.479167
0.123514
0.214260
0.249219
-0.639360
-0.630880
0.408550
-1.477844
-0.047196
-0.243601
-0.317796
-1.879435
-0.914808
0.118847
-0.947776
-0.339223
0.217180
-2.784868
-0.436627
1.966508
1.484901
1.483241
-0.043364
0.317842
1.618392
0.787687
-0.166237
0.029934
0.593870
-0.042086
0.133612
-0.556428
-1.643430
0.578039
-1.451165
-0.160308
0.237620
-0.955674
-0.715988
-0.433844
-1.116042
0.151731
2.069510
0.571327
0.027990
-0.340752
0.909088
0.435786
-0.427482
-0.049936
0.379994
-3.164182
-1.213153
-1.026956
1.506806
-0.555049
0.733246
-1.672945
1.051785
-1.708779
0.077735
-1.012753
0.166979
-0.294870
1.490889
-0.443051
0.762605
0.129278
-0.804645
-0.258611
-0.553149
-0.490455
-1.031055
1.575303
-0.087649
1.043907
0.396574
0.380512
-0.673427
-0.315607
-0.085806
1.406845
-1.035311
-0.668580
1.177063
0.557830
-0.490328
1.306329
0.879523
1.710654
0.242626
0.279746
0.009564
-0.109896
2.312788
0.757097
-0.510152
-0.810160
0.528332
-0.709760
0.905797
-0.528617
0.689757
-0.742504
0.733563
0.794496
0.714687
-0.290777
-0.097343
-0.868851
-0.548925
-0.309813
-0.307415
-0.575341
0.132516
1.188570
-0.499788
-1.210951
-1.664844
0.743566
-0.132237
0.243852
-1.495746
1.422587
0.924046
1.457153
0.721381
0.329726
0.801555
0.981630
-0.244235
-0.825159
0.502423
-0.238009
1.001508
0.201949
-0.197881
1.246139
-0.703973
-0.260704
-0.223152
-0.147207
0.096705
-0.702111
-0.365961
1.507477
-0.233339
0.161163
-1.481682
1.152395
-0.653673
0.833888
-0.504330
0.826860
-1.563357
1.881060
1.303752
1.308535
1.184171
-0.224585
0.335815
0.158532
1.331822
-1.036045
-0.140394
0.634206
0.358254
0.675907
0.138437
0.746111
0.318202
-0.487945
-0.465094
0.703270
1.233162
-1.100093
-1.349793
-0.712441
0.255257
1.063422
1.733557
0.902486
0.160757
0.970237
-1.957060
-0.243128
-1.031730
-1.174711
1.443564
0.075371
1.996253
-1.399134
-0.178297
0.155980
0.020896
1.236450
1.450215
0.125440
-0.964672
0.582326
0.689776
0.048856
0.161169
-0.637335
0.160652
1.241544
0.923572
-1.623421
0.649297
-0.044047
-0.158849
0.407280
-1.237920
0.455074
-0.093075
-0.636761
-0.372022
1.892860
1.361230
0.463214
0.957341
2.047342
0.534840
-1.841202
-0.255650
0.595907
-0.784666
1.123883
1.195478
0.038678
-0.147029
1.012748
-1.319097
0.133320
0.287699
-0.745546
-0.156842
-0.123412
1.198202
-0.151120
-0.257149
1.286461
0.041998
0.801172
-0.155592
-0.891716
-0.649084
0.288923
0.075024
0.268787
0.162225
0.445687
-0.133504
-0.429509
0.040895
-1.219836
0.765947
1.008355
0.113576
-0.032373
-0.937291
0.085123
0.924560
0.405272
-0.749027
-0.270796
-1.044331
0.111327
0.092958
-0.964267
-0.684474
0.443970
0.684432
-0.182421
0.999466
0.752426
-1.528734
0.512028
-1.299643
-1.330311
0.944419
-2.135525
-0.641588
1.468791
0.289744
-0.805659
1.016390
-1.214052
-0.514159
0.255510
0.786642
0.756449
-0.797376
0.997155
0.043840
0.428434
0.002848
-1.610026
-0.278586
0.788100
-0.355881
-0.622522
0.308898
-0.544611
0.975314
0.607650
-0.984198
1.216923
-0.553390
0.990896
-2.090790
-1.302375
-0.144644
-0.419311
0.616471
0.355789
-0.024092
-1.021721
0.572416
-0.669444
0.481307
0.093126
-1.366695
0.711179
0.143035
0.843560
-0.169780
-0.234299
0.468069
-0.393439
-0.714157
1.524259
-1.107439
0.591272
-0.869768
0.935118
0.661854
0.232912
-0.729843
-1.355548
-0.038725
-1.374218
-0.769584
-0.276909
-0.833630
1.770198
0.629122
-0.558714
0.113621
-1.502492
-0.916855
2.357815
0.346743
-0.046331
0.033889
-0.117938
0.307371
1.192297
0.800639
0.823691
-0.860498
-0.507407
-0.224254
0.763933
0.101859
0.193567
-0.102149
1.069493
0.292941
1.106653
-0.331354
0.347445
0.394653
-2.307485
-0.773253
0.374801
-1.263207
-0.307212
0.052905
-0.913750
-1.195475
0.219190
-0.972754
0.598340
0.664876
-0.096088
-0.748706
1.197430
1.584610
-0.267529
0.039569
-2.646854
-2.032495
0.765917
0.703840
-0.430179
0.039472
0.855951
0.984308
1.556861
1.021705
0.251686
-0.890862
1.013275
-0.349180
-1.095637
0.253629
-1.049233
-0.055856
0.061848
0.036869
0.637291
-1.919528
0.818001
0.168058
0.058628
-0.417330
-1.204491
-0.499640
0.004624
-0.535490
2.071160
0.238967
0.628738
2.059609
-1.529970
1.889121
1.116505
0.497352
-0.274867
-0.882530
0.540633
0.018281
-0.154792
-0.299491
-1.576482
0.193456
-3.165406
-0.832704
1.076032
-0.356076
0.961847
0.699805
0.349723
0.439054
0.145074
-0.102206
-0.428399
0.623673
-0.441164
0.377932
0.577158
-0.170220
-0.110918
1.294078
1.009995
-0.928278
-0.671628
-0.314316
-1.036998
0.997272
1.370003
-0.427257
-0.142848
-0.567439
-0.581588
0.457799
0.268757
-0.748345
0.790729
0.519455
0.534022
-3.157536
0.399952
-0.040187
0.343597
0.201654
1.381307
-0.145349
-0.053455
-1.565843
-1.059392
-0.223039
-0.181070
-0.376570
1.369362
1.126667
-1.681329
0.971117
0.081435
-0.988329
-0.992742
-1.148461
0.573757
0.668036
1.357381
0.294564
-0.125082
-0.126571
0.035396
-0.539640
0.756564
-0.345180
2.280190
0.317633
0.355112
1.116182
0.538321
-0.691042
-0.697119
0.954310
0.170772
0.813737
-0.416269
-0.432553
0.228153
0.862513
0.324117
1.336844
1.439021
-0.948715
-0.689661
1.766389
3.378184
0.430433
1.080864
-0.806587
-1.476461
-0.292429
0.018749
1.548595
0.046322
1.007305
-0.143949
-1.406437
-1.174911
-0.718482
-0.922220
-1.764144
-0.513892
2.138455
-1.410590
-0.247260
-0.863086
0.475024
0.830416
-1.221724
1.527451
-0.097648
-0.013091
-0.026516
0.252531
-0.563226
1.299834
0.518027
0.556507
0.922987
-0.671103
0.676991
0.993977
0.614364
-0.258292
-0.251659
0.868202
-0.086489
-0.517595
-0.745058
1.565682
-0.342801
-0.763403
-2.252102
0.248131
-0.946874
-1.528498
1.143842
0.718711
0.241486
0.940468
0.425373
1.136522
1.642153
1.199357
1.248927
0.311974
1.053344
-0.555547
-0.104381
0.656792
-0.940616
-0.421512
0.565626
-0.075215
-1.781581
0.008034
-1.158337
-1.306019
0.805752
-1.245846
0.271496
-0.623975
0.688746
0.503481
-0.629009
-1.209084
-0.443016
-1.138679
1.016644
-0.725987
0.148733
0.971433
-1.208851
1.237962
0.857660
-1.314401
-0.408152
-0.684061
1.219032
-0.210927
0.397376
3.018692
-0.694562
-0.165814
-1.384096
-1.304712
-0.329616
-0.171537
-0.843379
-1.279402
2.040644
0.031503
0.617376
0.187268
1.272920
0.001133
0.222548
-0.445760
0.451592
0.163764
0.407516
-1.553117
1.145389
-0.616923
0.262080
-0.058408
-0.257794
-0.337940
0.510670
-1.250096
-1.097388
0.440650
2.520887
1.789672
1.062789
1.208485
1.214162
1.320729
-0.893972
-0.688293
0.504535
-1.115546
0.982312
-0.179311
-0.144198
-0.847763
0.476400
-0.431207
1.827134
-1.353387
-0.360709
-0.036380
-0.712136
2.110791
-1.755845
-0.357011
-0.285477
1.335889
-0.198411
-1.237806
0.259206
0.377264
-0.825170
0.269889
1.389934
0.576252
-1.150437
0.485923
0.488938
-1.395106
-0.740373
0.097267
-2.548727
-0.076464
1.035859
0.404444
-1.055898
0.101899
-0.032882
0.521312
1.353177
1.771835
0.169581
0.271162
1.182207
-1.520581
0.577115
-1.353938
0.328967
-0.554400
-1.690795
-0.553037
1.079675
0.170479
-0.776974
1.001175
-1.295784
-0.563215
-0.091423
0.512266
-1.628383
1.475213
-1.044972
1.313755
0.570579
0.812697
0.212423
-2.789083
-0.616558
-0.250996
-0.632825
0.448741
-0.516028
-1.284111
-0.333052
-0.967105
-0.977697
0.965685
1.315423
1.777060
-0.674527
-0.790891
0.834330
0.612054
0.126166
2.372557
-1.602220
-0.431255
0.005772
-0.043950
0.455263
0.436640
-0.226153
-0.529821
0.247008
0.363298
-1.392878
0.461579
0.093319
1.108760
-0.676803
-0.218120
0.327007
-1.345590
-0.660102
0.241303
-0.675280
0.335842
-0.283028
1.403880
0.419073
-1.773506
0.133194
0.978688
-0.597634
0.550393
0.045169
0.492053
-1.191962
2.041547
0.754648
-1.559583
-0.247614
-1.180171
-0.294594
-1.093455
-2.012160
-0.495801
-2.461979
0.805591
1.546451
-0.281708
-0.746801
0.579435
0.831404
0.490593
-0.671029
-0.702269
-1.248026
-0.938577
0.657234
0.207620
-0.212523
-0.104427
-1.076301
-0.737925
-0.263052
-0.832940
-0.569495
-0.120073
1.826567
-1.464785
0.407240
-0.157252
-0.549472
-0.369864
-0.126853
0.535593
0.754006
-0.611454
0.988812
-0.734898
-0.028309
-1.558788
0.706041
0.529791
0.574979
-0.147755
-1.573359
1.230183
-0.492998
-0.348722
1.151123
-0.166862
-0.407953
0.297675
0.583862
-0.307361
0.446210
0.794270
-0.396259
-1.603678
-1.594837
-0.439710
-0.130896
1.268764
-0.544829
-0.519192
0.227926
0.096412
2.169702
0.964994
-0.525043
-0.313061
-0.192154
0.025989
0.589542
-0.923831
0.336433
-0.620333
-0.403501
1.290744
0.886311
1.130669
1.742255
0.558133
0.262472
-0.763234
-0.520696
1.399819
1.053526
1.402923
-0.555700
1.696464
-1.201208
-0.933244
-0.458169
-0.200847
-0.734757
1.592818
-0.111770
1.022239
-0.656423
-1.330950
-0.466053
-0.147093
-0.987509
-0.449139
-0.459035
0.740772
1.240462
-0.015711
0.197041
0.316483
0.663990
0.342758
-1.161838
-0.222198
0.066195
1.263410
0.497904
0.869571
-0.032788
1.459598
-0.073034
0.889700
0.528244
-0.397893
-0.590466
0.831843
-1.652853
-1.164713
0.559337
-0.701012
-0.394561
-0.458407
-0.031138
-1.346896
1.139138
-0.056542
0.633767
0.140504
-0.491719
0.786116
0.687602
-0.018312
0.685030
-1.210767
0.257811
0.868888
-1.965353
2.307435
-0.145958
-0.806008
0.707559
-0.077980
0.843129
0.420451
-0.310651
-1.023799
1.345684
0.267039
-0.467885
0.045498
-0.242862
-0.053283
1.195710
-0.199708
-1.399392
0.313562
-0.491094
2.365307
-0.086883
-0.907862
1.042264
-0.244986
0.023498
0.250361
-1.652937
-1.704220
-0.291172
-0.149631
1.112484
0.918784
-0.784907
-0.836259
2.009524
1.006084
0.793509
0.068145
-1.857466
-0.606287
0.275817
0.588611
-0.687814
-0.880476
-0.414099
0.927984
-0.197107
0.342400
-0.030505
-1.170580
1.019538
0.006871
0.655067
-1.850980
-0.092148
0.488412
0.487786
1.481075
0.689148
0.756172
0.689400
0.493811
-0.266779
-0.605590
0.165051
0.243055
-0.234905
-0.167987
-0.200269
1.832465
0.476371
0.583218
2.343330
-1.178389
0.850915
1.381943
1.061948
-0.133766
-0.587341
-0.931869
0.649293
-1.113721
-0.157261
0.198783
0.011417
-1.344741
0.916664
-0.198448
-0.362832
-0.656562
-0.357234
-0.894878
-0.498823
-0.154371
0.308195
0.200773
-0.788090
0.438291
0.255745
0.933582
1.414648
-0.015338
-1.368815
0.398483
0.391809
-0.587873
0.913051
0.049576
1.098378
-1.501208
1.502604
-0.040107
0.833647
-1.351869
-0.928608
-0.776258
0.998515
-1.647762
1.438047
-0.257871
0.392806
0.071678
0.954530
-0.640733
-0.218088
1.509379
-0.840506
-0.930820
1.151709
0.937560
-0.524232
0.733465
0.994395
0.203717
-1.007847
-1.125253
-0.666274
0.014977
1.115045
0.038187
-1.702307
-0.987564
1.548190
-1.084194
0.807204
-1.167999
0.519195
-0.701469
-0.528765
0.160528
-0.555607
-1.290864
-2.455373
-0.994468
-1.257301
-1.484508
-2.305972
-2.876271
-1.421282
-1.958779
-0.378749
-1.406405
0.662905
-2.555657
-2.562665
-0.399440
-1.397289
-0.333568
-0.477747
0.053429
0.131845
0.464372
0.742260
1.750908
1.128653
0.354846
-0.073187
1.969493
2.128660
1.322926
0.056628
2.782568
2.490347
0.756741
0.986556
2.182158
1.792288
1.003229
3.683396
0.269267
0.512983
0.302247
1.490816
0.400771
1.324406
-0.024861
0.915403
2.027392
-0.285533
-2.764534
-1.294960
-2.886580
-1.242045
-2.160607
-2.602232
-2.054520
-0.989068
-1.937260
-1.451169
-2.614740
-0.233070
-0.965840
-1.544894
0.159284
-0.686396
-1.073618
0.813588
-0.409620
-0.984137
0.405550
-1.510344
0.299689
-0.673972
0.904598
0.491824
1.143157
-0.137609
0.234393
-0.286560
-0.353948
1.084146
0.708667
0.028467
-1.177736
0.931697
0.010059
-0.746115
-1.121144
-0.517286
-0.425013
0.168692
-0.675295
-1.108270
-0.038516
0.204246
0.552235
0.051697
0.625136
0.300994
-0.539486
0.314794
-1.736503
-0.293162
-0.000907
0.372378
0.748746
-0.014252
1.403893
-1.938688
1.580919
-0.187903
1.956375
-1.193467
-0.166925
0.301978
-0.545106
-0.388632
0.159106
0.602696
-0.718121
0.131098
-1.176674
1.201554
-1.213999
0.653775
-0.172567
-0.073715
0.339014
-0.834857
-1.028952
0.371649
-0.468657
2.573483
-1.073789
0.028926
-0.824825
0.012581
-0.584044
-0.769712
-1.740463
0.199517
0.481291
-0.739773
0.836786
0.383205
0.018020
-0.776706
0.029359
-1.634201
1.733682
-1.746108
-2.352941
-0.078759
-1.704970
0.828856
0.618676
0.141583
-0.708352
-0.143334
0.228447
-0.998882
0.894173
-0.379514
0.300453
0.414575
-0.676183
-0.453055
-1.764414
0.052667
-0.084381
1.494870
0.135096
0.625405
0.140715
0.120608
1.400455
-1.364207
-0.558197
-1.560477
-0.572648
-0.244243
-2.319655
-0.817343
-0.308090
-1.665042
-1.227962
-1.204101
0.315628
-0.948834
-1.303029
-1.653523
0.619571
0.146926
1.169755
-1.265788
-0.942928
0.360601
-0.797592
0.292511
-0.191795
2.728373
-0.059511
-1.725631
0.365432
0.125175
-1.831066
-0.516226
-0.734525
-1.257435
-1.264651
0.469290
-0.292357
0.069170
0.393600
-1.116339
0.203061
-1.475889
-0.260362
1.672016
-1.091656
-0.720334
-0.397114
0.820286
-0.185776
0.584536
-0.199579
-0.070978
0.511608
-0.860341
-1.069725
0.039717
-0.527759
-0.633891
0.094538
1.089453
0.893108
-0.041002
-1.070838
0.900394
0.224327
-0.406605
-2.681433
-0.073443
-0.641116
0.481320
-0.021827
0.497644
0.396308
-1.573180
-0.042049
-0.446507
1.178374
2.018963
0.093660
-0.944172
-0.464912
0.090806
-0.442225
0.755538
-1.349672
0.658003
-0.935397
0.081072
-0.840313
-0.279709
-0.248986
-0.093281
0.245805
0.458360
1.316032
0.218780
-0.375075
-1.058700
0.281098
-1.272683
-0.341182
-0.751286
-0.209327
-1.198150
-0.164921
-1.966135
-0.854107
-0.393919
-1.712871
-1.703896
0.036144
1.277357
0.688701
-0.354951
0.589589
-1.397893
0.336829
-1.803025
0.097482
-0.033868
1.054567
-0.482805
0.267907
0.033771
-1.181802
-0.629216
-0.575992
-0.470728
-0.180634
0.153005
-0.829900
0.414634
0.463507
1.494747
-0.077670
-0.056261
-0.913233
-1.146194
1.423769
1.066538
-0.801779
1.980107
0.435904
-0.951412
0.415601
-0.524627
0.705461
-0.115501
-0.039935
0.063519
-0.204121
-0.167547
1.715349
0.853794
1.093359
0.040631
-0.795076
0.771806
-0.854056
0.347113
0.433840
-0.333993
1.183913
0.787563
-0.510784
0.732505
-0.488508
-0.304190
1.437914
1.110570
-1.977858
-1.866222
0.199008
0.428999
1.036914
-1.683303
-0.484953
1.640644
0.548371
1.301548
0.739706
-0.076059
-1.785553
0.532057
1.753660
-1.053377
0.496538
1.895693
-1.455660
0.650044
0.502878
-0.789376
0.357439
-0.135684
-0.435546
-0.138358
0.429855
-0.692897
-0.157585
-1.256365
0.076888
-1.069534
-0.548388
-3.412574
-0.045738
-0.143584
-0.439978
0.051344
-0.988580
-0.621304
-0.688434
0.312203
-1.094917
0.727423
0.429765
-0.682535
1.341118
0.305407
0.600680
-0.161185
0.379824
0.543054
-0.645616
0.440115
0.924273
-0.662255
1.345974
-1.072022
-0.428627
0.187454
-0.255737
-0.242377
0.713988
1.215344
0.741217
-1.239555
-1.248480
-0.019866
-0.137828
0.620172
-1.332886
-1.016674
-0.476883
0.862088
0.052781
-2.266931
-0.512591
-1.204995
0.334686
-0.409969
1.346845
1.054078
0.139798
0.914013
-1.003822
0.663728
0.486393
-1.900016
1.388339
-0.242939
-0.623227
-1.853174
0.431850
0.693296
0.891285
-1.615041
-0.011222
1.183824
1.329502
0.011913
0.613342
1.615800
1.309106
0.678560
0.804840
-0.719755
-0.460082
1.452003
-0.680874
-0.628371
-0.640543
-0.138842
-0.140070
1.412535
0.487851
-0.558149
-1.801695
1.346092
0.225114
-0.228266
0.681652
-0.387810
-0.289979
0.371560
-0.260970
-0.157243
-0.873691
0.576008
-0.337827
0.180478
0.941154
-0.911570
0.222527
0.964289
-0.621354
0.378107
0.351640
-0.089509
0.185036
0.060102
0.380643
-1.146931
0.337950
0.353539
-0.446357
1.057185
-0.422930
2.460601
-0.566868
-0.090354
0.396536
1.401042
0.368147
-0.781565
1.154630
1.123117
0.577989
-0.530937
0.156003
-0.518563
-0.785493
1.698477
0.798150
2.047424
-0.497621
0.746979
0.374695
-0.886118
0.174161
1.126672
1.118559
0.072517
-1.605488
-0.547939
1.318880
0.326469
0.088793
0.313619
0.363244
0.799913
0.533616
1.423491
1.456713
1.874736
-0.085378
0.208997
-0.400869
-0.349854
1.039485
0.760630
-1.066387
0.087375
0.963280
1.404045
-0.420276
0.199616
-0.504280
0.715895
-1.066810
0.589554
-0.346316
0.038743
-0.926550
0.312581
0.412074
0.008446
0.419771
0.229278
-0.824416
-1.465587
0.014810
0.378530
-0.304535
-0.775796
1.292170
0.153493
-1.694720
0.055454
0.321492
0.876567
0.463871
-1.634209
-1.372091
0.345200
-0.320719
-0.391582
-0.483227
0.336606
1.146749
0.961108
0.184176
-0.184241
0.241928
-0.518311
-1.153605
-2.587983
0.798794
0.022354
1.314720
1.765103
-1.581661
-0.006678
0.588608
0.742075
-0.374558
-1.162267
-1.871762
1.493140
0.176115
0.276285
-1.587104
-1.924830
0.689308
0.360195
0.721902
0.326805
0.556392
0.983694
1.256745
-0.019984
1.185880
-0.968389
0.266113
-0.407147
0.338749
0.627952
-0.464148
-0.250152
1.290481
-0.702622
-1.174169
2.389387
-0.720739
-0.071552
0.887571
0.271880
1.187096
1.061168
-0.762937
0.952524
0.222707
-0.370312
-1.554507
1.349313
-1.152161
0.455079
-0.578952
-1.501055
-0.856897
0.999932
-0.802155
0.569003
0.731839
-0.314221
0.191030
-0.512143
-1.768299
1.063632
1.258523
-0.096239
0.660399
0.518059
0.572634
0.384754
1.511882
-0.016877
0.055523
-0.576431
-1.108991
-0.868720
0.013314
0.067091
2.064791
0.891444
0.523044
0.360929
-0.365639
1.089465
0.315448
-0.432836
0.478180
-1.651133
-0.586422
-0.422188
-0.557470
-0.471008
-1.938613
-0.505860
2.321331
0.345103
0.966645
-1.898680
-0.374535
-0.770545
0.197716
-0.970319
-0.778791
-0.787880
1.034807
0.181600
-0.490865
-0.422918
-1.043520
1.410687
0.511939
0.071090
2.654235
-0.013035
-0.440874
0.698175
1.412240
-1.583223
-1.290163
-0.972748
1.118880
-0.738634
-1.439317
0.886690
0.945727
-1.424032
-0.446821
-0.742807
0.938764
-1.001151
0.554219
1.174519
-0.118458
-0.067844
0.549899
0.076676
-0.798449
-0.406058
0.639980
-0.508779
-0.427237
-0.276482
-0.734106
-0.326216
0.472175
0.385322
-0.521629
1.455204
-1.044868
-0.784139
-2.455734
0.427214
0.670906
-1.270175
-1.676410
-0.371260
-0.787302
-0.997704
-0.660475
-1.455598
0.520008
-0.981248
-0.331784
-0.858078
-1.089695
-2.319816
0.753940
-0.109716
-0.017891
-0.419700
0.758410
0.054525
0.044569
1.411723
1.794927
-0.202563
0.204515
0.625354
-1.819383
0.716539
-1.080206
-0.323448
0.114636
0.872049
-0.859564
1.043894
1.635664
-0.793035
-0.901884
0.693370
1.124064
1.183155
-0.381567
1.484533
-1.229830
0.608158
-0.981972
-0.527352
0.392922
1.077457
-0.969385
0.225285
1.322000
-0.139162
0.266341
-0.495205
0.940084
0.736521
1.093010
-0.307038
-0.889485
0.997054
0.371479
-0.651100
0.534303
-1.370390
-0.693991
0.221774
0.210643
0.949264
0.183536
0.519799
0.886985
1.442361
-0.783556
0.619875
-1.653837
-0.360211
0.610952
-0.135207
1.166819
-0.298373
1.660398
0.496897
0.456038
-0.664536
-0.603832
-2.365842
0.115850
0.221392
-0.255760
0.068828
0.731229
-0.668594
-1.340612
0.080542
0.078865
-1.335708
-0.128983
-0.928516
-0.235930
-0.340230
2.737984
0.459953
-0.001035
1.390417
-1.586964
0.089361
2.630297
0.068924
-0.425673
0.344390
-0.700336
-0.066484
1.555335
1.530454
0.051669
0.360630
-0.585782
-0.316250
0.738012
-0.439869
-0.924215
0.239269
-1.248642
-0.991303
-0.548926
0.341748
-1.484484
0.074798
0.145951
0.094616
1.746266
0.212872
-0.877711
0.925662
1.400476
0.514305
-0.811091
-0.917633
-0.686635
-1.556026
0.166285
0.414859
-1.102448
0.541760
-0.012411
-0.868437
-0.027682
1.705127
-2.213243
-1.304658
-0.680363
1.297057
0.035216
-0.454050
-0.605817
0.778841
0.379481
0.371743
-0.603424
0.395105
1.046370
1.103365
0.347157
0.615282
1.008979
-0.523707
-0.572764
-0.074580
0.186984
-0.330820
-1.419055
0.281854
0.957812
-0.280414
0.533578
1.081276
-0.558071
0.484061
1.325234
1.328576
-0.021497
-0.312372
-1.461948
0.066082
0.539415
1.538863
1.705949
-0.444486
1.478375
-0.331807
-0.057462
0.412205
1.032436
1.121027
-0.582191
0.834951
-0.877929
1.186906
-0.681884
-1.355976
-0.048105
0.729297
0.318166
-1.445034
0.536319
-1.152472
-0.359613
-0.314070
0.760323
0.853315
-0.620110
0.463255
-0.744651
-0.611916
0.369125
2.095307
1.055764
1.351980
1.197447
0.427057
-0.697690
0.925102
0.783472
2.061643
1.399323
-0.744828
-0.654913
3.236291
-0.901871
0.575322
1.539688
0.126666
0.076519
-0.350234
-0.556498
-1.387215
0.377691
-0.532817
1.587208
-1.266094
0.248282
0.502049
-3.027861
0.850554
-0.771623
0.777276
-0.183303
0.246927
0.669992
-0.615337
-1.205471
0.181616
-0.914187
0.628778
-1.279291
0.655087
-1.362426
1.266587
0.797972
2.200061
-0.543754
1.854879
-0.756806
-0.664053
-0.626212
0.759589
0.580326
-1.949705
0.559848
-1.707345
0.246780
-0.712093
-1.296029
0.010132
-0.062710
1.461932
-0.128268
-0.098429
-0.987505
0.855299
0.725127
-0.567405
3.938653
-1.011601
-0.310875
0.223539
-1.180310
-1.283908
-1.147881
0.154123
0.203129
-1.037559
1.277358
0.545718
0.368390
0.676053
0.110876
0.019320
-0.047879
-0.987215
0.209759
0.138483
-0.340383
0.915353
1.596611
0.161155
0.718963
-0.094935
-0.834122
1.640307
-0.743350
0.265668
-0.317121
-2.743138
0.190274
0.837559
0.061078
-0.151625
-1.133323
-0.817727
-0.460779
0.087270
-0.097082
-0.711306
-0.248348
-0.025294
-0.877192
-0.056783
0.204392
2.576381
1.004455
-0.244421
-0.713211
1.386326
0.679191
-0.452365
1.667604
1.193801
-0.807841
-0.965652
0.548988
-0.944220
0.906054
-0.453312
0.404994
0.669118
-0.777954
0.285839
-0.391154
-0.690191
-0.368009
2.260182
1.531529
-0.611450
1.470246
0.158302
-0.480879
-0.054943
0.661364
-0.117331
-0.218820
0.764659
0.202633
0.009791
-0.781984
0.213255
-0.211767
0.922888
-0.325477
-0.215282
0.939504
0.324385
0.248568
-0.161523
0.798322
-0.665774
0.965611
0.808048
1.030948
-0.292514
1.152760
-0.952230
-1.007810
0.497090
-0.288493
0.390274
-1.160173
2.321095
0.855104
-1.147835
0.315265
-0.896344
-0.828562
-0.163321
0.163615
-0.418717
-1.647474
1.166600
-2.252706
-1.985061
0.242813
-1.761115
-0.554108
0.986022
-1.339950
0.759412
0.097944
1.044022
-1.650623
0.860476
1.629772
1.246668
0.607454
-1.478581
0.296355
-1.554429
-1.085736
-1.082853
-1.171070
-1.056975
-0.186267
1.349975
-1.303424
-0.575742
-0.604823
-0.430214
-0.302932
1.102122
1.328284
-0.320719
-0.042866
-0.314823
0.929736
0.096581
0.079227
-0.896824
-0.966549
-0.750665
0.245178
-0.873196
-0.431114
-1.503915
-1.351598
-0.161113
-0.444645
-0.324998
0.641921
0.799804
0.140907
-1.500646
0.017042
-0.058657
-0.103356
0.343403
-0.528455
-0.056714
0.547226
-2.659961
0.059116
0.366359
1.363489
-1.291738
-1.178333
-0.362098
-0.994935
-0.243407
-0.006867
-0.276896
-1.592059
0.723397
-0.168958
0.936957
-0.734131
-0.255494
0.673768
0.065466
0.970926
-0.795179
0.798713
-2.046435
-1.379573
0.748243
0.770772
-0.433068
0.637793
1.162291
-0.068890
-0.135062
-0.253092
0.206768
0.097546
-0.281964
0.631054
0.760882
0.630682
0.078309
-0.706275
-0.959501
-0.203859
-1.162195
2.090389
2.063198
0.213147
-0.187742
-0.507509
-0.230712
1.852381
-0.125472
0.208398
0.659732
0.942915
-1.400718
-0.614480
1.215372
-1.471747
-0.310254
-1.362900
0.119674
-0.003193
-0.802069
0.450156
0.674070
-2.147876
-0.174422
0.085891
0.908731
0.956121
0.155056
-0.352341
-0.454307
-0.306147
-0.475613
-0.371003
-0.960092
-0.677180
1.741377
0.417732
1.094838
-1.127972
1.450808
-0.773599
0.881345
0.441774
0.948960
-1.424883
0.205851
-1.344847
0.088039
-1.204382
1.780709
0.322587
0.162987
0.592947
-0.025328
1.105542
-0.905373
0.252506
1.702750
1.285135
-0.542964
0.426984
0.276930
0.728297
-0.775798
-0.613162
-1.599745
0.738859
-1.483225
-0.209288
-0.684850
-0.087733
-2.647119
-0.117176
-2.033156
-1.191885
0.616564
-0.145485
-0.127980
1.012994
0.334507
-0.306505
-0.325795
2.651043
0.486520
0.017248
-0.232328
1.077093
-0.475217
-1.009274
0.257667
-0.591762
0.608530
0.561842
-0.848632
0.310718
-0.856717
-0.463407
-1.652553
-0.150148
1.625994
0.359936
-0.691613
-0.211670
-1.370614
-0.914203
-0.839623
0.773170
-0.286488
-0.189853
-0.217692
-0.780404
0.809870
-1.346367
-0.471348
0.002841
-0.346008
-1.372582
-0.510208
0.101062
-0.300085
-1.061422
-0.476746
-1.255338
-0.576863
1.418729
0.204049
0.968708
1.180568
0.243696
0.787683
-0.616095
-1.041314
-0.836011
0.533849
0.461629
-0.979205
0.275356
-0.710698
-0.505886
-0.375231
-0.476001
-0.660189
0.186806
-0.449114
-0.630854
-0.181434
0.596948
0.011578
0.080176
-0.645301
-0.758788
0.153375
0.655304
-1.810069
-0.049418
-1.806700
-2.416076
-0.357798
-1.166248
0.255391
-0.770348
-2.011595
-0.183517
-0.143055
-0.769122
-0.662447
-0.582482
-1.586797
0.010216
-0.510601
-0.291447
-0.458942
-0.273253
1.481864
0.116101
-0.611444
-0.323092
2.186267
0.796055
0.756784
-0.630984
0.381699
1.250748
0.483924
1.436450
-2.000189
2.073305
0.126477
-1.086313
2.597916
0.160148
0.881816
-0.774908
-0.891898
-0.590381
-0.448844
-0.379256
-0.884161
-0.979947
-2.252371
1.002543
0.724897
0.859504
-0.574857
1.295544
0.926332
-1.469294
-0.017360
1.098522
-0.310410
-0.764487
0.091844
-0.298977
0.909229
-0.296873
0.162016
-0.425768
0.908190
0.202545
-0.095120
0.679291
1.403146
0.388455
-0.761609
0.583496
0.286498
0.041825
-0.420659
-0.525736
-0.958415
0.223368
-0.608801
-0.828497
-0.260570
-0.428524
-0.698945
-1.396666
0.240756
-1.084344
-0.202028
0.122007
2.018720
0.150317
-0.609975
-0.995079
-0.924723
0.046567
0.169408
-0.569673
-0.167548
-2.374853
0.639332
0.514043
-0.610929
-0.974301
-0.190051
0.049695
-0.419162
0.010488
-1.047108
-0.117916
-0.688031
-1.142065
0.934932
-0.273877
1.338413
-0.863951
-0.409892
-0.200926
-0.704444
-0.894810
-0.812616
0.650393
-0.038636
0.263721
-0.766480
0.045149
-0.888822
0.746102
1.370760
-0.551983
-0.367943
0.336544
0.050732
-0.512806
-0.274844
0.983546
0.946288
0.778262
1.824675
-0.114959
-0.299386
0.124771
0.271849
2.039475
-1.116245
0.085821
0.124767
-0.046166
-1.152946
1.055926
-0.097869
1.049988
1.494319
0.073607
0.185992
-0.630938
-0.249813
0.259051
-0.103505
0.236944
-0.124998
-0.961772
-2.331475
-0.219655
-0.828808
-0.187933
-0.066628
-0.071774
0.918047
0.996149
1.596744
-1.480809
0.530820
0.888505
-1.159175
1.180525
0.278748
0.806778
-1.625757
-1.218625
0.749460
-0.907552
-0.784686
-1.606801
-1.581506
0.486545
0.197840
1.143393
-0.845929
-1.136109
0.301175
-0.074149
1.854862
-0.201157
0.532333
-0.324086
-0.729392
-0.953136
-1.009699
-1.039074
-0.690421
-0.960709
-0.039902
-0.168368
0.414591
-0.548985
-0.129552
-0.320554
0.045085
-0.990671
0.023136
0.755445
-1.367227
0.734480
1.078904
-1.021098
-0.229064
-0.486242
-1.046660
0.121052
-0.177422
1.140507
-0.624208
0.078210
0.164188
2.034411
-0.643827
1.139057
0.335478
0.289816
-0.414840
1.845568
-0.862479
0.958415
-1.066939
1.233158
-0.026500
0.140700
-0.710822
0.318723
-1.889414
-1.507963
-0.786878
0.116900
0.600738
-0.709752
-0.960210
-1.126673
0.156564
0.369909
0.054078
0.434749
0.395503
0.445411
0.500618
0.307387
-0.286528
0.489472
-0.237734
-0.034719
0.763019
0.254660
0.802725
0.125882
-0.694387
-0.114983
0.243068
-1.595273
-0.458696
-0.376034
-0.650746
0.821675
-1.596949
1.098211
0.728523
0.553492
-1.797159
-0.136305
-0.661094
-0.508554
-0.401103
1.044030
-0.294979
0.075860
1.326072
1.883756
-0.901664
-0.589547
-0.852646
0.346524
0.662289
-0.019935
-0.504837
-1.578746
-1.355418
-1.100988
1.303977
0.668746
2.088858
0.712736
-0.594041
-0.696851
-1.324662
1.136419
-1.010390
-1.488690
-0.617718
-0.933942
0.508791
0.396440
-0.081289
-0.426169
1.256821
-0.549192
0.445453
0.093526
-0.470684
-0.260393
-1.049614
-0.135245
-0.862789
-0.853833
-1.552778
0.366021
0.529584
-0.853463
0.530154
-0.767562
3.350817
-0.534521
-0.247281
0.471871
1.393221
0.701477
-1.059966
0.332372
0.724281
1.562583
-0.919991
0.416342
-0.434500
1.832943
0.061152
-1.601341
-1.209933
0.270285
-0.995342
0.100787
-0.064525
-0.133665
-0.834279
0.671752
-0.895823
-0.402911
1.663297
0.024939
-0.567745
-0.645859
2.262615
1.801462
0.699703
-1.013743
-1.338021
-2.585717
0.606792
-0.214778
0.868340
1.259385
-0.558572
1.344455
1.278992
-0.294586
0.122282
0.496913
-1.263218
-0.264362
-0.639659
-0.561708
-0.783166
0.479206
-0.981683
0.289023
0.236152
0.528242
1.862140
1.309404
-0.020118
0.540767
0.130630
0.293467
0.235523
0.323070
1.114657
-0.258544
0.799720
0.869200
0.299081
-0.443676
0.509910
1.227588
1.806903
0.443541
2.066772
-0.524556
1.324057
-0.747005
-0.005478
0.557121
-0.162989
0.219692
-0.475794
-0.635628
-0.796821
-0.340594
-0.947432
-0.075022
0.508498
0.713531
-0.879792
-0.301234
0.096621
1.183819
-0.250946
-0.352369
-1.166910
-0.094985
0.410090
1.170150
-0.356154
-0.287046
-0.863940
-2.152252
-0.963253
-1.011982
-0.529260
-0.501244
0.166059
0.587329
-0.122102
0.210531
0.686906
-0.377643
-0.181022
0.478691
0.761333
0.350847
-0.260917
1.239998
1.242554
0.729059
-2.090093
0.126322
-1.097243
0.530509
-0.711904
0.332259
-0.118447
1.102001
-0.299446
0.382749
-0.288365
-1.146561
0.412887
-1.908090
0.265677
1.168593
-0.524259
0.902097
-0.733493
1.224366
-2.210636
1.433012
0.644191
0.140107
1.109453
0.093140
0.487781
0.644658
-0.209742
-0.079887
-2.159607
1.853652
-1.552394
-0.438710
1.867280
0.549889
-1.366904
-0.686505
0.483658
-1.150429
-0.662017
0.702278
-1.414712
1.016361
-0.310363
-0.488070
1.205142
-0.024406
-0.270271
-0.086122
0.812830
-1.205331
-0.074480
-0.815603
0.755113
0.439877
0.099917
-0.055864
0.231124
0.166799
-0.386505
-0.267697
-1.147499
-0.259377
0.458030
1.873186
0.647003
1.695283
1.442547
-0.525048
0.877531
-0.813559
0.393501
1.516329
0.614360
-0.609859
-1.846723
-0.802186
0.048560
-1.909869
0.130732
-0.512914
1.133770
-0.562648
0.885983
1.165590
0.833250
0.604625
-1.307591
0.416839
-0.005369
-0.735300
0.053588
-0.010915
-0.417103
0.523398
0.699008
0.920236
0.251340
0.298535
-0.184939
-0.659064
-1.857636
-0.871016
-0.436993
-0.741602
-1.894161
2.115826
1.399054
0.613492
2.046254
0.227209
0.792968
-0.839563
-0.282803
0.561319
1.406487
1.215007
-0.019187
0.545447
0.158885
-1.459232
-0.058793
0.721625
-1.126988
-0.320307
0.332127
1.424436
0.730100
-1.224322
-0.149358
-1.663248
2.171765
-0.005166
2.571643
-0.409034
0.038858
0.710571
0.044912
0.752598
-0.878622
1.116127
0.042632
-0.606846
0.567188
-0.155848
0.402152
1.194071
0.145394
0.750480
0.034388
0.929351
-0.805046
0.952272
-0.078916
0.882604
1.077065
0.151999
-0.349739
-0.385317
0.963243
0.752641
0.104665
0.737312
0.363741
-0.947404
-0.363303
-1.575370
-0.480089
0.934361
0.844153
0.980112
-0.193588
-0.052399
1.216294
0.528534
0.597312
-0.063502
1.232153
-1.042239
0.130544
0.455895
-0.448927
0.885218
0.160597
-0.231622
-0.624082
-0.728272
0.533802
-1.596463
-0.038307
-0.061860
-0.020680
0.198802
-0.714795
-0.599749
1.990064
-1.172426
-0.842445
1.955043
0.461275
0.241867
0.171058
-0.380004
0.379002
-1.507734
0.206804
0.044242
-0.065240
0.155200
-0.173500
0.975073
-1.129815
-0.120723
-0.229197
-0.676778
0.074682
-1.453075
0.100161
1.505466
0.104089
-0.835134
-0.595794
0.576211
0.336210
0.992868
0.085514
0.877388
0.114213
-1.495123
-0.933274
-0.433263
-0.471138
2.454211
-0.735636
0.246718
0.252849
0.792324
0.232306
0.394049
0.569669
-0.937830
0.375667
0.919232
1.135802
-1.241171
0.735323
1.126946
1.409212
-0.572085
-0.633536
-1.432273
-1.463263
0.535519
-1.767167
-1.704265
1.239904
-2.605469
2.917985
0.715440
0.098790
-0.977030
-0.693486
0.928252
0.608853
0.231039
0.171861
-0.244126
-1.147185
0.158952
-0.054068
1.519054
-0.556679
-0.272784
0.064845
-0.125492
0.890280
-0.137584
-0.545370
-0.451310
-0.119026
0.051665
-0.123728
-0.547860
-0.819561
1.221636
-0.183563
0.772940
-1.188004
1.171008
-0.388072
0.130227
-0.104451
0.587400
0.551964
-0.984242
-0.584852
-0.923664
-0.243534
0.846062
0.362604
0.851048
0.910067
-0.851041
-1.149322
-1.125458
1.395092
0.275503
0.237590
-0.287899
0.277105
-0.236904
0.365131
-0.497037
-1.354737
1.955182
-1.294720
-0.765752
0.288406
0.006069
0.025520
-0.317872
-0.286044
-0.683433
1.051516
-0.033444
1.026571
-0.011699
-0.577933
0.306990
-0.062174
-0.949321
-0.400995
0.447345
1.100499
0.939129
-0.738538
-0.266876
0.019205
-0.338496
-0.576057
0.129047
-0.403555
0.557191
1.057446
1.590532
-0.962755
-0.417540
-0.097891
-0.089812
-0.447445
-0.360477
0.604205
-0.144722
-0.241555
-0.516509
-3.161547
0.966507
-0.153206
0.928253
-0.330252
0.072906
-1.921558
0.466131
-0.542659
1.435547
0.511040
-0.960631
-1.269161
0.006124
-0.674471
0.978215
0.523534
-0.859126
-0.146126
-0.191970
1.157497
0.683831
-0.064942
0.095886
0.464295
-0.821416
0.426124
-0.797107
0.205433
-0.091597
-0.243603
1.003299
-0.369392
-0.329639
0.595102
-0.476397
-0.609929
-0.249006
-0.864008
-0.308929
-1.248478
-0.211085
0.969600
-0.276604
1.260562
-0.727663
-0.097398
-0.372079
0.733176
0.044841
0.390252
-0.419380
2.608409
0.116221
1.018461
0.138964
0.839562
-0.701138
0.289794
0.775569
-0.443721
1.316514
0.129960
-1.072843
0.445529
-0.966531
0.077547
-0.684491
0.721885
1.143743
0.492686
1.290850
2.171744
0.008080
-0.690837
0.370969
1.400038
0.459069
-1.378692
0.011717
0.847101
0.722294
1.202374
0.353404
-2.315298
1.096319
-1.283786
-1.314804
0.624850
-1.261584
-0.425959
0.085870
-0.836972
-0.407378
-1.927016
0.676285
-0.507470
1.402148
0.819953
0.649405
1.466807
-0.208826
0.780625
1.496340
0.385388
-0.124803
-0.830273
-1.341691
0.882197
-2.809450
0.571517
-1.214229
-0.425693
0.060443
0.736720
-0.650953
-0.392871
0.293003
2.026224
-0.281199
-0.703611
0.939532
0.286699
0.992317
-1.468001
0.542010
-1.522522
-0.549199
-0.569178
0.969855
-0.436113
1.092795
-0.574897
-0.395201
1.320434
-0.652380
1.138258
0.730764
0.413205
-0.019737
0.498478
-0.391824
0.757894
-0.537159
1.269399
-0.764330
-0.224685
1.554080
-0.353943
2.334161
0.546212
-1.991019
0.065175
-0.813674
-1.843009
0.052204
-1.606457
-0.771423
-1.431576
-0.474825
-1.451989
1.092718
-0.577609
0.900561
0.143016
-1.127581
0.613335
0.366884
-1.055180
0.754191
2.593864
0.682924
-0.400940
2.474561
-1.086877
0.779541
0.038626
0.200993
1.113035
0.764708
-1.156121
1.035576
-0.415744
-0.176215
0.815769
1.218599
1.059689
-1.325425
-0.020293
0.906487
-1.247929
-0.456177
0.107799
-0.070245
0.259420
-0.387737
-0.721836
0.373219
1.082538
-1.022684
-1.153791
0.830251
0.621302
0.671959
0.114649
-0.029248
-0.657743
1.053561
-1.479526
-0.149534
-0.624581
-0.785626
0.713320
1.611333
1.227953
1.216234
0.727950
-0.523296
-0.037907
-0.733387
0.157670
0.708671
0.722045
0.163171
1.012309
0.562815
-0.292536
1.618410
0.093118
1.353546
1.523534
-2.085126
0.477263
-2.190385
0.021116
-0.864851
0.766365
-0.998663
-0.061695
0.014048
-2.089235
-1.241116
0.812449
-1.326793
0.418294
-1.224343
-1.471219
-0.246274
0.270000
-1.049540
0.553165
-0.759909
-0.378758
1.007678
0.678592
-1.890567
-0.785124
1.057693
-0.069592
-0.047964
-0.210825
1.128690
0.236728
-0.660293
-0.439125
-1.224027
-0.387316
0.174686
-0.162748
1.392577
-0.411202
1.771766
-0.591823
-0.403167
0.443637
1.169535
-0.794649
0.294223
0.125383
0.173842
-1.399241
0.004952
-1.055573
-1.461316
1.466896
0.606476
0.592134
0.903669
-0.037594
-1.111005
-0.679590
-1.070922
1.016450
0.122001
0.759438
-0.025158
-0.626463
-0.786668
-0.433087
-1.319448
1.656859
0.745075
-1.272055
-0.120232
-1.544131
-0.592643
0.947361
0.109799
0.140645
1.268224
0.637130
1.281375
-0.546147
0.742620
-1.662381
0.113674
1.175654
1.111269
0.001435
-0.185799
0.253262
0.605318
1.325395
0.519780
0.250530
-0.485809
0.565728
-0.334517
0.419042
1.904143
0.980362
-0.466380
0.729435
-0.359253
0.154433
-0.085532
1.757110
-0.864463
-0.125758
0.452353
-0.622449
0.270647
-0.309052
-0.396300
0.910719
-1.357278
0.457335
-0.473297
1.240258
-0.098243
-0.757870
-0.639528
-1.340360
1.164715
0.185043
-0.413203
-0.006664
-0.275442
1.067766
-0.650772
0.215699
0.016325
-0.176380
0.153364
1.418157
0.612286
2.541316
-0.993209
0.061831
-1.487912
-0.435288
0.826754
0.835569
0.461660
0.176806
-0.875802
0.789416
0.518798
-0.620203
1.966195
0.860021
-1.990077
-2.039789
-0.723179
-0.503515
-0.576927
-0.167279
0.279487
1.857748
0.110768
-2.518916
1.076432
1.210221
0.958781
-0.468018
0.990858
-1.355911
0.408117
2.019807
-0.124121
0.132981
0.035193
0.051645
1.034496
-0.248569
-0.496397
0.647630
0.616626
-1.033782
1.917863
0.000431
1.031862
1.037378
0.751645
1.025582
-0.130998
0.012303
0.662256
0.264318
-0.306660
0.040124
1.473837
-0.601029
-1.499388
-0.142488
-1.126890
-0.500616
1.368891
1.147043
-0.952254
1.379766
1.401392
0.969259
-0.141866
0.005707
0.709851
0.295813
2.111411
-0.953421
0.241092
0.959994
0.457959
-0.362128
-0.036968
-0.018958
1.012893
-1.353832
0.335358
-0.312723
1.000122
0.471676
-1.250961
-0.830681
-0.559730
1.216088
1.740570
-1.106252
-0.302233
1.631989
0.178059
-1.080979
-0.268513
-1.327395
1.182151
0.825480
-1.812882
1.024800
-1.263386
-1.094721
-1.127279
0.213398
0.716438
-0.707228
-0.291376
1.315644
0.376679
0.509055
0.871626
-0.987252
0.512416
-0.764456
-0.457089
0.089828
0.269987
-0.053007
-0.676084
0.797497
-0.257270
0.303769
1.524156
-1.054385
1.082875
1.166168
-0.081937
-1.060512
0.336774
-0.396481
-1.960983
-1.181413
0.075322
2.072109
-0.497626
0.817712
-1.699045
-0.809941
0.263906
-0.296354
0.864495
-0.538185
0.303275
1.320600
0.501316
0.279152
0.978063
0.155259
-1.104261
0.475160
1.132222
0.229788
2.405127
0.748960
-0.290138
0.518190
-0.494419
0.231637
0.881734
1.041487
0.583982
0.601512
0.980096
0.236664
-0.444670
-0.610543
0.311287
-0.994976
-0.547775
-0.780259
1.821876
1.501460
0.055061
-1.546024
0.064230
2.071339
0.346021
0.770609
0.429348
-0.938542
0.259442
0.656725
0.453926
0.476916
0.977723
-2.186248
-0.505672
1.451733
-0.113935
-0.230822
1.136795
0.703043
-1.055260
0.174776
-0.124805
1.124900
-1.534119
0.178891
-0.662126
-1.200780
0.791059
-0.389470
-0.092860
-0.720405
0.302143
0.537528
0.939133
-1.644141
2.007470
0.174581
0.080038
0.696845
-0.689326
-0.263283
0.606093
0.758898
-0.242031
2.088395
1.215418
0.249445
-0.119158
-1.050941
-1.339328
-1.951545
-1.003377
1.237697
-0.973385
-0.637005
-0.509379
-0.314589
0.422661
-1.608743
-0.776998
0.167791
-1.122156
0.941877
-0.279105
0.744670
-1.009364
0.814955
-1.049234
0.120361
0.078328
-0.298346
-0.556222
-0.066864
0.597743
0.133888
0.058533
-0.255603
