-0.773553
1.805088
-0.059947
-0.071779
-0.018794
-0.668702
-0.532926
0.363967
0.272404
0.760093
-0.398263
0.297543
0.032100
0.258523
-1.061558
1.707045
1.850140
0.969876
0.004890
-0.937270
-0.580868
0.405790
0.480089
0.018531
0.890848
1.183690
-1.414323
-0.026285
0.210551
-1.533433
-0.343199
0.395565
1.310935
-0.876688
-0.979067
1.221538
0.840347
-0.790174
-0.206422
-1.160397
0.559403
-1.078699
1.768213
-0.095407
0.015414
-0.588232
2.005993
0.292921
-0.836660
0.059698
-0.914074
0.991591
0.639642
0.970067
0.290564
1.082240
-0.630367
-0.433718
-0.468807
-1.177811
1.273337
-0.443924
0.455688
1.311866
0.938145
-0.159713
-0.636692
-2.113472
-1.293348
0.802598
2.344970
-0.488084
1.624926
0.290848
0.309538
-0.449538
-0.895930
-0.675019
0.675194
0.300131
-0.354474
-2.382037
-0.091420
0.301662
1.122417
-0.421912
0.955849
0.042060
0.332112
0.729764
-0.048332
-0.214674
1.870854
-0.056524
1.366665
-2.141258
-1.025478
-0.272482
0.475144
-0.930180
0.455993
-0.211192
0.620357
0.030479
-0.507753
-0.433105
0.777136
-0.139633
-0.100760
-0.683817
-0.801165
0.632920
-0.356870
-0.279729
-1.765420
0.652966
1.142996
-0.232539
-0.102101
-0.305640
-0.358920
0.910076
-0.636832
-0.029884
-0.357067
0.683161
-1.364562
-0.403455
1.019832
1.234241
0.622574
1.354584
-0.298331
-1.242510
0.434503
0.991299
1.231948
-0.777484
-0.359531
-1.298749
1.481778
0.977416
0.899332
0.408352
-0.113232
-1.850129
0.794988
0.511395
0.238380
0.107394
0.920637
-0.584541
-0.509640
0.214603
0.963805
0.325484
-0.304970
-0.669442
0.375569
-0.993088
-0.274892
1.816816
-1.160479
0.171725
1.485411
-1.422559
1.698025
-0.047278
0.212643
-0.531215
1.169063
-0.344208
-0.595366
1.409129
-1.471612
-0.916759
-0.045688
-1.091195
-0.097641
0.546748
-1.055508
-0.700368
0.637988
-0.069638
-0.841804
-0.598420
-1.514671
0.164447
0.344416
0.583689
-0.799129
-0.665320
-1.508205
0.251427
1.041340
0.853470
0.643978
-1.344479
0.165217
-0.726695
1.425505
-0.775967
-0.234266
-2.672103
-0.800079
0.052400
0.777305
0.207737
0.682324
-0.899150
-0.262602
0.041154
0.563387
1.576649
0.025615
0.422285
-0.753177
-1.170923
0.379096
1.101950
-0.472046
-0.763105
-1.349543
0.522821
0.580502
-0.993011
-1.361337
-0.614878
0.454095
-0.831514
-0.320603
0.999961
0.156789
-0.215513
-0.585819
0.307227
-0.863703
-2.896538
0.850680
0.368569
0.143240
1.555237
-0.906925
-0.773444
1.676408
-0.078672
1.541949
0.774606
-1.237758
0.912883
-1.162824
0.744903
-0.324371
-0.849615
0.104565
0.412230
-0.227237
-1.500491
0.422307
-0.405760
0.901415
-0.800002
-0.991021
0.583521
-0.621933
0.004004
-1.519154
-0.142360
-1.772745
0.049456
-0.062510
0.728799
-0.035886
-0.593678
-0.071354
-2.245313
0.411356
0.675890
-0.501445
-0.267444
-1.559566
-0.198712
-1.773020
-0.383797
0.129032
-1.248730
0.477549
0.184640
1.046114
0.517481
-0.738917
-0.766608
-0.006937
0.674338
-0.128328
0.189420
-1.048183
0.019059
1.704316
-1.032457
-0.715707
0.097841
0.353038
-0.157751
-0.879773
-1.451102
0.575177
0.532297
-1.409538
0.796598
0.422028
-0.534126
-1.069391
1.344177
2.955736
-0.654132
1.437824
0.560269
0.202620
-0.846779
-0.625201
0.141464
0.903581
-0.280112
0.216906
0.404758
0.140753
-0.428192
0.431301
-0.080369
-0.878529
0.840854
-0.646163
-1.207914
0.759560
-0.628843
0.188304
-0.384027
-0.138412
0.242607
1.464282
-1.111883
1.065340
0.237386
-1.348937
-0.269288
0.285271
-0.603630
1.934099
-0.758438
0.584994
0.864059
-0.455691
-0.452573
0.028978
1.767927
-0.426050
-1.611738
-0.732216
-0.005424
-0.349622
-0.593943
-0.038796
0.235193
-0.567479
-0.585299
0.516307
1.976955
-0.722589
-1.370236
0.634182
-0.189468
-1.907081
-0.388006
1.920561
-0.009733
-0.313396
1.112938
-0.479081
0.530876
-0.915741
-1.815011
0.061679
-0.815933
-0.717042
-0.590512
0.086322
-1.821898
1.796849
-0.684651
-1.427562
-0.441580
-0.143523
-0.795344
1.009598
-0.086516
0.638209
-1.215408
0.261724
0.716368
-0.353016
-0.207528
-0.739524
-1.435156
1.048976
0.171680
-0.332477
0.093568
1.262358
-0.331943
0.404008
0.731773
0.486732
0.806284
1.428448
-0.186905
-0.409606
-0.560112
0.872231
-0.828176
-0.536782
-2.923360
-0.926176
-0.930467
-0.572454
-0.742664
-0.010271
0.769644
1.038234
-0.516825
0.687328
-1.002577
1.488211
-1.148773
1.049569
1.463831
1.685076
-1.217204
1.539953
-0.350737
0.084857
-0.922858
-0.189861
-0.352012
-1.268416
-1.280632
-1.983658
0.008860
-0.028382
-0.489928
1.888008
-0.874282
0.660662
-0.883431
-0.689264
2.090771
-0.069429
0.573345
-1.564242
1.167194
0.520625
0.537245
0.585289
-0.741117
-1.538640
-1.766140
1.033085
0.130389
-0.900568
0.780038
0.996978
2.113225
-0.509430
-0.757598
-0.438329
0.157222
-1.925968
-0.642759
-2.052131
-0.901343
-0.161835
-0.619190
1.269317
2.259553
0.819011
-0.007170
-0.128456
0.645078
0.911707
-0.556840
0.886434
-0.404610
-0.872368
-0.205454
0.538858
-1.818073
-0.157297
-0.350350
-0.857247
0.331805
-1.179636
-1.564865
2.021179
-0.102643
-0.159898
1.046011
-0.765952
-0.936856
0.386170
1.136932
0.298111
0.406239
-0.887724
-0.409328
0.934414
-1.561461
0.649478
-0.434965
-0.085905
1.537730
-0.550193
-0.464062
-0.022902
0.068029
0.925571
-1.159522
-0.648469
0.086699
-0.570652
0.915190
0.789433
-0.148153
-1.055368
0.355700
0.546776
1.080306
-0.534787
0.197966
-0.074240
0.195772
-1.059175
0.955053
0.772728
-0.425232
0.091115
-0.101799
-0.994441
0.725238
0.145808
0.854792
0.558402
-0.439981
0.708218
-0.512705
-0.997789
0.971019
-1.078155
-0.855424
0.433324
-1.120300
-0.219862
1.466410
-0.461181
-0.896950
-0.545713
0.229670
-0.326002
-0.558667
-1.615795
0.785948
-0.888286
-0.489903
0.462871
-0.335639
-2.034514
1.750275
-0.190579
0.054852
-1.694543
1.542672
0.011222
-1.536904
-0.022288
-0.123096
-1.165927
0.689098
-0.166772
-1.059590
-2.011442
-0.752288
0.645955
0.103575
-1.761918
0.843839
-0.154059
0.081844
-1.660590
0.414209
-0.666561
1.713389
0.047881
0.154036
-0.028438
-0.475914
0.633399
0.794273
-1.735023
0.549968
0.404884
0.002282
1.810171
-0.741235
-1.346190
-0.272981
-0.116231
1.074866
0.539723
2.032472
-0.227979
-1.431708
-1.368026
-2.309875
1.553090
0.907651
0.674717
-0.901225
0.253064
-0.050902
-0.889656
-0.469775
-0.796577
-0.391341
-0.004616
-0.434851
-0.286354
-0.355093
-1.975318
-0.192764
0.101020
-0.399950
1.277687
-1.098684
-1.134123
0.218906
-0.114632
-1.532019
0.822045
-1.180944
1.690117
0.061181
1.817067
0.008108
-1.319024
-0.635925
-0.186094
0.480873
0.223952
0.975562
-0.251304
0.564488
-0.343345
-0.068600
0.413109
0.005504
-0.417654
-0.476299
-0.413001
0.952399
-1.110678
-1.203439
-1.718548
1.058674
-0.110063
-0.286396
-1.333135
-0.758058
1.555794
-0.645188
0.798561
0.474113
0.294354
-0.839395
0.767708
-0.055389
0.208385
1.796335
0.179492
-0.714974
0.490293
0.580712
0.143498
0.166765
1.203775
0.237863
-0.753816
0.151010
0.786266
-1.067537
-2.064764
-0.593698
-0.872754
0.016577
-2.154237
2.017790
1.209369
-0.610296
0.067013
0.731917
-0.701221
-0.198118
-0.491583
0.851224
1.716513
-0.747338
-0.038908
-0.943323
1.059754
-0.076603
0.336508
0.739738
1.955056
0.711277
-2.362659
-0.791236
-0.714736
0.095799
-2.155530
-0.863036
-0.120154
1.472881
-1.233837
-0.147231
-0.855469
-0.722218
0.909864
0.227564
0.339602
-0.665667
1.370108
0.607934
-1.701509
-0.453825
1.281904
0.658389
-0.843654
0.039375
-0.146666
-0.824334
-0.070689
0.594639
-2.107260
-1.235789
1.275867
0.692201
-0.514057
-0.467767
-0.502980
0.881276
0.376779
-0.744540
0.024159
0.573430
-0.840986
-0.164674
0.098323
-0.126868
0.077339
0.288176
0.126564
0.311651
-0.084855
-0.793607
0.430197
2.598538
0.295576
-1.233619
-0.208945
0.081781
0.986952
0.155023
-0.121684
1.589635
-0.626268
1.994190
1.560077
-1.119840
0.745189
0.256891
-0.217853
0.727656
-0.052182
0.770147
-1.011308
-1.235040
0.784926
-0.052399
0.309721
1.302058
-1.274958
-0.445509
-1.096837
0.337226
-2.009280
-1.632168
-1.140799
0.546830
-1.009843
-1.697380
-0.913356
-0.175142
-1.090199
0.264618
1.217348
0.344314
-2.029277
0.901858
-0.936147
-1.692947
0.591165
-0.187065
-0.105209
1.344061
0.166873
2.087159
0.731614
-0.933141
0.000510
-0.388780
-0.590515
0.316447
-0.291746
0.017233
1.106579
0.298498
2.089404
-1.169008
-0.595300
1.810246
0.897038
1.085960
-0.619921
-0.446895
2.440843
0.306826
-0.742206
-0.796517
0.801569
1.359883
-1.064143
1.107620
0.863906
2.044574
-0.791186
0.745963
-0.026561
-0.845639
-0.186496
-1.747316
-1.158716
-0.630800
1.357740
-0.780438
0.390738
0.860719
-1.272767
1.218554
-0.029714
0.697032
0.164065
0.175311
-0.650177
-1.663286
-0.440310
-0.072634
0.066813
-0.559106
0.325684
-1.244282
0.392598
0.526638
-0.688737
-1.324028
0.217104
0.635345
-0.017946
-0.990619
0.007527
0.935704
0.685207
1.396633
-1.041663
0.021252
-0.042592
-0.292094
-0.434457
0.114783
-0.908796
0.271845
1.542544
-0.640822
0.417627
-0.641962
-0.316917
1.106558
0.145267
0.329108
0.711160
1.093141
1.222007
0.318272
0.261392
-0.746835
-1.390225
-1.691993
-1.172437
1.040601
0.486745
-0.795717
1.048650
-1.909736
-0.230655
-0.136064
-0.863140
-1.092528
2.075635
0.585390
-1.463639
0.355496
0.706982
-0.346330
-0.291234
-0.231595
-0.220088
-0.666404
-0.708782
-0.533455
0.618081
-0.663069
-0.818368
0.338670
0.064894
0.031738
-0.945507
-0.011848
-0.315981
-0.336838
-0.701090
1.229180
0.534310
-1.484737
0.819797
0.483322
1.782846
-0.630898
-0.694506
0.868235
-0.023410
0.761450
0.531910
1.110957
0.338557
-1.473873
1.176143
0.073885
-0.314564
-1.551378
-1.756750
0.782874
0.201904
0.505451
0.372341
0.572179
0.260806
-0.261942
-0.634497
-0.903236
0.578658
-1.324303
-0.822483
-0.141885
-0.311081
-0.357156
-0.944667
-1.133202
-0.124880
0.011362
-0.228081
0.208493
-1.167669
0.687651
1.026701
-0.908271
-0.197178
0.161523
-0.506768
-0.627307
-2.212209
0.004222
-0.628663
1.385623
0.032222
-0.744325
0.078893
-0.849020
-0.675736
-0.172094
0.822311
0.477541
0.392196
-1.951895
-0.769754
-0.089866
-0.490700
0.201030
-0.437344
-1.397466
-0.038789
0.684940
1.834487
-1.473244
-0.237520
1.244487
1.259193
0.978744
-1.394005
-1.757937
-0.095323
0.571618
0.435865
0.479776
0.860709
-1.164761
-1.278849
-0.355110
-0.463522
-0.969276
0.827162
1.928576
-0.007378
-0.800873
1.123155
-0.783792
0.756438
0.093259
0.433684
-0.262986
1.487155
-1.006198
-0.351885
-0.827519
-0.160016
0.131115
-0.386295
-1.046772
-1.707967
-0.796224
1.493523
-0.824363
-0.234479
0.873893
1.554096
-0.576722
0.701005
-0.879052
0.142821
1.365317
-0.496254
0.122077
0.931840
-1.928558
-0.585953
-0.251823
-2.311149
0.439233
0.922873
0.494063
-0.976854
-0.275844
0.292307
0.338566
0.878194
0.295780
-0.074590
-0.349804
-0.812935
0.512739
0.150290
0.281235
-0.462606
1.681580
-1.432581
-0.902116
-0.034366
-0.904730
0.286722
0.213280
-0.641093
-0.542691
-0.131715
0.900988
-0.586585
-0.668827
-0.545924
0.310296
0.205521
1.447448
-1.365678
-1.192523
-0.596038
-1.447404
-0.210267
1.907179
-0.013386
-0.139401
-0.585358
-1.667776
-0.547128
0.220580
0.533387
0.575934
-1.439851
0.096863
-1.780477
0.623009
-1.719925
-0.380323
2.336089
0.633486
-0.341546
1.509584
1.329675
0.442177
1.029529
-0.822747
-0.642772
-0.771717
-1.336708
-0.311937
0.544950
0.693509
-2.056154
-0.573022
-0.058590
0.644850
0.627459
0.570187
0.457634
0.110596
1.734760
0.779231
-0.750475
0.909477
1.290186
0.281675
0.506706
0.130641
0.644553
0.342496
0.560753
-0.551823
0.764938
0.066150
-0.318765
0.436240
-1.437922
0.710557
-0.387868
-0.613051
-0.936879
-0.109365
1.193134
-0.089860
0.464358
0.121242
2.087354
-0.447831
0.150708
0.657671
-1.588433
0.251054
1.648531
-1.529798
1.032714
-0.907439
-0.696902
0.560630
1.260293
1.868957
-0.737868
0.646991
0.192646
0.997179
0.411448
-0.992787
0.877070
-1.232668
0.563241
-0.359064
-0.240474
-0.344642
1.212866
-0.399905
-0.537437
-0.368163
-0.092193
-1.481238
-1.726676
-0.783842
0.712810
-0.515891
0.590283
0.843972
-0.626767
0.938109
1.506459
0.442704
0.665731
-0.259810
-1.582253
-0.340088
-1.486625
-0.919855
0.697131
0.477151
0.738971
0.304864
-0.322841
0.076163
-1.112744
-0.825096
-2.255868
0.721102
1.429161
0.269979
-1.044682
1.467933
0.113853
-0.187872
-0.117522
-1.004394
-0.487232
-1.832940
0.650291
0.128730
1.018452
0.367608
1.294500
-1.011635
1.656546
-0.748480
-1.035812
-0.294127
-1.555717
0.451062
-0.483973
0.228833
0.651672
-0.048067
0.730048
0.112310
-1.854873
1.642064
0.960475
-0.219115
-1.649413
0.265209
0.667235
2.948762
-0.551424
0.430840
-0.756391
0.117564
0.851486
0.018602
1.072059
-0.717710
1.076430
-1.274921
0.222223
-1.152362
0.327051
1.195094
-1.528589
0.163774
0.052840
-0.130969
0.377152
-0.800776
-1.018716
-1.180487
1.747902
0.669687
-0.628859
-0.474139
-0.578646
-1.779478
0.793959
0.602819
0.095320
2.190904
-1.341944
-1.610758
-0.119311
1.356611
0.256814
-2.335035
0.765799
0.658928
1.345356
-0.663716
0.898568
1.367673
-1.146008
-0.671316
-0.130597
-0.342253
-1.816454
-2.644760
-2.017040
0.092038
-1.111365
-1.638500
-2.014485
-2.192818
-1.182416
-2.549381
-1.999515
-0.152645
-1.388419
-1.185077
-0.563295
-2.082678
-0.617834
-1.022316
-2.657887
-1.023735
-0.000065
-0.666457
0.793698
1.709297
0.726194
0.772301
-0.664547
3.283213
3.291159
2.686487
2.839026
0.915163
1.268797
2.299744
2.695737
2.954021
1.933108
2.614460
1.578553
1.692878
1.248433
1.166642
1.094953
0.492840
-0.331835
-0.630628
-0.019124
0.397314
-1.068839
-0.728490
-1.604851
-1.416256
-0.410170
-1.042516
-1.524176
-0.612140
0.156287
-2.024559
-2.344253
-0.852519
-0.005991
-1.714532
-2.980199
-0.844325
-0.417335
-1.635411
1.334315
0.539108
-0.185642
-0.154420
2.883843
0.997084
0.427818
2.893344
1.052083
1.918887
1.960942
1.213453
0.895220
0.964148
2.110364
0.250888
-0.088807
-1.363990
0.762115
1.401115
-0.068002
0.658988
0.882373
-0.752357
-0.519014
0.431170
-1.137773
0.060300
0.004453
-0.078984
-0.059677
0.256324
-1.589878
-0.168558
-0.175835
-0.076898
-0.661587
-0.155704
1.733541
0.958478
0.049636
-0.330948
-0.154034
0.214057
-0.702284
-0.600971
-0.540605
0.765818
0.736866
-0.333515
0.229336
-1.920610
0.540298
0.721039
-0.630491
0.108913
-0.151646
-1.072288
-0.792373
0.114793
-1.113084
-1.318997
0.098137
1.972523
1.408439
-0.068144
0.146979
0.518613
-1.019534
-1.369927
0.645042
-0.954614
-0.080907
0.248144
0.969366
0.907964
-0.707151
0.537429
-0.743955
0.514778
-0.093908
-0.547472
-0.652296
-0.404805
1.479812
-0.703791
0.121439
-0.082975
0.226603
-0.565971
-0.526329
1.512034
-1.061686
-0.992405
0.391923
-0.049782
-0.005282
-0.494859
0.644158
0.752306
-0.331902
-1.201053
-0.263121
-0.931857
-0.741935
-2.057460
0.095346
0.526513
-1.013548
-0.143929
-1.945226
0.931319
1.498914
1.441641
-0.444247
-0.837931
0.667577
0.121391
-0.794541
0.148759
0.961591
0.264611
-0.148290
0.578785
-0.941950
-0.430372
-0.026141
-0.263472
-0.987586
-0.411708
0.012916
-0.267141
-0.369797
-2.446037
-0.569548
-0.213350
-0.371320
0.085665
2.392403
-0.822519
0.711790
-0.333489
0.935119
-0.051013
-0.035407
-0.181459
0.287045
0.328939
0.579725
-1.149425
1.695977
-0.857383
0.915205
-0.582653
-1.255040
0.011563
-0.072004
1.315500
-0.844797
0.454925
-0.256504
-0.508063
-0.679076
-0.640023
-0.806810
-0.470595
0.175674
2.199645
1.500453
-0.805928
-0.090113
-0.551971
0.515706
-0.123366
0.797748
1.091697
1.589715
0.495369
-0.639518
0.209538
0.535209
0.413667
0.622984
1.439122
-0.468690
0.408068
0.840646
-0.188824
2.187588
-0.069267
-1.324671
0.694661
-0.341369
-0.105228
-0.817510
-1.274488
1.162469
0.165476
0.448074
-0.457722
-0.081817
0.306303
0.251791
0.140068
-1.169909
0.452469
-0.097598
0.501427
1.322956
-0.629592
1.010708
1.167742
0.649452
-0.369796
0.156753
0.232873
0.572243
-0.052818
-2.476789
-1.534458
0.367756
-0.128215
0.479586
-1.206201
-1.547015
0.437665
2.269871
-0.491968
-0.577648
-0.455671
-0.272967
0.788423
0.064052
-0.322130
-1.744318
-0.218859
1.128524
-0.061780
-0.283642
0.647315
-1.931507
-0.211290
-1.256224
-0.035514
0.219541
-1.759888
-0.882427
1.056440
-0.754080
-0.716206
-1.215384
1.359182
0.980304
-0.662190
-0.280873
0.026020
-0.734280
-0.678362
-0.745602
-1.234463
-1.536894
1.275326
-1.038695
0.735057
-1.040233
-1.216160
-0.066172
0.734004
-1.699861
1.961403
1.221411
-0.705007
0.767371
0.555916
1.883784
0.898324
-0.597121
0.551486
0.349747
-1.583273
1.476315
-0.491338
-0.550666
-0.499078
-1.735849
-0.793377
0.757623
1.237444
-0.108088
-0.288055
1.422178
-1.756894
-0.186968
-0.437390
0.846050
-0.236084
0.118994
-0.134403
-0.485727
0.095957
-0.605670
-1.122060
1.377687
0.611782
-0.430458
-0.807278
-0.024268
0.512457
0.896646
-0.304602
0.413014
1.303294
-0.037130
-0.856252
0.933682
-0.321397
-0.516571
1.282340
-0.821638
1.128406
-0.350933
2.236455
-0.072651
1.382132
-2.241945
0.521430
1.391898
-1.266541
-0.982271
0.355594
1.076395
0.340403
-1.583367
1.156381
0.314260
-1.337701
1.140660
-0.931933
0.172364
0.953802
1.322742
-0.179191
-1.290420
-0.098015
-0.727347
-0.561359
1.703059
-1.055868
-0.015945
-1.208544
0.124412
0.055428
-2.144278
-0.334772
1.211125
0.606616
0.418338
0.725239
0.191230
0.329397
-0.999360
-1.180260
0.121376
-0.739991
0.820881
0.814233
-0.562185
-0.670425
0.147080
-0.316293
-0.893869
2.807876
-1.991896
1.222813
-1.559910
1.664029
0.502052
0.365337
1.290453
1.421962
-1.367689
1.989134
-0.257823
-0.097067
0.084342
-0.726877
0.964772
1.448381
-1.320055
-0.425664
0.083696
-1.962758
-0.128679
0.796004
0.331019
0.411541
-1.465052
1.704874
-0.575033
0.164319
1.364257
-0.496567
-1.237043
2.304387
0.766686
0.969356
0.571134
0.116896
-1.290409
-0.547133
-0.013674
0.538305
-0.594567
0.359268
-1.590463
1.092596
0.798506
-0.414912
-1.056882
1.177327
1.439514
-0.600685
-0.700706
-0.421683
-1.468083
0.476401
0.689980
0.069986
-0.020172
0.020016
1.728261
0.063261
2.108153
0.100948
-0.525782
-1.057724
-0.624202
-0.509972
-0.531860
-0.354529
0.716785
-1.293020
1.895327
-1.193474
-0.557942
-1.988754
0.310909
0.093816
-0.857597
0.758342
-1.598399
-0.105401
-1.759355
0.288066
1.578120
-0.060316
0.652203
-0.784355
1.449753
-0.058090
0.311481
-0.427431
0.918946
-0.785049
0.072614
-1.599325
-0.038829
0.627490
1.485842
0.707773
0.175533
-1.404314
-0.342679
-0.485110
-0.167883
1.015302
0.648403
-0.046425
-0.585953
1.288647
-0.124988
-0.278333
-0.186472
-0.842961
0.516609
0.625022
1.612577
-1.395607
0.132806
-0.835591
0.996322
0.211847
0.118269
-1.223843
-0.382836
-1.301895
1.087783
-0.959986
-0.217023
-0.307493
0.335484
1.243274
1.162807
0.171251
-0.546514
-0.164430
-0.404458
-0.261619
-0.661858
-0.811844
-0.505561
-0.652846
0.636620
0.250888
0.110166
-0.951047
-0.817593
0.980450
-0.768073
0.286242
-0.645762
-0.591453
1.259634
1.529683
-0.049428
-1.119695
0.525782
0.247386
0.592347
0.587596
0.639327
-1.236257
-1.490014
-1.354631
0.082867
0.939679
0.084085
1.594166
0.097760
0.736443
-0.951194
0.695926
-0.170790
-0.602848
-1.105364
-0.171112
-0.641465
0.061061
1.248068
-0.490140
-1.185119
-0.386256
0.707922
0.283490
-2.066848
0.243799
-0.695907
-0.023032
-0.775598
-0.257471
-0.143147
0.760094
-0.059112
-1.985669
0.071335
0.860108
-1.989427
0.440091
0.173578
-0.303062
0.900896
1.255582
0.821659
0.990656
0.967346
-0.095098
0.184355
-1.025113
-0.552721
0.662195
1.447212
0.926286
0.444461
0.488404
-0.495005
0.511209
0.009809
1.015849
-0.759440
0.101061
-0.642639
-0.951655
0.247318
0.786588
-0.807353
-0.389592
0.470175
1.300870
-0.043473
1.701953
0.316480
1.966360
1.966466
-1.104492
-0.217080
0.185318
-1.367143
1.976548
0.245951
0.376640
0.204921
0.110052
-0.686972
0.550558
0.941859
-0.407513
-1.102345
0.402954
1.019195
2.018048
0.713997
0.159208
-1.216634
0.670286
-2.355363
-0.764575
0.822489
-1.871186
-0.388034
-0.784937
0.267732
0.439163
1.115733
-0.189725
-0.939026
0.023756
-0.139404
0.874430
-0.525506
0.557806
-0.451129
-0.594869
-0.544186
1.348520
0.828010
1.770393
-0.510040
0.225426
1.363020
-1.041864
-0.697127
-0.600372
-1.434448
1.475029
0.516428
-0.743471
-0.384969
0.220339
0.340236
-0.091460
1.912517
-1.228226
-1.320316
-0.393090
0.878196
-0.528244
-1.598446
0.241671
-0.045915
1.216595
-0.082378
0.338299
-1.349421
0.302408
-0.912012
-0.608146
-2.626606
1.813209
-0.777600
2.293083
-1.001674
1.972945
-0.725918
0.088077
-0.469897
0.519358
-0.550561
-1.178114
-0.315860
0.018819
-1.844510
0.472421
0.058617
0.720675
0.718957
0.223343
-1.281682
1.236668
-0.259972
-0.937604
1.619952
1.790013
-1.969339
1.189148
2.002032
0.509609
1.495481
-1.390281
0.230349
-2.296891
-0.013954
1.139815
-1.722080
0.023271
-0.860234
-0.108100
0.259725
1.392914
0.292526
-0.254049
1.038383
0.761279
0.872974
-0.368599
0.126241
-0.953142
-0.968255
0.631868
0.522599
0.530356
-0.010830
0.233604
0.179800
-0.513846
-1.063222
2.095670
-0.431923
-0.336343
0.387133
0.021694
0.998534
-0.096993
-1.664485
-1.286438
1.062753
1.158104
-0.062585
0.875754
-0.040779
-1.345745
-1.954221
0.155981
-0.626097
-0.092722
-0.652745
-1.574070
-0.735721
-0.911649
0.961508
1.863386
-0.171294
1.259190
0.570844
-0.197752
-0.864110
-0.858268
0.915612
-0.069829
-0.466869
-0.617598
-0.493423
-0.886640
1.519949
0.578583
-0.047161
-0.179719
-0.784136
-0.050678
-1.099508
-0.320155
-0.522108
-0.311181
-0.174815
-0.386907
-1.304317
2.450776
0.443355
-0.766820
-0.284791
0.511682
1.280895
-0.823133
-0.705869
0.757925
0.347455
-0.687950
0.424322
0.202356
0.614033
-0.927960
-1.001117
2.602200
0.124309
-0.662233
-0.467001
0.572692
-0.712358
0.292250
-0.164641
0.006341
0.287487
-0.020931
0.983634
-0.037947
-0.021578
-0.094643
-0.018971
1.156324
-3.338254
-0.206414
-1.605789
-0.163990
0.465135
1.621629
1.285109
1.516281
2.487742
-1.119572
1.780667
-1.464225
-0.468522
-0.270471
0.665974
0.697883
-0.945469
-0.787010
0.904277
-0.232143
1.129146
0.167576
0.847254
-0.781026
-1.959564
1.026006
1.027751
1.970154
-0.529793
-0.495957
0.158311
-0.373726
0.115094
0.559817
1.536949
-0.306809
-0.687927
-0.647179
0.113556
-1.230429
-0.550655
-0.272433
-2.341146
0.521294
0.361827
0.548693
-0.614397
0.632356
0.678263
0.499501
-0.583643
0.674882
-0.376422
-0.141321
0.133174
2.465663
1.640729
1.541004
0.013343
0.862206
0.947149
-0.087790
-0.206468
-1.463931
1.303070
-0.424436
0.277739
-1.578756
0.137697
-1.319316
-0.886509
-0.308315
0.639319
1.250976
-1.101691
-1.612512
0.811128
0.650963
-1.134087
-0.501162
0.650223
1.941200
-1.538510
-0.502689
-0.417487
0.346058
-1.488481
0.551637
0.589971
-1.130983
0.805495
-0.765139
0.047319
-0.560596
-0.066076
0.956210
-0.201358
-0.859447
0.063293
0.038024
1.045958
-0.166447
-0.136081
0.401645
-0.538483
-0.492710
2.249265
-0.676569
0.203234
0.395050
2.044114
0.404252
-1.874710
0.650296
1.160406
0.148087
0.460268
0.302751
-0.519113
0.566563
0.414125
-1.032177
-1.391110
0.884840
0.909455
1.633099
0.146992
2.336743
1.300212
0.728685
-0.479587
0.834216
-2.350325
0.541131
0.820709
-1.329544
1.280778
-0.828678
1.112226
0.780270
-0.456709
-0.785461
0.902484
0.173988
0.213428
-2.092393
0.860496
-0.308504
-0.949502
1.069190
-1.940595
-0.919521
-0.282190
1.253526
0.190665
-0.970023
-0.619676
-0.110140
0.158869
2.150381
-1.384580
-0.670439
-1.412810
0.073454
1.499729
-0.062337
0.264095
-1.030662
-1.115033
0.875980
-0.334250
-1.032260
1.030496
-1.248441
2.292739
-0.758895
1.278849
-1.723532
-0.397348
0.425757
0.850783
-0.056630
1.153038
-0.764484
1.584581
-0.885091
0.718018
1.574699
1.112377
1.106162
1.014436
-0.891924
-0.245546
-0.915893
0.188624
2.012108
-0.116423
-0.117240
1.384313
-0.522910
0.312296
-1.059874
0.369947
-0.012380
0.204195
1.846047
-0.049366
0.611296
-0.030589
0.159903
1.188233
0.456466
0.221852
1.326186
0.766282
0.544738
0.327344
-0.116635
-0.788199
-0.124151
1.021322
-0.086566
-0.131023
0.492977
0.466772
-0.860367
0.664250
1.916341
1.264387
-0.686072
0.722681
-0.736733
-1.029659
-2.481779
-1.087177
0.793900
0.761021
-0.172517
0.867371
-0.602770
-1.015514
1.424534
0.141097
-0.838037
-0.066639
-0.558579
-1.018091
-1.374949
0.992460
0.759401
-0.695813
-0.047541
0.894602
-0.582732
-0.849271
-1.466899
0.534662
0.379805
2.326591
0.711466
0.050466
0.014160
0.838302
0.529350
0.483251
-0.315425
-0.130919
-0.223433
0.015069
2.256528
0.621911
1.529611
1.896860
-0.576023
1.153632
-0.004798
0.451296
0.631296
-0.115301
-0.351604
-1.368110
-0.138492
2.035686
0.156738
0.184013
0.733247
0.985168
-0.138124
-0.315491
1.229134
-0.632886
0.644432
0.058471
0.512319
0.466168
-0.685930
-0.502399
-1.632527
-0.613350
-0.090234
0.126384
0.038515
0.521508
0.218850
-0.179801
1.086307
0.844983
-0.089478
-0.953496
1.045294
-0.263155
0.495046
-0.087245
0.521745
0.168044
-0.794918
-0.918775
-0.867393
-1.160403
0.236814
-0.139673
-0.731278
2.532599
-0.688987
-1.024945
0.500520
-1.105835
-0.553141
-0.200250
0.593830
-0.091661
0.947457
1.783004
-0.077602
-0.356888
-0.311491
-1.550361
-1.114986
-1.208938
2.349557
0.878672
0.791318
1.006967
-0.755518
2.085525
-0.371502
0.689912
-0.406309
-0.317797
-1.716427
1.601355
-1.055785
-0.449008
0.240387
1.158645
1.075819
0.860349
-0.104857
-0.930062
0.345653
-1.312324
0.228257
-1.533032
0.366938
0.028683
0.153051
1.298987
-0.050419
-1.385986
-0.968241
0.657974
-0.156030
0.641824
-1.067070
0.593461
-0.755175
-1.814240
-0.804682
-1.467572
0.225146
0.246485
0.113143
0.593781
0.517364
-2.103298
-1.106058
0.363233
-0.136023
-1.083403
-0.297710
-0.127506
-0.637752
-0.786421
0.260357
-0.113594
-1.072901
-0.065256
1.197354
0.671692
-1.054111
-1.183204
-0.665967
1.121765
0.082411
0.234396
-0.476901
-0.435524
0.033241
-0.276288
0.005991
-0.500324
-0.010477
-0.432158
0.369583
-1.439328
0.456510
-0.256394
-1.320033
1.767380
0.685432
-1.583969
0.085984
0.479632
-0.512308
-0.123683
-0.650224
1.455390
1.331191
-0.340149
0.185141
-0.549650
1.211803
1.288148
0.024792
1.722264
0.783920
0.776808
-0.451223
-1.368521
-0.034282
0.794464
0.250495
-0.809286
0.603339
-0.327750
-0.812511
-0.492508
0.844910
0.506521
0.904556
-0.512591
1.274386
-0.343783
0.595591
0.584595
1.990630
0.833411
-1.565384
-1.192671
-1.185235
0.676684
-0.211464
-0.695976
0.003053
-0.690825
-0.039934
-2.585286
1.203045
-1.601703
-1.531031
0.121345
0.436859
-0.917913
1.534827
0.447756
0.219167
-0.461972
0.661982
-0.537165
1.779003
-0.195971
1.002697
0.498354
-0.471516
-1.138014
0.161235
-0.375262
-0.793478
0.582465
-1.839739
-0.270787
-0.324456
0.443112
-0.159138
1.296809
0.382651
-0.036501
-2.914537
0.221395
-0.009258
0.455208
-1.013530
0.975525
0.128337
-1.098765
-1.361930
0.293358
2.566027
0.150750
-0.241948
-1.088846
0.593376
1.557235
-0.165431
1.402009
-1.137459
0.790641
0.936334
-0.558840
-0.387526
1.593714
0.066603
-0.190783
-0.356631
-0.639507
-0.015913
-0.106199
0.328127
-0.391829
0.021816
0.458053
-1.070271
0.768441
0.455991
1.130796
0.903927
-1.390855
0.209771
-0.274254
-0.919320
-0.595660
1.019984
-0.343022
0.047426
-1.335200
0.063278
-0.307289
-0.043157
-0.048165
-1.775297
-0.130091
0.334312
0.783035
-1.026975
0.646863
0.057275
1.928075
-0.469854
1.306444
-0.449857
-0.745494
0.488537
-1.209464
0.372725
1.258291
-1.736044
-0.849866
0.125130
-0.443802
-0.677795
-0.395174
-0.913847
0.960863
1.291532
0.031349
0.564866
-0.287976
1.126193
-0.839816
-1.293986
1.289091
1.023877
0.711720
0.543369
0.580858
0.822530
-0.702263
1.272168
0.210461
-1.043278
0.239177
-0.050162
-1.568573
-0.239851
0.600405
0.086303
0.723299
-0.807354
0.850776
0.284629
0.114639
-0.081193
0.724995
-0.348339
0.154799
0.956304
0.751639
1.382584
0.930556
-0.284985
-0.984492
-0.407750
0.867972
0.482097
0.234590
-1.092098
1.256434
-1.402714
-0.472951
-0.420305
-0.094630
-0.481840
0.851883
-0.792677
0.261804
-1.676054
0.434233
-1.412894
-0.314903
-1.864044
-0.311157
0.653935
0.057501
-0.007826
-0.750873
0.966734
-0.100642
-0.088392
1.957139
-0.345112
-0.594249
0.355353
0.254223
1.980209
0.935502
-0.221515
0.557237
-1.295718
1.620582
0.550543
1.017124
-0.466452
0.233310
-0.183254
1.249655
-0.710795
-0.780419
0.823191
2.468493
-0.174045
-0.214745
-0.628852
0.104240
0.892987
1.005707
-0.313832
-1.374696
1.272011
1.020385
0.273061
0.101273
0.770488
-0.966873
0.594149
0.808254
-0.155701
-0.684518
0.700061
-0.155432
-0.793343
-0.358998
1.115284
0.370114
-0.940852
-0.274004
-0.303102
-0.558747
0.042430
0.076234
-0.450691
-1.862316
-0.370095
-0.711750
-0.578239
-0.277459
-0.016352
-0.660111
-0.715673
1.945277
-0.522428
1.133878
0.258392
0.061226
-0.081666
0.195471
-1.160933
0.962498
0.965850
-0.385309
1.834752
-0.837818
-0.122753
-0.472952
-0.303301
0.042128
0.061779
0.118591
0.877293
-0.668104
0.829471
-1.681400
-0.336878
-0.206825
1.812463
1.124622
0.681682
1.464418
0.476578
1.595438
1.517548
1.043335
-0.907475
0.793243
-2.039106
0.730101
0.497486
0.977801
-0.548296
1.186563
0.921919
-0.227387
-0.333525
-0.601364
0.798021
-0.415453
0.345350
-0.884993
-0.159006
1.678882
-1.102480
0.786367
0.629841
-1.120195
0.046420
0.853137
2.105568
-1.148004
0.655963
-1.138174
0.729246
-0.298467
0.700060
-0.600286
-1.671934
0.103523
-0.698330
-1.031863
1.334416
-0.176717
0.237461
-1.265676
-1.188105
0.788648
0.898868
-0.488204
-0.224098
1.384974
-0.075857
1.080017
0.075208
0.803078
1.071384
-0.481092
-0.054592
-1.819958
-0.155090
-0.629396
0.567832
-0.210167
-1.486249
-0.687307
-1.278051
-0.893771
1.071153
0.350743
-1.165434
0.302310
-1.048859
-1.002526
1.790226
0.000848
-2.050599
0.390347
-0.393336
0.451683
-0.927162
0.097728
-0.300737
1.025455
-0.433193
-0.150577
-0.597723
-0.245706
1.690629
0.361853
-0.834230
-0.827559
-0.941633
-1.066513
0.014722
-0.673781
-0.473562
0.347698
1.566548
-0.569232
1.056514
0.428471
-1.250143
-0.497594
0.246992
0.734473
0.108561
-0.041765
-0.911633
-1.308959
0.157217
-0.853790
-1.017573
0.546488
0.290274
0.376584
1.219364
1.331037
0.367577
-1.145512
-2.075061
1.125438
0.437158
2.583389
-0.428956
0.787004
0.105007
1.637591
0.560723
0.188404
1.014138
-0.182658
0.161015
-0.255922
1.920397
1.147714
-1.376025
-1.828742
-0.322236
0.356068
-1.252646
0.803531
-0.193946
0.646255
-0.236603
1.178078
0.806671
-0.242548
-0.115977
-0.251568
1.207124
-1.061846
-1.605144
0.117460
0.348745
1.044181
-2.089680
-0.072616
-1.982765
0.393312
-1.292148
0.794130
0.000667
-0.708242
0.962050
-0.423572
0.056381
2.401431
0.323662
-1.569093
-0.811183
-0.304628
-0.873554
0.046768
1.155466
1.312580
-1.706885
-0.609299
0.135728
0.162038
0.404865
0.169990
-1.722877
0.575468
-0.295164
-0.342982
-1.127191
1.758391
0.358421
0.292851
-1.601711
1.043826
-0.379826
-0.528234
-1.791193
1.477009
-0.857066
-1.664159
-0.782320
0.189448
0.996616
-0.065969
1.240765
-1.729573
-0.064273
-1.637555
-1.092097
-0.911219
-0.357157
1.132057
0.590608
-0.894112
-0.210992
-0.131968
-0.429733
1.673869
0.546481
-0.275399
0.547561
0.527398
-0.658671
0.094107
-0.934538
0.567562
-1.016319
-0.352765
1.677188
-0.553029
0.250826
0.446482
2.055574
-1.092706
0.245690
-0.437483
0.636225
1.170549
-1.378999
-0.755664
1.105412
1.805941
-1.055841
1.976441
0.293460
0.518626
0.728265
-0.421944
2.855754
-0.333639
-0.422828
-1.398620
0.694039
1.160949
-0.000892
-1.381015
-0.466355
-0.721538
-0.554198
0.278989
1.298280
-0.870359
0.258763
0.624278
-1.887758
-1.666528
-3.941620
-0.555803
0.798559
-0.004461
0.243927
-0.669008
-1.148109
1.580438
0.581298
-0.044710
0.670395
1.173026
-1.569375
-0.069299
0.842265
0.349656
0.382290
0.309376
-0.076423
-1.291729
0.096451
0.425466
0.191028
-0.958597
0.559246
0.217435
-1.682170
-0.057984
0.603738
0.554858
-0.649608
-0.058343
0.363175
-0.703637
-2.241225
0.030907
-1.078329
-0.605301
-0.430280
3.379534
0.275129
0.313640
-1.993741
0.287873
-1.057888
-0.604792
0.133646
0.031907
-0.285099
0.887428
0.438053
-0.333720
1.094999
1.380705
-0.986713
0.159285
-0.596762
-1.733267
0.901218
-0.668200
-1.118843
0.232860
2.563432
0.496313
0.250775
0.068237
-1.254168
1.783860
1.663473
-1.161161
0.548234
1.014105
-0.650851
1.168710
0.102071
0.990188
-0.071167
-0.650545
0.551433
-0.480433
0.139624
1.921068
-0.322879
0.600239
0.318642
-0.244721
-0.328854
1.708842
-0.658488
-1.286998
-0.063812
-1.192222
0.768831
1.482290
-1.062893
-0.024126
-0.873259
-0.334906
-0.368883
-0.000283
0.471458
-0.167154
-0.092689
-0.429871
-0.207419
-0.959834
0.770284
1.190696
-0.842103
0.390011
0.062095
-1.358151
-1.258308
0.396525
1.623171
0.446496
-0.716727
0.908039
0.887748
0.381008
-0.514384
-1.712905
-0.724757
-1.553865
-0.425512
0.211503
0.657976
-0.108619
0.701209
-0.091262
0.212702
-0.135224
-0.762177
0.338679
1.160527
0.870781
-0.141413
0.149941
0.243260
0.730614
1.210724
0.322362
-1.561360
0.596085
1.335765
0.577854
0.569073
0.951781
0.052496
1.351810
-0.913256
-0.692008
0.676425
-0.022323
0.611241
-1.448190
0.720408
1.016984
-0.512009
1.622537
0.752027
-1.800057
0.370010
0.754033
-0.365896
1.019737
-0.366376
-1.079795
-0.048276
2.162242
1.390823
-1.701651
-1.766708
0.102340
-0.125867
-0.612009
1.182044
-1.623115
1.113325
0.187688
-0.524206
0.433449
0.790371
0.721831
0.154966
0.433147
0.316878
1.416712
-1.184353
1.836828
-0.465488
1.784263
-0.902410
1.100247
1.548731
-1.370560
-0.036190
-1.030219
-0.236040
-0.179001
1.178091
1.153895
-0.712179
1.587990
0.733755
-1.078688
-0.215870
-0.817163
0.097956
1.622069
0.983331
0.536866
2.427772
-0.226080
-1.904747
0.066130
0.180474
0.965925
0.146229
-1.515119
0.330951
0.712567
-1.637613
1.117390
-2.082493
0.131538
1.102088
0.252521
0.008662
0.139432
0.940598
0.098679
0.578913
0.234796
1.720270
0.017692
-0.435581
-0.946860
-1.340584
-0.932025
0.568120
0.261181
0.765868
-1.400976
-1.563425
-0.799825
-0.131518
-0.990750
-0.967980
0.320594
-1.211164
0.083494
1.432890
-0.964351
3.489819
0.634264
0.319243
-1.133575
-0.997788
-0.688315
1.581243
1.598307
1.121374
0.576416
-2.365377
-1.088914
-0.743123
-0.362778
1.133473
-0.798961
-0.451316
-0.901125
-0.029161
-1.865990
-0.748199
0.703962
-0.148656
0.345619
-0.252199
-1.111426
1.073541
0.397674
1.630451
-0.335025
1.833437
1.172494
0.580565
-0.416059
-1.540136
-1.496042
1.536837
-1.374694
1.721286
-0.239022
-1.201922
-0.631610
0.388893
-1.418280
2.380622
1.191005
0.147365
1.275616
-1.704482
-0.029853
-1.669258
1.555107
0.568331
-0.770888
0.914765
-1.388713
0.065371
0.340802
-1.674769
-1.635523
0.284013
1.488649
0.663618
-1.912379
0.706251
-0.240280
-2.017490
0.896887
0.718676
0.928522
-0.038842
1.505062
-0.352706
-0.953154
-0.186687
-0.938702
1.326457
-0.578710
0.157639
0.172815
-0.839328
-0.026516
0.239073
1.547613
-0.994448
-1.320260
2.012738
1.625388
-0.763425
-0.077339
1.222475
0.747274
0.212364
0.912428
-0.889960
-0.591630
0.299824
-0.956666
0.828475
0.265119
0.107710
2.772863
-0.237748
-0.056091
-0.098216
0.852530
-0.140852
-0.602302
-1.253100
-0.152243
-0.824615
-0.558222
0.056925
0.313658
-0.429061
0.714406
1.363955
0.197207
-0.931378
0.710020
1.298591
0.377795
-0.834555
-0.144351
-1.575602
-2.374590
-0.138934
-0.278108
1.557895
0.922247
0.699518
0.184731
-0.965224
0.143577
-1.143697
-0.216191
1.358505
-0.338868
0.384577
-0.645735
1.755907
0.567749
-0.104388
-0.095080
0.328858
0.414432
1.196601
-0.289864
1.030539
0.623827
0.764277
0.136145
-1.360381
-0.305472
-0.392670
1.364879
-1.483548
-0.819100
-0.265878
-0.691904
-0.692768
0.868484
0.823660
-0.599621
-0.704695
1.511525
-0.720990
-1.268770
1.128346
-0.792931
0.961373
0.433044
0.133924
0.124871
-0.598782
-1.190157
1.437901
-0.211737
-1.017323
-0.151898
1.261794
-0.802472
-0.215508
-1.204448
0.455955
0.790519
0.249579
0.029421
0.466249
0.049960
-0.362885
0.731711
-0.528748
0.726380
-0.196878
-1.366636
0.024938
-0.635326
0.015784
-0.375675
-0.977699
0.503810
-0.540169
-0.609478
0.316797
0.768321
1.192549
0.040772
0.489640
-0.300371
0.502481
-0.181813
1.064092
1.172621
-0.094314
-1.354124
-1.238474
0.392971
1.161036
0.666549
0.746106
0.448955
1.422952
-0.026052
0.256334
0.448042
-0.062470
1.339202
-0.016358
-0.389415
0.245720
-0.171288
1.236068
2.323629
0.826982
1.751761
1.697686
-0.801061
1.359526
0.487338
-1.691191
-0.703987
0.750627
-0.809999
-0.151907
0.811472
1.416492
-0.434988
0.738826
1.254529
0.540304
-0.167896
-1.029759
-0.870917
1.007409
0.982524
-1.309947
1.945033
-1.614871
-0.486475
-0.186980
-1.201574
-0.169578
0.848153
-1.788517
0.348596
-0.084288
-0.416159
-0.580062
1.334868
1.399398
-0.047812
-1.631487
0.655723
0.241139
0.202569
-0.497961
0.713886
-0.489811
-0.954040
0.766967
-1.290157
0.115026
0.299560
0.370572
-0.066535
0.292744
2.184246
0.098676
-0.344599
0.851226
0.639604
0.715143
-1.257197
1.016358
0.710353
0.430351
-0.096298
-1.091346
-0.607466
0.901541
0.380979
0.067238
1.015272
-0.005351
0.339081
0.239113
-1.510555
0.683483
-1.774501
-0.037378
0.638527
1.389599
-0.558332
-0.174880
-1.517784
1.048505
0.155365
-0.280950
0.870223
0.841509
-1.335010
-1.040704
1.128361
-0.945925
0.087640
0.170394
1.172929
0.650689
-1.051247
-0.028514
1.999978
-1.533859
-0.479625
1.591628
-0.393058
-0.701058
-0.604024
-0.258545
-0.160838
-0.336095
-0.258603
0.836420
-0.901893
0.227733
-1.219535
0.099602
-0.745636
0.070996
-0.561069
-0.474627
-0.065596
-0.276075
0.440676
0.807194
0.590029
-0.987357
0.010995
-0.248307
0.601242
-0.173404
0.175143
-0.406832
-0.045328
-0.236006
-0.002257
0.407695
0.536524
1.477617
0.023152
0.317972
-0.295943
-0.939339
0.638540
0.167530
1.128428
0.157779
0.029877
1.679494
0.768297
-0.408974
1.223521
1.707533
-0.287267
0.231798
0.730617
-1.060721
0.844564
-0.411136
-1.003683
0.223669
0.231035
-2.437354
0.855275
-0.471615
0.471805
0.889794
0.912800
-0.301406
0.954132
1.087189
-0.492842
0.019990
0.709281
-0.054453
1.422252
-0.253675
0.363167
1.380713
0.192563
-1.500624
-0.864366
0.950930
0.655121
-1.379313
-0.747584
0.885953
-1.263855
-1.979586
-1.973001
-1.315424
0.196102
0.662112
-0.683838
-0.672233
-0.802749
-0.474803
0.044409
-1.009125
0.808824
0.330343
-0.413928
0.580230
0.253724
0.055059
-0.617144
-0.425207
1.220443
-1.071780
-1.273755
-3.251267
-1.002025
0.300873
-0.245654
-0.107485
1.649739
-0.373453
-0.538697
-0.948812
0.694476
0.610811
-1.199882
-1.842835
-0.727440
1.348223
-0.268765
1.611195
-0.375373
-1.138027
0.087838
0.154837
0.997052
0.916148
-0.457708
-0.540797
-0.237513
0.706083
-1.251176
1.787670
1.255215
1.272863
1.554616
1.015703
-0.437899
0.814385
-0.538556
-0.280616
-0.364487
0.327200
-1.423988
-0.355877
-0.510641
-0.150736
2.476527
1.438485
-1.321838
-0.296342
-0.883386
0.151043
-0.433109
-1.638202
-1.923985
-0.153624
1.499344
0.167688
0.174942
0.945332
-1.682075
-1.951231
-0.599187
-1.221708
3.058034
0.671790
-0.616143
-0.812542
0.008951
0.322108
-0.207294
0.500886
-1.422000
0.804050
-1.372612
-0.632875
0.559851
-1.120531
1.919897
-1.019526
0.288338
0.011552
0.179309
-0.878387
-0.640481
0.513894
-2.199782
0.571438
0.335625
-0.113293
-0.673558
0.636090
0.155207
-0.455158
-1.107247
-0.475220
0.516678
0.921330
-0.912593
-0.144804
-0.153688
0.026573
-0.243039
0.113539
2.187930
-0.004946
-0.185406
-1.397068
1.893843
-0.515499
-0.631476
0.077020
0.145013
-0.508908
1.613058
0.604842
0.502383
3.354564
1.756210
1.302345
-0.331189
0.634829
-0.564652
-0.166912
-1.017484
-1.001049
-0.877570
0.602572
0.463650
-0.993337
0.527874
-0.336984
-1.460711
0.157985
-0.076313
0.254297
0.838626
-0.702173
1.207877
-0.074164
0.537313
0.875603
-0.425985
-1.228163
0.049573
2.148091
0.931096
0.560353
-0.690921
-0.405760
0.320774
0.443339
-0.221680
0.170734
0.895109
-0.305123
0.235669
-1.469185
-0.740507
-0.183482
-1.429172
-0.222751
-0.239774
0.221099
-0.025353
-0.526328
-0.108172
-0.681975
1.436212
0.424018
-1.153153
0.162269
2.462903
0.717274
0.824258
-0.028509
-0.719270
-0.214168
0.118436
-1.126158
-2.494755
0.912115
0.399293
1.538697
-1.582012
-0.050570
-1.595570
0.431462
-0.611206
1.179120
-1.409953
-0.278623
1.630195
1.029167
-0.043752
0.354040
-0.997560
0.559124
0.935606
-0.596357
0.348760
-0.063815
-1.038035
0.514433
0.148154
-0.636106
-0.643496
1.328884
-0.401697
0.727217
-1.568678
1.114990
1.092236
-0.893488
1.284846
-0.029306
