-0.224009
0.357998
0.539977
1.039292
-0.450011
-1.821889
-0.392520
1.868754
0.006578
0.670303
-0.794372
0.636959
-0.722978
-0.725800
-0.129925
-0.513342
-0.542529
-0.593699
0.179623
-1.684860
-1.221315
0.369843
-0.937005
-0.048668
0.441625
-1.637556
2.501474
-0.004785
-0.813360
-2.206345
0.416208
1.478539
0.618738
-0.595473
0.518161
0.597270
-0.562953
0.333717
2.255992
0.347914
0.500366
-1.502053
-0.457267
-1.087573
0.389998
0.833594
1.968375
1.768402
1.529103
-2.223660
-2.110872
0.031055
1.076724
-0.996106
-1.101573
1.399124
-0.154468
0.014125
-0.638326
0.598071
-1.555928
-0.024699
-0.871441
0.843951
1.521513
-1.077387
-0.401461
-0.094297
-0.026856
-1.169706
-0.045071
0.899224
-0.371093
1.245198
0.287449
-1.127513
0.217162
-0.551109
-0.864540
-0.525039
-0.267455
-0.159360
-0.135211
2.215023
-0.861049
1.742719
-0.625213
-2.635836
1.215633
0.426691
0.768350
0.014646
-1.963804
1.296158
1.927569
0.801133
0.236491
-0.342558
0.071789
0.157486
-0.791236
0.092641
-0.415610
0.895787
-0.520214
-0.576152
-0.767076
-0.464561
-1.714431
-0.967764
-0.899169
1.745807
-1.483573
-0.778654
-0.292159
0.091088
-0.859169
0.153693
-0.053714
-1.034359
-0.174676
-0.064459
-0.696638
-0.442203
2.367602
1.072412
-1.003057
-1.509200
0.676422
-0.149784
-0.720372
1.984292
-1.457629
0.125648
2.024583
-0.254015
0.041805
0.942618
1.982990
1.792306
0.788429
1.083564
-0.899885
-0.515193
0.138166
-2.631068
-1.699740
-1.276764
0.064708
0.058334
-0.173852
-1.252605
1.138922
1.052623
0.613088
-3.023334
1.982976
-1.076423
-0.609352
-0.138088
0.310971
-0.682052
1.305551
1.422277
0.207480
0.010443
0.180151
-0.898480
-0.846074
0.131328
0.139123
0.359460
-0.081008
0.920636
0.334491
0.800751
1.135423
1.706116
1.174634
-0.500407
0.108072
0.296278
1.334181
1.652840
0.251042
-1.759184
-1.227796
-0.756463
-0.303819
-2.335533
-1.638587
-0.002751
0.520078
-0.048447
-1.553575
-0.337066
-0.214142
0.554758
1.740546
-0.504417
0.957247
-0.539181
-0.943851
-0.634142
1.396596
2.629600
0.582381
0.604448
-0.567298
-2.079271
-1.287073
-0.251556
-2.844393
1.550663
0.559548
0.494281
0.508371
0.388956
0.576437
-0.175656
-0.500716
0.278221
-2.932895
-1.038967
0.771291
-0.442280
-1.776017
0.641635
0.674966
0.345064
0.794805
0.871896
0.770419
1.015970
0.410229
0.225797
-0.067396
-0.588860
-1.502094
0.783265
0.740548
0.403972
-0.772938
-0.512741
0.674429
0.305481
0.210948
1.027839
-0.250024
1.453457
-0.571522
0.679754
-1.055693
0.344603
-0.611222
1.428948
-0.021160
0.175156
0.571902
-0.811258
-0.875934
0.297995
-1.558532
0.041808
1.353864
1.599163
0.690792
-0.343488
0.978848
-1.271788
0.504321
-0.063713
0.830287
-0.803879
0.507046
1.656766
-0.677696
0.192516
0.757371
1.192841
0.225936
-0.077404
2.752413
0.624140
-0.459772
-1.209761
1.878415
-0.885620
0.293801
2.629876
1.151088
-0.308382
1.266312
0.108553
-0.571251
0.135887
-1.221761
-0.629391
-0.516544
-0.454850
0.151457
0.541295
0.756150
0.000687
0.198181
-0.134079
1.141196
1.460822
-0.035711
0.262850
-1.813862
1.764999
-0.346072
-0.613315
-0.473716
1.095615
-0.612669
0.697835
-1.154208
-0.158894
-0.489534
-0.041516
-0.667316
-0.178485
-0.429984
0.118122
0.722890
1.752045
-1.074694
1.034619
0.819946
1.106623
0.285945
0.688799
-2.077390
0.116766
0.651226
-1.604683
0.366312
0.074119
1.808915
0.558460
-0.639194
1.279443
-0.646662
1.665483
1.187598
0.150815
-0.268873
-0.533948
1.167283
-0.005498
2.310500
-0.571636
-1.055987
-0.042746
1.170531
0.325712
-1.876855
0.397640
-0.198981
-1.202682
-2.362048
0.076708
1.234252
1.425615
-0.755378
-0.555126
0.221430
1.106387
-0.470371
-0.056824
-0.135287
0.383072
0.840823
-0.735833
0.460657
0.739910
-0.259585
0.034868
-0.890129
-1.125808
1.111763
-0.098782
1.370762
0.830524
0.239099
1.551667
-0.633076
0.761601
0.590600
-0.298214
-1.001313
-0.099113
0.036161
-1.732324
0.722308
0.110089
1.230578
0.319265
-0.384330
-0.581230
-0.296418
0.178059
0.967685
0.879792
0.743721
-0.039730
0.746083
-0.884613
1.400548
0.436702
-0.988130
-0.060390
-0.110073
0.263102
-1.438015
0.013184
-0.792565
0.803766
-2.530844
0.109336
0.597188
-0.658070
1.703022
0.029805
0.059219
-1.523189
0.644974
0.177025
-2.967232
0.833479
-1.439971
-1.756551
1.785408
-0.355123
-0.991898
0.733396
-0.801134
-0.771182
-1.299177
-0.386639
-0.325615
0.371274
0.070765
-0.769420
-0.603716
-1.086084
-0.966935
-0.779227
-1.493427
-0.465593
-0.340058
0.727211
-1.647020
0.316665
-0.983288
-0.308555
-0.598266
-1.648923
-0.104482
0.373504
-0.239415
0.948882
0.614541
-1.320754
1.232126
0.377715
-1.437751
0.132453
0.136150
0.014115
-0.122023
0.879240
0.317947
-0.266569
-0.285862
-0.656533
-0.043463
-1.735918
0.095737
-0.855458
-0.859303
0.972004
0.805745
-0.493840
0.011682
0.823373
-0.747072
0.321241
0.770704
1.381991
-0.873364
0.314513
0.100342
-0.626959
0.269754
0.853135
0.314775
-0.136139
0.503554
-0.386314
-1.910482
-1.057222
1.289915
1.413843
1.068393
-1.070148
1.335147
-0.445916
-0.704337
0.252558
-0.485339
0.286754
0.638284
2.344118
0.675132
-0.663155
0.694889
-1.133816
-0.940090
0.241824
0.683899
0.474291
0.297997
-0.629750
0.394507
-0.558234
0.878703
1.057561
-0.278298
0.847346
0.986303
-0.299211
0.696949
0.283876
0.549015
-0.790361
0.261211
0.292641
-0.619941
0.153274
-0.394585
0.655988
-0.084161
-1.604872
1.569670
0.493005
0.501937
-1.435374
0.201620
-1.393586
0.433945
1.780965
-0.565772
-1.745102
0.623298
0.341907
-0.963274
0.813347
0.670846
0.111325
-0.639567
0.961891
-0.748557
-0.235365
0.528322
-1.519420
-0.247770
-1.037272
0.478196
-1.894371
1.244841
-1.621587
-0.037461
-1.591719
-1.176833
1.209158
0.220992
-0.885374
-0.180777
0.372525
-1.868007
-0.284601
-1.057303
-0.994769
-0.164684
0.025810
-0.337396
1.073846
1.141446
-0.454278
0.775963
-0.098656
-1.230713
0.233060
0.157371
0.579332
0.441887
0.520511
2.439225
0.318813
1.108276
-0.222230
-0.469410
-0.308410
-0.211005
-0.504023
-0.831067
-0.157388
0.546897
-2.286733
-0.952195
0.761859
-0.013099
0.483834
-0.284684
-0.427465
0.513186
-0.000400
-0.198102
-0.015238
0.603161
-0.949252
-0.018524
1.990556
-0.053039
1.128290
-1.513927
-0.330750
1.446753
0.523489
0.420018
-0.403313
-0.878203
0.736379
0.685878
-0.317270
0.713440
-0.364007
-0.297124
0.325451
0.686682
-1.699453
-0.756531
-0.436069
2.194347
-1.435538
-0.200373
-0.394395
1.044222
-0.938963
-0.993324
1.342760
-0.081769
-0.463561
-1.354214
-0.078643
0.044117
0.274537
0.504957
-1.910548
0.309230
-1.280094
1.297920
0.005935
-0.981216
-0.589796
-0.041526
0.177033
0.153944
0.640973
-0.788916
0.264928
0.387314
-0.527427
-1.591468
1.051534
0.032438
-0.128876
-0.585800
1.902993
-0.554854
0.517095
-0.143980
0.951382
0.762469
-0.159232
-0.734481
-0.160415
-0.556559
-0.523591
0.640043
0.540650
0.570908
0.222688
-0.559173
-0.436522
-1.249093
0.262251
-0.030330
-1.035156
-0.670983
0.141970
-1.369188
-0.232950
-2.606308
0.534742
-0.119617
-0.313369
0.093519
1.378646
-0.851589
-0.086659
-0.886876
-0.353852
0.033493
0.134339
0.092267
-0.809174
-0.905120
-0.767115
0.291464
0.108939
-1.124729
-0.417635
-0.294880
-0.504802
-0.051157
1.997214
-0.146791
-0.695496
0.937291
-0.712910
-0.265774
-1.125745
-2.450058
0.806715
0.614257
-0.103550
1.235215
1.810665
-0.711091
2.513118
-0.534163
-1.582346
0.331777
-0.211476
-0.920262
-1.127183
-0.285561
2.209495
1.244728
-1.061931
0.439086
0.079623
-1.559933
-0.330820
-0.132695
0.652709
-0.787991
0.590759
1.489641
-0.720411
1.373444
0.557557
-1.025227
0.870014
0.558090
-0.437474
0.361561
-0.234716
0.116027
-1.699349
-2.387511
0.292553
-0.310967
0.746384
1.073290
0.090814
1.671126
0.424952
-1.418269
-0.649198
-0.204963
1.449605
0.177410
0.803724
-1.069620
-0.300581
-0.882751
0.160962
0.132305
-1.021081
-1.433231
-2.018261
1.381264
-0.504482
0.732679
1.510867
-0.791471
0.641207
-0.677385
-0.028738
0.413613
-0.601866
-0.551066
0.306289
-0.636199
0.254547
1.137138
-0.407470
0.606219
1.312245
-0.555378
0.620182
1.780336
1.291833
1.089545
0.317022
0.586884
0.343196
-0.432368
-1.553332
1.222098
-0.758986
1.433671
-0.560588
0.468775
0.609599
0.941691
-1.207900
-1.128939
0.566216
0.093331
-0.585692
1.305013
0.155773
0.103919
-1.925778
-1.465880
1.039190
0.623627
-1.411808
0.341601
-2.661202
0.271969
0.503988
1.128239
0.072946
-0.237424
-0.540521
-1.436427
-0.069640
0.808915
0.363655
0.265563
-0.644212
-0.784979
-0.555745
-0.902896
0.170262
0.014485
0.313397
-1.431900
1.135419
0.218184
-0.604027
-0.913651
0.284912
-0.050407
0.900925
0.038851
-0.656698
0.000268
0.284074
-0.341130
-0.596669
-0.780817
-0.675774
-0.163382
0.029209
-1.210108
-0.045582
-1.051615
-0.184533
1.603284
-0.040989
-1.428438
0.703213
1.732491
0.677311
0.414253
-0.048580
-0.137203
-0.543530
-0.138117
0.246013
-0.364833
0.610345
-2.153014
-0.461664
1.132276
0.265839
-0.159355
1.274137
0.232532
-0.424823
1.001608
-0.483648
-0.352346
0.717363
-0.908873
1.553083
-0.000793
1.278673
-1.354015
-0.408364
0.139786
-0.515157
1.605257
-0.331062
-1.002103
0.493109
0.367460
0.551619
-1.004649
0.015755
-0.620688
0.766072
0.415633
0.163552
-0.113618
1.358533
0.105161
0.244177
-2.124192
-1.063458
-1.041982
-0.204870
-0.693885
-0.701934
-1.125559
0.489307
0.419056
0.997707
0.562761
-0.876831
-0.399654
0.038404
0.502226
-1.747519
1.259994
0.005257
0.397348
-0.566646
-1.556125
1.392087
-0.435475
-0.254500
0.682287
-0.839251
1.367485
0.373658
-1.192445
1.968154
-0.823826
-1.069397
1.488217
-0.263103
-0.078385
-0.210249
1.106473
-1.776397
0.538964
0.112851
-0.078316
0.758135
-1.021084
0.747495
1.030506
1.004009
1.433343
1.096289
-1.710359
-0.289760
-0.592298
0.952256
-0.786826
-0.657621
-0.714524
0.889462
1.631109
-0.885073
-1.094842
0.227630
0.270066
-0.466281
-0.507329
-0.883757
-0.743169
0.434218
-1.017425
-0.636513
1.207917
1.136809
-0.180478
0.112971
-0.428056
-3.043035
1.295337
1.202270
0.833543
-1.191174
0.263620
-0.855253
-0.013810
0.113086
-2.217920
0.909990
0.668333
0.463460
0.353968
-0.562563
-0.213085
0.922456
0.169085
-2.127053
0.038882
0.887899
-0.158364
0.769827
0.578619
0.004790
-1.328634
-0.217014
-0.518219
1.235209
0.379689
0.511159
-1.421261
1.246957
0.155737
0.018331
1.862245
-0.767152
0.103877
-0.766568
-0.082771
1.010450
-0.330845
0.080638
-0.263366
-1.088715
1.533593
0.295362
0.339905
1.525865
0.558810
1.460443
-0.057062
-0.099787
-0.077801
0.303741
-0.188490
-0.049190
0.145260
2.061372
0.228939
1.177849
1.348655
0.534460
0.669069
2.035080
0.434455
0.425857
-0.086105
-0.521176
1.572617
2.633717
-0.277571
-1.473425
-1.932853
0.383170
2.017536
-0.064109
0.084159
-0.788576
0.400936
-0.791697
-0.796746
1.271332
-0.034276
1.282005
1.070921
-0.374460
2.432897
0.908400
-0.673164
0.035068
-1.069945
0.161785
0.329640
0.210519
1.584913
-0.974219
-2.020944
-1.859315
-0.753267
-0.729373
-1.285281
-0.697474
0.622777
-0.393570
1.418165
1.409789
-0.610052
-0.361737
-0.645669
1.238041
2.407260
0.828615
-0.287110
-0.788380
0.775896
-0.740222
-0.098823
-0.322219
1.365759
0.033735
-1.362129
1.031359
0.938637
1.388246
0.493119
-3.174086
0.125998
0.938345
-0.707984
1.654452
-0.499719
-0.197220
-0.772722
0.049714
-1.135333
-1.084065
-2.204064
0.115468
-0.626769
-0.675961
1.698072
0.446734
0.110494
-0.022789
2.239582
-0.055537
-1.621856
0.997424
0.380898
0.163089
0.154039
-1.823956
-0.791051
-0.879941
-1.371660
0.699373
0.235798
-0.272598
1.902331
0.963282
-0.924534
0.158487
-1.739243
2.365907
0.615869
0.178503
-1.055763
-1.385153
-0.556205
-0.676052
-0.824748
0.503031
0.288876
0.547153
-1.702058
0.438920
-0.945672
-0.128826
-0.027541
0.120449
-0.465763
-1.200103
0.757429
0.691682
-0.470764
0.537291
0.110683
-0.794283
-1.062009
0.322439
-0.243736
0.370059
-0.000463
0.436094
0.011712
2.251648
0.928334
-0.805789
-0.323461
-0.883945
-2.209006
0.288451
-0.976814
-0.117899
0.600755
0.695213
0.445144
0.198955
0.530897
0.256001
-0.000262
0.333791
0.166373
-0.700909
-0.500905
-0.425411
-0.474682
0.354155
-1.492046
-1.682455
-0.181503
-0.120429
1.507528
0.851055
1.752140
-0.882836
1.001164
0.328218
0.592786
0.934635
1.816428
-0.714648
-1.773066
0.173292
-0.288116
0.701132
-1.152727
-0.251600
-0.561456
-0.198429
1.224044
0.705481
0.282117
-0.663937
-0.503309
0.736576
-0.470115
0.559061
2.150271
-2.286747
-0.724975
-0.673278
-1.915153
0.298694
-0.397884
1.673286
0.615973
0.251251
-0.120454
0.192090
-1.192411
0.823593
1.187721
-1.352134
1.586344
1.460161
-0.359916
1.804233
-1.303484
0.597024
-0.042392
1.781671
0.704578
0.175998
2.070857
0.999465
-1.530939
-0.417227
-0.142970
-1.207981
-0.095711
1.525091
-0.828451
-0.451351
1.273403
1.133971
0.450828
0.458973
-0.652441
0.336310
0.900806
0.988284
-0.932654
-0.737075
0.010472
0.383098
1.427067
0.871453
2.424502
-1.267727
1.580900
0.145202
-0.481648
-1.397376
0.497453
-0.021273
0.397091
-0.200872
-1.164784
-1.326148
-0.317069
0.018493
-1.936207
-0.060678
0.312467
-1.495140
-1.024191
-0.329922
-1.067932
-2.220369
-2.520837
-1.666827
-1.777796
0.273152
0.449671
-1.925011
0.087614
-2.024954
-2.229832
-0.240504
1.298177
0.150458
-0.174171
1.276871
1.073563
0.871490
0.789394
0.466822
-0.608140
2.065871
2.583308
0.041617
3.265487
1.985764
3.827875
3.040211
2.899760
2.921773
1.627932
3.505636
2.322301
1.698004
1.689590
-0.229992
-0.869389
-0.338307
1.748575
-0.085661
-0.330836
-1.997811
-1.313953
-2.260901
-1.053308
-0.800178
-1.109677
0.513021
0.183373
-1.871437
-1.857347
-0.366912
-1.771638
-2.224716
0.576862
-0.943557
-0.429732
1.175652
0.282797
-0.577579
-0.880590
-1.410198
0.257708
-1.716542
1.312054
1.552997
2.586744
0.275413
-0.780398
0.768004
1.156373
1.766217
-0.677192
1.185948
0.325268
0.835640
-0.632893
-0.418998
-0.535557
1.640205
3.032712
-0.151774
-1.379787
-0.489931
0.032385
-0.550839
0.176982
-0.309934
-1.012218
1.410000
-0.940333
0.808833
0.659091
0.615505
0.100238
0.362453
-0.534413
-0.155837
0.117436
0.261857
1.298824
2.605934
0.601040
0.047086
0.175859
-1.851397
-0.520248
1.436106
0.249090
0.329066
1.764600
1.268402
0.869700
-2.339257
2.044314
-0.820560
-0.789966
-0.271532
1.019541
0.066623
-1.512118
0.703874
-0.289163
-1.070926
0.143126
1.973245
-1.315725
1.543144
-0.585759
0.108838
0.045420
-2.802324
-1.655458
-0.128126
2.081129
2.562701
0.259445
-0.514421
0.270381
0.413588
-0.748109
0.985157
0.048183
0.307347
0.421539
-1.834141
0.476991
-0.240274
0.795570
0.277816
-0.565689
-0.036482
0.915686
1.360344
0.236869
1.003406
2.032544
0.577416
-1.541101
-0.675518
-1.596141
0.456476
0.502507
0.171280
-1.154998
0.022729
-0.589087
1.043618
0.930222
-1.972997
-1.905308
-0.398782
-1.696331
0.119524
-0.625664
-0.507523
-1.028952
0.146508
1.708334
-0.964653
-0.151122
0.354910
1.339729
0.124493
-0.167578
1.510687
0.214617
0.259402
1.211219
1.302585
-1.151499
-0.047098
0.144663
1.736018
-1.231433
-1.338255
0.400241
0.378512
-0.331900
-1.288617
-0.658765
0.254652
-0.895356
0.441523
-0.533417
0.091384
-0.200107
1.536210
-0.417886
-0.064070
-1.206042
-0.172391
0.643690
-2.341737
0.212135
0.363850
-1.449342
0.109702
0.548439
-0.008264
0.448991
0.422517
0.472438
-0.645710
-0.735207
0.416952
-2.133370
0.240052
-0.401710
0.906886
0.778417
0.675756
-1.082566
-2.880874
1.410300
0.397452
-0.073689
-0.793801
-1.107974
-0.409782
0.843119
-0.849358
-0.775709
-0.164954
0.130199
-0.232772
2.042284
-0.603550
-1.327644
-0.388613
0.478673
-0.061308
-0.184397
0.673662
-0.266114
1.138352
0.893329
-2.015354
-1.662807
-1.058026
-0.828985
0.075119
-1.246164
0.315983
-0.235231
0.639694
-0.823030
-0.372828
-0.346109
-0.287825
0.126295
-1.731643
0.067416
1.259208
1.137436
0.522754
0.306408
1.000726
-0.909392
1.653990
-0.146296
-1.768500
0.052281
0.676701
0.029362
0.033969
1.813674
1.019708
0.625837
0.775970
-0.977263
0.493218
1.591676
1.905652
-0.786586
1.020050
0.290539
-0.305115
-0.323432
-0.075022
1.038969
-0.094991
1.441510
-0.725389
1.066711
0.735547
0.637511
0.986510
0.870477
0.166556
-0.756030
-0.590595
1.221954
0.538275
-1.222090
0.100505
-0.694109
1.026785
-0.437919
-0.236475
-0.070268
-0.153664
0.430897
0.326605
-0.430307
1.040545
-0.725908
0.705174
0.726722
0.532159
0.275233
-0.717526
-1.730424
-0.815439
0.107144
-0.960670
0.058793
0.961960
-0.256948
0.059930
0.233819
0.666367
-1.049308
-0.096356
0.284245
0.159433
1.248557
-1.069051
0.334526
-0.930689
0.247829
-0.200883
0.944336
-1.551897
-0.071084
-0.513135
-0.162189
-0.525548
-0.048078
0.452671
1.769818
-0.944018
-1.052069
0.183484
-0.439965
0.282736
-1.689765
0.179865
1.083669
-1.522704
0.535784
0.790779
-1.722499
0.565720
-1.092644
0.314874
-0.009062
-0.471885
0.466614
0.099020
0.488791
0.163656
-0.625682
0.496040
-0.937905
-1.223761
-1.015919
1.853269
2.318669
-0.130588
-0.977926
-0.635433
-0.242037
1.301207
0.112240
-0.341233
0.448895
-0.441656
0.458738
-1.041084
0.089464
0.138304
0.794048
0.500645
1.798832
-1.716162
-0.834778
-0.720148
-1.634748
-0.611667
-0.138726
-0.797077
2.482327
1.138451
-0.178249
2.208689
0.401826
-1.053145
0.407898
0.396360
0.651038
-1.366258
0.284479
1.324035
0.657667
-0.065459
0.299652
0.209042
1.355375
1.257816
1.254052
-0.371101
0.160273
0.673463
0.047761
-0.413514
0.276386
0.689539
-0.179161
0.752370
1.016592
-0.410521
0.117981
1.272161
-1.311066
0.440436
-0.240625
-0.819149
-1.338587
0.288042
0.243246
1.437532
0.146446
-0.686322
-1.052979
-0.226499
-2.767981
-0.594679
1.056798
-1.933968
0.237820
-0.327199
-0.146875
-0.339521
-1.242787
-1.030454
1.769892
-0.077639
0.931148
-1.525304
0.325320
0.221076
0.498925
-0.399360
1.260516
-0.918096
0.367659
-0.609231
0.022734
1.496009
0.609959
1.093401
0.369428
-0.151532
1.599718
-1.406560
-0.463873
-0.078085
1.660957
1.033710
2.031706
0.023642
0.350411
-0.039220
-0.424987
0.169895
-0.176339
0.369772
0.306751
0.158888
-0.393537
-0.439697
-0.120188
-0.197808
0.970460
-0.907599
0.147698
-1.848685
0.453128
0.725124
-0.720289
0.504189
0.047840
0.934791
0.099475
0.504647
-0.033337
-0.438540
-0.124996
-0.988572
-1.592351
-0.084139
-1.778880
1.113296
0.180581
0.031316
-0.208753
-0.590815
0.437223
0.824030
1.134951
1.220654
-0.454812
0.340550
-0.894912
-0.134441
0.217927
-0.377335
0.541213
0.737189
-0.717297
1.905300
0.728433
0.667376
0.833059
-0.601829
-0.544524
-0.293040
-0.703755
-0.895155
0.215782
-0.512491
0.018061
-0.537447
-1.115196
1.072571
1.010556
0.225355
-0.341839
-0.447143
1.234082
-0.718748
-0.091077
1.275410
0.300487
-0.937226
-0.184711
1.169684
-0.344932
1.110825
-0.002502
-0.742970
-0.650380
0.403092
-1.075332
1.142613
-1.106569
0.390910
1.025457
-1.627507
-1.209156
-0.790172
-1.871425
-0.425532
0.285054
0.051752
-0.285590
0.014484
-0.864878
-0.236777
0.915852
-0.432688
-0.532832
-0.370444
-0.047916
-0.264928
0.065695
-0.610528
-0.494859
-0.260269
0.123712
1.414778
0.184652
-0.131128
-1.812679
1.151035
0.096501
-0.030687
-0.261907
-1.121422
-0.377129
-0.757055
0.674964
0.479738
-0.383877
1.226584
-1.276983
-0.802205
0.526024
-0.472426
-0.428193
-0.650054
0.469797
-0.225730
-0.342705
-0.289142
-1.409121
0.135828
0.064350
-1.163469
0.921843
-1.141048
1.123188
-1.271950
-0.974354
-1.508651
1.569500
-1.096636
0.434850
0.356099
0.842909
-0.526546
-0.492704
-0.385698
0.270368
0.428900
0.959208
1.153661
0.218785
-1.401667
0.557263
0.601222
-0.818413
0.638712
0.418294
1.319199
-0.255233
0.930041
0.309348
0.339029
0.988438
-1.124816
1.752384
1.737551
-0.351443
0.327998
-1.139474
0.006715
-0.420250
0.773305
0.823751
0.649205
-0.160356
0.655534
-0.858289
0.480096
0.069653
0.082527
0.433716
-1.470482
0.036094
-2.047317
-1.788989
-0.676594
0.055197
0.225740
0.177591
0.817866
0.545768
-0.953078
-2.129227
1.092157
0.250949
-1.043042
-0.278828
-1.562579
-0.191351
1.722551
1.055425
0.731034
-1.511962
-1.680486
2.603313
1.509338
1.547813
-0.355058
-0.672827
0.274217
0.216936
0.486830
-1.586838
0.552147
-0.569120
0.645321
0.205511
-0.677794
0.835897
-0.215630
0.535304
0.947627
0.508695
0.225729
-1.532150
0.669183
-0.617134
0.923119
-1.224404
-0.359771
-0.971673
0.446672
0.127650
1.617262
-1.147943
-0.673998
1.323443
-0.295951
-0.797006
-1.038204
-1.602178
-1.545791
-0.493759
1.417806
2.382563
-1.472110
0.588377
-1.322421
-0.158278
-0.096166
0.305431
-0.672524
-0.247435
0.505432
-0.311230
-0.804370
0.715920
0.702552
-0.888659
-1.548260
0.345056
1.899366
-0.301548
-1.164612
1.389566
0.970973
-0.331777
0.235962
-1.060360
1.571135
-0.495658
-0.114374
-1.254936
0.323825
-0.642061
0.387524
0.730638
-0.614994
0.383803
-0.262825
-1.390953
-0.731285
0.591602
-0.129256
-1.302778
0.936990
0.108521
-0.164813
0.354647
-0.828354
-0.630238
0.892776
1.262170
-0.519001
-0.257957
0.223288
1.030525
-0.647754
-1.412476
0.262431
2.025669
-1.521418
-1.585637
-1.327353
-0.521289
-0.201048
1.270597
-0.646938
-0.287348
0.801832
-0.861044
0.341155
0.289494
1.499258
1.676306
-0.110448
0.953920
0.711515
0.678271
0.196980
0.082890
0.325309
0.402860
-1.187966
0.315374
-0.062845
-1.358706
0.380955
-0.793656
-0.735055
-0.689454
-0.603554
0.840922
1.852348
0.662181
-0.747423
0.433942
-0.482728
0.588545
0.660628
0.172919
0.248967
-1.175101
-0.052995
-1.561939
-2.080570
-0.282199
-0.445854
0.533360
0.121901
0.025522
2.043597
-0.133142
-0.463804
-0.163988
0.586020
-0.746455
-0.167402
0.857491
0.329576
-1.029714
0.407438
0.618577
-0.304922
2.466141
0.127693
-2.084777
-1.347447
-2.003223
0.079030
1.048486
-0.737257
-1.287631
-0.778120
0.481957
-0.952445
-1.382524
-0.569707
-0.560980
-1.038082
-0.374716
-0.559316
-1.395900
-1.487444
-0.585986
-0.513780
-0.532495
1.866707
0.618321
1.528647
-0.251822
-0.657864
1.405644
-0.077147
-1.126964
-1.259135
1.170932
-0.609383
0.192912
-0.376313
1.192616
0.001202
-0.945151
0.705740
-1.040578
-1.358627
1.298687
-0.604550
-0.170555
1.047303
-0.641340
-1.439431
-0.751748
-0.537353
-1.029338
0.460448
-0.885927
-0.402980
-1.644233
0.643119
0.692553
-0.089243
-0.210544
1.243426
-1.247840
-1.464814
0.189664
-0.789532
1.104960
-1.754008
-1.120169
0.545592
1.407122
1.057653
1.232730
-1.040286
-1.238853
0.830905
0.380613
-1.136480
-0.126605
-0.226276
1.688842
-0.852880
0.706363
-0.343173
-1.606463
0.087758
0.642937
0.516689
0.906504
1.090850
-0.873303
0.651164
0.716372
-1.803454
-0.696074
-0.013506
-0.928362
-0.030338
-0.543363
1.383125
-0.693272
-0.367344
-0.690895
-0.723613
1.193893
0.210116
-1.969910
-2.159341
-0.287716
0.335355
-0.690722
0.179300
-0.716233
-0.467129
-1.135734
-0.012308
0.574895
-0.054393
0.473014
0.529507
-2.075967
-0.581682
0.936809
-0.264057
0.420069
-0.094503
1.147302
0.517096
-0.839834
0.113484
1.789451
1.179694
0.287867
1.739480
0.099782
0.333096
0.217149
-0.748873
0.165594
-1.955447
-0.027733
1.749644
-0.161632
-0.456477
-0.681229
-1.633494
0.333261
1.010491
-0.372108
-0.389805
1.942562
1.410217
1.695269
-0.217307
0.205547
0.137914
-0.772730
-0.500494
-0.968252
0.393839
0.712405
1.396346
-0.290438
-1.062286
-0.127479
0.589005
0.950289
-0.774833
-0.737430
2.055490
0.683069
0.913089
2.698923
0.411666
-0.571809
-1.340932
-0.023207
0.357873
2.245346
1.171596
1.316668
-3.458417
0.128465
-1.012521
1.725973
1.289934
-0.635421
-0.106699
-0.114196
0.488545
-0.671838
0.327320
1.106411
-1.336524
1.452907
0.261464
1.530942
-0.639703
-1.248389
1.060922
1.624985
0.672615
1.403262
-0.467905
-0.809189
-0.826222
0.064083
-0.389305
0.558642
-0.567041
0.063081
-1.488860
0.890658
0.306258
-0.495219
0.395319
-0.668500
1.587061
-0.009206
-1.953069
-0.786697
0.996573
0.678161
0.776018
-0.651539
-0.379097
-1.669623
-0.939531
-0.974885
-0.052523
-0.783855
1.188036
1.230622
-0.031333
-0.668632
-0.295776
-0.481107
0.124710
0.821334
1.031019
0.031354
2.251542
0.381377
-0.442867
1.243525
-1.507879
-0.179495
-0.654586
1.307277
-0.016665
-0.556860
0.823115
-0.868413
0.512191
0.534999
-2.688150
0.357897
-1.208141
-0.111658
0.134122
1.090349
-0.510132
0.740298
-0.512855
1.976013
-0.887768
-0.369667
0.081756
1.009071
-0.388673
-1.046821
-0.994606
0.549531
0.576528
1.768515
-0.211219
0.136188
0.180120
0.212126
0.164008
-0.569217
0.055040
-0.193839
0.196030
-0.897904
2.713657
0.267902
1.588974
0.445174
-0.500173
-1.794242
0.909569
0.376657
-1.015575
-0.384672
1.228388
0.218233
-0.053325
-0.433077
1.046659
0.854337
-0.105866
0.450931
-0.846406
0.185422
-0.943452
-0.952727
1.005818
-1.363814
-0.936546
-2.040835
-0.465611
1.969760
0.341672
-0.555824
-0.396105
0.013130
0.642860
-0.948207
-0.514358
1.025171
-0.300563
0.103394
-0.103784
-1.027088
-1.355009
0.188866
-0.375214
-1.362303
-0.075909
0.367296
0.979008
0.693631
-0.102180
-0.637760
0.125323
-0.406459
-0.038923
0.452171
-0.404921
-0.611621
0.250107
-0.056807
0.124639
1.459063
0.974048
-1.911721
-0.514342
-1.469716
-0.886677
-1.150689
0.047318
0.179832
-0.319026
-0.867731
-0.619390
-0.143491
0.710656
0.685464
0.387404
0.271503
-0.860556
-0.491416
-0.608438
-0.606847
0.146033
0.467697
-2.474682
-1.017645
0.583656
2.462960
0.217774
1.027257
1.439563
0.251451
1.040070
-0.057061
-0.454110
-0.024465
-0.644316
0.509043
-1.621153
-0.316628
-0.437089
2.016248
0.809011
-1.017983
0.490482
0.199892
0.836482
-0.786687
0.723368
0.928930
3.098649
0.768071
-0.606238
0.463721
0.250891
-1.366461
0.090712
-0.485699
-0.745152
-0.180047
0.689080
0.756542
-0.054854
-0.740269
-1.196745
-0.237607
-1.165161
-0.978026
-1.052610
0.953108
-1.247704
0.602705
0.938031
-0.260135
-0.002483
0.671092
1.342278
-1.527736
-0.919531
-0.260348
0.527735
0.545336
0.463150
-0.621648
-1.170409
1.756299
-1.597816
-2.364809
-0.062451
-0.313867
0.440240
-0.898879
1.355260
-1.264999
0.346601
0.786492
0.189630
-2.112217
0.291441
0.309982
-0.615482
2.705648
-0.765065
1.345233
1.269423
-0.069741
1.718718
-0.555921
0.869497
-0.919014
0.599346
-0.664340
-0.670172
1.581934
-0.081220
-0.939993
-0.548040
-0.133020
0.991971
0.600701
-1.260420
-1.217431
0.647533
0.774343
0.159749
1.164310
-0.509539
0.473306
0.233392
0.631956
-0.343240
-0.499457
1.885193
-0.101682
-1.197929
-0.759490
0.716415
1.744259
-0.562265
-1.349754
-0.427944
0.363677
-0.570418
2.617784
-1.125648
-0.894155
-0.328160
2.032930
0.598613
0.079330
-0.734079
-0.154762
0.883125
-0.676328
0.029725
0.100318
-0.112038
-1.650693
-0.134965
0.594795
0.632161
0.074619
1.131678
0.595418
2.369965
1.484301
0.896606
-0.589908
-0.119752
-0.479306
2.123670
-0.533740
-1.099344
-0.262241
0.137570
-0.918526
-0.380220
-1.133833
0.195377
-0.941304
1.498840
-0.652433
1.717776
-0.279781
0.002113
0.990481
-1.031693
1.404323
0.772691
-0.540639
1.589255
-1.592613
-0.790015
-1.263939
0.061803
-0.122517
-0.397391
0.219393
0.830245
-1.154048
0.945158
0.657875
-1.124590
0.004049
0.692359
0.287056
0.872278
1.337864
0.327820
0.433852
0.338471
0.922799
-0.709735
-1.609203
-2.275424
0.266330
-0.744629
1.562562
-0.023367
-0.106098
0.349075
-0.082570
-0.147391
0.259594
1.095926
-0.714405
0.975641
0.213350
0.245032
-1.042769
0.883265
-0.816461
-0.727189
1.145696
-0.041673
-0.833827
-0.451874
0.820014
1.661523
0.510712
0.710123
-0.505612
-1.365450
0.664849
0.075000
0.463195
0.139438
-1.117991
1.365544
0.556610
-0.210261
1.140092
-0.228122
-0.675452
0.365994
-0.482192
-0.122949
1.674106
0.512092
-1.169434
-0.377943
0.209185
0.005321
-1.239204
0.363326
-1.277612
0.469495
-0.481457
-1.221676
-0.768126
0.460607
0.557740
-0.939552
-0.842793
0.991376
0.146371
0.504472
1.203615
-0.034416
-0.148350
0.856987
-0.349161
0.623967
-1.958500
0.913440
-0.184931
0.406393
-0.972446
2.243684
0.042966
0.443344
0.713174
0.464081
0.931464
-0.167095
-1.585149
0.686772
0.986297
-0.678638
-0.686819
-0.036015
-0.462992
0.375982
-0.368047
-0.429608
-0.463209
0.278292
-0.793600
0.207968
-2.080356
-0.807317
-0.647235
-0.205644
-1.301653
-0.019081
2.592467
0.395443
0.608130
-1.185214
1.332785
0.178925
0.606265
-0.728167
-0.812900
0.008102
-0.062703
1.320894
0.349122
0.873449
0.228023
0.315059
-0.958241
1.373032
0.859565
0.032139
0.629439
-0.081457
-1.778391
0.755248
-0.231195
0.448201
-0.929558
0.384918
0.472922
0.818736
-0.647986
1.414034
-1.205056
-0.836152
0.351528
-1.399021
-0.215053
-0.861000
1.820763
0.519455
-1.110181
0.308667
0.474661
0.964863
-0.313404
1.254543
-0.733737
-0.330883
0.408584
0.666094
0.006543
0.244572
0.798562
0.534585
0.320758
0.613835
0.212860
-0.132891
-0.374435
0.860143
0.274859
1.458449
-0.037424
1.426933
0.204545
-0.268402
-0.324818
1.360035
0.333065
-0.682998
-1.024680
-1.892728
-0.832162
1.453608
-1.445163
2.349607
-0.086828
-0.011958
-1.305274
1.049331
-0.493152
0.922905
-0.316749
0.034922
-1.062659
0.790337
1.016440
-2.130696
-0.547760
-0.471083
0.282891
-0.691075
-0.175951
1.350773
-0.953742
0.589269
-0.736605
0.073266
0.640078
-1.551511
-1.188941
0.575409
-0.869072
2.013823
-0.700489
-0.113836
-0.510639
-0.917580
-0.721151
0.742993
0.305234
0.387646
-0.673743
-0.208547
-0.035914
-1.577819
0.628198
1.764749
0.488729
-2.088458
1.180441
-0.374667
-1.144923
-1.494760
0.500189
0.236704
-0.090759
0.179965
-0.613191
1.461961
1.164943
0.330116
1.377428
-1.918509
-0.773467
-0.129370
1.191743
-0.430687
1.289255
-0.669314
-1.346763
1.345540
1.446902
0.805707
0.755427
0.817738
-0.847831
0.264136
2.390160
-0.293613
0.101312
0.169269
-0.698126
-0.215367
-0.545767
-2.458106
0.847271
-0.722096
-0.049804
-1.601929
-0.172629
0.557999
-0.965613
-0.814610
-0.191916
-1.192714
-0.440396
-1.129119
1.698104
-1.283270
-0.654489
1.055239
1.367261
-1.393505
0.108631
0.615278
0.660997
0.097772
-0.172711
0.819453
0.288724
-0.255284
-1.136138
0.235509
-0.690314
1.371772
-0.185814
-1.343156
0.540243
-0.745943
-1.428406
1.268520
2.032401
-0.373981
-0.247249
0.885644
-0.056793
-0.802625
-1.440115
0.645081
1.408810
0.113840
-0.503949
-0.834171
-0.907099
-0.810566
0.472138
0.491542
-0.608341
0.669718
-0.629932
-0.329251
-1.820634
1.795819
-0.212345
1.655959
0.266234
-0.198321
0.042708
-0.343794
1.362093
-0.199784
1.241704
-0.354830
0.809605
1.270896
0.399143
-0.468972
0.148559
0.719459
-0.656955
-0.929753
0.688571
-0.550478
-1.646484
-0.294870
0.242327
-1.000194
-1.007947
0.397807
-1.717847
0.030287
-0.888390
-2.651285
-0.145048
-0.246131
-0.862748
0.553669
-0.314026
0.663398
-0.947291
-0.170440
-0.318456
-0.658245
-1.373105
-0.370646
0.360178
-1.072381
0.364712
0.615529
0.300914
-1.687091
-0.349500
-1.252979
0.522681
-1.720405
0.440323
-0.733104
1.277193
0.337066
-0.307669
-1.267759
-1.224403
-0.376658
-0.937811
0.764542
0.226035
-0.780032
1.100545
-1.042448
0.338623
-1.119199
-0.148189
-0.579508
-0.057168
-1.333767
-0.245423
0.087841
-0.084359
0.611931
-0.590700
1.723279
0.804355
-0.054325
-0.454343
0.714184
0.322741
-0.734832
-1.212731
-0.057094
0.011973
1.331636
0.206538
1.160117
-0.429394
-0.441818
-1.724657
-0.711325
-0.013822
0.652054
-1.343587
0.394959
-0.029722
-0.077930
-0.545248
-0.188252
1.568805
-0.251015
-0.947092
-0.222768
-0.158197
-0.657004
-0.171537
0.772909
0.402997
0.216691
-0.918820
1.427539
0.648463
0.819270
-1.573798
0.310264
0.728334
0.267085
1.452080
-0.862004
2.034079
0.208378
0.081843
-0.897064
-2.154161
-0.394927
-0.581139
1.395281
-0.664143
-0.321099
0.208532
-0.015677
0.652877
0.343388
-1.168737
-0.279978
-0.311419
0.475262
-0.311663
0.771150
-1.452783
0.646044
0.295519
0.492015
0.247970
0.502957
-0.072044
1.910327
0.237586
1.435767
-0.542395
-0.791324
-0.858345
1.345121
1.215176
1.336312
-0.881456
-0.406410
1.322277
0.380545
-0.740758
0.070894
-0.193709
-0.120021
0.896658
0.132361
-1.035157
-0.302806
0.096081
-0.341646
-1.924648
-1.854415
-0.304229
1.033464
-0.268222
-0.188521
-2.176344
-0.322117
1.282744
0.945469
0.137753
-0.289020
0.273791
0.330934
-0.119382
-1.906286
0.257688
0.855334
-1.187106
-0.083187
-0.010633
0.609574
-1.128410
0.938379
0.891900
-0.054105
-0.219767
0.609242
0.817692
-0.401677
-1.131492
1.528600
-1.723063
0.091916
0.040381
-2.507688
0.524692
-0.058254
-0.018490
1.843876
-0.781086
-0.267446
0.136435
0.008226
2.208818
-0.266026
-0.052060
1.640642
-0.234812
0.763153
0.947805
0.435058
0.010279
0.048929
-0.285214
-0.686565
-0.990269
0.366366
0.358502
-1.585269
0.193972
0.222946
1.543976
0.541688
-0.356731
-0.897137
0.559071
-0.365812
1.765758
0.013567
-0.129102
-0.787629
0.076310
1.370440
-1.013057
1.417700
-2.081292
0.080120
-0.411143
-0.054827
-0.174629
0.711318
-1.022443
-0.051005
1.388866
0.663434
-1.883680
-0.688578
0.622252
-0.045126
-0.442687
-0.133670
0.262294
1.403536
-0.704822
-1.548746
0.717423
-3.106436
1.409447
-1.955676
-0.751897
0.152439
0.567671
-0.411080
0.377228
0.923684
-0.008833
0.258129
0.467408
1.159607
-0.906043
-0.518298
-0.917040
0.538932
2.445764
-0.460346
-0.950929
0.569522
-1.338415
-1.034750
-0.484833
0.567133
1.193691
0.110132
0.785726
-0.962736
-1.252774
-0.770961
0.817006
0.402638
-1.210258
0.930835
0.561083
0.877923
-0.208936
-1.267139
0.454827
-0.832776
-0.121713
-0.885207
0.323880
-0.066010
1.014302
-0.426177
-0.394751
0.679469
1.658232
-0.975438
-0.251836
-0.599104
-0.253556
0.388723
0.042377
-0.763329
-0.520791
0.843382
-0.087218
-1.016312
2.527404
0.068159
1.395456
0.517507
-1.246415
0.536287
-0.848958
-1.064805
-0.802829
-1.526449
-0.817432
0.232732
-0.045195
-0.267582
1.178580
0.868889
0.643047
0.624582
-0.058012
-0.217287
0.620085
-1.487703
0.217504
0.080369
0.025313
-0.607737
0.914359
0.257083
-0.565390
0.973080
-0.186388
2.028788
0.228513
0.412646
0.057717
-0.394619
-0.452140
0.287928
-0.863920
0.044141
1.636757
0.963433
-1.108673
0.637183
0.899990
-1.386667
-0.412181
-1.146720
-0.188050
0.617389
-1.147607
0.357971
-0.839975
0.900035
1.922765
-1.499003
3.080018
-1.128640
0.333031
-2.375221
-0.427650
-0.638075
-0.068635
-0.507833
0.658147
-0.825461
-0.136983
-0.915807
-0.290485
1.545734
0.693765
-0.192896
0.602965
-0.158697
-0.371027
0.570380
0.061226
-1.512536
2.347844
0.403394
0.252360
-1.376180
1.118491
-0.359569
0.511194
1.371970
0.092548
0.511591
-0.989104
1.186635
-0.322257
-0.084980
0.955748
-0.386588
0.424604
-0.764113
-1.281262
-0.699793
-0.126335
-0.215620
1.207504
0.091860
-0.448247
0.845540
-0.055835
1.113312
0.662181
-0.993122
0.840926
1.692700
0.454144
-0.435796
-0.730823
-0.396827
-0.729827
-0.375146
-1.113472
-0.615570
-0.485171
-0.538505
0.878591
1.743919
-1.216754
0.141416
-0.464966
-0.726786
-0.358779
-0.080359
-0.044482
0.692456
0.730462
0.308949
-0.618651
0.018828
-0.154455
0.116493
1.337170
-1.019481
0.449828
-1.147389
-1.676083
-0.394446
0.419539
-1.146832
0.598070
0.612333
1.521121
0.739488
-0.774219
-0.303877
0.124728
0.186519
1.005588
-0.938097
-1.270043
-0.702706
-0.246706
0.133310
0.360981
0.558119
0.587936
-0.235634
0.214678
-1.106436
0.073273
-0.253141
-2.166056
1.985733
1.979124
-0.518041
0.067361
-0.858533
-0.943846
0.050888
-0.290370
-0.082055
0.993274
1.311725
0.125582
0.505315
-0.261451
-0.235955
0.041489
-0.563985
0.549943
-0.560738
-0.088953
-1.080655
1.020380
0.271318
-0.408285
-1.599241
-0.857124
-0.904152
0.415455
1.696614
-1.567002
0.551177
-0.513800
-2.064536
0.590247
0.564741
-0.591677
0.008017
-0.241026
0.904216
-1.892828
-0.143252
0.855763
-0.145010
-0.139998
-0.763790
2.349163
0.532939
-0.249711
-1.833705
1.163823
-1.251083
1.832073
-0.200036
-0.811113
0.932444
-1.413508
-1.189057
-0.386324
-0.348449
-0.089303
-0.692961
1.370726
-0.393775
1.281892
-0.475328
-0.042343
-0.089173
-0.388535
-0.350794
0.454162
0.252457
0.165069
-1.191076
-0.310612
0.513328
-0.457115
0.752533
1.486818
-0.951300
0.672318
0.730558
0.825469
0.279608
0.102392
0.314252
0.389494
-0.023703
-0.657638
-1.533170
1.201877
-1.127760
0.701137
0.458237
0.390774
0.205646
1.423978
1.901299
0.122432
-2.258740
-1.206314
0.140526
-0.857449
1.309312
-1.995260
0.968762
0.504552
-0.343499
-1.046120
0.421175
-0.734000
-0.551666
0.360631
1.921817
-1.113532
0.626048
-0.458052
0.451623
-0.281704
0.279548
-0.807670
0.886066
-0.983507
-0.211063
1.923823
0.043610
0.891271
1.430628
0.603428
0.200671
0.304885
1.946936
0.462762
0.846940
-1.063864
0.474440
-0.205443
-0.457389
0.687106
1.001871
-0.633605
0.558286
0.139788
-0.556837
-0.019175
1.275848
-0.221280
-1.642325
-0.242275
-0.057046
1.250513
1.010019
0.324490
1.142498
-0.201274
0.324659
-0.639265
-0.619634
-0.160807
0.073134
3.154677
0.243812
0.558352
-0.379206
-1.082583
0.296243
2.838407
-1.432385
1.053137
0.541688
-0.232460
-0.814107
0.109213
-1.059212
0.172854
-0.697037
0.754909
0.968433
-0.108163
-0.246985
0.227041
1.407487
0.249220
-0.360723
-0.101809
-2.198742
0.036524
-1.237300
0.410591
-0.005327
-1.137565
0.816588
0.956775
1.141889
0.184493
0.128542
-0.451056
0.527259
1.353340
0.895132
0.626156
-0.648046
1.816331
0.836552
-0.970691
0.190770
-0.336822
-1.548793
-0.664598
-0.706984
-0.829125
-0.727778
1.990079
-0.700226
-0.219548
0.751627
-0.306608
1.028709
-1.143051
-0.372372
-0.553220
-1.063308
-0.635183
0.380133
0.251733
-1.878662
-0.289911
-0.805862
-0.221386
-0.674330
-0.648004
-0.137943
-0.715763
1.508091
-1.912807
-0.269322
-0.986813
-1.650342
-0.929818
-0.337169
-0.641658
-0.178755
0.272944
0.910997
0.500804
0.544427
0.620812
0.348402
-0.005678
-1.230621
0.849484
1.844233
-0.139547
-0.460189
0.412769
1.722581
-1.313079
-0.451880
0.555831
0.208434
-0.142299
-0.864697
1.362874
1.173299
0.143907
-0.180781
-1.010504
1.300558
0.719734
0.111030
-0.611097
0.113609
-0.921035
-0.324334
-0.270808
-0.068695
-0.902969
0.781666
-0.055466
-0.472584
-1.182418
0.486691
0.202465
0.272605
-1.273812
-0.023415
-1.142045
1.517103
0.625799
1.321402
-1.279010
0.401914
-1.605167
-1.243009
-1.030796
0.268659
0.503767
1.479910
0.122515
-0.363819
0.692865
0.747999
-0.625826
-0.142526
0.648394
1.093185
0.216649
-0.908659
0.118715
0.703159
0.849395
0.490261
-0.284076
-1.003844
1.678481
-0.729109
1.251761
-0.884233
-0.679650
-0.603134
0.853245
-1.352392
0.999642
-0.565673
0.436444
-0.106518
1.278258
-0.172268
0.674859
1.311295
1.069946
-0.177922
0.516418
1.183324
1.604754
0.757749
0.122192
-1.122321
-0.134860
-1.329620
0.559205
-0.890088
0.387410
0.167171
0.199182
-1.534398
0.888112
-0.067387
0.240654
-2.431537
0.706781
1.234571
-0.366041
-0.482938
-0.723486
-0.143388
0.271894
-0.328375
0.161866
-0.964436
-2.603455
1.954088
-0.471410
-1.276777
0.242050
-0.457546
1.051938
0.881417
-0.853620
1.366464
-0.636459
-0.184275
0.232639
0.415599
0.647113
0.122278
-1.189141
0.521857
0.302447
-0.673765
0.007755
1.762799
-1.574723
1.863626
1.231543
0.326557
0.866420
-1.388275
-0.194434
-0.393525
-0.623953
-1.848902
-0.575221
0.760675
-0.670873
2.264168
-1.129254
-0.539260
-2.044998
0.580417
1.565296
1.288739
-0.006373
0.310846
0.600220
-0.215430
-0.165737
-0.267491
0.369895
0.898281
-0.112007
-0.950317
0.756709
0.234532
-0.975193
0.790654
-1.988827
-0.859638
-1.245305
-0.549262
-0.134632
-0.966411
0.703113
-1.195669
0.302096
2.004127
1.270167
0.358373
0.816744
-1.086112
0.246466
-2.604854
0.092223
-1.751334
0.296026
-0.220076
-0.350306
1.350178
1.476829
-1.681755
-0.449861
-0.597456
0.332026
0.272581
-0.993931
-1.047332
1.634654
-1.162783
0.067519
-0.211997
-0.236934
-0.345769
-0.849653
-0.767615
0.830700
-0.653790
1.632463
-0.129752
1.404043
1.387530
0.479544
-0.777278
0.836650
0.498062
0.107135
-0.284195
0.710274
0.389410
-1.630256
-0.625166
1.264928
0.823904
0.576701
-1.207187
-0.218115
-0.568854
0.232166
-0.241455
0.637468
1.696180
-0.403271
0.941287
-0.095938
0.501186
-0.618519
0.472349
-1.230719
-0.463335
0.550190
0.324562
0.549612
-0.061877
-2.703405
-1.488809
0.243447
0.891648
-1.006831
1.173878
0.571457
-0.452372
0.812579
0.000643
-2.236369
0.901744
-0.016514
-0.215678
-0.760065
-1.137885
-0.211043
-1.335837
0.827663
0.367143
-0.328088
-0.590117
-0.386355
-0.552926
-0.284251
0.255856
0.744906
-0.558588
0.681731
0.055841
-0.404016
0.577842
0.739201
0.698673
-0.392206
-0.991224
-1.326693
1.411834
0.574530
0.868852
1.675545
-1.836629
-1.289328
-1.528736
-1.148506
0.118675
2.630039
-0.886561
