-0.781581
-1.055173
-1.117920
0.794425
1.125252
-0.736525
1.280038
-0.466449
-1.007092
-1.110967
0.520703
-0.206029
-0.042018
0.975232
-1.529082
0.520824
0.802925
0.656586
1.902261
-0.869222
0.180511
-0.334048
-0.113835
0.147588
1.613235
-1.776022
-0.552547
-0.624537
-0.869807
-1.975249
0.362480
0.184022
1.556840
-0.817992
1.567220
-1.200058
0.582244
-1.950276
2.079626
-0.949387
-0.430197
1.463185
0.693741
-0.962586
-0.350827
-0.353309
0.095002
0.008594
-0.170713
-1.240269
-0.564131
-1.023874
-0.149137
1.042573
-0.487976
-1.123571
-0.804539
-0.668230
0.471121
0.146926
1.597950
0.011008
1.744992
-0.196143
0.049750
0.807508
1.111697
0.892224
-1.458319
-0.505376
-1.225917
0.770585
0.240106
-1.433810
0.013163
-0.169649
-0.646340
2.642896
-0.369571
-1.334214
-1.372151
0.695795
-1.855568
-0.156543
0.421970
-0.472527
-1.135123
0.249334
-1.187417
0.250122
-0.561383
-1.765588
1.955414
-0.656178
0.834672
0.735676
1.071223
-0.223028
0.717599
0.782036
1.929545
0.885241
1.125380
-0.506026
-1.213718
-0.776215
0.622223
0.818747
0.567029
0.804696
0.411603
-0.606590
1.703536
-0.330541
-0.362061
0.838066
1.040717
0.244993
-0.053440
-0.119906
-0.996987
-0.716238
0.141303
-0.356781
0.100626
-0.428498
-0.643511
0.315375
-2.187755
-1.206310
0.424337
-0.221751
-0.191855
0.305711
-0.010002
0.199868
0.258330
0.979847
0.412799
0.471914
-0.236901
-0.324540
-0.865542
-0.718472
-0.009938
-0.457199
0.404334
-0.454874
-0.077940
-0.027676
1.452949
0.138622
-1.040687
-0.321471
0.320639
-0.574645
-1.572946
-0.167094
-0.839419
1.842836
-0.012323
-0.127050
-1.801945
-0.719734
1.329649
-0.446241
0.725897
0.773854
0.286447
1.546702
-0.377167
-0.413188
-0.421683
0.412957
-1.558714
-0.567254
-0.051691
0.007791
-0.718051
2.222570
1.018013
0.491766
0.617748
-1.001057
0.012424
0.806876
-2.168100
0.022088
-1.409912
0.227701
0.672040
1.196828
0.513978
-0.048740
-0.401368
1.244853
1.523184
-1.343860
-0.449922
2.348704
-0.607895
0.606774
-1.229993
-0.571621
-0.386388
-0.804375
1.390829
-0.717617
0.158392
-0.459857
0.960798
0.409087
-2.381308
-1.031027
0.889857
-0.192298
-0.079276
-0.492782
0.081899
-0.289979
-0.317862
0.286442
0.079508
0.977372
0.915526
-1.257911
-0.439620
0.350205
-0.741499
-1.236684
-0.215226
-0.740862
-1.462935
-0.113396
0.662646
0.933878
0.926795
0.232395
0.279325
-1.733883
-0.151772
-0.538180
-0.143549
-1.285701
0.751001
0.685248
-0.740329
2.006314
-0.326108
0.014665
-2.020650
0.093328
-0.115428
-0.204403
-0.150954
-1.108570
0.502168
-0.024739
0.524296
-0.500189
0.260610
-1.638147
1.382478
-0.354443
1.351510
0.618700
0.090279
2.585793
-0.989679
0.063379
-0.867765
-0.463067
-0.110140
0.097344
-0.357034
-1.695483
1.113699
0.299692
1.405612
1.971673
1.072891
-0.389611
-2.745517
0.384907
-0.512729
1.889677
0.854224
0.209413
-1.498255
0.369369
-0.337456
0.453491
-0.929755
-0.305255
-1.172463
-1.103098
0.613864
1.808899
-0.149153
-2.103121
-0.122335
-0.100771
-1.492810
0.051296
-2.303838
-0.059396
0.980325
0.051898
1.576173
-1.957570
0.251868
-1.436473
0.060120
1.488976
1.597072
-0.537103
-0.055870
0.206160
-0.074322
0.217633
-0.341301
0.575293
1.130624
-0.266038
0.769616
-0.330468
0.384957
0.438851
0.132461
-1.793365
-0.754824
0.701582
-0.341470
-1.053620
0.496158
-1.372265
1.669851
-0.604555
0.473305
-0.947075
1.698753
0.665646
-1.574278
1.178477
0.332108
-0.833504
1.111337
-0.076114
-1.924899
0.406765
0.715353
0.732768
-0.706317
0.037905
-0.453298
-0.339056
-0.373280
1.592120
0.759994
0.464167
-0.970591
-1.257334
-0.773700
0.800590
1.452050
-0.822092
0.605728
1.130242
-0.722458
-0.628142
0.704549
0.309427
-0.560242
-0.311469
0.336810
0.035895
0.370114
0.873919
1.905173
1.011046
-0.088176
-0.579404
0.639400
-0.017101
0.931063
-2.020148
1.793683
-0.101760
-1.401313
0.466468
0.272041
2.199859
2.304275
0.388312
-0.683210
-0.644045
0.142822
0.525589
0.534075
0.006191
0.765046
-0.192398
-0.928731
-1.608536
0.435254
0.249775
0.701012
-1.831080
0.152968
-2.835065
1.397182
0.644132
0.984426
-0.361928
-0.887842
0.106060
-1.343229
-0.766623
-1.138834
0.345774
-0.124645
-0.029612
0.756729
-1.292473
-1.215351
0.146567
0.861874
0.002332
0.855184
-0.895325
-1.196932
0.455038
-0.510389
-0.321098
-0.470472
0.753700
-0.987796
-0.472503
0.921850
0.201829
-1.132354
-0.903809
-0.047657
-0.142441
-0.784841
-0.030798
-0.224625
0.568402
-0.377752
1.290253
-0.953900
2.526830
0.619498
0.759406
0.562593
0.466525
-0.483804
0.747034
0.796153
1.313901
1.411711
-0.870040
-0.664599
-0.488844
-0.741952
0.926973
-1.658856
-0.243964
0.332110
0.846311
0.062846
0.391962
0.681027
1.491478
0.061482
-0.295644
0.767649
-0.228346
-0.318601
-1.263679
-0.400066
0.201154
-1.226016
-1.270562
-0.301945
-0.816254
-1.051194
1.445002
0.617028
-0.490247
-0.155013
1.280088
-1.234127
-1.166034
0.633272
0.606939
-1.349641
2.588921
0.574403
0.057931
0.195192
2.219315
1.120663
1.578523
-1.303265
-0.074965
0.028018
0.339896
-0.538103
-0.323461
0.539604
-2.215093
-0.345950
0.201282
-1.169002
0.548607
0.407926
-0.308786
0.568975
-0.904554
1.654617
0.174509
0.531932
-1.313500
-1.586518
1.823738
-1.434631
0.305028
-0.614095
0.200476
-0.024522
-0.321789
-0.822230
-0.005395
-0.833951
1.434999
-0.471004
0.097969
-0.699156
0.125044
0.675446
1.097984
0.452876
0.216564
-1.587770
0.012207
-1.629109
0.507303
0.961935
0.886254
-0.399667
-0.882071
0.033111
-0.916721
-1.015797
0.603537
0.782995
0.402999
0.289490
1.007916
0.314661
0.195167
0.697447
1.198349
-0.079418
-2.621915
-2.222135
0.688665
-1.899820
-0.042746
-0.537797
-0.640778
-0.060328
-1.401402
0.072043
-0.781344
-0.527815
0.895364
0.986158
0.866412
-0.958646
0.622682
0.810045
-0.051248
0.194784
1.431833
0.343508
-0.596178
-0.299104
0.862925
1.683635
-0.753245
-0.062326
0.932896
0.795300
-0.186057
-0.872652
1.694446
0.866525
2.373898
0.319967
0.929699
-2.019813
-0.770372
1.240359
0.914549
0.175426
0.328537
1.279729
0.161568
-0.100309
0.306755
-0.730250
1.521972
-0.006486
2.294691
1.091654
-0.327111
0.932007
1.901147
-1.622149
0.012958
1.506597
-1.576228
0.142727
-1.249109
0.194068
0.269664
-0.605369
-0.702911
-0.057698
0.189854
1.678223
0.796004
-0.734131
1.027912
1.854230
0.993538
-0.876314
-1.031314
1.789256
0.080632
-0.809166
-1.198965
-0.767867
0.684938
-0.103007
0.301130
2.367716
0.084603
0.271735
2.982807
-1.169795
-0.164090
0.444819
1.849189
-0.421296
1.136427
-1.838672
-1.176125
-0.429958
0.008502
0.139252
0.139142
-0.464175
-0.943869
-1.010103
-0.794020
0.404697
-0.866628
0.314607
-0.850691
1.101128
-0.450391
0.825300
-0.265979
-0.751953
0.458366
-0.991102
-1.138225
0.435949
0.439734
0.946936
1.409216
0.061151
-0.533790
1.487570
0.542505
1.473751
-0.399647
1.082937
-0.080268
-0.705202
-0.819291
0.426671
0.377881
-0.139100
-0.031119
-0.354234
-0.224373
0.642838
-2.674605
-0.282228
1.105196
-1.694750
1.447457
0.310588
0.347763
-0.331702
-0.674582
0.699682
-0.647160
-1.440158
0.478457
-0.217317
0.465052
0.143495
0.262199
1.253895
0.621202
-0.506624
0.023158
-1.677134
0.337078
-0.664728
1.141508
0.662712
-0.256602
0.508931
0.183806
0.439703
0.499442
-0.021338
-1.865426
2.015828
0.482893
0.401436
-0.256602
0.924594
-1.231832
-1.269372
-0.218499
-0.140552
-0.549679
-2.022152
-0.442166
1.201202
-0.839728
-0.175325
0.229759
-0.463590
-0.617714
0.432237
-0.144064
-0.159279
0.096401
0.124801
-0.320493
-1.229576
-1.044898
1.779031
1.570233
-1.035702
0.237818
-1.716833
1.434960
-0.692291
-0.588318
-0.479738
0.190310
-0.577390
0.558296
-0.661037
-0.571654
-0.005780
0.184623
1.352535
-1.752397
1.066001
-0.683147
0.270581
0.564906
0.069682
-0.359588
-1.533842
1.455726
-0.790344
-0.439347
1.164359
-0.958385
-0.583287
-0.494605
-0.743977
-1.626003
0.925478
1.069294
2.248862
1.397376
0.315557
-0.780488
-0.545339
-0.811289
-0.626722
-0.618125
0.353192
-0.528148
-2.214845
0.626349
0.279754
2.615381
0.856508
-0.244887
-0.650097
0.734464
1.480855
-1.901587
-0.604254
-0.986130
-1.257480
1.640302
1.378020
-0.576683
-0.631306
-1.645099
1.576550
0.406512
0.414235
-0.578980
0.987686
1.247300
1.017735
0.411355
-0.882885
-0.668236
-0.984635
-0.965554
0.939635
1.317510
-1.933519
-0.922076
0.160148
-0.331158
1.144937
0.401596
-0.296213
0.143160
1.531225
2.355881
-2.811105
0.108432
0.141000
0.083691
1.184876
0.886575
0.050501
-0.508554
-0.070862
0.724460
0.473823
1.163797
-0.936788
1.083036
0.584646
0.549075
-0.970798
1.227604
-1.065758
0.694420
0.014822
0.827287
-0.126934
0.126162
0.637092
-0.833725
0.251190
0.897355
-0.048501
0.999563
0.930993
-0.490125
1.630598
-0.004933
1.566144
-1.035531
-0.033921
2.121292
1.301321
2.669955
1.242668
-0.662669
-1.157273
-0.487155
0.944329
0.615938
-0.597016
0.004376
0.722309
1.483441
1.324773
1.399147
0.401619
-0.064292
-1.513787
-0.389723
-0.732122
1.131749
0.113782
0.497661
0.785087
-1.067003
-2.113060
-1.338047
1.116822
0.487946
-1.228871
-0.233817
0.628325
0.658123
0.206822
-0.118015
0.219099
0.079262
-2.616252
-0.797705
-0.248790
-0.488359
-1.350949
-0.262702
0.697662
1.306007
1.087475
-0.925214
0.636140
0.061426
2.142967
-0.052175
-0.410917
0.124045
-0.926485
-0.084788
-0.230300
0.704673
-0.720980
1.466299
-1.608059
-0.231043
-0.572399
-0.550383
-0.478735
1.453776
1.096209
-0.588690
-0.736375
-1.178256
-1.668622
1.237972
0.078543
-0.998033
1.003978
-1.970985
1.402810
-0.701012
0.917610
-0.013996
0.192785
-2.080233
-1.424835
1.858745
-1.356842
-0.714959
0.858763
-0.561128
1.650677
0.087274
-0.079094
-0.574390
0.587259
-1.209818
1.500587
-0.822830
0.120735
0.050803
-0.623343
-0.923322
0.000995
-0.323867
0.776978
-0.782897
0.152307
-0.782885
-0.149788
0.769615
-0.736903
0.783547
-0.390325
0.717207
0.472543
-0.522716
-1.068845
0.441442
0.269408
0.699177
0.496255
0.219759
-0.637778
-0.933948
-1.716419
0.850804
1.030837
0.785514
-0.951423
1.880512
-1.107067
-1.356304
-0.039525
1.164157
-0.031073
-0.667462
-1.128819
0.171837
0.152703
0.293787
-0.377089
-0.175994
0.008029
-0.063542
-2.559910
0.021338
1.273840
1.097054
-0.075019
-2.141347
-0.781949
-0.711446
1.018490
-0.178897
0.453354
0.863127
0.103527
-0.569267
1.038523
-0.425493
-1.407645
0.985456
0.689525
1.363725
2.260024
-1.012849
-0.430642
0.515219
-1.209978
0.859609
0.644924
0.092378
-0.415335
-0.376700
-0.643354
1.749130
1.338976
-1.784828
-0.677769
0.636465
-0.040153
1.010038
-0.230718
-1.574376
-0.927973
-0.511398
-1.013463
-0.982730
0.933358
-1.162651
-0.382455
-1.229478
-0.280316
1.236381
1.103710
0.848675
1.098995
0.369431
0.197847
0.572080
-0.076624
-0.116508
-0.246131
-0.007073
0.698812
-0.378801
-0.150027
0.327282
0.778228
1.300100
-1.872538
0.226771
0.893701
-0.794607
0.552650
0.307339
-0.416267
0.328537
1.122718
1.636526
-0.346842
-0.987881
1.498300
-0.497521
-0.299171
-1.181493
0.672643
1.032005
-0.069856
-0.087851
-0.429844
-0.185141
0.714295
1.060002
0.017496
0.315823
-1.215937
0.270027
0.105286
1.566919
-1.024993
1.790862
-0.342184
-0.748580
0.514755
-1.348256
-2.145592
0.898716
1.416907
-1.526212
0.895363
0.517864
2.082149
-0.435402
0.292171
-1.658485
0.582850
0.255280
0.929767
-1.182973
-0.133887
-0.708903
0.749954
1.264633
0.303814
-0.994249
-0.295489
0.041541
-0.214581
0.866590
-0.013883
-0.483687
1.612342
-0.812941
-0.254217
-1.046793
-0.316155
0.101553
-2.876784
0.854262
-0.903104
-1.443199
1.420477
-0.548320
-1.025174
-0.110789
-1.197206
-0.838510
1.866784
-0.022671
1.248913
-0.408066
-0.227569
-2.634278
0.585531
-0.504359
-0.237421
0.584405
0.789639
0.197623
-0.477872
1.215694
-1.612408
1.347749
0.355678
0.222785
-1.443409
-1.055686
0.318697
-0.383562
-0.166347
-1.068445
-0.757078
0.942414
1.110863
-1.014246
0.832501
1.471559
1.169486
0.582209
1.002758
0.875285
-0.182527
-0.894338
0.031569
0.867380
-0.696009
-0.576999
-0.429200
-0.616527
0.056375
-0.819815
0.595244
-1.649603
-1.288747
0.879156
1.470736
2.048834
0.412742
0.265872
0.517584
0.034232
-0.337538
-0.502169
-0.961180
1.722988
1.097746
1.624634
-0.137317
-0.415088
-0.336953
1.804405
-0.972399
-0.258542
1.059407
1.512828
1.794467
-0.119559
-0.706935
0.187307
0.328359
1.697818
0.443026
-1.183720
-0.238227
1.436586
-0.100708
-1.496943
0.084627
0.488048
-1.267530
1.035244
0.139798
-0.838915
0.002787
-1.813048
0.143855
-2.032052
-0.390906
-1.499894
-0.396890
0.068882
0.380720
-0.230257
0.219914
0.105850
-2.618428
-0.305301
-1.041944
-0.620483
-2.104523
-1.401818
-0.166169
0.397912
0.585877
-2.081268
-1.244332
-0.043872
0.498083
-1.050344
-0.475342
-0.776538
0.815647
0.212419
-1.223110
1.600581
1.081285
-0.980895
-1.367705
-0.799511
-0.782664
-0.053570
-0.775906
-0.710467
-0.352106
-1.103403
-0.844680
0.057097
-0.220203
2.204548
0.469839
1.053942
0.979861
0.101737
-0.361775
-1.531386
0.053791
-0.829738
-0.766728
1.007674
-0.373288
-0.967384
1.399609
3.034232
-0.078449
-0.294027
0.365145
2.322002
2.316252
0.800538
1.616715
0.600861
0.686423
0.956717
2.485954
3.385673
-0.082087
0.165220
0.124766
0.239308
1.332588
0.715802
0.817845
1.331892
1.098977
0.312242
1.363799
-3.612278
0.280104
0.048722
0.286078
-2.653694
-1.339929
0.186234
-2.764265
-0.314793
-1.002923
-1.794910
-1.936042
-1.661750
-1.508057
-0.518181
-1.089433
-0.669914
-1.623473
-0.237725
0.045698
0.050341
0.616108
-1.139216
1.020734
-0.412490
0.340292
2.483314
0.321525
1.021673
0.788218
1.767215
4.405328
1.873834
1.664998
1.389754
3.036618
1.621319
1.169091
3.777308
0.842366
3.274375
1.514226
0.531286
1.603350
-0.522518
1.476525
2.501043
0.164025
-1.734501
1.497298
-0.661662
-0.475105
-0.724278
-0.252162
-2.163835
-1.208387
-2.456225
-0.935030
-2.916658
-2.278471
-1.055589
-1.301548
-0.495506
-2.292565
-2.744576
-1.128150
-1.315073
-1.682983
-0.383917
-2.751040
-1.178168
-0.522309
1.706437
0.181669
1.237551
-0.613123
0.998030
0.413508
0.103852
-0.515967
1.366744
0.132274
-0.056524
0.916923
1.605431
0.470076
-2.007427
0.199397
1.132968
0.454714
-0.604386
-0.215551
-1.051841
-0.513920
-0.699217
-0.082959
-0.553511
-0.560559
-0.983165
-0.868905
0.589810
0.110887
-0.431626
-0.145850
0.561682
2.760942
-0.292758
1.387750
0.239252
1.202734
0.838788
-0.364910
0.700670
0.093382
0.297253
-1.325988
-0.943061
-0.108289
-0.375057
0.628173
0.557545
-1.025930
-0.828295
-0.069410
1.772221
0.173937
-1.831703
0.736118
-0.254615
-0.487824
-0.874419
0.294762
0.597264
1.074493
-0.106040
-0.318988
-1.880789
-0.182507
-2.339575
0.237281
0.321064
-1.112281
-1.127759
0.525830
0.421296
-0.028921
-1.049300
0.213484
-0.353453
1.875322
0.920992
2.415258
0.488663
0.614409
-0.956644
-0.312698
-0.689632
1.385980
-2.080697
0.087612
-0.424997
1.456658
-0.843719
-0.657396
-0.631368
-1.167215
-0.301835
-0.873444
-1.584475
1.278190
1.060039
-2.112774
-0.345830
0.732192
0.658593
0.203622
-1.313341
-0.141231
-1.177637
-0.795685
0.017828
0.904023
1.698023
0.247815
1.938420
1.455942
-0.396934
0.157178
1.243392
0.139413
-1.086555
-1.199970
0.121670
-0.942823
0.140643
-2.538779
0.716291
-0.001154
-0.055999
-0.819455
0.258359
1.154595
0.432137
-0.661538
-0.423036
0.914314
-0.974725
-0.393226
0.117844
0.720537
0.738749
1.416477
0.329950
1.975083
0.587382
0.944503
-0.301710
-0.471438
-1.101051
0.758190
1.029187
0.312377
0.089657
0.916074
0.114628
0.505792
0.345696
-1.525095
0.161075
-0.330830
0.548489
2.174828
1.785810
-0.462028
-0.070389
0.893472
-0.489350
0.194350
1.730603
0.235968
-1.059630
0.362336
1.005520
0.026394
-0.952012
0.501048
0.054278
0.130098
-2.375791
-0.510659
1.641798
-0.376047
-0.398515
-0.214380
0.739490
-1.818621
0.997965
0.149569
-1.006700
-0.465820
-1.162218
0.513032
1.106349
-0.283435
0.685085
-0.085534
0.338344
-0.277186
0.731465
-0.050690
-0.335246
-0.770665
0.709430
1.547213
-0.761615
0.054985
0.044463
0.579043
0.950217
-0.790654
-0.655131
-0.525169
-0.528898
0.222707
-0.811269
-2.309849
0.448810
-0.788265
0.309714
0.700076
1.468674
0.880636
-0.204482
-0.110176
-0.773485
1.490229
-0.980309
0.419759
0.062574
0.612860
-0.064079
-0.970979
2.227240
0.805914
1.093895
-0.292508
0.981417
-0.184763
0.447437
0.184379
-0.506200
0.045549
1.445524
0.791784
0.250506
1.717845
1.421655
-0.552523
0.336777
-0.581266
-0.465438
0.561828
-0.560843
1.181015
0.972847
-0.936545
0.204900
-0.444207
0.538111
-0.932318
-0.396203
0.955836
0.302513
1.386968
0.241353
-1.598155
0.897589
0.315719
0.667710
1.104257
0.797086
-0.841286
-2.414834
-1.525794
-1.340003
0.976860
0.762789
1.444916
1.121935
0.636456
1.260807
-0.070266
-1.099803
-1.715747
0.340741
-0.880838
0.252588
0.223069
1.667794
0.578885
-1.501119
0.624230
1.983369
-0.498455
-1.030082
1.350967
0.049888
0.991017
-0.264359
0.813590
-0.568512
1.319334
0.156825
-1.031294
0.349940
-0.142924
0.263716
0.207928
1.461777
2.393247
0.627540
-1.357984
-1.600002
-0.363931
0.287654
0.070864
0.199915
-0.236008
1.413727
-0.637333
-1.655746
-1.056164
0.915240
0.578622
-0.681950
-0.269185
0.179180
0.078659
-0.352315
-0.487999
-0.138155
-1.522344
-0.993806
-0.848119
-1.363740
-1.964369
-1.647616
1.079619
0.941866
-0.420207
-0.424118
1.162957
0.939193
-1.201663
0.821106
-0.704612
1.944446
-1.324145
-1.184462
-0.629669
0.063210
-0.425354
0.013100
2.505114
0.775761
-0.738688
-0.637825
-0.199713
-0.035180
-0.637303
1.277795
-1.343452
0.543296
0.820154
-0.717580
1.486829
-1.636845
0.272057
-0.643742
0.349891
0.266577
-0.548059
-0.450706
0.091800
-0.158493
0.348300
-0.541786
-0.143678
-1.629290
-0.579994
0.900483
-0.108503
0.576389
-0.569205
1.423749
1.150816
-0.115325
1.381214
-0.137353
-0.187745
1.102435
-0.494890
0.213486
-0.278385
1.954814
0.675689
-0.375528
0.344309
0.829482
-1.525800
0.639409
-0.261159
0.206267
0.248791
1.227617
0.574527
0.010008
1.062408
0.411431
-0.129755
0.453388
-0.369981
0.606150
1.863404
-0.324103
-0.753852
2.003552
0.226818
-0.148140
0.669290
0.244444
0.801866
-0.545292
0.417624
-2.345124
0.848714
0.218921
0.661983
0.823377
-0.056189
1.856551
-0.247201
-0.796769
-1.234296
0.599035
0.822547
-0.247152
1.048691
-0.400228
0.028087
-0.356212
0.682063
1.321538
-0.020954
-0.743569
-0.396462
-1.007347
0.130759
0.485099
-0.990195
-0.662770
0.365373
0.155648
-0.877872
-1.448099
-0.211723
-0.448774
0.703684
-0.249261
0.192340
0.222934
-1.093609
0.764660
-0.990905
0.250335
-1.363609
1.078158
-0.945040
-0.911959
1.210096
0.740917
0.898190
0.722810
-1.128352
-1.129563
0.109711
0.850101
-2.948979
0.281769
-1.811454
-0.761808
0.764906
0.171772
0.523856
1.296258
1.180613
-0.506187
-1.202238
0.994958
-0.351893
-0.018758
0.259643
0.534054
-0.763178
-0.597097
-0.272562
0.355493
0.581770
0.769628
0.779553
-0.400296
-1.570012
-0.693608
-0.235051
0.400187
1.657044
-0.326276
1.203860
0.989441
1.917917
-0.543341
-1.856182
0.655606
-0.835305
-0.004869
-0.606623
-0.819124
1.120818
-0.574945
-0.558227
1.005496
0.146745
-1.415101
0.188990
-0.582881
-0.628593
-1.597993
-0.345500
-0.136849
0.007364
0.615769
1.140073
0.258437
-2.031050
-0.526967
-2.307837
-1.635895
-0.619607
-0.695742
0.197577
0.770523
0.774119
-1.230672
-0.457708
-0.752411
0.604044
-0.057506
-0.128356
1.052073
1.979187
0.748706
2.235138
1.221249
0.222983
0.129462
-1.980854
-0.283021
-0.139921
1.237448
1.704712
-0.339189
-1.165720
-0.546984
-0.331684
-0.422342
0.655512
-0.541579
-0.807441
-0.580707
0.326378
-1.502192
2.045086
1.186457
-0.186819
0.014900
-0.259423
0.941676
0.455047
-0.318342
0.877651
0.275888
0.343591
0.241871
-2.186503
-0.131143
-1.307790
-0.277056
0.503587
-0.069140
-0.235230
0.418325
0.016553
-1.239709
-0.233615
-1.191925
0.126876
2.098066
-0.141326
0.831174
-0.354162
1.040362
-1.552906
1.042530
0.730026
-0.774161
-0.412043
-0.762643
1.900966
0.568872
-0.057903
-0.208689
-1.260548
-0.010568
0.196348
0.679852
0.103242
-0.489098
-1.415945
1.244067
-1.518694
0.893190
-1.810720
1.143200
1.719774
-1.373175
0.205587
0.458564
-0.612652
0.887189
0.365872
0.928766
-0.846040
0.412049
-1.105805
-0.208182
0.369841
-0.144675
-1.570880
0.532315
0.819439
1.894000
-1.972822
0.546516
0.187789
0.882961
-0.487468
-1.256594
0.293194
-0.809336
0.137576
1.063361
-0.398091
1.134666
-0.431461
-0.700459
-1.390731
0.651469
-0.246782
1.135301
0.168998
-1.100863
1.582779
0.989674
-1.006897
0.396208
-0.519345
1.112024
2.051251
1.172736
0.062564
0.337877
-0.217164
1.006552
0.752067
0.438035
-1.813454
0.711834
-0.039905
-0.700139
0.321307
-1.309199
-1.951196
1.199066
-0.018174
0.751359
0.003937
-0.868199
-0.229595
0.339718
0.212224
-0.978177
0.332403
-0.078357
0.499685
-0.454609
-0.809670
-1.002016
1.033930
1.278512
0.007146
1.137506
-1.239411
-1.339966
-0.507377
0.285523
-1.074237
1.713021
-1.501789
1.077184
0.691801
-0.400012
-0.038294
0.248709
-1.078092
0.552853
0.939329
0.559556
0.685737
-0.100729
-1.604159
1.108940
-1.491861
-1.735584
-1.842533
-0.214139
0.238987
1.044993
0.177508
-1.570012
-1.130013
-0.072318
0.234197
-1.444826
-0.574505
-0.024387
0.797686
-0.084728
0.142957
-0.191797
-0.558654
0.751056
-0.549975
0.312539
-2.341878
-1.169053
-1.157929
0.574866
-1.898430
1.217113
0.028798
-0.101947
0.455708
-1.351442
0.926021
-0.607948
-1.694608
1.786578
-0.066513
-0.073232
0.477324
0.425947
0.267025
-0.326366
-1.353930
0.550890
-1.270045
-0.067437
0.920064
0.788350
0.798856
1.877523
0.483042
-0.280162
-0.693662
0.639294
0.265795
1.229120
-0.717144
0.404204
-1.215191
1.109891
2.954295
-0.458476
0.520143
-0.808802
-0.934164
0.551114
-0.423905
0.700682
-0.253835
-1.127372
-1.060960
-1.016936
-1.269053
-0.445806
0.961642
-2.095255
0.601724
-1.097476
-1.478981
-1.267237
0.222147
-0.415463
-2.142780
-1.142632
-0.003696
-0.170827
-0.618865
0.002147
0.500034
1.290911
-4.173474
1.848809
-0.478033
-0.376710
-0.644426
-0.374917
0.476966
0.590049
0.064433
0.666022
0.741030
0.829292
0.290045
-0.243297
0.574812
0.895739
-0.643249
-1.194958
0.545600
-0.409539
-0.919042
-0.360683
-0.342271
0.627567
0.345867
0.466791
0.414763
-1.876016
0.722120
-1.705283
0.119214
-1.278243
0.752446
0.758572
-0.533129
1.352309
1.231976
-0.380674
0.792762
-0.904368
1.767314
-0.761190
0.186630
0.007562
-1.373749
0.014866
-1.640342
-0.613869
0.416751
-0.368061
0.512604
0.638407
-0.452784
-0.994774
-0.445621
0.075498
1.356433
-2.627656
0.919179
1.171191
-2.065771
0.345322
-1.283592
-0.408117
-1.131796
-1.812557
-0.295497
0.985999
-1.292097
-0.918154
-1.717584
2.605106
-1.031640
-0.062535
0.660031
-0.637873
-0.641630
-0.632956
-0.097107
2.097537
0.302052
-0.697328
0.795767
-1.680847
-1.414314
0.438833
0.197287
-0.304864
-0.798768
0.698184
-0.617518
0.983148
2.735438
-1.879735
1.883601
-0.323886
-0.511632
-0.653529
0.798368
-0.115983
-0.230110
-1.986485
-0.147029
0.206112
0.757022
-0.456447
2.062370
0.689381
0.026991
0.426506
-0.924612
-0.583146
-0.221898
0.683139
-0.470620
2.020882
-0.347572
1.037202
-0.421957
1.027761
-0.166877
-1.755589
-0.566670
-1.872420
1.683899
-2.169162
0.528630
-1.090850
0.695618
-1.031811
0.416051
0.892709
-0.496679
-0.046694
0.232765
-0.003637
-0.773404
0.378622
0.876382
-0.042658
-1.186346
1.418700
-0.752470
-0.205801
1.692401
0.202685
-0.383213
-1.307278
0.826715
-0.949255
-0.271423
0.642589
0.873541
-1.543893
-0.414679
0.285140
0.403944
-3.178208
1.076021
-0.381856
0.253055
0.360918
-1.951449
0.874928
-1.051327
0.615533
-0.361308
-1.260458
-0.322002
0.331064
-0.573376
-1.967361
0.531867
-0.023401
-0.221942
-0.429784
0.807942
0.566739
0.595346
-0.314344
0.197834
1.444034
-1.604946
-0.111722
0.566154
0.069251
-0.459168
-1.556053
-1.380599
-0.698820
-0.600288
-0.065930
1.245878
0.390850
-0.721605
1.140010
0.263886
-0.724996
0.666443
-0.528376
0.382537
0.628436
0.151594
1.213241
-1.387175
-1.342953
-0.654487
0.410225
-1.213580
-0.243993
-0.532545
-0.250032
-0.444802
1.419698
-0.659782
-0.565449
1.690706
0.306354
-0.014543
1.133429
1.538518
-0.038346
-1.117908
-0.555670
-0.535358
1.910837
0.584278
0.280641
-0.162246
-0.049667
1.722088
1.682143
-1.140306
0.039758
-0.440357
-0.460319
-0.544830
-0.008626
-0.295143
-1.274884
0.175029
-0.120672
0.859014
0.887045
-0.126190
1.383489
-1.090716
-1.927772
0.289053
1.362592
0.868276
-1.617545
0.152175
-0.811029
1.586134
-0.107953
-0.142698
0.390782
0.736746
-0.896107
-0.499257
1.518556
0.041714
0.745364
0.304816
-0.577397
1.036168
0.939995
-1.968752
0.094555
1.234053
1.611450
-0.370023
0.454852
0.046427
1.450603
-1.048243
0.687306
-0.596106
0.347254
1.111908
-2.092706
-1.276228
0.599412
-0.806564
1.378478
0.635364
0.272145
1.477163
0.440028
-1.726262
0.350908
0.621595
-2.001310
-1.780373
-0.056525
-0.391355
-1.113842
-0.678566
-0.212557
-0.728483
-0.588777
0.946005
0.276771
1.587881
1.115677
0.784191
0.558688
1.485390
1.313265
0.692263
0.466391
-0.685898
0.276735
1.240130
0.361310
0.618410
-0.115501
-0.789135
-1.260455
-0.824786
0.745289
0.255818
0.806433
-0.522982
-0.166213
-0.572451
0.358329
-0.583941
0.455036
-0.777178
2.144746
-0.182491
0.175603
-0.687797
-1.423272
-0.879101
0.075824
1.581343
-0.015648
-0.346434
1.725329
1.154285
-0.218952
-0.076216
-0.583060
-0.578072
-0.796747
-1.687831
0.257881
1.458073
-0.134204
0.298581
0.529767
-0.134941
0.836295
-1.018753
0.284277
0.613227
1.311162
1.036383
1.994604
1.384863
0.307786
-1.713425
0.166426
1.159569
0.308997
-0.683085
0.178633
-0.012233
1.631994
1.881551
-0.740796
-0.166091
1.206244
0.823009
0.899633
0.375376
-1.104095
0.401730
0.526818
-1.258604
-0.631733
-0.252733
-0.032396
-1.028400
-0.080986
1.668026
2.636097
-0.216817
1.241258
-0.468050
-1.228797
0.786308
1.569477
0.202832
-0.160318
0.211150
0.973687
0.188922
0.513771
-1.593117
-0.275362
-0.419981
-0.921139
1.618171
-0.639894
-0.823877
-0.116073
0.084779
-0.614358
0.949830
0.642950
0.248883
-0.252608
-0.126165
1.454723
-0.021162
-0.310750
-0.947230
0.703051
2.386370
-1.021661
-1.073996
-0.198767
-1.263836
0.764491
-1.692764
-1.129795
0.135719
-0.953144
0.146468
-1.102396
0.913616
-1.700671
-0.216185
-0.492677
-0.821877
-0.821921
-0.356794
0.821853
0.967458
-0.498553
1.233327
0.016722
0.358368
-1.112712
-0.147549
-0.218471
0.527492
0.019497
0.138889
1.561621
0.856536
-0.710027
-1.135252
-1.627116
-0.302812
0.879741
0.131151
-0.631005
-0.380122
-1.818661
-0.949489
0.300864
-0.983813
0.066702
-0.163634
0.299470
0.404425
0.395214
0.601445
-0.420488
1.513059
-0.152145
-1.744054
-1.351919
0.081359
0.731872
0.575762
-0.147065
-0.199365
-1.465763
0.768399
0.310668
-0.374395
0.611378
1.372999
-1.245476
-0.306730
-1.001139
-0.145294
-0.694831
0.118117
-0.144087
1.369087
-2.354316
1.424002
-1.316224
1.130365
0.861313
-0.219434
1.443615
1.484299
-1.487043
-0.755957
-0.012216
-0.566201
-0.394097
0.497588
1.769237
1.104298
-2.374460
-0.556890
0.131247
-0.278131
0.516670
-2.244376
0.577445
0.631123
0.786404
0.880166
-3.097560
-0.199057
-0.508330
-2.136574
-0.622883
-1.544798
-0.861084
1.001616
-1.438706
-0.257903
0.425379
0.166448
-0.556815
-0.358180
0.899950
-0.233330
-0.721858
0.374018
0.720115
0.378614
-0.178363
0.230553
0.606745
0.723312
0.076628
1.792235
1.559477
-0.820721
1.053986
0.693620
-0.609830
0.664175
0.094824
-0.185362
-1.268782
0.626719
-0.463417
0.641438
-1.157043
-0.566715
1.139489
1.781827
-0.360762
-1.556142
-0.016426
-0.729494
-1.609664
1.257039
-1.256361
-1.758251
-0.174569
-0.510499
-1.212794
0.375020
1.658341
-1.215656
0.319507
0.026009
0.637192
1.423004
-1.214783
0.073386
2.330217
0.741755
-0.570482
0.727913
0.069283
-0.688400
0.665884
0.298690
-0.523971
0.109026
0.536767
0.631703
-0.594578
-0.619360
-0.879226
-0.413213
0.881221
0.967829
1.327210
0.499831
-0.072731
0.988028
-1.139416
0.045943
-0.129104
-0.284331
1.768688
-0.182958
0.546486
0.610975
0.354304
1.180538
-1.085064
0.691062
-0.027744
-0.269874
-0.867352
1.908157
-0.281946
-1.094308
1.230887
-0.504159
-1.139423
1.934503
0.053254
1.219614
-0.592640
2.034245
-0.806673
0.415439
-0.740428
1.008780
0.416063
0.014684
1.472434
-1.121185
0.049021
0.593381
-0.820366
-1.164609
-1.531277
-0.432023
-0.974199
-0.064113
-0.391172
-1.044646
-0.170206
-0.281730
-2.056608
-0.599445
-1.034110
0.029480
-1.140161
-0.582501
0.796489
-0.545942
-0.512600
-0.473557
-0.709030
-1.235040
-0.783766
1.079082
-0.179280
-1.177801
-0.057648
0.235583
-0.011986
0.442723
0.411351
-0.064557
-0.379646
-0.758858
1.232543
-0.107690
-0.259903
0.507068
-0.566049
-1.415825
-0.466095
0.633342
0.933169
-1.016740
0.962634
0.539072
0.010090
0.409023
-1.025437
-1.641339
0.267258
-1.391962
-0.151013
0.489746
0.198702
0.111155
-0.518427
-1.208683
0.909675
-0.655995
-1.150549
1.431021
0.310639
0.363861
-1.363701
-0.209945
1.427217
0.081790
-0.358449
-0.000804
0.770221
-0.503088
-1.176427
-0.495694
0.377939
0.142986
-0.937861
-0.704521
0.782845
1.058780
0.717281
1.249616
0.620031
0.541450
0.938409
-0.460306
-0.844257
0.850032
0.508006
-0.250626
-1.035677
1.119995
0.178153
1.172465
0.107128
-1.435315
1.604970
0.351180
-1.059952
-0.578196
0.505350
-0.718066
-0.629414
-0.823741
-0.459323
-0.507103
-0.337494
-0.238304
-0.222493
-2.725924
1.784807
0.378584
-0.798083
-0.917087
1.845083
-1.110945
0.403069
-1.720495
0.318444
0.260786
1.059299
-0.537343
0.857393
-1.235789
-0.863989
-0.960269
-1.045552
1.210533
0.552115
0.343811
0.977845
0.457370
-0.614036
1.288199
1.157942
-0.525747
-0.478849
1.031740
-0.534176
0.182683
0.338267
0.020759
-0.558885
1.060554
-1.330742
-0.828838
-0.419818
0.683793
-1.353387
-0.557449
0.751661
-1.210899
0.617729
-0.687385
-0.114304
1.224602
-0.038046
-1.144464
0.976117
-0.113632
-0.207225
-0.061245
-0.039094
-0.660934
1.004133
-1.309047
2.239404
1.499909
0.200496
-0.416181
-0.415685
0.521407
-0.246714
0.108520
-0.403769
-1.187861
-0.874808
-1.681015
0.546353
0.140311
-0.227420
-1.145822
0.902935
-0.369398
0.538742
1.167037
0.402695
-0.560667
0.939675
2.115247
0.542758
1.204317
-0.034199
0.370184
0.984990
-1.158478
1.743955
-1.139357
-1.323588
0.153688
-0.683500
0.663947
0.212790
-0.364045
-1.337215
1.295074
0.412335
-0.502524
-0.147146
-1.154997
1.908886
0.115154
0.479370
-0.133969
-0.685799
-0.144327
-0.426528
-1.053074
-0.614848
-0.394797
-0.571889
-0.554908
1.544260
0.607407
0.913997
-0.228162
-0.379652
-0.269729
0.390858
-0.844258
-0.872220
0.713448
-2.580570
1.249041
1.107323
-0.791552
0.101514
0.065687
-1.381873
0.181280
-1.303867
0.334760
-0.584982
-0.114660
-0.356846
-0.793192
-0.942450
-1.192663
-1.074781
0.174347
1.554818
-0.068497
-0.751448
0.576274
-0.080701
-1.976717
-0.772369
0.070752
1.413131
-0.809841
-0.427552
0.114537
-0.300932
0.968778
-0.492005
0.748882
-0.114419
1.960048
0.759017
0.736869
-0.680543
-1.027340
0.616218
-0.693701
-0.419252
0.869974
-0.970709
-0.210127
-0.106609
-0.405412
-0.052071
-1.398155
1.223470
-0.292686
-0.059807
0.292088
-0.408951
2.702048
-0.179029
0.067086
1.653078
0.220525
-0.757513
-0.202062
-0.926602
-0.415226
0.767244
0.533839
-0.308999
1.516879
-0.251787
-0.631485
-1.135296
1.922766
1.609761
0.709392
0.020248
-1.126170
-0.276611
1.050287
0.265059
-0.570573
0.167779
1.329215
-0.322713
-1.932570
-0.793053
-0.137563
-0.555660
0.636973
1.413207
0.246559
0.655765
-0.163609
-0.862528
0.327832
0.153454
1.286735
-1.330033
-0.407563
0.863095
-1.859456
0.066233
-1.001864
-0.990601
-0.984736
0.537099
1.291395
-0.105469
-1.301217
0.011642
-0.662588
0.389805
-0.339435
0.106705
-0.724751
-0.954391
0.329916
0.432315
0.233715
0.983167
1.703945
-0.071427
-1.131376
0.064016
-0.339832
0.605005
1.800839
0.384637
-2.607473
-0.111486
-0.112326
-1.639078
-0.026293
0.474574
-0.204227
-0.547443
-1.650156
-0.006123
-0.227702
1.006144
0.809915
0.102751
-1.539577
0.083165
-1.202661
-0.306954
-0.852235
0.684585
-0.005062
0.756386
-0.310074
-1.268003
-0.949027
0.193673
-1.729726
0.470430
-2.664725
0.199399
0.139504
1.396545
0.371012
0.123145
0.195599
1.342965
1.081819
-2.565668
0.295925
0.466157
1.046620
-0.277809
-0.172179
1.211856
-0.686404
-0.177605
0.861802
0.833598
-0.700940
-1.912694
0.246414
-0.222935
-2.313679
0.487796
-0.661106
0.021515
-1.707460
-0.227709
-1.000168
0.758093
-0.552862
-0.482233
1.005550
0.545398
-0.925704
-0.114485
0.321754
-1.424226
0.025232
0.802925
-0.191744
-0.171237
0.776708
0.439822
0.500583
0.356652
-1.233597
1.701119
-0.504071
1.102415
0.172711
0.490228
-0.258322
0.993425
-0.014737
0.055990
0.499473
1.141402
-0.404571
0.128362
-0.789219
1.778533
0.441336
-0.372772
0.904874
1.429153
0.584112
1.240038
0.269115
-1.296137
0.167902
1.073677
1.170695
0.753525
-0.086611
-1.138062
-0.198948
0.316287
0.743694
-0.023379
0.661542
-1.249582
0.048242
-0.841754
1.447031
-0.425395
1.338547
1.052189
-0.357114
-0.070033
-0.341213
0.079672
-1.106429
0.174417
-0.777555
-1.261982
0.902544
1.003041
-0.153116
0.672916
0.941332
-0.463498
0.103704
-0.793382
-0.756857
-0.998701
-0.007860
-0.349609
-0.461594
-0.403117
1.813838
0.322756
0.310701
1.835586
-1.474317
-0.115337
-1.557662
-0.443096
0.148715
0.167514
1.378264
-1.148198
-0.505866
-0.569847
-0.330778
1.381131
1.121375
1.130606
0.335984
1.041573
-1.305110
-0.055740
0.906061
-0.268042
-0.493470
-1.111978
0.334664
-0.575370
0.391079
1.688317
-1.043277
0.968928
0.408766
0.072585
-0.994831
0.409357
-0.533848
0.852435
1.647848
-1.034422
-0.272768
0.456265
1.195996
-0.274400
0.249954
-0.146045
0.744864
-1.721974
2.056831
-0.229346
-0.620219
1.261520
-1.869984
1.269494
-0.063721
1.534533
0.379451
-0.547931
-1.398070
0.169249
1.708374
-1.470486
-0.203946
-0.070704
-0.009954
-1.466291
0.180606
0.410710
0.444055
-0.010369
0.930230
-0.470415
0.277775
-1.102003
-1.044012
-0.535157
-2.144660
0.699512
0.004960
-1.562065
0.135950
-1.344426
-2.953476
-0.882522
-0.150839
1.103798
0.778624
-1.572672
0.749028
-0.110590
1.596230
0.791442
0.105869
0.315991
0.065682
-1.900147
0.631649
-0.662319
0.310162
-0.313602
-0.809123
0.660092
1.212572
0.196624
-1.656022
1.257258
-0.113906
-0.107584
1.014330
-0.055470
0.148775
-0.473485
-0.657252
-1.002358
0.563490
-1.986391
-0.242907
-0.212818
0.931254
1.785422
1.046035
0.059762
1.633073
-0.158369
-1.011051
-0.311392
0.389435
-0.613885
0.665668
0.397007
0.153818
-2.048179
0.269886
-0.049386
-0.796486
-0.359750
-1.491577
0.045022
-0.753304
-2.143154
-0.451839
1.538253
-0.005011
-1.656431
1.786243
1.197551
-0.853837
-0.863508
-0.671805
-0.354944
1.557434
-1.072504
-0.504961
-0.167762
0.485999
0.233572
-0.022666
0.148088
1.468243
-0.579288
-0.236877
-0.448428
-1.283321
0.337483
-1.136105
0.258910
-1.286646
-1.068030
0.326091
-0.447697
-0.772313
0.393262
-0.421963
-1.509558
0.580433
-0.568193
0.684392
-0.013863
0.473762
-0.542262
-0.242017
0.358982
0.454253
0.622875
0.114641
0.624642
1.062524
0.585181
-0.433291
0.527920
-1.264800
1.315070
0.881233
-0.546460
-0.470552
-0.965854
0.570717
0.616286
0.836567
1.462216
-0.155845
-1.545508
1.342960
0.937338
1.133594
0.361820
-0.504752
-0.883599
-1.141587
-1.328573
0.109554
0.015873
-0.281004
1.195875
1.380442
0.355982
0.624014
1.050633
0.007261
0.184398
1.434930
-1.622901
1.817055
1.446307
-0.572237
-0.419997
-0.254910
0.520151
-1.889885
-0.282105
-1.600521
0.970486
0.127438
0.200574
-1.032281
-2.453335
-0.052131
0.441492
-0.587352
0.305758
1.078710
0.831497
0.901820
0.075246
-0.477704
0.251541
-0.969496
1.328919
-0.953358
-0.476828
-0.280987
0.306617
-0.972908
0.367765
-0.095751
-0.981023
-0.200931
-1.047765
-1.000253
0.072307
0.696339
-0.257360
-0.500617
1.211684
0.013671
-0.997233
-0.490755
-2.223235
0.112547
-0.882365
-1.327472
-1.533317
-1.393423
0.091036
-1.281316
2.653530
-0.317463
-1.434259
-0.399737
-1.632984
-1.659375
-0.714572
-0.102154
-1.781580
-0.428162
1.755854
1.382985
1.189919
1.416535
0.146217
1.869904
0.974574
-0.387132
0.661981
-1.236027
-0.094802
1.254927
-0.215684
-1.124667
0.238090
0.710736
-1.613729
0.403797
-0.119121
-0.327333
0.914368
0.148709
1.401477
-0.343981
-1.261013
0.719345
-0.893601
-0.398807
1.069970
1.115671
0.274813
-0.761698
0.151567
-2.063557
0.762621
0.730766
-1.061823
-0.198411
1.562274
-0.698605
0.850822
0.042746
-0.265112
-0.612218
0.683051
-0.533606
0.950186
0.473834
1.885222
0.385275
0.493992
0.901000
-0.187797
-1.470227
0.898802
-0.841970
-0.604018
-0.411472
-0.425350
-0.286187
-0.131305
-0.195152
0.986887
0.722049
-1.564515
0.888963
0.474505
-0.833966
2.050817
1.007224
1.099928
-0.764468
-0.569094
-0.623891
0.366043
1.047771
0.817164
1.867843
-0.446586
-0.649778
0.555150
-0.399409
-3.818504
-1.125622
-0.341365
-1.345810
0.527774
-0.546907
-1.985090
-0.938420
-0.133921
0.152358
0.149475
0.388504
0.654928
-0.106974
-0.101269
1.663831
-0.346332
-0.110634
0.015022
-0.076517
-0.247793
-1.072310
0.012330
-0.253639
-1.355441
-0.469190
-0.576540
0.324625
-0.118533
1.010151
0.262144
-1.918155
0.109445
2.491499
-1.756037
1.321098
1.263139
0.368196
-1.228260
1.375049
0.175988
1.223771
-0.610978
0.572513
0.526503
1.320845
2.528638
2.330678
-0.722002
1.101513
-0.775734
0.168806
-0.881532
0.707783
0.652935
-0.247452
-0.578363
-0.522200
0.189380
0.528457
1.006126
-0.557925
-2.236906
0.541312
0.816889
0.120758
-0.145511
-2.017600
0.827225
1.593533
-2.036385
1.422775
-1.039608
-0.092177
1.036520
-0.179549
-1.767550
-0.407597
1.011733
0.355762
0.730131
-0.194854
-0.352044
-0.806401
-0.479296
0.891656
-1.398989
0.103004
-1.790529
0.985841
-1.528656
0.044443
-0.803518
0.528314
1.479557
2.615455
0.838131
0.211352
-0.584579
-0.942399
0.357598
0.102117
-1.201026
0.093499
-1.112643
0.139194
1.034315
0.957020
1.599613
-0.602169
-0.015930
0.055369
-0.209409
-0.211015
0.351044
-0.157369
0.759055
-0.236968
-0.750843
0.203120
0.447908
-0.182350
0.416174
0.207450
1.618380
0.907383
-0.651735
-0.377557
-0.230977
0.751172
-0.609493
0.430639
-0.720153
-0.523174
1.083596
-0.612640
-1.383381
0.619349
0.613928
-0.134121
-2.437685
-0.395742
-0.415008
0.813567
-1.224567
-0.978977
0.351959
-1.310806
1.230369
-2.037939
-0.303198
1.437605
0.020866
0.337971
-0.433513
0.053624
0.694160
1.054224
0.042258
-0.666020
0.046063
-0.280822
0.299536
1.914073
-2.347639
0.643466
-1.050925
0.539427
0.101132
0.245061
-0.798344
0.051298
1.607224
1.572019
-0.596333
0.615886
0.110367
0.188063
1.194860
0.010262
0.701875
-0.425387
-0.083435
1.641592
0.897251
-2.167549
-0.015959
-0.008696
-2.209787
-0.383701
0.969819
-0.010919
-0.306152
-0.254981
-1.217383
-1.215296
2.865011
-0.682930
-1.024701
1.500173
1.230124
-0.263329
1.031355
-0.148379
0.541534
-0.853911
-0.291733
1.417766
-0.419140
-1.159792
-0.357354
0.485263
0.891890
-0.472136
-0.691580
1.134815
0.140374
1.277621
-1.236086
-1.019070
-1.796317
-0.995703
0.860368
0.962444
-1.350683
-0.911221
-0.639263
-0.563463
1.139225
0.220697
0.126078
0.593177
0.346882
-0.407476
-0.647034
-0.352174
-0.376457
-0.474250
1.157773
1.228906
-0.184001
0.635729
1.220571
-0.576000
-0.634684
0.730978
-0.070267
-1.132323
0.543583
-0.574169
0.147340
-0.740368
-0.665132
-0.800251
0.524196
0.562432
-0.794016
0.991297
-0.900011
0.266422
-0.653100
1.048880
-0.792133
-0.484966
-0.838500
0.519895
-0.224089
-0.535824
0.644687
-0.609856
-0.630117
-0.134820
0.261899
-1.676488
0.602410
-0.803238
0.481444
0.051899
-0.411013
0.616795
1.170119
0.527829
0.898376
0.028887
0.027486
0.638857
1.237398
1.165933
1.164849
-0.073883
0.817708
-1.661729
0.554180
2.268269
-0.485704
0.212481
0.114151
-1.582791
-0.199556
0.681782
0.808029
-2.362113
-0.119277
-0.062152
0.489249
-0.509110
1.329997
0.290301
0.658293
1.289429
-0.100722
-1.192286
1.047947
1.347272
-0.649752
0.267805
0.663711
-1.218853
0.906132
-1.427096
0.164340
1.298050
-0.879133
0.320970
0.295908
1.755512
-0.214960
-0.992007
0.100213
1.352431
0.523243
-0.401676
0.870232
0.153450
-0.331920
-1.489551
0.963128
1.191694
0.936799
1.437237
0.196369
-0.574629
0.773726
0.555781
-0.202513
-0.226379
-0.299184
0.119141
0.741449
-0.096017
1.452278
0.571857
0.049623
-0.243627
1.842653
0.403663
-1.144467
-0.483519
1.559623
1.282273
-0.701856
1.083143
-0.085077
-0.075052
-0.785071
-1.002351
0.302593
