0.025879
-0.387513
0.802187
-0.337199
0.892783
0.422425
0.036703
-0.576046
0.401768
-0.956843
0.172294
0.650532
0.032176
0.596328
-1.310061
-0.220835
-1.457157
0.215756
1.066410
-0.143718
-0.356134
0.121416
2.408899
-0.267808
-0.753773
-0.895865
-0.080578
0.792821
-0.558648
-0.366645
0.354218
0.149797
-0.559911
0.347272
-0.278892
1.370484
0.945388
-0.722535
0.643469
0.162397
0.358900
0.279396
-0.615828
0.810099
-2.120732
0.189178
-0.540542
0.457250
0.410533
-1.752847
0.390061
-0.153844
-0.070635
-0.703869
0.476606
-0.160747
-0.001559
0.075076
0.262338
-0.435488
-0.907178
-1.584416
-0.981489
-0.306387
-0.395186
0.449913
1.262360
0.262695
-0.298813
0.130299
-0.322016
0.355423
-0.409487
-0.464220
0.174607
0.651926
0.230849
1.141724
-0.122689
-1.771654
1.119787
1.229339
-0.775406
-0.092247
0.799059
-0.798914
-0.036079
0.186150
0.620728
-0.283175
-0.308197
0.279606
-0.535405
-0.037027
-0.381940
-1.015320
-0.123075
0.863538
-1.515974
-0.677141
-0.505501
1.496749
0.092567
0.380526
-0.780845
0.356015
-0.078547
-0.069290
0.431969
-0.669271
-0.408975
-0.034563
-0.305422
0.709440
-0.703309
0.848478
0.331574
-0.096153
-0.367967
-0.158870
0.466847
0.456248
-1.043942
0.382958
-0.472613
1.121480
0.331936
0.253099
1.190645
0.234287
-1.478079
1.036791
-0.745728
-0.348332
-0.325847
0.236139
0.219392
0.479297
-0.743149
0.314440
-1.358868
-0.802559
-1.000250
0.422975
0.697322
0.145585
-0.246582
1.009356
0.424473
-0.667681
0.127108
0.391809
-0.592201
0.297901
-0.156512
0.146239
-0.163871
-0.776915
0.628516
-0.015512
1.020496
1.710607
0.501777
0.381834
0.151735
0.606863
1.006516
0.694764
-0.367528
0.497143
-0.341968
-0.485072
-0.976594
-0.710605
-0.705562
-0.075301
-0.020486
0.543281
-0.651803
0.076417
1.073565
-0.630367
0.925427
-0.850073
1.493919
0.544512
-0.511608
1.700239
-0.645675
0.384724
0.053674
-0.251830
0.711252
-1.556806
0.257913
0.505726
-0.109438
-0.164852
0.400171
1.046752
0.176074
-1.069163
-0.737301
-0.411435
-1.469400
-0.316805
-1.123598
1.165061
1.039419
-1.088975
-0.132240
0.373677
1.439294
0.628627
0.075384
-0.195923
-0.193042
0.489549
-0.501866
-0.766731
0.605789
-0.974932
0.245163
-0.190199
0.931059
-0.132506
1.437136
0.553407
0.568590
-0.641586
0.335681
-0.257067
-0.353609
-0.299024
0.655154
0.184412
0.125654
0.157108
-0.243622
0.200823
0.429400
-0.314137
-0.407569
0.446080
0.315082
1.070479
-0.381893
-0.812789
0.166877
-1.409357
0.085268
-1.281437
-0.743668
-0.107281
0.276567
-0.001723
0.383009
-0.308038
-0.443495
-1.023603
-1.746966
0.010364
-1.171107
-0.040948
0.656314
1.288038
0.515779
0.473289
0.382488
-0.537196
0.356928
0.385361
-0.125152
-0.199242
0.513688
-1.499085
1.608673
0.366183
1.665488
-0.643049
0.027484
0.393708
-1.168439
-0.144666
0.972430
-0.199156
-0.291056
-1.715226
-0.316425
1.624347
-0.135529
-0.514707
1.071257
0.967422
0.429162
0.480593
-0.113152
-0.476608
-0.656222
-1.194901
-0.412237
-0.827556
-0.446151
-0.118110
-0.208406
0.953522
1.186006
1.299808
0.493203
0.221988
-0.341418
0.584461
0.125298
-0.178350
-0.185805
-0.264713
0.323439
-0.220828
0.006780
0.585473
-0.588473
-0.846551
-1.021064
-0.214079
0.530999
-0.986504
-1.493972
-0.103340
0.873918
-0.084973
-0.663191
-0.657245
1.116470
-0.114752
-0.497309
0.399462
0.388780
-0.526250
-0.016054
1.039649
-0.216635
-0.286676
0.686003
0.707810
0.122323
0.986821
0.413907
-1.225333
-1.041833
0.835978
-1.082235
-0.236990
0.711051
-0.946068
-0.025639
-0.259381
0.288968
1.103811
0.783745
-0.563208
0.142672
0.987482
0.175908
0.567335
0.856617
-0.295232
1.079173
1.097053
-0.148014
0.959612
-0.242073
1.062603
-0.044940
0.032262
0.758652
0.653692
0.328060
-1.202777
-0.486249
-0.666897
-0.860455
0.805208
1.257574
0.294423
0.395009
0.262721
1.061895
-0.631997
-0.721636
1.006679
0.417151
1.008822
2.292173
-0.292855
0.994173
-0.522496
0.553205
0.984362
-0.603832
0.847466
0.288824
-2.178022
1.137852
0.731661
0.272234
0.577884
2.298940
-0.029592
0.736438
-0.904788
-0.579886
0.775724
0.112027
0.314758
0.448641
-0.723399
0.414280
0.173397
0.431626
-0.785720
0.160004
-0.385343
-0.590845
1.109343
-1.066717
0.647303
-0.456986
0.500687
1.002290
1.035938
-0.131259
1.259743
0.723715
0.939332
0.312585
-0.780290
0.628258
0.064283
0.723256
0.570087
-0.980811
-0.475125
0.574726
-0.950015
0.072639
1.199792
0.235653
0.284434
0.026963
0.350014
0.762399
-0.554153
0.429756
-0.750521
0.284761
0.588585
0.154428
0.563645
0.495692
0.018306
-0.097326
-0.798111
0.311957
0.237833
0.147852
-0.674137
-0.225278
-1.025133
-0.585120
0.011942
-0.315857
0.568191
-0.458255
-1.648669
-0.336919
0.721603
-0.331277
0.102467
-0.074459
0.853397
-0.858217
-0.306228
0.856520
0.145829
-0.074046
0.247457
-0.551602
0.686469
-0.039676
0.978233
0.506307
1.953829
-0.486620
-0.892080
-0.112531
1.012809
0.414432
0.725261
0.398061
0.586823
-0.154024
-0.255111
-0.420886
0.412436
-0.350743
0.315795
0.789824
0.175899
-1.132281
-0.968018
0.825605
0.286880
0.247466
-0.335488
0.142790
0.472941
-0.335617
-1.103330
-0.729813
-0.795395
-1.222285
-0.046924
-0.319223
-0.737629
-1.021072
-1.052419
0.304785
0.300458
-0.324044
-0.524121
0.634592
-0.983001
0.026099
-0.229725
0.605285
1.511884
-0.226081
0.466135
0.579790
0.491110
-0.847632
0.202375
-0.425712
-0.199751
0.759220
-0.637857
-0.408487
0.420475
-0.783157
1.063914
-0.344845
-0.221203
-0.546452
0.217708
0.566855
-0.438770
0.647254
0.581290
-0.286288
-0.365764
-0.005437
-0.609601
-0.474941
0.714809
-0.418530
-1.198169
0.528416
-1.903411
-0.009540
0.760724
-0.225542
0.205710
0.188661
1.106912
1.504484
0.510330
-1.272685
-0.069511
-0.339966
-0.364405
-0.184198
-0.243212
0.478194
-0.017113
-0.141982
1.518652
-0.159097
-1.045354
0.126776
-0.257090
-0.118491
0.291286
1.839964
-0.515474
0.357107
-0.156443
0.807553
0.353579
0.603601
0.659681
0.351106
0.455653
-1.668467
-0.043139
1.279561
0.089650
0.099105
0.648959
1.165391
-1.180933
-1.291355
0.830912
-0.119164
1.293053
-0.119653
-0.508091
-0.101721
-0.431464
1.933539
-0.385280
0.395425
1.191096
-0.147719
-0.482894
0.728766
0.006350
0.397086
1.052655
0.816495
0.516307
-0.894236
-0.717577
0.740230
-0.088466
-0.176143
0.285606
-0.926977
0.527291
-0.398554
-0.305487
-0.757612
0.438653
-0.850998
0.087367
-0.173899
-1.154660
0.911429
-0.299094
-0.610276
0.210512
-0.525382
-0.459050
-1.005799
-1.069056
0.240055
0.369443
-0.108567
-0.903278
-0.270080
-0.911328
0.604441
-0.613086
0.151659
-0.936329
-0.753412
0.443353
1.403866
-0.677904
-0.652615
0.597991
-0.504239
0.483127
0.189846
1.525862
0.137036
0.523432
0.145780
0.690870
0.266315
0.530269
-0.172993
0.705145
0.261919
-0.396260
-0.042253
-0.450047
-0.079603
-0.172035
-0.383763
0.632066
0.411070
0.008329
0.132722
1.146978
-1.242026
0.874709
0.456341
-0.154419
-0.278440
0.345755
-0.527511
0.910904
-1.289801
-0.405392
0.800861
-0.000607
0.357541
0.482059
0.463607
0.250384
-1.008974
0.797186
0.939064
-1.607971
-0.250496
0.045606
0.345327
0.047497
-1.141525
-0.838848
-0.956185
-0.171054
-0.755427
0.513134
0.597068
1.448469
-0.226323
1.131856
0.285351
-0.026987
0.496860
0.332480
0.281474
-1.893469
0.479599
0.435889
-0.627335
-0.889571
-0.671919
1.792955
0.079911
0.594195
0.728256
-0.517957
0.593840
-0.666612
-1.564070
-0.168091
0.070105
-1.059986
-0.108186
0.678526
0.128961
0.036604
-0.424043
-0.554191
-0.832858
-1.358151
0.530940
1.140001
-0.134747
0.247365
-1.061782
0.208621
-0.123107
-0.727847
1.046330
-2.369514
-0.287817
1.143672
0.109078
0.510423
-0.004633
1.279205
0.071365
0.223183
0.509240
-0.499031
-0.312308
-0.205841
0.145932
0.453506
1.114116
-0.222186
0.298816
0.743394
0.070700
-0.422422
0.101145
-0.957255
1.837202
0.218171
0.125847
-0.230615
0.439332
-1.225625
0.626361
-0.528119
-1.256854
0.367680
-0.826908
-0.399807
-0.185607
-0.344170
-0.749707
-0.678264
-0.692843
-0.672309
-0.548068
-0.128369
0.699878
-1.180106
1.545460
0.948622
-1.059237
0.138950
0.184995
-0.945431
-0.468654
-0.381112
0.725983
-0.382153
-0.657784
0.168673
0.780969
-0.745572
-0.844482
0.217235
0.091575
0.273730
-1.087454
-0.171307
-0.081946
-0.254778
0.132759
0.545989
-0.016332
1.848017
0.072890
0.148751
-0.034773
-0.131969
1.288780
0.317204
-0.145342
1.723272
-0.181328
0.204975
0.307273
1.340743
-1.130065
0.480524
0.256675
-0.037909
-0.419166
-0.327066
-0.383123
0.636410
-0.617771
0.967145
-1.192864
0.123098
-0.390788
1.319574
-0.731908
-0.138784
0.449635
-0.717542
-0.064938
-0.671179
0.963440
-0.463182
-1.186994
-0.443113
0.317331
-1.647266
1.513713
-0.092936
-1.107242
-0.039187
0.304799
0.386522
-0.238946
-0.368535
0.290341
-0.099957
0.293880
0.627285
-0.417223
-0.036384
0.206943
0.469142
-0.728075
0.253410
-1.111677
-1.048450
-0.856682
-1.171013
1.803051
-0.427604
0.403391
0.422727
0.064438
-0.777430
-0.315922
-1.362263
0.292712
0.184874
-0.149717
-0.339893
-1.033828
-0.717163
-0.199305
0.878665
1.376071
-0.800751
0.131242
0.826664
-0.007335
0.846975
-0.438199
-0.692645
-0.415887
-0.435653
0.664487
0.074282
0.103216
0.544827
-1.480526
0.706374
-0.735849
-1.304139
0.316476
-0.794832
-0.456807
1.823376
-0.406563
-0.427817
-0.954820
1.308440
0.874516
0.580228
-0.189605
-0.241740
-1.063471
0.295286
0.782797
-0.001181
0.285463
1.019870
0.112591
0.815449
-0.469346
0.049771
0.335344
0.968754
-1.400809
-0.392416
0.064850
-0.391465
0.904667
0.946042
-0.367571
-1.777641
-0.182733
-0.608355
0.366791
1.438564
-0.461674
-0.870340
0.770130
-0.437665
-0.225760
0.228058
0.265298
-0.429986
-0.300793
0.219035
-0.583580
-0.681610
-0.476184
0.526386
0.530156
0.189403
-0.129399
0.635578
-0.193093
-0.677066
-0.005393
-0.801912
0.507254
-0.726888
-0.144924
0.306796
-0.162969
-0.510068
0.929923
-0.996323
1.417867
0.051193
-1.348942
-0.264232
0.253461
1.059957
-0.700493
-0.242021
-0.130588
-0.406712
0.178549
-0.540603
-0.055094
-0.824095
-1.306793
0.109776
-0.589673
0.929493
1.382746
-0.642887
1.969871
0.138448
0.720121
-0.098377
-1.391239
-1.706977
0.511174
-0.190869
0.417645
0.301609
1.285996
0.077361
0.208794
-0.673295
-1.178984
-0.167820
0.144259
0.907941
-0.544358
1.389143
1.281598
0.601071
-0.150643
-0.268217
-0.237358
0.584769
0.194013
-1.178065
0.863339
0.698474
-0.655689
1.638253
-0.182106
0.380642
-0.447381
0.996048
-0.393804
-0.619777
-0.157026
-0.936074
-1.365278
-0.085484
-0.507286
0.186533
-0.281815
-0.263065
0.870273
-0.556503
1.248836
0.393150
0.607293
1.557410
0.069157
-0.625123
-0.958893
-0.909519
0.192354
0.341605
0.596344
-1.950283
0.238324
-1.422623
-0.899522
-1.087373
0.411028
-0.513697
-1.350182
0.449048
-0.690060
0.238258
-0.334338
-0.719420
-0.206520
1.358327
-0.262709
0.607283
-1.579549
-0.168945
-0.764258
1.493303
-0.693710
-1.173964
-0.158911
0.899977
0.787601
0.068395
0.000778
-0.631341
-0.504492
0.315868
-0.158256
0.406097
0.212889
0.165016
-1.541013
-0.881878
-0.772484
1.610858
-0.796553
1.076154
0.068003
0.340024
1.668772
-0.420321
-0.811081
-0.531427
-1.575102
-0.716035
-1.122962
0.143115
0.536581
0.109097
-0.643643
0.332278
-0.551097
-0.324179
0.827502
-1.488045
-0.441474
-0.413027
-0.274361
-1.046175
1.376763
0.211436
0.024205
-0.333510
0.862539
0.314352
0.235283
-0.536585
-0.409353
-0.093676
-0.145819
0.330914
-0.944271
0.729221
0.915352
-1.524771
-1.605843
-1.363088
1.714598
0.897828
-1.053098
0.020452
0.974251
-1.254280
0.154609
-1.959392
-0.472496
-0.094564
-0.183795
-1.081851
0.627186
-0.185164
0.219373
-1.099491
0.593903
-1.868053
1.039065
0.560716
0.297181
0.475812
0.793124
-0.071710
0.258516
-0.602360
-0.744154
-0.621491
0.390364
-0.527801
-0.632009
-1.283555
0.696397
-0.479572
0.586367
-0.031548
0.548604
0.076177
-0.233875
0.134635
-1.642632
-0.973423
0.604375
0.678873
1.414020
-0.473914
-0.826661
0.010837
-0.206591
0.190193
0.393015
-1.046666
0.769398
-0.412185
1.508664
0.927301
-0.154511
-0.532216
-0.308307
-0.502779
0.348201
0.899889
0.154217
0.151469
-0.062970
-1.042885
-0.217383
-0.548448
0.088233
0.521412
0.402325
0.132386
0.049088
-0.757655
-0.365218
0.885650
-0.726232
-0.314160
-0.486623
0.278395
-0.220627
0.591718
1.025898
-0.486840
-0.551726
-0.378724
0.378054
0.523536
-0.463887
-0.233642
1.441794
1.125671
0.147845
-0.275437
-0.643458
0.194716
-0.799615
-0.751071
-0.520945
-0.377367
0.385433
0.451987
-0.440640
-0.141066
-1.532099
0.493202
1.014314
0.072389
0.089897
-0.699798
0.166505
-1.583415
-0.261008
0.070509
-0.684386
0.736816
0.292921
-0.192910
0.558110
0.534097
0.372909
0.963228
0.241106
-0.013046
0.446225
-0.112682
-0.551351
0.617954
0.351774
-1.047465
0.413963
-0.032583
-0.325224
-1.049776
2.116454
0.315778
0.018331
0.279577
-0.401731
0.417686
0.209039
0.838341
0.578967
-0.602708
-0.219395
0.846679
-0.086100
-0.128851
-0.605750
0.821500
0.415298
1.118590
-0.359626
-0.880728
0.891554
0.640127
-1.040121
-0.178909
0.630364
-0.370562
-0.621140
0.221546
-1.170475
0.190641
-1.137255
-0.107285
-0.248730
-0.303135
-0.146164
-0.968440
1.167079
-0.711543
-0.246056
0.297378
-1.617726
-1.448457
0.405730
0.388336
-1.656662
-0.931295
-0.053363
-0.320949
-0.246892
-0.404730
0.794842
-0.761578
0.681917
-1.031466
0.569344
-0.444303
-0.812397
0.474025
-0.413397
-0.754839
0.025544
-0.884986
-1.005886
0.762424
-0.127101
0.923867
0.131378
-1.183261
-0.380953
-1.553367
0.288309
-0.215326
0.514798
-0.343899
1.238696
-0.643803
0.842569
-1.026504
0.356776
0.630834
0.499465
-0.057227
-0.693599
0.629290
-0.842054
0.701994
-0.318632
1.165939
-0.220873
-0.631417
-1.526933
0.777470
-0.047887
-1.305018
-0.424071
0.187162
0.856536
-0.293596
-0.524023
-0.344487
0.321900
0.000784
1.212190
0.466127
-0.840379
0.089250
-0.885727
-0.370196
-0.525110
1.090044
0.709979
-1.690407
0.965258
0.843796
0.011456
-0.664935
1.054387
0.501083
-0.634113
0.495328
0.592349
-0.006069
-0.116105
-0.623004
-0.900520
-0.743266
1.081060
0.130963
-0.650273
-0.214195
1.653389
-0.600793
0.271481
-0.188146
0.608784
-1.134982
-0.716380
-0.482344
-1.385632
-0.746972
0.208827
-0.441337
1.293421
0.996806
-0.765692
1.764576
0.050250
0.700779
-1.276277
0.734462
-0.780750
1.307096
-0.098669
-0.677584
-0.426809
-1.077487
-0.056351
0.048407
1.315482
-0.772793
-0.386002
-1.078946
-0.251484
-0.276262
-0.479352
-0.140357
0.186608
-0.229841
0.157378
-0.931108
0.285058
-0.811774
-0.336902
-0.992006
-1.296540
1.103574
-0.881971
-0.438355
1.193104
-0.411858
1.042014
0.223948
-0.159749
0.452202
-1.369823
0.992706
0.562542
1.740842
0.169082
1.366214
-0.332709
0.239347
-0.039441
0.309732
1.806926
0.441546
0.269917
0.662842
0.400807
0.631484
0.576013
0.606026
-0.483668
-0.167723
0.159390
1.136702
-0.214753
0.918281
-0.492269
0.997746
1.292222
0.612821
0.805462
-0.952061
-1.452957
0.211455
1.011973
-1.730852
0.555355
-0.380532
-0.934435
-0.115394
-1.098401
-0.418488
-0.018228
-2.022401
-1.829483
-1.309622
-0.217594
-1.221871
-2.489417
-1.426205
-1.308972
-0.641627
-1.073866
-2.195358
-0.283076
-0.844687
-1.878568
0.032754
-1.317809
-0.763677
-1.180310
0.818350
-2.068208
0.143694
0.074013
1.693894
-0.354172
0.769220
0.735397
0.090959
2.304118
0.357311
1.743431
2.530939
0.255181
2.697357
1.341046
2.681441
2.332965
2.692711
1.886523
2.202008
0.887891
1.101055
1.480684
0.552091
1.234159
0.051615
1.164108
0.195292
0.497957
-1.214095
0.002778
-0.850887
-1.702742
-0.203479
-2.009120
-1.529092
-0.810789
-1.328227
-0.717369
-2.215810
-0.586936
-0.820160
-1.596221
-1.143412
-2.317065
0.080090
-1.001588
0.067130
-2.222036
-1.634701
-0.399903
0.604908
0.761387
0.431348
0.957002
-0.128935
1.661713
-0.401565
-0.588806
0.661145
0.865013
2.026164
0.663519
0.142562
-0.073774
1.415763
0.459935
-0.685673
-0.074981
1.563289
0.177821
-0.142893
-0.015950
0.594268
0.283104
-1.140166
0.362277
0.334680
0.012682
1.149516
0.181605
0.840977
0.121184
0.961506
1.125333
0.884289
-0.655634
-0.152006
1.056233
0.063223
2.298919
-0.315430
-0.803749
-0.138317
0.250195
-0.621777
0.779818
-0.392044
-1.058762
0.484130
-0.198356
-0.400683
-0.003981
0.508289
1.421028
-0.116494
-0.794165
-0.023949
0.571371
0.494236
0.090332
-0.362446
-0.458643
0.005199
-0.064418
-1.156173
-0.008290
0.665460
0.267628
0.708763
-0.944881
0.330187
0.622820
-0.803724
0.088619
-0.917264
-1.037573
2.011436
-2.307251
0.454695
0.719886
0.225852
-1.617313
1.355320
-0.564065
0.230106
1.664742
0.210331
0.023661
-0.501583
-0.214132
0.165816
-0.502177
0.079773
-0.021992
0.949570
0.743686
-0.053288
0.092487
0.682681
-0.003554
0.177420
0.014798
-0.252555
-0.912661
0.114219
-0.202324
0.237023
1.517095
0.201269
0.088143
-0.525225
0.183289
-0.142968
1.339464
-0.402618
0.060662
-0.547337
0.027963
-0.031566
1.431222
0.465674
0.923650
0.542317
-0.691950
0.300377
-2.094741
-1.104941
1.019902
0.589300
1.839600
1.078829
-0.398143
0.100869
-0.984050
0.527720
-0.912534
-0.827530
-0.719859
0.405198
-1.421235
-0.179499
-0.858941
0.096285
-0.370379
-0.678345
-1.411043
-0.879490
1.499498
0.155243
-1.270111
0.251909
-0.305622
-1.111007
0.088386
0.101946
-0.398393
-0.521619
0.527319
-0.257750
1.273919
-1.879636
-0.555339
-0.010455
0.124863
-0.890463
-0.484274
0.005258
0.345992
-0.097597
0.329406
0.818035
-0.775599
-0.319096
-0.865816
0.161169
-0.502262
-0.200333
0.281488
0.315105
-0.029331
0.097617
0.371359
1.085476
1.652704
-0.825809
1.275571
-0.648844
0.495947
0.425117
0.014715
0.931860
0.474613
1.539088
-0.024908
-0.147025
-1.001304
-0.142948
-0.711901
-0.876977
1.587225
-0.324042
1.294295
0.172902
-0.368415
-0.239904
0.044047
-1.026411
0.742611
0.811951
0.326182
-0.452602
0.906732
-1.467601
-0.149946
-0.382414
0.952044
0.392964
0.172464
0.618129
0.105270
0.033510
0.135688
0.359761
0.536309
0.657544
-1.642141
-0.527140
-0.292644
0.476212
-0.685622
-0.324911
-1.562535
-0.420179
0.686707
-1.097155
1.282233
-0.106517
-0.167395
-0.187134
0.844159
-1.211935
0.378307
-0.514829
0.476293
-0.138466
-0.745372
-0.043394
-0.676801
2.406476
0.363824
0.481303
-1.196850
0.178928
-1.194981
0.261611
-0.061635
0.599203
0.652669
0.109411
0.309943
-0.585042
-0.003060
-1.630608
-0.709283
-0.289108
0.414693
-0.407059
-0.091078
-0.104396
-0.589309
-0.556082
0.902224
-0.268194
-1.201356
-0.793174
0.144429
0.423045
0.002224
0.313363
0.149296
-1.553408
-0.113686
1.011252
-0.603252
-0.240613
-0.427036
0.566399
1.232567
-1.258149
-1.330530
0.756656
0.011537
1.035034
1.840671
-0.225360
0.227624
0.573085
-0.148973
-0.615303
-0.417188
0.576201
-0.238336
-1.367724
-1.115714
-0.062999
-0.537683
0.365928
0.102954
0.782066
0.530678
-1.165911
0.258000
-0.071529
-1.499764
0.016614
-0.743920
-0.681128
0.065427
0.229137
0.219701
-0.698347
1.213935
-0.484252
-0.421683
-0.398427
-1.616612
-0.214101
-0.138736
-0.857282
0.257894
0.637070
0.013774
0.784525
0.889618
0.907143
0.173516
-0.765329
0.387400
1.345958
0.132410
0.050751
0.932192
-0.905775
0.111388
0.345027
-0.617185
-1.081838
0.759470
0.700529
-0.796018
0.500039
-0.483362
-0.597392
-0.482234
-0.203155
0.325312
-0.411914
0.170030
-1.497855
1.119266
0.056785
0.767196
1.010687
-0.491307
-1.128423
0.166018
0.394510
0.421016
0.609922
-0.330791
0.106256
0.904275
-0.369649
-0.010534
-0.229346
0.267604
0.341289
-0.282190
-1.201478
-0.597217
0.903987
-0.179285
0.628797
0.247227
-0.742001
0.168135
0.316874
-0.830831
0.122171
-0.332805
-0.135055
-1.189894
0.064742
0.391632
1.108172
-0.299997
1.906534
2.346794
-0.160491
-0.738357
0.359958
-0.451274
0.134117
0.460714
-0.132239
1.044583
0.071694
0.910978
-0.664322
-1.316537
-0.839953
0.226303
0.196957
0.973439
0.139303
-1.421181
-0.377722
-0.265250
-1.007183
-0.235122
-1.157003
0.291790
0.825977
-0.459933
1.308366
1.013182
1.150252
-0.392497
-0.408439
0.915617
-0.642098
-1.235447
-0.917780
-0.472039
0.002790
0.048952
0.390279
0.493709
1.137100
-0.414890
-0.116162
0.874115
0.580409
-0.560238
-1.931165
-0.767129
1.141841
-0.238758
-0.755340
-1.332952
-0.765058
0.099298
-0.127308
-0.229284
0.112379
0.294296
-0.468618
0.887735
1.524518
1.025555
1.038505
-1.235104
0.073787
-0.088074
0.139017
0.108196
-0.496896
0.657648
0.639066
-0.089119
0.617224
0.102876
0.666751
0.203737
1.530140
0.348612
-0.348249
-0.723769
-0.599016
-0.823595
1.135876
0.516284
0.016078
-0.761889
-0.095243
-0.515218
-0.388891
-0.074366
-0.201103
-0.165715
-0.874444
-1.282483
-0.288211
0.339358
-0.927361
-1.139118
0.554317
0.650669
-0.455328
-1.001003
1.370017
-0.316210
-0.820872
-0.188253
2.011106
-0.679940
1.114059
-0.433890
0.266830
0.837924
-0.009153
-0.036893
0.319441
0.361711
-0.020699
2.145319
0.218482
-0.458753
0.360281
1.194163
0.453951
0.290245
-0.096376
0.178169
-0.251761
0.880072
0.830555
0.673857
-0.437335
0.545941
-1.262574
0.237531
-0.169623
-0.981526
-1.139289
-0.598418
0.681135
-1.035154
-0.112434
0.239919
-0.028888
0.620076
-0.402515
0.130534
-1.141494
-1.120769
-0.803341
2.147003
-0.026668
-0.286314
0.051288
-0.235207
0.769204
0.704891
-0.267316
1.208069
0.792168
0.472058
-1.254585
2.356704
-0.689469
0.840842
-0.099029
-0.820043
-0.410986
-0.277598
-0.100372
0.144201
-0.151780
0.532463
0.104622
-0.057341
0.060370
0.412191
0.018721
0.719682
-0.344959
0.505490
-1.401959
0.974017
-0.718392
-0.735857
0.374536
0.112800
0.328272
-0.166278
-0.352162
0.597789
-0.693698
-0.031069
0.524562
-0.010765
-0.296760
-1.842042
-0.939343
-0.758622
-0.264679
1.228818
-0.272984
0.970938
-0.623844
-0.043354
0.609011
-0.689146
-0.267656
-0.431061
0.546153
-0.383276
0.338159
0.293420
-0.555942
-0.439940
-0.740614
-0.083044
-0.656245
-1.177366
0.382319
-0.930950
0.214120
0.260556
0.761107
-0.581997
1.207293
-1.012519
1.410713
0.591564
-0.233254
0.284759
0.618885
-1.404701
0.955013
-0.322066
-0.545398
-0.080262
-0.501859
-1.064718
0.390023
0.492526
-0.179315
-0.208128
-0.932127
0.159161
0.149578
-0.233196
0.287418
-0.785843
-0.777090
-0.077634
1.274252
-1.044610
-1.019137
0.085566
-0.008043
0.434192
0.179967
0.507578
0.622357
-0.365576
-0.379664
-0.240923
-0.796903
-1.109036
-0.634489
-0.201468
0.527633
0.262416
-0.277536
-0.384982
0.749367
-1.558376
-0.207029
-0.476743
0.267891
0.175218
-0.218493
0.555320
0.674561
-0.126174
0.775489
0.983947
-0.588262
-0.608663
-0.073707
2.198285
0.303009
0.375803
-1.356119
0.336555
0.350547
-1.540446
0.301013
-0.363914
0.284190
-0.107076
1.343209
0.953034
0.532849
-0.649704
-0.034275
0.374159
1.068745
0.418992
-0.246160
0.875428
-0.600664
-0.183477
0.805839
0.651732
-0.743693
-0.866622
-0.525009
0.365129
0.335713
-0.051517
0.303446
0.024108
-1.242590
-0.088349
0.459003
0.749263
-0.644190
0.089108
1.089339
0.317717
-0.860005
0.755151
0.733244
0.282056
-0.223161
-1.328764
0.063891
-0.964149
0.096699
-0.278365
-1.293069
0.611227
0.413023
-0.634105
0.203400
-0.208254
-0.391073
0.163341
1.980702
-0.276808
-0.554832
0.194368
0.069725
-0.308422
-0.085442
0.215843
0.860347
-0.148284
0.460314
1.283242
0.640799
-0.111877
-0.587728
1.024871
-1.446663
-0.379129
1.046051
-0.627367
0.902092
1.063926
0.969997
0.355612
0.492873
1.056101
1.475134
-0.423477
-0.919327
-0.109520
0.797680
-0.646641
0.047726
-0.302327
0.649299
-0.248153
0.188438
0.832182
-1.555031
0.341844
-0.757528
0.254294
-0.634647
0.840242
-0.354693
1.072819
-1.020079
0.656071
-0.830708
-0.098783
0.019156
0.802572
-0.180516
-0.001552
0.694909
-0.484071
0.559205
0.782548
0.281417
-0.476881
0.137234
0.830260
0.908580
-1.099246
0.907233
1.102145
0.734952
1.578687
-0.712577
0.150730
0.590055
1.158435
-0.144713
-0.707470
0.137426
0.600571
0.405443
0.495902
-0.710807
1.029865
-0.258686
-0.653684
-0.730054
-0.157310
-0.453978
-0.447324
-0.226191
0.992267
0.700448
-0.833427
0.151412
1.060141
0.525926
-1.085561
-0.653598
0.886445
0.867368
-0.570591
-0.527164
-0.101517
0.758913
0.590380
0.933248
0.477593
-0.805459
-0.706747
0.507603
-0.861114
-0.248220
0.034852
0.343735
0.167774
-0.845903
-2.061145
0.596712
0.917115
1.309190
-0.518624
-0.109623
1.980017
-0.242425
0.392845
0.263173
0.716079
-1.384942
-0.286614
-0.505484
0.098200
-0.849932
0.533282
-0.433501
0.231116
0.917902
-0.484281
2.070774
0.634420
-1.733454
0.142055
1.130905
0.388698
0.378655
0.490251
-0.314545
-0.620014
1.235564
0.324677
0.687544
-0.902096
-1.130193
-1.655463
-0.545488
-1.128233
0.338039
-0.039394
-0.060204
1.076935
-0.099930
0.642192
-0.478837
-0.363148
0.120007
-0.576538
0.876070
-0.920655
-0.394843
-0.859382
0.965499
1.096181
-0.282857
-0.157474
0.193249
0.447989
-0.616606
0.935270
0.139953
-1.307177
0.253521
0.713443
1.240085
0.580263
1.637841
-0.454706
0.643224
-0.071433
-0.130046
-0.993001
1.043081
1.168283
-0.399086
1.418639
-0.808132
-2.410464
0.813527
0.106450
1.829460
0.264067
0.286307
-0.290143
0.744525
-0.535430
-1.727469
-0.525726
-0.273037
0.328323
0.661025
-0.696379
0.383301
-0.368893
-0.232822
-1.237199
-0.373081
0.359856
0.849531
-1.016493
-0.408168
-0.454355
-0.386132
-0.288821
-0.147143
-0.932271
0.764364
-0.996734
-0.185912
-0.001668
0.202492
-0.331987
-0.511707
-0.487041
1.471148
0.506201
-0.734561
0.016562
-1.718482
0.494613
0.064032
0.586500
0.770513
1.178753
1.032824
0.184637
-0.691530
-1.145806
0.072916
-0.758942
-0.313377
-0.104275
0.710909
0.117537
0.185254
0.208971
-0.368258
-0.372445
-0.603581
0.931915
1.030249
0.173824
0.583452
0.212446
0.133768
0.687868
1.406406
-1.138349
1.213220
-0.702659
0.557175
-1.210131
0.375275
-0.071379
0.118427
-0.638619
-0.032137
-0.670482
1.213993
-1.021203
-0.239547
-0.064078
0.952335
0.241536
0.275004
0.845090
0.586087
1.025461
-0.169539
-0.741076
-0.396189
-0.914924
-0.781238
0.590588
-0.730654
-0.313627
-1.220883
-0.098397
-0.186733
0.207444
0.424418
0.447587
1.614011
-1.364061
-0.007330
0.159942
-1.309409
-1.236506
0.810432
-0.373840
0.448896
-0.076515
1.090048
-1.266100
-0.335579
0.729277
0.072477
-0.682729
-1.297316
-1.570636
-0.929999
0.963789
0.290744
0.390263
0.339522
0.400827
-0.291762
-0.009633
1.138179
-0.145012
1.078340
0.448005
-1.145440
-0.486369
-0.237863
0.585168
-0.016467
0.447561
0.270870
-0.870084
0.322768
0.252423
0.884810
-0.049361
-1.071580
0.805241
-1.059081
0.972881
-1.376228
0.287698
0.973282
-0.495177
0.414081
-0.439291
-0.300391
-0.429715
-1.122214
-1.097556
0.353398
0.135778
-1.108544
-0.532043
-1.934014
0.654015
0.070574
-0.429591
0.266681
1.106677
-0.531254
-1.595515
-1.199997
-1.050527
-0.686799
-0.622613
1.663480
-0.764623
-0.413137
1.150277
0.608505
-0.265167
1.062213
0.209178
0.666796
-1.879266
-0.776375
-0.871748
-0.869457
-0.728510
-1.009124
-0.274135
0.010008
2.016564
0.726683
-0.132053
0.266702
-0.399621
-0.162623
-0.144507
-1.131407
-0.723343
-0.753492
0.314040
-0.142464
0.530961
-0.265200
-0.018792
0.209397
-0.806810
-1.381019
0.097356
-0.696030
0.520312
1.621004
-1.724678
-0.053756
-0.356427
-0.014926
0.912782
0.859869
-0.229044
-0.184102
0.250239
-0.607302
-1.179713
0.584190
1.277477
0.787560
1.019422
0.604931
0.964645
0.011237
0.564883
0.589690
1.309261
-0.546301
-1.237414
0.725496
-0.093104
0.316895
-0.512600
1.076477
-0.087386
-0.637788
0.051903
-0.692532
-0.618416
-0.569696
-0.235522
0.091380
-0.506699
0.050888
1.052837
-1.373121
-1.805998
-0.019580
0.252966
1.433114
-1.487323
1.540040
-0.209125
0.322846
-0.319358
-0.570221
0.272628
-0.913975
1.270623
0.561047
0.736323
0.114777
-0.042827
0.459133
0.592267
-1.131609
-0.328086
0.185363
-1.065516
-0.530721
1.018659
1.704862
-1.277934
1.214518
0.748216
-0.082514
-0.611618
-1.333454
-0.169676
-0.615941
0.722119
-0.461287
-0.372421
-0.397712
-1.343108
-1.126251
0.480328
-0.807688
0.004725
0.380794
-1.013481
-0.072404
1.107069
0.618053
-0.192258
-0.272535
2.012166
1.001185
-0.631437
-0.697145
-0.227188
-0.383034
-0.311799
0.112946
0.091792
-1.317329
-1.538712
0.002236
0.167905
-0.304777
-1.132645
-1.021677
0.558268
0.752550
-0.400276
0.050583
0.324350
0.180381
-0.506693
-0.124281
0.691334
0.438033
-0.612532
-0.064849
-0.000326
0.137032
-0.825924
-0.568326
0.043287
-0.560208
-0.181811
0.724481
0.090114
0.039731
-0.497564
-0.653141
-1.252500
-0.909142
0.261010
0.872202
0.760282
0.232168
1.174211
-0.423612
-0.415715
1.118085
-2.201265
0.090875
-0.417611
1.157286
-0.774587
-0.285271
-0.003505
-0.273599
-0.982108
-1.094227
0.760826
0.700823
-0.948582
0.371327
-0.369948
-0.301901
1.353394
-0.379743
1.104980
1.508517
0.742650
-0.800307
-0.222201
-1.378098
-0.304664
-0.878879
1.145277
-0.603537
-0.886388
-0.618969
0.205632
-0.817212
0.497866
-0.840674
0.601668
1.201033
0.377896
0.930241
-0.704236
-0.406474
0.267565
0.145729
0.516406
0.364632
0.646345
-1.965577
-0.496853
0.450700
-0.286215
1.048637
0.948067
-0.619951
0.046805
-0.738007
1.481250
1.267638
-0.155317
0.965220
-0.013736
-1.005731
-0.827936
0.463205
0.829843
0.415330
0.045182
1.583406
0.228641
-0.921790
0.756238
0.378261
0.829877
-0.065025
-0.938173
-0.142350
-0.475398
0.116090
-0.009855
0.552585
0.438569
-0.022113
-1.490531
1.049420
1.129138
-0.801404
0.158578
-0.549562
0.043180
-0.368895
0.150475
0.258187
0.395131
0.101638
-0.913620
-0.333023
0.310348
-1.672504
1.321877
-1.276324
-1.203735
0.722271
0.035171
0.332753
0.442135
-0.704613
0.061714
0.487868
0.345172
-0.306596
0.028761
-0.740022
-0.285496
-0.442053
-0.696295
-0.412638
0.659257
-0.880069
0.223866
-0.473576
-0.102867
0.541213
0.846496
1.000510
1.034649
0.716881
1.261145
0.220239
0.475522
0.318173
0.065324
0.366554
0.403528
-1.520475
1.058852
-1.003194
0.165807
0.149754
0.691417
0.796347
-0.709765
-0.361963
-0.907618
-1.213336
0.538432
1.076780
1.034682
-0.444666
-0.865330
-1.591719
0.068868
-0.192773
-1.262437
1.459044
0.690692
0.644346
0.697742
-1.464136
0.440574
-0.309174
1.392423
0.222955
0.234851
0.142550
0.416465
0.258870
-0.184658
1.038818
0.300060
1.175047
-1.137205
0.205844
0.165811
-0.943182
0.247329
0.059097
-0.318382
0.641176
0.435655
0.270981
-0.341883
0.407111
0.749422
-0.321503
-0.333226
-0.465896
0.113866
0.194052
1.403636
-0.184111
0.831659
0.781690
-0.278335
-0.015363
1.044610
0.998955
0.477533
0.595234
-0.559760
0.059483
-0.037442
0.466988
-1.886081
0.498679
-0.038431
-0.705743
-1.584449
-0.435445
-1.275269
0.130108
-0.474529
0.793181
0.266626
0.179908
-0.203789
1.185635
0.340890
0.001533
0.967180
0.041394
0.525889
0.073013
-1.240941
0.125639
-0.286563
1.156710
0.812092
-0.343666
-0.184333
0.368151
0.867015
0.730223
1.236984
-1.012563
-1.355035
0.271103
0.053912
0.199493
-0.258655
-0.105421
0.415312
-0.367417
0.424385
1.033763
0.257416
-1.028401
-1.189533
0.235647
0.943511
-0.441555
-0.451193
0.359643
0.554951
-0.598115
0.258933
0.792372
-0.293538
-0.424144
-0.026620
0.255583
0.157336
1.022947
0.743866
-0.801314
-0.586684
-0.838830
-0.031151
0.266353
0.357988
-0.009126
0.203534
0.360810
-0.291256
1.388359
0.044573
-0.143022
-0.879260
0.021441
-0.407174
0.932099
0.533396
0.508082
0.423033
-0.213161
-0.759234
0.402855
-0.370401
-2.209583
1.588492
1.003277
0.023263
-0.500902
-0.567633
-1.884464
0.534163
-0.854174
-0.458799
1.167761
0.504360
-0.246608
-0.444680
0.751501
0.403923
0.265267
-1.402480
-0.649603
-0.174659
-0.114135
0.193650
0.254259
0.183107
1.573996
0.598055
-0.110444
0.693944
0.528710
-0.481877
-0.266830
-1.052731
0.325351
0.194401
-0.550658
0.584788
0.439812
0.370489
0.170423
-0.079909
-0.382291
0.942273
1.274897
-0.113960
-1.903067
0.959176
-0.560529
0.428065
0.001622
-0.388690
0.095156
-0.192519
0.556797
-0.241979
0.813351
-1.522241
1.030502
-0.549912
-0.406866
-0.711953
-0.445976
0.477424
0.161998
0.423877
0.364616
-0.359720
0.749756
-0.879361
0.365711
0.255102
0.311389
-0.781299
1.039912
2.301938
0.443123
0.167152
1.443195
1.065214
-0.642729
-1.522061
-0.452919
-0.139297
-0.307278
1.070951
-2.077642
-0.116145
-0.693272
-0.655670
0.318865
-0.823991
-0.396818
0.225631
-0.698557
0.368945
0.628583
-0.981996
0.018057
0.137607
0.190273
-1.045935
-1.105024
0.704299
0.101442
-0.745873
1.095380
0.416709
-0.473326
0.177733
-0.664186
0.446854
-1.079950
0.347545
-1.431190
-0.426512
0.038465
-0.459844
0.999632
-0.201065
0.135728
0.375585
-0.452370
0.708735
0.074276
-1.189327
0.023958
-0.433942
0.340819
0.424305
0.068508
0.193325
-1.006472
1.168248
-0.030162
0.061352
0.495688
0.946739
-0.314543
0.380200
0.342408
0.187110
-0.930831
0.349861
0.027458
-0.187266
-0.008370
0.741044
2.091398
0.365713
-0.118591
0.454490
-0.161196
0.175513
0.937698
-0.730197
-1.368532
1.001501
0.910564
1.315006
-0.499920
-0.938859
-1.065858
-0.602216
1.414702
-1.011826
0.048264
2.145271
-0.136093
0.357425
-0.452964
-0.539227
0.290205
0.351057
-0.587464
0.136393
-0.283862
0.027731
0.599478
0.243552
-0.114687
-0.567805
0.251545
-0.575707
-1.319338
0.219015
-0.565741
0.465646
-0.421887
0.480274
-0.417515
-0.022679
0.346282
-0.565813
-0.094565
-0.626589
-0.163659
0.830316
-0.127177
0.869707
-0.421392
0.568302
0.488829
-0.592349
-1.417595
0.350174
0.040773
-0.042499
-0.165564
-0.147928
0.342784
-0.048730
-0.332993
0.130138
-1.010857
-0.298227
-0.412954
0.184325
-0.513883
0.222644
0.908451
-1.127283
-0.473633
-0.438285
-0.352511
1.399357
0.100021
0.291090
1.188033
0.877516
1.061411
0.145301
0.368873
1.131495
-0.289697
0.649989
-0.293300
0.130792
-0.782788
-0.380098
1.027876
-1.487401
0.053744
0.194122
-1.445473
0.758406
0.985730
-0.492844
0.124989
-0.566535
0.651023
0.922575
-0.287162
0.115395
0.270810
-0.453223
1.293763
0.275279
0.084098
-1.196752
-0.646181
0.547910
-0.603772
-1.988405
-0.067473
0.082341
-0.472367
-0.968056
0.180417
-0.125277
0.308351
-0.529803
-0.636902
-0.347366
-0.108539
-0.147298
0.167845
1.240518
0.379379
0.155246
0.030756
-0.463981
-0.261795
-0.282014
0.191348
0.537426
-0.126578
0.139530
-0.209062
-1.201471
-0.630736
0.769322
-0.842920
0.229827
0.102895
-1.515105
0.776832
0.573153
0.323479
-0.042552
-1.020095
-0.530570
0.278609
1.523967
0.104000
-0.092459
0.207593
-0.196957
0.109904
1.591513
-0.490915
-0.353434
0.484698
0.323126
0.474145
0.011543
0.588109
0.219533
-0.621921
-0.212766
0.877869
0.616481
1.014244
0.213750
-0.448833
-0.451469
-0.546082
-0.073665
-0.846908
-0.273696
1.009017
0.434350
0.414939
-1.599270
0.163965
0.601859
-0.896996
-0.090159
1.081517
1.497642
-1.000618
-0.196443
-1.690086
0.623553
-0.826534
0.031822
0.842445
0.216963
-1.637899
-0.425421
0.817471
0.283258
0.545323
0.056349
0.520167
0.430034
-0.984861
1.167588
0.602008
0.141122
0.579541
-0.144324
0.180205
1.511054
-0.463994
-0.047973
-0.222142
1.188716
-0.504617
0.097468
0.158091
0.079985
-0.439098
-1.468375
0.351055
-0.217762
-0.672268
0.884839
-0.569377
-0.446880
0.448972
0.366167
-0.150428
-0.857431
-0.099144
0.198473
-0.549559
0.042558
-1.193374
-0.074514
0.071418
-0.569163
0.175430
-0.156271
-1.203177
-0.622864
-1.097354
0.399033
0.209937
1.089420
-0.625379
-0.268301
0.264870
0.318462
1.172403
0.322444
0.091559
0.566293
-0.167776
-0.449205
-1.250494
0.523770
-0.881868
0.464840
1.223651
0.544118
0.462558
0.366013
-0.456490
-1.051785
0.202887
0.962307
0.594990
0.752449
-1.352573
0.822837
-0.117652
0.636127
-0.427333
-0.626362
0.108718
0.280920
-0.095859
0.405828
0.147052
0.449305
-1.276948
-0.546424
-0.585174
-0.177816
0.494014
0.035390
1.019774
0.413853
-0.777285
0.818893
-0.969916
-0.235927
-0.374401
0.077925
-0.310344
-0.457019
0.540918
-0.006201
-0.639988
-0.428044
-0.209528
-1.130201
0.624553
-1.074832
0.439323
1.309619
0.490574
-0.050887
0.154975
0.949517
0.089049
-0.726747
0.931383
0.793617
-1.495890
0.018195
0.040408
0.286921
-0.274874
-1.084408
-1.470552
-0.417625
0.268774
-0.558351
-0.007525
-0.132295
1.603054
0.328944
-0.649197
-1.183037
0.931686
-0.354582
1.514761
1.335713
1.122774
0.034970
0.307354
1.354162
-0.385451
1.855108
-0.490557
0.068177
-0.875998
-0.293518
0.393518
0.804404
0.337153
-0.609795
0.375276
-0.289018
-0.113937
0.496575
0.047750
-0.620976
-1.573076
-0.657456
0.369597
-0.165143
-0.743952
1.428405
1.009598
0.519996
0.364869
-1.790285
-0.756961
0.962954
-0.420574
-1.045527
-0.989087
0.259075
-0.228907
-1.397365
-0.564985
1.528836
-0.010584
0.341559
-0.053518
0.219210
0.991208
1.234853
-0.786483
1.135126
1.129268
0.421586
-1.222097
-0.687066
-0.573797
-0.767859
0.448424
-0.241025
0.906756
-0.813000
-0.364678
0.682229
-0.812766
0.486263
0.493219
-0.415837
0.399117
-1.079295
-0.615073
0.190256
-0.478555
-1.200526
0.180588
-0.432294
0.982736
-0.081196
0.798808
-1.400322
0.747209
0.563007
-0.144180
-0.469132
0.060043
-0.526077
0.556132
0.501030
1.231979
-0.874542
-0.289697
1.041669
-0.982744
-0.003841
0.875696
0.077563
0.000355
-0.442831
0.821453
0.182229
-0.878827
0.058147
-0.397493
-0.287997
-0.689468
0.077320
-0.761905
-0.800960
0.174243
-0.109527
-0.068877
-0.240407
-1.092492
0.580861
-0.196694
0.024931
-0.772207
-1.730749
-0.615045
0.671316
0.307014
-0.821970
0.384974
0.808527
-0.309112
1.006938
-0.413463
0.846225
-0.155799
-0.385850
-0.374032
0.739674
-1.329094
-0.451275
0.720726
0.575677
0.929157
0.741862
-0.687060
-0.051449
0.569880
0.241973
-1.328771
0.075765
1.044558
0.200578
0.325723
0.546199
-0.365996
-1.693704
1.177005
0.409957
0.359086
1.634401
0.220897
-0.215183
-0.798350
0.309085
-0.581650
-0.659970
2.036772
1.137886
1.026518
0.848841
0.306594
0.947749
1.098347
0.742153
0.066372
-0.015654
-0.898718
0.349304
0.028355
-1.278725
0.497443
-0.403081
0.729108
0.732495
1.152310
-0.385385
1.091862
-0.750606
-0.862492
-0.757754
0.802132
0.077070
-0.145652
-0.822128
2.407281
0.507824
-0.148014
-0.412724
0.675838
0.560429
0.303935
-0.711180
-0.411532
0.775794
-0.186595
-1.683975
-0.326341
0.647082
-0.506185
-1.172313
-0.440127
0.029103
1.426423
-0.562567
-0.063902
-1.310343
0.113792
0.078769
0.060547
-0.209949
0.599048
0.251374
0.305411
-0.584347
0.285764
0.597668
0.192774
1.035961
1.200578
0.672898
0.564933
-1.322081
0.017133
-0.287472
0.156706
-0.659513
-0.764318
-1.081378
-0.558375
-0.700585
0.696893
-1.299679
-0.190066
0.241809
-0.831734
-0.613840
-0.910457
0.589959
0.355515
0.131067
0.176172
-0.193574
-1.385589
-0.959784
-0.728099
0.577179
-0.317002
0.349962
0.772318
1.347961
0.102410
-0.829338
-0.408886
-0.352863
-0.224045
-2.116922
1.076217
-1.121120
-0.075731
-1.201200
-0.942515
-0.064728
0.884875
-0.525539
-0.176287
-0.015223
-0.077687
0.644126
-0.220820
1.377468
0.531190
0.245547
0.900179
0.912708
0.455622
0.302784
0.465667
0.997036
-1.017095
-1.576099
1.211961
-0.931159
0.877386
0.207172
0.328878
-0.617256
0.473869
0.439312
0.218620
0.545611
0.325591
0.248417
-0.267991
0.022937
0.576467
-0.366540
-1.092865
0.315938
1.203726
0.725650
0.031108
1.000435
0.259353
-1.487684
-0.489702
-1.534145
1.683597
0.146533
0.580493
0.517824
0.153761
0.106626
-0.210249
-0.064582
-0.209700
1.505286
0.139752
-0.438860
-0.538811
-0.280586
-0.395102
0.306854
0.241594
0.697515
0.384592
-0.761478
0.774908
-0.147949
0.713190
-0.626509
-0.981175
2.301862
0.544427
-1.054858
-0.359972
0.182846
0.026125
-0.548913
-1.350665
0.091787
0.478926
-1.448358
0.193607
-0.391393
1.072757
-1.402193
0.191566
0.172103
-0.649060
-0.033317
0.159213
0.597884
-0.755452
0.741989
-0.341281
-0.152144
-0.791294
1.066601
-0.861166
-0.707752
-0.599121
-0.639891
0.396262
0.751419
-0.291201
1.124461
0.561237
-1.434869
-0.746806
-0.451833
-0.358191
-1.728933
0.717666
-0.099081
0.916835
-0.320651
0.435372
0.734919
0.512028
0.251119
0.075973
-0.297480
-1.325697
1.768054
-0.934366
-0.324000
0.351383
0.338863
-0.697935
-0.369201
0.284115
1.112474
0.519753
-1.121356
0.157483
-1.222086
-0.556047
-0.811420
-0.183138
0.756991
0.794239
0.470621
-0.364722
-0.580589
0.173579
-0.354103
0.155426
-0.906068
-0.360716
-0.190355
0.053046
-0.085238
-0.070837
0.791990
0.283037
-0.267077
1.141705
-0.430453
0.707815
-0.078674
-0.353921
0.114986
-0.586854
-0.024030
-1.578596
0.159927
0.007346
0.381453
0.999539
0.177157
-0.389833
0.701169
-0.425729
1.104843
-0.200183
-1.715666
0.229662
0.557064
-0.275488
0.614111
0.985629
-0.928481
-1.110836
0.329006
0.413108
1.624909
-0.595048
