-0.184798
-0.449840
-0.858166
-0.051942
1.192950
-0.145317
-0.744464
0.246968
1.347397
-0.573935
0.890777
-0.591761
-0.142482
-0.904694
0.100966
-0.386326
-0.659428
-0.720866
-0.359787
-0.606781
0.532890
-0.629813
0.338887
-0.664845
0.703402
-0.008162
0.029559
-0.766635
0.678628
0.105211
-1.750533
-0.613360
0.264338
-0.426989
0.922441
1.556979
-0.348549
-0.258496
1.352164
-0.176280
-0.003853
-0.870959
-0.739512
0.005456
0.434707
-0.032457
0.585841
-0.136233
0.979834
0.665836
0.734361
-0.906829
1.441096
-0.411487
-0.501974
0.613520
-0.705873
-0.545427
0.906616
-0.005150
0.533902
-0.592392
0.897915
-0.175200
-0.731510
1.158408
0.416243
0.973031
-0.098241
-0.613898
0.571607
0.293133
-0.046960
-0.811463
-0.578286
-1.787676
-0.083058
-0.584024
1.009511
0.267272
0.528759
0.158475
1.000835
-1.252887
-0.391880
0.511302
-0.949187
0.654719
-0.294998
0.336961
0.254138
1.480198
-0.544526
1.428491
-0.987391
0.142708
-0.586577
-0.368682
-0.036226
-1.229910
0.808937
-0.510728
1.725433
0.299075
0.831607
-0.822654
0.727860
-0.824339
-1.034918
0.279441
-0.895143
0.191743
0.400647
-0.468410
0.278127
0.643314
-0.946934
-1.323961
-0.310552
-0.681144
-0.616507
0.484698
0.168752
-0.778137
0.065458
-0.923093
-0.603079
0.803874
1.101623
0.177396
0.305192
-0.685420
-0.074679
0.055906
-0.029453
-0.053835
-0.024274
-0.123684
-1.100845
0.569878
-0.228342
-0.707634
-1.386634
-1.056745
1.199091
-1.247984
0.052881
-0.303033
-0.197258
-0.751212
0.648093
0.564675
0.057489
0.563973
0.303199
0.108783
-0.633155
-0.721438
0.571936
0.146154
-0.858540
-0.588608
-1.977743
0.147365
-0.121149
0.514614
-0.901082
0.345454
-0.376395
0.849829
0.689144
0.580482
-0.855758
0.490107
0.022224
-0.370091
-0.794256
-0.151458
0.558932
0.295863
-0.519384
-0.492346
0.069894
0.785998
0.326166
-0.225467
0.605224
0.046367
-0.068826
0.013643
0.265271
-1.588689
-0.228679
0.694360
-0.666890
-0.965526
0.895052
0.795438
-0.600895
-0.146114
0.316950
0.087814
-0.818767
1.076898
-0.286431
-0.749773
0.791264
-0.098354
0.665845
0.375455
-0.252807
0.651566
-0.727067
-0.507232
-0.234301
-0.142884
1.424988
0.924599
0.403417
0.478071
-1.385082
0.497827
0.614753
0.707410
1.014754
-0.039925
-0.285333
0.415993
-0.240178
-0.847143
0.872983
-0.042718
-0.213155
0.738361
0.051528
0.427161
0.442979
0.418461
-0.589638
0.450895
-0.514187
0.005911
-0.037919
0.486738
0.817891
0.050393
-0.671078
-1.553341
-0.061796
1.096153
-0.371537
-0.248459
1.038361
-0.382505
0.310729
-0.991187
-0.182916
-0.134017
0.072461
0.077159
1.224850
0.456918
0.010260
-0.873519
0.144135
-1.374841
-1.103437
0.628283
-0.330450
0.453639
-0.592113
0.119599
0.000694
0.285378
-0.475819
0.296131
-0.019204
-0.187389
1.133936
0.575101
-0.189803
0.597890
0.075239
-0.429395
-0.352979
-1.018901
0.525942
1.148450
-0.245105
-2.253097
-0.996756
-0.250832
-0.087687
-0.324469
0.977613
-0.100342
-0.186955
-0.280005
-0.715785
0.256077
-0.958846
-1.371750
0.787206
-0.603715
-0.251840
-1.338515
1.053312
0.325436
0.939304
-0.480994
0.483499
0.381959
0.506460
0.083807
-0.005195
-0.858657
-0.754631
0.664901
0.465849
-0.988807
-0.407016
1.045274
-0.791688
-1.013664
-0.577847
0.332213
0.017635
0.730813
0.025764
-0.651143
0.517770
0.146170
0.747159
0.899610
0.984041
0.215099
-0.515040
-0.630453
0.622850
0.454151
-0.818832
-0.010021
-0.251776
-0.382338
0.540811
-0.231270
1.061124
0.487115
0.353508
-0.694623
0.459046
-1.425770
1.151440
0.513636
-0.101845
0.184909
0.423326
1.258169
-1.351722
-0.803986
-0.606382
-0.510300
0.088887
-0.459610
0.148247
0.192541
-0.387959
-0.456292
-0.511071
0.998434
0.544410
-0.364955
-0.812745
-0.636996
0.994433
1.220923
0.325502
0.357731
-0.326702
0.155239
-0.001589
-1.128594
1.579975
-1.185089
0.087911
0.532479
-0.019342
0.410854
0.284151
0.851866
-0.098032
-0.201498
-0.058362
0.268208
-0.052723
-1.190411
-0.216149
1.034000
1.826091
-0.384325
-0.616897
-0.374612
1.253161
0.968385
-1.431399
0.045809
0.646201
0.384269
0.654997
0.376162
0.808558
0.667029
-1.089947
-0.592663
-0.226639
0.707202
-0.070988
-1.359710
0.272382
-0.557877
0.126694
-0.253192
1.217988
-0.891653
-0.781252
-0.110625
1.119602
0.018234
-0.701050
0.314304
-0.212081
0.600823
0.264428
1.284385
-0.516054
-0.162174
0.112625
0.243441
0.285550
1.441653
-1.305210
-0.535431
-0.488073
0.238228
0.032440
0.024163
0.249517
0.611445
0.222922
0.115558
0.012640
0.312306
-0.859975
-0.365125
0.711213
-0.266172
0.316895
0.706699
0.526593
0.476743
0.154220
-0.758084
-0.036177
0.163950
0.154640
-0.108237
-0.631774
0.431583
-0.572276
1.178580
-0.992834
0.647917
-0.110938
-0.831184
-0.572221
-0.081181
0.978717
0.915349
0.829201
-0.030197
0.397423
-1.479264
0.285322
-0.316661
-0.484964
0.261383
0.634901
0.773341
-0.240904
-0.146542
0.820108
0.128504
0.014370
0.453151
0.502034
-0.600681
0.302160
-0.838963
-0.600704
1.576475
-0.380829
0.201242
0.908440
-0.654899
0.740122
0.420989
-1.232304
-1.686176
-0.926739
-0.703134
-0.005144
-0.064156
0.001727
1.122035
1.499535
-0.369099
0.399851
-0.593833
-0.072971
-0.060277
0.093990
0.812807
0.937971
0.699572
-0.189560
0.695013
-0.458909
-0.438423
-0.372709
0.775166
-0.349223
1.397971
-0.194981
0.530782
0.724033
-0.517757
0.284888
0.004686
-1.166441
-0.406120
-0.603492
0.618886
0.040410
-0.505211
0.183295
1.104140
-0.648253
0.407636
0.645760
0.931030
0.163339
0.531233
0.622654
-0.746046
-0.466745
0.047486
-0.563960
-0.619584
0.120499
0.664214
-0.135391
1.285212
-0.934512
0.482387
0.616345
-0.393613
0.314250
-0.352289
-1.055509
-0.751464
0.328781
-0.221783
-0.270832
-0.972739
0.943644
0.130066
-1.032414
-0.486108
0.378167
-0.111492
-0.382202
0.830176
-0.420296
-0.983642
0.177512
0.550297
0.605304
-0.587580
0.484931
-0.229029
0.835364
-0.507259
-0.052882
1.181779
0.629448
0.447958
0.155724
-0.679888
0.774775
-0.235815
0.247011
-0.563398
0.637601
-1.231145
1.080190
0.908904
-0.019701
0.529043
0.543584
0.596107
-0.652502
0.328210
0.661952
-0.097444
-0.658154
0.266702
-0.649744
0.108913
0.210270
-0.278683
-0.798354
0.767468
-0.262548
-0.358634
0.247444
0.360923
-0.126743
0.954159
-1.941954
0.087739
-0.493278
0.770525
0.038296
0.430645
-1.550891
0.453201
-1.664247
-0.304003
-0.995796
-0.024195
-0.136691
-0.879780
0.119778
-0.287041
0.029512
0.263212
-0.604860
-1.536969
0.243559
-0.056230
-0.391130
0.029798
0.337369
1.148726
-0.096223
-0.012968
-0.022428
-0.575386
0.628245
0.274353
-0.025016
0.481782
0.714466
0.345259
-1.113883
0.486625
-0.416238
0.378153
0.255045
-0.221477
1.021516
-0.113401
-0.628650
0.159030
-0.918382
1.237530
0.304070
-0.261612
0.734401
0.251122
-1.278251
0.105120
-1.203673
0.484095
-0.387671
0.117572
0.781284
0.512607
-0.104943
-0.086108
0.030103
-1.200272
0.570866
0.485668
-0.427818
0.365399
0.394081
-0.971575
0.505554
1.005926
-0.089093
-1.570118
-0.679648
0.420598
-0.081636
-0.821401
-0.317898
-0.228836
0.422333
-0.175594
-0.437787
-0.997362
1.506628
-0.514170
-0.294603
0.396401
0.366117
-0.254338
0.910769
0.214952
0.447006
0.693054
-1.943909
-0.795479
-0.662910
-0.162901
0.116279
0.495221
-0.350631
0.535455
0.133660
-1.066205
-0.306713
-0.486733
-0.974350
0.150042
0.142651
0.365160
0.215922
-1.125091
-0.488042
-1.215222
-0.335658
0.698624
-0.606918
0.102281
-0.505614
-0.118163
0.390792
-0.343627
0.699755
-0.738834
-1.097898
-0.356693
0.182051
-1.272612
-0.536860
-0.668331
-1.390932
-0.818178
-0.692347
0.611131
-0.303396
-0.401389
0.476236
-1.508861
1.266656
0.644261
0.268827
-0.006406
-0.855986
0.893891
0.269046
-0.166941
-0.063758
0.144592
-0.792361
-0.155015
0.610021
0.592437
0.946226
1.430636
0.002164
0.051365
-0.329083
-0.380043
0.296110
1.007247
-0.499883
-0.024117
1.935305
-0.992885
-0.030095
0.125988
-0.319167
1.229656
0.436721
0.053474
0.468854
-0.163540
1.193292
0.331047
-0.418623
-1.093848
0.947188
-0.046333
1.064939
-0.261818
-0.117565
-0.897185
1.643856
0.843741
0.506929
-0.469959
-0.951517
0.016033
0.158836
0.744447
-0.305200
-0.169831
-0.521689
-0.167539
-0.698958
0.845787
0.168245
-0.406901
-0.259535
-0.231140
-1.243875
0.097885
1.145011
-0.144000
-0.366480
0.117347
0.017732
-0.497927
-1.439469
0.855043
-0.727219
0.378435
-0.653990
-0.720653
0.230222
0.181831
-0.222762
-0.266024
-0.402023
0.858543
0.257732
-0.170364
-0.470379
0.300601
0.356333
-0.263538
-0.788490
-1.618609
0.207073
-0.036302
-0.382975
-0.433605
0.000406
0.123500
-0.532756
-0.337761
0.757103
-1.316253
0.065713
-0.975210
-0.180774
-1.326173
-0.185961
-0.803854
-0.226125
0.254912
0.587414
0.119669
0.308981
0.071561
-0.143122
0.526402
0.174610
0.705491
0.990489
0.013123
0.639980
0.901383
1.018924
0.665147
1.198906
0.317397
-0.306133
0.607279
-0.448206
0.241611
-0.544020
0.317175
-0.802791
-1.328848
0.260147
-0.201278
0.186860
-1.318782
-0.494018
0.453211
-0.222442
-0.434288
0.185986
-0.447650
0.582408
-0.998317
-0.898188
0.922342
-0.517014
0.301849
0.672878
0.724023
-0.499920
0.042824
-0.361140
-0.105760
-0.383897
-0.292665
-0.606436
0.155680
-0.325232
0.073541
-0.489812
1.162175
0.654229
-0.232131
-0.389054
-0.535423
1.120744
-0.947049
-0.295897
0.291555
-0.304023
-0.535291
0.139854
0.780016
0.964233
0.690346
1.240094
-0.146373
-0.755824
-0.342504
0.809283
-0.195912
-0.155348
-1.172513
1.069746
-0.507016
-0.039389
0.269281
-1.086459
0.001865
-0.305151
-0.823387
-0.455088
0.713288
-0.587625
-1.030845
0.554355
-0.775617
1.295010
-0.514964
0.004684
-0.743675
1.376616
0.009833
0.327657
0.121067
-0.357457
-0.685158
0.017178
1.217495
0.073050
0.015941
-0.655448
0.413309
0.131800
1.315990
-0.791541
0.016032
0.867463
-0.359327
-0.661573
0.546251
0.015135
-0.010498
-0.205113
-0.221801
0.132503
0.041904
0.592755
0.027527
0.058139
0.685016
-0.001173
0.599740
-0.003188
0.170176
-0.298822
0.086820
-0.447715
0.331267
0.060932
-0.099179
-0.493334
-0.058723
-0.145892
0.240217
-0.060276
0.163746
-1.127526
-0.407495
-0.151075
-1.186122
-1.145978
-0.458155
-0.284998
0.280181
0.892649
-0.562306
-0.282414
-0.052471
-0.845052
-0.104400
0.470846
0.391288
0.913085
-0.114204
-0.164797
-0.176497
-0.250021
-0.228170
0.427811
0.052395
0.353861
0.012586
-0.468081
0.613293
-0.034740
-1.618346
-0.545530
0.484645
-0.098706
1.510209
-0.391347
-0.093992
1.185791
-0.045373
0.566231
-0.084704
0.363203
-0.524513
0.753685
0.485699
-1.367624
0.016781
-0.213779
-0.768620
0.670004
0.699609
-0.415287
1.107205
-0.249950
-0.190571
0.231688
-0.498759
-0.668548
0.270593
-0.208295
-0.095788
0.194986
-0.261167
0.405697
-0.856644
1.247729
-0.131233
1.210330
0.761018
0.199949
1.092524
-0.183366
-0.402914
-0.609503
0.219259
-0.466806
-1.606282
-0.482257
-0.501862
-0.054192
-0.933911
0.191568
0.026853
-0.233330
-0.343476
-1.001352
0.801791
0.973568
-0.864187
-0.475039
-0.607415
-0.274470
0.531267
-0.755876
1.319031
0.097298
-0.275230
-0.283358
-0.211688
0.502261
0.043209
0.162805
-0.099523
-0.036393
-0.023377
0.669386
0.888921
0.753572
0.236369
-1.068459
0.907783
0.726384
0.302156
0.426779
-0.783511
-0.407127
0.702707
-0.101708
0.209106
0.075107
0.329147
-0.498702
-0.195593
-0.998478
0.010398
-0.891274
-1.211648
0.436786
-0.163494
0.320233
-0.238136
-0.002368
-1.066873
-0.602647
0.275072
0.162414
-0.772183
-0.896083
0.867231
-0.919949
0.015501
-0.660262
-0.473688
-1.043874
-0.757015
-0.471994
-1.687929
0.960119
-0.459052
-0.115907
1.038198
0.273515
1.044991
-0.474209
-0.151290
-0.075900
0.917510
0.587485
0.048279
-0.424500
0.024141
-0.576649
-0.246597
0.040784
-0.371135
-1.429001
0.988423
-0.443335
-0.085413
-1.022290
-0.797636
0.337852
0.647540
0.099829
-0.500149
1.486563
-0.813803
1.079906
0.999424
-0.797847
0.254925
-1.249767
-0.293999
-0.371371
-0.021955
0.068913
1.994959
0.694328
-0.439323
0.165471
0.347998
0.202967
0.149489
1.710515
0.026830
-0.678058
0.521495
0.616553
-1.299186
0.225313
-0.374955
1.122937
0.420950
-0.184059
-0.826973
0.496388
-0.280165
-0.105057
-0.712291
0.643411
0.262102
0.846874
0.399781
0.051639
-0.463669
0.144146
-0.345006
-0.180755
0.812846
0.003169
1.238836
-0.609647
-0.342180
-0.036009
0.310120
0.264727
-0.489648
-0.579599
-1.283326
-0.055537
-0.077511
-0.846714
0.576992
1.205979
-1.329911
0.647513
-0.439763
-0.949248
-0.740887
0.221864
-0.292869
-0.033819
0.244334
0.297573
-1.406211
0.061335
0.403112
0.307658
-0.010498
1.212506
-0.446654
-1.094196
1.384122
-0.275016
0.328151
0.799668
-0.206784
-0.394471
0.877675
0.729455
0.331112
1.029371
-0.768425
-0.955196
0.727023
-0.642960
-0.824328
-0.728455
-1.378039
0.709786
0.686109
-0.896409
0.661578
-0.368040
0.096349
0.710448
-0.368678
-0.115354
0.425824
0.780654
-0.424740
0.318658
-1.712308
-0.727945
1.116257
-1.415358
-0.511033
-1.035561
0.855397
-0.240917
0.229153
0.801052
0.030529
-0.786951
0.772515
-0.259458
-0.554687
0.826908
0.393725
0.371163
0.750756
-0.566709
-0.859004
0.325982
0.015767
0.424268
0.448918
0.153430
-0.197933
-0.126261
0.071737
-0.650026
-0.386646
-0.225814
-1.310078
0.790462
-0.029677
-1.612731
0.064322
0.306137
-0.322351
-0.292930
0.551532
0.393237
-0.294129
0.658631
0.675125
0.618307
-0.862714
0.001187
-0.236297
0.166807
-0.214554
1.331886
1.436073
1.124182
-0.164971
-0.035075
1.040667
0.290446
-0.454157
-0.760124
1.080501
1.216575
-0.819016
-0.054426
-0.556757
-1.134111
0.932510
0.435970
-0.264047
0.535648
-1.301860
1.751129
0.573234
-1.163035
-0.491197
-0.240897
-0.135866
-1.589703
0.627037
-0.493403
0.622583
-0.591085
1.765278
0.589210
0.382150
-0.969820
-0.003080
-0.366211
0.426885
-0.512317
-0.162439
-0.582254
0.798819
1.237523
-0.099371
-1.411939
0.003528
0.361176
-0.347753
0.441810
0.120910
-0.368995
0.720918
1.055123
0.262406
0.633438
0.786031
1.185134
0.306181
-0.147120
-0.849082
0.341917
0.612225
-0.775561
-0.189066
-0.189165
0.665778
0.203494
-0.661610
-0.495085
0.463574
-0.631154
-0.100479
-1.130489
-0.453200
0.003496
-0.584273
-0.433055
1.479115
0.340205
1.232727
0.607205
-0.421847
0.168697
-0.198910
-0.235435
0.787922
-0.602224
-0.753560
-0.155150
-0.139875
-1.193441
0.939900
0.453979
-0.209850
0.056375
0.111526
-0.888913
0.587151
0.521829
0.656314
0.114328
-0.793890
0.959092
0.529186
0.073602
-1.599149
-1.049695
0.030614
-0.357174
-0.435875
-0.921911
-0.541913
-0.309715
0.193229
-1.293904
-0.071836
0.977572
0.526989
0.292052
0.639421
-0.246560
0.294877
0.432890
-0.624912
-1.247576
0.430192
0.291179
0.291327
0.943671
0.099924
0.235922
1.149762
0.856239
0.033213
0.731176
-1.183910
0.416268
-0.265291
0.674484
0.019165
0.347920
1.220148
0.735668
0.380218
-1.337961
-0.749248
0.570319
0.247796
-0.056244
-0.665033
-0.072692
0.022634
-1.089468
0.725807
-0.946652
0.217210
-0.698371
-0.236372
-0.363254
0.485473
0.149089
0.311909
-0.477273
0.669229
-0.444185
0.136902
-0.704445
-0.250731
0.252707
-0.341138
0.431859
0.380796
-0.358343
-0.160973
1.082320
-0.642627
0.285676
0.977006
2.506581
0.432459
0.156661
-0.905042
0.318057
-1.157329
0.955958
-1.474732
0.580029
-0.080445
0.857678
0.061682
-0.836836
0.007098
-1.561763
-0.152584
-0.930350
-2.290309
-0.554036
-1.910097
-2.580046
-0.567751
-1.513445
-0.504647
-0.825073
-0.933419
-0.440519
-0.506589
-0.263243
-0.992446
-0.886734
0.380365
-1.054930
-0.071149
-0.716795
-0.627880
-0.245006
1.918476
0.046424
0.662463
0.140978
0.686957
0.043685
1.711153
1.810106
1.575422
1.435518
2.109239
0.168558
1.885877
0.565968
1.407466
1.636080
2.290459
1.733867
0.839429
0.412451
1.082281
0.536335
0.764569
-0.145484
-0.208174
0.160170
-0.005741
-0.537274
-0.017830
-2.354848
-0.552799
0.200061
-1.154659
-0.973110
-0.252438
0.263479
-2.084997
-1.276232
-1.355707
-0.617722
-0.424835
-0.528439
-1.545545
-2.328084
-0.614304
0.000770
-0.048413
-0.328379
1.379402
0.506231
1.249779
0.725486
0.468253
-0.530315
-0.361617
0.681020
0.350759
-0.632981
-1.446622
-0.144854
-0.469177
0.749488
0.127447
0.556889
0.061959
0.018918
0.107882
0.087436
-0.275488
-1.222235
0.217444
-0.961857
0.821183
-0.284050
0.855932
-0.224847
0.971975
0.005044
0.857818
-0.463528
0.283166
-0.125093
0.537864
-0.363594
1.122149
0.629681
-0.859238
0.479537
0.285140
-0.071042
1.028855
1.866711
0.298844
-0.112378
0.441738
0.352239
0.258502
-0.115301
-0.179937
-0.326289
-0.901042
-1.087415
-0.675334
-0.060962
0.293887
-0.311460
0.162904
-0.768369
0.091941
-0.346792
-0.280567
-0.890124
0.932900
0.672621
0.410326
0.793528
0.949282
0.549335
0.592405
-0.023778
-0.576819
0.599397
0.521757
0.160655
0.782219
-0.761755
1.410085
0.546183
0.667189
-0.450353
-0.335058
-1.315391
0.544248
0.522874
0.000270
-0.175574
0.473019
-0.670939
0.650519
-0.382958
-0.234790
1.100925
-0.030289
1.216243
-0.490625
0.138127
-0.650729
-1.294056
0.468196
1.506179
0.437798
-0.497519
-0.603258
-0.929472
0.290989
-0.339283
-0.407974
-0.305457
-0.918837
0.038362
-0.180986
-0.312871
0.213370
0.462731
0.863906
-0.332951
-0.908731
-0.020254
0.178435
0.327068
0.250725
0.274468
1.063568
1.182583
2.012774
0.249277
0.313608
-0.237412
0.964710
-0.278906
-0.018177
-0.126532
-0.677606
1.416342
-0.131026
1.320704
-0.155460
-0.890571
0.752325
-1.056530
-1.142224
-1.120668
0.733827
-0.234930
-0.153307
0.049470
0.633600
-0.009113
-0.222739
-0.354373
0.148998
0.217133
0.788194
0.165154
-0.250022
0.739721
-0.303360
-0.041031
0.243289
0.838889
0.415493
-1.025400
-0.259927
-0.184579
0.249821
-0.120541
0.536225
-0.853084
0.627077
-0.951473
0.170732
0.355469
0.024506
0.136550
-0.345463
1.137150
-0.173559
0.814542
-0.464830
-0.132124
0.254942
-1.714353
0.413348
-0.088837
0.288457
0.438716
0.709812
0.781584
-0.276765
0.412504
0.265389
-0.132935
0.209532
-0.188185
0.181864
-0.135128
1.108277
-0.279052
0.602409
0.917171
-0.273007
0.411580
-0.998331
0.745219
-0.331231
1.633595
0.199153
-0.108943
0.475977
-0.073945
1.132688
-0.193891
0.557858
0.264007
1.064358
0.307906
0.218738
-0.546148
0.165933
-0.421362
0.892620
0.571255
-0.578083
-0.921410
-0.648132
0.010179
1.410971
0.865373
0.349986
-1.028729
0.404314
-0.032340
-0.340555
0.359638
0.865994
0.360870
-1.256690
-0.072933
0.326971
-0.974913
-0.737442
0.743366
-0.630500
-0.463219
-1.704676
0.099371
0.194041
0.406444
0.025806
-1.115797
-0.172785
-0.262101
0.071823
-0.678585
-0.534019
0.567459
-0.225950
0.495037
0.274399
0.784410
1.086578
0.471589
-0.043898
0.643960
0.646213
-0.109459
-0.441945
0.200443
-0.522231
-0.716978
0.224758
-0.594841
-0.155161
0.772800
0.960822
0.698612
-0.443746
0.353343
-0.007765
-0.103261
0.921227
1.402487
0.466521
0.057305
-0.695155
-0.019375
0.515574
1.678342
-0.185040
0.223096
-0.171633
0.169249
0.675637
-0.021468
0.430972
-0.838652
0.168429
0.463227
0.470144
0.264529
0.772073
0.044680
-0.509828
-0.094566
-0.442631
0.667502
1.318910
-0.131371
0.596045
-0.633138
0.236797
-0.430502
0.409912
-0.103731
-0.470052
0.740878
-0.310474
0.915481
0.198326
1.270443
-0.303799
0.298301
1.266208
-1.430251
0.416993
-1.579047
-0.158692
1.222499
0.845525
1.856995
1.840065
-0.369232
-0.001113
0.350962
0.147810
0.679077
0.312204
-0.317805
-1.374937
0.945839
0.912315
0.245365
0.244127
0.112640
-0.882301
-0.876773
-1.418968
-0.721008
-0.556815
-0.672687
-0.361516
0.553277
0.102114
1.214148
-0.422441
1.156782
-0.048742
-0.471897
-0.364154
0.701492
0.583789
0.056305
-0.472038
-0.426976
-0.146470
-0.638408
-0.593129
-0.660679
0.220811
-0.868531
-0.088093
0.331327
0.755797
0.480257
0.322464
-0.951070
0.044161
-0.503190
0.921670
-0.045248
1.082412
0.632255
0.849941
-0.956236
1.400590
-0.345359
0.650245
1.082052
-0.779789
-0.531194
0.180817
-0.026305
-0.808923
-0.060096
1.626555
-0.128521
-0.088489
-0.086071
-0.182690
-0.121865
-0.337496
-1.091797
0.425464
1.073639
0.357948
0.867846
0.872754
0.679680
0.055834
0.797076
0.890114
-0.014932
0.034318
0.404825
-0.629118
-0.496729
0.252516
0.097417
1.165470
0.623102
0.464659
0.305051
0.562753
0.789479
0.017393
0.210921
0.470764
-0.273998
-1.205767
-0.141405
-0.574933
-1.122643
0.014133
1.411418
-1.278715
0.553161
0.212825
-0.603394
0.395765
0.014139
0.052520
-0.663123
-1.199500
-0.116565
0.686261
0.419627
0.543479
1.138933
0.985647
0.089463
-0.542258
-0.024106
-0.327324
0.741166
0.042986
-0.018397
-0.068051
-0.398236
0.108696
-0.093222
-0.328623
0.135559
0.044913
-1.126301
-0.942001
-0.194137
-0.222015
-0.429609
-0.123677
0.208812
0.019994
0.619871
-0.272752
0.189383
-2.013212
0.960269
0.700653
-1.089422
0.799873
1.174308
-0.563335
-0.458603
0.694237
0.094533
0.966334
-0.535109
-0.092746
0.476983
0.900651
-0.913707
-0.842575
1.243361
-0.239219
0.566568
-0.239613
-1.151866
0.317564
-0.006448
0.182803
0.992399
-0.329139
0.626782
-0.983149
0.165478
0.245344
-0.811530
-0.969502
0.256400
1.066148
0.407512
-0.873137
1.158954
0.392524
-0.342558
-0.485421
0.326537
0.294271
0.145185
0.577569
-0.363820
-0.643720
-0.135715
-1.021441
-0.508226
0.440200
0.121328
0.538285
0.657483
-0.196294
-1.224826
-0.002299
1.183395
0.829893
1.529185
0.619791
-0.653458
0.985106
0.671960
1.208957
1.084561
0.258493
-0.284021
0.324865
0.463013
-0.805226
0.885341
0.466947
-0.039214
-0.755888
0.040803
1.659768
0.048319
0.385390
-0.941953
0.801972
-0.211133
-1.178148
0.059263
-0.417408
-0.475830
0.442130
-1.030886
0.220240
-0.370411
0.228331
0.249472
0.482419
-0.928825
-0.079485
-0.122104
-0.326612
-0.539072
0.695834
-0.361731
-1.188454
-0.013308
1.617261
-0.443056
-0.287863
-0.459285
0.955203
-0.824952
-0.380661
-0.708434
0.910352
0.238484
0.856780
-0.011570
0.575082
0.012026
-1.410553
-0.096202
0.336928
-0.129193
0.984382
-1.336276
-0.623749
-0.413536
-0.773970
0.389871
-0.747178
-0.846240
-1.247550
0.202360
1.298969
-0.044623
1.126624
-0.435865
-0.418376
-1.422678
0.552986
0.420424
0.313813
0.886616
0.371125
0.106522
0.385857
0.384473
-1.407424
-0.543588
0.757017
-0.143342
0.137103
-0.382590
0.270582
-0.268480
-0.939308
0.586277
-1.239963
-0.160646
-0.155893
-0.535343
0.552122
0.415615
-0.721601
0.403776
0.063044
0.188751
-0.556280
-1.256381
-0.168336
-0.100245
-0.688923
-0.415863
0.496193
0.635247
-0.650214
-0.387724
1.698547
-0.017103
0.875656
-0.260789
0.250503
0.654502
0.302881
0.038787
0.130366
1.459254
0.696161
1.215766
0.564830
0.913711
-0.201907
-0.377292
-1.325932
1.329880
-0.180126
0.021388
-1.319352
-1.148965
0.388019
-1.260596
-0.128536
-0.352306
0.545716
-1.013672
0.058191
1.548221
0.203490
-0.145550
0.270654
-0.357411
-0.303270
-0.772484
0.384090
-0.612364
0.303167
-0.159721
-1.152100
-1.004855
-0.778039
0.041317
-0.056493
1.446399
0.626133
0.104772
1.291431
-0.993142
-0.127466
0.723743
-0.421342
-0.438548
-0.030393
1.405051
0.610010
-0.650433
-0.084258
0.283216
-0.402980
-0.170022
0.634246
0.249439
0.048421
-0.696310
-0.213616
0.728731
0.351130
-0.173724
0.968876
-1.119312
0.130748
0.879965
1.125136
-0.278898
1.415005
-0.074456
-0.312005
-0.191269
-0.367903
0.560292
0.373411
-0.026824
1.132802
-0.743401
0.163312
1.212906
0.198487
0.468478
2.009925
0.539253
0.636511
-0.059296
0.352042
0.830852
0.046609
0.582814
1.802808
0.161206
-0.459819
-0.623766
1.254713
-0.516723
-0.390603
-0.164962
-0.668534
-0.464410
0.181439
-1.103698
-0.736585
-1.153213
-0.416810
-0.548405
1.355058
-0.988449
0.595338
-0.599814
0.069567
0.825755
0.462714
1.152133
-0.632799
-0.085368
-1.575637
-1.474322
0.178432
0.192210
-0.091832
0.307857
0.127531
0.138192
1.004817
-0.721589
-0.640094
0.532556
-0.655818
-0.302226
-1.206241
0.002908
0.097355
0.270879
-0.230839
1.009096
-0.195971
0.692550
0.865900
-0.282368
0.018011
-1.386375
-0.599429
-0.594020
0.023435
-1.271767
-0.024054
-0.045957
0.398067
0.166940
0.413369
-0.315262
0.652807
0.234578
0.270496
0.481892
-0.080676
-0.560852
-0.230147
0.764639
1.171938
-0.171631
1.439286
0.663181
-0.454662
-0.044370
-0.431401
-0.423690
-0.413487
-0.511842
0.738127
-0.405089
-0.824072
1.177529
0.588518
0.438162
0.317333
0.011305
0.176494
0.478218
-0.913534
1.490072
-0.779808
-0.003272
-0.169849
-0.691401
0.298116
-0.688349
-0.964600
-0.162068
1.304764
-0.330411
-0.604803
-0.133662
0.380127
-0.594578
0.211175
0.222733
-0.504249
-0.558656
-0.274009
0.659938
0.904347
-1.222152
-0.091562
0.816795
-0.586383
-0.293688
1.017955
-1.030709
-0.823488
-0.056530
0.259978
-1.191400
-0.582142
-0.794352
0.291027
0.054897
0.056667
-0.194644
-0.029934
0.595805
0.917933
0.558956
2.061852
-1.401611
0.404933
-0.125688
0.649776
-0.701742
-0.036219
-1.017108
-0.300790
0.842319
1.049405
-0.046230
-0.098623
-0.406369
0.298087
0.133920
-1.124806
-0.307594
0.675520
-0.191456
-0.436833
0.352997
-0.515177
0.051513
0.840816
0.554331
0.267946
1.665469
0.171471
0.439595
-0.209381
-0.153883
-0.585441
0.008637
0.641090
0.390065
0.411649
0.320105
-0.078839
0.127093
1.444277
-0.541592
-0.810808
0.666292
0.443327
-0.206374
-0.272737
-0.312178
1.302753
-0.230611
0.840517
-0.160283
0.369251
-0.781543
0.436117
-0.557062
-0.957486
-0.097569
0.794856
0.130678
-0.172605
-1.761124
-0.300426
1.429873
-0.495608
-0.791529
-0.067004
-0.085773
-0.364506
-0.351914
0.074538
-0.175119
-0.911742
0.771065
0.361748
-0.958305
-0.224114
0.759165
-0.544774
-0.573053
0.395676
-0.398119
-0.080767
1.100497
-0.185351
-0.660942
-0.255123
-0.711088
0.758119
-0.481569
-0.679307
-0.939092
0.043982
1.353421
0.135095
-0.021171
-0.581279
-0.743621
0.724226
-0.002495
-0.689995
0.262041
-0.607406
-0.147526
-0.368247
0.703058
1.205102
-0.503381
-0.742689
1.190774
-0.777241
-0.335060
0.246280
-0.962777
-1.687807
0.358229
0.376309
-1.112632
0.340725
0.496693
-0.472453
0.518093
0.109187
0.774086
0.092469
-0.180001
0.016390
0.306473
-0.728787
-0.366080
-0.068086
-0.103998
-0.241553
0.084504
0.024473
0.499717
0.538090
-0.333898
-0.171109
1.066785
-0.289270
-0.417933
0.102217
-0.340235
0.384459
-0.068262
-0.686554
0.942241
-1.181105
-1.332904
-0.058195
-0.559826
0.281464
0.352106
0.107671
-0.071209
0.457578
0.391479
-0.368171
0.919326
-0.473844
-0.980799
0.001840
-0.383215
-0.275378
-0.515884
-0.213196
0.226299
0.876014
0.440764
0.915829
-0.592002
-0.861477
0.067558
-1.111067
1.078669
-0.109557
0.008093
1.342271
-0.146885
0.689629
-0.514262
0.223779
-0.310583
-0.603576
-0.330023
-0.620128
-0.194704
-1.511896
0.301680
0.772664
0.453485
-1.374552
0.159862
-0.023210
0.227125
0.258019
-0.189506
0.370496
-0.540708
0.108493
-1.494649
0.488407
-0.058963
1.719572
-1.085972
0.495296
0.599831
-0.250547
-0.226603
-0.837638
-0.656702
0.253692
-0.324193
0.083328
0.099834
1.348262
0.874320
-0.674846
0.245988
-0.824739
-0.113782
0.207077
-0.335021
-0.073896
0.181303
0.477752
-0.053862
-0.604304
1.098171
-0.804791
-1.265056
1.489309
-0.920061
0.771137
-0.431506
-1.000452
0.207044
-0.748297
-0.431632
-0.596108
-0.397226
-0.946057
-0.353725
0.187313
0.687678
-1.259963
0.270590
0.099053
-0.351366
-0.072709
0.068697
-0.452079
-0.211042
-0.096900
-0.303199
-1.491558
-1.115272
-0.359403
0.155477
-1.872640
-0.490706
0.549732
0.374719
-0.501033
-0.041552
-0.001415
1.214740
0.325848
-0.167531
-0.311065
0.181257
-0.126325
0.011329
0.372421
-0.063836
-0.373458
-0.216060
-0.084707
-0.564206
-0.082460
-0.139306
0.488403
-0.452187
-0.737664
-0.364070
-0.294364
-0.825520
-0.405682
-0.405929
-1.119980
0.730512
-0.492051
-1.849681
-1.293647
0.984863
0.660861
-0.755427
-0.861306
-0.625826
-0.115687
-1.207565
-0.539432
-0.335642
-0.585325
0.899367
0.405075
-0.423623
-0.969967
-0.962825
0.518109
0.011496
-1.098727
-0.053974
0.535120
-0.778164
0.323247
2.002966
1.210723
-1.416455
0.896045
0.133665
-0.426928
0.445873
-0.739693
-0.461928
0.719374
0.647615
0.244771
0.345622
0.617480
-0.177234
-0.842648
-0.125826
-0.806903
-0.886002
0.170123
0.698162
-1.582388
-0.361294
0.237833
-0.877509
1.027488
-0.543968
-0.311784
-0.278432
1.411849
0.208521
0.261159
0.999580
0.163606
-0.567591
0.178473
-0.660422
0.586085
-0.206890
-1.707809
-0.336524
-0.274502
-0.392524
-0.310455
-0.860390
-0.123332
-1.134610
0.700225
-1.618279
-0.284009
-0.203005
0.869598
0.082222
1.108478
-0.237627
-0.614111
1.410104
1.013175
0.596687
-0.354144
-1.562550
1.046771
0.009039
0.085737
-0.465763
-0.139376
-0.436420
0.392248
1.318626
-0.050667
-0.772541
0.919081
0.215608
-0.234201
-0.108262
0.615110
0.180204
-0.889749
0.143782
-0.335503
0.047305
0.551721
-0.378230
-0.616719
0.969882
-1.131913
0.533237
-0.895137
-1.259317
0.146214
0.673461
-0.053176
-0.231942
-0.560099
-0.181561
0.514566
0.788072
0.428951
0.108653
-0.020019
0.206690
0.011964
1.463330
-0.954845
0.154421
-0.202565
0.351575
-0.360760
-0.737057
0.865626
0.121085
0.000928
0.332274
-0.602696
0.480897
1.206150
-0.097566
0.741053
0.110798
-0.550979
-0.356330
0.397925
-0.112391
0.704578
-0.654526
0.498451
-0.072200
-1.100590
-0.166840
-0.521922
0.550011
-0.493655
-0.468820
-0.099371
0.377230
0.677521
0.087871
-0.671074
0.396961
0.941522
0.045888
0.148592
-0.456370
0.039439
0.031370
-0.382291
0.086666
0.464822
0.835966
0.340983
0.726961
-0.156589
0.097396
-0.880245
-0.836149
-2.373008
-0.776020
-0.171758
0.471973
0.313662
-0.453185
-0.518305
-0.942395
-1.117542
0.480444
0.677799
-0.512339
-0.325762
0.243814
-0.050123
1.556221
0.084184
0.352262
-0.993937
-0.059599
0.218444
0.446173
0.319367
0.504853
0.374019
0.972745
0.001747
0.248672
1.209693
-0.476535
-0.039222
0.288880
0.715133
0.550803
0.865532
-1.459372
-1.347631
-1.460336
0.042609
0.113450
0.942469
-0.153042
-0.472818
-0.731905
0.007888
0.678349
-0.445333
0.215435
0.441633
0.601421
0.863927
-0.995703
0.609961
0.526722
-0.823231
1.547322
0.497878
-0.589774
0.880492
0.692810
-1.317792
-0.217601
-0.363004
1.231887
0.942963
0.463446
0.103096
0.990173
0.723846
-0.572677
-1.146769
0.790247
-0.587434
1.256894
0.096930
1.516962
-0.375439
-0.346841
1.340112
0.164889
1.167028
-0.511224
-0.438076
-0.260194
0.249890
-0.403598
1.094761
0.620615
0.702016
-0.106616
-0.162863
-0.722058
0.429205
-0.567446
0.025179
0.407194
-0.283432
0.448138
-0.997125
0.424931
0.839399
0.976809
-0.799404
-0.921305
0.706898
-0.700160
-0.644775
0.382279
0.638856
-0.640376
0.559347
-0.069584
-0.023377
-0.256707
-0.098004
-1.461241
-0.111163
-0.516468
0.536335
0.116087
-0.400995
0.584083
0.031742
-0.469624
0.828858
-0.090156
-0.559922
0.151591
0.720866
1.263572
-0.460049
-0.030919
-0.441288
-0.268280
0.034964
-0.375714
-0.636886
-1.798029
0.472545
0.330951
-0.837328
-0.327630
0.451044
0.487350
-0.449040
-2.423724
-0.839146
-0.100075
-0.328065
-0.250712
0.644659
-0.112167
1.013849
0.604139
1.258687
1.195138
0.943652
-0.220410
-0.167561
-0.807406
0.143350
-0.433324
0.803898
1.091512
-0.724123
-1.440330
-0.242525
0.758682
-0.057877
0.511861
0.688980
-0.730558
-0.662382
-0.737452
0.126109
0.372395
0.146662
-0.334562
0.245321
0.379225
-0.020839
-0.541385
-1.334585
-0.221842
0.600266
-0.105222
0.717222
-0.083807
-0.964890
-0.014581
0.128133
-0.168101
-0.420710
-0.366186
0.173509
0.856341
0.869900
-0.142949
0.311308
0.568727
-0.095689
-0.666170
0.765859
-0.611194
-0.297564
0.228379
0.284281
0.096595
0.207347
-0.089192
0.438421
0.176216
-0.363381
0.817109
0.270610
-0.151498
0.054206
-0.488237
-0.595608
-1.179067
-1.018946
-0.477711
0.300451
-0.128274
-1.162465
-0.422906
0.915815
-0.756419
0.291006
1.415784
0.318871
-0.957920
0.458637
0.194469
0.515406
0.791788
-0.882425
-0.700973
-0.390454
0.157317
0.586939
0.493247
-0.222963
-0.616678
-0.660769
0.919820
0.349187
0.512200
0.245890
-0.521529
0.243924
-0.470652
0.466138
0.088675
-0.859633
-0.192136
-0.143821
-0.890498
0.816241
-0.013059
0.666539
-0.102101
-0.174362
-0.041643
0.320120
1.372856
1.262421
0.114832
0.218072
-0.219786
-0.670840
0.081916
-0.205096
0.099416
0.534126
-0.261680
0.394971
-0.039375
0.160203
0.129959
-0.163319
-0.350418
0.734415
0.708588
0.460514
0.233577
-0.789364
0.913071
-0.521961
-0.180093
-0.402570
-1.342807
0.218406
1.408205
1.166225
0.018148
-0.426144
-0.039949
-0.535415
0.639772
-0.303475
-0.944094
0.391020
-0.707261
-0.506113
-0.802499
0.240325
-0.145183
1.247067
0.666245
0.376847
0.616681
0.093436
0.272021
0.364256
0.171395
0.383742
0.236330
0.951406
-0.071055
0.372305
-0.420943
0.115901
-0.865575
0.741939
0.128027
0.047258
0.662337
0.114483
0.294640
-0.333642
0.972174
-0.327958
0.922607
0.587333
-0.229545
0.933804
0.159978
0.179542
-0.246363
0.206753
-0.066065
-0.365655
-0.959163
0.866009
-0.440967
-1.357657
-0.917040
-0.859666
-0.871277
2.007368
0.703848
-0.673669
0.253496
0.982929
-0.392304
0.320204
0.817768
-0.415709
0.241730
0.133765
-0.645569
-0.164301
1.304107
0.300330
-0.739739
0.047675
0.201523
0.147663
-0.531450
-0.628668
-0.662724
-0.062487
0.035440
0.382772
0.139874
0.824184
0.800375
0.460247
-0.355979
-0.281656
-0.906027
0.220425
0.780471
-0.895772
-0.153198
-0.182118
0.508609
-1.146947
-0.123575
-0.065018
-1.165487
-0.549122
0.853570
-0.883751
0.099753
-0.530806
0.462552
0.789273
0.143237
1.207558
0.509510
-0.027913
-0.688158
0.176202
-1.163643
-0.279423
-0.801297
-0.330244
0.241363
0.776216
0.052699
0.438451
-0.101923
0.207489
-0.050779
0.001039
0.685870
-0.594257
0.531780
0.161296
-0.122748
-0.052041
0.564046
0.677935
0.973433
0.011116
-0.859525
-0.021933
-1.194990
-0.748343
-1.890233
0.333827
0.157004
-0.478087
-0.104409
0.970942
0.080919
1.040416
-0.256479
-0.324631
-0.206175
0.341756
-1.555583
-0.225855
0.348366
0.446046
0.093560
0.997739
0.307284
0.273742
1.029372
0.454200
-0.632303
1.359443
-0.885620
-0.103048
-0.080516
1.106187
0.322312
-0.232508
-0.631770
0.226116
0.505440
-0.213379
-0.301395
-0.499376
-0.438360
0.952014
0.481413
-1.921368
-2.040766
-0.133649
-0.027422
-0.324466
0.243745
0.188527
-1.402711
-0.302012
-0.594583
0.381945
0.041566
0.257251
0.178695
-0.268449
-0.261603
-0.513762
-0.518001
0.301633
0.478089
0.190030
0.413792
-0.591425
-0.185559
-0.815197
-1.032217
-1.299100
-1.243408
-1.032121
0.438986
0.082332
0.602494
0.117958
0.453840
-0.426124
-0.921412
-0.436573
-1.230516
0.772453
-0.537184
0.135258
0.169394
-0.505131
0.485504
0.428848
-0.390710
-0.757621
0.423937
-0.823024
1.029709
0.551137
0.631173
-0.633174
1.415374
-0.375963
0.597893
-0.817004
0.247362
0.403201
0.107498
0.800222
0.531090
0.121532
0.499813
-0.218346
0.076179
-1.209409
-0.031185
-0.277689
-0.617845
-0.762015
-0.980399
-0.557073
-0.468942
0.853156
-0.940836
0.517355
0.360162
-0.006650
-0.146093
-0.281926
-0.928019
-0.500581
0.143193
0.049719
0.290361
0.272833
0.420222
-0.851845
-0.934550
0.205586
0.015733
-0.575259
0.719350
0.897338
-0.852147
0.242993
0.287418
0.267020
0.414700
0.177401
0.225605
-0.262817
0.004914
-0.544797
0.509932
0.247309
0.533190
0.626815
1.200022
0.670338
-0.874295
0.201709
-1.661810
-1.058814
0.449055
0.549095
0.605552
-0.128810
0.308860
-0.255946
-0.331557
-0.656669
0.105146
-0.313466
-0.402223
-0.741310
-0.359046
0.474391
0.325450
0.452252
-0.296061
-0.916922
-0.688079
-0.055675
1.049705
0.775756
0.189250
-1.274733
0.564177
-0.413361
1.230844
0.543403
-0.529857
-0.533970
0.887420
-0.407862
0.511424
0.833040
0.228785
-0.232157
0.534866
-0.504846
0.265248
-0.011500
1.051024
0.131608
0.052288
0.342812
-0.361345
-0.275721
-0.488088
-0.295063
0.960430
-0.098940
-0.726667
-0.195474
-0.615265
0.558876
-0.194648
0.157119
0.960375
0.550351
0.177672
0.710516
-1.179119
-0.746767
-0.315263
-1.275022
0.117325
-0.801588
-0.555716
-0.875435
-0.979216
0.377568
-0.236715
0.353078
-0.885150
0.210924
-0.567114
-0.263201
-0.239686
0.815410
-0.734556
-0.911988
0.347959
0.180262
-0.163751
0.753040
0.715858
0.224103
0.119024
-0.440391
0.070441
0.011791
0.074840
0.509740
0.137440
0.678845
0.691969
0.106465
0.598201
-0.853154
-1.464142
0.390811
-0.121592
1.386417
0.275891
-0.153264
-0.658663
1.187089
-0.533088
-0.157831
0.817904
-0.143306
-0.192883
0.154086
-0.949316
0.584440
0.126786
-0.930187
-0.191174
-0.172264
0.745818
0.484182
-0.158885
1.110138
-0.781428
-0.176705
0.031620
0.375385
-0.717042
0.808700
-0.219987
0.621267
0.164762
-0.956397
-0.950794
0.789081
0.296122
0.202011
-0.819457
-0.140087
0.881290
-0.947664
-0.006372
0.728981
-0.716200
0.687020
-0.194767
-0.450733
-0.301048
0.388173
0.825270
-0.257986
-0.562903
0.576961
-0.836041
0.004832
-0.539765
0.171242
0.805554
-0.418828
-0.437509
0.923165
0.573371
-1.037906
0.477229
0.278027
-0.042368
-0.066961
-0.179658
-0.564447
-0.682749
1.177602
-0.212380
0.441665
-0.140758
-0.185439
-1.333727
-0.182157
-0.022896
-0.019020
-0.645522
-0.156270
-0.616101
-0.798892
-0.454419
-0.348984
-0.731380
-1.173628
-0.558639
1.294142
-0.609543
-1.857372
0.127752
-0.304446
-0.086222
-0.615603
-0.774608
0.759372
0.439284
-0.532581
-0.550434
0.283754
0.141387
-0.648434
-0.085729
0.378861
-0.460446
-0.103805
0.242926
-0.857300
0.785095
0.823158
0.721465
1.453169
0.224972
-0.372071
0.570155
0.821742
-0.607873
-0.560042
0.029358
-0.242610
0.864994
0.714395
-0.717502
0.284802
0.300555
0.516773
-0.552198
0.018449
0.161194
0.224378
-0.343213
0.256977
0.960660
0.795313
0.192078
-0.438095
-1.455440
-0.263981
0.107682
-0.588741
1.440555
-0.245817
0.598670
-0.116674
0.831059
-0.332404
0.774117
0.346095
-0.742525
0.377258
0.060035
-0.091767
0.686026
1.899501
1.828734
0.337279
-1.348893
0.032625
-0.566703
-0.626325
0.071854
0.023987
-0.522190
-0.678939
-0.465769
-0.022791
-0.378615
0.030104
0.303358
-0.130779
0.295008
0.963158
0.684520
0.736469
-0.876685
0.185638
-0.483803
0.046277
-1.379617
-0.948532
0.664260
-0.301315
0.527725
-0.358997
0.098100
-1.844934
-0.424702
-0.176950
-0.149653
-0.471857
0.236278
-0.366937
-0.462331
0.929162
-1.503546
0.332851
0.545401
-1.507345
-1.020082
-1.053276
0.966392
0.184638
0.140369
0.630728
-0.531261
-0.529588
0.246959
0.033095
-0.172696
0.552066
-0.585339
-0.057683
0.138437
-0.122530
0.956647
0.128109
-0.570067
-0.929743
0.579065
-0.087932
0.384888
-0.070471
0.720168
1.611176
-0.228962
-0.442355
0.491589
0.584513
2.245295
0.446482
0.534454
-0.102593
1.543314
1.133650
-0.068762
0.991528
0.225420
0.098295
0.863825
-0.664708
0.196948
-0.378615
-0.106853
-0.133304
0.958519
-0.636084
-0.228017
0.033061
0.863129
0.914138
-0.563234
-0.684027
-0.238476
0.233107
0.437004
0.446050
-0.711239
-0.173650
-0.068534
-0.519336
0.357480
-1.301092
-0.222608
0.026375
-0.245196
1.352864
1.440867
-0.385763
-1.739549
-0.316169
0.119620
-0.724541
0.571228
0.856331
-0.508180
-0.217005
0.380224
0.513283
0.407473
0.319863
-0.218037
-1.465983
-0.077853
0.133997
1.410640
0.032045
0.395631
-0.357462
0.101710
0.618090
-0.336334
-0.284210
-0.369118
-0.006180
-0.742168
-0.673252
0.127138
0.268738
-1.295087
-0.209562
0.176724
-0.339362
-0.651269
-1.196869
-0.029465
-1.373176
0.618377
-0.211869
0.538386
0.116848
0.443463
-1.034797
0.460987
-0.388220
-0.563615
-0.757031
-0.818615
0.586973
-0.353331
-0.269300
-0.212156
-0.135574
-1.110048
0.364855
-1.187319
-0.475580
0.339702
-0.041436
1.121124
0.539339
1.843077
1.714403
0.091077
-0.101255
-0.963829
2.475099
-1.046328
-1.145435
-0.134452
-1.179600
1.149158
1.124779
1.556552
0.126171
-0.640721
-0.774890
0.391558
-0.551241
-0.481504
1.765584
-0.578346
-0.112673
0.403274
-0.753487
0.829410
0.190651
0.075081
0.200108
0.704776
0.961098
0.129153
0.362080
0.146486
0.391977
0.526757
0.564313
0.570675
-0.895255
0.802386
0.148421
-0.200686
-0.697977
0.318717
-1.073288
0.144159
0.469163
0.593635
-0.861858
-0.201223
-0.403296
-0.157485
-0.343410
0.567938
-0.195510
0.023563
0.226809
0.079926
-0.470635
-0.410073
0.385025
-0.362841
-0.746828
0.608747
0.772552
-1.893216
-0.075824
-0.265306
0.160979
0.435912
-0.580620
0.438311
-1.669751
-0.297484
0.766079
-0.573917
0.934286
-0.807178
-0.300706
0.093929
-0.224001
-0.134698
0.764573
1.236936
0.093582
1.344505
-0.011138
1.601058
-1.459514
0.312691
0.550005
0.778373
0.041185
-0.450223
0.156975
-0.194980
-0.420275
-0.900577
0.398574
0.209938
0.655883
-0.597487
0.069765
-0.538049
-1.077899
-0.570582
1.242992
-0.086499
0.427163
0.704275
-0.198561
-1.786602
-0.394560
-0.028720
-0.830224
0.458605
-0.757247
0.198667
0.047723
