-0.290284
0.245200
-1.347602
-0.480459
-0.058428
0.269236
-0.422551
-0.249963
0.236262
0.150430
0.239968
-0.258754
-0.676774
-0.613407
1.111441
0.330352
-0.049056
-0.925133
-0.510889
0.368200
0.807784
0.329153
-0.477635
0.363182
-0.224200
0.921575
-0.592792
-1.146453
-0.622683
0.086860
0.244278
-1.302667
-0.611183
0.320321
0.006104
-0.099624
-0.102746
-0.081627
-0.234366
-0.008189
-0.163345
0.351539
-1.029925
-0.022832
-0.044355
-0.475241
0.535324
-0.343902
0.137990
-0.192199
0.273136
-0.268142
0.214309
0.306741
-0.384179
0.072465
0.332517
-0.249948
-0.117006
-1.511529
-0.256150
-0.283730
0.135300
0.106645
-0.737317
-0.848605
1.911136
0.388868
1.015177
0.118294
-0.472771
-0.809384
-0.352398
-1.041880
-0.402933
0.320922
-0.232452
0.200562
0.730235
0.192652
0.717018
-0.418557
-0.747929
-1.306979
0.001706
-0.142901
-0.146269
-0.789911
-0.418588
-1.132007
-0.041826
0.425650
-0.883142
0.317729
0.128100
0.392777
1.125908
-0.356244
-0.212642
0.133911
0.181382
1.016700
0.864416
-0.847066
0.613950
0.469829
-0.430280
0.305485
-0.306920
0.515383
0.350629
0.220738
-0.783932
0.145703
-0.529690
-0.913218
0.447739
-0.353792
0.274712
-0.651534
0.931579
0.094168
1.506518
0.799085
1.256045
-0.558703
-0.665290
0.202530
-1.077814
0.018497
0.534685
-0.102463
-0.522223
-0.319628
-0.049537
0.378388
-0.303808
0.526824
-0.258160
0.982088
0.154508
-0.857273
-0.403304
-0.185984
0.240372
-0.751316
0.742932
0.746371
-0.151346
-0.131878
0.632622
-0.158071
-0.179386
-0.606050
0.106772
-0.706796
0.768488
-0.806966
-0.489177
0.282671
0.912235
-0.156306
-0.599592
0.202288
1.006054
-0.768208
-0.270385
0.425321
0.397740
-1.042505
-0.217697
-0.938256
0.411181
-0.055184
0.707346
0.330202
-0.220190
0.012920
0.585337
0.116533
-0.577471
0.474215
1.217301
0.444215
1.058257
-0.354228
-0.413176
0.450205
-0.002947
-0.339943
0.959054
0.120110
-0.613378
-1.066745
-0.296795
0.346211
0.630734
0.145433
0.396240
-1.214065
0.081210
0.058729
0.014804
0.259849
-0.653576
0.697212
-0.778443
-0.372704
-0.109626
-0.072725
-0.039231
-0.265104
-1.179599
-0.311305
0.108767
0.137339
-0.161297
0.670713
0.316846
-0.526473
-0.217900
0.207300
0.239827
0.678264
-0.485823
0.329773
-1.103245
0.045281
-0.423368
0.427057
0.471202
-0.386590
-0.562951
-0.088761
-0.988874
0.044878
-0.217594
0.648743
-0.722773
0.604740
-0.928003
0.051335
0.617278
-0.119128
0.490998
0.206099
0.468774
0.406768
-0.528344
-0.642850
0.755058
0.050059
0.118646
-0.303909
-0.333618
-0.026355
-0.183264
0.655559
0.169349
1.526713
-0.682994
-0.884972
0.078287
-0.312903
0.085418
-0.028348
0.032042
0.545480
0.116262
-0.622632
0.394561
-0.221035
0.951114
0.500432
0.314420
-0.059804
-0.301787
0.061184
0.151652
-0.350983
-0.279928
0.134351
0.151216
0.864882
-0.402972
-0.389552
0.742478
-0.423731
-0.637512
0.783810
0.380667
-0.424582
0.418572
0.227092
0.278461
-0.187005
0.581688
1.318043
-0.039760
-0.285770
0.955238
1.104703
0.483204
-0.310498
0.110380
0.441876
-0.215976
-0.951978
0.086874
-0.602373
0.525552
-0.540611
0.185271
0.203373
1.433663
0.104471
-0.448267
0.192426
-0.259163
-0.432593
-0.066238
-0.542029
-0.273895
0.135325
0.656948
0.526416
0.275895
0.194319
-0.227055
-0.035467
0.486295
0.430855
-0.157901
0.693288
-0.512846
-0.514106
-0.233308
1.369276
0.002431
0.127134
0.809935
-0.135471
0.238799
-0.401330
0.643993
-0.918485
0.530420
0.936585
0.799407
0.252426
-0.495501
-0.496059
0.754136
-0.743626
0.690073
0.807532
0.216566
0.221558
0.466025
-0.447637
0.130397
-0.740272
0.940508
0.306526
-0.493367
-0.151889
-0.745929
0.187687
0.001639
-0.059864
-0.688667
-0.377322
-0.659218
-0.654464
0.961363
0.119573
-0.050867
-0.368370
-0.580979
-0.100936
-0.996270
-0.391943
0.437699
0.856461
0.045093
0.578886
1.683316
-0.096376
-0.192834
-0.524833
1.124336
-0.025882
0.246384
-0.404942
0.886680
-0.382053
-0.108903
-0.125248
-0.792783
0.039681
-0.021970
-0.531686
-0.394129
0.221153
0.640427
0.211679
-0.229103
-0.354258
-0.198070
0.323408
-0.503448
-0.064661
-0.170636
0.271405
0.327461
0.143565
-0.138955
-0.082853
-0.024193
-0.002049
0.047927
-0.659201
0.674852
-0.510509
-0.350163
0.144425
-0.460200
-0.310222
0.034265
0.132024
0.052000
-0.591874
-0.367485
0.478203
-0.100108
-0.761652
0.050244
0.190756
0.467501
0.430351
0.313238
0.168883
-0.490306
-0.525898
0.430793
-0.015805
-0.193586
-0.505559
0.146962
0.366330
-0.234509
0.373962
-0.410083
0.089014
0.370738
-0.472107
0.038593
-0.625844
-0.296659
-0.583001
0.124973
-0.210899
-0.132569
0.760690
-0.139034
0.092627
-1.097797
0.195307
-0.749287
0.442436
0.014357
-0.186947
-0.060979
-0.220787
-0.665032
-0.021253
-0.057465
0.120440
-0.939943
-0.080778
-0.084827
-0.551584
0.980519
-0.241601
0.546195
-0.596677
0.199320
0.284529
0.564587
0.348726
0.245931
0.596512
-0.086627
-0.291838
-0.296534
0.339464
-0.919065
-0.885896
-0.339642
-0.175968
-0.409531
-0.507410
0.500535
0.416985
-0.281818
-0.707849
0.267432
0.755867
0.812609
-1.072554
0.463347
-0.179958
-0.092815
-0.846904
-0.695035
-0.960461
-0.402299
-0.299865
-0.387165
0.131218
-0.458226
-0.521276
-0.253145
0.063674
-0.458181
1.218389
0.327895
-0.531992
0.234398
-0.384524
0.606091
0.687781
0.104562
-0.236316
-0.364594
0.014605
0.603314
0.252599
-0.465675
-0.071180
-0.661935
0.122729
-0.447138
-0.057696
-0.467623
-0.371195
0.787054
0.485007
0.601223
0.618127
-1.362094
-0.055645
0.689091
-0.165144
-0.326564
-0.307817
0.476114
-1.080761
-0.205268
0.167204
-0.196329
0.652176
0.135197
-0.191953
0.275654
-0.411392
-0.185222
0.729766
0.125284
0.787212
0.043927
0.110505
-0.247114
0.213289
-0.376838
0.953251
0.745299
-0.748874
0.650172
0.943171
-0.322160
-0.629386
-0.125092
-0.332590
0.348643
0.123979
-0.130238
-0.359142
-0.531515
-0.089812
-0.869980
-0.020033
0.300664
-0.238982
0.761830
0.456627
-0.167342
0.593697
-0.111657
-0.191607
0.683037
0.720923
-0.597558
-0.444758
0.392630
0.517414
-0.213345
-1.104367
-1.109423
1.057473
-0.702953
0.096601
-0.330130
0.157588
0.082625
-0.962100
-0.742963
-1.370228
0.135884
-0.405210
-0.109157
0.008490
-0.082293
-0.035421
-0.032506
0.012815
-0.592130
0.350010
-0.580201
0.784507
-0.588509
0.458285
-0.449810
0.187842
0.407548
-0.592413
-0.175396
0.303809
-1.060465
0.274861
0.192729
0.818534
-0.412999
0.042197
0.680666
0.133285
-1.069489
-0.188143
-0.148588
0.830832
-0.668355
-0.115543
0.850998
-0.558538
-0.651152
-0.234859
-0.191751
1.264525
0.439871
0.218235
0.185491
0.317253
-0.923634
0.687104
0.082111
-0.481939
-0.751236
-0.776545
-0.028395
0.930373
-0.292716
0.681203
0.513936
-0.682945
0.767010
0.200347
-0.159741
-0.569732
-0.432674
-0.033401
-0.053173
0.080267
-0.626113
-0.193432
-0.216465
0.429083
-0.001790
0.072250
0.104215
-0.458963
-0.468734
-0.944971
0.045851
-0.371515
1.861081
0.233552
0.560251
-0.497674
0.541299
0.150663
0.248960
-0.784497
0.912581
-0.115928
-0.922727
-0.613820
-0.405786
-0.691244
-0.258534
-0.167319
0.214962
-0.450792
0.011570
0.369729
-0.206530
-0.603641
-0.398966
0.423837
0.146600
0.916178
0.341407
0.184010
-0.966645
-0.283375
-0.288359
0.583960
0.035370
0.731144
0.909301
-1.312762
0.730103
-0.706639
-1.079084
0.079767
-0.145931
-0.091804
0.403965
-0.321012
-0.917916
-0.337276
-0.593142
0.505094
-0.286757
-0.040020
-0.537820
-0.933061
-0.382065
0.392240
0.142126
0.276343
-0.390565
0.260364
0.170280
-0.106484
0.021573
-0.285158
-0.036709
0.526122
0.310961
0.243755
1.112600
1.116038
-0.822471
0.360346
0.642398
-0.070655
-0.593096
0.298753
0.002000
-0.780974
-0.416366
0.624417
-0.610089
0.311265
-0.228098
-0.007127
0.616317
-0.278345
0.520256
0.167181
-0.113626
0.351488
0.361445
-0.479218
1.681510
0.197525
0.916077
0.338925
-0.869224
-0.736229
0.355423
-0.198300
0.653275
0.099364
-0.240812
0.911682
-1.123331
0.554450
-0.158515
-0.663371
0.517829
0.663612
-0.554822
-0.069703
-0.508775
-0.088486
0.337827
-0.668303
-0.634959
-1.004152
0.457999
-0.063934
-0.157423
0.733444
0.343335
-0.147225
0.241072
-0.681899
1.017317
0.032516
0.681150
0.380107
0.481712
-0.523125
-1.450469
-0.428369
0.636745
0.202631
-0.514324
-0.158316
0.064411
-0.354459
0.901126
-0.179686
0.423831
-0.375717
0.242898
-0.743217
-0.809959
-0.584919
-1.238245
0.076817
-1.183152
-0.045000
-1.228432
0.033409
0.580844
0.658531
0.134688
-0.562376
-0.209153
0.303016
0.286868
-1.055592
0.471205
0.586314
-0.202929
0.591584
0.246560
-0.679490
-0.146271
1.206034
0.192156
0.326182
-0.770326
-0.484790
0.005590
0.246597
-0.865591
-0.391366
0.459726
-0.164158
0.155124
-0.500566
-0.850020
-0.281230
0.237059
0.996941
0.247627
0.106394
-0.147488
0.096634
-0.139195
0.375229
-0.087438
-0.840862
-0.003382
0.117671
-0.120531
0.054866
0.046476
-0.708416
0.081705
-0.178993
-0.321547
-0.286172
-0.940995
0.064980
0.272509
0.464698
-0.230061
-0.809570
0.163115
-0.831436
-0.398081
1.230378
0.054679
0.779852
-0.625298
0.116325
-0.109575
1.058689
0.673810
0.131254
-0.209727
-0.178007
-0.610898
-0.543023
-0.544409
-0.123820
0.897878
0.722597
0.423637
-0.392241
1.548350
0.124517
-0.195086
-0.390923
-0.205849
-0.246935
1.294561
-1.759128
0.461840
0.007858
0.557583
-0.462675
-0.857145
-0.280910
-1.125450
0.710455
1.452888
-0.071459
0.127750
-0.101897
0.122448
0.338624
0.131558
0.243993
-0.490210
0.347797
0.113576
0.257391
0.041028
0.414822
-0.261512
-0.079868
-0.932797
1.106978
-0.027539
-0.910086
0.526057
0.462290
0.278741
-1.145558
1.268319
-0.050682
-0.215332
0.309334
-0.663550
-0.123919
0.247184
0.639348
0.302190
-0.987255
-0.699864
-0.319226
-0.146646
0.380327
0.862388
0.249718
-1.259726
0.852961
-0.467492
0.147580
0.024287
-0.103717
-0.355598
-1.325903
0.146133
-0.040233
0.633991
0.322672
0.501750
-0.082944
0.017190
-0.308969
0.142350
-0.480523
0.040682
0.174324
-0.621697
0.331489
-0.232619
0.027371
0.597796
0.635154
1.031206
0.233377
0.042347
-0.280422
0.392416
-0.515024
0.288987
0.103711
0.055264
-0.214331
0.461099
0.023950
-0.003373
0.680927
-0.013074
0.017693
0.138112
0.652173
-1.080903
-0.221313
-0.035998
0.412031
-0.078887
0.324275
-0.355437
-0.439062
0.094040
0.472057
-0.935378
0.504230
-0.244981
-0.508936
0.011556
0.114615
0.081801
-0.003732
0.657029
0.263090
0.628112
-0.478144
-0.375852
0.439301
-0.027311
-0.579467
0.740890
0.597183
0.597671
-1.069714
-0.332829
1.333512
0.670412
1.503081
-0.524823
-0.513414
1.431618
-0.596110
-0.642735
-0.419643
-0.153447
0.108375
0.134563
0.732757
0.387959
0.159207
-0.519568
0.291064
0.689228
-0.546917
-0.115690
-0.178464
-1.856231
-0.088105
-0.032029
0.209535
-0.422370
-0.351564
1.132319
0.609579
0.763521
0.657062
0.384968
-0.146163
0.847058
-0.575475
0.085747
0.480141
-0.359322
0.056366
0.012337
0.115277
0.536606
0.577880
0.439231
-0.273303
-0.512123
0.171289
-1.409757
-0.483658
-0.500831
0.589702
-0.783127
-0.893008
0.189678
-0.494661
-0.394164
0.623329
0.050572
-0.712750
-0.318344
0.354324
0.945006
-0.623241
0.087488
0.229227
-0.719448
-0.891032
0.205086
-0.611905
0.301789
-0.170605
0.210304
0.682351
0.026233
-1.078250
0.065143
-0.253796
-0.229989
-0.538831
-1.169845
0.708961
0.186515
-1.092873
-0.198104
-0.071727
-0.227940
0.215841
0.282025
-0.943878
0.387013
-0.221307
0.078540
1.213990
-0.718157
0.064244
0.439123
-0.378964
0.285359
0.990870
0.898570
-0.597512
0.473675
-0.505365
0.236413
0.218507
0.068479
0.116939
-0.599578
-0.472297
0.548053
-0.527945
0.590293
-0.434485
0.781819
-0.420471
-0.177817
-0.260964
-1.028599
-0.748130
1.203938
-0.634341
0.023082
-0.423954
0.051369
-0.017858
1.178635
-0.014051
-0.249830
0.234791
0.060297
0.889493
0.106874
0.087746
1.259810
-0.552967
-0.716705
-0.249156
0.334308
0.919342
0.100741
-0.478923
0.269349
0.589069
-1.242295
0.486961
0.538022
0.128605
-0.292404
0.571019
-0.080792
1.505517
-0.784120
0.811320
-0.260243
0.112788
0.066141
-0.147314
-0.100747
0.164192
-0.562347
-0.211857
0.963229
0.482195
-0.231713
0.478182
-1.355479
-0.512472
-0.703813
-0.051916
-0.018168
-0.584373
0.338308
-0.396564
0.410773
-0.054850
-0.271318
-0.247039
-0.330362
0.145777
0.020613
-0.491539
0.059024
-0.285507
-0.866818
0.349202
-0.173719
-0.889734
0.029774
0.337593
-1.078850
0.512159
-0.315453
0.530061
-0.368800
0.801025
0.292285
0.682091
-0.064112
0.694092
0.589507
0.356100
0.196131
0.128424
0.028927
0.990234
-0.520641
-0.476653
-0.186425
0.102217
0.480039
0.661851
0.049013
-0.917160
-0.184656
0.011894
-0.194119
1.170865
-0.021826
0.642757
-0.671122
-0.177115
1.174109
-0.886291
-0.029247
0.563168
0.332165
0.636159
-1.091751
-1.035754
-0.141853
0.889037
0.038187
0.433122
-0.133953
0.322197
0.089806
0.161970
-0.386537
-0.231845
0.550534
-0.113857
-0.089562
-0.667987
0.288367
0.199770
0.070034
-0.327070
0.669567
0.299138
0.138755
-0.789957
0.983388
0.049709
-0.365140
0.327295
0.156141
-0.030353
0.121757
-0.711317
0.198413
0.165156
-0.154275
-0.199652
0.298974
-0.078292
-0.856660
0.649463
-0.647294
-0.187188
0.799998
-0.708317
-0.389581
-0.228545
-0.323892
-0.362924
0.953341
-0.370300
-1.607550
-0.230477
-0.063403
-0.357970
-0.223616
0.391859
0.309734
0.209103
-1.002152
-0.282165
-0.213120
-1.009271
-0.423965
-0.364355
-0.561357
0.381804
1.071639
-0.461909
0.075267
-0.409247
0.100692
0.150666
0.049562
-0.538356
-0.849845
-0.277531
-0.195733
0.218453
-0.311937
-0.613964
0.243547
-0.272831
0.763134
-0.194330
0.447193
0.056998
-0.316507
-0.372342
0.683168
-0.645859
0.130427
-0.219174
-0.504840
0.726719
0.157249
0.660278
-0.180651
0.389222
-0.393955
1.180056
0.108877
0.484932
-1.067673
-0.522126
-0.124433
-0.564553
-0.487745
0.817183
0.343697
-0.604774
-0.353822
-0.173663
-0.839746
0.536120
-0.774777
0.510495
-0.099154
0.088101
0.342792
0.093378
0.410870
-0.595626
0.388043
-0.371534
-0.057979
-0.439771
-0.613451
0.465841
-0.163744
-0.548271
0.215704
0.512049
-0.201351
0.258091
-0.245138
0.317439
-0.237528
0.054841
-0.561967
0.018192
0.405624
0.459165
0.900748
-0.674162
-0.664117
0.953735
0.479952
0.283768
0.354507
0.781146
0.048445
0.721753
-0.122478
0.134307
0.110186
0.510836
1.324800
0.207163
0.743400
-0.539922
-0.530141
0.370919
0.480107
0.161658
0.503936
-0.292870
-0.659036
0.360531
1.303368
-0.308120
-0.659694
-0.088748
0.415577
-0.056302
0.219620
0.680880
0.100131
-0.194596
-0.454980
-0.098198
1.584331
0.578592
-0.145730
0.059651
0.602703
0.942773
0.803627
1.185264
0.998290
-0.337114
0.636288
-0.468219
-0.089440
1.103213
-0.653595
0.072970
-0.431593
-0.214909
0.262479
0.532558
0.181297
0.421899
-0.514572
-0.401757
0.465874
0.065548
0.432155
-0.313051
-0.673033
-0.515507
0.135393
-0.849569
0.494272
-0.241989
-0.062446
-0.418158
-0.053574
0.593617
0.481674
0.204249
0.306887
0.421763
0.540859
0.643997
-0.412536
0.268921
-0.526098
1.326861
0.569896
-0.413911
0.111414
0.171050
0.570565
0.182669
1.076760
0.616416
-0.756881
-0.907022
-0.399542
0.068516
0.430602
-0.579187
0.400311
-0.420243
0.013706
0.454420
0.321122
-0.006856
0.962613
-0.687485
0.219698
0.505772
0.736540
0.036914
-0.551481
1.316365
-0.476166
-0.262410
0.630705
0.787139
0.518228
-0.045820
0.070961
0.199525
0.482242
0.036142
1.068001
-0.641893
1.081932
0.559188
1.273063
-0.317506
0.789567
-0.305024
0.081877
-0.218034
1.176942
-0.100262
0.455640
-0.248507
0.009464
-0.148109
0.429506
0.503796
0.380715
0.184156
-0.112938
0.029556
0.280207
0.377091
0.944758
-0.603161
-0.745788
-0.294306
-0.065778
0.398440
0.401518
-0.017307
-0.800717
0.712206
0.199310
0.408072
-0.462975
0.418992
-1.283676
-0.834596
-1.146663
-0.396661
-0.488212
-0.787143
-0.757301
0.026278
-0.783898
-1.029849
-1.176411
-0.716908
-1.031588
-0.335247
-0.349756
-0.234771
0.073616
-1.114892
-0.982111
0.300155
-0.102004
-0.137019
-0.345565
-0.181403
0.052505
0.870542
1.256796
0.884462
1.362614
1.280411
0.425530
0.031022
0.746685
0.806198
2.754769
0.776227
0.677628
1.906013
-0.018275
2.182926
0.980153
0.261964
1.034164
1.102787
0.546711
0.738333
0.454703
-0.560556
-0.011170
-0.345024
0.226699
-0.181972
-1.260718
-0.803504
-0.494040
-1.632283
-0.298948
-1.006285
-1.584520
-0.612424
-0.777385
-0.540631
-1.593665
-1.074258
-0.951494
-1.695795
-0.475167
-0.912566
-0.766641
0.379594
-0.033381
0.782138
-0.107390
-0.416820
0.355609
0.171668
1.157284
0.225336
-0.303058
-0.761633
0.062123
0.664977
0.231688
0.300625
0.267353
-0.519100
-0.933777
-0.010081
-0.366337
-0.478208
0.561487
0.117744
-0.721531
-0.663218
-0.585042
-0.288602
-0.525395
-0.854478
0.080685
-0.722740
-0.252472
-0.384809
-0.069597
0.174030
-0.076897
0.613415
1.033883
0.445397
-0.135633
0.418572
0.145947
0.413138
-0.383471
1.170477
0.060037
0.292423
-0.115508
-0.149008
0.160213
-0.498825
-0.083705
0.735659
-0.122431
0.245016
-0.342796
-0.461244
-0.783645
-0.926125
-0.337254
-0.375983
-0.241304
-0.948216
-0.267115
-0.324200
-0.215376
-0.591033
-0.872956
0.091283
0.160884
-0.258950
-0.176045
-0.256258
1.066897
0.467845
1.215340
0.260618
-0.702371
0.173794
0.173133
0.130640
0.877159
-0.044363
0.366765
-0.513234
-0.058556
0.074205
0.144298
-1.102687
1.054922
0.943543
-0.444816
-0.109861
-0.399864
0.658339
-1.194458
-0.251171
-0.369494
-0.270646
-0.335615
0.521878
-0.976835
0.295959
-0.494045
-0.670954
-0.622777
0.259632
0.461537
0.645323
-0.718702
0.511854
0.063067
0.420830
-0.023560
0.383222
-0.723513
0.370502
0.351847
-0.257430
-0.827323
0.134081
-0.091641
0.517292
0.297337
-0.343558
0.066724
-0.661510
0.904194
0.283636
-0.428535
0.641044
0.090392
-0.487578
0.096039
-0.377837
0.261053
-0.026088
0.143092
0.673524
-0.445727
-1.081732
-0.237372
0.633731
0.247554
-0.172285
0.076921
0.750096
0.149555
-1.464908
0.841165
-1.418606
0.400284
0.177655
0.842478
0.912185
0.426137
0.766616
0.338683
-0.435934
-0.642042
-0.065306
-0.362229
-0.054254
0.646061
0.083844
0.059315
0.888792
-0.128730
-0.000974
0.521958
-0.657758
-0.059849
-1.256975
-0.690253
-0.003114
0.176336
0.129270
-0.939239
-0.604204
0.187840
-0.363608
0.720852
0.673296
-0.648804
-0.542618
0.724043
0.381934
-0.340809
0.940716
-0.014939
-0.642187
-0.443646
-0.523993
-0.236889
0.266651
-0.757729
-0.472429
0.675729
-0.279115
0.091475
-0.194156
-1.014572
1.154633
0.271819
-0.356982
0.579852
0.020432
0.009298
0.010846
1.514285
0.985734
-0.063592
-0.599516
0.130817
-0.116828
-0.016937
-0.434260
0.707000
0.283238
-0.589237
-0.029669
0.734171
0.742454
-0.558543
0.665401
0.228019
-0.004539
0.824347
0.705374
-0.268226
1.153209
-0.386317
-0.600563
0.527663
0.275454
-0.467377
-0.263841
-0.201939
0.188329
-0.003242
0.686162
-0.488799
0.156647
-0.621032
0.951328
-0.085490
0.461961
-1.067664
-0.376441
-0.314501
0.238326
0.238531
0.465692
-0.343035
-0.251210
0.453436
-0.602795
0.316021
-0.536897
-0.127553
-0.439461
-0.098298
0.688483
-0.531315
-0.117419
0.419209
-0.126042
0.473485
0.731266
0.074080
0.541204
0.441057
-0.019537
-0.082990
-0.109739
-0.995146
0.814705
0.352260
0.634416
0.688290
0.125525
0.177923
0.130805
-1.095827
-0.281928
0.357755
-0.432820
0.297450
-0.329133
0.632757
-0.480646
-0.357755
-0.986236
-0.054133
-0.982935
-0.110952
0.251055
-1.095826
0.471747
-0.435491
1.364859
-0.837330
0.462200
-0.038361
0.195749
0.824158
0.297441
-0.056395
1.285862
-0.742334
-0.318170
0.279763
-0.858919
-0.461228
0.431288
0.794460
0.699123
0.452147
0.246104
0.266691
-0.483686
0.678912
0.587060
0.444885
-0.400196
1.108510
-0.644108
0.036505
-0.604613
-0.212959
-1.179932
-0.380940
0.405896
-0.907575
-0.168583
0.117682
0.051794
-1.033627
0.028037
0.156323
-0.354320
-0.635574
-0.302941
-0.349946
0.067764
0.220389
1.094044
-0.347090
0.228921
0.858659
-0.274781
-0.122421
0.513346
1.237931
-0.289956
0.292934
-0.273869
0.010271
0.609350
1.113538
1.121052
-0.028813
-0.997196
-0.306963
-0.795230
-0.158346
-0.996918
-1.081190
0.158156
-0.003928
-0.603403
0.682078
-0.478911
-1.126613
-0.138487
-0.567413
-0.203893
0.350592
0.836837
-0.559126
0.139855
0.586675
-0.660823
0.440039
0.164402
0.468973
0.098349
0.463970
-0.331497
-0.177526
0.697392
0.847783
-0.443826
0.244708
0.456303
0.819184
0.014783
-0.017355
-0.319258
-0.226662
0.022538
-0.307814
-0.281001
0.230597
-0.941272
0.147533
-0.289959
-0.377845
0.246826
-0.186039
0.422383
-0.792516
-0.415527
-0.234195
-0.624258
-0.472431
-0.885116
1.251542
-0.397169
-0.554902
-0.414131
0.373779
-0.339633
0.414646
-0.896259
0.097230
0.297335
0.292446
0.687886
0.554756
-0.077077
-0.631446
0.725537
-0.072110
-0.501323
0.121364
-0.175996
0.006965
0.319454
-0.557304
-0.789848
0.632883
-0.614779
-0.369801
0.292155
-0.109538
0.691148
0.101264
-0.168670
-0.138784
-0.055791
-0.353992
-0.554455
0.051598
-0.211110
0.290578
0.570275
-0.475418
0.169277
-0.384660
-1.262636
-0.004755
-1.299725
-0.426005
-0.206816
-0.533238
-0.270942
0.950951
0.814074
0.059668
0.251757
-0.566789
-0.490982
1.524869
-0.141647
-0.806987
-0.417009
0.055509
0.777421
-0.798268
-0.153215
-0.473920
-0.420948
-0.139020
-1.242887
0.042477
-0.349897
-0.484155
-0.709951
-0.114431
-0.147583
-0.090549
-0.209160
-0.271212
-0.368613
0.534343
-0.825253
0.305235
1.027309
0.232053
0.390811
-0.315503
0.215948
-0.604616
-1.010069
0.111524
0.453999
0.423614
-0.549713
0.863375
-0.553612
0.556877
-0.562655
0.372465
-0.215684
-0.270615
0.388176
0.855381
0.345996
-0.308065
0.317568
0.840027
-0.073854
-0.858084
-0.160644
-0.706569
0.433818
0.295349
0.395194
-1.886232
-0.657228
-0.177361
-1.136036
-0.112224
0.281408
-0.805140
-0.265938
0.107672
-0.141261
-0.626285
0.041230
-0.511729
0.548565
-0.399405
-0.807031
0.584244
0.744433
-0.850458
-0.036293
0.283756
1.138039
-1.140473
0.092151
0.382313
0.280745
0.113717
-0.520718
0.009577
0.366606
-0.780241
-0.049406
-0.811248
0.108570
-0.052445
-0.447248
1.557139
-0.669890
0.603340
0.050697
-0.186521
-0.389443
-0.171413
0.366703
0.580245
0.341437
0.072829
0.507322
-1.412158
-0.529594
0.410203
-0.103582
-0.019462
-0.528709
0.460743
-0.638015
0.434941
0.022684
0.690782
-1.109730
0.206510
0.304221
-0.398248
-0.195896
-0.712418
0.757638
-0.572743
0.023426
-0.299171
-0.071642
0.349811
0.266187
0.374234
0.395985
0.299364
0.369351
0.188889
-0.182416
1.139285
-0.576699
-0.225351
0.033554
0.219232
0.531140
-0.744950
-0.494451
0.090748
0.254063
-0.393644
0.866571
-0.587367
0.429280
-1.474762
0.522959
0.593422
0.063149
-0.292070
1.071819
-0.410280
-0.184790
0.148769
0.515016
0.849956
0.425005
-0.225100
0.224301
0.464714
-0.158971
0.028734
0.858663
-0.597428
-0.325865
0.281704
-0.190101
-0.716190
1.051502
1.008172
-0.522529
0.770784
-0.224800
-0.600648
-0.687677
-0.335172
-0.252458
-1.001906
0.030186
0.345422
0.314289
-1.065200
-0.452066
-0.729186
1.078449
0.413569
0.825852
-0.279700
-0.063874
-0.349696
0.059284
0.113216
0.062795
0.086911
0.082979
-0.142650
0.766201
0.219992
0.153585
0.641937
0.134909
-0.326355
-0.030848
0.419321
-0.461779
0.381080
0.785442
0.830443
0.485459
-0.276304
-1.426665
0.522089
-1.952754
-0.043532
-0.368180
0.288407
-0.237046
-0.060680
0.958001
1.061316
-0.746128
0.318509
-0.456860
0.128735
0.959151
0.268598
-1.075417
0.232698
0.477559
0.404939
-0.535503
0.925132
0.222123
0.916828
0.204415
-1.457952
0.430632
0.280834
-0.013494
-0.653237
-0.615829
0.360270
-0.470777
-0.050175
-0.229351
-0.989706
0.219190
0.318904
-0.755373
-0.950415
-0.321214
-0.786491
-0.596222
1.148994
0.198188
0.530383
0.612890
0.408183
0.030591
-0.286312
-0.921998
1.070957
0.444256
-0.598252
0.252784
0.418665
-0.421332
0.529226
0.081987
0.925367
-0.019147
0.108417
0.141016
0.522830
0.313104
-0.256671
-0.690623
-0.004699
-0.514913
-0.241355
-0.210068
0.244117
-0.276991
-0.739269
0.145824
-0.224457
0.312187
-0.306921
0.141770
0.495778
-0.453817
0.585428
-0.006080
1.027481
-0.159995
-0.118567
1.000506
0.480866
0.465123
-0.080483
-0.267759
0.155874
-0.148409
0.988567
-0.929375
-0.922420
0.242439
0.408676
-0.221869
-0.063871
-0.376701
-0.371586
-0.317994
0.355807
0.491997
-0.468767
-0.856826
0.120803
0.363078
0.130435
-0.450484
-0.206283
0.396011
0.333056
0.255122
0.056039
0.617100
0.004992
0.092858
0.066904
0.208637
-0.121773
0.769844
-0.612811
-1.533946
-0.148978
0.618019
-0.739227
1.529069
-0.908230
0.867345
-0.730923
-0.303302
-0.027577
0.174148
-0.089561
0.671534
0.421117
-0.274660
-0.257719
0.269811
0.439468
0.160801
0.948838
-0.582573
-0.153096
-0.734984
-0.075437
-0.870176
-0.119000
-0.192805
0.442567
-0.227599
-0.665012
0.032148
-0.302966
0.395304
-0.106992
0.153085
1.030109
-0.228668
-0.590944
0.777645
0.475746
-0.814637
0.394712
-0.273660
-0.117097
0.689662
0.375645
-0.798867
-0.359071
0.295840
0.345974
0.192680
-0.601270
0.828465
0.400052
0.203742
0.964109
-0.417383
0.621238
0.715111
0.455547
1.117208
-0.444850
0.474450
0.136345
-0.628034
-0.598873
1.150092
0.886091
-0.710128
-0.180116
0.136612
-0.079290
-1.395494
0.754415
0.718731
0.723184
-1.230568
0.231697
0.392782
0.237665
0.480588
0.478685
0.036855
0.780269
-0.400634
0.253129
0.153910
-0.002648
0.289061
0.762232
-0.362784
-0.112928
0.848497
0.481033
-0.062230
0.010194
0.325329
-1.331537
-0.655824
-0.261154
0.520252
0.681522
-0.381094
0.831297
0.685315
-0.359341
-0.289260
-0.892238
-0.558811
-0.136814
-0.069764
0.386469
0.560251
0.697593
-0.902053
0.440895
-0.872319
0.338090
-0.432010
-0.068261
-0.076975
-0.416871
0.428388
-0.059484
-0.308480
1.222657
0.602994
-0.634535
0.405971
0.101911
0.298415
0.065644
0.648373
-0.612498
-0.590530
-0.183911
0.312868
-0.376007
0.033036
0.418322
0.535095
0.078658
0.144681
-0.650508
0.310019
-1.033245
0.465806
0.649188
0.751805
-0.169480
0.117217
0.135928
0.898883
-0.023060
-1.003473
0.063655
0.670533
0.748670
-0.595302
0.670057
0.148519
0.105842
-0.133073
0.531359
0.128604
-0.577582
-0.114840
0.218282
-0.008794
0.213673
0.489464
0.540896
-0.422255
0.033992
-0.207944
0.253626
-0.400137
-0.206616
-0.293068
0.302954
-0.631346
-0.831020
0.649989
-0.379799
0.478598
0.215977
-0.789713
0.272186
0.527287
-0.534725
0.497626
-1.091741
1.528995
-0.227826
0.236766
0.613256
-0.327176
-0.146915
-0.018445
0.162198
-0.451917
0.284871
0.164552
-1.011352
0.579153
-0.147791
0.354989
-0.864264
-0.565497
-0.036533
-1.509453
1.467471
-0.598830
-0.456895
0.588586
0.494449
0.947360
-0.517361
0.300626
-1.278800
0.464004
0.702354
0.083319
-0.023841
0.555399
-0.570428
0.693589
0.061943
0.069652
0.064747
0.325196
-1.043245
0.113867
-0.514959
0.391546
0.615068
0.866316
-0.508848
0.002713
0.345746
-0.307703
0.158544
-0.605066
0.680826
-0.363463
0.491597
-1.076945
-0.090633
-0.033030
0.384289
-0.142101
1.185080
0.166538
0.152770
0.244533
-0.383479
-0.663434
0.360758
-0.082052
0.696003
-0.205911
-0.716772
-0.751959
-0.909951
0.539425
0.229345
-0.007244
0.336389
0.220481
0.209013
1.020758
-0.906676
0.352390
-0.256352
0.241744
-0.017854
-0.283982
0.067236
-0.163156
-0.411978
-0.731453
0.799674
0.221072
0.100947
-0.724530
-0.243009
-0.728405
-0.164116
1.413695
-0.749481
0.613958
-0.174574
-0.126181
0.259481
-0.820871
0.215933
-0.541839
-0.826761
-1.342015
0.567401
0.009303
0.264919
0.756690
-0.763112
-0.587783
-0.134057
-0.781514
0.493448
0.762095
0.210067
-0.510516
0.274781
0.291500
-0.695256
0.167814
0.045106
-0.149947
0.101840
-0.101129
0.239191
-0.111150
0.485275
0.459784
0.938945
0.461558
-0.064146
1.192233
1.737587
0.193276
0.256374
-0.065804
-0.483187
-0.624458
-0.367727
-0.002360
-0.607624
-0.697384
-0.463085
0.027369
0.299545
-0.084368
0.819875
0.040696
0.123687
-0.298663
0.142513
0.209864
-0.378217
0.571123
-0.724071
-0.504466
-0.874869
0.016594
-0.951794
0.258228
-0.119395
0.930620
-0.036629
-0.611076
-1.551898
-0.148663
-0.630845
1.005676
0.969643
0.331553
0.499255
0.914657
0.026103
0.068441
-0.916088
-0.279914
1.002214
0.875646
0.178680
-0.112417
-0.178929
0.340211
0.111475
0.296729
0.502548
-0.081815
0.434248
-0.127119
-0.321078
1.321960
-0.090886
-0.487227
0.183529
0.710236
-0.031011
0.360557
0.518908
0.470456
-0.454337
-0.168027
0.415309
0.021533
-1.135892
-0.886699
0.015764
0.580901
-1.183504
0.725070
-0.777482
-0.321130
0.069188
-0.375619
-0.373892
0.719971
1.250451
-0.456296
-0.526266
-0.447543
0.719778
-0.385832
-0.776249
-0.881837
-0.012910
0.182243
0.513638
0.536016
-0.025003
0.553404
0.459400
0.221385
0.618534
-0.999272
0.786201
0.784410
0.469651
-1.267650
0.307730
-0.135948
-0.275232
-0.378888
-0.321007
0.438250
0.215875
-0.615825
-0.715586
-0.356881
0.222002
-0.389407
0.318013
0.420837
0.566945
-0.937861
-0.537684
0.092516
0.423405
0.470400
-0.147949
-0.182989
0.504370
-0.988755
-0.304510
-0.347939
-1.100936
-0.379976
-0.601134
0.962338
0.768302
0.103425
0.431790
0.620093
-0.212688
-0.254258
1.089009
-0.721963
-0.097766
0.184838
0.812179
-0.419160
0.786390
0.399807
1.354431
0.758692
-0.123976
0.206104
1.084305
0.081857
0.317481
0.147626
0.124551
0.095115
0.263461
0.825277
-0.490297
0.342990
0.313291
-0.310140
-0.146960
-0.416876
-1.325709
1.473514
0.889199
1.256197
0.018780
-0.983055
0.101970
0.645838
-0.305810
0.737051
0.204141
-0.788828
-0.817792
0.884138
-0.598442
-0.434574
0.300221
0.249300
0.416344
0.114640
0.116149
0.231812
-0.172346
0.982456
-0.566411
-1.037525
-0.004918
-0.292556
-0.266762
-0.428754
0.406820
-0.556645
-0.702580
0.532618
-0.673766
-1.181528
0.855749
-0.206381
-0.077391
-0.328581
-0.278218
0.714982
-0.080226
1.082932
-0.472514
-0.868382
-0.062522
0.146829
-0.261214
0.226290
0.544184
-0.672169
-0.999903
-0.000618
0.661905
0.424939
0.244852
-0.658267
-0.076836
0.783123
0.148401
-0.095933
-0.665744
0.211030
0.059958
-1.059755
0.029707
-0.698998
0.515516
0.386209
0.532316
-0.030063
0.185493
-0.279643
0.232433
-0.341247
-0.345510
-1.147975
-0.978389
-0.417677
-0.734375
0.361784
-0.590243
0.462265
0.106335
-0.581156
-0.034979
0.037391
0.215202
-0.360018
-0.037854
0.484057
-0.361868
-1.167562
0.710732
0.371712
-0.655428
0.203707
-0.372659
0.051515
-0.566179
-0.290848
0.422296
-0.667392
0.168390
-0.049277
0.068203
0.133170
-1.152693
0.628378
0.084895
0.030951
0.419746
-0.902323
0.968327
0.002969
-0.363422
-0.119580
-0.612613
-0.041365
0.490065
-0.493321
-0.822856
-1.449786
0.392391
0.273238
0.709273
0.400325
-0.936827
-0.145889
0.207691
-0.739413
1.207926
0.531058
-0.372746
-0.099539
-0.013477
0.004388
-0.317625
0.294288
0.412970
-0.364096
-0.789179
-0.294928
1.242530
0.081132
0.772587
0.312416
-0.776808
0.509844
-1.169350
-0.322870
-0.367540
0.266767
-0.150707
0.375257
1.074271
-0.167955
-0.004523
-0.377322
0.014605
-0.820981
-0.567440
0.293778
-0.367448
0.008889
-0.531413
0.498712
-0.673039
0.091862
-0.602879
0.530460
0.090512
-0.359694
0.503676
1.061745
-0.774405
-0.389089
0.734688
0.318828
-0.496804
-0.475202
0.773668
0.139890
0.546432
-0.374489
0.643450
-0.608996
-0.176994
-0.369059
-0.172364
0.380994
-0.503609
0.412469
0.264688
-0.479994
-0.072048
0.510597
-0.439004
0.645487
-0.365180
-0.135182
0.074946
0.547077
-0.059556
0.313481
-0.151754
0.091542
-0.000186
-0.565037
1.027266
-0.533938
-1.373713
-0.338681
0.537614
-0.291412
-0.394170
-0.335702
0.581278
-0.472764
-0.858300
0.404263
-0.585067
0.018316
0.514721
-0.392964
-0.496208
-1.053016
0.039249
-0.574786
-0.654598
-0.366195
1.391615
0.487909
0.581110
-0.555736
-0.182492
-0.218677
0.011650
0.610089
0.400110
-0.310771
-0.615592
0.247556
-0.853737
0.260242
0.514865
0.707935
-0.062098
-0.569287
-1.107262
0.427237
0.045751
-0.389793
-0.862616
0.595186
0.205399
-1.207276
0.359757
-1.351475
-0.483839
-0.070348
0.180251
-0.462831
0.157900
-0.736551
0.297566
-0.119277
0.236421
-0.397094
-0.879813
0.161481
0.585220
-0.519310
0.371421
0.395249
0.391210
-0.448568
0.085726
0.309996
0.173015
0.319462
0.387846
0.260769
0.152274
0.406145
-0.138829
0.344803
-0.375050
0.336543
0.139020
-0.206451
0.496467
0.337663
-0.100835
0.279818
1.089899
-0.297397
-0.129628
0.408057
0.134335
0.721951
0.451408
0.442452
0.733315
0.181567
0.934497
0.104281
0.107712
-0.740714
-0.341113
0.068701
0.057743
0.926147
-1.546193
-0.648812
-0.919199
0.861081
0.257118
-0.171496
-0.228292
-0.628493
0.782108
0.084534
-0.086137
0.237472
0.205834
-0.562483
0.053727
0.455850
-0.648331
-0.396315
0.548354
-0.577270
0.871699
0.787507
0.275958
-0.134191
0.236068
-0.486074
0.218516
-0.197349
-0.567855
-0.022049
1.072340
0.284473
-0.134012
-0.141221
0.178337
0.815811
0.013347
0.154929
-0.300971
0.744045
0.245752
0.360284
-0.525334
0.299566
0.185282
0.347563
-0.415199
-0.623356
-0.473462
-0.043414
0.354393
0.198918
0.659415
0.025265
-0.986493
-0.557403
1.187025
0.033253
0.045125
-0.450281
-0.603265
0.846043
0.068538
-0.262274
0.370038
-0.010508
0.053318
0.263300
0.575048
-0.115731
-0.187763
0.397904
0.323061
0.580940
0.624958
0.149748
2.138636
-0.548521
0.415312
0.731106
-0.455832
-0.072042
0.584144
0.365549
0.054537
-0.053501
-0.373708
-0.096726
0.023033
-0.563226
0.489707
-0.447983
-0.079854
-0.134896
-0.890090
0.208960
0.736369
-0.332426
0.253571
0.172413
-0.439131
-0.380311
-0.107696
-0.335043
-0.085819
-0.197207
0.067079
-0.651960
-0.490377
0.514225
0.850077
0.546425
-0.634002
0.342163
-0.417239
0.647835
-0.692676
0.583598
0.787340
-0.085094
0.040108
-0.697674
-0.586808
0.782265
0.442777
0.123533
-0.186322
0.331709
-0.277197
-0.979234
-0.069085
0.765120
-0.255016
-0.335060
-1.039123
0.496498
0.351147
0.304333
-0.217461
0.630618
0.529312
0.441920
-0.720034
-0.066496
1.095274
-0.394376
0.767136
1.308029
-0.496233
0.158193
-0.371240
0.195874
-0.675025
-0.212860
-0.109127
0.403954
0.293111
0.051384
0.607322
-0.282562
0.060686
0.056879
-1.138547
-0.414352
-0.548589
-0.487398
-0.516184
-0.036017
-0.694932
0.109001
-0.295644
0.694128
0.381482
-0.477555
-0.044910
0.674964
0.494711
0.544432
-0.209729
-0.117797
0.274446
-0.497661
-0.770925
0.167715
1.137027
-0.274198
0.716861
0.084801
0.415607
-0.801608
-0.558567
-0.586785
0.756046
0.387242
-0.522273
-0.292990
0.446385
-0.374808
0.286273
0.258651
0.031557
0.626690
1.193365
-0.015302
0.059687
0.479288
-0.684085
-0.092029
-0.586850
0.082024
-0.052555
0.494810
-0.995116
-0.974500
-0.301793
0.690013
-0.623807
-0.232947
-0.486606
0.248239
-0.272278
0.575766
-0.052328
-0.085797
0.048052
-0.773573
-0.096487
0.409311
-0.403705
0.372081
-0.201927
-0.334646
-0.623436
0.092837
-0.243780
0.666248
0.205915
0.370303
-0.574630
0.475790
0.680986
-0.216526
-0.639248
-0.071537
0.300763
0.526462
-0.095806
0.228753
-0.340280
0.002132
0.312896
-0.489561
0.502597
0.236455
0.057963
-0.028800
-1.172838
0.008157
-0.522975
0.793942
0.462341
-0.478141
-0.458152
0.468339
0.392688
0.003178
-0.544446
-0.344651
-0.393662
-0.285843
0.095907
-0.611711
-0.845990
-0.556405
0.140112
-0.074663
0.039430
0.105069
0.036510
-0.201365
-0.860239
-0.560766
0.510632
0.821698
-0.253128
0.040199
0.163666
-0.543633
-0.899896
-0.325356
0.206322
-0.219172
-0.717735
-0.043391
1.133695
0.315392
-0.042597
-0.119058
0.919341
-0.771966
-0.158644
-0.048694
0.049223
-0.142442
0.316407
0.768233
0.247508
0.805352
-0.132889
-1.055824
0.114098
-0.002434
-0.768057
1.279224
-0.146629
0.337089
0.807306
0.107703
0.355027
0.867320
-0.465098
1.032308
0.167991
-0.225157
-0.616235
0.064247
1.537358
0.504628
0.241749
-1.206938
-0.269754
0.166055
-0.385735
-0.166152
0.897802
0.284047
-0.389248
-0.573241
0.445997
0.859359
-0.629127
-0.053734
0.148759
-0.253499
0.735606
0.249386
0.532834
0.514977
1.568898
0.086141
0.601298
0.495501
0.271929
-0.504131
-0.193277
-1.227264
0.342492
0.344443
-0.443444
0.428471
0.782644
-0.060542
1.073511
-0.234277
-0.037451
-0.569522
-0.226073
0.278355
0.358958
-0.410096
-0.295363
-0.086930
-0.036596
-0.486240
-0.146470
-0.063139
1.002164
0.346573
-0.407104
0.152783
0.028892
0.421957
-1.308645
-0.717855
0.608345
-0.505453
1.071141
-0.754436
0.652078
0.801687
0.677023
-0.418670
0.205770
0.790667
-0.183050
0.236566
0.629931
-1.207032
0.454846
-0.159186
0.124918
0.459923
0.544598
1.551009
-1.572949
0.394294
0.887496
0.909540
0.129596
0.766641
0.094849
0.311909
0.124806
-0.211165
0.621357
0.462571
-0.082651
-0.067806
-1.000309
-0.334003
-0.059873
0.587127
0.281796
-0.582971
-0.283326
-0.438528
0.046817
0.714183
0.587341
-0.015606
0.898010
0.186702
0.954805
0.088866
-0.915949
-0.560029
0.408383
0.950746
0.436320
-0.530312
-0.346850
-0.457757
0.046443
-0.085523
0.163921
0.260071
-0.409860
-0.098159
-0.147454
-0.780361
-0.612992
1.045217
0.428202
-0.007859
0.301643
0.743492
-0.361474
0.414484
-0.377497
0.138079
-0.380709
0.927154
0.021421
-0.617726
0.002443
-0.541626
-0.046892
0.232285
0.219756
-0.454419
-0.123402
-0.445811
-0.195173
-0.342053
-0.182497
1.320263
0.067823
-1.036978
-0.697584
-0.751101
-0.349807
1.149146
-0.368822
-0.453589
0.741450
-0.241668
0.678174
0.760852
0.567213
-0.155855
-0.587274
0.284401
-0.774586
0.026065
-0.117030
0.743471
-1.000386
-0.301707
0.013944
0.345658
-0.277957
0.284476
-0.374131
-0.017314
0.188698
-0.339131
0.679987
-0.211329
0.154527
-0.493533
0.067069
-0.540942
0.153632
-0.495516
-0.169408
-0.006914
-0.285401
-0.189692
0.616690
0.291649
0.171115
-0.096056
0.402076
0.019955
0.299384
0.451462
0.785398
1.087312
0.342237
-0.411138
0.211212
-0.280868
1.076909
0.935149
-0.279728
-0.513535
-0.120566
0.592289
0.138390
0.408955
-1.232589
-0.110441
-0.451953
0.467050
-0.918623
0.513126
-0.281501
-1.273491
0.002486
-0.687549
-0.751767
-0.759536
-0.148765
-1.094710
-0.066633
0.233815
-0.614500
0.789889
-0.708589
0.536886
-1.020245
-0.109801
-0.788073
0.686346
0.066481
-0.556975
-0.324592
0.464465
-0.108653
-0.243044
-0.170017
-1.002189
0.198987
0.026904
0.062957
-0.036367
0.461511
0.625121
-0.619543
-0.384780
0.624710
-0.444383
0.000650
0.183871
-0.531971
-0.019293
0.160788
-0.324676
0.555097
0.199067
-0.693380
-0.388217
0.979391
-1.359972
1.098250
0.111836
0.174771
0.673506
-0.191766
0.421929
0.125449
-0.118158
-0.166553
0.475430
-0.156499
-0.370168
0.073292
-0.363757
-0.478567
-0.202813
-0.860815
0.108180
-0.870305
0.742621
0.550448
-0.923103
-0.072983
-0.066802
-0.011694
0.589629
-0.144156
0.706833
-1.471324
-0.764995
-0.637516
0.189221
0.414585
0.496151
0.116015
0.509817
1.499724
-0.717282
-0.413094
0.349536
0.110893
0.298145
-0.227740
-0.601450
0.294981
0.103048
0.374921
-0.120390
0.693527
-0.292471
-0.569438
-0.156870
0.161838
0.693278
-0.470656
-1.511527
0.454404
-0.296690
0.456988
-0.152341
0.844212
-0.025338
-0.282318
0.116971
-1.122822
1.209584
-0.199502
-0.135965
0.145787
-0.784648
-0.241273
0.320260
0.635789
0.059631
-0.888391
0.784471
-1.044109
0.301064
0.572507
-0.272835
0.440864
-0.462407
0.102349
0.466223
0.306556
-0.319049
-0.202097
0.562198
-0.347513
0.784890
-0.264580
1.261488
0.301614
-0.616882
-0.384285
-0.862752
0.581452
0.163419
-0.649803
-0.535440
-0.501626
0.008195
-0.648870
-0.520837
-0.514139
0.092413
-0.189285
-0.290762
0.428109
0.638200
0.192796
0.612747
-0.462449
0.306783
-0.903842
-0.316970
0.682878
0.640826
-0.194174
1.549589
-0.353107
-0.117242
0.535904
-0.108977
-0.136368
0.080043
-0.360470
0.496896
0.922555
0.457864
-0.564736
0.608739
0.110318
1.009152
0.034465
-0.156247
0.518546
-0.682744
0.598411
-0.005450
-0.053962
-0.613854
0.606631
0.624375
-0.073568
0.291539
0.242521
0.427022
0.869328
0.204670
-0.436711
-0.053461
-0.471919
-0.837678
-0.553629
-0.271381
-0.262863
-0.684782
-0.486773
0.613833
-0.355063
-0.767869
-0.484486
0.339647
0.529345
-1.487196
-0.151452
-0.588485
-0.426572
-1.218189
-0.847280
-0.354425
0.042029
-0.049048
-0.206724
0.378982
-0.169205
-0.629470
0.424262
-0.412413
0.283488
0.258543
-0.114359
0.241561
0.839157
0.283297
0.136786
-1.191469
-0.084167
0.000848
-0.534044
-0.108839
-0.522854
0.211406
0.779889
-0.154864
0.958870
-0.850332
0.904487
0.483854
0.532486
0.024846
0.025303
-0.135937
0.210356
-0.631000
0.327867
-0.660188
0.393136
0.985640
-0.473174
0.707791
-0.374369
-0.614053
0.305050
-0.024521
-0.701751
0.854590
0.131185
-0.795715
-0.389935
-0.457976
0.448133
1.583463
0.968284
-0.269959
-0.829614
0.091380
-0.465310
-0.566603
