-0.248779
0.667024
-0.116058
0.375670
0.399411
-0.936549
0.536586
-0.222801
0.560729
0.030282
1.171280
0.237986
0.184142
0.346696
-0.305587
0.343034
0.012673
0.446100
-0.146042
0.061437
0.089643
0.078124
-0.499400
0.257779
-0.881070
-0.401055
0.492989
-0.675788
-0.014618
-0.397088
-1.134125
-0.102774
0.420705
-0.776050
0.414752
0.378945
0.396977
0.061281
-0.185137
-0.082261
-0.230206
-0.382686
-0.500445
-0.120289
-0.114513
0.082688
-0.230658
0.236791
-0.235688
-1.138104
0.027882
0.258318
0.412304
0.188625
0.408025
0.541080
-0.010061
-0.038430
0.007308
-0.036299
0.575286
-1.257413
0.252545
-0.128705
0.076320
-0.041028
-0.150282
0.386881
0.386450
-0.317778
-0.621764
-0.424815
-0.911721
-0.209121
0.088114
1.092951
0.397879
-0.296186
0.023412
1.046871
-0.629274
-0.185453
0.763470
0.276762
-0.327547
0.167829
-0.328872
0.176699
-0.120556
-0.886201
-0.356471
0.041506
0.017354
0.245040
0.603670
-0.481074
-0.241154
0.312016
-0.313382
-0.032223
0.652700
0.457789
-0.406958
-0.048550
0.281933
-0.320245
0.377864
-0.466933
0.140853
0.471416
-0.076723
-0.335252
0.506517
-0.389324
0.409892
-0.391837
0.016100
0.161338
-0.270637
-0.183219
-0.498578
0.136228
-0.024849
1.047647
-0.076286
0.285564
-0.813981
-0.477384
-0.076278
-0.651143
0.957215
0.661527
-0.216418
0.914911
0.824711
0.472742
0.662436
-0.084649
0.992222
-0.320009
0.887601
-0.110448
0.145582
0.096090
-0.601144
1.238359
-0.105649
-0.117849
-0.098147
0.525215
-0.182864
-0.111565
0.134864
0.125648
0.252623
0.982940
-0.428242
-0.284246
-0.687642
-0.354243
0.054428
-0.266817
-0.150711
0.565732
0.192690
0.218893
0.806693
-0.594595
-0.596975
-0.656597
-0.549794
0.122238
-0.474875
-0.507786
-0.555952
-0.060517
0.114835
-0.215547
-0.503732
-0.082632
0.548791
-0.265937
-0.482905
-0.715366
0.925253
-0.406079
-0.296174
0.399003
1.309618
0.261470
0.612647
-0.831880
0.435953
-0.462068
0.807257
0.851974
0.030568
-0.202242
0.641334
-1.459638
0.195435
0.326408
-0.267816
0.248568
0.062089
-0.498581
-0.230890
-0.243241
-0.376741
0.491463
0.103033
-0.185927
-0.356111
-0.173289
-0.158702
0.047749
-0.621825
1.481549
0.552207
0.576302
-0.054709
0.154358
-0.489918
0.487176
-0.298700
0.092708
0.244000
-0.149638
0.914544
-0.035056
-0.220808
-1.096417
0.094384
0.436831
0.268350
-0.122930
-0.606344
-0.147640
-0.195388
0.303085
-0.360473
-0.684678
0.200771
-0.337391
0.420030
0.586611
-0.088968
-0.414890
-0.969777
-1.050737
0.106565
0.881340
1.297941
-0.576972
0.593160
0.155439
0.388754
0.846191
-0.537690
-0.780300
1.314192
-0.168656
-0.319248
0.069421
0.358094
0.593094
-0.431153
-0.293415
0.192562
1.205820
0.094135
-0.243058
-0.331128
-0.058885
0.313249
0.278552
0.883551
0.197375
-0.177131
-0.061548
0.047087
-0.296717
-0.003771
0.173530
-0.043980
-0.434807
0.367421
-0.082585
-0.359138
-0.078563
0.624989
-0.199969
-0.595187
-0.662538
0.851333
0.548438
0.260915
0.229487
-0.256689
-0.322849
0.422048
0.096582
-0.832191
0.155855
0.721068
0.125173
-0.335890
0.385154
-0.220619
-1.042181
0.334247
-0.449632
-0.306090
0.053046
-0.202021
-0.002379
0.313899
-0.559627
-0.318838
-0.764362
0.070596
0.528645
-0.133934
0.104692
0.705556
0.578364
-0.273666
-0.608238
0.380380
0.372549
0.443998
0.083216
0.010648
-0.027798
-0.691990
-0.558392
0.488343
0.353584
-0.283132
0.055111
0.547954
-0.093592
0.317823
0.189585
0.444199
-0.534893
0.773816
0.086550
0.105341
-1.400536
0.043260
0.319059
-0.110782
0.715915
-0.127647
-0.104682
0.028418
-0.367398
-0.254859
-0.183544
-0.696380
-0.069508
-0.232079
-0.117653
-0.508090
-0.413844
-0.687531
0.785824
0.293155
0.502973
0.733795
0.575598
0.001974
-0.076534
0.550584
-0.982860
-0.499152
-0.070297
-0.551214
0.150550
0.236434
0.380455
-0.175535
0.398891
0.846482
0.007635
-0.362671
-0.284205
-0.351114
-0.967475
-0.430667
-0.794460
0.546976
0.305217
-0.270866
-0.269390
0.068778
-0.601950
0.263893
-0.047043
-0.197847
0.164663
-0.492513
-0.742920
0.619554
-0.326192
-0.052485
-0.082900
0.545977
0.072724
0.012717
0.093853
0.212208
-0.484110
-0.636182
0.357063
0.399999
0.298339
0.476261
0.442708
0.112435
-0.364990
-0.182181
-0.155548
0.042220
0.350609
0.440171
-0.025262
-0.411687
-0.943203
1.190430
0.068394
-0.124251
0.323673
-0.028560
0.088959
0.462192
-0.462957
-0.220680
0.590243
0.016665
0.096906
0.131926
0.615282
-0.029565
1.098810
-0.108508
0.136567
0.482490
-0.087502
-0.415299
-0.325092
0.375666
-0.836566
-0.294000
0.214823
-0.120346
0.747056
-0.455469
-0.078769
0.443411
-0.064035
-0.177202
0.378761
0.345375
-0.272444
-0.336567
-0.864018
0.501540
-0.618257
-1.271653
-0.126413
0.369778
-0.628559
0.190485
-1.052166
0.583203
0.010876
0.111664
0.389389
0.306183
0.798819
0.327504
-0.086180
0.184260
0.467271
-0.584617
0.365436
-0.448588
0.254442
0.249029
-0.003715
-0.145755
0.228751
0.230587
-0.524166
0.200341
-0.471602
0.283315
-0.279666
0.071291
0.287647
0.243370
0.241550
-0.941672
0.071858
-0.910797
0.494031
-0.963683
0.306653
-0.278479
0.475359
0.001839
0.359110
-0.289939
-0.309461
0.376100
0.551475
-0.015880
-0.102690
-1.475810
-0.095823
0.599942
-0.078077
0.126864
-0.230584
-0.314070
-0.211614
-0.966899
-0.340653
-0.059771
0.452563
0.698657
0.021902
-0.251589
-0.249581
0.496105
-0.162157
-0.046363
-0.283661
0.469297
-1.319174
0.517534
-0.154195
-0.169491
-0.250981
-0.974947
0.187609
-0.168500
0.710785
-0.231580
-0.152701
0.174277
0.042587
-0.406336
-0.201734
0.371775
-0.145268
-0.304450
0.119007
-1.021326
-1.085118
-0.250537
-0.162189
-0.434600
0.620597
0.514158
0.179504
-0.044743
0.523887
-0.610889
-0.968435
-0.321596
-0.255333
-1.013040
-0.384660
0.563087
-0.255799
-0.371762
-0.264468
0.376818
0.501432
-0.331218
-0.229371
0.394560
-0.681300
-0.008090
0.619595
-0.465109
0.240224
0.656745
-0.661804
-0.135665
0.051211
-0.069381
0.522774
-0.096419
1.035176
-0.176463
-0.037813
-0.546765
-0.420543
-0.641726
0.435679
0.284764
0.374093
0.259868
0.470199
-0.815034
0.754949
0.100771
0.043861
-0.336724
-0.384636
0.900267
-0.429527
0.239683
0.279974
0.289583
0.524216
-0.606190
0.246673
-0.310140
1.042353
-0.381974
0.157767
0.613717
0.270710
0.026804
0.113275
0.734644
0.445962
0.441161
0.529094
0.958515
-0.364416
0.604664
-0.321091
-0.294242
-0.122410
0.198483
-0.228574
-0.181434
-0.169956
-0.283096
-0.547262
0.179051
-0.333049
-0.046504
-0.828082
1.120960
-0.643390
0.358154
0.428223
0.536899
-0.907055
-0.240992
0.105636
0.766109
0.727060
-0.590596
0.018479
0.436888
-0.315195
0.010300
-0.566177
-0.131098
-0.687215
0.718150
0.330336
-0.441032
-0.914318
0.037284
-0.051785
0.243921
0.025862
-0.694057
0.342921
-0.577025
-0.870264
-0.057654
-0.949019
0.084289
0.158150
0.237344
-0.212955
-0.385327
-0.015068
0.269329
0.445610
0.626748
-0.033072
0.269382
0.485519
0.573355
-0.817369
1.367492
0.608644
0.907680
0.014792
0.104905
-0.005618
0.902627
0.017430
-1.523528
0.425675
-0.006134
-0.311366
0.359224
-0.086902
-0.392007
-0.198921
-0.265839
-0.072605
0.279191
-0.184831
-0.636553
0.322224
0.792947
-0.059243
-0.420772
-0.309831
0.194745
-0.102459
0.341768
-0.280467
0.191808
-0.803654
0.406370
-0.352335
-0.799120
0.435936
0.274199
0.004455
0.589843
-0.396959
0.374554
0.129334
0.260641
-0.944460
-0.724409
-0.686841
0.070799
0.025253
-0.015644
-0.850939
-0.154406
0.366251
-0.026399
0.812367
0.001394
-1.157014
0.368670
0.809137
-0.023472
-0.172981
-1.129062
0.510059
0.578124
0.424170
0.298751
-0.312800
-0.370629
-0.013583
0.142889
0.345966
-0.356672
-0.565383
0.124897
-0.253963
0.485342
-0.227943
1.244123
-0.524664
0.127705
-1.187510
-0.242533
-0.218781
0.593608
0.017957
0.371169
0.152928
-0.401598
0.110088
0.167384
-0.254116
0.497895
-0.188575
0.175565
-0.355240
-0.408173
-0.259837
-0.368922
-0.369814
0.433638
-0.017107
0.275545
0.624238
0.261568
-0.282721
0.664189
0.286417
0.037606
0.162325
0.114070
-0.076330
-0.305931
0.908612
0.364383
0.435920
-0.035875
0.394795
0.562977
0.585766
0.249246
0.374679
0.113983
-0.394895
0.703514
-0.115859
-0.078142
0.594818
-0.036047
-1.192586
0.114315
-0.281740
-0.094517
0.374860
0.193162
-0.178638
0.785154
0.087465
-0.743647
0.678400
0.701266
-0.185947
-0.591633
-0.222046
0.179079
0.257497
0.456540
0.076856
-0.118034
1.176549
0.363522
-0.367345
0.093587
0.504201
-0.235170
-0.362767
0.286907
0.638227
0.427750
0.109143
0.054589
0.503849
-0.125314
0.341635
0.011077
0.222358
0.763221
0.210178
-0.737439
-0.235156
-0.094829
-0.379135
0.608805
-0.175042
0.273830
-0.327004
0.523028
0.551251
-0.087808
0.023958
-0.603861
0.713082
0.749698
-0.067560
-0.256171
0.056032
0.021631
0.033445
0.035677
1.094925
0.311994
0.053682
0.415071
-0.166096
-0.075031
-0.775100
-0.939423
-0.152052
0.144758
0.003151
-0.756712
0.201066
1.038979
-0.472259
-0.014712
0.559817
-0.322243
0.095933
-0.313416
-0.086530
0.654675
0.173884
0.417910
0.943416
-0.433526
-0.295353
-0.433328
-1.281619
0.734083
0.121987
0.099348
-1.326256
0.150926
0.034853
0.204780
-0.600767
-0.050997
-0.282220
0.784202
-0.783704
0.230881
-0.704695
0.283793
0.089619
-0.652267
-0.320032
-0.347893
-0.038605
0.335479
-0.357405
-0.336742
-0.290752
-0.402320
0.678253
-0.516757
0.578449
0.154556
0.362054
-0.029141
0.012683
0.592186
0.232388
0.504459
0.670976
-0.196782
-0.193418
0.721096
0.603031
0.293783
0.163583
0.474941
0.236109
-0.441918
0.396078
0.391703
0.021111
0.333213
-0.002860
0.448654
0.922302
0.307860
0.060459
-0.773175
-0.344304
-0.796543
-0.804167
0.674178
-0.524207
0.124952
0.714797
0.647566
-0.147127
0.301913
-0.557166
0.033311
-0.440704
0.304493
-0.691374
-0.075424
-0.117516
-0.142768
0.421597
-0.678430
-0.205056
0.344975
-0.014566
0.009582
-0.662452
0.786507
0.041629
-0.353173
-0.039318
0.857963
-0.007818
0.295671
-0.262964
0.048635
0.136761
-0.215800
0.604968
0.304859
-0.031101
0.247903
-0.130855
0.112464
0.525487
-0.595142
-0.856709
0.026960
0.171636
-0.148990
0.258196
0.720592
0.482581
-0.192789
0.173638
-0.192408
-0.220671
-0.318298
0.386627
-1.218151
-0.387538
0.154602
0.004087
0.143954
0.060672
0.294641
-0.045649
0.933055
0.010347
-0.217747
0.999009
-0.409448
0.724519
0.194491
-0.250206
0.647322
0.246997
0.623237
-0.904210
-0.276051
-0.513448
0.338355
-0.183080
-0.440815
0.008304
0.537357
-0.357964
0.566447
-0.023552
-0.477052
0.742280
0.692845
0.173131
-0.339926
-0.278772
-0.250846
0.924036
0.444417
0.752333
-0.002378
-0.106034
0.099800
-0.038652
0.367575
-0.952077
0.404543
0.001901
0.135328
0.665450
0.585732
-0.038237
-0.601040
0.515328
-0.915949
-0.070517
0.214465
0.102670
-0.247492
-0.061086
1.351357
-0.082136
-0.000817
-0.636763
0.120572
0.780006
-0.583193
0.137420
0.013283
-0.171708
0.196287
0.506158
-0.447112
0.243767
0.698972
-0.474215
-0.238118
-0.092699
0.263656
0.061189
0.806397
-0.111285
-0.752721
0.500730
-0.589256
-0.525553
0.548741
0.693353
-0.684409
0.222617
-0.173663
-0.804290
0.310789
0.285179
-0.008253
0.794445
-0.557865
-0.769816
-0.297302
0.016838
0.744231
0.301647
0.356482
-0.162693
-0.115755
-0.675978
0.555187
0.499362
-0.020051
-0.492555
0.086376
-0.533334
0.079560
1.077879
0.523975
-0.288434
-0.014037
0.068354
0.283222
0.086840
-0.854928
0.083717
0.264999
0.149016
-0.119525
-1.138706
0.244851
0.657662
0.213897
-0.289356
0.086178
0.636424
0.079727
0.250460
-0.122072
0.420365
-0.076957
-0.374314
0.361529
0.312793
0.798044
-0.195897
0.083954
0.200103
-0.190955
-0.377644
0.070059
0.511496
-0.055759
0.699594
-0.495726
0.766001
-0.335373
-0.815279
0.481819
0.270176
0.897034
-0.099546
0.878059
-0.070873
0.325727
0.050855
-0.237159
-0.239285
-0.107722
-0.580501
-0.559370
-0.408107
0.462068
0.039624
0.180941
0.150546
0.813984
0.929166
0.073683
-0.163094
-0.601050
-0.805770
-0.436827
-0.219208
-0.300580
0.551309
0.997935
-0.731994
0.195911
0.157519
0.594267
-0.364541
0.111134
0.564572
0.619213
-0.271496
0.862978
0.974605
-0.179040
-0.667957
-0.567107
0.783286
0.540727
-0.049069
-0.541546
-0.415372
-0.595742
-0.636116
0.311633
-0.072608
0.129947
-0.018193
-0.335223
-0.546639
0.052518
-0.100831
-1.016776
-0.302395
-0.199319
-0.446682
-0.107272
0.809876
-0.287454
-0.175516
-0.364601
-0.071155
-0.189441
0.294291
0.106854
-0.453197
-0.923844
-0.117536
-0.122762
-0.168714
0.098027
-0.451557
-0.226406
0.005080
-0.077843
0.550485
0.203428
0.331310
-0.121302
-0.374280
-0.548165
0.598363
-0.031386
0.332829
-0.662894
-0.829932
0.436365
0.300922
0.818368
0.097200
0.126547
0.466332
-1.097287
1.043768
-0.295620
0.576917
-0.011024
-0.785139
-0.516531
0.296182
-0.088400
-0.503442
-0.274688
-0.082051
-0.325633
0.618256
-0.206157
-0.846411
0.400476
0.424123
0.053715
-0.281446
0.483085
0.350046
0.251008
-0.041471
0.763150
-1.308180
-0.351223
0.352864
0.453867
-0.115905
-0.406016
-0.026248
0.057137
0.879910
-0.412221
-0.468579
0.925003
-0.373301
-0.264191
0.624785
-1.202386
0.040220
0.170613
0.356576
0.733393
0.320772
-0.219756
0.203846
0.291495
-0.209226
-0.972476
-1.073744
0.443689
0.687502
-0.280401
-0.107760
-0.931409
0.702871
0.244813
-0.416944
-0.839012
0.142405
-0.274569
-0.375221
-0.269145
0.211186
0.064781
0.444029
-0.072961
0.030409
-0.853119
0.158031
-0.458667
0.148494
-0.112773
1.021141
0.155432
0.098513
0.520456
-0.113932
-1.067782
-0.543373
0.337134
-0.302378
0.240804
0.004254
0.346471
-0.531674
-0.042762
0.173986
-0.333015
0.414220
-0.415786
0.023632
-0.543639
0.797186
0.650758
-0.449056
-0.753270
-1.054949
0.324097
0.934656
-0.038295
0.068379
0.556341
0.396966
0.575773
-0.079713
-0.491640
-1.079703
0.292349
-0.231262
0.122957
-0.220751
0.314304
0.282019
0.113450
-0.911600
-0.130556
0.025765
-0.425093
-0.846070
0.323345
0.012524
0.446690
-0.140221
0.488895
-0.006345
0.166577
-0.585682
0.240726
0.422341
0.019335
0.280476
0.164348
-0.530668
-0.357532
-0.172397
0.076959
-0.004311
-0.405899
0.239968
-0.496655
-0.226742
-0.034740
0.120032
0.135090
0.352943
-0.428637
-0.143007
0.097525
-0.654428
-0.072093
0.135814
-0.430095
0.114557
-0.317000
-0.077531
0.265921
0.020519
0.670656
0.201830
-0.342955
0.040620
-0.252914
0.641718
0.260643
-0.005104
0.019837
0.954414
-0.011353
-0.451956
0.759507
-0.587230
-0.052883
0.345460
-0.480720
0.607357
0.328556
-0.188147
0.425877
0.392215
-0.744408
0.266442
0.288544
-0.021840
-0.102089
-0.413797
0.111692
-0.344365
-0.071461
0.294262
-0.597698
0.510058
0.499151
0.233173
-0.580703
-0.343946
-0.117614
0.459074
0.218645
0.076485
-0.861127
-0.100641
0.383865
-0.269190
-0.479816
0.635590
0.427602
-0.678015
-0.902225
-0.131592
-1.097453
-0.237040
0.529653
-0.029822
0.207058
0.431517
-0.440230
0.161941
-0.622520
-0.085018
0.780147
1.141125
0.125516
-0.256948
-0.291336
0.215555
0.009468
-0.619746
-0.439730
0.490182
0.262243
0.326291
0.421105
0.267163
-0.167924
0.699203
-0.033937
-0.556662
0.143071
0.372161
-0.269265
0.369143
-0.319101
-0.130483
-0.407508
0.236930
0.061032
0.097627
-0.523312
0.223212
0.379169
0.423134
-0.354319
0.597416
-0.057381
0.143104
-0.312595
-0.235589
-0.678305
0.476916
0.873475
0.267581
0.254991
0.523340
-0.082186
-0.526961
0.775208
-0.727624
-0.341130
0.262260
-0.651518
0.326940
0.590305
0.471671
0.021602
0.047027
-0.165103
0.212563
0.049390
-0.162210
-0.253121
-1.205277
0.198114
0.505203
-0.187207
0.077444
-0.041572
0.153015
-0.999305
0.188533
-0.533859
-0.202084
0.192773
0.050915
-0.316382
0.794630
-0.642409
-0.150614
-0.212541
0.697469
0.051795
-0.215927
-0.394198
-0.055638
-0.837523
0.135003
-0.230005
1.088211
-0.891779
0.065126
0.368301
0.615670
0.563953
-0.250405
0.151216
0.202428
-0.125507
0.521486
-0.562334
0.107313
0.449783
-0.451190
-0.151667
-0.387131
-0.745716
0.559296
-0.264227
0.403885
-0.796522
0.423083
-0.081958
-0.549247
0.407056
0.270694
-0.020437
-0.332214
0.646456
-0.276822
-0.968905
-0.515761
0.472647
0.043656
0.366240
0.442394
-0.431443
0.118745
0.544524
-0.290172
-0.163622
-0.329177
0.508931
-0.713977
-0.019302
-0.484756
0.079504
-0.335518
0.135813
-0.064775
-0.274991
0.227077
-0.669913
0.044619
-0.311107
-0.882442
0.095760
-0.783029
-1.317290
-0.128859
0.773319
-1.219187
-0.901446
-0.659741
0.235132
-0.241152
-0.534040
-0.342558
-0.573512
0.144748
-0.586098
-0.040915
0.647158
0.148072
0.563680
-0.371853
0.619383
0.397955
0.069991
0.256845
0.549383
0.844419
1.023444
1.252706
0.823382
-0.029868
1.126064
0.507451
1.191162
0.008412
0.776993
-0.017242
0.988857
1.321949
1.238245
0.011629
0.524910
0.495438
-0.140909
0.162263
-0.231373
0.306790
-0.363931
-0.275823
-0.962408
-0.315967
-0.610699
-1.198273
-0.165467
0.057914
-0.855626
-0.962983
-0.746406
-0.341578
-0.639093
-0.191168
-0.720087
0.404341
-0.657503
0.720380
-0.191568
0.142237
1.078421
0.624979
0.029524
0.666287
-0.073361
-0.197313
0.362966
0.670160
1.223822
-0.116841
0.596869
0.280736
0.318312
-0.771985
0.290105
-0.488743
-0.029725
-0.017693
-1.156132
-0.342464
0.772261
-0.874852
0.310990
-0.799940
0.411969
-0.076515
0.703768
0.761289
0.548497
-0.520543
-0.025391
-0.634252
-0.296883
-0.292784
0.050187
0.504140
0.847047
0.622194
0.586487
-0.110609
0.486750
0.421396
0.523848
0.537200
-0.058004
-0.028134
-0.299105
0.184497
-0.190115
0.815091
-1.021602
0.003747
-0.561790
-0.290392
-0.596687
0.126754
-0.152124
-1.120801
0.436550
0.154966
0.429985
0.840407
-0.078682
-0.178691
0.485957
-0.529265
0.494382
-0.651572
-0.366091
0.186533
-0.411895
-0.024706
0.871297
-0.902037
0.536238
0.525002
-0.085330
-0.398998
0.017171
0.582731
0.168998
-1.214595
-0.832419
0.383359
0.547621
0.836859
0.554849
-0.220373
0.574800
1.112131
0.552214
-0.364560
-0.631593
0.371188
1.041508
-0.069425
0.586177
-0.002018
0.054028
-0.109900
0.052566
-0.081055
0.530616
-0.694894
0.022250
0.207236
0.576447
0.870606
-0.404074
0.102135
-0.666630
0.227241
0.921807
-0.302240
0.803434
-0.149966
-0.289527
-1.169045
0.305076
-0.437037
0.115968
0.224690
-0.380504
0.060412
-0.205879
0.098967
-0.198438
-0.575924
-0.216211
0.006834
0.070093
0.204496
0.403017
0.389892
-0.110531
-0.452642
0.464391
-0.031497
-0.139076
0.277035
0.141306
0.658966
-0.406465
0.273108
-0.073478
0.612728
0.080769
0.332051
0.327805
0.055182
0.257224
0.161590
-0.468323
-0.605807
-0.172133
0.380292
0.423706
-0.585583
0.877596
0.535942
-0.170465
0.770490
0.251055
0.614522
0.206588
-0.224312
0.767928
0.316344
-0.686023
0.192360
0.375762
0.014556
0.208594
0.154896
-0.035862
-0.453938
0.545578
-0.151407
-0.791338
-0.742825
-0.846294
-0.614244
0.342142
-0.235660
-0.187171
-0.214796
1.011396
0.321522
-0.360840
-0.574446
-0.034497
0.240337
0.062701
0.046596
0.526879
0.308069
0.169505
-0.651111
-0.164514
0.280631
0.691574
0.205207
1.208446
0.109746
-0.030676
0.857835
0.215389
0.021271
0.441872
1.034216
0.584624
-0.395942
0.425166
0.556410
-0.236540
-0.330178
0.094351
0.000623
-0.170271
-0.744620
-0.312914
0.398932
0.012833
0.174629
-0.011210
0.222894
0.332161
0.857260
0.422167
-0.266670
-0.443611
0.107941
-0.304233
-0.573165
-0.850017
-0.082259
-0.469208
-0.062578
0.617079
-0.164107
0.212990
-0.540030
-0.289556
0.703940
0.197772
-0.277649
0.676437
-0.292148
-0.128751
-0.323354
-0.362523
0.427022
0.027048
-0.005975
0.131040
0.101309
0.413564
0.160442
0.700687
0.142493
-0.220439
-0.720414
0.932999
-1.053219
0.205751
0.574258
0.124797
-0.150772
-0.915656
-0.626343
0.426274
0.322066
-0.529009
-0.493168
0.185308
0.211687
-0.516247
-0.191299
-0.366419
-0.120315
0.473894
0.081884
-0.247924
-0.372531
0.230044
0.466961
0.208718
-0.044676
-0.086730
0.009855
-0.359283
-0.527089
0.000570
0.364424
-0.161690
-0.281390
0.513490
0.610886
0.247903
0.047246
0.563102
0.042469
-0.747796
0.544316
-0.005127
-0.040534
1.490720
0.205576
-0.360236
0.415465
0.402741
-0.562032
-0.946374
0.012793
0.295810
0.281001
-0.237706
-0.133928
-0.516491
0.279082
-0.429590
-0.078502
-0.417034
-0.265222
-0.411339
0.241124
-0.037413
0.022923
-0.792835
0.463552
-0.062737
0.262146
0.018668
0.506133
-0.705997
-0.024396
0.513285
-0.852732
1.767611
0.443174
0.024653
-0.188695
0.718495
0.004022
-0.609200
0.885853
0.030853
-0.041430
0.605248
0.071280
-0.512159
-0.270134
-0.330626
0.541425
0.238136
-0.357624
0.603598
-0.175283
0.035462
-0.377724
0.053931
0.165165
-0.290086
-0.327699
-0.428591
-0.031322
-0.467125
0.263126
0.125880
-0.975090
-0.439385
-0.477707
0.198992
0.354958
0.664588
-0.291320
0.357319
0.563586
-0.180271
0.103591
-0.945418
-0.371341
0.107597
-0.321921
-0.073702
-0.275494
0.762133
-0.041272
-0.241232
0.619495
0.536467
0.197841
-0.099526
-0.112389
0.201176
0.228973
0.381951
0.369298
-0.383727
-0.629344
-0.551118
0.657631
-0.137130
-0.050465
0.142806
-0.286560
0.571780
-0.562568
-0.108301
-0.280011
0.162487
-0.156528
-0.094739
0.260797
0.213486
-0.006048
0.061445
0.210068
0.281218
0.147176
0.161114
-0.680036
0.324478
-0.171104
0.141225
0.134806
0.160361
1.086099
-0.115085
-0.343262
-0.450140
0.341553
0.318410
0.001594
0.844219
-0.658977
0.470436
-0.524648
-0.116669
0.040577
0.271213
-0.120032
-0.347211
-0.166827
0.136452
-0.080079
0.200726
0.302603
0.737342
0.698652
0.227983
0.294055
-0.601372
-0.158807
-0.222408
-0.425546
-1.347589
0.303530
-0.478110
-0.191169
0.116234
0.788764
0.579409
0.358380
-0.533400
0.183431
0.174375
-1.251956
0.333844
-0.011064
0.292239
0.148185
0.700322
0.024962
-0.106205
-0.208599
-0.722302
-0.237179
0.075442
-0.030783
-1.217078
-0.270421
-0.751685
-0.401395
-0.363934
-0.006784
-0.158990
-0.035084
-0.324823
0.766043
-0.002564
-0.285598
-0.532609
-0.639750
-0.853298
0.478441
-0.658750
0.394839
0.450604
0.116497
0.668684
0.428367
0.472227
-0.631164
-0.430002
-0.331595
-0.170258
-0.096020
0.324562
-0.604263
-0.510092
-0.150717
-1.070417
0.654813
-0.478125
0.019337
0.024142
-0.144124
0.883586
0.296492
-0.118925
-0.604259
0.333941
0.167163
-0.051928
-0.774244
0.216328
-0.512843
-0.095745
0.691291
-0.224342
0.447670
0.200240
-0.425930
-1.089931
-0.472952
-0.328673
-0.227543
-0.205084
0.575545
0.061820
0.737515
0.477080
0.115520
-0.728524
0.267694
0.113240
-1.205279
0.205439
-0.207551
-1.030213
0.387055
-0.840335
0.812756
-0.166075
0.960729
0.479095
-0.176896
-0.262810
-0.191547
-1.126710
-0.093923
0.654937
0.494964
-0.900951
0.787148
-0.690853
0.050700
0.279298
0.430079
-0.556453
0.340969
0.730822
0.211555
-0.261539
-0.206409
0.103234
-0.333930
0.162483
-0.506750
0.905809
-0.874799
-0.207105
-0.358030
-0.235836
0.174139
0.102342
-1.186582
0.458184
0.148730
0.196389
0.045538
0.301637
-0.305047
-0.287172
-0.986841
0.166591
-0.286581
-0.439669
0.204228
0.587105
-0.375113
-0.494752
-0.962241
-0.310124
-0.125349
0.677253
0.374562
0.641216
-0.345939
-0.427203
-0.134560
-0.353058
-0.794938
0.257437
0.737979
0.084555
-0.893697
-0.636008
-0.303979
-0.446923
0.335527
0.320366
-0.600383
0.051719
0.841541
-0.031989
0.468450
1.021823
0.277074
-0.272674
-0.207068
0.160291
-0.524660
-0.203221
-0.223179
0.392825
0.517860
-0.435824
1.154563
-0.760448
0.004940
0.361100
-0.324806
0.196365
-1.491212
1.326761
0.315887
-0.362564
0.071883
-0.002065
0.268455
-0.809444
0.086785
-0.222445
0.130069
0.703841
-0.094803
-0.556140
0.005535
-0.301706
0.281880
0.441222
0.131429
0.592928
-0.089619
0.787934
-0.039099
-0.614100
0.469368
0.438917
0.715622
-0.946456
-0.045069
-0.335004
0.755343
-0.079798
-0.209934
0.425479
-0.228650
-0.220812
0.068196
-0.304780
-0.505039
1.885088
-0.596574
-0.621997
0.032872
-0.044377
0.153777
0.313856
-0.707955
-0.442836
0.389915
0.006724
-0.090124
-0.721863
-0.534242
0.435426
0.125576
0.740688
0.962675
-0.781089
0.266427
0.245847
0.459866
0.474267
0.008103
-0.176083
-0.288331
-0.356587
0.193213
-0.635932
-0.442401
-0.201526
-0.528017
-0.875372
0.135511
-0.257519
-0.274086
-0.200029
-0.451439
-0.041413
0.191501
-0.725132
-0.332078
0.203167
0.577918
-0.225035
0.057059
0.622470
1.189562
-0.952703
0.057604
-0.138729
0.521206
-0.070997
-0.431021
-0.346917
-0.747136
-0.154815
0.180000
0.085626
-0.206360
-0.094341
-1.822678
-0.492230
0.398822
-0.537260
-0.080498
-0.455847
0.529366
0.087779
0.287059
-0.407748
-0.336401
1.165710
-0.547045
0.192757
-0.608581
0.856573
-0.673267
-0.003393
-0.615989
-0.170874
-0.428147
0.536909
0.115982
0.063919
0.380490
-0.237103
0.790047
-0.310216
-0.292352
0.475155
-0.209787
0.909466
0.133025
-0.023401
0.050639
0.176214
0.015726
-0.248320
0.164224
0.028801
0.671788
-0.092263
-0.624067
-0.173736
0.850182
0.029987
0.561978
-0.309144
0.036851
-0.072052
0.023721
-0.439453
-0.504722
0.551060
0.729310
0.677104
0.085167
-0.338803
0.079517
-0.303583
-0.297551
-0.095471
0.093700
0.399451
0.172243
0.037639
0.000842
-0.138925
1.116763
-0.420981
-0.016034
-0.048270
0.093446
-0.158922
-0.626740
-0.434938
-0.141328
-0.051066
0.335296
-0.621802
-0.699754
0.594230
-0.717609
-0.415618
-0.164719
-0.026347
-0.116963
-0.409570
-0.251348
-0.519436
0.695011
-0.187223
-0.240172
0.589393
-0.458032
-0.358254
-0.073410
-0.490548
0.227220
-0.453165
0.505704
-0.008137
-0.302019
-0.427531
0.229778
-0.237189
-0.177717
0.415314
0.258759
0.202337
0.549641
0.244194
-1.060823
-0.567496
0.404150
0.030608
-0.844512
-0.440491
0.094762
-0.983469
0.303545
0.450852
0.082992
-0.040347
0.597606
-0.274766
-0.268509
0.300076
-0.285461
-0.355438
0.142503
0.862295
-0.419869
-0.488214
-0.429067
0.421241
-0.312519
-0.106725
-0.370449
-0.149047
-0.095258
0.469052
-0.725270
-0.379982
1.005640
0.332541
-0.098788
-0.259933
-0.280164
0.099221
0.318420
0.757582
-0.175819
-0.716013
-0.014848
0.341766
-0.241948
0.544124
-0.180731
-0.342156
0.622250
-0.526686
0.372179
-0.065806
0.620917
0.178105
0.295902
0.302771
-0.277966
-0.405489
-0.113412
-0.067498
-0.234881
-0.691769
0.152934
-0.134575
-0.950797
0.472161
0.402297
0.730834
-0.809443
0.050856
-1.109468
0.435365
-0.177882
0.116567
-0.112590
0.739184
0.161620
0.422437
-0.272781
0.336609
-0.022887
-0.304246
-0.087239
0.632002
-1.060322
0.039620
0.201169
-0.138570
-0.517723
-0.317388
-0.312731
0.063823
0.203562
-0.186050
-0.318394
0.110906
0.619843
-0.232264
0.491771
0.367733
0.604644
0.461602
0.346953
0.518169
-0.127484
-0.037616
-0.618896
-0.151789
0.667716
-0.334774
0.407511
-0.092198
-0.416276
-0.494990
0.331909
0.035022
-0.016539
-0.452869
0.904727
0.062447
-0.200768
0.268472
0.258089
0.733488
0.410938
-0.410831
-0.033008
-0.370361
-0.059331
0.030236
0.782722
-0.129984
0.344453
0.321461
0.688933
-0.192912
-0.775611
0.272521
-0.133453
0.560808
0.354319
-0.498832
0.233313
0.039057
0.375963
-1.045559
-0.145440
0.052547
-0.629783
-0.518870
0.072756
0.594401
-0.761664
0.225522
-0.112599
-0.423822
-0.115696
-0.006906
0.014825
0.493203
-0.302062
-0.232397
-0.664323
0.342090
-0.322694
0.389452
0.247846
0.013646
0.849058
-0.463245
-0.068408
-0.091902
-0.086199
-0.109141
0.103593
-0.164724
0.188488
0.014521
-0.697090
-0.270111
-0.191925
-0.065226
-0.632897
-0.271110
-0.743372
-0.245395
-0.838253
0.422800
0.633459
0.071762
-0.307222
0.348160
0.134029
-0.217664
0.549407
-0.170496
-0.494250
-0.187201
0.056176
-0.027041
-0.780105
0.211711
0.008574
0.634024
-0.276169
0.376105
0.527141
1.060426
0.150490
-0.479421
-0.425897
0.179631
-0.402894
-0.275235
-0.023119
-0.775016
-0.310497
0.007507
0.089685
-0.081417
-0.369489
-0.535786
0.140630
0.108383
-0.982507
-0.562118
0.329266
0.149224
0.743614
0.133459
-0.604391
0.237263
0.666239
0.278510
-0.117985
-0.418550
0.007735
0.466850
-0.296323
0.145653
0.479163
0.141691
0.243162
0.113608
0.366994
-0.597896
0.914916
-0.054678
0.250535
-0.129983
0.100544
-0.447657
-0.570597
0.200950
0.691827
0.684780
0.200150
0.114023
0.186074
0.621935
0.087481
0.092420
0.570679
-0.539848
0.201190
-0.212781
-0.217120
-0.452486
0.335948
-0.516306
0.656194
-0.145125
0.546924
-0.088924
-0.198274
0.449651
-0.149275
-0.334526
0.481086
0.230355
-0.088228
-1.096566
-0.093390
0.225200
1.265029
-0.630545
1.054393
0.078775
0.620028
-0.917322
0.422854
-0.440298
-0.552620
-0.397324
-0.056744
-0.139453
-0.298383
0.459378
1.161264
0.351693
-1.016946
0.347711
0.001567
0.512945
-0.750506
0.777552
-0.114885
-0.058455
-0.750566
-0.518093
0.627319
0.782469
-0.713682
0.284317
0.164719
-0.710364
0.271402
0.301597
-0.016018
0.196523
-0.128697
0.483628
-0.585142
-0.785555
0.149714
-0.466503
0.228411
-0.478171
0.286093
-0.261190
0.765031
0.883698
0.011229
-0.334519
0.002133
-0.124446
-0.703842
0.607015
-0.429833
-1.080056
0.436976
0.225210
0.131906
0.225143
-0.614300
0.220181
-0.377910
0.815645
0.459429
-0.284881
0.111322
-0.352032
-0.464121
-0.603473
-0.033506
0.732993
-0.168862
-0.557947
0.120617
0.488765
0.184530
-0.364231
-0.019530
0.093478
0.000418
0.677908
-0.345335
-0.198797
-0.071706
0.124785
-0.966225
0.286312
0.451324
0.089565
-0.535429
0.005733
0.606149
-0.180626
0.351875
0.708375
-0.077129
0.296011
1.314102
0.143868
0.850475
-0.357823
-0.130584
0.076792
0.306916
-0.316793
-0.300008
0.492180
0.331869
0.672395
-0.417776
-0.511702
-0.958437
0.280030
0.231141
0.279438
0.195896
-0.790638
-0.342128
0.113699
-0.362241
0.392140
0.365228
0.307744
-0.215880
-0.131231
-0.343567
0.383587
-0.342504
-0.439513
0.290427
0.107878
0.233347
0.280301
-0.268406
-0.562338
0.474678
0.340844
-0.117074
0.846794
0.274740
-0.220658
-0.388275
0.658399
0.006743
0.770913
0.143967
-0.153650
0.252978
-0.539693
0.370429
0.355132
0.030447
-0.670534
1.560274
0.504680
-0.078923
-0.447355
-0.499579
0.794379
-0.518850
-0.255103
0.421987
-0.244589
0.652361
0.358663
0.145832
0.461193
0.568580
0.064415
0.204816
0.650975
-0.216052
-0.611428
-0.428268
-0.788909
0.996392
0.238897
0.134762
-0.007435
-0.678135
0.459902
-0.131370
-0.203628
0.185145
0.429076
0.474915
0.335742
-0.311932
0.371443
0.903892
-0.279887
-0.154629
-0.117768
-0.313934
0.532203
-0.019542
-0.466791
-0.188669
-0.530395
0.339863
0.686047
0.062212
0.257213
0.063711
-0.087025
0.034286
0.639063
0.371877
0.467322
0.062442
0.880265
-0.307069
-0.685218
-0.274751
0.336278
0.572581
0.403539
0.102986
0.113359
-0.235745
0.500601
-0.532013
0.120961
0.184535
0.046521
-0.104294
-0.271872
0.825881
-0.604267
0.208622
-0.838495
0.229327
0.440290
0.261570
-0.218560
-0.366316
0.011392
-0.018045
-0.677436
0.062900
-0.071288
0.231478
-0.029130
-0.101682
0.058552
0.148726
-0.054925
-0.025284
-0.546024
0.206562
0.205792
-0.466333
0.617640
-0.288850
0.414323
-0.281176
-0.396605
0.037293
-1.134005
-0.164589
0.451887
0.416925
0.367109
-0.906539
0.728520
0.240003
-0.165900
-0.263913
-0.788504
-0.005809
0.079564
0.219556
-0.528478
-1.552350
0.429949
-0.240202
-0.525710
0.233534
0.551658
-0.114861
-0.561878
0.426173
-0.559851
-1.051483
-0.363712
-1.380256
-0.558281
-0.933315
-0.422199
-0.485392
-0.339315
1.038120
-1.050460
0.239197
-0.200941
0.377491
0.276286
0.034431
-0.036205
0.344959
-0.564415
-0.194250
-0.492187
0.296042
-0.094407
0.102312
-0.579732
-0.022160
0.125643
-0.092050
-0.127957
0.026117
-0.115103
0.180674
0.258160
-0.120742
0.842272
-0.314487
-0.830051
-0.454915
-0.267189
0.092195
-0.135094
0.995431
0.567508
-0.254779
0.251533
-0.267620
0.144817
0.226925
0.253393
0.675466
-0.584951
-0.938011
0.530203
0.467084
-0.599955
0.332330
-1.028919
-0.013915
-0.211340
-0.006922
0.413410
-0.468884
-0.401673
0.115415
-0.156709
-0.063210
-0.498980
0.318145
0.776958
0.041636
-0.211117
-0.486895
0.838423
0.152834
-0.561683
-0.265440
0.754485
-0.081555
0.373128
-0.929677
0.244507
-0.154031
-1.089597
-0.159155
0.040625
-0.130963
0.032600
0.002109
0.167161
0.103922
-0.676140
-0.116243
-0.337713
0.526952
-0.089114
-0.008719
0.396207
-0.501015
0.570314
-0.852397
0.069940
-0.223248
-0.439879
-0.192617
0.909114
0.450734
-0.211583
-0.845039
-0.154759
0.118603
0.402516
0.553049
0.082939
-0.474851
0.309183
0.399544
0.079978
0.571965
-0.227304
0.362004
-0.002870
0.172286
0.307569
0.086790
0.184428
-0.599373
-0.454811
-0.132024
-0.351420
-0.228484
0.045736
-0.173783
-0.251397
0.264322
-0.394870
-0.310375
-0.299445
0.377456
0.216406
0.105921
0.323312
-0.009197
0.399339
-0.335230
-0.553735
1.161601
0.609243
0.465918
-0.825909
0.000766
-0.452221
-0.927836
0.307534
-1.308751
0.974570
-0.447736
-0.307393
-0.182758
0.055454
-0.052557
0.158376
-0.129074
0.844432
-0.144406
-0.038486
-0.864530
0.652120
0.298302
-0.729657
0.000279
0.168649
0.120438
-0.241562
-0.490321
0.315227
0.102103
-0.040728
-0.915816
-0.085365
-0.187381
0.317756
-0.478760
-0.256977
-0.234141
0.747906
-0.924223
0.411312
-0.148268
0.014116
0.560691
0.663798
0.431232
0.143822
-0.069357
-0.427349
0.424346
0.279858
-0.099763
0.078475
-0.853972
-0.089551
-0.897551
-0.747118
0.655645
-0.277835
0.817595
-0.266840
-0.059024
-0.803803
-0.795936
0.462307
-0.305515
-0.452588
0.587476
-0.466618
0.039431
0.237897
0.439422
-0.152014
0.434436
-0.184407
-0.263099
-0.157542
0.710356
-0.793119
-0.056837
-0.260291
0.033533
-0.605355
-0.235113
-0.517710
0.414763
0.699865
-1.019746
0.190984
-0.572051
-0.761401
0.652910
0.391910
-0.131500
-0.190349
0.362418
0.392440
-0.156052
-0.962890
-0.519784
-0.766564
0.466383
0.275606
0.769678
0.181776
-0.209112
-1.083940
-0.043593
-0.923742
0.058539
-0.269987
0.503762
-0.670202
-0.718658
0.045112
0.188002
-0.109466
-0.137365
0.937544
0.854645
0.353533
-0.708026
0.692758
0.265079
-0.608367
-0.210477
-0.057114
0.236529
-0.115273
0.778367
0.174652
-0.715023
0.827316
0.473833
0.522686
1.038261
-0.202191
0.816003
-0.418416
0.493419
-0.441862
-0.394447
-0.250603
-0.670649
-0.455959
0.666582
-0.533399
0.422936
-0.390465
-0.900718
-0.135695
0.279598
0.534468
0.712757
-0.298254
-0.422849
-0.656261
0.004638
0.443237
0.051110
0.799490
0.987800
-0.659936
-0.976352
0.557169
0.212739
0.308329
0.159780
0.445818
-0.678687
-0.937395
0.091586
-0.378063
-0.254099
-0.913328
0.699349
-0.120305
0.304708
0.276851
-0.212376
-0.421737
0.172073
-0.183142
0.333526
-0.462152
-0.424360
0.223993
-0.655974
-0.603219
0.089536
-0.226606
1.048226
0.053921
0.257313
-0.532178
-0.305567
0.279907
-0.112410
-0.550592
-0.084950
-0.011990
0.771059
0.138485
0.589595
0.159787
-0.467588
-0.019666
0.363370
-0.337367
-0.691016
-1.097538
-0.009388
0.110242
-0.268348
0.012742
-0.527318
0.402543
0.636486
0.788296
0.033129
-0.880830
0.364005
0.569602
0.601142
0.340000
-0.642250
-0.346703
0.086722
0.187255
0.148558
-0.269632
-0.214402
-0.091222
-0.434185
-0.678570
-0.409246
0.041222
0.683411
-0.325496
-0.687809
-0.183730
0.034110
-0.532249
0.039238
-0.407013
1.432561
0.281205
-1.115105
1.211024
0.352448
0.612514
0.694988
-0.658401
0.781108
-0.534990
0.276218
0.022257
0.246516
-0.167330
0.304537
0.122189
-0.925678
0.547841
-0.085380
-0.108385
0.344759
0.909431
-0.436838
0.687968
0.127159
0.232151
0.967316
0.173970
0.443191
0.301911
-0.472091
-0.006254
0.137000
-0.153091
0.370873
-0.310684
-0.937484
0.823093
0.277320
0.052915
0.720655
0.616641
-0.344274
-0.446521
0.568371
-1.444014
-0.272108
-0.417214
0.726933
0.515503
0.854363
0.331411
0.558271
-0.419546
0.145666
-0.287271
-0.323065
0.109104
0.901402
0.554153
-0.871514
0.474590
-0.778246
0.491342
-0.311467
0.013439
0.230261
0.540169
-0.013907
-0.190085
-0.240724
-0.453654
0.566484
0.187351
-0.723392
0.898009
0.472480
-0.235202
-0.385959
0.600310
-0.262829
0.963032
-0.484972
0.565271
0.042415
-1.255316
-0.182415
-0.169880
0.511867
0.087291
-0.285922
-0.176656
-0.226842
0.007495
0.018506
0.596703
-0.590924
0.345373
-0.346655
0.200932
1.193109
0.102873
-0.118897
-0.269465
-0.183999
-0.651509
0.520077
-0.587195
0.673485
0.302643
0.707842
-0.157312
0.264250
-0.145558
-0.435825
-0.121425
-0.713348
-1.116192
0.549408
0.186781
0.788306
0.136484
-0.512146
0.309031
-0.724009
0.239898
-0.084818
-0.367397
0.376245
-0.050479
-0.429121
-0.936223
-0.638302
0.153314
0.765038
-0.031372
0.774832
-0.544141
0.252216
0.540865
0.252214
0.140092
0.597350
0.347469
-0.262338
-0.272201
-0.550835
-0.467574
-0.362339
0.515928
-0.451145
-0.228296
-0.302786
-0.388025
-0.239955
0.023466
0.095027
-0.268565
-0.076108
-0.216680
-0.227833
0.895886
-0.250446
0.086235
-0.275877
0.282529
-0.480032
0.532588
-0.019686
0.602012
-0.269464
0.213761
-1.260521
-0.624166
-0.060622
0.184225
0.856107
-0.134349
0.631310
0.295229
-0.173411
0.725302
0.652377
0.327756
-0.210406
0.221934
0.587158
0.591172
-0.131907
-0.064404
-1.035944
-0.284897
0.312977
1.324585
0.001349
0.242738
0.597522
-0.275413
-0.542941
-0.162832
0.076226
-0.417577
-0.447611
-0.489921
-0.954252
-0.396065
0.259970
0.288570
0.565236
0.404066
0.281039
0.918315
-0.432674
-0.476710
-0.015478
-0.240382
0.208355
0.172496
0.005800
0.346702
-0.577998
0.304680
0.397508
0.304877
-0.133442
-0.016135
-0.136106
-0.806703
-1.404820
-0.130111
-0.376419
-0.580417
1.264905
0.697296
0.359722
-0.049592
-0.455271
0.169902
-0.442947
-0.233858
-0.347925
1.152179
-0.397569
0.374419
-0.220420
-0.148740
-0.545316
0.636634
-0.765480
0.019615
0.029687
-0.801614
0.330681
0.012231
0.009613
0.130401
0.518085
0.034009
0.223815
0.543517
0.018221
-0.513590
-0.521729
0.348940
0.343494
0.895974
-0.360476
0.081976
-0.111986
-0.386904
-0.096638
0.508386
0.674157
0.563304
-0.341930
-0.050726
-0.168772
-0.258253
0.226607
0.038167
-0.223238
0.052917
0.882170
-0.489606
0.084105
0.425670
-0.135372
-1.044443
-0.240868
-0.686631
-0.509008
-0.374919
-0.345430
1.485018
-0.110669
-0.534876
0.233637
0.082956
-0.310843
-0.606137
-0.007731
-0.115374
-0.337450
-0.223698
0.082949
-0.118828
-0.080764
-0.010862
-0.283352
-0.072506
-0.761695
-0.782317
0.251796
-0.654645
0.056509
-0.345991
0.213389
0.207275
-0.577634
0.016884
-0.016326
-0.994217
-0.686737
0.577266
0.211636
-0.096471
0.322913
-0.455047
-0.012487
-0.230678
0.303997
-0.148034
-0.509139
0.254802
-0.423528
-0.613598
0.126012
0.219122
-0.152084
-0.284439
0.090048
-0.129155
-0.015241
0.404714
-0.075045
0.188602
-0.059521
0.287476
-0.418656
-0.501626
-0.055588
-0.249162
1.031095
-0.165236
0.175626
-0.313986
0.068608
-0.754904
0.689182
-0.230578
-0.463271
-0.112311
0.319464
0.444879
0.515675
-0.236042
1.010403
-0.190926
0.709957
-0.303595
-0.031960
0.172421
-0.436879
0.204548
0.239897
-0.010702
-0.206229
-0.263583
0.022545
0.585841
-0.379319
-0.229732
-0.143057
0.019504
-0.345069
-1.081013
0.103167
1.058015
-0.445745
0.246012
0.734105
-0.816746
0.049081
0.397564
-0.060752
-0.927165
-0.533608
-0.715044
0.896869
-0.113141
0.014074
0.648972
0.647158
-0.302265
0.386180
-0.380822
1.169400
0.278487
1.464953
-0.329745
-0.119953
-1.014351
0.490088
0.145273
0.267363
0.181761
-0.756314
-0.135590
-0.522607
0.837104
0.097306
-0.351081
-0.384214
0.668902
-1.084664
-0.394063
-0.693760
-1.066835
-0.154339
-0.816509
0.837468
-0.205603
-0.348634
-0.563744
0.137004
-0.794867
-0.239378
-0.159290
-0.277202
0.048477
0.297733
-0.976409
-0.234299
0.181328
-0.004402
-0.094591
-0.458648
1.297311
0.022657
-0.092483
0.206180
-0.195498
0.366076
-0.165273
-0.164421
-0.248421
0.182056
-0.970004
-0.627836
-0.336683
-0.690608
-0.264277
0.599527
0.221882
0.130337
0.136397
0.180440
0.365562
0.288018
0.148164
0.392387
-0.291273
-0.796965
0.661090
-0.372329
-0.164035
0.197761
0.429244
0.261580
0.355562
0.119374
0.047701
-0.833406
-0.389435
0.786547
-0.576542
-0.856391
-0.636509
0.437154
-0.536340
0.235059
-0.023035
0.097878
0.112375
0.167094
0.485702
-0.484918
-1.190292
0.532720
0.702629
-0.002043
0.143474
0.135539
0.516493
0.368542
-0.057301
-0.617171
0.330882
0.400106
0.716793
0.040174
0.174023
-0.616162
0.581856
0.687853
0.821237
0.229141
0.627212
0.400740
-0.413065
-0.047550
-1.120705
-0.423360
0.154990
-0.712254
0.181862
-0.424380
-0.103768
0.129429
-0.055994
0.231125
0.269971
-0.358468
-0.709903
-0.304242
0.544949
-0.474603
-0.426908
-1.100322
-0.267507
0.195623
0.079266
-0.030597
0.478271
-0.208253
-0.117533
0.126932
0.192675
0.721295
0.475682
0.368277
-0.847568
0.281842
-0.047857
-0.316152
-0.142365
-0.465136
-0.142760
0.634763
-0.557239
0.294774
0.657976
0.010137
-0.049795
0.063980
-0.177415
0.760713
0.597222
0.523595
0.097657
0.388033
-0.266597
-0.277770
