-0.598320
-0.342723
-1.029207
0.386479
-0.104680
1.312497
-0.350433
-0.843489
1.417294
0.165061
-0.266040
-0.220105
-0.447441
0.448838
-1.024049
0.068029
1.416253
0.098419
-0.321854
1.396691
-0.171974
-0.297881
-0.735444
0.913512
0.855481
-0.653345
0.757820
-0.300367
0.483148
-1.279644
-0.136442
-0.914377
0.150684
0.870493
-0.018076
-0.487497
-0.154583
-0.578862
0.196428
-0.683061
0.069033
0.296672
0.140404
-0.194227
0.188914
-1.149197
0.011405
-0.110423
0.237594
0.716645
0.600789
0.066301
-0.509394
-0.048028
0.041274
-0.926308
-1.174922
-0.414273
0.437868
-0.116152
-0.352681
0.217043
-0.080134
-0.260517
-0.061851
-0.247307
-0.133414
-0.488097
0.279787
0.217961
-0.217143
0.107253
0.673485
0.212071
-0.183687
-0.074093
-0.429305
0.567534
-0.277610
1.131156
-0.859552
-0.297909
0.169982
-0.160087
0.100657
0.280332
-0.508756
1.193597
-0.274140
0.148451
0.688077
-0.943628
-0.613371
-0.272123
-0.511477
-0.194242
0.003675
-1.082766
0.051939
-0.318282
0.370711
0.143758
0.189481
0.527386
-0.807460
0.525722
0.447849
0.915000
-0.111417
-0.648683
0.743376
1.111053
0.126996
-0.259539
-0.185495
-0.718111
0.495315
0.231763
-0.255060
0.218104
0.524289
-0.810231
-0.057604
-0.493044
0.204167
0.634146
-0.979548
1.440302
-0.525420
0.253665
-0.787832
1.316472
-0.467503
1.061288
0.912246
0.580967
-0.300312
-0.021110
-0.443947
-0.137902
0.201227
-0.114561
0.859338
0.997634
-1.194895
-0.116484
0.278738
0.013893
-1.189458
0.788900
0.468248
-0.634215
0.308104
0.608539
-0.410962
-0.317648
-0.328162
-0.410603
0.180681
0.414069
0.054907
0.323367
-0.523351
1.060887
-0.989397
-1.272202
0.068198
1.153622
-1.217146
-0.109767
-0.133148
-0.448634
-0.420047
-0.342104
-0.785670
-1.701637
1.099144
-0.577986
-0.206836
0.581392
1.093217
0.878421
-0.749251
0.827535
-0.038651
1.332239
-0.000315
0.238780
-1.156006
-0.335969
-0.666163
0.128342
-0.429495
1.630770
0.606538
-0.219296
-0.053562
-0.028016
0.631567
-0.251854
-0.570722
-0.397850
-0.239837
-0.378913
1.650167
-0.566764
-0.280793
0.808260
0.951499
0.764636
0.487007
-1.104402
0.299708
-0.746421
-0.654921
0.268458
-0.865261
-0.555114
1.266812
0.950398
-1.085338
0.691250
0.661226
-0.368511
0.646996
0.082169
0.391296
-0.155709
-0.484201
-0.636883
0.242084
-0.184801
0.357068
0.765657
-0.141514
-0.790889
0.057419
0.382253
-0.001995
0.250538
-0.678013
0.769866
-1.264270
-0.155451
-0.016208
0.055234
-0.956858
0.536407
0.362577
1.054599
0.674597
0.356970
1.039489
1.234730
-0.450897
-0.246745
0.291672
0.031643
-0.447721
0.732236
-1.240287
0.583143
0.766644
-0.348030
-1.401403
-0.124718
-0.049115
0.847908
-0.490343
0.509452
-0.251772
-0.059628
0.258819
0.643251
1.695150
0.554818
0.677176
0.492722
-0.415885
0.040150
0.196096
0.679977
-0.233013
0.688158
0.786329
-0.095099
-0.034332
-1.282795
-0.169194
0.281749
-0.254592
0.366026
-0.010210
-0.369317
-1.415778
-1.295448
0.537015
0.229733
0.255612
-0.296094
-0.068223
0.626891
-0.988078
-0.748118
-0.396800
-1.105873
0.716835
0.002189
-0.228346
-0.725876
-0.167906
0.507775
-0.159762
-0.864563
-0.054423
-0.351872
-0.330192
0.345562
-1.421019
-0.162556
0.222047
0.842222
0.424497
0.138705
0.032641
0.075234
0.520054
0.630979
0.665103
0.387124
-1.186677
-0.241316
-0.377415
0.642853
0.205514
0.152846
-0.088133
-0.213129
0.611008
0.483619
-1.037037
1.428004
0.095564
-0.462204
-0.585801
0.142808
-0.067221
-1.185067
0.190466
-0.285430
-1.336510
-0.538164
-0.579024
-0.024632
-0.216450
-0.760878
-0.086995
0.469761
-0.563413
-0.507353
-0.529426
-0.050246
0.302383
0.129536
0.874201
0.228207
-0.116566
1.174339
0.270882
-1.099769
0.982420
-0.426727
0.800324
0.323536
-0.944780
1.185065
0.280138
0.335172
0.455999
0.693579
-0.759486
-0.320932
-0.079517
0.152394
0.292887
-0.510082
0.033279
-0.544351
0.357055
-0.690237
0.315270
0.420425
0.148233
0.220938
1.297843
0.857617
1.151056
0.277363
0.425542
0.476085
1.186559
1.177992
0.856638
-1.604473
-1.230251
-0.147178
-0.231616
0.644379
1.055802
0.034666
-0.259336
-0.117557
-1.360418
-0.371910
0.514950
1.601561
0.192132
-0.048588
0.831372
-0.220848
0.940760
1.057060
-0.167166
0.434629
-0.141087
-0.445915
1.011404
0.088952
-0.242967
-0.014220
-0.955589
-0.157057
-0.666166
-0.022106
-0.819755
-0.071464
-1.160090
-0.346345
-1.229125
0.073661
0.257824
0.752943
0.028435
-2.223245
0.664822
-0.795990
0.650135
-0.357589
0.862542
0.297354
1.495074
0.461326
0.541292
-0.061309
0.374651
0.818809
-0.548058
0.046368
-0.069618
0.136440
0.228954
0.135894
0.492756
0.329120
0.319555
0.344104
0.138457
0.372949
0.224335
0.076141
0.948117
0.191118
0.601585
-0.163799
0.704366
-0.066001
-0.968667
0.025179
0.860564
0.024991
1.082749
0.296721
0.424433
0.598391
-0.552331
0.583072
-0.009856
-0.598954
0.156874
0.111770
-1.340490
-1.241189
0.366972
-0.255944
-0.571553
-1.358214
0.031118
-0.225531
-0.491446
-0.916065
-0.074785
-0.427976
-0.293685
-0.464207
-0.112570
-0.211537
0.970345
-0.436174
0.395027
0.818901
-0.282347
0.724669
-0.139637
2.081712
-1.497832
0.490496
0.569302
-0.523374
1.293224
-0.077636
-0.497221
0.980616
-0.146156
0.396510
-0.236707
0.593644
0.385322
-0.493404
0.113871
0.488597
1.919640
-0.234252
-0.381925
0.022063
0.075063
0.234184
0.239694
-0.442073
-0.038113
0.173617
0.041740
0.689580
-0.968079
-0.051682
-0.293048
0.200233
0.323594
-0.094595
0.400588
-0.795317
0.720527
-0.059481
1.174712
0.599362
-0.373628
-0.225855
-0.250246
-0.948111
0.125121
-0.093593
-0.841410
0.513539
-0.500182
0.637451
-0.173033
-0.968818
0.427847
0.582218
0.154535
-0.001829
-0.646408
-0.147487
-0.791634
0.744787
-0.322170
0.079852
0.956312
0.557935
0.651523
-0.550269
-0.951725
0.094507
0.286921
0.102210
0.558737
0.499344
-0.264745
0.068149
-0.645363
0.013764
0.839542
-0.796448
0.024979
0.201137
-0.659365
0.538465
0.995217
-1.432769
-0.301705
0.108178
0.501131
0.467451
-0.403783
-0.032122
-0.286016
-0.196905
0.407084
0.523908
0.505757
-1.244075
0.661833
-0.253641
0.742708
0.688964
1.106798
0.147885
1.375626
0.450938
0.306411
-0.787148
0.482369
-0.262809
-1.202002
-0.047206
-0.446040
0.367598
-0.475716
-0.080538
-1.555473
0.837192
1.081948
-0.889500
-1.065181
0.742955
0.694477
-0.469352
0.354886
-1.031664
-0.718469
-0.039343
-1.864636
0.751761
-0.031069
-0.495143
-0.288271
-0.258099
-0.727394
-0.173480
0.078931
0.294070
-0.178404
0.138281
0.483752
-0.076806
0.045891
0.376595
-0.408159
-0.286991
0.080722
-0.125181
0.327231
-0.895939
-0.833851
0.819452
-1.281782
-0.283453
-0.515108
-0.386188
-0.634486
0.092838
0.628075
1.619113
-0.132249
-0.663082
0.266950
1.289636
-0.624320
-0.232309
0.220131
0.369524
-0.265216
-0.675356
-0.086190
-0.134969
0.046107
-0.608406
1.577501
0.813665
0.315384
1.376339
-0.020315
-0.700939
1.153272
-0.503254
0.227555
0.260116
0.752808
0.351701
0.186209
-0.453504
0.505174
0.000320
-0.010600
-0.291001
0.014639
-0.457271
-0.697217
-0.349415
0.478814
1.525254
0.559391
0.229047
-2.083486
-0.079481
0.187133
-0.301378
-0.861868
0.266682
-0.342858
-0.919424
-0.276138
0.939604
-0.548928
0.304793
-0.096428
-0.080830
-0.317631
-0.603360
-1.182019
-0.261568
-0.330440
0.584266
-0.265242
0.101469
0.580078
-0.454609
-0.956995
-0.439381
-0.700979
-0.246914
-0.664398
-0.309160
-0.150949
-0.323988
1.239128
0.272049
-0.441683
-0.116042
-0.138621
-0.050930
0.440761
0.913933
0.284875
0.571559
1.256375
0.653702
0.494839
0.008901
0.699883
-0.281960
1.009755
-0.957198
-0.602923
-0.038791
-0.572709
0.024655
0.848414
-0.531483
0.648670
-0.403442
0.084713
0.034901
0.257214
-0.541317
0.802007
-0.314094
0.214657
0.539674
0.542079
0.061908
-0.051757
-0.054057
-0.206120
-1.128040
-0.206572
0.552688
0.532565
0.426382
-0.101382
0.208664
-0.425795
-0.801818
0.655040
0.628174
-0.189451
0.584128
0.058452
0.301063
-0.303397
0.809119
-0.407715
-0.413293
1.092803
-0.334576
1.122641
0.242102
0.335878
0.024945
0.686189
0.012766
0.727403
-0.132436
0.144977
-0.713678
-0.614189
-0.895807
0.547482
0.172193
0.271549
-0.785434
1.497377
0.432862
-0.369623
-0.172944
-0.204862
0.583409
0.277757
-0.242405
1.014481
-0.702705
-0.373793
-1.014051
0.651296
0.421876
-0.944194
-1.125952
0.042408
0.196810
0.246924
-0.814951
1.403204
-0.642327
0.249277
0.933033
-1.176705
-0.346869
0.074414
-0.848345
-0.680865
-0.335601
-0.053462
0.547718
-0.522179
0.364636
-0.728833
0.603439
-0.917222
-0.476667
-0.058457
-0.945713
-0.290060
-0.266114
1.601910
0.338183
0.364803
-0.630553
0.664748
-0.275622
-0.072509
-0.167457
-0.306535
-1.072470
-1.015703
0.104362
-0.183908
1.321715
-0.420518
0.020971
-0.115210
-0.869757
-0.798722
0.184621
0.653870
-0.143304
-1.243696
-0.327959
-0.568069
0.583073
-0.985224
-0.756926
-0.547615
0.828367
0.023296
0.636348
0.284761
-0.830607
-0.851252
0.667501
0.821711
1.107233
0.398397
-0.283448
-1.045342
0.143811
0.374938
0.441258
0.529921
1.519247
-0.150068
1.545944
0.260784
0.207805
0.394539
-0.229603
-0.509661
-0.304949
-0.485819
0.064387
-0.618774
0.894160
0.017732
-0.156147
-0.205718
1.327957
-1.731153
-0.682335
0.574882
-0.753666
0.419884
-0.284866
0.626011
0.114940
-0.174911
0.188869
-0.099127
-0.156270
-0.248782
0.911411
0.141667
0.199647
-0.408665
-0.129687
0.786226
1.106011
0.353752
0.128319
0.190766
-0.670145
0.104252
-0.280834
0.204802
0.487975
0.025157
0.260962
0.758919
-1.278079
0.032036
0.741900
0.092939
0.006036
-1.057460
0.183586
0.029003
0.041984
0.442244
-0.588460
0.866153
-0.116204
-0.389686
-0.135306
-0.025033
-0.544254
-0.092111
0.676872
0.242662
-0.267973
0.875368
0.432502
-0.080960
-1.078953
-1.323559
-0.162293
-0.121368
0.054491
-0.305992
1.531657
0.693929
0.054093
-0.837610
0.433473
-0.242201
0.208795
0.761501
-0.977837
-0.346923
0.226932
-0.679932
-0.053452
0.386872
0.658767
-1.377209
0.486331
-0.569564
0.727207
-0.020906
-0.030028
0.747436
-0.570790
0.664293
-0.158586
-0.198844
-0.499739
-0.436928
0.605777
1.468860
-0.829459
0.010711
-0.304430
2.189276
-0.442157
-0.258102
-1.248318
1.078241
0.802133
0.792520
0.342966
1.624065
-0.671494
-0.555498
0.102765
-0.157920
0.904264
0.231878
-0.289978
-2.059946
-0.062689
-0.448398
-2.001853
-0.763542
0.295483
-0.828508
0.539567
-0.252936
1.042954
-0.255696
0.008908
0.782491
-0.230841
-0.448660
-0.036851
-0.611807
0.646010
0.771018
0.338810
0.473477
-0.371770
-0.114874
-0.651798
0.295205
1.213346
0.326548
0.001281
-0.827895
0.903615
0.375968
1.427474
0.080419
1.333376
0.029569
-0.329172
-0.611893
-0.728069
-0.438508
0.591608
0.427495
0.614641
0.183992
0.427413
-0.268793
-0.202306
-1.100115
-1.033470
-0.061914
-2.005343
-0.010791
0.279144
-0.545025
1.016528
-0.532225
0.356467
-0.094843
-0.039221
-0.812064
1.314501
-0.258039
-0.027782
1.279795
-1.461884
0.195108
-0.000893
-0.457330
1.500147
-0.453210
-0.315869
0.240046
0.420712
0.392936
-0.493176
-0.514381
-1.139772
0.592948
0.223705
-0.237877
-0.473693
0.357117
0.240508
2.052622
1.094378
-0.299007
0.339465
-1.576069
-0.739577
0.123623
-0.175995
0.270955
0.947247
-1.311849
0.558030
0.600359
2.109624
-0.084219
-0.982754
-0.065933
0.222709
-0.133311
-1.574640
1.018437
0.490140
-1.286986
-0.266633
-0.038879
0.449982
-0.787961
0.020726
-0.483507
0.456993
-0.122115
0.391176
-0.438253
0.405389
0.085636
0.931409
-0.691539
1.237390
-0.071017
0.524556
-1.249133
0.330642
-0.036962
-0.367495
-0.558314
1.044436
-0.118921
0.890894
0.779477
0.229232
0.783747
-0.269627
-0.998366
1.217958
0.063218
0.829688
0.379712
-0.726098
0.709825
0.446327
-0.689708
-0.312635
0.825258
-1.177012
-1.830639
0.074474
-0.906848
-0.688356
-0.510240
-1.538719
-2.166891
-1.485543
-0.193748
-0.687634
-2.432945
-0.891279
-2.126007
-1.567258
-1.897481
-1.278077
-1.789717
-0.975369
-1.835691
-0.744296
0.072826
-0.171952
-0.521949
-1.174373
0.730406
0.117526
1.034504
1.000817
0.937106
0.815230
0.154723
1.132144
1.548067
2.624245
0.392328
2.283395
1.004240
2.693161
1.105097
0.159712
-0.291879
0.127645
1.766920
1.002166
-0.067435
0.031432
-0.097328
0.774624
-0.784364
0.189298
0.751821
-0.601548
-0.663212
0.390499
-1.308627
-1.213585
-0.140665
-1.214890
-1.531870
-1.391647
-0.949762
-0.864826
-0.876945
-0.895706
-0.562243
-0.331852
-0.031791
-0.711304
0.019482
-0.331084
-0.611586
-0.614957
-0.174500
0.444730
-1.007951
0.804734
-0.240288
-0.848256
0.431188
0.285843
-0.464086
-0.325400
-0.511625
-0.053781
0.930462
-0.714681
-1.540142
-0.106906
0.167369
-0.073940
-0.206260
-1.544912
0.191135
0.306468
-0.598615
0.636138
-0.420530
0.526206
-0.633497
-0.227698
0.406235
-0.013783
0.046333
0.343612
0.728842
1.044974
-0.582307
0.119092
-0.280949
-0.415634
-0.586435
0.079887
-0.266676
1.332490
0.088314
-1.387955
0.083097
0.649235
-0.430694
0.901844
-0.855409
-0.333440
0.131195
-0.099905
0.815007
1.179135
0.772265
1.208948
0.316949
0.223346
0.138389
-0.428504
-0.514148
0.093326
0.289847
0.017330
0.932898
0.213959
0.505892
-0.272843
0.279808
-0.226382
0.290289
-0.553202
0.678418
-0.456463
-0.592055
0.505523
0.044224
0.061556
0.490416
1.016327
0.870245
0.201690
-0.323333
-0.148554
-0.279746
-0.786969
-0.190238
0.916241
0.440259
0.130674
-0.889008
-0.386065
1.019973
-0.146190
0.553671
0.864793
-0.105509
-1.491394
-1.423766
-1.062418
-0.093214
0.298749
0.224026
-1.265691
0.741060
-0.691601
1.251630
-1.183256
-0.354406
-0.826513
0.281901
0.181219
-1.288765
-0.334483
-0.242709
-0.109342
0.129941
-0.523712
-0.040658
-0.329437
0.659708
-0.203163
-0.471437
0.109211
0.008522
0.246675
1.041558
1.092024
0.067488
0.852785
1.098856
0.359826
-0.099345
1.126539
-0.467279
-0.482328
1.456527
-0.120927
0.530011
0.362741
0.356803
1.590763
0.427347
0.588004
0.856490
0.244643
-0.283956
0.376332
1.010967
-0.452704
0.505011
-0.289567
-0.557260
-0.001469
-0.137639
0.408441
0.199702
-0.015071
-0.106028
-1.661385
-0.920000
-0.350142
-0.502575
-0.197809
-1.007705
-0.028290
-0.186529
-1.748576
-0.509487
-0.904108
0.390002
1.116673
0.056148
0.823821
0.440261
0.824140
0.106699
-0.133582
0.330636
-0.528130
-0.046462
-0.831483
-1.353085
-0.230441
0.238766
0.808341
0.858621
-1.490473
0.744315
0.004840
-0.935487
-0.766932
0.868244
-1.000132
-0.685201
0.641060
-0.011905
0.817433
0.651779
-2.029187
0.692230
0.834900
0.009503
0.081591
0.554770
-1.286451
0.774633
0.339276
-0.497645
-0.936290
-0.342818
0.283967
-0.670724
1.536074
0.134095
-1.483639
0.468322
-0.990968
-0.010112
0.021562
0.747057
1.216931
-0.433396
-0.857520
-0.348319
-0.556534
-1.097857
1.239583
1.063867
1.083409
-0.236995
-0.330382
-0.060700
0.384003
-0.311300
0.284973
-0.911637
-0.213865
-0.145819
-0.176692
-0.078243
0.145303
-0.043176
0.427128
0.098048
-0.487901
0.219789
-0.663407
-0.488302
-0.258073
0.088567
-0.477076
0.501716
-0.900992
0.231616
-0.472745
-0.987280
-0.570755
-1.334063
0.476413
-0.660105
0.181305
-1.407610
-0.405324
-0.199433
-0.048806
0.524811
-0.122208
-0.000664
-0.196079
0.670163
0.258384
-1.057953
-0.204934
0.229409
-0.746354
0.923231
1.149845
1.278834
-0.901418
-0.396600
0.266761
-0.407523
0.460299
1.173966
1.066566
-0.095402
0.152943
0.757032
-0.021124
-1.037129
-0.057057
-0.280103
0.224965
-0.268343
0.095703
-0.712883
0.581851
-0.587667
0.103953
-0.610358
0.373038
-0.716963
-0.009999
0.905936
-0.813168
-0.746577
0.199924
0.023719
0.679075
0.299314
-1.049252
-0.361941
0.043489
1.169820
0.138044
-0.334488
0.208501
0.128687
-0.760214
-0.559388
-0.413563
0.028530
-0.822422
-1.162416
-0.041630
0.095261
1.044506
-0.545591
-0.859286
0.325372
-0.958354
1.057583
0.092714
0.572944
0.647888
0.308281
-0.674397
0.005976
-0.182439
1.278459
1.483359
-0.833567
0.498284
0.479604
0.609741
-0.269130
-0.107440
-0.097754
0.216546
0.885195
0.294235
0.955108
0.950415
-0.121633
0.768979
-0.051871
-0.200853
-0.054446
-0.974989
-1.409936
-1.164241
-0.008352
0.308598
-0.997318
0.278594
-1.214914
-0.552347
-1.068993
-0.373330
-0.536376
-0.329833
0.670885
-0.018881
-0.643626
-1.007303
-0.280795
-0.317836
-0.995703
0.681905
-0.481037
0.435100
0.513891
-0.797770
-0.062123
-0.047861
0.419192
0.159959
-0.562418
-1.708124
-1.016127
-0.187667
0.583190
0.759601
-0.354881
-0.395499
0.027220
0.586113
0.418569
-0.248808
0.925099
-0.092411
0.393283
-0.743189
0.078114
0.238473
1.237128
-0.943669
0.382413
-1.075049
-0.008960
-0.374013
-0.397964
0.356878
0.337447
-0.828930
-0.636628
0.032780
-0.200547
0.099375
0.882471
0.479381
-0.509894
-0.192014
-0.038314
0.203835
-0.189904
-0.894720
-0.344087
0.957783
-0.705133
0.530955
-0.004900
0.297327
0.728646
-1.644877
0.383696
-0.426105
0.343185
-0.309436
0.084764
-0.720576
-0.826481
0.159485
0.953327
0.264397
0.213718
-0.813631
-0.394993
0.393884
-1.680629
-0.040902
-0.774453
-0.110412
-0.058392
1.220624
-0.818071
-0.056057
0.420617
-0.795018
0.156227
-1.051221
-0.194851
1.225416
0.588217
-1.054546
0.539092
0.813835
0.762330
0.658866
0.291929
-0.118113
0.368982
0.410831
-0.687614
0.075050
-0.093631
0.719839
-0.920816
0.231587
-0.434482
0.026628
-0.390341
-0.687225
-0.172615
-0.437422
1.164804
0.433439
-0.337896
-0.704804
-0.536511
-0.221620
-1.156136
-0.583703
0.290942
0.706817
0.288078
-0.607737
-0.018534
0.004628
-0.322366
-1.037799
0.389642
-0.397632
-0.741109
-0.075756
-0.265284
0.065836
-0.448445
0.427246
-0.330467
0.432682
-0.536591
0.977485
0.002512
1.080226
-0.499367
-0.396925
1.505887
-1.078171
-0.652346
-0.845636
-0.775149
0.479690
0.166896
0.134208
0.389386
-0.487729
-0.147886
-0.849647
1.735483
0.026634
0.560266
0.127228
0.924288
-0.132348
-0.567496
-0.375619
-0.716398
0.054121
0.688676
-1.010208
0.483020
-0.472209
0.106335
-0.308916
-0.584139
0.038211
-0.120293
-0.061121
-0.992980
-1.545000
-0.931575
0.155387
-0.184231
-0.026437
0.132185
-0.290729
0.923414
-0.008343
-0.275659
0.408475
-0.193236
-1.155329
0.354357
-0.015083
0.392062
-0.011188
-0.326405
-0.027367
-1.308731
-0.682965
0.184441
1.653105
0.279404
0.450879
-0.379691
-0.292263
-1.247016
-0.053175
0.249972
-0.692608
0.128105
-0.065408
-0.166305
-0.531658
0.069606
0.077733
-0.265679
-0.272680
-0.789626
-1.124270
-0.394832
-0.089901
-0.358738
0.245040
-0.011235
-0.180041
1.169629
-0.690029
0.630964
-0.173852
-0.145346
1.012775
-0.226229
-0.590299
-0.047654
0.152052
0.009093
-0.367671
-0.199144
-0.130289
-0.546994
0.068117
0.796297
-0.103573
0.685417
-1.161356
0.354708
-0.475976
-0.040605
0.473754
-0.104349
0.406314
0.005188
0.363181
-0.501815
0.050793
0.233786
-0.105296
-0.343725
-0.023310
0.038857
0.012361
-0.288961
0.984753
1.703928
0.414880
-0.497874
1.051923
-0.364315
0.148236
-0.992912
-0.545546
1.221459
-0.978008
0.035160
0.639032
0.626446
-2.027975
0.448460
0.334846
0.294892
0.336908
0.596965
0.605164
-0.443648
0.658035
0.537245
-0.910434
0.121323
0.059118
0.144185
0.446568
-0.088752
-0.701685
0.893839
1.092902
0.190521
0.566499
-0.043700
-0.250042
1.474200
0.578418
-0.237394
-0.489790
-0.757630
0.476966
1.149745
-0.515623
-0.996192
-0.549228
0.013805
0.268818
-0.465905
-0.305037
-0.018446
0.141585
0.082965
-0.454566
-0.130046
0.645224
0.385894
-1.562946
0.837017
-0.932109
0.579319
0.230795
-0.438476
-0.350309
-0.506727
-0.526417
-0.078367
0.579598
-1.008886
0.392901
-1.427297
-0.198932
-0.179467
1.097108
-1.232877
-1.226461
0.250155
0.139807
-0.658274
-0.076101
0.201392
-0.127638
-0.831676
1.049719
-0.824095
-0.135686
0.053293
0.137805
-0.824076
-0.291238
0.452017
0.913544
0.435564
-1.820697
-0.420755
0.438738
-0.243151
-0.437187
0.849958
-0.510363
0.076304
0.950055
-0.127363
0.180100
0.465046
0.248875
-0.767091
0.464752
-0.318874
0.747094
0.666048
-0.469390
0.709049
-0.530339
-0.864126
0.501688
-0.474132
-1.074749
-0.178274
-0.404545
-0.388027
-0.570743
-0.609270
0.027213
-1.004341
-1.147446
0.815524
-0.772250
-0.600666
0.282995
-0.846041
0.977794
-0.254123
-0.400188
-0.018455
-0.786913
0.347673
0.843247
-0.619760
-0.080913
-1.037629
-0.499486
0.172552
1.437074
-0.215680
-0.185375
0.642562
0.568935
0.050331
1.094588
-0.044917
-0.373017
-0.405977
0.157016
0.292809
0.408824
0.469362
-0.515596
0.818403
0.175867
-0.010519
0.172548
-0.308534
0.031311
-0.276707
-1.437242
-0.647977
-1.235642
1.511899
0.431832
0.904014
0.734176
0.446226
-0.609315
0.501603
0.936501
0.135135
0.041429
-0.494193
-0.054355
1.636804
-0.563410
0.021609
-0.009575
1.265661
1.310330
0.592770
0.505608
-0.056352
0.456763
-0.096275
0.731955
0.610713
1.123346
0.328625
0.107866
0.116454
-0.402473
0.512687
1.148616
1.214418
-1.232979
0.155774
-1.088873
-0.198919
0.070293
-0.845545
0.241004
1.102201
-0.609098
-0.305774
0.493844
-0.233968
0.799517
-0.166768
-0.940152
1.132625
0.444366
0.603522
0.387937
-0.319784
0.299233
-0.490207
0.057540
0.779400
-0.450424
-0.257531
0.276367
-0.096900
0.267584
-0.460532
0.211261
-0.160398
-1.294597
0.205245
-0.708099
0.384319
0.567161
-0.341684
0.656244
-0.151381
-0.030336
0.303837
0.424591
-1.521521
1.054941
-0.466785
0.249110
-0.245818
-0.237906
0.655677
0.925358
0.714718
0.857618
-1.077761
1.728593
0.642042
-1.066757
-0.588924
-0.360546
0.263080
-0.391341
0.465147
-1.084464
0.656134
-0.806604
0.169476
-0.499047
-0.250032
0.355590
0.267256
0.685903
0.236230
-0.090551
-1.663418
0.523411
-0.265217
0.177142
-0.120882
0.379835
0.519309
-0.886783
0.065697
-0.467286
-0.340948
1.022117
0.227573
1.462637
0.234936
-1.346496
-0.053029
-0.196674
0.915180
-0.996804
-0.455499
0.444650
0.097451
0.153024
0.369925
-1.312803
-0.910159
-0.136260
-0.550969
-0.511595
-0.192452
-0.362602
0.694600
-1.179085
0.162495
0.515480
-0.062473
0.615424
-0.030518
-0.538656
0.136188
-0.828084
-0.498051
-0.037952
-0.542539
-0.884833
0.203121
-0.733240
0.331659
0.260437
-0.438112
0.943382
-0.690326
0.927418
0.399057
0.256785
0.840145
-1.540867
-0.572417
0.133119
0.703386
-1.775023
0.838883
0.771583
-0.193949
-0.653884
-0.529850
-1.995999
-0.494380
-0.533004
1.472129
0.089853
0.867898
0.831855
0.980971
-0.333848
0.274201
0.753161
0.029853
-0.523734
-0.529548
-0.119640
0.768013
1.161811
0.611979
-0.797452
-0.168719
0.361463
-0.067933
0.148243
-0.368422
0.096455
1.159011
0.655501
0.661566
-0.436893
-0.800231
-0.054347
-0.496468
0.594438
-1.134493
0.603999
-0.341775
0.344019
-0.079905
0.290782
-0.403040
0.698050
-0.442601
-0.063897
-0.568225
-0.156474
-0.945479
-0.471039
-0.908586
0.087824
-1.566030
0.611662
-0.210707
0.120763
0.655601
0.154488
-0.484019
0.514018
-0.719510
0.451273
-0.370460
0.423425
0.502166
0.117574
-0.029374
-0.691205
0.306679
-0.146543
0.385971
0.042210
0.065407
-0.010253
0.076250
0.220936
-0.296541
-0.522555
-0.229428
-0.373611
0.331022
0.061795
0.535722
2.209126
-0.952194
0.333517
-0.585253
-1.067254
0.630474
-0.103648
-0.185434
-0.787989
-0.138349
0.676745
-0.147317
0.687268
-0.544064
0.338632
-0.926488
0.683685
-0.683031
-0.934586
-0.390806
0.383742
0.780260
-0.932673
0.654211
0.708492
-0.234445
1.047228
0.642792
-0.388952
0.064109
-1.335017
-0.507467
0.798315
-0.272357
0.345235
-0.969694
0.275855
-0.249409
1.032628
0.101320
-0.196428
-0.578330
-0.350252
0.221285
0.354121
-1.378382
1.556133
0.134195
-0.450178
0.188218
-0.057704
-0.921595
0.245760
-0.444001
-0.189593
0.841647
-1.844967
1.304098
0.664921
0.576675
0.763121
-0.335958
0.013092
-0.990431
-0.349428
-0.252506
-0.486724
1.661796
0.338293
1.053749
-0.191239
-0.758994
-0.349981
0.877542
0.749778
0.821501
-0.525607
0.750967
1.269815
-0.512252
1.189220
0.647212
-0.253156
-0.214704
-0.252945
0.824101
-0.617171
-0.513707
1.234982
0.179887
-0.794218
-0.147517
0.566172
-0.640900
0.423256
-0.468722
-0.918667
-0.635656
-1.329283
-0.545789
0.846939
-0.021147
0.781124
0.381400
-0.453261
0.638838
-0.889866
0.975761
-0.253163
0.137355
0.225871
-0.310895
-0.668767
-0.601199
0.415052
0.408409
-0.159435
1.059009
0.882673
0.941816
1.521944
-0.127036
0.273828
0.684848
0.158325
0.206273
1.297778
-1.019105
0.369936
0.328507
0.732204
0.302017
0.264934
-0.752620
-0.641129
-0.053060
0.220945
-0.420976
0.715469
-0.849860
0.863682
-0.422285
1.132752
-0.717442
0.498390
-0.310647
-0.069688
-0.048789
0.473577
-0.378670
-0.255074
-0.375306
-0.109678
-0.162726
1.083255
-0.600006
0.451763
0.760034
0.099455
0.354281
-0.581334
0.010243
-0.502705
0.102393
-1.339272
-0.034146
0.328846
0.220249
0.559394
-0.034869
-0.182269
-0.991943
-0.202771
-0.707958
-1.773539
-0.920014
-1.172029
-0.314149
-0.016275
-0.929594
0.499326
0.125681
-0.331496
-0.083215
0.152031
0.373062
-0.275382
-0.590346
1.127374
1.419943
1.010926
0.437377
0.506464
0.107396
-0.600701
-0.380943
-0.541035
-0.456764
-0.197676
-0.688815
-0.953570
0.419422
-0.727911
-0.550658
0.184917
0.371286
0.567465
-0.366031
-0.242713
0.458586
-0.311263
0.286671
0.522502
-0.829004
0.749967
0.415799
-1.386371
0.048096
-0.417013
-0.649394
-1.179231
-0.053851
-0.475473
-0.064179
0.174446
0.629183
-0.140041
-0.766690
-0.009004
1.318451
0.072538
-0.572413
-0.552244
-0.155745
-0.080774
-0.912856
1.017166
-0.837638
0.953911
-0.631213
-0.034246
-0.247795
0.125460
-0.709023
-0.394184
0.325017
-0.126693
0.049246
-0.121862
0.725018
-0.029061
0.696438
0.150844
0.801318
-0.090267
-0.595762
-1.081489
-0.077918
-0.090579
0.159904
-1.513729
0.044342
-0.427442
0.115191
-0.682207
-0.311891
1.025394
0.362008
0.208519
-0.528493
-0.267205
-0.467213
-0.664110
0.325081
0.040240
-1.129694
-1.021740
-0.470534
-0.872230
-0.241602
-0.572491
0.831301
-0.695849
-1.223285
0.949138
0.056191
0.055758
0.333778
0.491322
-0.271229
0.146457
0.876279
-1.152348
0.295753
-0.522121
-1.012273
0.436758
-0.310979
-0.431487
-0.900565
0.052691
-0.746371
-0.509445
1.107383
0.302794
0.826239
-0.641431
0.890873
-0.898202
0.320774
-0.186465
-0.332788
-0.766209
0.874219
-1.326527
-0.743402
-0.046002
0.714517
0.104256
0.843830
0.349703
1.096090
-0.609368
-0.086907
-0.435478
0.752294
-0.409980
-0.086657
-0.785723
1.035819
-0.281856
0.204438
-0.878441
-0.471348
-0.153613
0.911870
1.228055
0.677028
0.808055
0.278432
0.758816
1.018199
0.204468
-0.629404
-0.462759
0.291931
-0.137145
0.358922
0.467247
0.880814
0.004979
0.523751
-1.162725
0.041878
-1.436256
0.545768
-0.383088
1.911934
-0.447415
-0.239747
0.332387
0.514616
-0.015644
0.768565
0.241101
-1.615438
0.346739
-0.422114
0.049951
-0.473968
0.298142
0.382906
-0.353116
0.272885
-0.263900
0.506516
-0.078885
0.139049
0.706761
0.846991
0.084866
-0.131742
-0.406875
0.134561
-0.524257
-0.353662
0.210730
-1.234028
0.970384
-0.806214
1.034847
-0.002727
-0.191114
0.051525
-0.700496
0.177628
0.110165
-0.469089
0.207074
0.424563
0.771139
-0.631412
0.532358
0.249046
0.124323
0.083876
-0.470570
-0.016223
-0.690798
0.026883
0.114676
0.630729
-0.068499
0.370627
-0.190708
0.775030
-0.856959
-0.895788
0.244826
-0.115984
-0.555849
0.943331
0.019872
0.474577
0.229434
0.452046
-0.126689
0.312710
1.644563
0.658386
0.734700
-0.421472
0.454924
-0.856979
0.340034
0.473731
0.932577
-0.184459
1.682341
0.399539
-0.027375
-0.294697
1.168171
-0.236250
0.350114
-0.663982
-0.302683
-0.475102
0.575419
0.262671
-0.247839
-0.123159
-0.195267
-0.615696
0.078116
1.240884
-0.354927
0.560443
-0.359262
1.062236
-0.488605
-0.289489
0.157925
-0.496687
0.176304
0.282603
-0.380382
0.931628
-0.306767
0.262109
1.069905
1.120227
0.196699
-1.039548
-0.769205
0.529235
0.499197
-0.625598
0.226709
0.988716
-1.008945
1.028749
0.818073
-0.483687
-0.194266
-1.349930
1.154539
0.414813
1.118517
-0.760813
-0.149431
-0.967667
-0.808222
1.031512
-0.378361
0.651321
0.384905
1.247985
-1.219912
-0.071421
-0.090810
-0.208626
-1.816035
0.036015
0.112178
-0.812386
-0.052809
0.071697
-0.446600
-0.860117
-0.018390
-0.384918
-0.334302
-0.646366
0.006787
-1.161744
0.290484
1.343184
-0.658169
-0.350796
-0.456502
-0.384248
0.987443
0.262940
0.810124
-0.621883
0.421639
0.076554
-0.065686
-0.655602
0.592387
0.414093
0.394934
-0.641109
-0.340092
1.892870
0.526354
-0.416063
-0.234341
0.493558
0.765053
-1.197729
-0.131997
0.881827
-0.414184
0.432416
-0.447266
1.228422
-0.435728
0.372631
1.521223
0.761816
-0.777146
-0.093580
0.390309
0.190281
-0.145092
-0.300682
-2.025972
0.486433
0.956056
0.146604
0.113650
-1.352392
0.835842
-0.260591
-0.127303
1.443696
-0.578360
-0.806070
-1.171096
-0.045538
-0.739859
1.290399
-0.223334
-0.028929
0.816355
0.372239
0.370148
-0.294514
-0.276383
-0.253071
0.719225
-1.241870
0.154989
0.724981
0.380090
-0.437833
0.543631
0.120000
-0.177390
0.624184
0.117311
-0.468795
-0.552189
-0.913202
-0.298615
-1.087791
-1.057948
-0.001786
-1.334597
-0.556326
-0.393611
-0.645437
0.412213
-0.601449
0.118175
0.704256
0.232641
0.260383
-0.524934
0.170013
0.270823
0.101068
0.534521
-0.108047
-0.609758
0.151925
-0.014666
0.799896
0.943224
-0.615542
0.209919
0.276755
-1.301464
-0.854297
-0.075948
0.283368
-1.196344
-0.417098
0.544189
-0.266159
0.270746
-0.118860
0.181283
0.180319
-0.195936
-0.094205
-0.449034
0.624172
-0.602407
-0.027832
0.214356
0.350050
0.166461
0.983197
-0.352313
-0.061647
0.936673
0.538089
-0.157985
-0.570813
-1.161488
1.269363
-0.077855
-1.148073
-0.979614
1.486005
-0.338966
-0.520383
0.637627
-0.750346
-0.095996
-0.247363
0.450339
1.024038
0.061814
0.515172
0.325602
-0.135512
0.672280
-0.146003
0.421833
-0.029648
0.254638
-0.026866
-0.016812
-0.212090
0.631120
0.135958
-1.297572
0.456489
0.436833
-0.626833
-0.653493
-0.356708
-0.371552
0.348002
-0.220739
-0.251996
0.690545
0.471774
-1.089273
0.077162
0.717495
0.399261
-0.172519
-0.599446
0.672890
0.283087
1.105041
-0.080162
0.056952
-0.201118
-0.114250
-0.717724
-0.381586
-0.679963
0.760304
-0.423267
-0.609536
0.577120
0.081969
1.712159
0.010624
-0.425386
-0.183850
-0.477610
0.951132
0.261636
0.640310
-1.085950
0.812352
-0.046165
-1.125020
-0.571234
-0.609978
0.997718
-0.483376
-0.460473
-0.566292
0.710553
-0.413281
0.393941
-1.123594
1.785636
0.716242
-0.830392
-0.319815
-1.617709
0.369310
0.657916
0.087871
0.183595
-0.165553
0.505461
0.633805
-0.324335
-0.453968
-0.274669
-1.045435
1.167245
0.814315
-0.052321
-0.485593
-1.053857
0.091534
0.082868
0.197686
-0.787632
0.634941
-0.054392
0.170341
-0.247386
-0.079578
-0.799776
-0.059526
-0.334723
0.400634
0.166196
-0.342175
-0.332162
-0.349944
0.311689
0.487071
-0.141560
-0.214612
-1.889432
1.148577
-1.384041
1.363674
0.254913
-0.061558
-0.899968
-0.091924
0.049269
0.697560
0.493367
-0.530216
0.989360
-1.168650
-0.074707
0.445407
0.398279
1.791193
0.512575
-0.080826
-0.067110
0.270576
0.374166
-0.737279
0.121780
0.939379
-0.358780
-0.519118
-1.337198
1.127048
-0.955410
1.327580
-0.286963
-0.014275
-0.106125
0.093137
-0.638164
1.027497
0.413796
-0.061735
0.009033
0.609119
-1.091929
0.639141
-0.691908
-0.496662
-0.132481
-0.290115
0.022189
0.534781
0.886555
0.434898
-0.256083
-0.468372
-0.563460
0.027256
-0.691383
-0.276464
-0.419225
0.172950
0.603253
-0.129663
0.546559
0.240244
-0.561296
0.443704
-0.028508
-0.663172
0.765991
-0.636060
-0.495682
-0.315902
-0.240593
-0.064345
-0.397130
-0.473099
-0.448941
-0.533368
2.389715
-0.180095
0.261349
-0.670424
-0.598929
-0.086636
0.358657
0.299730
-0.895002
-0.875378
-0.766090
0.805024
0.955726
0.411078
-0.674795
-0.119491
0.990077
0.000341
-0.002710
-0.388398
-1.311757
0.353959
0.554109
0.508714
-0.509308
-0.295956
-0.349378
-0.472840
-0.325885
1.863577
-0.577573
-0.166731
0.780519
-0.502949
-0.951560
1.625313
-0.294009
-1.018921
-0.240133
-0.299812
-0.226234
0.273575
0.412008
1.147602
0.134779
0.159782
-0.221998
0.017378
0.804595
-0.408023
0.113700
0.200486
-0.200094
0.093650
1.203946
0.653667
-0.851065
0.691075
0.244860
-0.644795
-0.112994
-0.427299
-0.362549
1.095921
-0.580696
-0.646429
-0.331961
-0.021478
0.486742
-0.967880
-0.177612
0.483619
-0.527450
0.422053
0.229016
0.031459
0.620623
-0.561748
-0.814181
0.196751
0.959142
0.764115
0.021744
0.306653
-0.740932
-0.404090
-0.353058
-0.903517
-0.590898
0.240958
-1.083497
-0.092691
0.078023
0.129905
-0.904553
1.339374
1.805705
0.462086
0.966512
1.156852
-0.629696
1.186378
-0.481891
0.016358
-0.412420
-0.202094
-0.561263
-0.338693
0.125074
0.157084
-1.019823
-0.028284
-0.256405
0.471439
0.407837
-0.591105
-1.324707
-0.473082
0.333027
0.964729
-0.395053
-0.368157
-0.291885
-0.512161
-1.021721
0.975445
-1.048495
-0.738471
-0.022793
-1.320070
0.053763
0.465362
-0.721407
-0.531050
0.198726
-0.297230
1.185630
0.344213
0.008450
-0.126430
-0.037924
0.227978
0.035013
-0.365824
-0.101303
0.640984
-0.280576
-0.470424
-0.385320
-0.147954
-0.996182
0.552915
0.166466
0.442448
-0.688850
-0.559559
1.295473
0.696713
0.464873
-0.419709
0.664178
0.561418
-0.053533
0.768882
0.484828
0.348035
-0.120697
0.506849
0.535473
-0.171418
1.283545
0.154859
-0.153492
-0.052169
-0.940197
-0.193516
-0.852644
-0.066591
-0.300830
-0.000570
0.934366
0.993333
0.386248
-1.336305
0.956187
-0.063175
0.963850
1.169918
0.329539
-0.213558
-0.094120
-0.275464
0.457247
-0.838842
-0.127137
0.996477
0.342780
0.327328
0.337917
-2.348865
0.393276
-0.049676
-0.613449
0.506263
0.892567
0.803515
0.038305
0.273566
0.256586
-0.216966
0.023467
-0.364878
0.922500
-0.958870
-0.912338
1.175026
-0.601629
-0.978098
0.706310
-1.069368
0.325999
-0.976952
0.628321
0.960415
0.042510
-1.439513
0.032483
0.458494
-0.600658
-0.362501
1.173987
-0.048848
-1.273634
0.479005
0.175482
-1.149826
-0.375123
0.504896
-0.183034
-0.205611
0.272362
-0.974071
0.426495
-0.163310
0.040821
0.415470
0.496548
-0.529520
-0.037125
0.484147
-0.343671
-0.383476
-0.939621
-0.182672
0.453561
-0.190926
0.415833
0.803789
0.153462
0.499301
0.641078
0.370602
-0.721155
0.784000
0.160456
-0.354349
0.428523
1.146066
0.377221
-0.324100
0.824752
0.000447
0.659687
0.362965
1.764857
-0.074063
0.048497
-1.432785
0.459080
-0.304017
1.404233
-0.018744
-0.663305
0.443870
-0.475388
0.113556
0.309230
-0.298733
0.849143
0.353930
-0.528001
0.121506
0.491956
0.808324
-0.764922
0.319660
0.686427
1.625913
-0.402487
0.527260
-0.741606
-0.184749
-0.150199
-0.057822
0.290586
-0.417775
0.631676
0.335777
0.132575
-0.289130
0.856913
-0.528901
0.405785
-0.720583
-0.781352
1.021134
0.874777
0.539300
0.442211
0.104193
0.682834
-0.030824
-0.342526
-0.607456
-0.541889
0.063192
0.321454
1.263603
0.151107
-0.858175
-0.588532
0.593291
0.835784
0.466305
-0.856537
1.068511
-0.100867
-0.849703
-0.570284
0.262867
1.368669
0.015380
-0.872920
-1.215758
-0.736537
-1.283006
0.723735
-0.151673
0.469722
-0.548555
0.438816
0.328987
-0.507573
-0.883020
0.061253
-0.085363
-0.948919
0.202602
-0.394640
0.507259
-1.064313
0.607802
-0.567064
0.716127
1.075380
0.212577
1.130071
0.162487
0.237522
0.409885
0.599295
0.523997
0.083756
-0.111884
-0.911372
-0.308825
0.112177
0.095881
0.043382
-0.252836
-0.221256
-0.081106
-0.857240
0.697695
0.703872
1.277441
0.023407
-0.892455
0.761783
0.328619
-1.270870
-0.413940
-0.011918
-1.016417
0.696802
0.118280
-0.786556
0.092220
-0.062432
-0.302396
0.813722
-0.721779
-0.944321
-0.181251
0.272075
-1.017225
-0.367481
-1.378430
0.590241
2.214285
-0.691704
-0.172968
-0.690607
0.425554
-0.326882
-1.089645
1.112299
0.799803
0.124139
-0.151789
-1.215258
-0.492407
-0.769972
0.652817
-0.657099
-0.219676
1.628415
0.751121
-0.180401
0.296568
-0.138521
0.900222
0.400946
0.356412
-0.215410
0.249797
1.153452
1.134255
0.028966
-0.637766
-0.359482
-0.356344
0.511603
-0.050748
0.236811
-0.919584
0.858376
-0.795736
-0.715056
-0.667263
-0.365293
0.569143
-0.541696
-0.149885
-1.022201
0.061035
-1.149934
-0.602422
-1.059200
0.387399
-0.346373
0.345817
-0.842633
0.338274
0.357450
0.979539
0.128764
-0.519103
0.616394
1.219059
0.715367
0.787173
-0.406207
-0.349153
-0.094304
-0.611681
-0.307813
0.221167
0.696135
-0.508652
-0.730272
-1.169065
-0.573491
-0.001630
0.641770
0.375418
0.417078
-0.051212
-0.561466
-1.477827
1.433893
0.433404
-0.853382
0.477610
-0.784193
1.225293
0.700394
-0.644740
-0.184253
-2.028289
0.676639
0.463999
-0.676821
-1.225347
1.838912
0.193484
0.215556
0.318218
-0.076217
0.962797
-1.250620
-0.489427
0.993970
0.522925
0.446370
0.148448
-0.551260
-0.908147
-0.096394
-0.173914
0.801890
-0.120349
-0.048485
-0.463887
0.860100
0.850647
0.673067
0.080392
-1.509368
0.433435
-0.968628
0.548073
-1.123674
0.064298
-0.214439
-0.061550
-0.269562
0.928245
0.167717
0.131088
-0.196851
0.582475
-0.273931
0.570196
-0.880946
-0.594801
0.274169
-0.324740
0.428636
0.211981
0.677969
0.535032
0.790060
-0.152042
0.303429
-0.291802
-0.534494
-0.664366
-0.090834
0.113467
1.441883
0.151321
0.474303
-0.165745
0.009187
0.304167
-0.490541
0.573202
0.087173
-0.524818
-1.255711
0.348964
0.206122
0.205205
-0.906825
-0.971706
-0.134284
-0.040450
-0.108795
-0.660096
0.028105
-0.157069
-0.292037
1.295213
0.716491
0.521080
0.697971
0.297881
0.623637
-0.232481
0.310149
-0.116130
0.645487
0.590953
0.002234
-0.087016
0.172716
-1.275931
0.717785
0.576858
0.583680
-0.981878
0.350541
-0.423645
-0.751865
0.822436
0.988992
-1.465201
0.674959
0.212403
-0.262143
-1.141981
-0.452664
1.311785
0.178417
-0.621984
-0.314586
-1.071199
-0.398359
-0.267348
0.676978
0.727721
-0.596425
0.312578
-1.392590
0.524783
-0.189502
0.089436
0.628078
-0.819665
-0.533206
-0.829030
-0.133131
0.212622
-0.407851
0.017364
-0.078142
-0.570815
-0.675015
-0.008010
-0.686112
-0.833136
0.243938
-0.303120
-1.025359
0.192635
-0.041995
-0.150353
0.387570
0.722887
-0.729693
-1.193861
0.750329
-0.218871
-0.184365
-0.564496
1.129931
-0.515948
0.127024
-0.707618
0.650462
-1.800449
2.371747
-0.450047
0.936034
-0.402848
0.375220
0.623756
-1.014047
-0.270133
0.194898
0.600656
-0.869033
-1.394799
-0.539134
0.128492
-0.195552
0.634638
0.526238
-0.251235
-0.403860
0.026809
1.340685
-0.018851
0.011150
1.007507
-1.184595
-1.431805
0.228521
0.096702
-1.044898
-0.352237
0.016283
-0.383638
-0.402443
0.537581
1.006093
0.391006
-0.449089
-0.797850
-1.070199
1.577282
0.699292
-0.778687
-0.306616
-0.773023
-0.251703
-0.109887
-0.011686
1.603164
-0.041345
0.480277
0.550596
-0.332027
0.794168
0.208465
0.916357
0.387605
-0.913873
1.164962
-0.012746
0.187575
-0.191181
-0.303910
0.411104
0.286167
-0.149314
1.583173
0.540349
0.190960
0.953872
-1.230670
-0.520086
1.038150
-0.226404
0.482141
0.914605
-1.317691
0.470869
0.618748
-0.627719
0.207620
0.083729
-0.292904
0.014632
-0.547853
-0.705036
-0.013975
0.460845
0.725846
0.536913
-1.013837
0.420294
-0.458563
-0.586195
-0.320250
0.933042
0.472480
-0.110846
-1.007238
0.217987
-0.948702
-0.705430
0.233777
0.588163
-0.067301
0.393630
0.695668
-0.150365
-0.906874
-0.260051
-0.158596
-0.237351
-0.697785
-0.160767
0.246771
-0.250417
0.595619
-0.142427
0.175018
-1.127274
0.974990
0.296963
1.280149
0.005379
-0.914782
0.799003
1.241601
0.151627
0.140137
-0.870415
-0.168249
1.000278
0.012582
0.452304
-0.560058
0.681726
-0.296903
0.184023
0.644905
-0.071592
-0.442464
0.592172
0.591425
-0.498769
0.501006
-0.546189
0.699508
0.981949
-0.773388
0.354601
1.321146
0.319480
1.139471
0.496658
-0.831893
0.823526
-0.537782
0.307436
0.084895
-0.321487
0.349254
-0.029194
0.537083
0.499925
-0.357945
-0.956171
0.081496
1.626778
-1.128872
-0.071950
1.409587
0.169766
0.302173
0.377695
0.383920
0.444018
0.640737
0.261869
-0.259455
0.293925
0.093955
1.147169
0.456565
0.346103
0.892412
0.041792
-0.541781
0.394722
1.014096
-0.035825
1.255160
0.270817
0.522072
-0.150159
0.282736
0.657248
0.158461
-0.136035
1.174855
0.069279
-0.177752
0.786648
1.214715
0.533733
1.036727
-1.406412
-0.244052
-0.397921
1.187776
-0.029548
-1.096182
-1.375009
-1.019971
-0.323732
-0.093693
-0.095804
-0.630893
-0.155510
-0.715704
1.834457
1.452406
-0.734760
0.211349
0.171115
1.132002
-0.227397
1.283703
-0.021104
1.054239
0.026445
-0.523442
-0.918159
0.371583
-1.059600
-0.050091
0.252410
0.426859
0.440584
1.272447
-1.303837
1.769265
0.151419
-0.279759
1.509016
-0.012395
0.961414
-0.318393
0.520724
-0.228419
-0.647141
-0.968194
0.543950
0.678715
0.340609
-0.675504
-1.309910
0.882345
0.488748
-0.069733
0.333949
-0.284355
-0.343276
0.754537
-0.312941
-0.463699
0.624367
0.831868
-0.522657
0.041521
-1.118442
0.384011
