-0.716953
0.656788
-0.337010
-1.122886
0.445627
0.630795
-0.506120
0.277145
0.160785
0.856115
0.156109
0.343052
0.919596
-0.180100
0.561508
0.529373
-0.860621
-0.253330
-0.543599
1.050484
0.358399
0.469937
-0.419510
-1.738305
-0.690556
-0.675619
0.083086
-0.454615
0.620096
0.009530
-1.039791
-0.329055
0.804132
0.407362
1.214433
-0.050683
-0.453486
-0.591591
0.304232
-0.642060
-1.073081
-0.224323
-0.372157
-0.965611
-0.753102
2.335372
0.743110
-2.189606
-0.303038
0.609955
0.563507
0.535656
-1.247219
0.134872
1.284867
2.331855
-0.858676
0.105633
-0.232632
1.413353
0.093289
-0.761231
-1.127975
0.895918
1.169514
1.005104
-0.085080
-0.707550
-0.371877
0.984689
-1.022475
-0.586604
-2.111418
-0.064111
1.932718
-0.226038
0.355294
-0.056636
0.087051
0.312040
-0.510609
-1.582590
0.259586
1.146535
-0.738479
-0.441027
-1.569258
1.595597
0.732693
0.321641
-2.732249
-2.085016
-0.594244
0.958058
0.274443
0.739529
0.064495
-0.235781
-0.799613
1.124144
1.777557
0.518703
2.612336
1.431287
1.430022
0.430997
0.266893
1.059323
-0.065077
-0.919417
-0.561703
-0.186141
-0.438815
-0.423612
-1.004243
-0.884385
-0.731957
-1.264049
0.597552
0.659816
0.273712
-0.091587
-1.232852
0.401100
0.630301
-0.175647
-0.730126
-0.858585
-0.159868
-0.925260
0.318335
1.310661
-0.349906
1.718952
-0.427517
0.685422
0.015794
-0.503584
1.025715
0.510117
0.322973
-1.348574
0.007495
0.396108
0.122359
0.541595
-0.396136
-1.941527
1.492180
0.885024
0.522860
0.281780
-0.199753
1.047109
0.196080
-2.020040
1.668028
1.503371
0.740326
0.622741
0.450081
-1.390111
0.787351
-1.095381
1.191482
-0.497384
-0.200216
-0.315322
-0.287609
0.647456
-0.967693
-0.093023
-1.418925
-0.745896
0.083164
0.895616
-0.725958
0.411721
0.529000
0.734682
0.271201
0.999261
0.402576
0.472819
-0.813333
-1.965715
-0.360019
0.441296
0.075477
1.448166
0.208307
-0.309418
0.058371
1.794925
0.401033
-0.095613
-0.396098
-1.119940
0.107942
-1.839560
-1.945002
-1.147977
-0.169502
1.135741
-0.949580
1.009920
-2.718650
1.093623
-0.306181
-0.089475
-0.604055
-1.003400
0.880693
-0.122648
-0.454389
-0.327500
-0.811921
0.097005
0.534859
-1.222389
0.369440
-1.618888
-0.490463
-0.995228
-0.386783
-0.601995
1.270354
-0.621899
-0.861089
1.283344
-0.314242
0.666932
0.279960
-0.575523
-1.312453
-0.122783
0.140850
0.270221
-0.732896
-0.043559
0.071218
-0.883949
0.413875
-1.004812
-0.556917
-0.578302
-0.263794
0.123403
-0.504095
-1.447908
-0.328651
0.424901
-0.762252
-0.728470
-2.181571
0.268578
1.324487
0.571312
-0.331470
0.029764
-0.512098
-0.633045
0.679246
0.044414
0.255933
1.343643
-0.217531
0.432032
-0.686466
-1.398348
-1.251509
-0.567500
1.036398
0.465590
-0.100625
0.123318
0.256601
0.763692
4.402360
0.596689
-1.617195
-0.709563
-1.013930
-0.551257
-0.612809
0.901297
0.901705
-0.226128
-0.097023
-0.766263
0.206704
-0.627940
-1.521795
-0.823366
-1.820130
-1.033034
-1.216095
-1.258070
-0.578353
0.299888
-0.771136
0.733653
-0.340303
-0.218891
0.887154
0.923182
0.017945
-0.395229
-0.384798
1.235001
-0.005257
-1.510852
0.839500
-1.318468
2.314837
1.201928
-0.672580
1.237610
0.542919
-1.098162
-0.395854
-0.372783
1.181999
-0.392559
0.701034
0.463121
0.818985
0.732245
-0.833698
-0.093175
0.796018
-0.570787
-1.212688
-1.106875
-0.492540
1.856642
0.543559
0.356823
0.826864
-0.750968
0.758902
-0.493734
0.080309
0.163256
-0.737284
-1.361667
0.104300
-0.581195
-1.255516
1.183514
0.439049
-1.064305
-0.852159
-0.055469
-0.153063
0.685175
-0.012069
0.456474
0.795633
-0.595651
-0.955301
0.285553
-0.393243
0.694957
0.298047
-0.688914
-1.233601
0.185727
-0.899045
0.055803
0.532967
0.988852
1.320141
-1.722350
0.655367
-0.414261
-1.081974
-0.634306
-0.354201
0.700464
-0.464817
0.544105
-0.499253
0.984488
0.496375
0.707431
0.875041
0.460238
-0.622133
1.033854
-0.863896
0.955844
1.281234
0.661630
0.870377
-1.228276
-2.154825
-1.204198
-1.954353
1.576565
0.456896
-0.328072
0.227058
-1.493487
1.166831
-0.949191
-1.310176
1.359060
0.117327
0.880278
-0.172062
1.420282
-0.532910
1.745063
1.505205
-1.076058
1.318311
0.794074
0.203431
0.122382
-0.385472
-1.835768
-0.596155
-0.389276
0.477072
2.089120
-0.560576
-0.502578
0.142430
-0.008770
-1.417316
0.706118
1.732286
-0.439378
-0.495776
-0.305578
-0.583679
0.742132
0.665239
0.854243
0.493379
-1.526101
-0.472184
0.636347
-0.545338
0.789345
-1.675660
-1.471037
-0.827645
-1.088393
-0.077555
0.257480
-0.055308
-0.371849
-0.130910
-1.287160
0.115415
0.419648
-0.974421
-0.961997
-1.744690
-0.656032
0.498642
0.150406
0.700575
0.792205
-0.718737
1.067767
-0.330400
-0.871811
0.476758
-2.333122
0.185712
-0.189297
0.548522
-1.085681
-1.833300
0.923212
0.199854
-0.615714
0.377775
-0.308521
1.284540
-0.569739
0.335269
0.343814
-0.498149
-0.625159
-0.107557
1.427936
0.133939
0.004133
0.541961
-2.017679
-0.002847
1.197865
-0.897697
0.095413
0.945141
-0.145681
0.293381
0.817756
-0.638864
1.427532
0.345893
-0.301093
-2.240545
1.787622
2.027451
-0.764210
-0.414616
0.140205
0.275155
-2.214942
1.648116
-0.490666
1.595361
-0.694059
-0.897257
0.790456
-1.961211
-0.046885
-1.325891
-0.782347
-0.602285
-1.148784
0.056848
-1.693348
0.390664
1.062300
0.709171
-0.595895
0.112291
0.957365
-0.919663
0.837624
-0.549359
-1.260874
1.818302
-0.571207
0.226816
0.910697
0.624144
0.469467
-0.060095
2.344774
0.514369
1.095182
1.086486
0.772797
-0.672081
1.127851
-0.521363
-2.167472
0.108419
-0.928452
-0.468310
0.921246
0.696290
-0.266072
-0.931229
-0.714681
-0.024864
0.955916
-1.949019
0.125649
-0.879606
-0.009092
1.008623
0.727215
-0.136257
1.504706
-0.743216
-0.426713
-1.249032
0.748611
-1.513891
0.738272
-0.649476
-0.889050
-0.809205
-1.302823
-0.292486
0.068416
-1.868386
0.243282
-0.918548
-0.881762
0.453824
-1.269546
0.174542
-0.324359
0.405781
0.151734
-0.665033
-0.779262
0.158433
-0.499191
-0.117915
-0.639779
2.158948
0.089613
0.946906
-1.308546
0.568042
0.245109
1.642245
0.558719
-0.767076
0.714518
0.706338
-1.741265
0.074207
-0.205321
-1.897835
0.053744
-0.550822
1.214306
-0.013371
0.893989
1.182790
-0.466761
1.062103
-0.073748
0.599692
-1.634140
-0.649269
-0.149670
-0.192055
-0.217968
-0.165632
-0.737612
0.307211
0.674486
0.177862
0.475326
-0.252059
-0.095708
0.904418
0.220932
0.942291
-0.359624
-0.692167
-0.504446
0.431722
-0.495447
0.010646
0.380230
1.458228
-1.337313
-0.952359
0.076608
1.158791
0.315059
-0.721939
0.132297
-0.847299
1.559088
-1.440796
0.734232
0.247113
1.153887
0.390494
0.929690
1.356747
1.063793
1.436674
-0.023380
-0.522918
1.058130
-0.622580
-0.677795
0.608135
-0.755966
-1.154041
-0.185349
1.097627
1.197109
0.317286
0.213901
0.257912
-0.408614
0.060376
-1.022694
0.064317
0.659407
-0.177390
0.328845
0.726289
-1.377739
-0.037364
-0.344113
-0.418136
-1.333159
1.864293
-0.358186
-0.180001
-1.489238
2.442026
-0.597676
1.142868
0.200950
0.154517
0.574491
-0.526063
-0.211924
-0.045793
-0.674767
-0.602649
-0.109010
1.285450
0.434159
-0.390972
-0.897337
2.106068
1.479261
-1.895133
0.196053
0.576212
2.355067
-0.227437
-0.150153
-1.256102
-0.130004
-0.160161
-0.984890
1.104253
-0.792115
-0.796610
-0.489511
-0.753601
0.409420
-1.028147
-1.077186
-0.597002
1.193872
-0.228837
-0.228869
-0.140136
1.391939
-0.173807
0.244948
0.006965
-0.357856
1.432314
-1.447489
0.328999
-0.555442
-0.363104
0.625775
0.361861
1.022184
-0.338403
0.089349
-0.489526
0.853866
0.259818
-0.681404
1.754126
0.457663
-0.654372
0.090116
-0.953112
-0.139502
0.564491
0.229549
-0.171563
0.697321
0.643633
-0.443004
-1.094141
-0.166119
-0.708644
-0.204239
0.011503
2.213136
0.553209
1.041880
0.017542
0.402486
-1.125972
-0.672518
-0.225979
-0.303828
1.840069
0.837995
0.907298
0.055888
-0.651102
-0.400026
0.662619
0.437062
-0.556078
1.018171
-0.407280
-0.608440
0.221988
-0.678552
-0.155703
0.121040
-0.885150
-1.042312
-0.496610
0.877076
-0.057796
-0.993785
0.144298
-0.850460
-2.087842
1.355976
-1.708359
-0.934611
0.418614
0.216377
0.887820
-1.914796
0.589463
1.502876
0.079355
-1.235797
0.639616
1.073834
-0.465181
-0.770649
0.043669
1.470757
1.802824
0.624240
1.188138
-1.252598
0.349745
0.770319
-0.891758
-1.636294
-0.122541
-1.756743
0.899811
-0.089759
1.055454
-0.554554
-1.409822
0.780001
0.262466
-0.741387
1.051086
-1.713925
-1.199285
0.482648
-1.116500
-0.443416
1.211874
-0.106872
0.051685
0.951578
0.429253
0.560113
2.550806
0.735731
-0.081808
0.324417
0.240421
0.541568
0.225789
1.241295
1.715392
0.237717
-0.013491
-0.634022
-0.222003
0.694243
-0.291347
0.936882
0.531555
-0.446955
0.678496
0.538428
-1.912517
-0.207466
-0.688805
0.330016
-0.271664
0.206362
0.053475
0.644717
1.061021
-0.901433
-0.843921
-1.154154
1.068490
-0.075298
0.670927
0.140522
-0.127052
-1.059572
0.793076
1.657822
-1.251474
0.338779
0.070094
0.705219
-0.358145
0.826099
-0.433842
-1.341754
-1.498535
-0.374345
-0.475135
-0.562913
1.639989
-0.614509
-0.057957
-0.510534
-1.683973
0.673067
-0.349974
0.518344
1.189135
0.226631
0.377396
-0.147698
0.138912
-0.936711
0.042747
-0.942901
0.817453
0.295892
-2.116336
0.183828
1.362187
1.399259
-2.147703
0.350313
-0.675501
1.067351
2.536562
0.148852
-1.164207
-1.110311
0.120013
1.285577
0.039138
-0.475622
-0.963448
-0.565097
-0.471421
0.230136
-0.598162
1.300657
-1.222407
-1.007915
1.017275
-0.343530
-0.370041
1.220924
-0.585565
1.251899
1.109102
-0.797232
0.795645
0.985749
0.362882
-0.050084
1.121209
-1.751832
-0.981943
0.740718
0.871631
0.871777
0.190262
1.283157
0.513598
0.457511
0.155654
0.980506
-0.015370
0.657713
0.484162
-0.414414
-0.908811
-1.389978
-0.031186
-0.877256
0.069968
0.579561
-0.736346
-0.792312
0.851274
-0.592034
-2.077258
0.510549
-0.664576
0.315297
0.307123
-0.663896
-0.001541
2.769501
-0.590502
-0.384739
-0.229619
0.256897
0.284310
-0.772680
-0.745695
0.277720
-0.995409
0.041485
0.013474
-0.072434
1.632786
0.109264
0.242197
0.176087
0.104859
3.603954
0.799552
-1.067724
0.753124
2.142798
0.872690
0.068338
1.671676
1.632665
-0.412505
0.980151
1.546873
-0.070590
-0.757269
-0.181121
-0.822897
1.189709
-0.641311
0.899988
0.023048
0.894643
-1.521688
-0.775897
-0.178781
-1.944686
-1.399022
-0.962951
-1.223264
-0.941727
-1.612365
-0.678787
-0.930654
-0.344608
-1.313667
-2.641778
-1.539286
-1.233466
-0.040445
-0.654796
-0.196876
-1.377790
-1.264909
-0.015535
-2.589136
-1.029794
-0.233726
-2.582954
0.782615
-0.786968
0.870821
0.331979
0.344646
-0.306020
0.849317
0.896181
0.703755
-0.390340
2.253131
2.778964
2.638466
0.813616
0.527192
3.627803
2.589550
1.437415
1.300550
2.000513
2.311168
1.698884
3.129165
1.448055
0.750224
-0.064236
0.620749
-0.336908
1.802407
0.608201
1.835755
-1.341126
-1.114089
0.261376
0.000396
-2.426074
-1.854324
0.831954
-1.401458
-2.397512
-3.553376
-0.804502
0.731514
-1.062636
-2.727370
-1.380153
-1.066650
-0.742966
-0.850450
0.087848
0.324306
0.346417
-0.393898
0.653585
-0.659718
0.365669
0.666702
2.389366
2.467153
-1.103594
0.029682
0.696924
0.658365
-1.338809
1.889462
-2.683212
-0.434305
-0.936272
0.374069
-1.150051
0.945149
-0.691918
0.341306
-0.492294
-3.135577
1.149705
0.464589
-0.917695
-1.444019
0.780747
-0.020045
1.066067
0.393565
0.042764
0.160610
0.232595
0.010655
0.155505
0.220610
1.610268
-0.306020
-0.709349
1.853471
1.128399
1.370996
1.441259
1.350419
-0.214797
0.479966
0.440771
0.686246
0.294908
0.810177
0.367833
-0.916656
-0.244824
-0.330248
-0.813436
-0.773497
1.136340
2.395742
-0.427143
-0.089053
-0.182442
0.622920
1.339040
2.265224
1.239233
0.039767
-1.033760
0.483437
-0.430434
1.214566
1.498684
0.247869
0.949009
0.021873
0.722636
0.709978
2.079437
1.572586
-1.100229
-1.541404
0.924231
-1.653017
-0.290750
1.919269
-0.304988
-1.614536
0.442517
-0.642131
-0.912737
-1.754582
-1.842786
-0.341812
1.012992
-0.272014
-0.470503
-0.099201
-0.539938
2.109851
1.445457
0.173963
-0.064986
1.037935
0.890109
0.627215
0.269783
0.735659
0.307078
-0.971879
-0.102259
-0.620472
0.996830
-1.029227
-1.602361
-0.665461
-0.596608
-0.566689
-0.780443
-0.633606
0.700583
-0.375764
-1.215002
-1.610629
-0.742934
-0.277905
-0.521988
-0.655596
-0.344883
0.787799
1.203788
-1.556529
0.850118
-1.030675
-0.103158
0.958711
0.850372
2.292119
0.811742
0.316988
-0.358587
1.162786
-0.287586
0.162708
0.452176
-0.968153
-0.340086
0.024015
-1.102456
-1.602742
1.210403
1.989979
2.347171
0.248050
0.220304
0.064182
-2.163843
0.560732
-0.478120
-0.260708
-0.676625
-0.221837
-0.809605
-1.187170
-1.366684
1.142078
0.582630
-0.579638
-1.987116
-0.786278
-0.423179
0.204666
0.674446
-1.142666
-1.289468
-0.365460
-0.948716
1.159249
0.293575
0.189514
-0.153664
-0.597854
0.014509
-0.061439
0.001081
0.204279
0.107310
1.076663
0.462615
0.375079
0.583745
0.489708
1.332371
-0.113817
1.451705
0.133372
-0.285031
0.222532
2.535370
1.468585
-1.160425
-0.346731
-0.621662
-0.841145
0.363857
-2.069290
-1.011280
1.766371
0.618758
-0.374077
0.140293
0.508488
-0.283293
-1.406934
-0.584801
-0.211214
0.283286
-1.434798
-0.046068
-0.741134
-0.298399
-1.713441
0.260312
0.714862
-0.380525
-0.176494
-1.430186
-0.511906
-0.736014
0.732724
-0.132262
1.506487
-0.684227
-0.992692
0.366405
2.425273
0.013358
-0.584920
-0.738372
0.249172
1.319359
2.014543
0.428490
0.809044
0.337389
-1.919065
1.476258
0.496914
-1.181405
1.826056
1.045177
-0.502137
-0.320691
-0.385346
1.048310
1.260416
0.307708
-0.158811
-1.046927
0.184646
-0.687052
-0.195650
-0.281551
-0.901396
-0.312576
0.478062
0.462783
0.349258
0.335417
-1.011073
-0.663351
-0.366284
0.040777
0.105783
0.165593
-0.411209
1.239336
0.857247
-2.154466
-0.755728
-0.843204
-0.017090
0.678024
1.837655
-1.271547
1.526281
1.210230
1.451065
-0.390889
-0.493977
0.610470
0.688347
0.830200
1.022315
0.776215
0.012931
-1.170272
-0.795255
0.370009
0.325683
-0.095119
0.774015
-0.876927
-0.140199
-0.457327
1.435681
0.267635
-0.099148
0.802061
-0.664253
-0.945873
0.625134
-0.877223
1.125059
1.902905
0.129175
-2.012587
1.926600
1.138476
-0.259333
1.071595
-0.860517
-0.332183
-1.322095
-0.148414
-0.448435
-0.687906
-2.174577
1.119395
-1.095554
-0.100106
0.084267
-0.205403
0.190847
0.303001
-0.053818
-2.286130
-0.064872
-1.960399
-0.002266
0.356015
1.059420
-1.337628
-0.952128
0.140621
-0.083252
-0.898220
-0.465967
-1.158164
1.218390
-0.340106
-0.051490
-0.517081
0.127856
0.741255
0.750155
-1.145643
0.720466
-2.278115
-0.105304
-0.124152
-0.301384
0.021205
0.681907
0.156105
0.311486
-1.664554
-0.234782
1.180790
0.236868
-0.706282
1.339340
-0.440799
-0.457263
-0.645371
-1.217737
1.096059
-1.012635
-1.073773
1.575011
-1.796820
-0.083620
0.209426
0.054093
1.513131
1.745671
-1.030716
0.181684
-1.136198
0.198350
-0.280269
0.234237
1.782538
-1.145760
0.947913
-0.268348
1.106245
0.190254
-0.051016
0.016700
2.021590
-0.245091
1.220991
-0.325675
0.652617
1.551017
-0.834926
0.943420
-1.296190
0.532371
-0.548391
-1.451917
1.320099
-0.929627
1.128147
-0.461302
0.656031
0.395787
0.083049
1.613517
-0.223068
0.438624
-0.048178
0.421914
0.004820
-0.162817
-0.096374
0.709007
-1.338621
-1.049193
-0.446933
1.230671
0.152352
1.464341
-0.336883
0.077931
0.943004
0.050832
-0.088523
-0.232834
1.348483
-0.626242
1.623460
1.797187
-0.652852
0.399390
1.273942
-0.159763
0.270518
-0.452315
-1.061390
-1.044982
-1.005780
-1.012577
0.050293
-0.047661
-2.434081
0.096114
0.581228
0.862253
1.485086
0.290956
1.020797
-0.522551
-0.053178
1.216591
-0.986807
1.318946
0.720200
-0.180951
0.881039
1.365427
2.016035
-0.311553
-0.965174
-0.668543
-1.399959
-0.031956
-0.245495
-0.650787
1.337927
0.856531
-0.067804
1.639178
-0.015849
-0.575474
0.321896
1.182622
-1.823549
1.088153
0.581430
0.954276
0.594003
-0.772996
0.863166
0.627089
0.231551
0.246299
0.038400
2.150665
-1.559114
-0.627489
0.608473
0.060075
0.222118
0.093885
0.109260
0.497376
1.987687
1.600215
-1.360075
1.138457
-1.715409
0.150234
-0.088242
1.548613
1.088243
0.958458
1.107609
0.376736
-0.603723
0.418334
0.748256
1.162867
0.180794
0.720339
0.909713
0.030366
-0.126319
1.368421
0.883287
0.960755
-0.775836
-0.121429
1.356320
1.077069
1.731988
-1.301528
0.332276
0.341159
-0.480551
0.107875
-0.702595
0.514005
-0.564386
0.862928
0.386879
1.134336
0.579789
0.073537
-0.579297
0.963846
-0.898894
1.220901
-0.139289
-1.219620
-1.706927
-1.338157
0.413059
-0.571681
0.867036
-0.374300
-0.719953
-0.460451
-1.571863
-0.376757
-0.336806
-1.625416
0.507055
-0.147526
0.542319
0.673580
0.408526
-0.807329
0.207417
0.371607
0.793120
-0.971683
-1.041800
0.104096
-0.195739
-0.123088
0.961931
0.913145
1.322887
1.426531
0.418220
0.106416
0.075230
-0.687333
0.825214
0.505318
1.563477
-0.337520
0.698534
2.693194
-0.492936
-0.012070
0.539028
1.467220
-0.507833
0.205031
-1.420654
-1.368439
0.300612
-0.149516
1.957957
-0.528189
0.247816
-0.297739
-1.084536
1.261718
-1.051371
-0.409150
-1.559669
0.396434
-0.706930
0.182186
0.829736
-0.260348
-0.801582
0.743593
-1.335780
0.266219
1.269053
0.612345
0.265070
0.853923
-1.014421
0.899622
0.724905
-1.240505
0.361599
1.182186
1.527927
0.503165
-0.519312
-0.474651
0.548919
-1.292384
-0.586463
-0.296725
-0.453377
0.427423
-1.442943
-0.126691
1.796156
0.199392
1.601849
-1.068206
-1.217833
-1.129109
0.372253
1.789927
-1.012288
-0.590354
-0.838000
0.443429
-0.115037
-0.819850
1.761652
-0.423024
-0.953120
-0.270405
0.602220
0.984545
-0.275548
-0.662455
-1.397520
-1.455946
0.208638
-0.603497
2.063955
0.529132
0.221051
-1.327872
-0.080237
-1.219941
-1.554948
-0.010994
0.283493
0.107273
-0.962441
0.377516
1.819916
-0.919188
0.151798
-0.382416
-0.917699
-0.797709
0.968179
-0.131139
-3.165973
-1.412370
0.143002
-1.854453
-1.013539
-0.246563
0.236416
1.906465
1.937193
1.264532
-0.138482
0.489603
1.319792
-1.514549
0.485447
-0.120855
0.712222
1.000227
1.368188
0.936644
0.208475
-0.354100
-0.708033
-2.242731
-0.752612
0.731687
-0.094105
-0.762292
-0.337197
-1.034145
0.827829
1.490110
-0.549112
-0.490354
0.827416
1.788362
0.410612
0.732983
-0.038873
-0.914878
0.230452
0.115219
-0.321947
-0.045710
0.108438
0.924622
-0.166405
-0.015779
0.532153
1.228736
0.001001
-1.341353
-1.040732
0.324613
-0.047699
1.543027
-0.357490
-0.645264
-0.194723
-0.495694
0.756058
-0.030155
0.968367
-0.686636
-0.980452
0.052917
0.477839
-0.658676
-1.345934
0.142606
-1.234459
-0.996151
-2.100035
-0.384026
-0.284882
1.854106
-0.491845
0.073268
-0.049735
-0.747555
-1.613104
-0.151207
-0.983343
0.682346
0.686021
-1.252513
0.480685
0.411255
-0.204287
1.109682
0.287721
-0.434864
-0.546257
1.538489
0.907660
0.423630
1.764197
-0.450936
0.034087
-0.170549
0.257928
0.620044
0.977766
0.157866
0.036623
-0.443760
-0.414151
-1.004794
0.752888
1.465205
0.490991
0.409197
-0.976454
0.135105
-1.551125
0.652823
-0.257171
0.362550
-0.144007
-1.231190
-0.134724
-0.846661
-0.832301
-1.217726
-2.176320
-0.989694
0.165724
0.401717
0.264086
0.794434
-0.570055
-0.024160
-1.109205
-1.239080
-1.118546
0.737981
-0.839039
0.879234
0.207180
0.478693
1.016181
0.290990
-1.366409
1.592639
-0.060871
-0.627790
1.031156
-1.015617
-0.739718
-0.918093
-0.684699
-0.005269
0.896387
-0.112493
-0.744561
0.027576
-1.759806
-0.300124
-0.492689
-0.469480
-0.284761
0.497777
0.393721
0.248241
-1.043241
-0.314217
0.034394
0.642357
-0.486768
-0.262721
1.127168
-0.044511
0.240413
0.364625
-0.012265
0.461850
0.471305
-1.774748
0.371481
-0.212808
-1.331487
-0.128494
0.310456
1.213930
-0.151410
-0.674920
-0.956807
0.671470
1.183285
-0.002067
-1.411630
-0.610370
0.116543
-1.130650
-0.581132
0.751037
-1.219430
0.581429
0.901686
0.770576
-0.430636
0.836624
1.181571
0.994631
-0.699537
0.528122
-1.651911
-1.706604
0.041625
0.809286
-2.371051
0.635078
-0.488985
0.731884
0.488636
-0.915933
0.378585
0.172196
-2.329232
0.329750
-0.585677
-1.091455
0.466848
-0.864420
0.803588
-0.812132
-0.478806
0.463550
0.758771
-0.925528
-1.136410
-1.320397
0.127435
-0.015877
0.650203
1.716594
0.141003
-0.187952
1.047469
-0.853638
-1.198033
-0.055105
0.187215
-0.840462
-1.593556
0.507893
-1.805893
0.088175
1.299564
-0.245429
0.198486
0.273828
1.595708
0.555893
-0.209831
-1.414393
-0.820142
0.197393
0.993211
-0.577127
0.116596
-0.184369
-1.642134
0.088175
0.327705
-0.740057
0.399259
0.060509
-0.380541
1.397502
-2.218695
-0.939888
0.358099
0.730624
-0.669691
-1.518486
0.293410
1.093911
0.695133
-0.872445
0.617324
-1.125158
1.359715
-1.359469
-0.306431
-0.178811
1.935221
1.516795
0.922874
0.467106
-0.464476
-0.325325
-1.789935
1.363926
-0.316225
-2.724900
1.578966
1.495686
0.870121
-1.998213
0.178949
-0.644901
-2.280110
0.609118
-0.588528
1.505451
0.473588
1.560616
0.338479
0.405934
0.443896
-0.059627
0.577373
1.500737
-1.207883
0.020264
0.903151
-0.369005
0.602826
-0.824725
-0.679632
1.119435
0.922318
0.374811
-1.077248
-0.806814
0.312651
0.433857
-0.465183
0.445649
0.390641
-0.331864
0.104492
-0.211082
-0.480336
-2.492827
1.344249
0.672282
0.362965
-0.109308
-0.038010
-0.586692
-0.314603
0.282205
1.849586
-0.607063
0.707229
-0.133191
-0.380541
1.500170
-1.910470
-1.292606
0.116992
0.196698
0.350326
-0.476028
-0.688463
-0.550379
-0.007604
0.927753
0.403728
0.478398
0.887927
0.462986
-0.290582
-0.429617
-0.094504
-0.195876
0.176578
-0.954229
-0.894327
-0.381431
1.244193
0.726906
0.325002
-0.658921
1.677917
-0.200573
0.183915
-0.243689
-2.348454
-0.606253
-0.120210
-0.331375
-0.303535
0.198159
-0.581093
0.213344
0.257679
1.602899
0.267803
1.294067
-0.327169
-1.078009
-0.298331
-1.396527
-0.750358
0.879601
0.160121
-0.562692
-1.072688
0.146530
-0.261704
-0.283629
0.258979
1.171620
-0.588929
-1.029721
-0.141928
1.913741
1.499127
0.559824
0.001502
-1.115121
1.026101
1.506937
-0.133582
0.196798
-1.167511
-0.242952
0.543975
-0.416123
-1.201789
0.788765
-0.779087
0.836194
-0.098340
-0.630404
0.195803
0.091780
-2.282692
0.933662
0.455587
0.378795
-0.513997
-1.046274
-0.502214
-0.027429
-0.271198
-1.536022
1.323499
1.438249
0.553533
-1.950070
0.151498
0.200412
0.606442
-0.149348
-1.058533
-1.281053
-1.240078
0.165931
-2.115953
-2.399875
0.247186
0.445468
0.569209
-1.181332
-0.681311
3.433611
-1.894401
-0.568637
1.830823
1.431557
-0.015811
-1.408203
1.098216
-1.897124
-0.567915
0.957796
-1.151973
-0.420615
1.213162
0.752666
0.623221
-2.907759
-0.508463
0.400682
-1.211357
-0.823478
0.882296
0.235252
-1.091077
-0.558130
0.545529
-0.379420
-0.516297
1.871714
-0.639394
-0.382848
0.716154
1.568881
-2.971506
1.139010
0.092735
1.443049
-0.856601
0.873899
0.059817
1.379467
-0.766769
0.421360
0.233788
0.957941
-0.626785
-1.309581
0.800114
0.078900
0.357691
-0.718093
-0.175013
-0.736171
0.421070
0.844726
0.376259
1.064519
1.083468
0.405012
-1.293850
-0.354339
0.754811
-0.205357
0.440250
-0.160869
-1.254463
-0.303758
0.842696
1.644352
0.478391
0.719943
-0.795224
-0.565392
0.372169
0.323887
1.588482
2.233557
0.130810
-2.311797
0.239476
0.662523
-0.117669
-2.060781
0.534664
1.732328
-0.197309
-0.639299
-1.525193
0.530109
-1.389028
0.979156
0.029775
0.179361
-1.947568
-0.362307
-0.189984
-1.928649
-1.927293
-0.277036
-0.576597
0.332377
0.449695
2.032209
-0.063939
-0.395034
0.880770
-2.613608
3.106576
-0.258336
-0.403263
-0.054530
-1.620285
2.192803
0.823133
-0.488965
-0.165027
-0.906836
-1.475866
0.162731
-1.078830
1.329934
-1.714356
0.647590
1.338450
0.271624
0.703219
0.689788
-2.109484
-1.408875
-0.392324
-0.520791
1.937361
0.757195
-0.446586
0.072526
-0.660194
0.394479
-0.012940
-0.191232
-0.148455
-0.186181
0.473625
0.030964
1.305288
-0.374091
0.412797
0.638694
1.904030
0.757881
-0.608905
0.867606
0.322701
0.140511
1.645314
-1.346877
0.130400
1.601375
0.622017
0.814033
0.769320
1.047575
1.987629
0.379595
0.396831
-0.194986
0.202589
-0.339056
1.030474
0.416685
0.155969
-0.352539
1.208607
-0.984108
0.227270
-0.457730
1.188064
-1.043133
-0.614273
0.396581
0.301412
-1.718260
1.755265
0.401422
1.412136
-0.477438
-1.759874
0.401621
-0.230836
1.274680
-1.478045
0.312357
0.450308
-1.176063
0.140358
1.044519
0.103754
1.152468
-1.288219
-0.811954
-2.426770
0.868845
0.585551
-0.234445
0.239724
0.789442
-0.135752
-0.517037
-0.524501
-0.535808
0.443839
2.423327
0.497218
-0.085185
0.046071
0.565700
1.983452
0.240527
-0.382856
0.965342
0.538547
2.091900
-1.565093
0.120842
-0.027371
-0.810070
1.673443
0.302158
0.712837
1.720353
-0.091953
0.473405
0.041763
0.654447
0.569749
2.269751
0.424822
-2.031107
-0.459082
-2.388181
0.885125
0.153602
-1.023094
-0.010268
0.373322
-1.607368
-1.864179
-1.206673
-0.533964
-0.252962
0.413463
-0.120649
-1.286919
0.147955
1.237050
-1.137764
1.082526
-0.434526
2.090391
-0.755594
-0.108848
0.792836
-0.496804
-0.082405
1.581660
1.853898
-2.219069
-0.856832
0.138919
1.019265
-0.115642
-0.206155
-0.942464
0.458650
0.489940
-0.548412
0.211631
-0.069073
0.452081
-1.874708
2.037229
-0.737232
1.388142
1.181075
0.853997
1.666219
1.330733
-0.644624
0.791917
0.252703
0.102667
-0.890257
-0.557746
1.631785
-0.089461
-0.056371
1.338041
-0.126269
-0.069762
-0.903887
-1.641039
-0.193302
0.507363
-1.060209
1.195430
0.531342
0.530304
-1.498361
0.749945
-0.183033
1.160998
0.711541
0.424660
0.202590
0.277598
-1.271099
-1.724493
0.248459
0.712690
-2.083232
-0.888116
-0.086336
1.050914
-0.349064
0.667740
0.267597
-0.694429
-0.375120
0.221870
0.318543
-0.691781
-0.117294
1.393608
-1.015545
-1.682814
0.228257
-0.614175
-0.880748
1.297351
0.916504
0.932158
-0.446097
-0.237427
0.385058
0.880784
1.386730
1.184979
-0.555905
-0.444252
-1.729457
-0.235605
-0.211216
-0.074623
-1.068774
-1.006740
-1.008239
-0.571372
1.517474
-0.933448
-0.401602
0.690275
1.156539
1.604277
0.663514
1.416429
-0.652958
0.184834
1.172058
0.389133
-0.352375
1.321136
0.252344
1.557687
0.422402
-0.625681
1.360521
-0.238208
0.635775
-0.026096
1.533566
-0.352430
1.254676
-1.109563
1.908563
0.016760
-0.194262
-0.453737
-1.088783
0.404185
-0.422708
-0.841800
0.718755
0.946490
0.773177
2.595974
1.123405
0.047577
0.156058
0.048336
-0.707803
0.286786
1.077037
0.367918
0.498977
-0.615919
1.677894
1.999470
-1.501552
-0.004845
-1.008196
0.530500
0.067037
0.415879
0.540017
2.671002
-0.859807
-1.072831
0.837895
-0.820368
0.019270
-1.390053
0.484838
0.412793
1.591186
-0.588150
-0.805974
-0.936001
0.784776
-1.084624
2.087540
0.461897
1.152561
1.164623
-0.438323
-1.535555
-0.008559
1.170231
1.980538
1.104160
1.174806
0.930506
0.380871
0.493550
-1.049208
0.869357
0.074328
0.886037
-0.933565
0.684350
-0.123755
-0.536436
3.056516
1.270709
0.320305
0.324733
-1.093889
-1.019193
-0.741139
0.905328
-0.508122
0.884316
0.148019
-0.817083
1.260699
-0.065151
0.174939
1.630080
-1.036301
-0.047483
-0.589021
1.078409
-0.622229
1.173736
0.476125
-0.801697
-0.202833
1.827930
0.212513
1.529983
-1.574928
-0.275349
0.006935
0.674298
0.098755
-1.128799
-1.121810
-1.668514
-0.708570
0.222978
1.273060
1.596245
0.365043
0.355930
1.532015
-0.221099
-1.993632
-0.897926
-0.483679
-0.232617
-1.619402
-1.413153
-0.300909
-1.982582
-0.619897
0.008633
-0.416273
-0.764904
0.378307
-0.668698
0.980093
-1.394593
0.487059
-0.212741
-1.350381
-0.432374
-0.819748
-0.250808
1.093753
-0.864248
0.124983
0.532614
1.082446
-0.091852
0.763153
-0.966644
-1.792066
-0.034192
0.007131
-0.599108
-0.133684
-0.029465
-0.479077
-0.659854
-0.718968
0.269693
0.651506
0.722126
-1.019585
-0.016850
-0.100379
-0.551541
0.302253
0.602702
-0.568253
0.742718
-0.504857
0.222332
-1.730268
-0.328756
-0.551819
-1.594074
-0.016507
-0.128245
0.166953
1.611417
-0.195803
0.955436
-1.385679
-0.555058
-0.498797
0.413567
0.239723
0.331232
-1.679796
2.249413
0.400804
0.134466
-0.352433
-0.426436
-1.966325
-0.435024
1.010470
-0.918283
-0.714290
-1.297828
0.576515
-1.263951
-0.359848
-0.584988
-0.797831
0.995675
-0.152796
-0.464165
-0.875601
-0.800646
0.135215
0.026795
1.446925
-0.543884
-0.510664
-0.105980
-1.084728
0.757597
0.760829
0.498899
-0.954084
0.633764
-0.996442
-0.251399
-0.926099
1.304859
-0.158340
-0.038009
0.219542
0.896217
-1.378584
-0.435995
-1.183911
0.130451
0.942792
0.357214
0.671329
-2.372902
-0.061059
0.648842
-0.042407
-0.426279
-0.144764
-1.141025
-1.544588
-1.502121
0.991513
1.136069
-0.258808
-1.900810
-0.552884
0.078197
0.686960
-0.971497
-1.326085
-0.266145
0.067863
0.376497
0.237364
0.036463
1.102055
0.105682
-0.316567
0.147484
-0.875140
-0.990963
0.406093
-0.267999
-0.257668
-0.472812
0.123152
-2.710320
-0.889420
-0.010900
1.549226
-0.143574
-0.454400
-1.112543
0.177503
0.551188
0.516765
1.694425
0.750890
0.623860
-1.455571
0.620098
0.283424
0.682500
-1.078161
-0.955378
-1.069338
0.925365
-0.339870
-0.429684
0.551137
0.044531
-0.351681
0.464568
0.093863
-0.074321
-0.447809
-1.175090
0.246034
-1.064454
-1.645451
-0.829199
-0.783630
-1.337938
0.295300
0.919882
1.138440
-0.014790
-1.113136
-0.280528
-1.576798
0.671767
-0.833297
1.088733
0.039315
-1.158697
-2.616387
0.518335
0.129143
0.611152
0.041146
-0.980734
-0.560703
0.487801
-0.817675
1.029109
0.038548
-0.660225
-0.019544
-2.501094
-0.409219
0.658208
-0.607631
0.145233
0.239705
1.612691
-0.083645
1.255933
0.981742
-0.303804
-0.282137
-2.015174
0.084629
-0.932333
1.007741
-0.023461
-0.845179
-0.177684
0.547804
-0.472467
1.231052
-0.065012
0.260036
-1.163441
-0.149708
-0.816877
-2.565376
1.918890
-0.972884
-1.457869
-0.800350
-1.618907
-1.962536
0.321197
-0.278693
0.211095
0.652882
0.044283
-0.681075
-0.320563
-0.418636
1.204837
0.480343
-0.383413
0.172396
0.247299
-1.552496
0.774077
-1.387508
-0.603131
1.131040
-0.974714
-2.540176
-1.038847
0.055383
0.004664
-0.325453
-0.668555
-0.834467
0.505831
0.869774
-0.701566
1.268515
-1.841393
0.753741
0.617203
2.121557
-1.397631
-1.214841
0.883119
0.757938
0.557230
-1.737685
-0.446031
1.384312
-1.089967
0.228123
-0.208218
0.552853
0.396377
-1.643360
0.951373
-0.446754
1.009982
-0.441704
-0.035602
-0.700485
-0.550775
1.547622
-0.463398
0.626242
-0.772411
0.556088
-0.130076
-1.830393
1.528864
0.302865
0.387755
1.261520
-0.495740
-0.511905
-1.365700
-1.094744
0.577296
0.656829
-2.383345
-0.818311
-1.027245
-1.109213
1.051447
0.539062
0.026988
1.385594
-1.568053
-0.328219
-1.086052
-1.050039
0.443585
0.972724
1.724160
-0.657710
-1.238134
0.469396
0.284099
-0.027538
0.021014
1.387967
-0.613422
-0.222698
0.561118
0.359865
0.287058
-0.734026
1.038294
0.236200
0.439178
-1.264249
0.641194
0.130454
-0.686828
0.997185
-0.449749
-2.084841
0.679159
-0.116177
-1.679296
1.235376
0.132411
0.815690
0.249906
0.181900
0.755288
0.519364
-1.918114
0.454504
0.741474
0.446666
0.115700
0.326575
-0.388471
0.798799
2.141421
-0.869058
0.990278
0.743196
1.381609
0.362902
0.544696
-1.030432
-0.675178
0.308534
-1.686555
-1.893746
0.802166
-0.194626
-0.127777
-0.248621
-0.201656
-0.231104
-1.422596
-0.842496
-0.571798
0.116469
-0.782337
-1.897561
0.913378
-0.239292
-1.491169
0.173269
-0.629912
-0.406183
0.472891
-0.351536
1.568741
0.120658
0.913874
2.238088
0.258680
-0.105995
-0.673033
-0.477116
0.647431
0.478928
-0.256095
0.284565
-0.266181
0.399462
0.674686
-0.141389
-1.304591
1.822784
-1.353559
2.057986
-0.487626
1.255444
-0.016041
-1.776328
0.257966
-1.339935
-0.509351
-0.508921
0.858740
0.819184
0.428260
1.001842
0.249324
0.711152
1.006101
-1.050580
-0.367505
1.230292
0.260848
-0.593345
-0.461784
0.858281
-0.360022
0.482758
0.168406
0.012291
0.481997
1.841605
-1.413480
-0.875841
-0.366313
0.190568
0.598882
1.214551
0.836589
-0.210523
-0.994116
0.991865
0.540178
-1.403294
-0.193094
0.470523
-0.086901
-1.580182
0.231080
-0.354114
0.798799
-0.113311
0.361535
-0.848505
-0.586153
0.803984
0.605468
0.624444
1.127406
-1.845570
0.540356
-1.525372
0.168883
0.969305
0.344252
0.294117
0.346335
-1.342953
0.719065
-0.445381
-1.658663
0.688626
-1.089078
0.069989
-0.029065
2.314327
-1.312906
0.293477
-0.199229
0.246493
-1.225414
0.477419
0.951017
0.358215
2.181367
1.170829
-1.023553
0.949687
-0.369969
-0.778206
-0.108533
-0.963397
0.897671
-0.989401
0.449110
1.364158
0.332849
-0.274354
1.182656
-0.080110
-0.176012
-0.168028
-0.893559
0.152942
-0.339934
-0.296847
0.140774
1.062415
1.027563
0.707249
1.176986
0.685954
1.038141
-0.358296
0.571617
1.534985
0.973037
-0.687201
-0.374765
0.870285
-0.085677
-0.786329
0.212171
0.626672
1.286843
1.129920
0.841731
0.076756
1.870294
-0.809435
0.058433
-0.115255
-0.987920
-0.550829
-1.366453
-0.534125
-1.145946
-0.939818
1.383887
0.983477
-1.038748
-1.113247
-1.700898
-1.580651
0.395439
1.088872
0.362620
-1.180591
-1.018478
0.099081
0.569869
-0.959186
0.143509
0.173154
0.853624
-0.106323
-1.114281
0.945692
-0.143092
0.703055
0.442515
1.372649
0.102143
-0.192803
-1.214906
-0.167785
1.575611
-1.748325
-0.018753
-0.760246
1.221649
0.155322
-0.320426
-0.334556
-0.877864
0.432076
-0.747793
0.828694
1.242284
1.403259
0.434702
0.751090
-0.854284
-0.323912
-1.493309
-0.715917
-0.551330
-0.083189
0.207018
-0.094868
0.429489
-1.722544
0.686848
-0.212668
-0.166665
0.892775
0.422100
-0.403528
-2.134601
0.114614
0.015015
-0.432114
-0.828068
-0.289256
-1.091481
-1.200147
0.699495
0.267205
2.387266
0.148343
-0.753208
-0.503137
0.092208
-0.434967
0.045682
0.083052
1.369739
0.311984
-1.523200
-0.339226
0.701772
0.578316
-1.778220
-1.501828
-0.501301
0.388847
-0.716347
-1.255980
0.100481
-0.306068
0.078692
-1.411847
-0.289077
-0.517541
0.647314
-1.691954
0.682123
-0.363361
2.083379
0.472744
-0.191342
-1.268850
-0.654869
-0.242523
-0.807709
0.867690
-0.065393
1.349902
-1.099790
0.620351
1.197304
-1.425732
0.969850
0.356732
0.785321
0.123768
0.458952
-0.117227
-0.484450
-1.252406
0.106278
1.589126
0.317114
-0.599299
-0.640050
0.561908
-1.497647
-0.952011
0.176800
-1.427918
0.091328
-0.245936
-0.896079
-1.672978
0.559369
-0.509484
-0.639130
-0.058009
0.942242
0.552357
0.306346
-0.545702
0.460230
0.060916
-0.330411
0.283915
1.556415
-0.374923
0.200013
2.332560
-1.063983
1.375910
-0.463894
0.043893
0.342674
0.845471
0.671850
-0.624172
-0.777505
-1.239468
-1.145622
0.051029
-1.459934
0.974515
-2.216938
-0.203335
0.047391
0.815883
-1.086022
1.532096
1.628044
0.988526
-0.346357
1.271275
0.141708
0.479029
-0.539534
-0.347892
-0.262876
1.999234
0.395970
0.370969
0.556209
-0.278909
1.006376
0.618082
-0.068254
-0.161997
-0.237409
0.071199
1.051533
0.242407
0.260022
0.025607
1.230106
1.031665
0.839434
-1.293350
0.029430
1.413345
-0.558831
-0.198162
-0.828375
-0.823561
0.346320
-0.514065
-1.157672
1.534761
-0.380196
0.606260
0.525887
0.967814
0.951614
1.168734
-0.963282
0.151296
-0.351756
0.491852
-0.018431
-2.130992
-0.079819
-0.710769
-0.485510
-0.531771
0.983499
-0.208192
1.184198
-1.203449
-1.040852
-0.065229
-1.179515
-0.606648
0.281318
-0.435102
-0.025029
1.388581
-0.780035
-0.065290
0.412249
-0.047085
0.663822
-0.398161
-0.256857
0.497633
-0.329413
0.630775
0.181461
0.044071
0.223378
-0.389999
1.449710
-0.338366
1.818040
0.568360
-0.732718
-0.362166
-0.363494
-0.087663
0.446980
0.103914
2.028484
-0.256040
-1.199232
-0.991138
-0.644690
0.372373
0.414574
-0.524587
0.062291
-1.412061
-0.293338
2.165530
0.236911
-1.978778
-0.344814
0.962964
0.048120
-0.825330
-1.242805
0.674609
-0.311033
-1.894442
0.449407
1.568540
0.503710
2.318838
-0.688944
-2.390790
0.384633
0.373896
-1.497582
-0.925458
1.593123
1.493773
-0.339935
0.694519
-0.098785
-0.324769
0.685485
-0.307449
-0.248362
-0.090825
1.312443
-0.222619
-0.558208
0.784236
-0.281810
-0.059308
-1.298718
1.300897
-1.161313
-0.857994
0.196701
0.241168
0.756987
0.419875
0.911718
0.162843
0.227867
-0.678100
-0.068393
0.281040
0.461582
-1.074664
0.842357
0.409002
1.876467
-0.909131
-0.087082
1.378784
0.580793
-0.614677
-0.219646
0.316229
-1.282760
-1.350801
-0.437215
-1.140559
0.781880
0.371837
-0.033420
0.427843
-1.036180
-0.916704
0.807496
-0.798811
0.152084
0.480972
1.180196
-0.379722
0.159195
1.643595
0.313493
2.094067
0.657797
-0.364124
1.100988
0.820209
0.688806
-0.257287
-1.263615
-0.606444
0.295397
-1.064583
0.022114
1.270023
-0.948970
-0.538057
0.124073
-0.020412
-0.755121
3.525004
-1.291206
-0.214006
-0.341780
0.422514
-1.314046
-0.348497
-0.867819
0.319909
-0.901218
0.801249
0.276006
-0.850011
0.558666
-1.211384
2.304347
-1.140500
-0.301939
-0.858049
-1.177035
0.757897
0.451226
-0.084616
-0.071661
0.704455
-0.170802
-1.154115
-0.209142
1.703649
-0.112318
0.222512
0.788777
1.187249
2.091652
-1.082758
-0.182455
-0.192915
0.384280
-0.010287
-0.978252
-0.451532
0.678941
0.214919
2.083042
-1.094404
0.293814
-1.070211
-0.297686
-0.588961
0.857122
-0.332824
-0.246976
-1.800014
2.818430
0.188040
-1.263539
-1.370813
0.694160
0.937576
0.377128
1.559802
-1.140918
0.964963
-0.092865
-0.324896
0.201354
-0.718934
-1.426100
-0.204521
0.375310
1.451990
0.451632
1.122202
-0.137702
-0.534068
0.385421
-1.383787
0.440056
-0.196406
-0.739771
-0.685285
1.309334
0.458039
1.018936
-1.335709
1.112744
0.021961
0.685092
-0.548954
-0.332528
-0.495873
1.564071
-0.166209
1.021536
-1.506393
-0.083868
-0.419180
0.012506
1.255920
-1.230847
0.381355
-0.028907
-0.322472
-2.717569
-1.907727
0.520175
-1.217132
0.122522
1.828273
-0.607543
0.199336
-0.627775
1.226687
1.303928
0.005261
-1.243020
0.269410
-1.710502
1.026017
0.223731
-1.966055
-0.910330
-1.320662
-0.498484
-0.405679
-0.426106
0.763986
1.805855
-1.269161
-1.369290
-0.641827
0.618627
-1.151586
1.202098
0.827516
-0.826823
1.009788
-0.074896
0.440919
-0.790358
1.947953
2.312925
-0.719473
0.628946
0.814749
-0.279546
-0.942558
-0.595437
-0.729823
-0.991598
0.218227
0.946285
0.684330
-2.056007
-0.475578
0.428038
0.303203
-0.396262
-0.031767
0.287582
1.043248
0.693955
0.344472
-1.157932
0.949384
-0.282150
-1.562906
-0.916058
-0.860940
-0.278154
0.567056
0.756747
0.218005
1.885844
-0.329193
0.737926
-0.522138
-0.021786
-0.610889
1.598841
-1.200119
0.174835
-0.309539
-0.378971
-1.067078
-0.213647
-0.104807
1.545071
1.460602
-0.133995
-0.736191
-0.238220
-0.471665
0.433645
-0.810088
-0.225984
-0.126731
0.360218
-0.596151
-0.002428
0.153584
0.118276
0.372732
1.057449
-1.785478
0.715010
0.449933
-0.332179
-0.047955
-0.606309
-3.138219
-0.380466
-0.869355
0.621044
1.241561
-0.860997
-0.000819
-0.844613
-0.152636
1.145208
1.249031
-1.052914
0.030445
0.794450
0.052449
0.393436
-1.504893
-0.357284
0.108616
-0.357960
0.715361
-0.695830
0.993834
-0.793711
0.858390
0.441860
-1.106436
0.934294
-0.357722
-0.677496
-0.066748
-1.346848
1.271290
0.583440
0.117855
-0.844870
-0.744341
-0.781550
-0.471458
0.686469
0.682366
0.502382
-0.003662
-0.095546
-0.778043
0.936500
0.113668
-0.151167
-0.669587
-2.322698
0.423993
0.374354
-0.106184
0.239905
-0.802222
-0.224450
0.633838
-0.507946
-0.185204
-1.561351
-0.332852
0.242896
0.988471
-2.411495
-2.196911
-0.546569
1.023571
-0.109672
0.165336
0.482624
-1.203852
-0.445496
0.961671
-0.797389
1.614753
-1.450115
-0.966122
-0.226718
-0.297812
0.612952
-1.203905
1.086757
0.685091
0.248349
0.538482
0.410469
0.266285
0.096659
1.307276
-0.023613
0.438070
-0.002870
-0.653371
0.438591
-0.215922
-1.753714
1.963376
0.316659
0.749369
-0.836246
0.577473
0.666049
-0.096494
-0.454327
0.408201
0.934692
-1.002115
-0.087726
-0.187198
-0.405244
1.237427
0.247249
-2.072414
0.095688
0.920641
0.186647
-1.372373
-0.574698
0.478186
-1.440575
0.835578
0.129454
0.434590
0.835903
0.276473
0.865238
-0.926300
0.706307
-0.121113
-0.458962
-0.142327
0.360649
-0.384120
0.842243
0.103335
-0.315651
1.168087
-0.204651
0.280427
0.832036
1.365930
0.237887
0.473381
0.671944
-0.464107
0.906912
1.213252
0.066848
-0.396748
1.802934
0.033855
2.067990
0.336402
1.314558
-0.959588
-0.805414
0.088940
-0.689084
-0.559496
1.148048
-0.512732
-0.482981
0.531866
1.588974
-1.046937
1.102744
-0.417329
0.384976
0.075436
-0.044316
-0.455470
-0.991269
1.183088
0.457217
-0.009383
-0.398371
0.226356
0.070346
1.229872
-1.169224
-0.869759
-0.492657
0.603810
0.311009
-0.211571
-0.604707
1.445229
-0.462264
0.209628
0.612160
0.207580
-1.516249
1.639081
-1.501435
0.061490
0.509932
