-1.588595
1.061693
-1.459861
0.495256
-1.619806
0.944478
-0.970235
0.891455
-0.580399
0.277478
0.360601
0.900213
0.925961
-1.010678
-0.716548
-0.243828
0.883976
1.673776
2.609653
-0.212543
-1.344447
0.482725
0.002503
1.714407
0.842858
-0.322097
0.503678
0.621650
0.018090
1.125081
0.151293
-0.652895
-0.307325
1.328646
0.024985
-0.683590
0.751901
-2.559074
-0.142075
-0.512961
0.673146
-2.511414
2.006124
-0.405873
-0.114876
-0.865821
0.413008
-0.503079
-0.190322
-1.517392
0.112675
0.208825
-0.080736
0.056321
-1.947493
-0.139460
-0.360757
-0.452956
-1.186674
0.338434
0.751930
-1.462863
0.466601
2.373815
-0.657128
1.169922
-0.897448
0.250642
-0.311612
-1.031440
-0.134146
0.532435
1.236580
0.890654
1.024495
-0.536730
-0.593389
1.354229
-0.720758
-1.007520
1.258202
0.809738
-1.008327
-0.224138
-0.076548
0.063189
2.671015
-0.158592
-0.757494
0.225068
-0.627873
0.338389
-1.336365
0.811401
0.039968
-1.482735
-0.000052
0.327611
-0.212401
0.177256
1.163658
-0.573201
1.320821
-1.091421
-0.515511
-0.236839
0.800038
-1.302767
0.838293
0.209016
-1.349044
0.664463
-0.132448
-0.507455
1.239670
-0.078857
1.839494
0.201432
0.065215
-1.418282
0.689569
1.076843
0.172432
-1.414734
1.141937
0.341941
-0.116592
-0.587359
-0.267291
1.485841
0.825282
1.096023
0.612875
0.154280
-0.257468
-1.650064
-0.130377
0.057402
-0.064974
-1.626422
-0.874573
0.765377
-0.346852
1.744054
-0.090159
-0.175458
1.563739
-0.482472
-0.574049
-1.692217
-0.359362
-0.598880
-0.672557
-0.285251
0.346731
-0.495034
0.949391
0.380048
-0.401448
-0.088365
1.109601
1.066208
0.465106
-0.488179
-1.634533
0.343407
1.496206
-1.321951
-0.285950
-0.778265
1.882462
0.303629
1.839947
1.048509
0.554200
1.415836
-1.914939
-0.733895
-0.518942
-0.969841
-0.170495
-1.251783
0.005133
1.058474
-1.422765
0.675931
-0.086463
-0.825570
1.058271
0.533978
-0.460148
1.400795
0.762603
0.464198
0.849489
1.673552
1.895294
0.259715
0.248076
-0.067202
1.412685
-0.132977
-1.188333
-0.452216
-0.898719
0.776187
-1.114432
0.747294
-0.207611
-0.234418
0.857872
-0.049445
1.066723
1.616256
-0.753949
-0.722596
-1.913899
-0.096412
0.540816
-0.576659
0.257413
1.312529
-1.077746
-1.868895
-0.148468
-0.087553
0.229934
0.489549
0.655158
-1.246292
0.191217
0.999986
0.138054
0.348719
0.880431
1.551438
0.440805
-0.806498
0.436977
0.724476
1.351019
-0.030702
-0.258606
-0.332027
0.439022
0.263826
-1.407088
0.573631
0.194494
-0.136598
0.302266
-0.714296
1.814902
-0.998209
0.262080
-1.028416
-0.250966
-1.485671
0.150827
0.673413
0.835273
1.238998
-1.455629
-0.667161
0.279703
0.530314
-0.838329
-1.532928
0.186466
1.168702
1.001358
-0.932222
-0.109930
1.238354
1.929114
0.935727
-0.047381
0.179417
-0.836216
0.762270
-0.894681
0.680597
0.682010
0.700870
-0.803367
1.006836
1.012534
-0.959618
1.741931
0.564660
0.991567
0.652835
0.602416
-0.494054
-0.579263
-0.249849
0.582938
-0.044008
-0.378322
0.375862
0.804834
-0.231363
1.460747
-0.199052
-1.057424
-0.225761
0.193610
1.271764
1.245974
-1.337809
0.732789
0.032271
-0.435885
-0.473658
0.661484
-1.385994
-1.198753
-0.086544
0.484139
-0.428052
-0.558669
-1.552936
-1.618981
1.079192
0.354328
-1.649695
0.606745
0.760596
-0.011913
0.850407
0.851846
0.151687
1.423996
-0.296197
0.971604
0.049518
-0.550007
-1.269837
1.045740
-1.637171
1.640969
0.994566
-1.516739
0.897973
-0.364613
-0.822078
-0.945191
-0.761133
0.501673
1.611960
-0.353390
0.602457
0.372965
-1.355776
-0.604613
-0.100553
0.984346
0.083814
0.239285
-0.051231
-1.280305
-1.764040
-0.706773
-0.449100
0.781964
-0.171154
-2.356034
-0.865066
0.243028
-1.161574
0.094827
0.741866
0.034112
0.761838
0.296450
-0.888718
-0.158694
-2.022549
0.946794
0.462247
-0.024985
-0.170573
0.226900
0.145857
1.389299
0.846652
-0.638233
-0.554507
-0.054519
-0.530148
-1.080526
0.761645
1.027336
-0.542706
0.090867
0.063398
-0.988670
-0.286320
-2.766284
1.327103
-0.897256
0.392743
0.473193
-1.012627
-0.857282
-0.332099
0.769268
-0.699572
1.192123
-0.845397
0.529080
-1.451372
1.368969
1.751544
-0.905523
-1.296540
2.257021
0.194162
-0.272202
-0.849979
-0.689914
0.894732
-0.937865
0.162645
-0.272051
0.645030
0.855675
0.262788
-1.849965
0.564355
-0.973895
-1.087866
1.723588
-0.016230
0.859369
2.409441
-0.740081
0.309297
2.731549
-0.524018
-0.225611
-0.620601
-1.354904
0.296531
-0.234843
0.073280
-0.526475
0.825005
-2.457482
-0.092903
-1.254659
-0.603758
-0.425053
1.565513
0.347335
0.335244
-0.880832
0.626915
-0.281390
-0.785618
-1.319804
0.178841
-0.685138
0.911354
-1.800764
0.210240
-0.861855
-0.415727
0.436435
0.352896
-0.018068
2.196585
0.217352
-0.233587
-1.267218
2.125411
-0.308658
-1.215822
1.242844
1.262871
0.650740
-0.339110
-1.822743
-1.280220
0.738378
0.728149
-0.232258
-0.370640
0.443136
-0.594187
-0.208403
0.461130
0.409300
1.453120
0.711908
-0.134834
-0.753962
0.731069
0.147497
0.213924
-1.863433
-0.299256
-1.523848
0.673399
-0.023419
0.280519
2.343414
-0.285524
1.566730
-1.031514
0.700526
0.566080
-2.633179
-1.148123
0.869108
-1.536658
0.578825
-0.092962
-1.044092
-0.890177
-0.259507
0.924631
-1.355461
1.351257
0.272137
-0.237664
0.038656
-0.548491
0.557946
-1.361188
-0.478119
1.179832
1.307999
-1.020347
0.177306
0.360791
-0.933847
-1.045252
-0.480444
-0.149184
-0.138755
-0.306655
-0.466444
-0.719092
0.446948
0.482282
-0.298608
0.711930
0.020982
1.458832
0.132694
0.251730
0.213237
-0.553347
0.138641
-0.956636
-0.176269
1.725958
0.628433
1.153365
-0.208129
-1.013079
-0.989141
-1.315382
2.696496
1.180465
-0.611952
-0.662654
-0.006866
1.609226
0.113786
-0.180264
-0.209388
0.986786
0.155554
0.239128
-1.132750
0.332557
-1.145674
1.122524
-0.407612
-0.856189
-0.402295
-0.239640
0.524555
0.355524
-0.529467
-0.043413
0.152466
-2.136376
-0.467765
-0.341313
0.287093
-0.313361
-0.653785
0.257304
-2.207045
0.361055
-1.131866
0.825355
-0.223496
-0.118569
-0.981391
2.076827
0.591277
1.239628
-0.485266
-0.906992
-2.342148
0.079803
-0.529991
-0.943177
-0.173966
-2.845312
0.872483
-1.408746
1.566158
-0.575259
0.060495
2.065481
-0.231200
-1.599764
0.383036
0.061108
0.205028
0.039426
0.392119
0.474050
0.504627
-0.006542
-0.595155
0.117456
-0.277974
-0.197807
-0.710113
-1.085691
0.338638
-0.552272
0.062545
-0.499769
-0.514422
-0.566578
2.458843
-1.363899
0.359835
0.201837
0.119489
0.089596
-1.361525
0.947651
1.514355
1.257320
0.025817
-0.626863
0.023501
1.341682
0.335750
0.780422
1.228628
0.161313
0.164098
0.058351
0.042912
0.639143
0.872080
0.036453
-0.251033
1.233586
0.195318
-1.316349
-0.210770
0.995493
-0.386944
0.156896
-1.637242
-0.900429
0.608490
-0.237954
-0.944913
0.941205
2.455630
0.207119
1.364427
-0.366017
-1.090805
-0.464933
-1.581438
0.376625
0.142921
1.142708
-0.083168
0.017619
2.491576
0.167335
0.107208
0.448799
0.733342
0.043056
0.506161
-0.408663
0.724948
-0.486727
0.225885
0.059644
-0.635502
-1.562645
0.608699
0.683765
0.620690
1.379947
0.497945
0.154232
-0.308122
0.245226
0.297735
0.417650
2.044497
0.418355
0.400141
-1.316079
0.472487
0.253674
0.669208
-0.385766
-1.208482
0.016942
0.935802
-1.002291
-0.894125
-1.069246
0.743421
-0.655447
0.854597
0.357142
0.330350
1.732870
1.241343
0.481608
-0.700487
0.539028
0.890172
0.487582
-0.838741
-0.108971
-0.427143
1.471030
0.416612
1.279074
-0.262410
-1.070876
0.858120
2.199908
0.554323
0.886645
1.246714
-1.280037
1.204390
0.184906
0.784097
0.278783
-1.612761
-1.964531
-1.538212
1.120318
1.327088
-0.029672
-2.528036
0.866851
0.481291
-0.809481
-0.795192
-1.863307
0.332134
0.971534
0.991037
1.469353
-0.104712
-2.046718
0.816590
0.460511
-0.784746
-0.248120
-1.364833
0.005004
-0.483607
-0.755136
1.083801
-0.158856
-0.502044
0.359508
0.884550
0.483581
0.974957
0.441606
1.430349
0.845499
-0.192601
-1.730129
1.976959
1.085096
0.751892
-0.407512
-0.534475
-0.753959
0.216074
0.888867
-0.622704
0.093292
0.077929
-1.335705
-0.044437
0.709968
1.326903
-0.201753
0.734959
0.432320
-0.653161
-0.590862
0.799015
-0.034970
-0.518457
-0.230704
0.892341
0.084399
1.382470
-0.418878
-1.411770
0.915187
-0.541018
0.308846
-1.136404
-0.349957
-1.387791
0.592740
1.627956
-1.066618
0.440865
-1.609392
-1.231348
-0.031586
-1.122102
1.861619
-1.303525
-0.148678
-1.012214
0.715623
-0.128784
0.416338
1.473775
-0.139423
-0.494301
0.912813
1.323135
-0.855841
-1.182500
1.981259
-0.170241
1.645184
0.712786
2.742782
0.132949
-0.566491
-0.315811
0.294350
1.511262
0.818223
1.827374
-0.258100
0.671038
0.563904
-1.581807
0.972614
0.092453
1.620140
-0.058390
-1.033572
0.459842
-0.964659
-0.074038
1.406955
-0.573360
1.158980
0.181920
-1.130583
-1.967535
0.616792
-1.760110
1.388901
0.611845
0.068059
0.227915
-0.665100
2.346820
-0.096660
0.926437
-0.114209
0.731730
-0.350590
0.863808
1.345056
1.113594
0.111676
-0.044489
-2.090947
-1.287514
0.308908
0.527625
0.368532
0.181158
-0.882865
0.909924
-0.179168
-2.306349
-0.047069
0.243705
-1.690259
0.575673
-0.457069
-1.536516
1.161178
-1.119739
-1.363391
0.835746
-1.447075
-1.351658
-0.220018
1.586863
0.855633
-0.221554
0.042657
0.182696
0.611825
-1.616519
-0.514030
-0.948134
-1.181867
-0.667873
0.898716
0.919205
0.948566
-0.831938
0.076418
0.011287
-1.487580
1.027359
-0.661734
0.394007
-1.258298
-3.162605
1.375789
1.734167
1.267756
0.731231
1.487632
-0.462016
0.146819
1.573858
0.281236
0.073784
-0.196110
1.165351
0.766094
-0.369835
0.616043
-0.589656
0.156523
-0.327475
-0.476363
0.700832
-1.217269
0.555460
1.202462
2.754391
-0.697360
1.602847
1.669202
2.558171
-1.699855
1.179304
-0.817093
0.494173
0.546020
0.700520
-1.519222
0.616654
1.126546
1.705555
1.007907
2.049579
-0.243083
1.358126
-1.418398
-1.726439
-1.290388
-1.725394
-1.036771
-1.752389
-1.937665
-2.709902
-0.392626
-1.831313
-2.205168
-0.315164
-1.474030
-1.853346
-1.172265
-0.708133
-1.890391
-1.151348
-1.668962
1.237376
-2.025973
-0.506500
-0.058513
-0.781354
0.399183
1.375107
2.402593
-0.430563
1.431151
1.178737
0.400827
1.739772
2.515943
1.087125
3.877493
2.240479
0.944372
2.442140
2.521759
1.891485
2.018516
1.610535
1.796910
1.740188
1.061161
-0.136371
1.433700
-0.521316
0.224829
2.018669
-0.716959
-0.210292
-0.398137
0.474435
-0.261528
-1.216491
-1.920197
-0.620887
-0.746009
-2.168074
0.266991
-3.173618
-1.291431
-1.638668
-0.447843
-1.507064
-1.241445
-1.660759
-0.285872
-1.198209
1.975657
-0.361959
0.375919
-0.418839
0.008833
-1.124944
2.160340
0.251272
0.875054
0.954992
-0.221279
1.404164
0.242649
2.026621
-0.433608
-0.271616
0.248198
-1.470480
0.086589
2.427916
-2.145339
0.348090
2.460806
1.105376
-0.437658
-1.430707
1.403042
-0.942889
0.617500
-1.269403
-0.551762
0.165579
0.250235
0.924951
-0.832769
-0.063580
2.250822
-1.224161
1.075608
-0.638836
2.001276
0.119889
1.233470
1.363608
-0.279259
-0.186643
-1.050042
-0.376670
1.399205
1.080548
-0.587128
-1.280892
0.282742
1.241013
-0.874213
0.262771
0.005856
-0.139963
-0.317640
-1.942251
-0.307266
-0.851070
-2.213191
-0.241764
-2.320880
-1.287774
-1.454972
-0.756424
0.299331
-2.002255
0.019737
-1.917035
-0.271166
-0.478985
-0.327230
-1.281435
0.465303
0.982239
0.684403
0.504201
-0.825567
0.468255
-0.194662
-1.089662
1.473944
-0.054928
-0.239823
-0.434920
-1.474066
-0.733717
-1.061646
-0.927453
0.702197
1.243943
0.406442
1.562637
-1.220393
-0.068917
-0.907948
-0.789874
0.313458
-0.055003
-1.518543
-1.660484
1.102466
-1.158809
0.536133
-0.523606
1.649107
0.353319
-1.312608
0.466478
0.363572
0.959107
0.873260
-0.608151
0.836119
2.033892
-0.041545
0.519462
-1.729743
-0.728747
0.125891
0.456589
-1.074639
0.823596
-1.704524
-0.548464
-0.710047
-0.271800
-0.705388
1.229291
1.235269
-1.290426
1.063403
-1.042070
1.569970
0.083920
1.421124
1.057997
1.896341
0.750432
-1.179781
-0.770452
-0.837769
0.334263
1.602116
1.208794
0.160727
0.553226
-0.394217
-1.522452
1.160959
0.831614
1.117886
2.396456
0.907122
-1.098588
0.375812
-0.479937
-1.322353
0.909816
-0.063665
-1.756203
-0.162802
-1.503271
1.481206
-0.445515
-0.572395
0.560555
-0.824969
0.051694
2.114483
0.686056
-2.178995
-0.422674
-0.814851
-1.432583
-1.112823
0.616234
0.745175
-0.022283
1.373516
-0.498034
0.001391
-0.868978
-0.475830
-1.640572
0.348336
0.419096
-0.256175
1.419430
0.758218
-0.427471
-0.879475
-1.938044
1.236281
0.589642
-0.868780
-0.929401
-0.001796
-0.956227
1.783486
0.301585
0.272545
1.386697
-0.649319
0.571781
0.281548
1.383680
0.350907
-0.697653
0.209794
3.002262
0.710474
1.126052
0.927683
-0.487563
0.474349
0.733052
0.778608
0.445159
0.111289
1.514387
0.784958
-0.452294
-1.461821
-1.619900
-1.851064
-0.788129
0.434112
0.313305
-0.123077
1.651709
-2.026470
0.441262
-1.759237
-0.999146
-1.107598
2.520889
-0.624035
-0.797771
-0.388659
0.998042
-0.455412
-0.668862
0.266741
-0.220340
-0.684172
-0.616774
0.288031
0.658684
-2.292784
-0.495699
-0.262334
-0.271378
-2.115784
1.540790
1.656317
-2.437837
-0.685318
-1.193325
-1.204018
-1.522264
-1.508938
1.078411
-1.944476
1.853619
0.573115
1.035080
-0.189288
0.406977
0.967729
0.527813
1.425443
0.688126
0.248852
-0.794801
3.654343
-1.928045
0.784717
0.982618
-1.630342
-0.019718
-1.194999
-1.441671
-0.265905
-1.233360
-1.340931
-0.180856
1.079359
-0.756350
0.846214
2.293365
0.638472
1.231796
0.402913
-1.374817
2.430306
-0.542922
-0.560294
0.042506
-0.701035
0.218213
1.930649
-1.315899
-1.152218
-0.616092
0.164596
0.758330
-1.463485
0.323504
0.396349
0.624586
-0.966520
1.055818
-1.188438
2.232314
0.304581
0.271415
-0.658366
-0.929664
0.250906
-0.605205
-0.267037
-0.014597
0.073874
-0.527140
-0.522899
-0.018644
0.164636
2.579838
1.216314
0.098445
-0.854290
-0.713630
0.162087
-0.871624
-0.638930
1.217991
-0.903248
1.600660
-1.160860
-2.274030
0.031309
0.109185
0.453356
-0.258074
-0.977672
-0.015187
0.279053
-0.162661
0.953907
0.053341
-0.775954
-0.404917
-0.843346
1.513418
-0.132846
-1.335957
0.863068
2.658588
1.103398
-1.082833
0.614988
-1.097587
-0.297136
1.214616
-0.041494
2.112386
1.589456
1.034843
-0.105730
2.216198
-0.552097
-1.601671
-1.335512
-0.800229
0.368991
-0.767559
0.701406
-1.279578
-0.952294
-0.094917
-0.451647
-1.606550
0.039673
-1.919171
0.335452
0.338930
1.649923
0.020895
-0.490744
1.097338
1.192828
0.794205
-0.255751
-0.092297
-2.150613
0.079028
-0.405073
1.282984
-1.011415
0.518184
0.767871
0.052370
0.839971
1.089699
-0.568904
-0.001426
-0.497793
1.308626
-0.574076
0.422409
-0.546776
1.556686
0.865887
-0.287172
-2.040173
0.201803
-0.160429
1.805089
-0.117730
-0.005365
0.263844
-0.345097
0.306885
-1.214758
-2.268824
-1.194420
-1.010474
-0.294150
0.949379
-0.847329
-0.397763
-0.095853
-0.226336
1.558747
-1.475094
1.077803
-0.354007
-1.403622
-0.027410
-0.769031
0.221088
-0.714310
1.514056
0.407068
-0.043317
0.469057
0.411911
-1.137082
0.315878
-1.056178
-0.458423
-2.153676
-0.584696
0.712593
-1.018656
0.788975
1.392409
-0.590588
2.288356
0.560264
-0.409534
-0.177626
1.548850
0.780056
-1.893009
-1.146881
-1.012000
0.216008
-0.153308
2.192666
0.247901
-0.525431
0.884315
0.199834
-0.758791
0.874456
0.179132
-0.156087
2.541630
0.702270
0.862121
1.089855
1.083377
-0.844198
0.808346
-0.516915
-1.278529
-0.063949
-0.607898
-0.953104
1.577136
-0.171148
-0.452554
-1.104161
-1.155783
-0.735375
0.617113
-0.475260
-0.918643
0.529052
-0.247753
-0.310318
0.471356
0.074235
-1.793578
-1.079674
0.517951
1.007106
1.096282
1.141992
0.296891
-0.694090
-0.840178
-0.356544
0.031439
-0.155103
-0.009116
-0.784691
0.267881
0.575079
0.134494
0.084629
-3.711856
-0.759257
-2.512083
1.495794
1.572095
-0.960887
0.817089
0.419177
2.136187
-0.812157
0.788748
0.737824
-0.640163
-0.091093
0.301432
-0.553728
-0.066700
-0.343332
-0.010195
0.204171
0.816695
0.721266
-1.026966
0.780168
-1.390156
-0.908638
0.690298
0.002570
1.762200
1.486613
0.695584
-0.356890
0.286063
0.025438
0.661202
0.540155
0.316574
-0.071190
1.239293
-0.334802
0.503670
-1.002749
-0.998530
-0.103890
1.142722
-0.697727
-0.733718
0.381374
-0.406373
-0.065742
-0.688426
-0.658898
1.017407
-0.823473
1.842733
0.180452
-1.121679
1.662130
0.390118
-0.400875
-1.207432
1.061376
-1.373663
1.445352
-1.960865
1.165100
0.303429
-0.370283
1.893944
-0.595194
0.665750
-0.994268
0.824027
-0.373426
1.614519
-0.269561
2.241784
0.369375
-1.993947
0.577533
0.285185
-1.049368
0.514360
0.695877
1.440352
-0.985611
-0.186432
-0.268453
1.042834
-0.713259
2.584819
-0.129025
0.329364
0.784477
-0.240686
1.217892
-0.815746
-1.608578
0.831971
0.521785
3.068655
0.934795
0.192675
-3.198930
0.116277
-1.404756
0.013737
-0.160669
-0.077274
-0.075223
-0.251954
-1.005078
-1.550451
-0.944478
0.614281
-1.340762
0.929679
-0.649674
0.625200
-1.679345
-0.376675
0.388058
-0.217636
-0.172653
-0.835680
0.330275
0.359323
-1.152016
-0.032839
1.046882
0.525371
0.513370
-0.632494
0.385049
-1.016272
1.110861
0.040587
-0.609086
1.265050
-1.109555
0.510830
0.079924
-0.388946
-1.133949
-0.436903
-0.418102
-0.957807
1.293928
0.635482
-3.082341
0.089671
-0.193413
1.393537
0.008610
-0.481507
-0.335733
-0.595756
-1.379889
0.252624
1.139798
0.539974
-0.924311
2.754699
-1.140294
0.388790
0.283008
1.730962
-0.729193
0.806081
-0.024681
0.578383
0.371121
0.754554
-0.464395
-0.732838
-0.334055
0.105082
-1.330641
-0.574503
-2.139974
-0.600576
-0.175091
0.093713
-1.078644
-1.390661
0.585007
0.359267
-0.571069
2.659783
0.867064
1.099227
0.205613
-0.264033
-0.998823
-0.173251
-0.284860
-1.261974
-0.382720
-0.683301
0.554541
0.189372
0.247296
-0.002818
0.966394
1.362838
-0.440702
-0.170759
-0.202012
-1.376785
0.129582
1.209862
0.014953
2.205951
-1.524148
-0.758830
0.801966
-0.770568
0.319372
0.036052
-0.457024
1.363639
1.474500
1.020826
-0.795694
-1.405180
1.748990
0.444869
2.041321
1.548838
-0.439546
1.057101
0.851047
-0.993969
1.373743
-0.273488
-1.053869
0.741892
0.120967
-0.250956
-0.922047
0.019332
-0.464908
0.408268
0.450282
0.216633
0.066912
0.800729
-1.838796
-0.694739
-1.171456
-1.504158
1.489232
0.355795
1.484120
0.941391
0.751427
-0.661171
-0.729386
-1.319070
-0.193506
0.346966
-0.588529
-0.750902
0.352991
0.947699
-1.776810
-0.101966
1.399182
0.034671
1.118400
0.034758
1.704088
2.429847
-0.579668
0.469778
0.215889
1.277068
-0.274483
-0.509498
0.736887
-0.851897
-0.306115
-0.187624
-0.098069
-1.090490
0.568431
0.471520
-0.972118
0.246973
1.212371
-0.405431
-0.909552
0.944354
-0.098145
0.507045
-2.666015
-0.066237
0.406197
1.190408
-0.071162
-0.016931
-0.296015
-1.565552
0.041773
0.389994
0.988351
0.055375
0.625599
0.484787
-0.646380
-1.284651
0.715865
2.115802
-0.645025
1.081480
-0.165255
-0.869329
1.684451
-1.709875
1.868909
0.406640
0.725057
0.006864
1.149416
-0.357169
-0.429891
-0.469415
0.749988
-1.154944
0.372169
-0.594463
-0.853488
-1.526599
0.681711
0.085635
-0.577530
1.961910
2.039657
-0.395735
0.005731
0.195448
-0.077805
-0.033932
2.997429
-0.490396
0.234132
0.021860
-0.106223
1.704422
-2.734277
2.471568
0.725735
-1.456105
-0.947387
1.089078
2.782908
-2.274702
0.197317
-0.062394
-1.014433
-0.310470
0.092239
-1.110192
-1.502574
1.307981
-0.409419
1.185028
-1.152410
0.765031
-0.830924
-1.398510
0.464627
0.285928
-1.535715
0.299581
-0.169594
-1.338638
1.011097
0.854308
1.450168
-0.210567
-0.497319
-0.331391
0.365863
-0.832955
-0.296104
-1.243332
1.011321
0.449237
-1.019627
-1.255668
1.637173
-1.635982
1.638085
0.069879
-0.219213
-0.867257
0.685463
-0.162772
-0.046883
-1.020560
-0.082254
0.049675
0.021098
-1.754043
1.676667
-0.614121
-1.247929
-1.903689
-2.215308
-1.183314
-0.909364
-2.911261
0.249526
0.945491
-0.700701
-0.324962
-0.857303
0.547366
-1.715297
-1.043904
-1.233374
-0.603841
0.852066
-0.530591
0.309890
-1.028762
-1.259238
-0.662787
0.967187
-0.292870
1.593352
0.337880
1.653101
2.080716
-0.507735
0.068782
0.712925
-0.703455
0.923260
1.509620
-0.574595
-0.248555
0.605975
-1.271105
-1.025866
0.115602
2.000491
1.103999
-0.066590
-0.320674
-1.473519
0.306531
1.560414
0.705046
-0.702292
-0.057300
-1.558039
0.012017
-1.329607
0.420281
1.261167
-0.270271
0.767977
0.333868
1.366816
1.145368
0.709610
0.431607
0.146886
0.208091
0.898661
-0.799396
0.816404
-0.111660
-0.980947
-1.484611
0.769495
0.521650
-0.690972
-0.982193
1.126078
0.382838
-0.957957
-0.378720
2.042658
-0.644364
-0.974308
-0.977206
-0.355587
-0.866889
0.751593
0.702420
-1.644694
0.436347
-0.080771
-0.485518
2.102005
-0.984404
-0.794574
-1.584432
3.115277
1.137833
0.703652
0.699192
-0.914049
0.045297
-0.759594
1.021354
1.057362
-0.403221
-1.693367
0.749486
1.425171
-0.848128
-0.394359
0.262839
-0.545890
0.433669
0.203010
-1.015160
1.003440
-2.874556
1.535884
-0.304905
-0.958016
-2.596540
-0.420425
-1.174613
1.521959
-0.562735
-0.163951
0.640416
1.153292
0.656297
-0.704912
1.434368
-0.436381
-0.157156
-0.135989
0.226432
0.513023
-0.217958
0.012485
-1.379969
1.490283
-1.216074
-0.551417
0.676020
-0.423555
-0.785254
0.989007
0.570934
-1.256021
-1.361211
-0.188442
0.345237
0.230822
1.444274
-0.681573
-1.238101
1.531901
0.574161
1.798259
0.864500
0.120273
1.084565
0.986657
0.674318
-0.687088
-3.270726
-0.407780
0.540668
2.050234
-0.563353
-2.503271
-0.765777
0.127748
-0.878021
1.744156
-1.730801
0.017273
0.263682
1.518442
1.028889
-1.859630
1.006081
-1.037291
0.593349
0.324185
-0.102879
0.735824
0.349976
0.479677
0.029955
0.025922
0.443522
0.414838
0.527192
0.109395
0.209571
-0.571936
0.010266
-1.821409
-1.293722
1.566716
0.029019
1.853020
-1.697635
-2.436271
1.058993
-1.835417
0.923946
-0.194437
-1.468879
1.677124
1.615636
-0.076522
-0.990769
-0.508873
-1.799507
0.196319
1.483396
0.797481
2.210389
-0.569316
-1.673980
-1.018194
-0.575284
1.750345
0.814628
0.251745
-1.599885
-1.283316
0.884145
-0.894680
-0.951734
1.111698
1.916673
-0.515180
-0.292577
-0.738232
0.065642
-0.174383
-0.963121
2.190547
-0.877717
1.817658
-1.058371
-0.233638
0.606729
1.423563
-1.246915
-0.740414
-1.020770
1.335621
0.835770
0.759926
1.010498
0.720336
0.907267
-0.378037
0.996688
0.295612
1.677588
-0.186020
-0.857552
-1.867860
-0.535153
0.260326
0.306691
0.115616
-1.030931
0.023968
-0.757545
1.017852
-0.214852
0.685321
-0.111205
-0.708921
-1.317457
0.844638
-0.601286
-0.539054
0.238773
-0.457639
-0.769789
-0.990146
-0.370456
-1.813432
-0.833911
0.959258
-1.034876
-0.119361
-0.561810
0.324016
-0.298541
-0.893795
-0.626003
0.053556
-0.142564
-0.484290
-1.435024
1.559256
0.023754
-2.649268
-0.048462
1.245937
1.023703
-0.720994
2.665332
-0.919105
0.617727
0.395744
-0.129836
0.240958
-0.501959
0.445425
-0.421196
0.061618
2.342001
1.328060
0.757559
-0.339098
0.319725
-0.481705
-0.432959
-0.076916
-0.762690
-0.618324
-0.729508
-1.418955
-0.831003
1.234106
0.765465
-1.197047
1.983992
0.103114
2.134378
0.272166
-0.774588
-0.355475
0.204828
0.556824
-0.415653
0.392929
-0.103972
-1.441021
0.925039
-1.472779
-1.488251
-1.483295
-0.511082
-1.109012
0.382050
-0.789745
-1.641677
-0.547804
1.806543
0.904092
-0.354581
-0.533030
-0.232579
-0.419194
-0.357290
0.102353
-1.895165
-0.744635
-3.159080
-0.429900
1.079124
0.505847
0.440653
0.531403
0.601638
0.221395
1.322685
0.977373
1.516843
0.337146
0.946062
0.132515
-1.146875
0.629847
1.690044
-1.278498
-0.776005
0.609666
0.834689
-1.062812
-2.900354
-0.929429
0.097567
-0.085318
-0.522746
0.328825
0.178646
0.357815
-1.211052
-2.199307
0.433038
-1.410415
-0.642435
-0.152649
-0.110972
1.064510
-1.499683
0.832629
0.109641
1.070330
-0.680440
-1.223848
-0.809799
-0.264505
-0.765991
1.348197
0.542667
-1.576986
1.493386
0.993283
0.701604
2.044717
0.022495
0.849552
1.411911
0.348580
-0.455869
-0.620691
1.511576
-0.206219
-0.074952
0.318983
-0.880529
-0.060205
2.096130
-0.834371
-0.956233
0.084769
-0.338890
0.050605
1.252401
0.061544
1.241844
0.277583
-0.781109
0.046344
-0.864111
0.621360
-0.338139
-1.184899
0.709924
-0.866751
1.695440
0.262080
-0.548982
0.467388
1.021174
0.087104
1.528674
-0.335546
0.245144
-0.948239
0.546913
-0.079990
-0.973489
0.625034
1.372523
0.293956
0.847981
-1.033600
-1.014961
0.076119
0.344713
0.608590
1.280890
0.880107
-2.070441
0.828693
0.091418
0.123355
-0.407188
0.138403
0.627099
0.694067
0.325348
-1.082924
0.682867
-0.510630
-2.161589
-1.745235
-0.674466
0.555880
0.386459
0.529916
1.768389
0.186625
1.556728
1.445375
-1.142381
1.178279
-0.353716
1.820136
-0.215341
0.257956
-0.512196
0.104995
1.363826
0.188039
0.868472
0.660192
2.461167
0.571007
0.920791
-0.357186
1.011444
-0.715591
0.415698
-0.029412
-0.066025
-0.103343
-2.183483
-0.995993
1.006003
-0.379753
0.779365
0.060937
-0.499481
1.647473
0.992508
-1.408140
0.353653
0.137658
1.384963
-0.007185
-1.806006
0.743153
-0.064196
1.014321
0.475001
-0.673353
-1.074224
0.896918
1.644294
0.133683
-0.092058
-1.416987
-1.508058
-1.213274
1.039329
1.627677
-1.116590
1.490627
-0.125744
-0.303767
-1.486690
0.289295
0.333464
-0.432710
2.468519
-0.208481
0.823884
0.139005
-1.308281
1.516409
-1.420389
-0.419540
-0.053335
-0.574131
0.321404
0.376657
-0.572284
0.048568
0.734357
-0.156776
-0.008967
1.394909
-1.110754
-1.516689
-0.113652
1.062761
2.137897
0.080949
-0.005064
1.107565
0.277492
-1.831656
-1.284566
-0.343333
0.077455
-1.795304
-1.872804
0.709240
-0.322816
-0.163865
1.422075
1.547283
0.764500
0.164335
0.520961
-1.083528
-0.462574
0.167756
-2.697129
1.974027
-0.380961
-0.600151
-0.262233
1.004532
-0.006421
-1.464953
0.215085
1.960285
0.643360
-0.376830
-0.098234
0.716828
1.431041
-0.599750
-0.074867
0.744105
0.762066
0.491181
-1.029329
1.445324
-2.724158
-0.512168
-2.191283
-0.873207
0.388828
-0.924101
0.373280
0.485422
-2.838886
0.586655
-0.253959
0.240853
0.706846
1.260815
-2.455937
0.744504
-2.000006
1.722443
0.041973
1.717079
-0.976846
0.394116
0.483784
-1.652103
-0.345030
-0.631696
-0.308412
0.788496
-0.356527
-0.593496
-0.330524
-1.928624
0.382971
1.734586
-0.027245
0.143223
3.145400
-1.593623
1.836313
-0.218236
1.078200
-0.306872
1.319000
-2.303685
1.050485
0.046062
0.922582
-0.024242
-2.716447
-0.406034
1.188105
1.194555
0.275837
0.833182
-1.106323
0.929008
1.601885
0.962270
0.098400
0.322059
-0.408133
0.557838
-0.970003
-0.827589
0.656986
-0.968454
-0.552779
-0.137069
-0.514051
-0.365423
0.590978
0.550100
-0.233924
-1.030091
-1.402872
0.280727
-0.487793
-0.610364
-1.032379
-1.391731
-0.208235
-1.225295
-0.357342
0.767208
0.635490
-0.742919
0.450126
1.224708
-0.304546
-0.376958
-0.409116
-0.396135
-1.422579
0.782191
0.710383
-0.366370
-0.752914
-0.781468
0.321009
2.025497
0.416175
-0.140906
0.331288
1.587449
-1.342914
-2.002960
0.261796
-0.188047
-1.121611
-0.906255
0.664891
2.389742
1.042549
1.118932
-0.898700
-0.869029
-1.059234
-1.168037
0.753258
2.782142
-2.393868
1.473859
2.584409
1.362846
1.280477
-0.460334
-1.371554
1.702905
0.111873
1.745761
0.009614
0.268502
1.140292
0.005168
-0.073239
1.180809
-0.144833
-0.906797
0.336617
0.392024
0.107807
-1.871641
0.379359
0.229162
0.288759
0.524199
0.756441
0.899875
0.524737
2.215778
-0.103126
0.808006
-0.138578
-0.545580
-1.062980
0.372311
-2.348304
-0.708849
1.539008
0.692050
-0.129030
-0.746976
-0.744851
0.355881
0.077394
-0.688070
-0.816519
0.233121
1.140998
-1.397501
1.465700
-1.175176
-0.934303
-1.656769
1.381104
-0.993019
0.032504
0.696420
0.282160
0.426489
0.250088
0.953151
0.225734
0.439232
1.131858
-0.744426
-0.708120
-0.810801
-1.103993
-0.137688
1.514688
0.209923
0.298537
-1.914725
0.632530
-1.016695
1.340537
-1.143307
-2.595878
0.361895
0.795391
0.006523
0.681915
-0.128156
0.535700
0.302517
-1.202868
-2.230012
-0.373907
0.891637
0.546522
1.246717
0.139093
0.660875
-0.122416
-1.548763
0.496068
-0.068514
-1.331161
0.008320
0.050617
-1.200135
1.347531
0.147137
-1.629799
-1.676847
0.311163
1.641820
1.355692
0.883165
-1.754603
0.093965
-0.097921
1.184745
1.695476
-0.785397
0.233139
0.768899
-1.496240
1.088828
-1.109402
-0.277152
-1.950220
-0.255585
0.531436
-0.966002
-0.312404
-0.390314
0.422037
-0.528073
0.105779
0.455289
-1.008359
-0.094666
-0.215636
-0.695933
2.019731
1.107072
-0.766855
0.397639
0.929461
-0.838282
-0.127940
0.031961
-0.948950
-0.670873
0.905244
0.806235
-0.274349
-1.427549
1.193238
0.372093
1.418541
0.106240
0.553726
1.028286
2.211135
-0.028619
-1.773912
-0.878345
0.045176
1.041049
1.473215
-0.189962
0.776554
0.856374
0.069377
-0.343131
-0.998107
-0.197256
1.202119
1.326162
0.565917
0.551747
-1.034200
-0.906954
1.601037
1.278251
-0.628716
0.650736
-1.304975
0.951477
1.431038
-1.237371
-0.158464
1.005130
0.139529
-1.098521
1.179136
2.180966
-0.570493
-1.097453
-0.622897
-0.108652
-0.158143
-1.907957
1.141089
-0.666881
-2.077821
0.002694
2.407575
-1.205049
-0.471198
0.187667
-0.424107
2.878597
0.134597
0.401687
-0.170953
0.888087
-0.659554
0.685392
-1.911076
0.000650
-0.447250
0.249315
-1.725315
-1.068336
2.701191
0.951893
1.301558
-1.052572
-0.610842
1.652313
-0.302068
0.752409
-1.587919
-0.166656
-1.460038
-2.086711
-0.480821
-0.551918
0.154231
-0.394181
-0.867168
1.823445
-0.855087
0.343874
-0.175253
0.326531
-0.495494
-0.535564
-0.565667
1.008634
0.714160
0.935785
-1.899623
0.367027
0.322192
0.538185
-0.477581
-0.532385
-0.035189
-1.106943
0.439382
1.031440
-1.956195
-0.276867
2.345526
-0.475926
-0.802121
0.343816
1.981875
0.212810
0.736064
0.586687
-1.545087
-1.520680
-0.428460
0.127851
1.058036
0.796626
1.980249
1.181595
-1.533023
-0.154340
-3.635783
0.953845
-0.329147
-0.698285
0.017004
-1.686337
1.160351
-0.445792
0.086260
-0.812350
-0.308890
1.671446
-0.328405
-0.911056
-0.224702
-3.556080
-1.780512
-0.079891
-0.319782
0.632898
-1.163418
-0.411014
-0.008805
-0.718161
-1.066625
0.462306
-2.057894
1.716301
-0.452493
0.362770
0.321512
0.052614
0.328991
1.445295
-1.127694
-1.685846
0.122137
-0.411813
-0.742259
0.534967
0.147854
0.840448
-0.450038
0.308225
-2.139292
-0.689531
0.335253
1.095146
-0.037560
0.296098
-1.659680
-1.232164
-1.057130
-0.881827
-1.193645
-0.261573
-0.768957
-1.400664
-0.502103
-0.804400
-2.141256
1.087302
-0.993926
0.304202
-0.039402
0.361468
-0.550698
-0.086459
-1.479255
0.551127
0.507366
-1.380067
0.151559
-1.242147
-0.799484
1.326648
-0.082995
-0.319946
-1.714977
-2.032107
1.412871
-0.063286
-0.359478
-0.636403
-0.168249
-0.457798
-0.519095
-0.318271
0.876769
-0.436391
0.491494
0.025209
-0.097694
0.014556
-0.755268
-3.248676
-0.898807
0.701172
-0.973379
1.430244
0.806062
-1.381696
0.128823
-0.050648
0.449022
-0.214755
1.168828
-0.345190
1.178490
1.130100
-0.450056
0.126738
0.382566
-0.340346
-0.377458
0.562091
0.885521
-1.252283
-0.575954
1.198482
2.472540
-0.201757
0.074612
-2.048235
0.217299
0.532203
0.642106
1.971462
-0.475395
-0.375161
0.862680
-0.050929
1.232751
0.243655
-2.214643
0.402399
1.373276
0.357683
0.099364
0.593346
-0.413157
-0.529125
0.636978
0.640989
-0.577641
-1.226010
0.410287
-0.257911
0.229527
0.130332
-0.419859
2.524180
0.117988
-0.504583
-0.621134
0.010908
2.572447
-0.589194
-0.626257
0.414445
0.566658
-0.462394
1.234655
-0.935319
2.262418
-0.898207
0.960451
-1.540898
2.903929
-0.401940
-1.681940
-0.708027
0.266285
-1.035370
-0.280365
-0.207721
0.570283
0.665648
0.505917
1.347668
-0.683255
-2.291296
2.148272
-0.435021
-0.837686
-0.647035
-1.634569
0.796517
-0.080569
-0.510067
-0.668481
-0.247852
-0.889192
-0.192015
-0.802234
-1.722260
1.111502
0.312219
1.046277
-0.030655
1.380103
-0.007716
1.326488
-0.142220
1.297610
-1.069518
-0.181138
0.563054
-2.260960
0.554159
0.255464
1.021480
0.912364
-0.023410
0.252461
-0.275360
1.651099
-0.640089
0.877847
1.938699
-1.733746
0.525102
0.858525
-1.230912
-0.645669
-1.391019
-0.552627
-0.281879
0.355447
-0.932421
-0.342296
-1.450965
2.623399
-1.233702
1.481112
0.657364
1.176987
-0.643050
-1.727288
0.611114
-1.821345
-0.612017
-0.191662
1.186194
-0.263692
0.524726
2.136754
0.520437
-1.186968
-0.281885
0.139926
-1.539507
-2.194196
0.429102
2.580552
-0.110388
-0.314110
0.456988
-1.303743
-0.265261
-1.557503
0.371719
1.128949
0.462321
1.864314
1.802263
-0.131011
0.071263
0.628571
-0.383846
-0.068055
0.355447
-1.876910
0.300963
1.120039
0.686049
-0.321750
-1.903139
0.973911
0.736529
0.167785
0.202926
-2.778400
-0.433775
1.495445
-0.699760
0.667785
0.852735
-1.186455
1.097393
0.769751
-0.354464
-0.257371
-0.071973
0.426549
-2.924152
0.434011
-1.199933
-1.172213
-0.346293
-0.565474
1.532883
-1.765917
0.546160
-0.143451
-2.186500
-0.771242
-1.678601
0.976244
1.526009
-0.737672
-0.720675
-0.861815
0.334177
2.128708
0.362127
0.013740
0.387344
1.509182
-0.125327
-0.481181
0.874482
1.582862
-1.506690
-0.807549
1.319570
-0.462852
0.890746
-1.232966
-0.777153
-1.057055
-1.772191
-1.397326
1.638250
0.906204
-1.637582
0.167859
-2.088835
0.312550
0.977076
-0.402121
0.607337
2.120712
-1.165362
0.558077
1.831799
0.461880
1.354118
0.196719
-0.262507
1.528230
1.737726
1.440372
1.330314
-1.146340
-1.322875
-0.391914
0.082234
0.083499
0.638334
-0.485683
-0.509265
0.929818
-0.909616
0.084313
-1.111343
0.608147
-1.267137
-0.153900
-0.120672
-1.251496
-0.581437
-1.157018
-0.881189
-0.686887
1.277898
1.436218
0.489901
0.627591
-0.632221
1.232917
-0.037771
0.159609
0.181217
0.120111
0.357514
-2.557419
1.802493
0.082722
0.437585
1.974127
-0.775278
-1.864184
-0.419104
1.078929
0.669609
-1.232842
1.156758
-0.031292
-0.028102
-1.526651
-0.177500
-0.784429
0.469359
0.304554
1.264261
0.522863
-0.486491
-1.022491
0.546336
0.150759
-0.634195
-0.162406
1.802116
-0.274163
0.687222
0.500506
0.891461
0.287935
-0.401436
-1.163375
1.550812
-1.160595
-0.393501
0.165162
-0.969194
-1.070279
-2.047814
1.075554
1.026333
-0.410603
-0.580774
-1.073267
-0.804893
-0.404619
1.610328
0.455934
0.053977
1.209095
1.481258
-1.103325
-0.584000
-0.580029
-0.051703
1.417532
0.642184
-1.570514
0.672647
-1.122487
0.486599
1.515430
-0.778050
-0.235824
-0.904392
0.417489
-0.612689
0.613927
0.875079
0.001467
-0.465687
0.221005
0.397910
0.386584
-0.565927
0.760161
1.349577
1.011099
-1.187682
0.151934
0.552796
-1.388467
-0.858693
-0.984022
0.025948
1.905037
-0.841087
0.362578
1.292540
1.697363
0.902787
0.838633
-1.111245
1.147577
-0.145045
0.558480
0.068214
0.657519
-0.742122
0.617368
-0.369619
-0.120355
-0.686630
-0.853601
-0.066543
-0.194891
-1.228037
0.970148
-0.120279
-0.786663
-0.657146
0.065541
0.310746
-0.945645
-0.305470
-0.546489
0.213853
-0.141691
0.807961
2.429534
0.923623
0.253218
-0.721062
0.183246
0.832775
-2.075263
0.045401
0.182576
-0.004614
-0.347724
-1.065146
-1.520636
0.044805
-0.799392
1.311744
0.483707
2.262852
-0.496203
-0.830997
1.352855
-0.580850
0.180643
-0.308777
-2.034305
-0.443245
-0.347442
0.126051
-1.296940
-0.951000
1.144060
0.930732
2.055562
-1.690198
1.597829
0.280144
1.855061
-1.124386
-0.445855
-1.229389
0.987775
0.699998
0.250621
-3.105986
0.616025
-0.822211
2.160041
-0.036588
0.600788
-0.440504
-0.619802
-0.360172
-1.745987
-1.168261
-0.832991
-0.616164
0.981134
-0.935593
-1.478517
1.829549
-1.236781
-0.417176
0.013247
-1.830193
0.248725
-0.760640
-1.821081
-0.648297
-0.727296
-1.468013
-0.130526
0.630949
0.359340
0.767516
0.264311
-0.283350
-0.242017
-0.213767
1.541846
1.768159
-1.039897
-0.287917
-1.256407
-0.668528
-0.073037
-0.634627
1.135847
0.937141
-0.055137
1.153426
0.072158
1.934042
-0.342541
0.224798
-0.776134
0.948751
0.029156
-0.035750
-0.088917
1.377190
-1.104206
-0.660493
1.897841
0.943850
1.076506
1.064251
1.167126
-0.570122
0.422109
0.999442
0.051050
-0.815552
-1.608720
-1.457070
0.759230
0.269494
0.578186
1.015695
1.048197
-1.510379
-0.152223
-0.293881
-1.515633
-1.380876
-0.089425
-0.605414
-1.637560
-1.294933
-1.016977
-1.049620
-1.663564
0.717770
-0.374073
-0.194043
-0.760324
-0.792291
0.324772
0.166800
-2.431009
1.531925
-0.535478
0.055390
-0.938763
-1.199976
1.203680
-0.423227
-0.405474
-0.796715
1.328914
-1.144239
0.356937
-0.180088
-1.079972
1.351605
-0.861230
0.874869
-0.057979
1.709694
-1.125677
-0.971884
-1.295919
-2.314173
0.978140
1.053814
-0.593637
-1.328522
-1.422937
0.132410
0.212193
1.792120
-0.994896
-0.314141
-0.107138
-1.162899
0.230715
0.383823
-1.464667
0.628674
2.574109
-1.241508
1.900252
0.249964
-0.727084
0.301415
0.532793
-0.125605
-0.192670
0.808367
-0.409030
-0.767423
0.234059
0.713250
1.306359
-1.859057
-1.059748
2.007900
-1.659048
-0.369628
-0.706518
-1.753612
-0.427696
0.895137
-0.609949
-0.539531
0.195765
0.428749
-1.755159
1.327043
-0.557652
1.251661
-0.285737
0.995854
1.703603
-0.604986
-1.065625
0.389865
0.021593
-0.828948
0.429290
1.338031
-0.758596
0.911812
-1.594741
-1.028472
0.969129
1.536013
-0.763809
-0.764809
0.940268
1.028646
0.056875
-1.536710
-1.452443
-1.535542
-0.021411
-0.128679
-0.005567
0.490527
1.933582
1.662927
-2.208618
0.563610
0.050078
0.259405
-0.364676
-1.048389
0.418415
-1.334665
0.309519
-0.235367
-0.161315
0.175264
-0.558429
1.037111
-2.078698
1.675098
0.459135
0.356691
1.346570
1.316084
-1.672753
-1.185697
0.592553
0.506578
-0.788324
-0.454921
-1.285454
-1.177905
-0.207159
0.064739
1.744401
-0.331570
0.227131
-0.234341
0.258858
-0.352909
0.448817
-0.300613
-0.131994
1.531052
1.140243
-1.526060
1.020086
-0.804069
1.078354
0.894032
-0.886552
0.139492
0.338372
0.394427
0.608278
0.624923
1.440245
-2.007889
-0.275515
0.128068
0.182987
-1.546552
0.455924
0.492409
-0.800970
-0.484832
-1.211050
0.854154
0.995096
-0.116397
0.149001
0.488007
0.202552
0.625532
-0.832416
-1.030237
1.280165
-0.134892
-0.279817
1.999271
0.608291
-1.350538
-2.385465
-1.150810
0.516490
0.335757
-0.625160
0.076858
1.863533
-1.953405
0.634484
-0.158243
0.125928
1.120368
0.742440
1.502688
-0.464951
-0.365289
1.025256
0.641738
1.259325
-1.539597
-0.477320
-0.012421
0.601677
0.640506
0.827850
-0.982077
0.070271
-1.141913
0.961873
2.078784
-0.883947
0.165070
0.409334
-0.493121
-0.388672
-0.072078
1.587287
0.369560
0.915093
1.044972
-0.307170
2.036726
-0.457238
-0.537282
-0.004261
0.394566
1.539975
0.472405
-0.224363
-1.489467
0.196508
1.065709
0.267330
0.360966
0.167326
-1.202131
-0.218403
0.990138
0.925045
-0.297124
1.355333
0.751633
0.080531
1.097694
-0.329307
0.007787
1.524579
-0.534166
0.012569
-0.083493
-1.275636
-0.481574
-1.431721
0.080865
-0.389602
-0.541220
-1.412111
1.550360
0.404465
-0.711758
-0.453465
0.889506
0.099403
0.281014
0.821367
-0.563261
1.040471
-2.961935
-0.021094
-0.115678
-0.483781
-0.308205
0.152640
0.793301
-0.296858
-1.119857
-0.204899
1.263096
0.767469
-0.529126
0.526616
1.090922
-0.984179
0.463594
0.174762
2.486736
-1.332389
-0.927039
0.314605
0.594079
0.339494
1.665059
-0.257256
1.156256
-1.302304
1.347890
-1.596840
-0.468665
-0.501573
-0.744892
0.314994
-0.288513
0.021016
1.445475
0.271532
-1.652944
0.853771
0.616131
0.502111
0.806400
-1.494669
-0.226506
0.518504
0.787967
0.476357
0.031425
-0.341032
-1.367754
1.606034
-0.683151
0.281021
-0.881196
-1.707789
-0.326520
-0.731689
-0.006598
-0.570952
0.392951
0.881606
-2.244341
0.976865
0.703145
-0.443807
0.184580
1.153076
-0.255277
-0.092860
-0.347192
-1.524587
-1.347903
0.223192
0.080788
0.416676
0.764701
0.366344
-1.627733
1.907916
0.002194
-0.647166
-0.224217
-0.474511
-0.457707
0.184881
-1.070122
-1.041392
-0.066970
-1.374400
-0.872931
1.554794
0.307254
1.136606
0.904669
0.958073
1.016532
1.457269
-0.020586
-0.203039
-2.250480
-0.546335
1.319411
-0.103322
0.333934
-0.019854
0.835532
-1.238683
-0.774561
0.516952
1.083364
0.483044
0.879340
-0.429260
0.175724
0.834272
0.568401
0.102120
-0.675083
0.667193
1.748303
-0.372486
-0.710624
-0.551392
1.497560
-0.615736
-0.126706
1.232342
-1.620440
-1.016379
-0.698504
0.690401
-1.321400
-0.846135
-1.084613
1.096552
0.452220
-1.442624
1.247980
-1.440926
0.456687
-0.625493
-0.141013
-0.864625
0.634059
-1.217679
0.011618
-1.229531
-0.344100
-1.054416
0.577346
-0.149462
1.629907
-1.064581
1.672229
1.190480
-0.510573
-2.148877
1.031823
0.656764
-0.701201
-1.471870
0.846646
-1.494608
-1.665317
0.225023
0.638288
-1.059777
0.597532
-0.671048
-0.368272
-0.211913
-1.339069
0.857755
-2.144971
-1.739430
