-1.470419
-0.036158
-0.551414
0.625389
0.573772
-0.618271
0.670930
-1.146840
0.389575
-0.865771
0.855438
1.055728
0.515378
-0.027352
-0.372474
0.166149
0.253661
0.111023
-0.804362
0.543080
-0.871173
0.356927
-0.587653
0.074731
-1.356944
-0.012661
-0.628303
-0.535753
-0.744157
-1.114046
-0.192599
-0.194682
-0.629228
0.122933
1.031914
1.156384
0.452465
0.719144
-0.194312
-0.071630
0.548664
-0.118711
-0.430923
-0.865469
-0.544502
0.552924
-1.257295
-0.558348
0.169257
-1.124354
0.220750
-0.064579
0.459203
1.767422
0.258485
1.491801
0.549423
1.241377
-0.000852
-0.967907
1.303129
0.164305
-0.127375
0.406398
0.235606
0.810467
0.507030
-0.513540
1.150866
0.015902
0.631148
1.173235
-0.257221
0.634539
0.773530
0.073922
1.432012
-0.540627
-0.216088
0.270360
0.799318
0.412568
0.707314
-0.504079
0.593957
-0.981494
0.361862
0.800188
-0.283897
-0.071969
-1.103940
-0.122898
-0.643979
-0.195203
-0.162837
-0.729401
0.653612
0.900216
-0.680425
0.744431
-0.156792
-0.063895
0.681497
1.357614
0.111513
-1.341145
-0.845350
0.644337
-0.499811
-0.521868
0.143545
-0.334481
0.010646
-0.136598
-0.374494
0.948385
1.098245
0.757241
0.160481
1.510709
-0.619351
-0.494546
0.103748
1.825368
-1.162137
-1.270177
0.431360
-0.273647
0.200241
-1.130355
0.500619
-0.662029
-0.888109
0.039580
0.236079
0.037549
-1.433799
-1.403165
-0.240060
-0.165314
-0.932533
1.073726
0.206600
-0.924191
-0.526691
1.373150
-0.252420
0.576138
0.339012
-0.426562
-0.606676
-0.175126
-1.019246
0.232946
0.385004
0.154182
0.944537
-0.860618
0.546604
0.297061
1.107713
-0.306187
-0.185460
0.643411
0.172289
0.055293
-0.007119
0.443056
-1.040752
-0.022841
0.038002
0.363954
-0.131233
-0.782369
1.498738
-1.020392
1.619630
-0.230798
-0.739151
0.045962
0.669755
0.204881
0.135276
0.686199
-1.201863
-0.426302
-1.284928
1.003529
-0.344596
-0.718631
0.558614
1.147359
0.652696
0.506820
-0.494334
-0.153904
0.184635
1.232998
0.258996
0.393714
-0.499751
-1.335070
-0.423782
-0.612291
0.494265
-0.050117
-1.286591
-0.179382
0.588249
-0.241258
-0.369986
-0.601139
0.825898
-1.018239
0.293630
-0.560660
-0.646857
-1.847419
0.256957
-0.325485
0.090958
-1.005466
0.889390
-1.339918
-0.193060
0.090609
-0.343148
-0.270653
-0.352517
0.275236
-1.139852
-0.332762
-0.127571
0.044945
0.012722
0.097885
-0.157705
-0.336223
-1.776444
0.073756
-0.318911
-0.084803
-0.289671
-0.127977
0.198880
-0.729873
-0.621453
0.247069
-0.146262
-0.292682
0.289252
-0.401533
-0.859310
-0.266909
0.276636
1.291699
-0.690804
0.517653
0.647462
-0.488837
0.789141
-0.499718
0.162090
0.365880
-0.636907
-1.017776
0.578785
0.369503
-0.354748
-0.602113
1.190153
-1.236594
0.654186
-0.554132
1.245859
0.734048
1.060570
0.984490
0.015755
1.052720
-0.348106
-1.074676
0.379199
0.302662
-0.410075
0.207431
-0.286667
-0.741875
-0.301380
-1.074684
-0.423077
-1.115402
0.614423
-0.437070
0.824266
1.430307
0.854959
-0.559242
0.882853
-0.188901
-0.452390
-0.966457
0.243445
0.811191
1.329728
-0.250920
-0.430825
0.415690
-0.091384
-0.801501
0.427218
-0.182906
-0.935855
-0.078722
-1.194139
0.802684
-0.203257
-0.728520
0.219021
0.213891
0.032890
0.531075
-0.178076
0.589626
0.509462
0.436911
0.997069
0.456608
-0.926627
0.977744
0.353658
0.502649
0.109755
0.176387
0.089404
0.084818
-0.030090
-0.095670
-0.441823
-0.578509
0.740915
0.148152
-0.267610
0.537322
-0.028957
-0.258870
0.885068
-0.817630
0.805426
-0.921162
1.651423
-0.944296
0.134344
0.061543
1.493518
0.250117
-1.171609
-0.479960
0.279989
-0.816269
-0.409932
0.606598
0.026297
1.073501
0.144485
-0.897355
-0.744517
-0.455316
-0.327288
-0.807320
0.058268
-0.848879
0.121557
-0.402860
-0.189249
0.445771
0.398245
0.508340
1.104957
0.482643
1.829630
1.336023
0.753645
-0.068209
1.570649
-0.746405
-0.434177
-1.034113
0.065542
0.610167
-0.040949
-0.383703
0.750020
1.135210
-1.075880
0.053458
0.020191
0.860039
-0.532807
2.029977
-0.245646
0.643949
-0.652671
-0.560241
0.270269
1.128363
-0.655106
0.080475
0.434830
-0.628292
0.923569
-0.323656
-0.207162
-0.293544
0.288961
1.234630
-1.292120
0.567039
1.127843
0.365127
0.445821
0.324838
-0.569352
0.521211
-0.074264
-0.371831
0.764914
0.039747
0.175539
0.149202
-0.924272
-0.464320
0.256732
-0.511907
0.670534
0.334825
-0.038235
0.329112
-1.446440
0.242694
0.231627
-0.980566
0.600059
0.404888
-1.102681
-0.591126
0.091015
0.548493
-0.083153
0.461708
-0.389176
-0.712501
-0.089433
0.867509
0.876120
0.357594
-1.282303
0.067506
0.967528
0.519666
-0.410213
-0.672438
-1.154166
-0.196103
-0.452014
-0.385431
-0.519874
-0.216210
0.174122
-1.752507
-0.576737
0.237583
-0.733126
0.176177
0.987895
1.351860
-1.075788
0.780577
0.722974
0.789099
0.860292
0.415627
0.301822
0.375667
-0.624715
0.020956
0.255364
-1.101442
-0.677856
0.039740
-0.131239
-0.362725
0.520811
0.078683
0.606131
0.565260
-0.505652
0.812507
-0.253151
1.126665
1.111562
-0.716725
0.064833
1.397310
-0.720174
-0.028071
0.738092
-0.546339
-1.334509
0.488016
-0.812257
-0.904951
0.813625
0.460897
0.842679
0.273639
0.516596
-1.069649
-0.163167
0.435379
-0.685972
0.258651
0.218599
0.874882
0.297892
-0.062389
-0.277789
-0.449275
-0.112608
-1.084389
0.121397
-0.858540
-0.573737
0.285665
1.360526
-0.526832
0.045332
-0.847678
-0.119211
0.355334
0.383501
-0.105654
0.180083
-0.582577
0.493379
-0.939962
0.387716
-0.428786
-0.542410
1.070509
0.177965
-1.305280
0.385568
-1.221682
-1.237993
-0.792760
0.014392
-1.147719
-0.851394
0.883347
1.527151
-0.240022
0.337733
-0.001076
0.641946
0.384103
-0.282989
-0.597448
-0.898678
0.587593
-1.156267
-0.071316
-0.954925
0.409032
0.768614
-0.384663
0.413877
-0.806002
-0.942036
0.473959
0.734667
0.658653
0.028896
-0.996346
-1.065039
-0.877290
0.169690
0.606335
-0.237686
0.690832
-0.197720
0.655289
-0.523411
2.036178
0.013223
0.024482
0.861605
-1.580969
0.743613
-0.849385
0.505610
-0.448246
-0.398167
-0.569786
1.925578
-0.175637
-0.203206
0.382508
-0.475536
0.428121
-1.229688
0.052378
1.381646
0.856705
-0.450316
-0.367534
0.074065
-0.501597
-0.059293
-0.209210
0.184926
0.957634
-0.162557
0.092103
1.633145
-0.185185
-0.517991
-0.060464
-1.797223
-0.598797
-0.488787
-0.367706
-0.481340
-0.419893
0.113478
-0.479471
-0.096118
-0.723786
0.023129
0.332169
0.687346
0.529257
0.430341
0.540492
1.417141
0.855768
-0.356902
-0.447997
0.225372
0.988780
-0.058964
0.880671
0.026025
-0.148232
0.130751
1.564332
-0.272012
-0.479454
-0.176222
-1.509965
1.624520
-0.827663
-0.439599
-0.607240
0.642815
1.070391
0.842789
0.177255
0.233976
1.080962
-2.190328
-0.382504
-0.832384
0.410677
0.012622
-0.627064
0.298135
-0.891762
1.772773
-0.497719
0.899437
0.731225
-1.258627
0.543103
0.652500
-1.028675
0.184306
0.098888
-0.213718
0.755841
1.470749
1.994660
-0.255500
0.158965
0.594060
-0.070752
0.435889
-0.348798
-0.063604
0.664071
-0.094731
-0.552714
0.908106
0.864030
0.642455
1.039545
-0.870256
-2.196811
-1.177811
-0.007909
0.249661
-1.257894
1.088079
1.059312
0.505262
0.047999
0.268620
-0.496268
0.032516
0.890391
-0.702038
0.482606
0.057003
-0.360559
0.811412
0.079524
-0.979762
-1.585502
0.294838
0.165762
0.060760
1.447806
-0.188735
0.257001
0.176418
-0.429894
0.831094
0.420313
0.560957
0.225766
-1.233269
-0.542489
-0.633092
0.215841
1.005600
0.107046
-0.828120
0.230769
0.124073
-0.646070
0.703624
-0.078091
0.121229
0.146258
-0.765229
-0.115084
1.738349
0.001613
-1.137970
0.195193
-1.338563
-0.241475
-1.161750
0.030314
-0.977754
0.510044
0.315754
-0.568037
-0.461390
0.569091
-0.003682
-0.560783
1.573348
-1.243152
0.333341
0.269989
-0.917377
-0.084366
-0.639015
0.657874
0.035732
0.909181
0.291460
-0.183171
0.417916
0.086708
0.471161
-0.714308
-0.658297
-0.855422
-0.154745
-0.356498
-0.259895
0.245064
1.297807
0.974552
-0.103919
-0.325624
-0.232510
-0.174886
0.868312
1.705957
-0.110022
-1.875156
-0.036487
-0.750527
-0.113991
0.434672
-0.674886
-0.288922
-0.437591
1.006745
-0.842435
-0.168032
1.027222
-0.054708
-0.216704
-0.204488
-0.024616
0.607654
1.273046
-0.402530
0.634095
-0.244989
0.319926
1.099787
-0.108614
-1.133931
-0.684628
0.310210
-0.406139
-0.047968
0.878552
1.613299
-0.825057
0.493322
0.324824
1.136055
-0.803557
-0.305685
-0.132623
0.847374
-1.065592
-0.227672
0.608348
0.707764
0.326140
-0.126785
-0.016615
1.363537
0.629412
-1.056850
-0.790740
0.244716
0.228662
-0.042828
0.225213
0.445374
0.039507
-0.790399
-0.240971
-0.969045
0.436911
-0.534812
-0.208827
0.151309
-1.072667
1.014666
1.366579
-0.666208
0.778534
0.025431
-1.546431
-0.100815
-0.532923
0.467966
-0.712080
1.173016
-0.096548
-0.552277
0.168108
-0.377554
0.554280
-0.019275
1.758495
-0.130805
1.148135
-0.135696
-0.416667
0.240334
-0.777482
0.132862
0.467542
-1.778452
0.819442
-0.555805
-0.046195
-0.014219
0.839953
1.264329
-0.444159
-0.515296
0.356001
0.821743
0.592146
-0.181185
0.236523
-0.637017
0.050778
-0.038751
1.065707
0.220216
0.405734
-0.161565
-0.281009
-0.519492
-0.363798
-0.420945
0.621931
-0.984751
-0.633815
0.346294
0.205493
1.548962
1.078279
1.390335
1.468381
-0.942388
-0.004248
-0.400427
-1.260875
0.691244
0.130233
-0.690679
-1.257463
0.202543
0.367601
-0.499822
1.268056
-0.508080
-0.741035
0.603147
-0.841990
-0.158563
-0.149483
0.290627
0.122285
-0.704027
-0.908414
-0.367024
-0.155507
-0.086356
-1.040501
-0.687274
0.576702
-0.748314
0.203764
0.605634
-1.327772
0.350182
-0.284187
0.224738
1.222709
-0.892262
-0.167550
-0.749226
-0.004707
0.550210
0.848909
-0.100106
-0.576873
-0.864542
-0.093941
1.198514
-0.072989
0.554703
0.063118
-0.823816
-0.705260
0.205737
-0.408619
-0.679349
0.783083
0.870740
0.087724
0.563274
-1.381950
-0.618603
0.248247
0.477630
0.236446
-1.053636
-0.483426
-0.041222
0.042620
0.154528
0.374752
0.882143
0.215870
-0.175578
-0.493999
0.116008
-0.832922
-0.282276
-0.089031
0.170194
-1.571251
-1.282396
0.735919
0.113037
0.489657
0.550800
0.528179
0.025595
-0.319971
-0.280215
-0.144331
-1.426516
0.164919
1.420088
-0.720819
0.573877
0.088601
0.156251
-0.115643
-0.083254
-1.627080
-0.696164
0.598922
1.441059
-0.265152
1.146462
0.126335
0.582464
-1.213511
0.026901
0.250245
2.007256
-1.029326
0.958465
0.462619
-1.106133
-0.591444
0.588036
0.213929
-0.249582
-1.170939
0.289210
-0.150976
0.258909
0.975767
0.655723
-0.272325
-0.350576
0.228258
-1.409192
-0.321810
-0.942137
-2.304007
-0.545930
-0.607625
1.185619
-0.384240
-0.101587
0.515787
-0.630872
0.606433
-0.880017
-0.976926
0.941932
0.120542
1.548922
-1.730217
0.895605
0.844128
0.943519
-1.075623
0.538584
0.072567
-0.622747
-0.114014
-0.208332
-1.054482
0.405017
-0.930555
0.672778
0.680990
0.719564
0.490768
0.770426
0.868669
0.335982
-0.457745
-0.441321
0.346591
-1.301422
-0.297516
0.190125
-0.524584
-1.346898
-1.290317
0.631722
0.471721
-0.682482
0.512333
-0.937953
-1.029880
0.828097
0.775845
-0.243978
-0.531387
0.149479
-1.095544
0.590869
0.065711
0.076695
-0.768686
0.526660
0.657585
0.822540
-1.139640
1.005518
-0.140529
1.511706
-0.502755
0.579123
-0.008222
-0.047562
-1.372702
0.582077
0.882525
1.370464
1.263370
-0.582701
0.356176
0.773327
-0.410896
1.504900
0.102267
0.420406
0.019238
-0.159235
-0.637307
-0.432322
0.415306
0.038726
-0.361667
-0.591703
-0.535161
-1.958016
-0.106388
-1.014445
-2.292239
-0.923532
-0.355381
-0.837846
-0.951614
-1.817256
-0.273074
-2.245786
-1.332459
-0.027572
-1.145372
-1.264837
-0.369879
0.101464
-0.146185
-0.340285
0.047046
-0.193767
0.822818
0.305616
0.983571
1.740256
1.478118
0.594344
1.182610
1.092669
1.623816
2.415075
1.508546
0.901125
2.422971
0.874240
1.161135
0.506175
1.335050
0.458204
2.892746
2.330903
0.688894
0.431203
-0.820472
1.246437
0.387761
-0.585932
0.889642
-0.564141
-1.768141
-1.170636
-1.809396
-1.205004
-0.456333
-0.345336
-1.030561
-2.160206
0.078067
-0.959684
-1.854147
-1.931696
-0.591925
-0.972573
-1.094842
0.656117
-0.335293
-0.450632
0.227072
0.423526
-1.191190
1.887681
0.462939
0.844092
-0.193296
-0.002880
0.555242
1.686090
0.112717
-0.170134
-0.406352
-0.393028
-1.276075
-0.448159
-0.050679
-0.367354
0.019738
0.145501
-0.088596
0.775173
-0.793679
-1.305921
-0.337666
0.139660
-1.922555
0.372945
-1.048913
-0.455038
-0.357912
0.730916
1.042313
-0.712152
0.519531
-1.272560
1.130199
-0.090221
0.699072
-0.418759
-0.402996
0.725668
0.659237
-0.388604
0.152768
-0.665806
0.893152
1.812061
-0.580645
-0.938421
0.822245
0.949098
-0.148163
-0.469840
0.539464
1.525516
-1.074245
-0.786328
0.141978
0.124335
-0.164435
-0.821566
0.351731
0.706408
0.191133
-0.676234
0.618355
-0.287785
0.655206
1.413835
-0.363696
-0.644297
-0.302417
-0.559415
0.791089
-0.476046
-0.919195
-0.173368
1.375073
0.841383
0.233346
0.645646
0.288823
0.385520
-0.132984
0.132993
0.513909
-0.130969
-0.010810
-0.141192
-1.350942
-0.418925
0.038760
0.535097
-0.766281
0.043284
0.300269
-0.035952
-0.265077
-0.118303
0.911946
-0.013084
0.728668
-0.829791
0.348410
-1.790727
0.015538
1.109466
-0.517660
0.097102
-0.751631
-0.503458
-0.940328
0.250578
0.198679
-0.135798
-1.264498
-0.895976
0.179706
-0.480653
-0.242466
-0.337401
-0.366773
-0.372525
-0.453917
-0.684371
-1.118438
-0.073411
0.597547
0.485286
1.185440
0.678083
0.656413
-2.162937
0.508907
0.378167
0.161640
-0.805071
0.686312
-0.175197
-0.631982
-0.418685
0.793450
0.422541
1.012923
0.066049
-0.175558
1.023033
0.731855
-0.836648
-0.003385
0.285236
0.266193
1.242353
0.764294
1.087946
0.926932
0.577042
1.192345
0.018489
1.423761
-0.135472
-0.697567
1.684929
-0.445181
1.115611
-0.251039
0.541684
-0.178888
-1.427755
-0.378660
0.002938
-0.450141
0.759577
-0.615487
-0.745427
-0.400546
0.437558
-0.995801
-0.349151
-0.308507
0.831182
0.357428
0.347712
0.400903
-0.997780
-0.856458
-0.495841
1.384641
0.703667
-0.382639
0.492606
0.592500
-0.200047
0.251912
0.367516
-0.957926
-0.345201
-0.387354
1.135111
1.552188
0.303963
1.028843
1.060556
-1.350264
-0.352119
1.199939
0.489995
-0.525908
-0.588200
-0.449064
0.079500
-0.573981
0.655942
0.294507
0.590334
-1.451806
-0.148385
0.261224
1.688283
-0.085274
-1.159100
-0.855315
-0.250401
-0.546109
0.789550
0.380801
-1.266393
0.284638
1.124279
-0.651319
0.409836
-0.119795
-1.287485
-1.294962
-0.017463
0.121209
-0.023272
0.170435
-0.627399
-0.548063
0.356089
-0.121291
-0.836049
-0.773985
-0.130928
-0.656197
-0.076336
-0.835711
0.264562
0.095324
-0.560533
-0.214786
-0.381045
1.492487
0.350025
-0.974085
0.434682
-1.045396
0.172616
0.137016
0.898595
-0.765405
0.385091
-0.112277
-0.720049
0.234276
0.002253
-1.141358
-0.069580
-0.899211
-0.496951
-0.271892
0.625596
-0.212658
0.236211
1.634053
-0.038386
-0.113666
-0.732275
0.728255
0.521423
-0.158558
0.362897
0.376699
-0.345767
-0.662960
-1.443971
-0.061915
-0.197756
-0.287196
-0.897421
-0.576477
0.514464
-0.761074
-1.187030
-0.245454
-0.478210
0.785066
-0.505290
-0.447545
0.716922
-0.262583
-0.604999
-0.204714
0.359571
-0.860131
0.435883
-0.177952
-0.287597
-0.972301
-1.097744
-0.308947
-0.143723
-0.317301
-0.250497
0.181068
-0.620676
-0.236413
-1.186719
-0.094771
0.186693
-0.503030
-1.211035
0.253466
-0.844206
0.312776
-0.217098
0.891769
-0.160123
0.559180
-0.039834
-0.889648
-0.081371
1.089649
0.092557
-0.536636
-0.603969
-0.664148
-0.890125
-0.585933
-0.230283
-0.330835
-0.537171
0.103246
-0.627994
0.102547
0.605534
1.335350
0.602255
-0.239852
0.544774
-0.801006
1.130186
-0.550937
0.505480
-0.061392
-0.719797
-0.900345
1.164276
0.342657
0.544250
0.742812
0.183845
-0.550157
-0.159262
-0.682372
0.502869
-0.566460
-1.015364
-0.858065
-0.399483
-0.706643
-0.032474
0.088681
0.275068
0.567067
-0.399614
0.226123
0.658153
-0.311902
-0.732142
-0.778866
0.290983
1.121124
-1.063454
0.244429
-1.033702
0.022813
0.235779
0.438445
0.599738
-0.362764
0.691386
-0.250016
-0.564027
0.730177
0.018994
-0.577811
-0.784394
-0.030719
-0.354046
-1.338639
0.203365
-0.044415
0.251359
0.253580
-0.635055
0.195456
-0.761291
-0.199589
-0.212257
0.129382
-1.185659
-1.281471
-1.699913
-1.257637
1.224787
0.263699
0.252587
0.712811
-0.673479
0.663241
1.313293
-0.613399
0.612388
-0.504746
0.171210
-0.090165
-0.383935
0.329141
-0.919144
0.442338
0.308747
0.599524
-0.366420
-0.075653
-0.766734
0.669138
-0.491232
-0.886543
0.399741
0.301464
-0.023516
-1.083644
0.574795
0.838412
0.351657
-0.459710
1.245950
0.955900
0.642601
-1.438039
-0.699871
0.566437
0.800427
0.454307
0.294453
-0.187402
-0.520468
0.056175
0.834844
0.956294
0.071364
-0.146531
-0.434261
-0.154104
-0.813081
-0.286964
0.262320
-1.179852
0.275485
-1.378157
0.051522
-0.689012
-0.156681
0.850410
-2.170638
-0.086331
-0.601477
0.152513
-1.309399
-0.282895
-0.166594
-0.652333
-0.014077
0.355424
0.298944
0.015389
-1.106010
-0.029978
0.658495
-0.324894
0.689076
-0.361037
0.641594
0.890699
-0.187354
-0.217741
0.874601
0.170491
1.095776
0.839844
0.801128
0.249664
0.703812
0.093000
-0.126440
0.226016
1.209004
-0.425602
0.472568
-0.847219
-0.628241
-0.025843
-0.463279
0.436350
0.442791
1.025414
1.352961
0.150291
0.455687
-0.128947
-0.821813
0.214638
-0.619952
-0.586041
1.703065
-0.782266
-0.474974
0.328982
-0.167317
0.537755
0.427301
-0.270878
-0.971427
0.033303
-1.207796
0.480014
0.570981
-1.253421
0.153260
-0.280332
0.672359
-0.469106
0.621350
-0.974585
0.635469
-1.120410
0.363044
-0.090885
-1.419852
0.638964
-0.387068
0.636862
-0.333945
0.559544
0.936632
0.460114
-0.155095
0.121379
-0.219380
0.831194
0.717155
0.171247
-0.260498
0.585365
-0.161340
-0.348975
1.576768
-0.079281
-0.230903
-1.348823
0.963776
-0.323737
0.372291
-0.571222
-0.321721
-0.202552
-0.099681
-0.199686
0.349995
-1.670183
-0.553205
0.636300
0.571486
-0.623492
0.723928
0.044358
0.403766
1.255272
-0.424646
0.206835
-0.200775
-0.568407
0.376222
-1.293528
0.547776
-0.220808
0.041037
0.096114
-1.244381
-0.475123
-0.763061
0.132794
0.155254
0.595592
0.767419
0.764526
0.229576
1.267003
0.048338
1.061224
1.159862
-1.253300
-0.423595
-0.782880
-0.021173
-0.247042
-0.217852
-0.325890
-0.334229
0.458337
-1.300704
1.130992
0.881094
-0.696926
-0.762901
-0.419838
-1.225902
0.355311
0.666432
0.300796
0.076855
1.337573
-0.011760
-0.101900
0.426450
-1.090395
-0.371306
0.569547
0.435763
-0.719482
0.178696
0.130509
-0.542393
0.137408
-0.141080
-0.126013
0.432141
0.025007
0.199166
-0.292664
0.069452
0.402328
-0.040252
-1.231924
1.231296
-0.581341
-0.341581
-1.158230
0.394447
1.706089
-0.612615
0.824969
-0.537679
-0.858029
-1.166480
0.521666
-1.202779
-1.189242
-0.407769
0.194781
-0.238954
0.666268
0.857163
1.628484
-0.984573
-0.092492
0.425590
0.395710
-0.045551
0.397889
0.678736
-1.293444
-1.033319
0.271712
-0.841835
-0.420237
1.197938
0.284942
0.291678
0.069567
0.919430
-0.029934
-0.217522
0.524787
0.658274
-0.682333
0.442954
0.224547
-1.178420
-0.331869
-0.203249
0.674339
-0.021120
-0.451665
0.409207
0.608177
-0.660046
-0.165361
0.249185
-0.911788
-0.534281
-0.738854
-0.738972
-0.371443
0.243998
-0.585624
-1.593733
0.295822
-1.272815
-1.109163
1.094315
0.472148
0.555258
-1.103730
-0.290763
-0.873553
-0.016352
1.484634
-1.219630
-0.136607
0.331968
-0.120662
-0.468626
-0.026465
-0.223858
-0.013252
0.558673
-0.241288
-0.448015
0.470679
0.404391
0.006098
0.800144
-0.508485
0.290181
0.447851
-1.023931
-0.900934
-0.271581
-0.249893
0.205117
-0.555975
-1.411632
-0.181128
-0.889053
-0.565074
0.037913
-0.529342
-0.773981
0.059115
0.905301
0.274291
0.526537
-0.851399
-0.772860
0.143804
-0.024803
-0.484422
-0.848641
-1.136190
-0.693245
1.228879
-1.481923
0.747882
-0.817751
0.361794
-0.278605
0.048392
1.110080
-2.686157
0.117041
0.716660
-0.523229
-0.218350
-0.203733
-1.351235
-0.371492
0.706488
1.112988
0.520642
-1.012361
0.239430
0.172747
0.628898
1.152900
-0.685739
0.328018
-0.668828
-0.880608
0.031264
-0.102403
-1.065058
-0.146913
-0.861721
-1.028036
0.208855
0.076689
0.306675
0.447813
-0.017336
0.362374
0.578496
0.480627
-0.983227
0.167468
-0.273554
-0.256041
0.656045
-0.098154
0.466917
0.135542
0.769800
-1.245000
0.038713
-0.236453
0.687242
0.805744
0.164368
0.291673
1.003384
0.286349
-0.097907
-0.896185
-0.590624
1.609802
-0.052215
-0.921379
0.141831
-0.497139
0.722816
2.116824
-0.304762
-0.579610
-0.835460
0.269072
0.967670
1.323880
-0.207072
-0.160356
-0.538140
1.642579
0.817053
0.921604
0.281326
1.057672
-0.517435
-0.685311
-0.709936
-1.085827
-1.066370
0.379570
1.276761
-0.240306
0.315190
-0.498275
0.805789
-0.198853
-1.596349
-0.615086
-0.893042
-1.027239
-0.856210
-0.274701
-0.820382
-1.089027
0.074843
-0.044465
-0.036879
-0.295172
0.370748
-1.033355
-0.937353
0.029075
0.104912
0.378206
0.158719
-0.270281
1.608680
0.554517
0.030076
0.802542
-0.404271
0.773147
0.175547
-0.348033
0.097772
0.643216
1.303665
-0.628387
-0.863099
-0.730033
-0.256285
-0.934433
0.006767
0.446144
-0.567106
-0.966976
1.662353
1.049362
-0.013670
-0.550439
-0.464059
1.147727
-0.070721
-0.028272
-0.546907
-0.185931
0.895964
0.382275
-0.215025
-0.976213
0.990469
0.009403
2.044858
-0.796654
0.957189
0.178840
0.470254
-0.783242
-0.461213
0.629826
-0.394701
0.772236
-0.890340
0.329356
-0.844410
-0.240875
-0.764593
-0.388882
-1.115438
-0.257607
1.995766
0.403836
0.617143
0.060896
-0.059580
1.446586
1.036031
0.244076
-0.226472
0.490071
0.383964
0.758432
0.120396
0.270613
-0.003194
0.389757
0.666527
0.311953
-0.276011
0.178180
-0.599658
-0.250866
-0.678002
-0.837725
-0.048881
0.448781
0.434385
0.038491
0.244058
-0.543121
0.375866
0.236722
-0.187205
-0.939972
1.351795
1.323839
0.377331
0.594375
0.457391
-0.270128
1.133987
-0.722594
0.031088
-0.549719
-0.073691
-1.912484
0.799626
-0.032533
-0.852816
-0.465607
1.177551
1.501327
0.286616
0.259885
0.271249
-1.855708
0.998673
-0.394410
-1.577238
-0.026909
0.705711
-1.083285
0.057031
0.810860
-0.723654
-1.361313
0.433374
1.000273
-1.116693
0.281402
0.854003
-0.918172
-0.993330
-0.751879
0.612262
0.852625
-0.028068
0.414649
0.524803
-0.245077
-0.020019
-0.085375
-0.122854
0.546438
0.141673
-0.887553
0.691526
-0.568936
0.874355
1.294490
0.313686
0.103499
0.428487
0.907951
2.418040
-1.117160
-0.725714
1.613870
-0.480686
-1.060856
0.254356
-0.157611
-0.922236
-0.186765
1.097683
0.140082
-0.110355
1.417096
1.160841
-0.128899
0.443417
0.608362
-0.017227
0.849046
-0.139119
0.016184
0.396903
0.678516
0.748736
-0.733868
-0.502495
-0.123719
0.059077
0.175198
0.017176
-0.057804
1.105867
-0.000821
0.642559
0.112729
-0.197104
-0.525839
0.662482
-0.012460
-0.885795
-1.635925
-0.083240
-1.527347
-0.341433
0.982930
0.000705
0.511313
0.819666
0.198306
-0.734582
0.079225
0.091594
1.186806
-0.654201
0.966099
-0.323499
0.389382
-0.309457
0.846024
-0.151766
-0.124737
0.409743
-0.032939
-0.087062
-0.007048
-0.443491
-0.307299
-0.175270
0.014164
-0.727985
0.670070
-0.547616
0.007033
0.548804
0.422541
0.875617
-0.658350
0.018450
0.465915
-1.357633
0.206850
-0.020153
0.584560
1.438594
0.259914
0.093101
1.191624
-0.039947
-0.230710
0.473373
-0.247143
-1.806382
0.346915
-0.829399
0.677716
-0.071101
0.214138
-0.337056
0.474587
-0.685207
0.672329
-0.549028
-1.013360
0.801237
-0.746846
-0.101142
0.430792
-0.776413
0.221717
-0.071578
0.741869
-0.686098
0.324183
-1.169698
0.794704
1.088369
-0.163346
-0.876870
0.906912
-0.495222
0.941909
-0.267903
-0.043657
0.312020
0.571237
-1.883164
-0.110941
0.143267
-0.588006
0.349757
0.058725
0.052490
0.920335
0.300256
0.746079
0.641549
0.859836
-0.261461
0.592530
-0.233083
0.114283
-0.812409
0.129006
0.017031
0.588762
0.873861
-0.303984
-0.814255
0.321879
-0.200212
-0.871404
-0.315137
-0.058317
-0.182922
0.054901
-0.192733
-0.319453
-0.681983
-1.559353
0.853873
0.010466
-0.975572
0.763333
1.088855
0.371489
-1.717848
0.903279
1.938134
1.204615
-0.220881
0.002607
0.728717
0.065011
-0.352051
-0.163551
0.536911
-1.570012
-0.524214
-0.553710
0.369395
-0.424341
-0.500819
0.502279
-0.061652
-0.334184
-0.347413
-0.466344
-0.233792
-0.835669
-0.869294
-0.299636
1.588874
1.921757
0.823067
-0.261133
-0.520014
0.009019
-0.511336
-0.872652
-1.907032
0.747356
-1.311805
-0.719422
0.218574
-0.014824
-0.850746
-0.942812
0.587961
0.336128
0.804790
-1.912483
1.180902
0.056263
0.180591
-0.178976
-1.217468
-0.222165
-0.594087
-0.129966
0.646089
-0.325682
0.693569
-0.328553
0.356806
-0.691937
1.193702
-0.227198
-1.367588
0.168253
-0.664701
-0.170180
-0.069341
-0.584215
-0.490646
1.276519
-1.644771
0.268747
0.267933
0.558366
0.343386
-0.845951
0.029111
0.518807
0.598951
-0.392453
-0.354376
0.515448
-0.425688
-0.536001
-1.147541
-0.154412
0.861430
-0.735152
-0.495553
0.474688
0.147914
1.882683
0.597554
0.583259
-0.729565
0.560704
0.259850
0.376416
0.417222
0.321468
0.152598
-0.522903
-1.142976
0.006902
0.155767
0.215897
0.062655
-0.288148
2.290827
1.233721
0.036218
-0.309590
0.111728
-0.217692
-0.259447
0.303772
0.031005
0.355704
-0.886299
-0.746509
-0.720328
-0.923208
0.786117
-0.473050
-0.449947
0.696323
-0.882741
1.088842
0.481953
-0.088845
-2.056983
1.555346
0.518396
-0.268617
0.151599
0.437226
-0.074113
0.576574
0.330165
0.666854
0.501928
-0.311512
-0.023101
0.337345
0.041003
0.866900
-1.181462
-0.101828
1.152483
-0.414155
-0.239259
0.352716
-0.407190
0.573780
-0.159139
-0.756886
-0.428673
1.106720
0.410116
0.466735
-0.311344
-0.572089
0.194426
0.079611
-0.384932
-0.668145
-0.388628
0.012289
-0.498967
-1.078992
-0.799373
-1.257542
0.114612
0.086685
0.149167
-0.657470
-0.817937
0.443403
1.845558
-0.192832
0.606881
0.155769
-0.495515
1.227056
0.655545
0.089752
0.858313
-0.486130
-0.536077
0.435197
1.211509
-0.134980
1.136959
-0.553264
-1.561351
-0.624227
1.211548
-1.061161
1.655612
-0.144604
-0.363145
0.243376
0.669760
0.861768
-0.173797
-0.286030
-0.532969
0.178523
-0.778035
0.134845
-0.304212
0.113174
-0.367993
-0.021993
-0.165380
0.377657
0.249064
0.128507
0.119144
-0.448387
-0.020599
0.053543
0.050823
-1.327927
-0.885303
0.752565
1.858632
-0.208695
-0.296744
-0.493251
0.539808
0.331106
0.663823
1.027286
-0.061655
-0.006652
-1.587420
-0.558118
1.264449
0.983439
-0.083742
0.763251
-0.581182
-1.357374
0.425106
0.829732
-0.002760
-0.658959
-0.051646
1.126703
0.048886
-1.085787
0.779665
-1.590584
0.699312
0.197651
0.300464
0.161329
-0.061313
-0.415516
0.269309
-1.250014
0.144196
-1.657618
-0.032114
0.222025
0.909472
-0.471829
0.595676
1.234930
-0.149426
0.079420
0.316208
0.419230
0.930110
0.286240
-0.562356
0.586201
-0.253277
-0.303141
-0.128227
-0.473243
-0.040354
0.724045
-0.372360
0.531814
-1.291745
-0.023760
0.372214
-0.021445
1.223367
0.574580
0.419595
0.111621
0.115647
0.443712
0.209165
0.485756
-0.004776
0.272433
-0.049820
-0.376547
-0.481440
0.929601
-0.948085
-0.046154
1.212378
-0.160348
-0.043108
-0.130809
0.460377
-0.823341
0.693319
0.515779
-0.022547
-0.063818
0.127674
0.165938
0.510065
1.383520
0.531568
1.732667
0.490935
0.132863
-0.659741
0.624284
0.760886
0.447570
-0.845607
-1.388166
1.055702
1.970444
1.257222
0.926218
-0.797505
0.402816
0.431827
-0.492276
0.351629
0.020230
0.185355
-0.677364
-0.259570
-0.413503
1.162843
-0.215704
0.126702
-0.811299
-0.321747
-0.449904
0.315439
0.586924
-1.007318
0.817031
0.951226
-0.637602
-0.133622
-0.156478
-0.921983
-0.200855
-0.890875
-0.489621
-0.034319
-0.139176
-1.413594
-0.512385
-0.202547
-0.400193
0.757993
0.150530
-0.628354
1.128016
-0.766440
0.533830
1.041619
1.518102
-0.040348
-0.703242
0.254976
-0.849959
-1.043105
-0.290652
1.526925
-1.064795
-1.926839
-0.404658
0.509749
0.116820
-0.258308
0.771980
0.550070
1.067561
1.436024
1.167724
0.420571
-0.060637
0.853316
0.358956
-0.444459
0.035591
-0.503126
0.326499
0.297388
0.073564
0.708269
1.390003
0.827229
-1.519749
-0.908586
-0.284680
0.615638
0.496957
-0.504466
-0.416370
-1.186516
-0.282325
0.092507
0.409229
-0.376366
0.403369
0.333985
-0.176269
-0.452538
-0.803413
0.909904
0.264240
-0.338194
-0.712871
0.548820
-0.907644
0.824882
0.573211
-0.739768
-1.028944
0.242266
0.467713
-0.592395
-0.177172
-1.062800
-0.171086
-0.262328
0.277333
0.201026
0.182103
-0.897179
-0.431699
0.176202
0.581334
-0.179396
-0.491474
-0.526059
1.054698
0.536732
-0.169666
-0.740452
1.283044
-0.362824
-2.000373
1.428687
0.417088
-0.092615
0.182326
0.720119
0.978423
-0.293600
-0.242077
1.013375
0.275961
-0.150119
0.072344
-0.341279
0.163481
-0.488448
-0.799623
0.226375
0.177795
0.469061
-0.182887
-0.584576
-0.387040
-1.252288
0.139545
-0.747995
1.800138
0.881717
-0.911200
-0.285889
-0.124516
-0.953603
-0.205605
0.537683
-1.654223
1.218828
-0.123815
1.340393
-0.183547
-0.369670
-1.001090
0.156344
0.242037
-0.783177
0.223155
1.387544
0.362472
-0.352742
0.083760
-1.671584
-1.340336
-0.871682
0.786562
-1.054744
-1.188018
0.406628
0.259869
-1.149670
0.376447
1.974881
-1.122392
-0.871095
-1.285698
1.231295
0.378173
-1.549417
0.867357
-0.126204
0.227042
0.200792
-1.322039
0.692638
0.331956
-0.516238
-0.645103
0.352153
0.454955
-0.189985
-0.463818
-0.524048
-0.118565
0.422282
0.524990
0.381603
0.154002
-0.968389
-0.223506
-0.593481
-0.891666
1.090644
2.368865
0.498664
1.111574
0.153910
1.106426
0.756432
0.501618
0.181759
1.258538
0.746924
-0.240127
0.447218
0.066339
-0.500079
-0.294911
0.165864
-0.494399
0.906165
-0.421630
-0.320241
0.342146
0.320025
-1.041074
0.472002
-0.534604
-0.397062
0.727745
0.374228
0.881007
-0.185022
0.180624
-0.490805
-0.378593
-0.115761
0.615254
0.389098
-1.751225
0.946929
-0.084105
0.580264
-1.384282
-1.559029
-0.072718
-0.106288
-0.033869
0.026903
-1.288228
-0.126340
-0.581283
-0.624845
0.191667
0.794826
0.851383
-0.112560
0.666878
0.638173
-1.455476
0.297865
-0.131408
-0.418194
-0.632270
0.469012
0.486734
0.572672
-0.557469
-0.511427
-0.304500
-0.374905
-1.246869
-0.757732
0.751133
0.220589
-0.066185
0.491943
0.266591
-1.096230
-0.334652
0.331646
1.281822
1.060548
0.000036
-0.675775
0.647204
-0.620339
-0.849454
0.131440
0.216104
-0.265649
-0.716492
-0.341934
0.343644
-0.047942
-0.314598
0.809041
-0.843759
1.826544
1.290985
0.579189
-0.917088
0.132615
0.845276
-0.894048
0.012573
0.598224
-1.175333
-0.485423
-0.657208
0.375547
-0.550199
0.030678
-1.150579
-0.707178
-0.313385
-0.047681
0.247983
0.485824
0.435228
-0.483180
0.061456
-1.215529
1.597332
1.560302
0.666351
-0.043477
-0.397655
-0.558737
-1.236112
-0.043499
0.141915
0.843076
-0.856338
1.270241
0.086033
-0.093165
-0.708648
0.417020
-0.824142
-0.879168
-0.866556
0.030010
-0.395093
-0.388148
0.118820
0.826547
-0.154453
-0.522789
0.337866
0.593398
-0.930625
-0.631730
0.964665
1.301565
0.400867
-0.485951
-0.002884
0.669651
0.137422
-0.400166
-0.727111
-1.219599
1.405542
-0.627985
0.420243
-0.392279
1.285423
-0.281755
1.386243
-0.037118
-0.404140
-0.953507
-0.119508
0.038946
0.328349
-0.840076
-0.480238
0.139699
-0.452092
0.708659
-0.683047
0.194842
-0.188924
-0.448760
0.585193
1.359908
0.444664
0.053512
0.141660
0.335514
1.733482
1.930128
-1.565747
-0.660408
-0.201367
-0.020933
-0.976428
-0.086166
-0.681101
0.541665
0.701779
-0.698215
-0.522989
-0.685962
0.334093
-1.206592
0.930283
0.342343
0.892560
-1.279532
0.318964
0.649605
1.853587
0.615956
1.019676
0.103357
-1.020103
0.750645
0.502669
0.059355
1.121914
0.322158
0.257792
0.978978
0.126802
0.546738
-0.392433
0.235448
-0.297427
-0.284985
0.861093
-0.501240
0.331486
0.862400
0.055025
0.152025
0.119075
1.852264
0.394098
1.684174
-0.769438
-0.106871
0.316373
0.019580
0.166007
-0.205205
-0.734297
-0.518842
0.793787
0.594047
0.709679
0.344434
0.029052
0.598085
0.675661
1.363589
-0.605756
-0.440308
0.056329
0.518042
-0.397146
-0.821967
-0.603481
0.639128
1.064615
-0.126862
0.139058
0.995633
0.760574
0.821311
0.804967
-1.335975
-0.530742
-0.231464
0.633034
0.670272
-1.125431
0.645773
0.162551
-1.625428
-0.455901
-1.361752
-0.633933
-0.158337
1.376098
-0.063569
1.527647
-0.277548
-1.247958
-0.489474
-0.994491
-1.056125
0.989243
0.445207
-0.065774
-0.529660
0.485661
0.783416
0.326345
-1.088827
-0.901305
0.348535
-0.635784
0.680055
-0.209212
-0.443919
-0.468459
-0.301101
-0.544765
-0.322007
0.372355
0.469359
0.151228
-0.799068
-0.325739
-0.805774
-1.146720
-0.101121
0.378791
-0.189485
-0.082989
-0.760983
0.561082
-1.296265
-0.917749
-0.139372
-0.439713
-0.452420
-0.312963
-0.360182
0.537043
0.272036
0.424918
-0.648867
1.153079
-1.233431
-0.244159
-1.255538
0.316669
-1.543025
0.071652
0.294592
0.273764
-0.897495
0.059970
1.015866
-0.606489
-1.045283
0.620460
0.772819
0.659638
0.505057
-0.405797
0.531961
-0.310342
-0.132975
-0.010346
0.276613
-0.032321
-0.551737
0.233140
0.462781
0.106036
0.989205
1.183574
-0.199091
-1.449389
-0.492154
-1.406672
0.501851
-0.620195
0.112587
0.814730
-0.060146
-0.119940
0.046274
0.952664
0.801082
-0.206031
-0.504434
-0.097424
0.424178
-0.953658
-0.050093
-2.371427
0.636577
0.452973
0.042620
-0.975388
-0.409485
-0.114966
0.208909
-0.091079
1.410928
0.797078
-0.897050
-0.934754
0.897121
0.114912
1.555828
0.947026
-0.915871
-0.170178
0.476945
-0.084721
0.295148
-1.449789
0.085118
-0.120412
0.299219
0.794296
0.268396
0.147436
-0.867055
-0.243633
-0.446733
-1.577813
0.651726
-0.108535
0.414203
1.049196
1.624136
1.026304
0.934997
0.044915
0.645660
-0.370991
0.630001
-2.039868
1.639257
0.063712
0.616387
0.452072
-0.229436
-0.266110
1.610692
-0.521353
-0.605789
-1.268188
0.262987
-0.331596
-0.097949
-0.949634
0.052540
-0.444779
-0.526706
0.832183
0.696404
-1.079962
1.982006
-0.913533
-0.310357
-0.181643
0.863154
-0.408483
-0.110708
0.539793
-0.859656
0.773531
0.652035
1.229059
-0.203420
1.323658
-0.861961
-0.703603
0.347470
0.713625
0.418619
-0.613703
0.161712
-0.298113
0.796485
0.898893
0.234530
-0.453100
-0.082130
-0.783127
0.021269
0.002807
0.920945
-0.674734
0.352543
0.098081
0.754876
-0.716625
0.792012
-0.022060
-1.214992
-0.423234
1.529096
1.052638
0.038054
-0.014191
-0.434416
0.285926
-0.834693
-1.284223
-0.277517
0.195656
-1.049363
-0.109464
-0.799568
-0.397718
-0.610416
-0.244866
0.724840
0.107044
0.046455
-0.473765
0.055219
0.632370
-0.526549
1.331813
0.012931
0.313057
-0.264619
1.317562
0.801093
-0.226674
-0.761622
0.203080
1.120338
0.226127
-0.039352
-0.454101
0.156189
0.531689
0.384679
0.641443
-0.359287
0.372326
0.253391
-0.041451
0.497323
0.625547
1.267514
-0.331121
-0.446917
0.258599
-0.173309
-0.108439
-0.435253
0.679332
0.313461
0.661642
0.586794
0.846712
0.373475
0.124240
0.352515
-0.109573
0.598148
-0.936366
1.354486
-0.781142
0.024509
-0.049037
0.019233
-0.366072
-0.151212
-1.204842
1.490586
0.333332
-0.526309
0.535228
0.309640
-0.038503
0.000927
1.532337
0.123913
-0.511037
-0.196081
-1.451785
1.476599
-0.564125
0.369061
-0.277031
0.016534
0.458261
0.131352
-0.834552
-0.233989
1.296468
0.647208
-0.657909
-0.261510
0.111534
-0.029933
1.151780
0.614877
0.648310
-1.472445
-1.034904
0.744139
0.620339
-0.978033
0.126601
0.331824
0.544354
0.643787
0.089831
-0.552088
0.460291
-0.926434
0.073067
-0.665542
0.756148
0.942855
0.237835
-0.479627
-0.851185
-0.145054
-0.483574
1.129821
-0.573992
0.118415
-0.353628
-0.700272
0.293540
-0.038447
-1.386079
0.240624
0.499947
-1.345316
0.380201
-0.858098
0.806782
-0.046272
-0.856660
-0.344390
0.906712
-1.458049
-0.317441
0.648987
-0.534705
-0.714788
1.049713
1.464649
-0.083704
0.034655
-0.120101
1.480632
-0.215560
0.057229
0.133918
-0.517153
-0.751510
-0.650409
-0.367982
1.017550
0.311332
-0.210657
1.288307
0.290427
-0.073992
0.608520
-0.267339
0.026199
-0.951337
0.687142
-0.557841
0.348604
-0.724966
-0.065731
0.101234
0.415379
0.825015
1.114497
0.152012
0.163735
-1.266631
-0.651707
-0.126970
0.172884
0.293055
0.495932
-0.577809
0.236186
0.586736
0.003654
0.454044
0.163643
-0.557234
-1.861453
-0.512631
0.072828
1.018144
1.793700
-0.287806
0.923713
-0.700072
0.797739
0.500462
0.800810
0.285256
0.748150
0.623463
-0.500818
0.326632
1.082546
1.036296
1.203974
0.290005
0.444025
0.623413
-0.778674
-0.119887
0.301840
-0.842670
-0.313980
-0.832819
-1.214581
-0.340126
-0.573535
-0.473993
-1.054393
-0.448553
0.748015
-0.415194
0.552117
-0.272810
-0.468053
1.131409
0.235252
-1.164570
0.964428
0.271937
-0.461015
-0.101520
-0.953069
0.527836
0.934465
0.672239
-1.215672
-0.383498
-0.584169
-0.293449
0.907938
0.993889
-0.704505
1.172729
-1.212411
0.190453
0.414673
-1.001958
-1.041052
-0.137592
-0.088570
-1.804490
-0.776476
-0.712723
-0.863733
0.185677
-0.759888
0.931149
-0.000654
1.470433
-0.342709
0.692570
0.628992
0.911720
-1.282235
0.356158
-0.124840
1.177282
-0.637723
-0.290538
-0.617515
-0.566544
0.256968
0.717601
-0.343484
0.240877
-0.389969
-0.004764
0.704634
0.629987
0.028890
0.146152
-0.064231
-0.036037
0.669559
-0.923558
-0.109006
-0.664166
0.557589
0.641572
0.448347
0.555676
-0.834652
0.139086
1.168355
-0.229981
0.058906
0.916313
-0.335694
-0.560858
0.703442
1.383480
0.938799
1.357304
0.604993
0.159437
-1.153767
-0.284942
1.257156
-1.466200
1.044139
0.468882
-0.477939
-0.055876
-0.472421
-0.075416
1.228930
-0.476566
0.459285
-0.477002
0.335420
-1.570737
1.276837
1.584705
0.522611
-1.233111
0.713689
0.293471
2.182446
0.238183
-0.536467
-1.112580
0.645146
-0.439753
-0.789438
1.208310
0.377990
-0.143163
-0.121970
-1.517612
-1.008237
-2.087736
0.669599
-0.356663
-0.765152
-0.383109
-0.779879
1.115860
0.190508
0.440690
0.706754
-0.953967
0.056929
-0.133616
0.030986
-0.544940
-0.879317
0.009170
0.119423
-1.200984
-1.379399
0.380968
-0.724899
0.302776
0.858889
-0.429746
0.385572
-0.851324
-0.545292
-0.569936
-0.736286
-0.702526
0.102589
-0.387957
0.156514
-0.161052
-0.602651
1.555322
0.616665
0.659666
-0.334704
0.841340
-0.148758
-0.804771
0.703742
0.255197
-0.483191
-0.203301
-1.077382
0.630121
0.055811
-0.104835
-0.267682
1.438085
0.291989
-1.296069
1.941018
-0.342237
1.140495
-0.472953
-1.356376
0.224706
-0.530554
-1.414420
-0.442112
0.382334
-0.376426
0.350215
-0.556526
1.386913
1.452185
0.027832
-0.289550
-0.484055
1.896836
-0.525466
0.645179
0.069009
0.613552
0.311644
0.985705
0.149638
0.857987
-0.648946
-1.747470
-0.429118
0.629148
-0.378850
-0.091337
-0.135091
0.296086
-0.526794
-0.392601
-0.709415
-1.753911
-0.780105
0.015753
-0.640910
-0.326247
-0.752003
-1.658764
-0.526098
0.181315
0.575356
1.074808
0.341015
0.862208
-1.230519
0.258522
0.379366
-0.442492
-0.941643
-0.034451
-0.235791
-0.961832
0.483613
-0.090583
-0.579830
-0.033583
0.851940
-0.701040
0.363216
-0.353737
-1.104205
-0.908182
0.211118
-1.037843
0.090143
0.462965
-0.138909
-0.376653
-0.780615
-0.211934
1.583092
1.081225
-1.359039
0.040977
0.176444
0.469922
-0.308395
-0.066808
0.268458
-0.727137
-0.878020
-0.219790
0.378602
-0.227309
0.472058
-0.486773
0.083194
-0.437357
-1.040467
0.115695
-1.109055
0.472944
-1.121099
-0.181841
0.363802
0.363779
-0.723630
-0.684527
0.920109
-0.437196
0.063107
0.590487
0.277663
-0.066052
-0.857572
0.628325
-1.099327
0.495261
0.174914
-0.332169
-0.255891
-0.273117
0.458597
0.556224
-0.392275
-1.186466
-1.353471
-0.226554
0.177973
0.612225
-0.616011
1.025706
0.296603
-0.367069
0.781755
-0.357187
1.049937
-0.778745
-1.207520
-0.914739
1.643054
0.931454
-0.290947
0.195541
0.767568
-2.040709
1.530224
1.596571
0.278677
1.266064
-0.231658
0.394949
1.740528
-0.095114
-0.611446
-0.464713
-0.820337
1.147796
-0.196194
-0.281759
0.116815
-0.309052
-0.305902
0.807875
0.132898
1.033765
-0.808830
-1.791050
0.187891
0.805855
-0.384913
-0.042303
0.447692
-0.470875
-1.528777
1.126295
0.634100
-0.320079
0.115587
-0.403951
-0.048667
0.503048
-1.505874
-0.500606
-1.059735
-0.144320
-0.551272
1.460125
-0.235613
-0.141572
-0.008361
-1.236532
0.073117
0.352516
-0.441771
-0.267446
-0.555509
0.662158
1.876918
0.052450
-0.278589
0.781279
0.303843
-0.831331
1.016679
-1.104999
0.721780
0.414034
-0.596095
-0.065051
0.041443
1.640116
0.361817
-0.115479
0.531378
-0.187347
-1.584092
0.255696
0.586864
-0.017574
-0.848225
1.575812
0.377399
0.071597
0.385178
0.521723
-0.115382
1.502425
-0.672808
1.350115
-1.322495
-0.833861
0.026183
1.022300
0.802908
-1.666276
0.475532
-1.198312
1.248546
1.102081
-0.807333
