-0.146180
0.776906
0.006690
0.445524
0.261279
-0.046474
0.464444
-0.043786
-0.161984
0.093678
0.072638
-0.080654
0.072559
-0.256748
0.071062
-0.323934
-0.172796
0.268057
-0.515754
0.112302
0.237469
0.127135
0.068430
-0.426974
-0.147644
-0.212738
-0.046351
-0.013503
0.085926
-0.134282
-0.042119
-0.057851
0.217152
0.181131
-0.322502
-0.098995
0.039590
-0.099431
0.202382
0.171090
0.431734
0.203307
0.100207
-0.030865
0.157854
-0.543531
-0.514846
-0.014597
0.383774
-0.031662
-0.033411
-0.013409
0.202744
-0.013732
0.192914
-0.089949
-0.282468
0.068236
-0.377847
-0.007087
-0.092606
0.389521
-0.018843
-0.321677
-0.274006
0.108101
-0.147613
0.489751
-0.206793
-0.196681
0.211423
-0.192779
0.345801
0.016764
0.334874
-0.055684
0.101503
0.036482
-0.020576
-0.328524
-0.113037
-0.000267
0.108428
-0.243278
0.107554
-0.210898
0.234434
0.068673
-0.036678
0.076557
0.022191
0.180954
0.026497
0.582433
0.007550
0.062367
0.152544
-0.010263
-0.166179
-0.005184
0.079180
0.095380
0.306138
-0.033505
0.208906
0.163290
0.084502
0.083802
-0.137952
-0.256494
0.277943
-0.172160
0.069431
-0.051098
0.033186
0.146774
0.200150
0.088965
-0.021371
0.009382
-0.122844
0.060161
-0.350613
-0.257723
0.163089
-0.100349
-0.554376
0.055761
-0.032481
-0.126412
-0.153746
-0.069292
-0.269433
0.385279
-0.063684
0.025200
0.095083
0.274767
-0.307721
0.350086
0.127299
0.152383
-0.256324
0.013160
0.248564
-0.058200
0.202056
0.100938
-0.162231
-0.143048
-0.022114
-0.222253
0.086226
0.063326
0.153391
0.028437
-0.371483
-0.066609
-0.148948
-0.002720
-0.032471
0.063623
-0.261501
0.148876
-0.022963
-0.342800
-0.001405
-0.015220
0.158977
-0.108550
-0.069774
0.144116
0.048355
-0.119246
-0.048044
0.039406
-0.009734
-0.253236
0.112877
0.227290
-0.119029
0.045588
-0.205873
0.035206
-0.024936
0.200214
-0.115724
-0.133445
0.227993
-0.379239
-0.069163
-0.108389
-0.078689
0.257791
0.281406
0.125083
0.171525
0.145647
-0.023977
0.449193
0.050969
-0.149897
0.159167
0.199628
-0.274844
0.342735
-0.147943
0.163686
-0.047691
0.204761
-0.013066
0.068387
-0.107068
-0.204775
0.005650
-0.127065
0.015392
-0.144607
0.183253
0.239543
-0.059030
0.007575
-0.100326
0.384213
0.098263
-0.134164
0.116313
0.151979
-0.083371
-0.043578
0.111958
0.215612
0.238318
-0.091502
0.140901
0.315846
-0.065365
-0.405994
0.103481
-0.065448
0.102974
-0.106807
-0.253395
-0.311583
0.087701
0.246287
0.013204
0.163646
0.071582
-0.175154
-0.035864
0.405436
-0.127472
0.045483
0.356502
-0.283595
-0.009178
0.073995
0.284897
0.287059
0.185844
0.507659
-0.111935
-0.101497
-0.169642
-0.047981
0.029794
0.088571
0.309927
-0.001253
-0.589092
0.191511
-0.377611
-0.062882
0.140906
0.495853
0.174009
-0.357239
-0.243561
0.038181
-0.169145
-0.338508
-0.629964
0.185075
0.472571
0.098275
-0.049432
0.179266
-0.393972
0.108822
-0.177266
-0.008930
-0.014567
0.041439
-0.515196
-0.390110
-0.262791
0.014945
-0.426719
0.123172
-0.018302
-0.310215
-0.153255
0.312098
-0.083627
-0.019685
-0.096984
0.086302
0.020936
0.546806
0.105437
0.216316
-0.173285
-0.384517
0.155082
0.106148
0.099845
-0.167915
-0.362777
-0.133587
-0.122105
0.635930
0.249202
0.130731
-0.181446
0.223556
-0.116617
-0.378511
0.040435
-0.095018
0.152147
-0.073566
-0.349434
-0.218717
-0.145343
0.008289
-0.318517
-0.272867
0.222332
0.187898
0.106666
0.159116
-0.494795
-0.280690
0.070023
0.133830
0.105116
-0.089864
-0.331421
0.144096
0.087374
0.096226
-0.184586
0.012593
-0.367030
-0.236762
-0.125890
-0.260024
0.138135
-0.121175
-0.259493
-0.224180
-0.060019
-0.034394
0.148503
-0.274048
-0.206223
0.507828
0.067591
0.136801
-0.026595
-0.164971
0.051198
-0.001535
0.319368
-0.089345
-0.173433
-0.144681
-0.190979
0.059053
-0.325681
0.151213
-0.040451
-0.287752
-0.162787
0.123752
0.029137
0.150580
0.405145
0.028141
0.198264
-0.140231
0.076830
-0.238948
-0.070094
0.345929
0.027702
-0.250318
0.380159
-0.196248
0.084027
-0.110316
0.191153
0.093597
0.298736
0.151150
-0.292555
0.187639
0.598969
0.179093
0.156088
0.038552
0.055464
0.128412
0.084533
-0.090933
0.404767
-0.493698
-0.111066
0.035063
-0.222058
-0.288838
-0.002135
0.033856
0.024258
0.028651
0.011455
-0.139218
-0.193668
0.236295
0.098499
0.089947
-0.240671
0.143004
-0.201482
-0.220381
0.041550
0.114204
-0.025353
0.453819
-0.301794
0.353951
-0.096190
-0.269861
-0.167525
-0.056186
0.191538
0.200976
0.256631
-0.106813
0.258781
-0.273263
-0.108645
0.008237
-0.061788
-0.080617
0.190399
0.116322
-0.092480
-0.147085
0.615623
-0.060453
0.216014
-0.048533
0.263766
0.380119
0.188955
0.259719
0.161078
0.118112
-0.022897
-0.188515
0.055372
0.136428
-0.250809
0.095875
-0.099973
0.041419
0.168663
-0.514627
0.184224
-0.006835
-0.174094
0.244958
0.232983
-0.015120
-0.255077
0.321415
-0.214453
0.415946
0.022625
-0.049760
0.154421
-0.151787
0.151019
-0.264446
-0.041398
-0.191673
-0.186993
-0.089183
0.136318
-0.026413
0.210605
0.084673
0.079098
0.187732
0.114706
-0.278898
-0.138783
0.057174
-0.000560
0.108773
0.027612
-0.023034
0.107519
0.321141
0.028408
0.227620
0.172655
-0.128076
-0.171467
0.043011
0.237998
-0.218545
0.021771
-0.212011
-0.055513
-0.067410
-0.129952
-0.449174
0.091892
-0.324414
0.329972
0.138485
-0.288281
0.147925
0.099640
-0.006681
0.203292
-0.114209
-0.039032
0.409369
0.021161
-0.141308
0.320012
0.454354
-0.344359
-0.190591
0.088171
-0.283975
0.092193
0.129216
0.186684
-0.073175
-0.149388
0.230579
0.025922
-0.227514
0.081724
-0.142112
0.445019
-0.169206
0.360774
0.032036
0.088675
-0.614241
-0.072353
-0.012637
0.111994
-0.232958
0.304987
-0.079918
0.295816
0.073853
0.174282
0.572260
-0.224953
0.092590
0.018990
0.091063
-0.286082
0.092643
0.329715
-0.106107
0.515342
-0.104050
-0.229443
0.132223
0.039118
-0.413675
-0.111024
0.335872
-0.503930
0.043333
0.096123
-0.039065
0.302377
-0.332281
-0.329407
-0.204008
-0.178172
0.202459
-0.017519
-0.307707
0.080591
0.209567
-0.399976
-0.014312
-0.211778
0.153352
0.016312
-0.223798
0.034254
-0.371582
-0.006171
0.307445
-0.134112
-0.006755
0.104702
0.352287
0.230409
-0.293200
0.343609
0.121442
-0.077023
-0.175752
0.112925
-0.058901
-0.229834
-0.241138
0.305257
0.115428
-0.003483
0.165541
0.089750
0.140170
-0.114125
-0.201558
-0.016301
-0.080607
-0.260974
0.207668
-0.342765
-0.122064
-0.384106
0.487274
-0.117315
0.051266
-0.074672
-0.272073
-0.213316
-0.161887
-0.203255
0.001640
-0.168969
0.115575
-0.128292
-0.360237
0.190297
-0.201747
0.365479
0.235528
-0.278082
0.146959
-0.152957
0.596387
-0.103570
-0.094006
0.273780
0.018569
0.113773
0.132594
0.417691
-0.127811
0.045305
0.182844
-0.184260
-0.017914
0.156757
0.136591
-0.162951
0.307863
-0.212424
-0.131237
0.295113
-0.098991
-0.103664
-0.216322
-0.102839
0.129638
0.036720
0.076873
0.254309
-0.125298
0.002843
-0.260250
0.023016
-0.240825
0.020670
0.030341
0.142515
-0.361160
0.288603
0.217822
0.035332
0.071414
0.216428
-0.248569
0.303849
-0.324079
0.161728
0.172054
-0.156768
0.468548
0.117967
-0.579916
-0.009155
0.281875
-0.037763
0.132346
0.081811
0.151494
0.077833
0.050351
-0.116412
-0.236376
-0.091328
0.199652
-0.034534
-0.296784
-0.109475
0.326511
0.331025
0.134990
0.205087
-0.183687
-0.134954
0.076236
0.267653
-0.511365
0.413882
-0.181356
0.332617
-0.041735
0.079427
0.149262
0.419891
-0.342909
-0.134310
0.344480
-0.029386
0.021730
0.060389
-0.238179
-0.133661
-0.172556
-0.014347
-0.047980
-0.351412
0.229842
0.177562
0.003734
-0.017912
-0.198760
0.483406
-0.163485
-0.100525
0.168714
-0.209844
-0.018687
-0.239804
-0.234308
0.038502
0.380959
0.082666
-0.027000
-0.109629
0.022760
0.017792
-0.025245
0.205421
-0.440166
0.073986
0.201944
0.243492
-0.070660
0.403691
-0.225311
0.086686
0.015659
0.223794
-0.085817
-0.231845
0.159786
0.052394
0.036331
-0.011489
-0.181798
-0.148377
0.085641
-0.053076
0.271582
0.059204
-0.025778
-0.190849
-0.009949
-0.103827
0.311528
0.323249
-0.115249
-0.032647
0.124213
-0.297098
0.164777
-0.070857
-0.045877
0.086715
-0.209007
0.115407
-0.060948
-0.002221
0.208109
0.214669
-0.158730
-0.112982
0.231610
0.198343
0.548230
0.068961
-0.320318
0.121054
-0.219334
0.118131
0.149463
-0.201559
0.029601
-0.190271
-0.153399
0.087054
0.159078
0.301582
-0.047675
-0.246714
-0.006587
0.330916
-0.357405
0.072382
0.035214
0.001633
0.240868
-0.051764
-0.160464
-0.058682
0.251011
0.119312
0.113364
0.350685
0.131016
0.032089
-0.380419
-0.083410
0.447410
0.275031
-0.129568
0.087701
0.092675
0.021345
-0.280589
-0.099495
-0.023136
-0.054959
-0.143774
0.333209
-0.219965
-0.095191
0.140193
0.034959
0.117007
-0.089939
-0.139293
0.403933
-0.000902
0.079069
0.046213
-0.173950
-0.263509
-0.230174
-0.088681
-0.262484
-0.286341
-0.148174
0.442865
0.110833
-0.284612
0.339178
-0.221755
-0.240499
0.089251
0.097572
-0.190698
0.129402
0.136322
0.018852
0.018726
0.248429
0.112006
0.294648
-0.017599
-0.077953
-0.358670
0.137681
0.022632
-0.166803
-0.326825
0.373962
0.061690
0.063151
-0.231182
0.212105
-0.093570
-0.450709
-0.022054
-0.249650
0.034481
0.053832
-0.074641
0.191744
-0.069900
-0.040826
0.298403
-0.038300
0.123823
0.459148
0.470836
0.110954
0.010418
-0.227092
0.003427
-0.271454
-0.194953
-0.034539
0.070643
-0.198001
-0.397662
0.092110
-0.244820
-0.138997
-0.170764
-0.105069
0.282052
0.033927
-0.117405
0.045782
0.201541
0.286149
0.125682
-0.126326
-0.265007
-0.059181
-0.166004
0.237314
0.129352
-0.134749
0.097428
0.043760
0.103702
-0.226428
0.246901
0.176514
0.039804
-0.161646
-0.009341
0.092095
-0.135927
0.175071
0.134965
0.076151
-0.092455
-0.176872
-0.145553
0.327368
0.231207
-0.269897
0.213662
-0.251070
-0.173256
0.042365
0.103384
-0.070259
0.175787
-0.096598
-0.371480
-0.223971
0.118243
0.257081
0.039732
-0.211115
0.127376
-0.180374
0.188013
0.008717
0.097150
-0.234697
0.125601
-0.199942
-0.247891
-0.610203
0.169488
0.039577
-0.410796
0.145818
0.035074
-0.198077
0.168782
-0.134820
-0.080436
-0.166553
-0.316252
-0.093736
0.068034
0.220778
0.395715
-0.088729
-0.202366
0.015881
0.179233
0.130259
0.383927
-0.235614
0.099661
-0.277565
-0.402675
0.019022
0.095575
-0.207835
0.207363
-0.263670
0.042573
-0.071194
0.008947
-0.164157
-0.231248
-0.259758
0.509218
0.585161
-0.066858
0.031880
-0.106366
0.440941
0.046735
0.197265
0.362084
-0.085269
0.613067
0.032349
0.048574
0.107430
0.402573
-0.108143
-0.020465
0.458592
-0.014315
0.090171
0.268472
0.119590
-0.190957
-0.045050
-0.067325
0.024437
-0.089041
0.051001
-0.122224
0.100060
-0.121979
-0.000761
0.005593
-0.344371
-0.142319
-0.369562
0.019195
-0.352814
0.204887
0.006849
-0.135619
-0.152403
0.392066
0.476325
-0.222815
0.084131
0.252049
0.251025
-0.110569
0.432632
-0.124338
-0.050759
-0.174023
0.354706
-0.200118
-0.076787
-0.061163
-0.564139
0.216457
0.094968
-0.198970
-0.135137
0.426407
0.390580
-0.186021
0.038181
-0.019989
0.066379
-0.508530
0.330209
0.327541
-0.092702
-0.108675
0.284690
0.071248
-0.176955
0.100800
0.023253
-0.240634
-0.240104
0.237368
0.207540
0.353031
0.272040
-0.062801
0.148661
0.095707
-0.358321
0.173067
0.298981
0.043861
-0.292165
0.072343
0.341581
0.010402
0.034107
0.322035
0.032102
-0.125745
0.112745
0.137238
-0.181677
-0.122164
-0.126412
0.138035
0.296951
-0.053727
0.173784
0.083521
-0.289472
-0.247414
-0.110210
0.333834
0.014196
-0.113113
0.313217
0.210623
0.216730
0.232601
-0.004279
0.011447
0.203124
0.178448
0.252884
0.032386
0.010522
0.014599
-0.066990
0.141415
0.183162
-0.047861
-0.263686
-0.067449
0.019299
-0.242487
0.007643
-0.164459
-0.056041
-0.149769
0.250897
0.446858
0.039173
-0.162836
0.095270
0.224043
0.173656
0.017961
-0.146575
0.197158
0.556835
-0.338861
0.230003
-0.019812
0.231133
-0.171217
-0.104645
-0.159170
0.225274
-0.154636
-0.008071
0.076086
0.052154
0.076009
0.148712
0.245291
0.144274
-0.032928
-0.355158
-0.517717
-0.015577
-0.056879
-0.165362
0.052796
0.169596
-0.482230
0.466341
0.320606
0.007746
-0.144763
0.463397
0.002590
-0.038850
-0.086550
-0.024192
-0.066806
-0.305411
-0.000047
-0.024264
0.096848
-0.246788
-0.189425
0.107622
-0.308357
-0.141815
0.166858
-0.092332
0.234192
-0.368826
-0.218023
-0.084543
0.043059
0.117409
0.415782
-0.339268
0.102728
0.279106
0.004143
0.165522
-0.381897
-0.415470
0.132891
0.117857
0.077995
0.468150
0.073929
0.114455
-0.083042
-0.550138
-0.250040
-0.701338
0.120219
-0.393365
0.370164
-0.081618
-0.261001
-0.090553
-0.151825
-0.717933
0.098409
0.061450
0.265792
-0.202440
0.368841
-0.305724
0.457336
0.258881
0.099541
-0.146290
0.056978
-0.108112
0.022316
0.146453
0.236311
0.312003
-0.369767
0.127765
-0.104336
0.257809
-0.422866
-0.298547
0.086363
0.014678
0.434272
0.468278
0.216826
-0.117583
-0.102717
0.351710
-0.143908
-0.041693
0.308967
0.212804
-0.007522
-0.340732
0.360000
0.208514
0.197391
0.489798
-0.097019
-0.014282
-0.159666
-0.088447
0.020849
0.010570
0.400790
-0.127981
0.101182
-0.117052
0.415953
-0.116500
-0.027150
0.222409
-0.178771
-0.094401
0.144140
0.022163
-0.233123
0.131766
0.270606
-0.145142
0.174203
-0.340378
0.207773
-0.015760
-0.107679
0.466950
0.219889
0.333209
0.091722
-0.077655
-0.054211
-0.026786
-0.238280
-0.063588
0.011116
-0.016154
-0.130421
-0.048877
-0.111376
-0.160440
-0.016323
-0.187245
-0.049466
0.150433
-0.072359
-0.066167
-0.261386
0.037378
0.235714
0.125955
0.254542
-0.120299
-0.165982
0.042312
-0.155465
0.371861
-0.365410
0.344771
0.091429
-0.082213
-0.508095
0.190788
-0.229425
-0.237943
0.073920
0.224294
0.016341
0.240859
-0.267646
0.033835
0.141374
-0.269515
-0.117067
-0.244874
-0.318852
-0.086788
-0.028179
-0.314245
0.054820
-0.005400
-0.200363
0.249750
0.248787
0.198129
-0.322996
-0.097650
0.254814
0.132931
-0.190932
-0.149268
0.042662
-0.204834
0.016890
-0.021358
0.061614
-0.282004
-0.297017
-0.145570
-0.019515
-0.103332
0.122957
-0.068496
0.057053
-0.533077
0.043227
0.171053
-0.377405
0.024059
0.135895
0.010340
0.039232
-0.020935
0.222018
0.622531
0.111936
-0.254758
0.034556
-0.042918
0.313854
0.174857
-0.448853
0.010491
0.241246
0.207735
-0.047277
-0.165025
-0.086297
-0.329047
0.309447
0.108093
-0.178255
0.053608
0.360462
0.192602
0.022900
-0.123505
0.137445
0.018359
-0.222185
-0.042966
0.049504
0.490773
0.281418
-0.344380
0.049599
-0.077744
0.151069
-0.164572
-0.194714
-0.055951
0.069296
-0.130677
-0.077279
-0.357538
-0.018418
0.039960
0.135190
0.337746
0.049475
-0.196756
-0.080811
0.029859
0.481153
0.324480
0.463203
0.394994
0.366711
0.145367
0.097002
-0.192180
0.026052
0.106545
0.147605
-0.193240
0.017440
-0.116462
-0.037545
-0.335869
-0.112927
0.004464
0.067572
0.322764
-0.117252
-0.085654
0.001586
-0.080327
-0.362542
0.113562
-0.050249
-0.040344
0.248540
0.136809
-0.357632
0.190418
0.261742
-0.025811
0.004058
0.105818
0.104341
-0.062393
-0.115177
0.153618
0.038976
0.090741
0.178165
0.256742
-0.261435
-0.080620
0.371142
0.004946
0.205491
-0.335333
0.038795
0.311350
0.080563
-0.418316
0.249975
0.049564
0.165526
0.099462
0.062305
0.377144
0.015705
-0.413393
-0.086821
0.155603
0.181171
0.003954
0.487164
-0.217023
-0.228031
0.150736
0.085220
-0.061321
0.145919
0.237414
0.396814
-0.077741
0.073480
-0.182564
-0.055210
0.137876
-0.357492
0.272695
-0.022369
-0.081402
-0.006873
-0.147579
0.009753
-0.023741
0.064571
-0.002593
-0.212130
0.328997
-0.273464
-0.685164
-0.182916
0.046962
0.019985
0.045864
0.023446
0.112987
-0.196677
-0.045094
-0.073718
0.155384
-0.358154
-0.172932
0.069822
-0.304085
0.247391
-0.266911
0.111391
0.168451
-0.164819
-0.014829
-0.119755
0.122794
0.340597
0.024528
0.138931
-0.018887
0.285389
0.063534
-0.175116
0.095911
0.179980
0.239760
0.531816
-0.243910
-0.035083
0.024266
-0.388094
-0.444478
-0.112625
-0.097793
0.076074
0.106659
-0.183858
0.412138
0.137894
0.082845
-0.288568
0.023685
-0.017334
-0.237378
-0.196899
-0.037458
-0.242665
-0.265318
-0.075933
-0.121933
-0.418241
0.020199
-0.731234
-0.024750
-0.743589
-0.440912
-0.391794
-0.431963
-0.556112
-0.403028
-0.421969
0.019778
0.084908
-0.160540
0.512102
-0.055732
0.210795
0.125078
0.310889
0.186806
0.268908
-0.047647
0.207521
0.263915
0.214106
0.589449
0.390888
0.521761
0.637614
0.309704
0.203986
0.384557
-0.063064
0.722484
0.282700
0.278780
0.211468
-0.099223
0.306530
0.167634
-0.072165
-0.158177
-0.210039
-0.171402
-0.023063
0.001826
0.055263
-0.387554
-0.262749
-0.171365
-0.015281
-0.268083
-0.415427
-0.601442
-0.514040
-0.210308
-0.458001
-0.480757
0.161991
-0.008924
0.194327
0.116394
-0.125811
-0.274660
-0.246684
0.149069
-0.105642
-0.028869
0.387780
0.046513
0.065494
-0.134600
-0.080692
0.297983
-0.120609
0.133504
0.029945
-0.433377
-0.081880
-0.184300
0.213372
-0.181495
0.124918
-0.107298
-0.269502
0.025893
0.186460
-0.266961
-0.361488
0.151697
0.022353
-0.304036
0.306783
-0.021198
-0.111005
0.082943
0.203461
-0.162920
0.066315
-0.116476
0.137596
0.343470
0.044531
0.200934
-0.265475
-0.045425
-0.103387
-0.087273
-0.097942
0.028755
0.309087
-0.047257
-0.165546
0.129084
0.338584
0.167137
0.057798
-0.261414
0.396000
0.362932
0.175493
-0.221948
-0.357506
0.377485
0.103763
0.178714
-0.048941
-0.250393
0.004129
0.196448
0.183342
-0.192437
0.483367
-0.055881
0.233048
0.052319
0.024526
0.089467
0.090674
0.023917
0.213711
0.124299
0.085592
0.039814
-0.191948
-0.210420
-0.198661
0.069092
-0.285733
-0.093684
-0.000885
-0.485596
0.091864
0.247914
0.033621
0.071489
-0.245321
0.155921
-0.364265
0.041995
-0.061514
0.024631
0.239588
0.198329
0.140145
0.406320
-0.059480
0.111276
0.561746
0.019813
-0.006212
0.210446
-0.572931
0.297778
-0.151366
-0.447593
-0.352060
-0.274398
0.082379
0.000108
-0.198456
-0.122697
-0.077552
0.365998
-0.137150
-0.072622
-0.102274
0.270814
0.042638
-0.017296
0.276166
0.134867
0.133524
0.243826
0.042833
0.336763
0.140681
0.474209
0.031959
-0.014607
-0.279757
-0.033717
-0.428541
0.131020
-0.211103
0.030664
0.029533
0.054054
-0.143605
0.004923
0.383355
0.181079
0.164167
-0.243017
0.075971
-0.473196
-0.530236
-0.254420
-0.223417
-0.294339
0.262696
-0.294437
-0.439850
0.214270
-0.109692
0.219728
-0.162280
-0.108097
0.129289
0.057543
0.104603
0.043635
0.075153
0.070556
-0.242845
-0.419912
-0.018043
-0.199175
0.111387
0.075377
0.069155
-0.045551
-0.206192
0.178972
-0.250731
0.221493
0.147667
0.050407
0.143965
-0.080316
0.075670
0.121047
0.067541
0.128935
-0.094977
0.044838
-0.173685
0.263813
0.071006
-0.096878
0.103435
0.125492
0.187302
0.201048
0.324283
0.092546
0.011330
0.200773
0.073074
0.027647
-0.018847
-0.099319
-0.591920
-0.018176
-0.504726
-0.047364
0.361562
-0.285458
0.056975
-0.166160
-0.498311
0.062123
-0.190606
0.049591
0.114211
-0.182553
0.005459
-0.131689
0.433033
0.194760
0.479455
-0.053851
0.114210
-0.151026
0.096788
0.211360
0.275552
0.135535
0.082943
-0.351401
-0.025589
-0.001812
0.008709
-0.024094
0.100833
0.209475
-0.080704
0.176314
-0.373963
-0.085322
0.068534
-0.304517
-0.124779
-0.011139
-0.229212
0.170090
0.335335
0.246827
-0.082560
-0.102980
-0.257647
-0.148035
0.568199
0.188387
0.090454
-0.047562
0.409333
-0.181094
-0.071828
-0.238616
0.074334
-0.002450
0.361113
-0.268453
0.001582
-0.136241
-0.015578
0.034501
0.124330
0.180675
-0.006676
-0.283973
-0.202282
-0.080893
-0.471221
0.037225
0.159454
-0.166328
-0.121391
-0.007198
0.261012
0.251402
-0.249785
-0.381984
-0.061007
-0.260612
0.063966
0.166067
0.014214
-0.125962
-0.176274
-0.029041
0.139966
-0.195704
0.086287
-0.217642
-0.016596
-0.056339
-0.031186
0.121685
0.109922
-0.076892
-0.342399
-0.071940
0.387734
0.279208
0.045108
-0.011676
0.349110
-0.037747
0.390369
0.094122
0.422726
-0.210555
0.405497
-0.059048
0.076063
-0.074353
0.048591
0.159889
-0.143590
-0.180533
0.047308
0.078687
0.123056
0.043605
0.195306
0.124698
-0.104794
-0.030734
0.027122
-0.172832
0.211929
0.416575
-0.234817
0.042347
0.270348
-0.305710
0.470344
0.245676
-0.174748
-0.230691
-0.370965
-0.087681
0.034881
0.095718
-0.561311
0.147850
-0.348940
-0.022819
-0.172352
-0.371010
-0.018640
-0.050624
-0.149311
-0.314718
-0.040836
-0.072441
-0.128968
-0.176678
-0.012938
0.123725
0.000914
-0.148840
-0.301603
-0.319394
0.011273
-0.061357
-0.110506
-0.262645
-0.253651
0.372888
0.688452
-0.122670
0.245679
0.266970
-0.171933
-0.070067
-0.249641
-0.269170
0.132956
-0.205328
-0.220003
-0.094082
-0.146185
-0.305012
-0.129819
0.546374
0.170623
-0.332313
-0.106319
0.000401
-0.105951
0.029442
-0.088925
-0.109625
0.063534
-0.232761
-0.163173
0.052025
0.022189
0.206665
0.330814
0.242379
0.101361
0.520695
0.025264
0.664211
-0.039619
0.294937
0.084233
-0.256614
0.257739
0.466048
-0.144411
0.594012
-0.027880
-0.090465
-0.066595
0.164800
-0.022381
0.114478
-0.537818
-0.178101
0.123854
-0.060946
0.071204
0.280057
-0.139534
-0.159998
-0.023939
-0.006126
-0.185629
-0.053498
0.079573
-0.426161
-0.020600
0.084208
-0.286713
-0.003661
0.148088
-0.047643
0.231683
0.223684
-0.049460
-0.213244
0.340261
0.448199
-0.062928
0.024338
0.271574
0.145108
0.159034
0.090572
-0.095717
0.054932
-0.009963
0.123117
0.350944
0.150540
-0.021221
0.355343
-0.183130
-0.300078
-0.030144
0.032845
0.375510
0.223176
-0.065669
-0.186134
0.229802
0.085731
0.168793
0.398710
-0.260492
-0.247360
-0.362103
-0.163671
-0.508928
-0.165191
-0.162051
0.121292
-0.193712
-0.486992
-0.151640
0.043100
-0.459603
0.370691
-0.281333
-0.210152
0.155680
-0.112112
-0.087003
-0.272267
-0.214047
0.140868
0.175234
0.296178
-0.156309
0.230356
-0.097698
-0.342860
0.064584
0.189021
-0.382066
-0.043659
-0.013853
0.243599
0.121988
-0.168167
0.253233
0.145743
-0.113363
-0.450296
-0.121905
0.109618
-0.082543
0.303875
-0.503074
-0.084941
-0.341957
0.215831
-0.295194
0.202875
-0.097233
0.282808
-0.113496
0.290247
-0.052817
0.167547
-0.230680
0.145180
-0.071672
0.331289
0.081315
0.496873
-0.187211
-0.043461
0.261860
0.040573
-0.064037
-0.259924
-0.140367
-0.121584
0.161155
-0.470543
-0.003425
-0.306632
0.284476
0.076838
0.154187
0.065697
-0.064012
-0.190213
-0.078323
0.028379
0.099995
0.226951
0.138269
0.345503
-0.008758
-0.208486
0.007830
0.300950
-0.019128
0.266366
-0.010530
-0.020148
0.062919
0.347797
0.138215
-0.014655
-0.032272
0.213133
-0.141347
-0.123560
-0.049465
0.446191
0.337072
0.191499
-0.020809
-0.108680
0.343912
0.017496
0.027972
0.031787
-0.338579
-0.281658
-0.124708
-0.116821
-0.112184
0.461871
-0.298314
-0.085734
-0.107014
-0.240778
-0.012497
0.269869
0.347044
0.080633
-0.316516
0.146076
-0.048360
-0.118006
0.211462
0.021973
-0.052314
-0.081045
0.009072
-0.060624
0.145465
-0.053957
0.138675
-0.097394
-0.051741
-0.359372
0.560646
0.000760
0.071695
0.104536
0.012940
-0.318220
0.040514
-0.127923
-0.064383
0.007593
-0.285859
-0.024573
0.184854
-0.127349
-0.042824
-0.119659
-0.077315
-0.000236
-0.232043
-0.248726
0.091787
0.250082
0.252465
0.052168
0.142822
-0.062882
-0.225179
0.329197
0.287105
0.092182
0.012873
-0.040465
-0.082469
0.062707
0.287907
-0.068101
0.290600
-0.247869
0.070543
-0.190312
-0.207884
-0.207352
0.162087
0.139277
0.117500
0.006808
0.186184
0.355455
0.360516
0.044145
0.583323
0.134488
0.208319
0.279807
-0.081499
0.032753
0.397178
0.168714
0.543742
-0.027401
0.090396
0.374012
0.051438
-0.158565
0.104789
-0.146402
-0.064020
0.021155
0.345389
0.217172
-0.602563
0.054946
0.260648
-0.115060
-0.058623
0.313647
-0.063413
-0.248698
-0.020824
-0.103998
-0.099036
-0.112201
-0.019420
0.068708
0.193935
-0.067616
0.151706
-0.400055
0.009538
0.102385
-0.265210
-0.060550
0.159786
-0.009701
0.215591
-0.024561
-0.059679
0.023316
0.011817
-0.113184
-0.090853
0.391077
0.075436
0.404589
0.329265
-0.167852
-0.440712
-0.270433
-0.391351
-0.061896
0.041762
-0.215162
-0.198832
-0.344557
-0.081677
0.196586
-0.269132
0.063827
-0.019237
-0.087139
0.106416
-0.280694
-0.215624
-0.192814
-0.095456
-0.133501
0.228546
-0.292804
0.127430
-0.016469
-0.018817
0.090663
0.296747
-0.004087
0.110353
0.170945
0.013176
-0.031924
-0.270623
0.337547
0.070451
-0.260771
-0.048698
0.132084
0.083021
0.117113
0.166975
0.076435
-0.174550
0.379202
0.170022
-0.232611
0.056404
-0.033703
-0.142893
-0.149466
-0.104001
0.367186
-0.077082
0.105815
0.110578
0.402270
-0.347909
-0.353939
-0.192018
-0.150610
-0.129322
-0.181356
0.241034
0.026647
0.025132
0.365406
0.391797
-0.165017
0.070291
-0.438483
-0.247980
-0.264193
-0.030988
0.159544
0.262495
0.200524
-0.341692
-0.213361
-0.161239
-0.116169
-0.206868
-0.121392
0.008053
-0.057105
-0.287521
-0.300661
-0.428251
-0.290023
0.024746
0.048793
-0.201461
-0.014780
-0.142704
-0.197342
-0.196365
-0.286195
-0.277478
0.090933
0.066179
0.061488
0.280939
0.571505
0.255877
0.317804
0.151549
-0.176142
-0.170217
0.013102
-0.170940
0.085678
0.193615
0.067957
-0.503108
-0.033969
-0.333511
0.325511
-0.254050
-0.269373
0.028531
0.284380
-0.315878
0.240214
0.155170
0.278740
0.047287
-0.309427
0.104265
-0.221575
-0.154592
0.005558
0.125515
0.067965
0.195308
0.193569
0.315788
0.081078
-0.093311
0.221001
0.116630
-0.424844
-0.093635
0.195355
-0.173826
-0.516442
-0.073114
0.144726
-0.008319
-0.277197
-0.192462
0.057118
0.022748
-0.133641
-0.353729
0.109051
-0.140621
0.400047
0.042525
-0.315919
0.202781
-0.165901
0.494151
0.166928
-0.047283
-0.114740
0.213865
0.335148
0.386971
0.008072
0.007774
0.005444
-0.209796
-0.270112
0.183327
0.205260
0.032588
-0.321179
0.092650
0.272489
-0.039475
0.321588
0.077277
-0.138022
0.103079
-0.362922
-0.198814
0.402997
0.080545
0.156703
-0.171484
-0.269412
-0.011837
-0.277383
-0.263307
0.105267
0.632347
-0.086062
-0.152920
0.165461
0.001974
-0.135138
0.074639
0.134708
0.214806
-0.171154
0.015175
-0.146708
0.172537
-0.003962
0.224337
0.007810
0.636134
-0.130792
0.256309
-0.188658
0.279213
-0.133100
0.222069
0.024357
-0.226860
-0.019016
0.124356
-0.015777
-0.083586
0.277875
0.429292
-0.026149
0.205568
-0.190655
0.196719
-0.336663
-0.104176
0.044998
0.241976
0.045943
0.330421
-0.266789
0.329356
0.109168
0.107535
-0.079322
0.111070
-0.203810
-0.108644
-0.076495
-0.191212
-0.298363
-0.180325
-0.057437
-0.101322
0.049669
-0.144728
0.536657
0.183116
-0.016871
0.214550
0.003175
0.137717
-0.031335
-0.385757
-0.328853
-0.177309
0.006492
-0.242680
-0.083243
0.041597
0.283335
0.021933
-0.114916
0.068274
-0.118032
-0.179301
-0.101570
0.235596
-0.004065
0.017508
-0.157753
0.012728
0.095117
-0.130226
0.680874
-0.436400
-0.203766
0.443867
-0.086362
0.179519
0.015963
0.049180
-0.187321
0.021827
0.079075
0.096162
0.018469
-0.116862
-0.058588
0.267773
0.034605
0.304912
0.084782
-0.128884
0.280053
-0.097623
-0.028947
0.278417
-0.064402
0.071484
-0.057270
-0.120836
-0.432673
0.336792
-0.134621
0.342439
0.076453
-0.233713
0.169101
0.259019
-0.230862
0.077988
0.028895
0.241097
-0.314200
0.395601
-0.211893
-0.187097
0.025693
0.009690
-0.129113
0.384879
-0.191072
0.087080
0.046290
-0.208988
0.099521
0.171269
0.252673
0.176407
-0.095122
0.459274
-0.265109
0.154226
-0.199201
-0.287853
-0.023656
-0.003378
0.021336
0.239917
-0.064123
-0.071232
-0.213832
-0.147535
0.312655
-0.004768
-0.319634
0.235513
0.177037
-0.161153
-0.038553
0.087321
-0.065956
-0.046787
-0.091985
-0.167685
-0.021705
-0.000441
0.086362
-0.232877
0.209812
0.021958
0.196182
0.132147
-0.491537
-0.321488
0.212435
-0.177390
0.323403
-0.061379
0.284336
0.565468
0.135396
-0.086084
0.042055
-0.051221
0.177419
0.322460
0.033474
-0.059921
-0.144668
-0.027916
0.012252
-0.038858
-0.125825
0.286593
-0.038918
0.454942
0.072450
-0.021448
0.094991
0.133687
-0.010730
-0.070860
-0.128347
-0.138224
-0.015009
-0.000985
-0.406505
-0.050458
0.160930
-0.367736
-0.188652
-0.116811
0.001553
0.036554
-0.426696
0.137956
-0.207942
0.222924
0.250970
-0.542758
0.256173
-0.138660
0.019439
-0.483130
0.263223
0.513277
0.182878
0.066750
-0.155947
0.113018
0.185801
0.265389
-0.021388
0.001689
0.094055
-0.150322
-0.063417
-0.218885
-0.279873
-0.048638
0.184897
0.129099
0.238240
0.300101
-0.263717
-0.207375
-0.303974
0.054822
0.094596
-0.380215
-0.117726
0.314915
0.338996
0.122279
-0.128342
-0.116552
0.116116
0.136929
-0.066673
0.130634
0.049728
0.455300
-0.006421
0.236881
-0.224839
0.346305
0.258724
-0.153983
0.093198
-0.157823
-0.419008
0.064111
-0.225733
0.093431
-0.029967
0.259616
-0.093570
0.114243
-0.141743
0.136767
-0.248433
0.132538
-0.408957
-0.201377
-0.547444
-0.132652
-0.159953
-0.132655
-0.241881
-0.408875
0.139232
-0.259758
0.319408
-0.226046
0.017609
0.048339
-0.033584
-0.090217
0.220488
-0.023212
-0.070766
0.504884
0.290572
-0.209199
0.226982
-0.063061
0.226517
0.100683
-0.457439
-0.124379
-0.129066
-0.140615
-0.106095
0.205764
0.327471
-0.474674
0.002326
0.149437
-0.240809
-0.329391
-0.403355
-0.303647
0.425684
-0.014269
-0.094214
0.064319
-0.528880
0.117311
-0.050694
0.032225
-0.127939
-0.118086
-0.213287
0.012307
-0.166601
0.076596
-0.176609
-0.054696
-0.012706
0.119680
-0.046537
0.265807
0.060647
-0.216630
-0.571815
0.333056
-0.121625
-0.357489
0.194200
0.023970
0.035462
0.206686
0.184925
-0.304160
-0.076568
-0.311386
-0.152473
-0.174168
0.128436
-0.260887
-0.014037
0.131811
0.392841
0.092612
0.060271
-0.484386
-0.120781
-0.156124
-0.048485
0.097164
-0.244211
0.147488
-0.027313
-0.313070
-0.013863
-0.202251
0.380636
-0.027996
0.158382
0.063797
-0.078283
0.152583
0.093796
-0.340052
-0.418110
0.018057
-0.131301
0.045659
0.324114
-0.375251
0.114923
-0.144904
-0.238823
-0.050663
-0.064554
-0.064151
0.056553
-0.432124
0.007405
0.092921
-0.110865
-0.419574
0.340209
0.554178
-0.353082
-0.076601
-0.007771
0.054071
0.015063
-0.325708
-0.141159
-0.280260
-0.127936
-0.188238
0.309515
-0.111328
0.113252
0.031948
0.059321
-0.060890
0.148221
-0.437117
-0.084471
-0.252858
0.134188
-0.122006
0.315671
0.032784
-0.097393
-0.124347
-0.046927
0.145474
0.014115
0.083016
-0.020555
0.432539
-0.523120
-0.027795
0.032679
0.044086
-0.242818
-0.079356
0.173576
0.279197
0.090451
-0.304061
-0.027214
-0.241779
-0.254406
-0.426487
-0.238568
0.042553
-0.156928
-0.175657
-0.182717
0.227741
0.094941
0.069651
-0.340186
-0.225390
-0.248248
-0.173035
0.233654
0.272203
0.066876
0.035345
0.003348
0.077077
0.192847
-0.057194
0.043608
-0.292568
-0.288362
0.462871
-0.159510
-0.161166
-0.146956
-0.111823
-0.011502
0.119658
-0.053275
0.058718
0.352441
0.070159
-0.011992
-0.411163
0.277768
-0.005898
0.579801
0.006705
0.272070
-0.089946
0.117821
-0.001492
-0.134408
0.325304
-0.286005
-0.075520
-0.001217
0.054962
0.278242
-0.036510
0.159995
-0.243540
0.248165
0.106275
0.208058
-0.378497
-0.130787
-0.035217
-0.359412
0.307842
-0.445938
-0.396826
-0.096937
0.017352
-0.021783
-0.135810
-0.168592
0.074448
-0.210714
-0.099812
-0.026554
0.210940
0.150725
-0.206954
-0.295184
-0.154972
0.190502
0.214608
0.228448
-0.092932
-0.046671
0.116692
-0.124561
0.106284
-0.038821
0.059379
-0.226488
-0.087866
0.211143
0.068475
0.288152
-0.305968
-0.074850
-0.148329
-0.554902
0.102818
-0.027885
0.114083
-0.332767
-0.163734
-0.322935
0.226152
-0.223753
0.274359
0.132546
-0.390375
0.252855
-0.113490
0.319766
-0.132280
-0.316178
0.195717
-0.059723
-0.086032
0.121995
-0.482561
0.256021
-0.122623
0.090231
-0.176900
0.197455
0.115870
-0.198273
-0.119835
-0.143245
-0.061220
0.031765
-0.018078
0.217763
-0.221912
-0.157266
0.041637
-0.195093
-0.137244
-0.053071
0.080272
0.436806
0.140536
0.260183
-0.311871
-0.298515
0.111075
-0.111115
-0.145776
0.142259
-0.134794
-0.333765
-0.399113
-0.225956
-0.282839
-0.298162
0.258471
-0.640585
-0.160490
-0.224714
0.116343
0.082109
-0.060856
0.239534
-0.361221
0.300981
0.116001
0.121629
0.125138
-0.011090
-0.090269
-0.107906
0.099116
-0.207793
0.061211
0.150847
0.056640
-0.228476
0.177839
0.002655
-0.047437
0.491372
0.467792
0.119113
0.107155
0.347059
-0.230215
0.135151
0.203754
-0.203069
0.075859
-0.202048
-0.045740
0.334949
-0.037617
-0.158798
-0.011073
0.134928
-0.021977
-0.363546
0.211201
-0.073193
-0.129216
0.151918
-0.241095
0.681911
-0.009894
0.146844
0.315549
0.108367
-0.127642
0.060632
0.151224
0.115168
0.127366
0.104356
0.041102
-0.255486
0.107621
-0.001770
0.272431
0.163988
0.288086
-0.236517
-0.252509
0.082029
-0.309314
-0.142184
0.252931
0.650505
-0.136785
0.215845
-0.245448
0.009334
0.145038
-0.707156
0.068772
0.103264
-0.073970
-0.323222
0.096002
0.304815
0.068671
0.028476
-0.133425
0.028061
0.075187
0.062216
0.357011
-0.155356
0.167984
0.040948
0.099615
-0.270573
-0.019513
0.186855
0.278827
0.358168
0.215510
-0.008069
-0.231779
0.171946
0.064248
-0.465394
-0.245342
-0.123348
-0.100429
-0.042683
-0.061948
0.344309
0.195046
-0.114514
0.035043
-0.189177
-0.131059
0.226566
0.128671
-0.244994
-0.220413
-0.179335
0.164831
0.128141
0.240125
0.038439
0.072686
-0.452661
-0.130436
0.476926
-0.135348
0.116945
0.262692
0.067290
-0.236966
-0.133823
-0.169340
-0.133916
-0.062557
0.431854
0.110759
-0.362266
0.252802
0.129607
0.288651
-0.439437
-0.277099
-0.118593
0.146217
-0.125260
-0.178639
-0.059047
-0.142734
-0.059687
0.054729
0.091191
0.221029
-0.501700
-0.253659
0.366246
-0.138835
0.300423
0.008706
-0.189460
0.167545
0.138663
-0.080442
0.021369
0.254827
0.004132
-0.425627
-0.434577
0.076480
0.253662
0.026757
-0.456641
0.023748
-0.006916
0.095928
-0.078723
-0.210984
-0.196901
-0.181654
0.242314
-0.137181
0.065129
-0.424180
-0.216701
-0.555595
-0.161395
0.114434
0.066823
0.111763
-0.021177
0.102203
-0.323163
-0.394371
-0.105694
0.195110
-0.301204
-0.057080
0.417245
-0.189467
0.129239
0.191699
-0.093288
0.367778
0.209581
-0.292083
-0.028010
-0.202392
-0.334277
-0.123589
0.111949
-0.278340
-0.296395
-0.320088
0.305949
-0.349891
0.036161
0.175831
0.015837
0.123656
0.118594
-0.127447
0.354814
-0.033209
0.118196
0.113506
0.058089
0.046140
0.142556
-0.068151
-0.236610
0.041335
-0.123362
0.021119
0.219098
0.205535
0.122505
0.292796
-0.220334
-0.270037
-0.091296
0.061144
-0.239822
0.156564
-0.310311
0.019880
0.042853
-0.221881
0.032091
-0.192844
-0.217638
-0.051705
0.081363
0.272000
-0.300170
-0.234690
0.009077
0.395145
-0.118577
0.026728
-0.114016
-0.058357
0.307327
0.111972
0.031953
-0.146070
0.032505
-0.193369
0.253851
0.333101
-0.299230
0.149010
-0.020043
-0.036182
0.242304
-0.045882
-0.363379
-0.141653
-0.168376
-0.123301
-0.355304
-0.596547
0.132308
-0.015670
0.074961
0.168462
-0.067013
0.382905
0.148504
-0.550734
0.244841
0.329726
-0.181204
-0.216235
0.115935
-0.050830
0.276778
0.132732
-0.049086
0.000545
0.368049
-0.240736
-0.118203
-0.098232
0.069843
0.035393
-0.207087
-0.291300
0.294189
-0.112485
0.029761
0.082110
-0.089840
0.258004
-0.236622
0.031996
0.074535
0.000148
-0.000189
-0.042993
0.200545
-0.045766
0.329603
-0.295548
-0.557395
-0.015592
0.236699
0.030414
-0.127737
-0.241841
0.035007
-0.516511
-0.204167
0.140230
-0.020617
-0.044631
0.245213
0.188480
-0.226248
-0.204668
-0.339736
-0.366283
0.254357
0.079296
-0.225900
-0.295914
-0.173883
-0.018312
0.362346
0.126505
0.007895
-0.115030
0.023804
0.160023
-0.366777
-0.233480
-0.229533
0.019909
0.070945
-0.132641
-0.276331
-0.002431
-0.086119
0.029835
0.259322
-0.263667
0.202071
-0.316577
0.126520
-0.175407
-0.293896
-0.046070
-0.103031
0.121629
-0.012023
-0.196197
0.031559
-0.114404
-0.058081
-0.266606
0.056174
-0.355517
-0.160319
-0.036991
-0.026417
0.077337
0.223446
-0.056281
-0.288354
-0.004487
-0.207192
0.122255
0.190643
0.037853
-0.035111
-0.001543
0.016519
-0.035942
-0.248048
0.012593
-0.214177
0.184347
-0.010353
0.140803
0.243974
-0.028895
0.329632
0.498890
-0.159134
0.058265
0.052810
-0.015659
0.241194
0.308564
0.045675
0.087425
-0.000026
0.052880
-0.112311
0.143291
0.202509
0.206921
0.014768
-0.083084
-0.197105
0.248193
-0.162795
-0.228691
0.113252
0.182478
0.133581
0.015689
-0.198997
-0.053732
0.137129
0.256838
0.077003
0.541850
0.305759
-0.204653
-0.150830
-0.056774
0.107736
-0.271556
-0.159536
-0.140965
0.031534
-0.282443
-0.134948
-0.017723
-0.273367
0.009341
0.377026
0.198146
-0.052378
0.102417
-0.018721
-0.325134
0.057918
0.197314
0.041311
0.557423
0.011354
-0.033096
0.170160
-0.038407
0.259887
0.156342
-0.096975
-0.072360
0.031354
0.282711
-0.296498
-0.399619
0.153070
0.121961
0.177990
-0.203724
0.081741
0.062858
-0.210834
-0.261436
-0.129159
-0.159738
0.213693
0.181558
-0.215975
0.031242
0.038471
0.002402
-0.078492
-0.202528
-0.120527
-0.113859
-0.084383
0.191137
0.130128
0.150835
0.278363
-0.416496
-0.188667
-0.310842
0.386969
-0.257814
0.040131
0.185420
0.327832
-0.088195
0.092654
-0.046481
-0.107528
0.257566
-0.153887
0.130573
0.095501
0.140120
0.282800
0.062965
0.259655
0.214138
0.039162
-0.019660
0.314777
-0.014402
0.349453
0.221719
-0.161243
-0.240165
0.188790
-0.359896
0.137039
0.254713
0.034292
0.204172
0.574827
-0.032812
0.429833
0.165072
0.019301
-0.208208
-0.106066
0.273097
-0.109013
-0.211166
-0.049022
-0.070673
-0.276994
-0.293455
0.611912
0.155033
-0.179922
0.065357
-0.460097
0.085909
0.052931
0.138132
-0.300060
-0.054029
-0.008325
0.018458
0.016136
0.017757
0.240267
-0.029773
0.195532
0.042982
0.110676
-0.082388
0.207205
-0.033458
-0.282607
0.694272
-0.049577
-0.119270
0.014276
0.117686
-0.033769
0.181675
-0.480091
-0.054086
-0.086342
0.311185
-0.034739
-0.029013
0.074347
0.149718
0.040031
0.011047
-0.139016
-0.160215
0.247090
-0.407970
0.304241
-0.001661
0.292400
0.068712
-0.474405
-0.054292
-0.006223
0.110926
0.153910
0.460310
-0.213389
-0.150896
-0.010647
-0.415892
0.224200
0.032395
-0.206090
0.072838
0.266484
-0.038773
0.240885
-0.361956
0.061967
-0.136957
0.847441
-0.362214
-0.154843
0.065557
-0.040222
-0.306909
0.085793
-0.242236
0.203443
-0.191296
-0.084063
0.023662
-0.009133
-0.061972
0.127436
-0.138278
0.202023
0.068573
-0.163005
0.028886
-0.260490
0.300840
-0.212908
-0.027410
0.099722
0.020160
0.253313
0.388983
0.081345
-0.347262
0.480166
0.589672
-0.004532
-0.690616
0.126386
-0.263366
0.076289
-0.057759
0.021301
-0.310077
-0.018636
-0.186764
0.146308
-0.103120
0.030637
-0.096905
0.127077
-0.248981
-0.065952
0.235081
0.224128
0.183766
-0.190736
0.265151
-0.113095
0.508287
0.255900
-0.265056
0.380661
0.446812
0.055536
-0.180489
-0.244013
0.295801
-0.263303
0.052472
0.276647
0.093813
-0.060541
0.190892
-0.252207
-0.136276
-0.273016
0.182611
0.183319
-0.164941
0.118777
0.072103
0.058680
-0.113868
-0.146850
-0.481358
-0.523066
0.135040
0.246368
-0.107504
-0.000603
-0.024289
0.307619
-0.043641
-0.200098
-0.058440
-0.088924
0.174251
0.111487
-0.197710
-0.287993
-0.115004
-0.024094
0.200851
0.322594
0.159498
0.187161
-0.491606
-0.166623
-0.354619
-0.251070
-0.112845
-0.255416
0.238966
0.392744
-0.320774
-0.081479
-0.231600
0.061735
-0.329614
-0.158548
-0.023688
0.048427
0.067249
-0.016717
-0.174971
-0.262747
-0.141285
-0.081926
0.144233
0.056124
0.041015
-0.118640
-0.248330
0.216407
0.326090
-0.118813
-0.046775
-0.097061
-0.050170
-0.371087
-0.143690
0.099462
0.095415
-0.270126
-0.265073
-0.077197
0.175957
-0.014588
0.085361
0.169886
0.452206
-0.228163
-0.144348
0.224606
-0.148405
0.057244
-0.048753
0.011012
-0.020206
0.164670
-0.080628
0.169265
-0.516572
-0.400835
-0.042502
-0.186582
0.234101
0.034575
0.070716
0.063610
-0.077055
0.144889
0.444448
-0.089357
-0.363380
0.084192
-0.189465
-0.209083
-0.303710
0.152569
-0.186570
-0.144702
-0.104242
-0.070324
-0.375475
-0.194491
-0.288935
-0.071855
0.186904
0.013729
0.205827
0.210210
0.181957
0.100974
0.006602
0.319680
0.251716
-0.225273
0.002172
-0.218729
0.256423
-0.039488
0.116517
-0.448888
-0.046239
-0.098938
0.257468
0.118662
-0.100756
0.344838
-0.324827
0.148666
-0.085093
0.061144
-0.085659
0.029267
-0.076374
-0.047580
-0.070818
-0.048270
-0.068105
-0.304792
0.070126
-0.050238
0.487702
0.117671
0.013565
0.297312
-0.214555
0.209708
0.116742
-0.199385
-0.265219
-0.129711
-0.406958
0.130880
-0.040211
0.008501
-0.124300
-0.157604
0.097413
-0.229027
-0.137749
-0.184286
0.131499
0.250880
-0.175319
-0.069224
-0.062954
-0.150916
0.290960
0.110758
0.033311
0.142996
-0.084126
0.269233
0.106989
-0.086222
0.138227
-0.214700
0.162041
