-0.051974
0.422852
-0.837671
-0.195328
0.112207
0.478860
-0.044095
-0.627016
0.044272
0.169672
-0.037789
-0.183444
-0.324115
0.142114
0.382751
-0.109157
0.046174
0.049870
-0.304119
-0.108863
0.455095
0.137410
-0.204917
0.034318
-0.139075
-0.295646
-0.294383
-0.154453
0.244185
0.041071
0.091663
0.373632
-0.540931
-0.066672
0.333587
-0.093602
-0.180688
-0.234214
0.000143
-0.184573
0.230144
0.349323
-0.049250
0.600437
0.087028
0.010444
-0.136573
-0.443034
0.026943
0.236516
-0.033355
-0.030359
-0.023490
-0.296786
0.060540
0.188650
-0.032449
-0.614208
0.023404
-0.171228
-0.010914
-0.384747
-0.072995
-0.371959
-0.130210
-0.173868
0.180642
-0.375347
-0.133735
-0.019827
-0.153464
0.221056
-0.412491
0.025617
0.051315
0.515379
-0.875767
-0.283157
-0.185593
-0.219723
-0.144789
0.098262
0.201482
-0.177060
-0.216573
-0.253460
0.022921
-0.039319
0.094990
-0.051604
-0.261974
0.119137
-0.290597
0.084081
-0.357767
-0.043594
0.131041
-0.063238
0.067459
-0.219468
0.108978
-0.322630
0.355634
-0.348395
0.087400
-0.138529
0.316076
-0.065007
0.154314
0.210662
0.190713
0.284129
-0.036950
0.197096
0.093389
0.512719
-0.166489
0.355056
0.130355
-0.000658
0.131549
-0.025184
0.267438
0.306203
0.169935
0.413644
-0.401932
-0.030900
0.178764
-0.305372
0.523068
0.311198
-0.083250
0.052264
0.462079
-0.145647
-0.177115
0.226632
-0.030571
0.130715
0.622073
0.221771
-0.163307
-0.057131
0.094744
0.595045
0.025368
0.211892
-0.309137
-0.225560
0.201321
-0.328086
-0.034726
0.127048
-0.721349
0.079586
0.476690
-0.260980
0.391124
0.160834
-0.001267
0.180676
-0.145833
0.062605
0.282319
0.022646
0.107536
0.155363
-0.096292
0.300650
-0.319606
0.146840
-0.086798
-0.180851
-0.187692
0.257148
0.224533
0.299833
-0.073981
0.321580
0.188288
-0.118947
-0.044295
0.065208
-0.429826
0.123531
-0.063694
0.270493
0.140119
0.238147
0.067453
-0.211961
-0.043760
-0.115018
-0.024059
-0.394101
0.190150
-0.223656
-0.122015
-0.082790
-0.229526
-0.103411
0.017592
0.406456
-0.185257
-0.369115
-0.425737
-0.223087
0.346798
0.344650
0.113058
-0.310692
-0.343751
0.409080
0.029649
-0.085998
-0.176653
-0.213384
-0.037211
-0.198222
-0.109608
-0.154931
-0.497265
-0.189406
0.153429
0.088834
-0.167975
-0.174831
-0.055420
-0.165802
-0.606461
-0.257268
-0.494331
0.168051
0.175906
0.291184
0.276887
-0.447655
0.259925
-0.467799
-0.024543
-0.004902
-0.293288
0.184245
-0.031779
0.476714
-0.064424
0.095230
0.291697
-0.052272
0.102503
0.000996
-0.079049
0.435106
-0.033772
-0.302822
-0.274112
-0.217086
0.075826
0.089566
0.053037
-0.477285
-0.442436
-0.356311
-0.305879
-0.037207
-0.029873
0.095667
-0.009092
0.022773
0.113633
-0.121611
-0.061867
-0.718104
-0.084382
0.346346
-0.296708
0.096916
0.111040
-0.121640
0.421470
0.384009
0.039682
0.349282
0.292648
-0.122638
0.198000
-0.248003
-0.523631
0.324328
-0.189829
-0.091111
-0.079894
-0.378056
-0.582503
0.005679
-0.137675
0.146138
0.068626
0.151403
-0.020531
-0.096054
0.395211
0.070924
0.151548
0.163388
-0.422598
-0.144988
-0.065225
-0.155135
-0.062095
0.312712
-0.020987
-0.046608
0.026836
-0.077219
-0.333195
-0.053753
-0.259067
0.304533
-0.490723
0.185435
-0.116231
-0.086688
-0.104347
0.465497
-0.130325
0.330127
-0.245806
0.024968
0.069050
0.296623
-0.086304
-0.000348
-0.022287
-0.338098
-0.181609
-0.167060
-0.006301
0.368780
-0.080834
-0.116913
-0.424870
-0.418031
-0.076684
-0.008709
0.192479
0.012829
0.304249
-0.018101
0.006413
-0.730127
-0.454372
-0.079772
0.240726
-0.203618
-0.273438
-0.399763
0.154251
0.014303
0.158091
0.014338
0.144817
-0.053435
0.158363
0.427858
-0.026911
0.530346
0.203527
0.287070
-0.124148
-0.301008
0.074219
-0.559263
-0.222444
-0.308435
0.075900
-0.091057
-0.111850
-0.019951
-0.040904
0.220226
0.237085
0.023164
-0.318635
0.016196
-0.085705
-0.070950
-0.219345
-0.082683
0.055691
0.024127
-0.178343
-0.113884
0.266910
0.278594
0.184706
0.029707
-0.620181
-0.103902
0.242645
-0.240149
-0.331131
0.244846
0.177723
-0.451550
-0.318148
-0.136628
0.357067
0.468993
0.075062
-0.170879
0.510450
0.414012
-0.110101
0.078002
0.280801
0.437555
0.604979
-0.118293
0.003425
0.034792
0.241073
-0.366202
0.055447
-0.228819
-0.105512
0.398430
-0.012223
-0.133715
0.020657
-0.197416
0.262483
0.152219
0.061122
0.145230
-0.447316
0.075081
-0.305526
0.086065
0.102855
0.070531
0.317939
-0.168839
-0.218457
0.209858
-0.187047
-0.210877
-0.086619
0.102804
-0.531417
-0.025321
0.186222
0.110061
-0.538700
-0.014858
-0.057747
0.218293
0.151675
-0.103910
-0.270620
0.214824
0.227870
-0.130152
-0.090791
0.438061
-0.090831
0.119282
0.134263
0.260848
-0.131337
0.238364
-0.348706
-0.142774
-0.355850
0.167356
0.195422
-0.087659
0.061219
0.107595
-0.358327
-0.089360
0.154910
-0.251418
0.161346
-0.437594
0.157519
0.044867
0.183620
-0.080046
0.073373
0.360583
-0.136425
0.315680
0.132765
-0.316905
0.063725
-0.072220
-0.347856
0.171916
-0.128911
-0.119869
0.113455
-0.075165
-0.021931
-0.182084
-0.158762
-0.028361
0.045321
0.121052
-0.512973
0.180162
-0.492222
-0.206949
-0.111035
-0.288633
0.290064
-0.342147
0.110508
0.022092
-0.332097
-0.121443
-0.269933
0.060673
0.161376
0.018271
0.052052
0.107177
-0.367648
0.481837
0.106356
-0.267480
0.070505
-0.166950
-0.147334
-0.209239
-0.007399
0.216613
-0.243194
0.304906
0.058597
-0.281143
-0.366489
-0.278220
0.413550
-0.293076
0.261185
-0.202788
-0.750379
-0.373700
-0.251649
0.274269
-0.572475
-0.415097
-0.056860
0.112051
0.321781
0.033948
-0.186372
-0.074065
-0.501047
-0.237727
-0.060145
0.281979
0.338811
0.060374
0.395037
-0.031414
-0.250292
0.120593
0.041915
-0.049404
0.608449
-0.317175
0.061883
-0.146906
0.055097
-0.091058
-0.148554
0.338317
-0.019002
0.194800
0.158019
0.396106
0.467847
-0.324710
0.063951
-0.153197
-0.225941
0.086511
-0.135043
0.048410
-0.169243
0.105378
-0.455959
0.051403
-0.087800
-0.293460
0.165657
0.048064
0.215929
0.247363
-0.193665
-0.232539
-0.246371
-0.171073
0.091647
0.267995
-0.232177
-0.418534
0.067118
0.068283
0.261422
0.363710
-0.005782
-0.181523
0.034549
0.078253
0.114794
0.092038
0.090469
0.200890
0.416690
0.795422
-0.226333
0.271584
0.340229
-0.108568
-0.287127
-0.725985
-0.180696
-0.173479
0.147938
-0.009582
0.566501
-0.242147
-0.284094
0.140520
-0.565322
0.012544
-0.076195
-0.225239
-0.243899
-0.235302
0.394030
-0.324338
-0.213449
-0.160132
-0.191426
-0.072356
0.329908
-0.225975
0.009739
0.065168
-0.270849
0.125255
-0.042397
0.047020
-0.188235
0.326941
0.007711
-0.757188
0.358914
-0.061458
0.019550
-0.139033
-0.244884
0.842167
-0.092344
-0.169775
-0.158524
-0.056912
0.034498
-0.131219
0.468191
0.154188
-0.028385
-0.033543
0.096612
-0.412208
-0.719596
-0.189866
-0.007137
0.182751
0.076547
-0.043563
-0.235173
-0.119543
0.013200
0.042440
0.172100
-0.189772
-0.194547
-0.107424
-0.253904
-0.354229
0.306192
-0.365979
-0.101539
-0.055367
0.162527
0.165757
-0.343622
0.162550
-0.413753
0.096320
0.055297
0.183130
0.091733
0.175112
-0.174518
0.385242
0.224722
0.180579
-0.397197
-0.332330
0.416915
0.235779
0.161821
0.425824
-0.252977
-0.100245
-0.258839
0.504319
-0.302371
0.051794
-0.140682
-0.119022
-0.318138
0.077030
-0.124199
0.007954
0.135786
0.126408
-0.088731
0.282040
0.007991
0.019249
0.266767
0.178735
0.205681
0.117297
0.088375
-0.563155
-0.046531
0.067679
0.220561
-0.373885
-0.084365
-0.381517
0.361757
-0.159469
0.210311
-0.314953
-0.363354
0.305659
-0.384441
-0.328247
0.428216
-0.023950
0.268460
0.238756
-0.108432
-0.098310
-0.000621
0.224933
-0.106199
0.410827
0.209429
0.186435
0.129716
-0.485364
0.300504
0.238275
-0.282476
0.360610
-0.067772
0.129679
-0.161927
-0.090552
0.424260
0.193770
0.157072
-0.254175
0.129890
0.207646
0.355963
-0.011218
-0.016475
0.155233
-0.060087
-0.020330
-0.102029
-0.276849
0.303567
0.328394
0.293580
-0.348764
0.078109
-0.388628
0.091139
-0.302806
-0.024034
0.185405
0.419684
-0.106610
0.315251
-0.025029
0.035022
-0.029542
0.550405
0.060241
0.578318
0.056965
0.364111
-0.150140
-0.208667
-0.192338
-0.264999
-0.119193
-0.146430
-0.456988
-0.232321
0.031751
-0.129691
-0.198001
-0.005110
-0.275360
0.477582
-0.444569
-0.056223
0.226562
-0.121581
0.158810
-0.022668
0.012357
-0.099757
-0.431458
-0.064716
0.033670
0.200978
-0.146623
0.156195
0.077164
0.020443
0.106609
-0.222656
0.234450
0.591696
0.036693
-0.757358
0.011063
0.610489
0.007002
-0.442848
-0.389159
0.144682
0.395939
0.319834
0.114752
0.460863
0.181949
-0.085514
0.414852
-0.104286
0.178121
-0.178616
0.301295
0.523743
-0.507311
-0.121044
-0.037014
0.142365
-0.356470
-0.195307
-0.518286
-0.057103
0.176990
-0.037148
0.349315
-0.263317
-0.052086
0.157456
0.075315
0.481347
0.394500
-0.246925
0.128152
-0.042051
0.160196
-0.155940
-0.025553
0.520758
0.456758
-0.171478
-0.324866
0.073071
0.346238
0.221334
0.204526
-0.043983
0.170748
-0.312588
-0.026874
0.433373
-0.091869
0.142345
-0.492928
-0.141876
0.108439
-0.022433
0.161014
0.175176
0.172560
0.124817
-0.131548
-0.039886
-0.270507
-0.373796
0.005063
0.286280
-0.516232
-0.069105
0.065641
-0.017599
-0.123980
0.240715
0.015926
0.438980
-0.167242
0.129756
0.460954
-0.099093
-0.324887
0.181706
-0.276839
0.054359
0.129373
0.043877
-0.340440
-0.152709
-0.083888
0.620036
0.056654
0.085529
-0.239336
-0.089144
-0.116722
0.359807
-0.164971
-0.453084
0.055708
-0.316488
-0.582274
0.031584
-0.171874
-0.335904
0.277318
0.050733
0.191034
0.208537
-0.128979
-0.260878
-0.132242
0.396221
-0.053338
-0.070056
-0.580579
0.267630
0.336709
-0.506416
0.419113
0.133239
0.189352
0.265889
0.537229
-0.045013
-0.099287
-0.095935
0.228452
-0.279056
0.032032
0.131821
0.070146
-0.160321
-0.118835
0.134138
-0.139670
0.173393
0.018599
-0.105855
-0.188185
-0.340910
0.285455
-0.384801
-0.402157
0.073237
0.093583
0.023065
-0.143506
0.174059
0.211928
0.049411
-0.051556
-0.055047
-0.105862
0.036428
0.410737
0.028380
-0.273716
0.141857
-0.080544
0.117473
-0.491747
0.371498
0.061784
0.076134
0.047145
-0.233057
-0.153894
-0.316019
-0.024964
-0.334455
-0.074714
0.205916
0.224742
0.091050
0.153508
-0.392630
0.058104
-0.169084
-0.095297
0.143736
-0.159813
-0.418837
0.027227
-0.430685
0.380398
-0.290736
-0.231144
0.182644
-0.010899
0.395753
0.132500
-0.051709
0.183225
-0.174029
0.152664
0.413469
0.261427
0.083341
0.042131
0.289631
0.534292
0.841965
0.005598
-0.169497
-0.306780
-0.055275
-0.307463
0.339221
-0.286073
-0.239433
-0.010649
-0.236684
-0.154623
0.029822
0.343295
0.074850
0.099082
-0.201889
-0.375917
0.369623
-0.156978
-0.012273
-0.003726
0.294736
-0.097788
-0.258906
-0.273562
-0.602976
0.152857
-0.153715
-0.051954
0.035243
-0.017991
0.191298
-0.130530
0.015447
-0.034815
0.306891
0.137690
0.100015
-0.159146
-0.448237
-0.078594
0.101071
0.235609
0.557865
0.148472
-0.266815
0.066068
-0.181673
0.528550
-0.061848
0.015315
0.038088
-0.009930
0.051350
-0.370669
-0.188711
0.065981
-0.001666
-0.147800
-0.041360
-0.078318
0.053338
0.191080
-0.431975
0.267632
0.235059
-0.128950
-0.132644
0.071729
0.178201
-0.116083
0.497934
0.389416
0.183107
0.662522
-0.131533
0.141030
0.292931
-0.147487
0.264172
-0.287791
0.151551
0.091726
0.180312
0.338104
0.338388
0.361077
0.020018
0.524094
-0.464107
-0.332161
-0.109478
-0.266856
0.253641
0.170028
0.145391
0.058698
-0.194699
0.063062
-0.293867
0.392477
-0.325751
0.142362
0.191202
-0.278034
0.053995
0.500952
-0.133952
-0.115408
0.031658
-0.474044
-0.042087
-0.692968
0.067858
-0.165743
-0.380044
-0.407538
0.038594
0.234470
0.078900
0.191612
-0.409480
0.346085
0.284240
0.169301
-0.085634
-0.003967
-0.257034
0.022078
0.179944
-0.460071
-0.068882
-0.105808
0.092718
-0.219465
-0.011979
-0.579219
-0.036304
-0.245849
-0.256294
-0.007064
-0.174242
-0.287694
-0.077938
0.067755
0.104314
-0.522414
0.050374
-0.221240
-0.364972
-0.203035
0.008394
-0.226976
0.210591
-0.018977
0.165338
-0.007838
0.500224
-0.229568
0.188733
-0.191420
-0.381081
0.082911
0.281073
-0.105233
-0.018307
0.051607
-0.333727
0.068567
0.493664
-0.061212
0.117677
-0.280200
-0.126811
-0.112764
0.011072
-0.328614
0.343322
0.086024
0.229830
-0.197187
0.205651
0.258039
-0.014161
0.126545
0.351640
-0.533211
-0.246011
0.141645
0.074831
0.021387
0.253931
0.126924
0.312564
-0.609401
0.090286
0.627037
0.093916
0.314662
0.181395
-0.299992
-0.135045
-0.038745
0.006839
-0.212216
-0.496446
0.179924
0.329363
-0.416205
0.169796
-0.252746
-0.203331
-0.396114
-0.370940
-0.035621
-0.045378
-0.072341
0.070687
0.038903
0.045031
0.299286
-0.121203
0.022648
-0.282920
-0.108126
-0.002654
0.003521
0.216098
0.446195
-0.082978
-0.144076
0.376005
-0.614457
-0.134591
0.466792
0.219365
-0.194227
-0.065365
-0.225234
0.050068
-0.293491
0.138294
0.049873
0.118451
0.292770
-0.308363
-0.199609
0.448295
0.056442
-0.670993
-0.020174
0.118015
0.113037
0.259064
-0.015338
0.111081
0.041071
0.356150
0.216122
-0.094704
-0.205322
0.222861
-0.407898
0.025753
0.015534
-0.063042
-0.008701
-0.412741
-0.265163
0.085035
-0.099840
0.120891
0.356127
0.239488
-0.476863
-0.316189
0.185228
-0.037346
0.433019
0.218123
-0.189757
-0.295978
0.036323
0.126482
-0.392486
0.405766
0.249202
-0.047804
0.194227
0.086456
0.133062
-0.416869
-0.118893
-0.008556
0.073577
0.601872
0.100191
-0.116775
-0.257425
-0.328856
0.240375
0.097853
0.142829
0.410827
0.020983
-0.455595
0.062353
-0.258403
0.263703
0.002044
0.072424
-0.274690
-0.062732
-0.364103
0.003691
0.098487
0.104783
-0.090668
0.065132
0.053383
0.176730
-0.090078
-0.265156
0.169004
-0.341662
0.037927
0.008288
0.105051
-0.070874
-0.241964
-0.097227
0.242156
-0.100595
0.103728
0.222324
0.425916
0.027556
-0.020217
-0.217277
-0.418575
-0.186038
0.311788
0.018725
0.237412
-0.158228
-0.496033
0.334627
-0.178670
0.156453
-0.024432
0.457722
-0.029210
0.005260
0.509496
0.623121
0.282690
-0.091570
0.142264
-0.213220
0.209203
-0.152351
0.181299
-0.178633
0.384556
0.012829
-0.232494
0.348403
-0.291599
0.022360
-0.003813
0.047682
-0.415190
-0.327105
-0.383384
-0.227526
0.131674
0.155170
0.182708
-0.083391
0.345394
-0.233668
-0.569975
-0.263507
0.079843
0.056906
0.170849
-0.149856
-0.142494
-0.063499
0.029372
-0.081393
-0.239737
0.174867
-0.002992
-0.083871
0.087147
0.138593
-0.404771
-0.042565
-0.201739
-0.054950
0.291356
0.091359
0.066229
-0.149307
-0.512816
-0.216108
-0.193796
0.161279
-0.191599
0.026204
-0.330754
-0.066521
-0.426414
-0.253426
0.138189
0.343794
-0.314443
-0.062209
0.464738
-0.091405
0.275206
0.159259
0.349252
0.394968
-0.314807
0.033602
0.209860
0.119572
-0.295342
0.199004
-0.003940
0.493322
-0.177756
-0.189510
0.304656
0.210505
-0.298588
0.186017
0.395297
0.005057
-0.217360
0.013395
-0.275948
-0.338172
-0.630997
-0.105919
-0.099139
-0.057127
-0.335965
0.059980
-0.247423
0.105844
-0.119195
0.072177
-0.535822
-0.204771
0.486865
-0.160567
0.196885
-0.418882
0.125059
0.645230
0.352539
0.328945
0.497078
0.032710
0.232042
0.038537
0.350640
0.548930
0.212976
0.211796
0.566869
0.541515
0.360638
0.344581
0.224229
0.001894
0.219487
0.427967
0.031367
0.243603
0.269424
-0.030479
-0.258999
-0.529946
0.044326
-0.117173
0.391836
-0.291728
0.007464
-0.462005
-0.048479
-0.269765
-0.372004
-0.199693
-0.360811
-0.590395
-0.367671
-0.134174
-0.172866
-0.251177
-0.250556
-0.328557
0.041453
-0.462020
-0.184365
-0.072356
-0.536573
-0.252970
-0.277655
-0.276238
-0.020811
0.195086
0.293851
0.450360
0.041895
0.401084
0.184291
0.435432
0.475171
0.535293
0.347128
0.358685
0.529074
0.291247
0.759960
0.496086
0.241312
0.515686
0.657698
1.105699
0.494685
-0.001441
0.324811
0.339046
0.146024
0.311721
0.227112
-0.419681
0.181178
-0.275167
-0.026172
0.157039
-0.496355
-0.733426
-0.473961
-0.415149
-0.075320
-0.545375
0.187817
-0.986794
-0.651715
-0.090627
-0.539117
0.013192
0.132614
-0.030947
0.270775
-0.118734
0.235006
0.103362
-0.261866
0.034043
-0.011806
-0.057159
0.343684
0.035500
0.130472
-0.077792
0.277700
0.472018
0.401511
-0.338079
-0.396306
0.099159
-0.242650
0.249151
0.117534
0.366914
-0.076576
0.003444
-0.397067
-0.206574
-0.238470
-0.633155
-0.388738
0.225205
0.223143
0.058494
-0.124145
0.355920
0.060914
0.405344
-0.126026
0.064309
0.048039
0.039463
0.376202
-0.292888
-0.086120
0.089787
0.596779
0.001800
0.439578
-0.439594
-0.055302
-0.121837
0.037085
0.158720
-0.307047
0.076985
0.189686
-0.409066
-0.132367
0.635743
-0.130709
0.156867
-0.368608
0.158078
0.121381
-0.020621
-0.456309
0.144868
0.697063
0.148065
0.089534
-0.254907
-0.064960
0.126237
0.570715
0.192274
0.316671
-0.441344
0.219161
0.193392
0.012543
0.188437
0.358167
0.215357
0.218371
0.001158
-0.120483
-0.316754
-0.285712
0.008292
-0.266890
-0.066872
-0.062407
-0.133605
-0.363474
0.309937
-0.014925
-0.054698
0.268306
-0.141531
-0.273592
-0.476220
0.540008
-0.079098
-0.169162
0.039438
-0.087107
0.073308
0.444070
-0.041319
-0.077780
0.326411
0.329858
0.581724
0.066013
0.138393
-0.464614
-0.064643
-0.258742
-0.215961
-0.295507
-0.115849
-0.168748
-0.067129
0.197314
-0.305427
0.143620
-0.353209
0.291641
-0.293566
-0.381619
-0.312393
0.436772
0.422174
-0.101705
-0.389375
-0.047316
-0.011332
0.008796
0.061508
-0.037877
0.312128
0.207188
-0.098008
0.482954
-0.042037
-0.393757
-0.027172
0.525547
0.230601
0.004130
0.219095
0.520875
0.410538
0.210583
0.279160
-0.229556
0.240357
0.331938
-0.591229
-0.427191
-0.072179
-0.166670
-0.034227
-0.527176
0.016893
-0.359533
-0.129886
-0.234692
0.334228
-0.316174
-0.004598
-0.062361
0.080550
-0.068722
0.302985
-0.013617
0.143388
-0.184159
0.345923
-0.303008
-0.102086
-0.129112
-0.042251
0.034493
0.249678
-0.179916
-0.209283
-0.016482
-0.372994
0.119124
-0.160310
-0.070770
0.000668
0.539226
-0.231805
0.364091
-0.205754
-0.197936
0.356366
-0.065377
-0.564918
-0.244497
-0.086112
-0.054481
-0.159226
-0.192966
0.054919
0.042072
0.285947
0.289589
0.188555
0.147284
0.309640
0.654882
0.092284
-0.283923
-0.326351
-0.279276
-0.434455
-0.218802
0.206933
-0.694850
0.058026
-0.636306
-0.045570
0.202218
-0.244669
0.129223
0.067901
0.224465
-0.261211
-0.111013
-0.068203
0.132124
0.123441
0.028348
-0.238494
-0.376050
0.156905
-0.020411
-0.005522
-0.086985
-0.121348
0.041470
-0.565272
0.177894
-0.270642
-0.139452
-0.004195
-0.206728
0.115018
-0.007420
0.088757
-0.321878
0.197196
-0.048521
0.096786
-0.138523
0.113569
0.512353
-0.249274
0.072670
0.314050
0.612489
-0.027837
-0.131476
0.198720
-0.029006
-0.134130
-0.214655
-0.009298
0.197578
0.507808
0.671808
-0.259604
0.420124
-0.020679
0.374707
-0.448602
0.466341
-0.105813
0.331775
-0.318775
0.723558
-0.135886
-0.071930
-0.101152
0.227990
-0.197564
-0.269995
-0.031051
0.185622
0.052462
0.149631
0.051976
0.180608
0.059767
0.500276
-0.135150
-0.087672
-0.194473
0.129685
0.286106
0.356956
-0.185219
0.034549
-0.363445
0.131633
-0.115817
0.540418
0.125107
0.091190
-0.059744
-0.451259
0.032891
0.199825
-0.690239
-0.170421
-0.114752
0.171304
0.059171
0.176740
-0.104428
0.193971
-0.233034
0.130689
-0.166492
0.190713
-0.310112
0.053361
0.126310
0.257358
0.130384
0.438163
-0.397715
0.338327
-0.076869
-0.056520
0.076956
-0.308539
-0.428239
-0.222680
0.018822
-0.333436
-0.062356
0.250291
0.024728
0.159627
-0.469287
0.346123
-0.460451
-0.392614
0.242817
-0.030752
0.336479
0.258945
0.332442
0.396529
-0.071773
0.145784
-0.057915
-0.052027
0.001754
0.099430
0.169560
0.306346
0.306301
0.133715
0.123219
-0.535431
-0.094197
0.563289
0.014090
0.207004
-0.056005
-0.343374
0.047234
0.388089
-0.493208
-0.389410
-0.706093
0.411017
-0.607207
-0.252907
-0.010673
-0.015110
0.029597
0.304555
-0.215654
0.216760
0.418834
0.043195
-0.171707
0.061062
0.084628
0.478783
-0.077270
0.110174
-0.121622
-0.032864
0.361349
0.158848
0.026820
-0.242878
0.352582
0.006915
-0.309908
-0.290842
0.193415
0.038657
0.065059
0.008728
-0.009284
0.056525
-0.005142
0.288695
0.477162
0.151478
-0.106259
0.052695
-0.466997
0.438360
0.114682
0.268659
-0.260486
-0.123294
0.394014
-0.414876
0.041960
0.118539
-0.275361
0.259553
-0.493204
0.835838
0.396685
-0.036129
-0.027810
-0.378918
0.156473
-0.144060
-0.328866
-0.028061
0.023896
0.323258
0.007053
-0.250383
0.032458
-0.023092
0.009254
-0.102048
-0.065706
-0.162090
-0.020809
0.339560
0.397262
0.180734
-0.089969
0.505744
-0.379480
-0.060853
0.254971
0.177811
0.185765
-0.159197
0.069191
-0.015505
0.161970
0.145545
-0.269774
0.217788
-0.029856
0.577887
0.128732
0.273727
0.053651
0.020782
0.027971
0.161239
0.409222
-0.087745
0.121667
-0.243760
0.118799
-0.081188
-0.169007
-0.065066
-0.345108
0.237470
0.075928
-0.254797
-0.273054
0.172406
-0.479474
0.138188
0.061618
-0.275024
-0.082051
-0.625220
0.107869
0.124089
-0.198853
-0.334730
-0.448709
-0.288618
-0.118893
-0.231078
0.410476
0.008942
0.232685
-0.204616
-0.359582
-0.252534
0.356309
0.303941
0.229744
-0.420427
-0.117085
0.023741
0.163862
0.128439
-0.401333
-0.014788
0.019439
-0.382857
0.234120
-0.160289
0.244338
-0.467179
-0.421882
-0.074365
-0.008119
-0.075837
-0.259660
0.628175
0.079022
0.226128
0.250079
-0.136539
0.083141
-0.476087
0.369021
0.095922
-0.195723
-0.199827
-0.302136
0.010359
-0.117950
0.149438
-0.332036
-0.229254
-0.212922
-0.245358
-0.501864
-0.713022
-0.262378
-0.097777
0.355701
-0.476906
-0.274485
0.361804
0.123181
-0.139788
-0.007119
0.725272
-0.215605
-0.401176
-0.022448
-0.316904
-0.303810
-0.171936
-0.121038
0.186821
0.060440
0.060233
0.079425
-0.006353
-0.212705
-0.213479
-0.036178
-0.217877
0.194128
0.164828
0.043032
0.042308
-0.495317
-0.241163
0.259200
0.165707
0.209990
-0.850052
0.689447
0.700232
0.430405
-0.123226
-0.111772
0.003562
0.343363
0.192801
0.425574
-0.181595
0.329500
-0.438024
0.196678
0.176385
-0.025658
-0.190793
-0.436391
0.446755
0.095191
0.298827
-0.303726
0.413267
-0.039876
0.108159
-0.046083
-0.347425
0.047865
0.080239
0.215597
0.233120
0.188877
-0.132217
0.562300
-0.036211
-0.571366
0.464592
0.106278
0.292170
-0.002859
0.385782
0.244967
0.071727
-0.160766
0.142452
0.596807
0.477779
-0.225498
0.540761
-0.701103
-0.198918
-0.113918
-0.312440
-0.317342
0.198575
-0.237971
0.188270
0.071798
0.231388
-0.219423
0.501618
-0.183781
-0.416472
0.002500
0.133259
0.242679
0.579023
0.044553
0.449229
0.398967
0.323124
-0.223360
-0.248175
-0.579333
0.246589
-0.180861
-0.250348
0.035684
0.140922
0.093327
-0.141247
-0.081110
0.096961
-0.007286
-0.169633
0.264227
-0.116261
-0.027689
-0.041162
-0.088566
0.200250
-0.395319
-0.032367
0.435445
-0.322704
0.205535
-0.194957
0.215165
0.323059
0.322591
-0.404504
0.141451
0.197707
0.100014
-0.207304
-0.020074
-0.204449
-0.156831
0.341307
-0.240909
-0.208158
0.411114
0.137134
-0.054257
-0.045528
0.024718
-0.056260
-0.134228
-0.118244
0.138527
0.006815
-0.057893
0.214456
0.037816
0.251358
0.313659
0.073939
-0.035700
0.402578
-0.485597
-0.276882
0.064709
0.074329
0.564152
0.016028
-0.458700
-0.287192
0.583822
-0.015811
-0.271678
-0.064547
-0.072641
0.084304
-0.012589
-0.040423
0.143096
-0.224014
-0.066548
-0.275006
0.398433
0.223723
0.121667
0.251969
0.179363
-0.082840
-0.048193
-0.268556
0.249453
-0.429412
-0.159962
-0.198466
-0.400356
-0.353469
-0.222117
0.244151
0.057008
-0.459630
-0.478176
-0.251177
0.567067
0.090504
0.034770
0.218354
-0.340908
0.107818
0.216905
0.122335
-0.004948
-0.433209
0.171753
0.301390
0.473994
0.240855
0.277748
-0.258418
0.241413
-0.170127
0.321216
0.390955
-0.055335
0.133108
-0.165843
-0.296215
0.031272
0.053182
0.016466
-0.002956
0.096167
-0.128741
-0.153806
-0.166433
0.293300
-0.015555
0.342098
-0.182946
0.099247
-0.121991
-0.760659
0.114019
-0.155774
-0.477361
-0.098785
-0.304510
0.392386
-0.440894
-0.286854
-0.074803
0.369008
-0.070178
-0.032871
-0.132347
0.250087
0.203610
-0.168113
0.035419
0.244192
0.372170
-0.056590
-0.445600
0.056036
-0.189237
-0.276299
0.223253
0.203998
0.172138
-0.270648
-0.126856
0.089524
-0.100360
-0.001169
0.155063
0.246674
0.009636
0.180805
0.041279
0.028323
0.456426
0.073713
-0.208837
0.257029
0.153960
-0.440264
-0.132996
0.115709
-0.335583
-0.182386
0.073237
0.100069
-0.023833
0.388312
-0.058398
-0.435040
-0.070203
-0.088186
-0.045370
0.240482
0.170978
0.022995
0.167504
-0.429235
-0.133467
0.403004
0.137279
0.092385
-0.192784
0.088506
-0.280301
0.045182
-0.064849
-0.186545
0.200135
-0.093490
0.040023
0.008083
0.186568
0.385707
0.084851
-0.148844
0.293774
0.333435
-0.196406
0.395794
0.309370
0.120381
-0.029811
-0.222213
-0.438591
-0.142850
-0.476140
0.111140
-0.464481
-0.062128
-0.340624
-0.756967
0.130671
0.197144
0.415196
0.212605
-0.112375
-0.533897
0.021035
-0.195582
-0.189600
0.008865
-0.322527
0.158456
-0.281786
0.150405
0.248479
0.031681
-0.157158
0.375380
0.487479
-0.025748
0.052869
0.200812
-0.232146
0.049941
0.236357
0.317348
0.104736
0.361769
0.035223
0.451881
0.194470
-0.016242
-0.204249
0.201951
0.105577
0.261220
0.623882
-0.274265
0.057674
0.641230
0.099470
-0.040918
0.462884
0.215312
-0.382202
0.060583
0.006812
-0.271264
0.583871
-0.855188
-0.324683
0.138601
-0.519969
-0.043588
0.052893
-0.087375
-0.056536
-0.181558
0.038192
-0.101921
0.100717
0.082202
0.432381
0.165275
0.076367
-0.276441
-0.459509
-0.000976
-0.374561
0.200237
-0.412448
0.064726
0.915967
0.307167
0.399572
0.053046
-0.280107
-0.079833
0.243638
0.519061
0.167652
-0.231066
-0.440843
0.109706
0.279838
-0.493558
-0.009372
0.140660
-0.448009
-0.272114
0.250887
-0.188433
-0.102152
-0.299531
-0.140569
-0.508304
-0.046661
-0.033039
0.176431
0.266677
-0.349691
-0.015372
-0.294174
-0.000324
-0.027904
0.165020
0.138826
0.116928
-0.232331
0.075480
0.169158
-0.376038
0.104396
-0.119526
-0.288663
-0.248592
-0.332171
0.221566
0.275548
0.107001
-0.014339
-0.348347
-0.033427
0.133886
0.435407
0.129672
0.550418
0.199692
0.218611
-0.102455
-0.085680
0.300760
-0.204172
-0.213012
0.199331
0.117122
0.044250
-0.074489
-0.183766
-0.025081
-0.175188
0.225742
0.158007
0.222664
-0.076729
-0.080918
0.030310
-0.247827
-0.085429
-0.053978
-0.110144
0.543466
0.039689
-0.006855
0.056784
-0.145845
0.227027
-0.243941
-0.385185
-0.199514
-0.105416
-0.474177
-0.027298
0.327266
0.316552
0.004690
0.433319
-0.205168
-0.004345
0.154305
-0.136477
0.416492
-0.293861
0.236037
-0.026047
0.232946
-0.001012
0.650344
-0.067838
0.098019
0.522801
0.157474
-0.257319
0.105170
-0.417496
0.324921
0.176088
-0.008351
-0.596086
0.222622
-0.369844
0.094520
-0.307780
0.092613
0.029751
0.100434
-0.215853
-0.104922
0.155440
0.101007
-0.039712
0.082272
0.591337
0.223332
-0.361480
0.077703
-0.042072
-0.001423
-0.124288
0.498792
0.024034
0.053926
0.432950
0.537538
0.614844
-0.110687
-0.091524
0.034047
0.439431
-0.031767
-0.072339
-0.348650
-0.389582
0.462262
-0.201105
0.338036
-0.144217
0.150631
-0.096824
-0.011520
-0.212266
-0.116605
0.256931
0.242409
0.000643
0.135497
-0.266449
-0.035324
-0.300864
-0.218549
0.464431
-0.408888
-0.478754
0.186639
-0.168960
-0.180749
0.487913
-0.052648
0.277439
-0.591039
0.377209
-0.715379
-0.027439
0.403686
-0.066812
0.044537
0.102565
0.442335
-0.130548
0.210504
-0.013119
-0.112433
-0.079902
-0.539674
0.069046
0.018759
-0.456628
-0.123313
0.134663
-0.011298
0.079832
0.230483
0.045570
-0.176551
0.028883
-0.160266
-0.103740
0.350673
0.166727
0.361070
-0.376953
0.053761
0.007417
-0.004529
-0.134387
0.103754
-0.003474
-0.275888
0.020029
0.217792
0.107815
0.231252
0.317195
-0.044346
-0.315566
0.243818
-0.007326
-0.067613
0.000942
-0.632725
0.184346
-0.082505
0.061398
0.354259
0.074146
0.032809
0.042456
0.431887
0.170344
-0.136909
-0.032623
0.228488
-0.225836
-0.110406
0.279983
0.396177
-0.436864
0.041820
-0.122105
0.074254
-0.252504
0.348687
-0.365586
-0.253188
0.069721
-0.180785
-0.155227
0.022147
0.103960
0.169235
-0.094219
-0.159305
0.164725
0.109927
-0.116248
-0.161060
-0.040570
-0.274716
0.202324
0.169356
-0.116084
0.102684
-0.075997
-0.299354
0.007802
-0.154855
0.234484
-0.122861
-0.102025
0.285991
0.223611
0.256880
-0.051446
-0.258385
-0.420313
0.152197
-0.050200
-0.172001
0.504083
-0.492413
-0.484063
0.146691
-0.125959
0.244732
-0.074100
-0.080030
0.064595
0.124879
-0.492614
0.002972
0.384750
-0.058772
0.123271
-0.742688
0.173139
0.041561
0.362441
0.268368
0.016559
0.265602
0.592567
-0.572969
0.176597
-0.301970
0.353364
-0.007854
0.210206
-0.063222
0.053222
-0.227775
-0.095172
-0.002847
-0.004591
0.074266
0.157162
-0.088305
0.056166
-0.563194
-0.055939
0.177469
0.391477
-0.093310
0.172096
0.228248
-0.001309
0.203297
0.187856
-0.317160
-0.191235
0.231350
-0.154458
0.317815
-0.177573
-0.039627
0.399639
0.039096
-0.188985
0.420352
0.377972
0.140663
0.619223
0.404470
-0.157944
-0.264510
0.217712
-0.269542
0.087900
0.202851
-0.170596
-0.038529
-0.028910
-0.592222
0.223497
-0.109854
-0.437853
0.731150
0.107009
0.189258
0.134899
-0.048929
-0.088694
0.163137
0.320086
-0.138101
-0.112979
-0.354355
0.064678
0.146594
-0.056588
-0.141122
0.084946
0.038335
-0.168891
0.027828
-0.060730
0.275121
0.319581
0.040007
-0.309940
0.165606
0.042688
-0.329171
0.065429
0.286222
-0.257476
0.628957
0.091074
0.193040
-0.075840
0.302205
0.022929
-0.005126
0.051143
-0.057008
-0.025475
0.327425
0.406669
-0.007337
0.482151
0.057074
-0.144050
-0.057058
-0.258859
-0.114101
0.117713
0.088442
0.211740
0.212867
-0.043440
-0.032996
-0.171148
0.228808
-0.060030
-0.364585
-0.207400
0.590321
-0.036762
0.962946
0.057647
0.151150
0.016798
-0.534625
-0.326861
-0.016258
0.098863
-0.191107
-0.137362
0.132112
0.004959
-0.108291
0.009640
-0.308619
-0.434667
-0.163674
0.130751
0.043506
-0.462471
-0.299643
-0.217576
-0.013879
-0.426614
-0.172737
0.764290
-0.018976
-0.109334
0.057423
-0.015344
-0.257585
-0.242956
-0.149738
-0.005337
-0.434879
-0.036147
0.307504
-0.183883
0.421139
-0.128867
0.111334
-0.514876
-0.086724
-0.127335
0.107566
0.343283
0.103036
-0.115342
0.147734
-0.042388
0.408791
-0.488606
0.091689
-0.532221
0.046779
0.053926
0.281912
0.206042
-0.466922
0.374771
-0.764213
0.313208
-0.029392
0.325989
0.123267
-0.005778
-0.271060
-0.328015
-0.137584
-0.073655
0.006965
0.137444
-0.375446
0.016683
0.039194
0.234857
0.378471
-0.068242
-0.460063
-0.158986
-0.263373
0.035318
0.019143
-0.114871
-0.064170
0.065412
-0.102924
0.064973
-0.218240
0.306391
-0.009875
0.365401
-0.078460
-0.171706
-0.196961
-0.127842
-0.077447
0.134635
0.427569
-0.443230
0.224867
-0.286995
-0.081887
0.377701
-0.060620
-0.278589
-0.066118
0.151282
0.224545
0.090524
0.348691
-0.207885
-0.554263
-0.292503
-0.044950
-0.548717
-0.031957
0.001309
-0.143357
-0.041760
0.149183
0.380881
0.435171
0.209063
-0.386156
-0.261056
-0.227705
-0.213020
-0.022777
-0.563376
0.129355
0.160361
0.106798
-0.354755
-0.326447
0.294913
-0.141559
-0.065280
-0.042092
-0.089623
-0.086309
0.095632
-0.271534
0.010465
0.114746
0.101998
0.096040
-0.170636
0.002590
0.124753
-0.020971
-0.406763
-0.154358
0.152037
0.368093
0.263669
-0.161108
0.050729
0.084768
0.316551
-0.005434
-0.163155
0.375026
-0.142226
0.094488
0.436784
-0.060670
0.397515
0.185762
-0.025685
0.080835
0.138042
0.060766
-0.036358
0.353886
-0.022439
0.049797
-0.003886
-0.169258
-0.106026
-0.071986
-0.105884
-0.033263
-0.107875
0.003314
0.254495
-0.087002
-0.672300
-0.540262
-0.011233
0.043902
0.073058
-0.220680
0.213419
0.301189
0.070077
0.297076
-0.042761
0.010920
0.311817
0.134028
0.063742
-0.350284
0.210692
0.100638
-0.296292
-0.174806
0.496335
-0.379427
0.207291
-0.222873
-0.154699
-0.240115
-0.151078
-0.080417
-0.026166
-0.594095
0.274464
-0.446268
0.206734
-0.255853
-0.017457
-0.373585
0.108551
-0.240070
-0.227849
-0.004291
0.471018
0.080400
0.231148
0.022116
-0.522860
0.107520
0.798257
0.695645
-0.210870
0.193637
-0.115011
-0.132312
-0.044771
-0.333080
0.117552
0.309212
-0.006359
-0.189157
-0.149816
0.300801
0.011522
0.030549
0.076710
-0.460982
-0.055209
-0.214238
0.109815
0.052621
-0.447962
0.150135
-0.253030
0.002657
-0.044967
0.346940
-0.007831
-0.023571
0.411865
-0.259811
-0.141974
0.126866
0.166731
0.061683
0.093993
-0.299718
-0.031860
-0.212651
0.183699
-0.088167
-0.293443
0.064103
0.173929
0.525935
-0.120655
-0.298259
0.399891
-0.161096
0.039857
0.075259
-0.036085
-0.003629
-0.500703
-0.096025
0.043340
0.139967
-0.329718
0.314504
0.313237
-0.178516
0.027942
-0.226405
-0.085606
0.007871
-0.088599
0.136232
-0.232302
0.386264
0.198793
0.271278
0.148361
-0.004868
0.106798
0.068624
0.419939
-0.044909
-0.270727
0.151273
-0.039411
0.281839
0.062787
0.300145
0.017482
0.311637
-0.004027
0.032419
0.482029
0.057222
0.550641
0.184770
-0.074882
0.010794
0.132618
-0.586032
-0.032089
-0.360901
-0.032130
-0.361775
-0.281894
-0.357403
-0.402420
-0.079277
-0.047000
-0.388289
0.088779
0.334772
0.481506
-0.301526
0.096238
0.086453
0.270026
0.120794
-0.302310
-0.055003
0.233811
0.138560
0.574121
0.139442
-0.539522
-0.252658
0.182986
0.009292
0.199649
0.135319
0.073279
0.237999
0.591055
-0.029392
0.129651
-0.261313
0.391415
0.262022
-0.191933
-0.159087
0.309471
0.040787
-0.577855
-0.482493
0.356460
-0.028329
0.589731
0.077495
0.359331
-0.530900
-0.315508
0.306157
-0.133013
-0.294741
-0.295291
-0.082387
-0.120515
-0.049526
-0.109954
0.462679
0.083461
0.258936
0.260126
0.307136
0.018005
0.116781
-0.031874
0.080409
-0.089519
-0.323935
-0.139391
-0.134736
0.070831
0.062166
-0.010761
-0.118337
0.050887
0.041247
0.387670
-0.252431
-0.004916
-0.046122
-0.331810
-0.056433
-0.462570
-0.606757
-0.097043
-0.112802
-0.045609
0.183632
0.244114
0.430912
0.266685
0.565261
-0.031347
-0.031660
-0.220464
0.138762
-0.027172
-0.201650
0.121214
0.076628
-0.105228
0.267618
0.147983
-0.190444
-0.003243
-0.026834
0.239085
0.041259
0.628483
-0.168393
0.425686
-0.243983
-0.045427
-0.792234
-0.014510
0.285337
-0.037193
0.319183
-0.002731
0.109171
0.505102
0.153192
-0.175455
-0.069917
-0.244236
-0.014832
-0.270973
0.423432
0.258677
-0.207724
0.179223
0.377667
0.609453
-0.255177
0.202489
0.909870
0.101280
0.000981
0.189465
0.148896
0.159716
-0.089375
0.152546
0.272651
-0.303329
0.350529
-0.459289
0.198245
0.154423
-0.010943
0.186482
-0.307823
-0.196952
-0.044659
-0.396008
0.421438
-0.173188
-0.061818
-0.246663
0.324667
0.000452
0.053272
0.286272
0.225105
-0.440548
-0.320254
0.459087
-0.026867
0.020995
-0.572455
0.489986
0.142118
-0.596061
-0.178511
0.142286
-0.067243
0.015796
-0.010963
-0.100721
-0.802590
0.078794
0.266620
-0.186915
-0.442884
0.148925
-0.088367
-0.149116
0.077832
0.040659
0.003660
0.567103
-0.204477
-0.100757
0.282470
0.480255
0.346834
-0.100953
0.363295
0.045122
-0.147961
-0.073040
-0.071802
0.083253
0.119456
0.191583
0.317367
-0.067667
-0.035944
0.211784
0.171102
0.394726
-0.208124
-0.161278
0.440251
0.022559
0.205497
0.018314
-0.160582
-0.158987
0.062742
0.126519
0.238461
0.314773
0.089643
-0.165703
-0.415768
0.073907
0.160922
0.062645
-0.242486
0.245341
0.100781
-0.170624
-0.288018
-0.405448
0.111768
0.043213
-0.093711
0.130913
-0.007483
-0.240406
-0.066691
-0.367544
-0.320529
0.010722
-0.195394
-0.539187
0.063295
0.319874
-0.131889
-0.069475
0.581462
-0.106397
-0.131706
-0.182879
-0.419825
0.273697
-0.185361
-0.102925
0.475113
-0.349698
0.762925
0.271879
0.314997
0.284226
-0.576885
0.406135
-0.234501
-0.309529
-0.013590
-0.024795
0.351838
0.499300
-0.023901
-0.217155
-0.054531
0.457838
-0.330108
-0.140277
0.279973
-0.046910
-0.498363
0.148689
-0.250916
0.072594
0.188623
-0.042665
0.099621
0.055923
0.635985
-0.143363
-0.001760
0.381195
0.168423
0.011572
-0.191592
0.254197
0.292791
0.176787
-0.079435
0.182810
0.153611
-0.383257
0.188819
-0.086944
-0.082462
0.666050
0.042017
0.343923
0.024985
0.131480
-0.088169
0.161729
0.240804
0.021895
-0.389572
-0.118344
-0.058104
-0.143986
0.559090
-0.438564
0.209109
0.041860
0.149469
-0.436617
0.249247
-0.128031
0.145311
-0.503216
0.236573
-0.075723
0.346808
-0.174715
-0.097238
-0.100970
-0.512780
-0.008708
0.125394
-0.499615
-0.197519
-0.108105
0.006708
-0.147833
-0.113551
-0.214047
0.144353
-0.571058
-0.279249
-0.205576
0.297079
0.008392
-0.067058
-0.097722
-0.313185
0.000181
0.232906
0.063008
0.437185
-0.260667
0.231055
-0.055520
0.161149
-0.578640
0.118427
-0.086774
-0.125766
0.087584
0.014578
0.232866
-0.013003
-0.005928
0.432155
0.083618
0.283071
-0.132530
0.016464
0.157508
-0.222484
-0.064759
0.451394
0.030514
-0.206962
0.455105
-0.240905
0.049533
-0.332607
0.094472
-0.315373
0.433220
0.129445
0.124380
0.239811
-0.572577
0.027140
-0.112610
0.300816
0.347501
0.044379
-0.426640
0.129270
-0.119648
-0.000674
0.298316
-0.112674
-0.332561
-0.296769
0.356511
0.300485
0.426712
0.054568
-0.333727
0.124018
-0.190236
0.116182
-0.342294
0.001280
-0.187087
0.197769
-0.424104
0.180185
-0.411070
-0.193132
0.124762
-0.081002
0.307860
-0.596638
0.197848
0.362645
-0.211941
-0.306159
-0.031863
-0.110750
0.126099
0.238000
-0.232512
-0.144769
-0.026474
-0.107134
0.029142
0.074641
-0.241062
0.363333
-0.157901
0.254953
0.449497
-0.000563
-0.443739
-0.072567
-0.074680
-0.272966
-0.091544
-0.268360
-0.049233
0.007177
-0.508673
-0.128472
-0.082334
-0.134530
0.498025
-0.352509
-0.239656
-0.246531
-0.014630
0.270370
0.015582
-0.080781
-0.054630
-0.165524
-0.215599
-0.120127
0.370758
0.304994
0.016982
-0.047244
0.097410
-0.079535
-0.128691
-0.308619
0.011382
-0.321913
-0.048390
0.263380
-0.598025
0.072822
0.170838
-0.084332
0.714301
-0.001948
0.073318
0.185911
0.424576
0.097998
-0.012705
-0.292361
-0.155429
0.169951
0.617569
-0.262800
0.392652
0.316859
0.221292
0.281265
0.112487
0.029619
0.002203
0.035976
0.224493
-0.218220
0.208703
-0.213988
-0.295757
-0.008314
0.058380
-0.162170
0.080357
0.159299
-0.032181
-0.072074
0.223279
0.184470
-0.273482
0.235010
-0.255021
0.154117
-0.007253
-0.075976
-0.146595
0.510542
0.348538
-0.225141
-0.008312
0.169597
0.170073
0.160059
-0.342837
0.064796
-0.153971
0.019693
-0.155347
-0.176529
-0.024983
-0.085982
-0.545618
-0.175237
0.088695
0.257545
-0.150614
0.184501
-0.051840
-0.132284
-0.108672
0.133534
-0.045192
-0.292694
-0.021199
-0.057393
0.532858
-0.060457
0.097373
0.329896
-0.121374
0.057855
0.320761
-0.079452
-0.291617
0.219073
0.380995
0.020255
0.012227
0.087386
-0.500588
-0.791996
-0.055384
-0.101635
0.241484
-0.270724
-0.096552
0.045094
-0.154635
-0.156558
-0.611357
0.051069
0.062555
-0.480933
-0.260042
0.038877
-0.143918
-0.319605
0.347979
0.169984
-0.376233
-0.642751
-0.132318
0.004309
-0.247837
0.161984
0.073371
-0.149642
0.327400
0.256152
-0.168072
-0.041672
-0.223346
-0.174195
-0.396831
-0.336561
0.105769
-0.321592
0.248241
-0.325721
0.108694
0.194152
0.057549
-0.660676
-0.177717
-0.412336
-0.399740
-0.086237
-0.361419
-0.054535
0.137232
-0.190004
-0.359901
0.067086
-0.389693
0.104324
0.251398
0.076847
-0.026291
-0.181100
0.068974
0.166241
0.051181
0.360759
-0.098657
0.368424
0.242305
0.351164
0.199725
-0.540951
0.294754
-0.193727
0.021235
0.264769
0.369930
0.129519
0.027965
0.089845
-0.172995
0.547094
-0.125593
-0.281256
-0.106171
0.770005
0.429710
0.076777
-0.254701
-0.008674
-0.372074
-0.001710
-0.028925
0.249387
-0.588382
-0.236473
0.173414
-0.494680
-0.317142
-0.421368
0.422090
0.291015
-0.255563
-0.265194
-0.502280
0.385613
-0.025718
0.116734
-0.268144
0.386304
-0.423904
0.172619
-0.638386
-0.359207
-0.028313
-0.127155
-0.227291
0.338275
0.150232
0.114158
0.222609
-0.121377
-0.259167
-0.008706
0.006790
-0.163406
-0.265231
0.310604
-0.196381
-0.436535
-0.345810
0.006541
0.042557
-0.424766
0.718061
-0.004652
0.453505
0.180201
-0.056416
-0.327998
0.186053
-0.092332
0.145764
0.114589
0.411499
-0.063926
-0.248668
0.113226
0.169029
-0.198635
-0.307232
-0.311481
0.097846
-0.467832
-0.027324
0.158574
0.220743
-0.298364
-0.335337
0.268309
0.108364
0.138999
-0.318879
-0.407093
0.450061
0.039257
0.581304
0.288517
-0.262473
-0.173108
-0.500018
0.378170
-0.022755
0.066001
0.242557
0.279672
0.127292
0.411791
0.117302
-0.015824
-0.094569
0.347540
-0.179312
-0.014114
-0.057375
-0.246560
-0.030331
-0.341043
0.058340
-0.491207
-0.194708
-0.050488
0.475561
0.326069
