-0.220830
0.403146
-0.320660
0.155022
0.334609
0.038365
0.034740
-0.179027
-0.326676
0.047678
0.118260
0.394516
0.003758
-0.146296
0.109422
-0.264712
0.329122
-0.237905
-0.541415
-0.119021
-0.466917
-0.190531
0.509384
-0.106365
0.470640
-0.128498
-0.406911
-0.426435
0.524918
0.099665
0.057293
-0.325830
0.301301
-0.150224
0.087855
-0.042886
0.093050
-0.028544
-0.725095
-0.330686
-0.486637
0.106114
0.000549
-0.386259
0.561109
-0.616314
-0.028965
0.336785
-0.196132
-0.224571
0.155445
0.168651
0.147047
0.199967
-0.197545
-0.205417
-0.535033
0.048430
-0.026938
-0.028417
0.630784
0.266268
-0.192365
0.158349
-0.135102
0.065020
0.196086
-0.033333
0.254357
-0.277999
0.341806
0.493500
-0.420769
0.302731
-0.518492
-0.054279
0.465755
0.371210
0.109937
-0.167391
-0.439556
0.026607
-0.519311
-0.207008
0.402892
-0.450584
-0.060386
-0.267337
-0.047630
0.700886
0.085505
-0.039480
-0.076853
0.286691
-0.028151
-0.153616
-0.378260
-0.373788
-0.270572
0.083252
-0.003963
0.806538
-0.108566
0.184718
0.147734
0.571186
0.601025
-0.119090
0.381727
-0.193693
0.116931
-0.336643
0.141227
0.461589
0.147155
0.069761
0.354235
0.305887
-0.091710
0.297425
0.321688
-0.291568
0.305263
0.560170
-0.023795
0.449698
0.293854
-0.095306
-0.282269
0.266384
-0.171841
0.253420
0.058776
-0.558072
0.295181
0.268764
0.147016
0.497565
0.075198
0.120952
-0.251975
-0.212477
-0.294760
-0.292612
0.054956
0.300265
-0.127609
0.204170
-0.493293
0.308540
0.253705
-0.231470
0.167171
-0.208860
0.255766
0.238161
0.501362
0.117680
0.091821
0.522736
-0.577349
-0.139371
-0.192904
0.056135
-0.576827
-0.171076
-0.184393
-0.366808
-0.001990
-0.211107
0.476766
-0.320698
0.196608
0.088515
-0.142643
0.569781
-0.434451
-0.074861
-0.873481
-0.291323
-0.035867
0.137478
-0.113489
-0.301117
0.221589
-0.413180
-0.267299
-0.281451
0.251922
-0.170419
-0.467724
0.787182
-0.443396
-0.209578
0.208538
-0.133219
0.640421
-0.681530
0.045995
0.271373
-0.092894
-0.119298
-0.062254
0.001109
-0.366686
-0.236921
-0.368459
-0.369970
-0.127470
0.096883
-0.698939
0.030183
-0.214720
-0.096538
-0.186318
0.407460
0.688590
0.475683
0.190179
-0.430305
0.328038
-0.392759
0.545740
-0.031469
-0.037361
0.417258
0.163434
0.510213
-0.650153
-0.258460
-0.238179
-0.314549
-0.008481
0.078997
-0.160508
-0.100787
0.470155
0.193550
-0.174695
0.028176
0.001837
0.623318
0.144480
-0.151047
-0.606520
0.058365
0.394325
0.098634
-0.057169
0.377186
-0.642886
0.445430
0.097169
-0.206889
0.183175
0.239303
0.136890
0.879725
-0.302362
0.579402
0.284615
-0.360688
-0.840185
0.091979
0.226006
0.447433
-0.090060
-0.142555
-0.195999
0.122345
-1.108552
0.343628
0.244989
-0.434127
-0.041612
0.417439
-0.129633
0.066250
-0.626336
0.414981
-0.087171
-0.411000
-0.111713
-0.057034
-0.169552
0.057375
0.187037
0.404997
-0.060528
-0.588961
-0.024146
-0.237267
-0.466186
-0.183217
-0.766486
0.120750
-0.144720
0.144198
-0.080600
-0.046694
-0.349227
0.268545
-0.198438
0.458074
-0.036962
0.441802
-0.232925
-0.421636
-0.445852
0.493583
-0.118116
-0.401792
0.102053
-0.669556
0.015537
-0.500293
0.444543
-0.201034
0.416488
0.245700
0.234132
-0.556139
-0.020943
0.330038
-0.986425
0.533284
-0.448499
0.061186
0.171967
-0.102215
-0.560550
0.129108
-0.256767
0.160511
0.254108
-0.131022
-0.169955
0.102605
0.236442
0.826897
-0.140068
-0.179228
0.029760
0.043584
-0.263286
0.147795
-0.502107
0.028520
0.774915
-0.357975
-0.143276
0.342974
-0.294923
0.376168
0.202730
-0.228718
-0.103844
-0.191053
0.008033
-0.099939
0.087269
-0.087096
-0.179805
0.093281
-0.317090
-0.972862
-0.374367
0.312251
0.578563
0.700901
-0.087325
0.479057
0.294420
0.206559
-0.712314
-0.069225
-0.059993
-0.063485
-0.240973
-0.103924
-0.152446
0.633125
-0.181714
0.176878
0.166817
0.132200
0.727710
0.196597
-0.084710
-0.073323
-0.189728
-0.494200
0.289437
-0.098497
0.097690
-0.345407
0.079775
-0.079972
0.241342
-0.134549
0.500468
-0.089203
0.110298
-0.019565
0.054497
-0.430621
-0.175925
0.223393
-0.392425
-0.159355
0.154160
-0.081440
0.127770
-0.709948
0.176482
-0.622577
0.049719
-0.455837
-0.259242
-0.134169
0.197820
0.112060
0.371637
0.203378
-0.070607
-0.118892
-0.135731
0.237065
0.162024
-0.197135
-0.409137
0.049628
-0.442039
-0.056800
0.008820
0.083512
-0.265300
0.620902
0.841913
-0.478108
-0.063324
-0.012040
-0.112742
-0.090914
-0.107627
0.004931
0.067509
-0.044490
0.066319
0.111394
-0.151593
-0.083033
0.529126
0.382968
0.478415
-0.647688
-0.350975
-0.258908
-0.247365
0.753152
0.104284
0.031927
-0.402395
0.537561
-0.010773
-0.463855
0.176857
-0.331431
0.155724
0.412431
-0.049189
0.084564
0.162927
0.809186
-0.023817
0.595359
-0.102832
0.111535
0.574618
0.379622
0.183441
0.008512
0.133646
0.232679
0.178737
0.399838
-0.179660
-0.617499
-0.275547
0.032981
1.031154
0.336047
-0.218717
-0.082732
0.358423
0.112695
-0.749568
0.118874
0.243160
0.535305
-0.688359
0.174527
0.254634
0.335734
-0.307037
-0.596131
-0.643783
-0.624573
0.742540
-0.030730
-0.419133
-0.088775
-0.196951
0.222836
-0.180230
0.093479
0.600124
-0.164707
-0.451736
0.200357
0.027793
-0.104956
-0.102748
-0.261794
0.639339
-0.223916
-0.951144
0.229698
-0.184869
-0.511653
-0.649359
0.354802
-0.013419
-0.151326
0.306302
0.158459
0.190195
0.317715
0.306334
-0.739141
-0.080171
-0.322623
0.014091
-0.515586
0.156446
0.049863
0.296746
-0.117444
0.687617
0.074516
0.052138
0.223028
0.331932
-0.035114
-0.154404
-0.076093
0.068230
0.740109
-0.808226
-0.009229
-0.042974
0.329223
-0.103261
0.008447
0.268838
-0.500311
-0.268726
-0.040987
-0.180767
-0.343952
-0.004936
-0.099928
0.439353
-0.484980
0.296253
0.224452
0.093830
-0.384200
-0.263455
-0.263870
0.233947
0.154013
-0.129119
-0.144011
-0.104008
0.157206
-0.184115
0.037361
0.288622
0.153896
-0.039081
-0.110301
0.158233
0.173473
-0.348006
-0.771488
0.216955
0.109328
-0.166861
-0.031325
0.561035
0.112714
-0.293012
-0.443259
0.040179
-0.355785
-0.346135
0.026049
-0.296542
-0.229895
-0.337394
-0.192195
0.080202
0.138893
0.602877
-0.877205
0.233660
-0.361187
-0.153288
0.152610
-0.260924
-0.437659
-0.066579
-0.426515
0.195327
-0.030975
-0.053889
0.672979
-0.197533
-0.095627
0.473244
-0.541843
-0.051282
0.099766
-0.633710
-0.365362
0.204164
0.565821
0.171382
-0.144045
0.113580
0.406457
0.281242
-0.096567
0.368682
0.384417
0.362457
-0.450878
-0.422543
0.276602
-0.235202
-0.162907
-0.051065
-0.017370
-0.198607
-0.254180
-0.586316
-0.350572
0.519916
0.588627
0.202297
-0.283817
-0.148596
0.188561
0.264435
-0.034379
0.219644
-0.659925
0.217782
0.248459
0.219649
-0.283319
-0.162468
0.138962
-0.275862
0.118762
0.000909
-0.272533
-0.727883
-0.546713
0.614133
-0.595138
0.075704
0.010127
-0.119273
0.230513
-0.262224
0.084635
-0.713950
0.036457
-0.331198
0.290106
0.058313
0.502135
-0.661986
-0.492661
0.264402
-0.176719
-0.105193
0.026279
0.110253
-0.405130
-0.708185
-0.242256
-0.176291
0.694844
-0.845025
-0.196312
-0.105130
0.357527
-0.680013
0.200744
0.508858
-0.335468
0.602830
0.135349
0.194523
-0.310598
0.444900
-0.050889
0.074289
0.127527
0.023239
-0.255221
0.020035
-0.318872
-0.013967
0.044747
-0.187027
-0.104337
0.145580
0.422404
-0.075667
-0.484066
0.126985
0.443195
-0.115141
-0.036619
1.013708
0.478756
-0.279235
0.103225
0.223847
-0.475844
-0.275643
0.129820
-0.265674
0.021835
-0.048108
-0.354779
-0.033921
-0.158729
0.161298
0.418364
0.489996
0.229236
-0.048617
-0.441356
-0.074713
-0.622799
-0.339738
0.477921
0.604522
-0.341700
0.023273
0.237165
0.282136
-0.089766
0.051905
-0.333884
-0.156723
-0.349073
-0.312231
-0.378905
0.347585
0.218456
-0.373709
0.153253
0.533917
-0.273555
-0.269764
-0.118347
-0.419363
-0.528169
0.126674
-0.107494
0.093333
-0.113817
0.101202
0.143551
0.106402
0.033452
-0.220576
0.254735
0.054272
-0.098990
0.157890
0.336285
-0.197710
-0.039202
-0.187218
0.330624
0.491846
0.262032
0.225090
-0.229348
-0.056006
-0.870976
0.447632
-0.250678
-0.146572
-0.239617
0.095692
-0.117011
0.474838
-0.402318
-0.192191
0.122583
-0.107368
0.634351
0.330762
0.216532
0.597849
-0.147110
-0.291358
0.292617
-0.305117
-0.432638
0.230296
-0.398117
0.691496
0.595634
0.007720
0.458042
0.407072
0.363261
-0.092401
0.173255
0.127996
0.028762
0.027658
-0.447562
0.181177
0.445007
-0.287971
-0.356370
-0.493612
0.297509
-0.051513
0.068902
-0.115891
0.098766
0.552007
0.215483
0.672924
-0.238805
0.068992
-0.238590
0.098192
0.474268
0.027177
-0.354947
-0.026418
-0.340506
0.156838
-0.320081
-0.075901
-0.440386
-0.153758
0.112075
0.684007
0.575825
-0.204816
-0.628188
-0.045961
-0.101370
-0.314193
0.233989
-0.257379
0.157339
0.272994
-0.127776
0.011475
0.581515
-0.246858
0.294272
0.025070
0.938268
0.125659
-1.026050
0.003024
0.140477
-0.099628
-0.198229
-0.102433
-0.420300
-0.553398
-0.018475
-0.029497
0.679797
-0.285267
-0.561075
0.129203
-0.190281
0.281164
0.655592
0.154897
0.293680
-0.370246
0.148915
-0.425233
-0.003474
0.167763
0.168368
0.296953
0.507213
-0.384054
0.249034
-0.082022
0.090693
0.161976
0.135470
-0.400272
-0.378768
-0.470252
-0.194159
-0.160434
-0.488460
0.246262
0.554434
-0.251176
0.827921
-0.047521
0.169650
0.017464
0.348557
0.067595
-0.078109
0.102831
0.252393
0.064507
-0.498119
-0.219330
-0.026205
0.328350
-0.795975
-0.395657
0.404830
-0.382518
-0.735404
0.173406
0.158750
-0.254905
0.238971
0.334898
-0.041421
0.101529
0.795690
0.205348
-0.328240
-0.669876
0.154149
0.056382
-0.522227
0.409630
0.116287
-0.091365
0.470391
-0.197237
0.342570
0.254050
-0.543556
0.772096
-0.433399
0.774222
0.206407
-0.071985
0.148649
0.486860
0.155802
0.244833
0.015916
-0.141839
0.343859
-0.096934
-0.538646
0.360022
-0.434020
-0.728151
0.458472
-0.366203
-0.579034
-0.476327
-0.567022
0.194359
0.320965
-0.057081
0.140515
0.113271
0.022595
0.130988
-0.517764
-0.020331
-0.640220
0.744506
0.161256
0.255840
0.514904
-0.072656
0.096939
0.056440
0.107706
0.469854
-0.105404
-0.024033
-0.621640
-0.703185
0.334165
-0.381562
-0.650518
-0.013962
-0.040989
0.296012
-0.256843
-0.455123
-0.129712
0.150382
0.008492
-0.016108
0.114989
0.197758
-0.373651
0.478077
0.092863
-0.048241
0.370388
-0.298945
0.139938
-0.044493
-0.258906
0.381438
0.560108
-0.523493
0.026469
0.117551
-0.725304
0.157947
-0.018683
-0.100902
-0.663559
0.691290
-0.046914
-0.467404
0.221905
-0.068313
-0.331152
-0.225152
-0.326498
0.103140
0.164741
0.353217
-0.445322
-0.102765
0.279835
0.160671
0.332766
0.039692
-0.265451
-0.551004
0.496114
-0.384504
0.186624
0.427866
0.163337
-0.722489
0.141858
0.196516
-0.330745
-0.079516
0.311393
-0.210246
0.235325
0.417234
-0.050816
-0.319621
0.300316
0.114577
-0.275787
0.230521
-0.136458
-0.053320
0.006765
0.232875
-0.504013
0.360529
0.293146
-0.164329
-0.242855
-0.131177
-0.314100
0.054144
-0.234183
0.529458
0.140944
0.412804
0.152844
0.073765
0.050925
-0.260043
-0.028345
0.040029
-0.213280
0.253828
-0.066467
0.305836
0.529807
-0.226503
0.343134
0.488453
-0.652604
-0.112601
-0.861888
0.172938
0.347000
-0.425268
-0.322344
-0.173604
-0.294264
0.476276
0.236010
-0.084905
0.094040
0.423860
-0.306953
-0.703046
-0.209893
-0.335043
-0.087373
0.375815
0.061255
-0.406206
0.267353
-0.364574
-0.510083
0.305627
-0.274720
0.236930
-0.451319
-0.012559
-0.195440
-0.086091
-0.026203
-0.488413
-0.661139
0.389842
0.302744
0.269607
-0.487814
0.000484
0.072784
-0.329363
0.158553
-0.096667
-0.232995
0.079476
0.241020
0.098665
-0.037326
0.042535
0.278263
-0.161296
-0.682316
-0.023017
0.590891
-0.810766
0.098254
0.373151
0.103194
-0.238241
0.325613
0.008082
0.081271
0.482461
0.621093
-0.112123
0.090083
0.158608
0.108992
-0.149162
0.590959
-0.533723
0.348411
0.521454
0.222920
0.150944
0.143959
0.405213
-0.867978
0.328601
0.268322
0.035771
-0.049956
-0.479029
0.031678
-0.139411
0.710885
-0.033658
-0.042089
-0.108819
0.019128
0.219365
-0.442737
0.177363
0.203534
0.179541
0.032781
-0.221635
-0.309259
0.418126
-0.003876
0.400536
-0.035236
0.598909
0.524919
0.417886
0.292893
0.121049
-0.614834
0.044798
-0.067003
-0.127834
0.643375
-0.295869
-0.589338
-0.353930
0.120877
0.445907
0.016760
-0.397713
-0.076977
-0.489643
-0.203376
-0.101512
-0.145108
0.809655
0.201020
-0.996421
0.099066
-0.370181
-0.452841
-0.571260
0.210164
0.152927
0.506279
-0.554745
0.351519
-0.668104
0.446642
-0.516439
-0.187471
-0.130719
-0.077555
-0.153771
-0.263453
0.284761
0.054144
-0.048790
-0.115043
-0.411822
0.184554
0.151188
0.281521
-0.272662
0.473773
0.441022
0.421801
0.448393
-0.373260
-0.633805
0.022182
-0.337917
-0.114296
0.407269
0.220935
-0.291598
-0.280902
-0.449358
0.171272
0.068858
-0.577791
-0.246642
0.589453
-0.334115
-0.098144
-0.091164
0.289065
-0.327143
0.120320
-0.075647
0.212192
-0.041319
-0.199240
0.092276
-0.062758
-0.306879
-0.538466
-0.548540
-0.234068
0.019788
-0.715049
-0.313010
0.203355
0.231955
0.506668
0.216568
-0.255607
0.183590
-0.064677
-0.678882
0.500377
-0.162068
-0.078799
-0.282282
0.610168
0.383300
-0.245340
-0.367524
0.009739
0.005189
-0.256178
-0.079518
0.526856
-0.182049
-0.615938
-0.000548
-0.035254
-0.007758
0.344887
0.268618
0.077796
-0.050124
-0.312503
0.228104
0.157537
0.419582
0.185911
0.591240
0.302001
-0.167456
0.370396
-0.101563
-0.580623
0.527552
0.240975
-0.314464
-0.467433
-0.295835
-0.083550
-0.144196
0.085025
0.116903
0.579874
-0.556290
-0.355401
0.616728
-0.139486
0.137970
0.035671
0.644904
0.737996
0.267542
-0.095698
0.166078
-0.226963
-0.109730
-0.466251
-0.177555
-0.103782
-0.068586
0.154161
0.076777
-0.358102
-0.531016
-0.153310
0.538190
-0.197144
-0.326923
-0.142378
-0.032374
0.492216
-0.111720
0.547525
-0.208328
0.075358
0.038140
0.391083
0.614085
0.041004
-0.256303
0.440659
-0.409147
-0.272700
0.073282
0.446704
0.179295
-0.394733
0.405255
0.062676
-0.245351
-0.031272
-0.279666
0.073913
0.310973
-0.339498
0.217771
0.065478
0.293073
0.195444
0.466103
0.207198
0.568466
-0.209823
-0.310030
-0.426900
-0.314088
0.233702
0.086674
-0.241084
-0.374679
-0.376014
0.608171
0.447771
-0.051540
-0.026851
0.005906
-0.162428
0.207054
-0.066361
0.334926
-0.492090
-0.132241
-0.274337
-0.196290
-0.290138
-0.433579
-0.675016
-0.485321
-0.455135
-0.566483
-1.099531
-0.903744
0.015596
0.254772
-0.851045
-0.171470
-0.494506
-0.671421
-1.006611
-0.306520
-0.490579
-0.338305
-0.310247
0.410236
-0.351162
-0.164783
0.688432
0.159609
0.513288
-0.125594
0.179497
-0.091777
0.410948
1.030150
0.516149
0.454444
0.548897
0.620750
1.026435
1.039708
0.754367
0.499589
1.138052
0.172893
0.856604
0.186819
0.725510
0.411054
0.415891
0.163885
0.439661
0.579939
0.660708
0.001419
0.183780
-0.376110
-0.613940
-0.823637
0.145934
-0.782516
-0.644005
-0.831007
-0.584757
-0.265275
-0.659965
0.104068
-0.670355
-0.515356
-0.351307
-0.508003
0.189717
-0.462726
-0.293239
0.157492
0.052939
0.099442
0.354135
0.900485
0.002037
0.583612
-0.122572
0.224672
-0.215287
-0.018422
0.220900
-0.887335
0.001707
0.168281
-0.120181
0.406913
0.336055
-0.597384
-0.416717
0.247935
-0.354856
-0.188092
-0.084067
0.115318
0.010262
0.386581
0.224254
-0.258238
-0.289345
0.279200
0.174423
-0.402658
0.421835
-0.147093
0.350001
0.344624
-0.555009
-0.385387
-0.146101
-0.000472
0.199661
0.364020
-0.243417
-0.393226
-0.577803
0.004588
-0.110397
0.605918
0.091380
0.401480
-0.254755
0.225483
0.538698
-0.588150
-0.064667
0.357638
-0.494589
0.371467
0.316062
-0.064819
-0.452873
-0.103920
0.206572
0.050867
0.196629
-0.010692
-0.007183
0.226201
-0.502061
0.248578
0.270737
-0.489157
-0.159526
-0.382020
0.098512
0.311358
-0.148489
-0.010491
-0.104328
-0.064035
-0.146518
0.101156
-0.182307
-0.217611
0.176710
0.328490
0.053964
0.130170
-0.227482
-0.357497
-0.376297
0.335644
-0.194745
0.173048
0.208666
0.159170
0.582698
0.626142
0.318432
0.038850
-0.037265
0.215117
0.196137
-0.384330
-0.360172
0.241690
0.601828
0.318709
0.412698
-0.021036
0.164457
-0.494488
0.099657
0.039852
-0.231653
0.527221
-0.307890
-0.151930
-0.232582
-0.140492
-0.095801
0.147647
-0.042454
0.317608
-0.234416
0.612269
0.528990
-0.310321
0.201158
-0.612175
0.211213
-0.457687
0.407303
0.065590
0.094809
0.099728
-0.134118
0.182138
0.304047
-0.342583
-0.138354
-0.572813
0.221425
0.269452
0.797508
-0.037732
-0.159618
0.130422
-0.351810
0.386110
-0.220898
-0.406134
0.103370
-0.322164
-0.444801
-0.078989
0.191327
-0.196470
-0.057238
-0.094981
0.168656
0.267056
-0.019422
-0.535552
-0.049434
0.698187
-0.169102
0.343887
0.514925
0.340559
-0.408902
0.353554
-0.007903
-0.211829
-0.120108
0.303005
0.236396
-0.388209
0.324788
-0.607801
0.441159
0.117150
-0.140640
0.190577
-0.029129
0.182118
-0.028497
-0.880276
0.203243
-0.122390
-0.135097
0.067321
-0.488482
0.033314
-0.344493
-0.234395
0.160440
0.089300
-0.037094
0.737268
-0.109051
0.185019
-0.255657
0.501136
-0.138795
-0.094472
0.433375
0.477160
0.094568
0.033555
0.061325
-0.331618
-0.228243
-0.443389
-0.083061
-0.349086
0.074951
0.365866
-0.300419
-0.094842
0.023797
-0.457877
-0.169383
0.735219
0.804740
-0.140264
-0.068796
0.429058
0.133898
0.111836
0.063547
-0.184191
0.135949
0.157056
0.430952
-0.586214
0.232252
-0.548075
0.429601
-0.182590
-0.239357
0.229074
-0.356888
0.461152
-0.013786
0.432482
-0.283514
0.283004
-0.550491
0.013208
0.487596
0.261752
0.225066
0.456468
-0.291747
0.295327
0.063651
-0.085908
0.039464
0.079293
-0.362627
-0.140815
-0.336496
0.224309
-0.721794
0.277080
0.022462
-0.024850
0.720615
0.040486
0.005986
-0.074020
-0.098233
-0.120675
-0.131488
-0.241960
-0.077570
-0.459250
-0.054037
-0.281122
0.077531
0.239987
0.359617
0.043395
0.257823
0.265878
0.043856
0.098875
-0.264460
-0.446799
-0.647743
0.194502
-0.398499
0.316226
-0.383480
0.143199
-0.134601
-0.196722
-0.174268
-0.150987
0.226262
-0.607716
0.409013
0.012188
-0.017335
-0.322219
-0.588422
-0.068670
0.038758
-0.045980
-0.267435
-0.029769
0.388820
-0.076420
0.061347
0.000957
-0.160107
-0.269582
-0.170975
0.160356
-0.000912
0.101817
-0.439728
-0.490621
-0.081219
0.348688
-0.269420
0.025128
0.390209
0.515973
0.357005
0.158569
-0.240737
0.235700
-0.205993
-0.190154
0.283897
0.154083
0.754795
-0.076280
-0.234126
-0.051477
0.145546
-0.155191
0.004589
-0.156333
-0.077828
0.625053
-0.123878
0.029857
-0.071312
-0.051806
-0.351750
0.645365
0.175891
0.139458
0.276928
0.562455
-0.291152
-0.008346
0.543708
0.272437
-0.400970
-0.028388
-0.036536
0.044580
0.709250
0.321291
-0.361135
0.145956
-0.305403
0.074888
-0.187909
0.014743
0.996015
-0.165072
0.270058
0.104999
0.183259
0.107375
0.008809
0.544202
0.164984
0.291533
-0.034868
0.390166
0.041238
0.498260
0.204949
0.207090
0.203079
0.261308
0.330123
0.265152
0.217518
0.434118
0.334460
-0.773219
0.166171
1.236465
-0.657872
-0.643564
-0.128951
-0.255164
-0.162793
0.131634
-0.736710
0.264673
0.393569
-0.688424
0.005752
0.148747
0.419283
0.214720
0.137647
-0.314107
0.326663
-0.420732
-0.082996
-0.082339
0.230742
0.226469
0.262859
0.422644
-0.158197
0.302629
0.104877
-0.358066
-0.176307
-0.708888
-0.424009
0.094648
-0.017482
-0.092281
0.380317
-0.546094
0.201178
-0.663682
0.013035
-0.189129
-0.151359
0.457899
0.516189
-0.605141
0.441646
-0.057026
-0.273009
0.568232
0.275077
0.594081
-0.262205
-0.828638
-0.265471
0.174085
0.273957
0.220523
-0.644246
0.171610
0.107551
-0.194671
0.155346
-0.047431
0.121701
-0.298695
0.206542
0.481872
-0.384180
0.179374
-0.403441
0.023792
0.160474
-0.459467
-0.064610
-0.055071
-0.088576
0.212531
-0.173960
-0.335754
-0.212419
0.807103
-0.117577
0.007617
-0.052729
-0.695636
0.441792
-0.283156
0.392342
0.408557
0.334993
-0.291547
-0.151545
-0.025518
-0.194181
-0.172144
-0.342693
-0.118742
-0.242807
-0.327986
-0.261071
-0.072779
0.012301
0.201152
0.439071
0.206148
-0.017156
0.080734
-0.166806
0.069845
0.346627
-0.459896
0.726633
-0.329069
-0.245625
-0.120158
-0.053318
-0.330995
-0.362601
-0.260752
0.261669
0.172561
-0.067437
-0.191793
-0.814423
0.062388
-0.387036
0.076963
-0.796606
-0.369760
0.133445
-0.012467
-0.609024
-0.076750
-0.308242
0.097495
0.358916
0.061003
-0.227336
-0.101832
0.176983
0.292784
-0.156780
-0.344996
0.285567
0.073810
0.229308
-0.390946
0.334019
0.133530
0.510090
-0.565271
0.248887
0.332724
0.657974
0.122987
0.049578
-0.482760
0.765185
-0.203507
-0.274242
-0.371649
-0.424180
0.225966
-0.070437
-0.004352
0.384930
0.308182
-0.330175
-0.257291
0.235354
0.221211
-0.527437
0.190441
0.741301
0.386760
-0.024687
-0.093819
0.095345
0.719678
0.259987
0.002582
0.218800
-0.245471
-0.255391
0.431471
0.024569
0.207500
-0.219762
-0.373059
0.025032
0.521593
0.558647
0.202110
0.098096
0.224236
0.343630
-0.366593
-0.449176
-0.165995
-0.587754
-0.274846
-0.289104
0.351192
0.137299
-0.148258
-0.176150
-0.287714
-0.140672
-0.220071
0.068979
-0.026855
0.340508
-0.095539
0.012820
0.065723
0.267659
-0.294013
0.342450
-0.275847
0.189055
-0.245702
0.176588
0.014546
-0.176378
0.199652
-0.040063
-0.151629
-0.412197
-0.006221
-0.173029
-0.363793
-0.500968
-0.336421
0.045470
-0.113765
0.414807
-0.081519
0.763917
-0.137242
0.108059
0.278525
0.104441
0.096572
0.089844
-0.406879
-0.030210
-0.301354
-0.470062
-0.014536
-0.039215
-0.144835
0.041538
0.188540
-0.252498
-0.439809
-0.816079
0.260929
-0.246447
0.261211
-0.273128
0.191503
0.529681
0.396922
-0.473991
-0.243969
0.096381
0.187542
0.011349
-0.313291
0.098348
-0.264965
0.749710
0.214529
0.160752
0.109594
-0.186850
-0.006806
0.025657
-0.425969
-0.082983
-0.274384
0.129689
-0.285643
0.409884
-0.344473
-0.101521
0.269563
-0.102067
0.465827
0.042209
-0.053258
0.220089
-0.112369
-0.242603
0.015360
0.173483
0.415799
0.373758
-0.341889
0.405310
0.415394
-0.229845
-0.063636
0.374754
-0.245059
-0.457265
0.153375
-0.820454
0.171136
0.298303
0.326917
-0.538075
0.164051
0.266985
0.336284
-0.020902
-0.298810
-0.027479
0.499801
0.269712
-0.080983
0.412728
-0.532729
-0.251134
-0.487225
0.324206
-0.101391
-0.214306
0.350615
-0.109583
0.080801
-0.388524
-0.076725
0.370283
-0.235164
-0.414612
0.291021
-0.242121
-0.472128
0.067696
-0.348957
-0.196126
-0.051300
0.572441
0.180690
-0.212139
-0.283075
0.425963
-0.503795
0.316139
-0.200872
-0.432478
-0.517088
0.725419
0.031847
-0.061365
-0.248524
-0.542559
0.281069
-0.096919
-0.298694
-0.209424
0.225495
0.173456
0.175664
0.100211
-0.111745
-0.553748
0.615476
-0.167530
-0.671396
0.368496
0.274778
-0.911933
0.292816
0.060706
0.491830
-0.194565
-0.028378
-0.127410
0.485477
-0.625916
0.476595
0.414800
-0.228243
-0.142018
-0.308500
0.134864
0.112028
0.229355
-0.552763
-0.657150
-0.275944
0.426606
0.137149
0.218120
0.409727
-0.119743
0.134349
0.581282
-0.210549
0.104271
-0.387032
-0.656666
-0.284540
0.178313
0.692813
-0.545093
0.046975
0.019731
-0.195416
0.108229
-0.084570
0.082621
-0.026199
0.051929
-0.278722
-0.118322
0.886911
-0.088291
-0.096370
-0.868187
0.487679
0.225005
-0.153556
-0.317295
-0.209361
-0.291206
-0.221242
-0.325540
0.486298
0.146161
-0.115421
0.662480
-0.336620
-0.047156
0.408485
-0.195850
0.317479
0.019075
0.322886
-0.190134
-0.056419
-0.257184
0.220678
-0.042604
-0.139334
0.775298
-0.236044
0.231530
-0.042908
0.014575
0.345544
0.342119
-0.393867
-0.127392
-0.907976
-0.068105
0.812005
0.073722
0.535747
-0.293625
-0.449455
0.317606
0.569062
0.457173
0.101633
0.215011
-0.381272
-0.481824
0.436952
0.153649
-0.073237
-0.208534
0.178844
-0.517532
0.188264
-0.712186
0.154147
-0.080880
0.242700
0.236002
0.174373
-0.228994
0.077986
0.077156
0.222616
-0.079078
-0.173713
0.056994
0.732613
0.151555
-0.169756
-0.153626
0.059716
-0.019384
-0.184909
-0.354113
-0.149243
-0.172551
-0.011399
-0.068781
0.051194
-0.275976
-0.188649
0.593087
-0.147947
0.135217
-0.507095
0.518974
-0.383373
-0.207939
0.155584
-0.455977
0.196026
0.112149
-0.160941
0.251493
-0.476949
0.092265
0.423031
-0.096918
0.369716
0.883778
0.612384
-0.239001
0.465719
-0.512271
0.017319
-0.358386
0.444869
0.674303
0.124399
0.541759
0.348558
0.662914
-0.398359
0.084823
0.428821
-0.722061
0.231512
-0.082487
0.068921
-0.357190
0.988363
-0.493868
-0.699872
0.471656
-0.192644
-0.343827
-0.798544
-0.104413
0.339596
-0.075589
-0.395249
-0.587014
-0.156894
0.508035
0.834747
-0.389149
0.146958
0.253889
-0.811569
0.390215
0.315798
0.264784
-0.079902
-0.620494
-0.180378
0.391525
-0.221836
-0.312818
-0.243661
0.014548
-0.430822
0.496986
0.734921
-0.072488
0.047219
-0.215873
-0.221273
-0.052667
-0.095734
-0.763576
0.019334
-0.547222
0.021931
-0.836915
0.059272
0.319953
-0.463849
0.406185
0.283498
0.536822
0.480191
0.271278
0.019589
-0.420035
0.072882
0.157535
0.802380
0.168729
-0.230739
-0.428481
-0.513871
0.116141
-0.404785
-0.406489
0.110172
0.153767
-0.414395
0.154330
-0.112574
-0.088717
0.212607
-0.058394
0.036847
0.733371
0.005027
0.205736
-0.243678
-0.626530
0.181435
0.261739
0.264428
-0.359663
-0.392704
-0.063294
-0.083859
1.024464
-0.119101
0.241368
-0.043385
0.247934
-0.350719
-0.509563
-0.042491
0.056242
0.150837
0.485710
-0.299974
0.595534
-0.127052
0.307966
0.522219
-0.622346
0.032617
-0.256770
-0.089660
0.077331
-0.253601
0.409930
0.056411
-0.185520
-0.028436
-0.067238
0.152005
-0.288312
0.338799
0.759116
0.115739
-0.037097
0.368847
-0.195245
-0.907993
-0.242458
0.322393
0.234065
0.101495
0.061054
-0.207938
-0.115871
0.287767
0.163690
0.375867
0.450737
-0.094013
-0.157360
0.166023
0.275987
-0.327679
-0.055146
0.459191
-0.355232
0.077176
-0.303884
-0.286195
0.461033
-0.098106
0.246942
-0.118120
-0.026079
0.460414
-0.024021
-0.084924
0.137198
-0.027190
0.428930
0.145094
0.274936
0.431719
0.029750
0.089934
0.390526
-0.224813
0.184157
0.124290
-0.024606
-0.347805
-0.232167
-0.424406
0.111965
-0.030022
0.335295
0.172768
0.532377
-0.159973
-0.083678
0.378671
-0.690978
-0.178530
0.023002
-0.603547
-0.042020
-0.171530
-0.674279
-0.214303
-0.507003
0.069102
0.052604
-0.142935
0.196824
0.303587
-0.090013
0.451323
-0.381213
0.033871
-0.226980
-0.016140
0.226870
-0.322377
0.267052
-0.231164
0.120148
0.132952
-0.707362
-0.213765
-0.282322
-0.521633
-0.792310
0.034775
-0.440934
0.077362
0.294982
-0.128634
0.776096
-0.457822
0.431154
0.499531
-0.160824
-0.144073
-0.382552
0.000563
0.368810
-0.316892
0.615773
0.173647
-0.031069
0.244565
-0.078945
-0.252402
-0.294191
-0.134274
0.448500
0.396118
0.308546
-0.290280
0.398270
-0.125668
-0.094776
-0.169190
0.288062
0.646607
-0.312556
-0.178138
-0.263648
-0.670568
-0.190700
-0.281379
0.329120
0.670078
-0.331436
-0.174989
-0.084660
-0.156510
-0.060237
0.394758
-0.164227
-0.477278
0.263370
0.096726
0.273437
-0.794127
-0.535598
-0.428116
0.007639
-0.121083
-0.260634
-0.271233
0.057192
-0.493456
0.139889
0.570099
0.095356
0.015618
-0.292555
-0.008053
0.062070
-0.096056
-0.581832
-0.129999
-0.889280
0.019155
-0.035212
0.156949
0.047695
0.440057
-0.204715
-0.150603
-0.087451
0.263076
-0.401977
0.037420
-0.183441
-0.421997
-0.411687
0.556312
0.696728
0.312013
0.118458
-0.175235
-0.483519
0.523460
0.199056
0.552403
-0.115147
-0.133588
0.138142
0.266238
-0.084347
0.063650
0.454566
0.652824
0.179989
0.325666
0.880429
-0.060140
-0.241142
0.037741
-0.011743
-0.336847
-0.504861
0.368088
0.042099
-0.409595
0.364425
0.457585
-0.066802
-0.585045
0.144159
-0.396140
-0.021839
-0.129403
0.631296
-0.737756
-0.688210
-0.066560
-0.075724
0.223168
0.034028
0.399985
-0.427118
0.419386
0.135054
0.529747
0.022614
0.023561
0.247731
0.552676
0.690514
0.566794
0.040158
0.108866
-0.177772
0.180281
0.103993
-0.173866
0.069202
0.151835
0.183465
0.097131
0.527345
0.713659
-0.393708
-0.271104
-0.113557
0.036785
-0.554337
-0.038857
-0.287582
0.058928
-0.761564
-0.271307
0.197250
-0.156826
-0.053593
-0.257692
-0.231134
0.225223
0.004373
1.082977
-0.033906
-0.414950
0.777268
-0.599374
0.220785
-0.067797
0.216788
0.315365
-0.296318
-0.266030
0.237088
-0.090403
0.142332
0.249335
-0.255890
0.172151
0.052850
-0.024298
-0.072180
-0.214347
0.458766
-0.166923
0.977231
-0.235691
0.228820
-0.041836
0.460869
-0.394649
-0.379352
0.003354
0.124135
0.220469
0.210968
0.136689
-0.057422
-0.475536
0.348956
0.319001
-0.645775
-0.163746
0.819602
0.406920
-0.154863
-0.534240
-0.000441
-0.091830
0.656966
0.134574
0.583474
0.711505
-0.189655
-0.152049
-0.454653
-0.000412
-0.519346
-0.041850
-0.738918
-0.836175
-0.121753
0.303507
0.368890
0.224474
-0.277104
0.428911
1.021878
-0.305366
0.442001
-0.503771
-0.593528
0.527916
-0.311829
-0.017530
0.258561
-0.299000
0.103031
0.181493
-0.239628
0.450938
-0.040177
0.154338
0.100543
0.037176
0.447573
0.271173
0.174320
0.058746
0.082764
-0.457643
0.313927
0.613021
-0.266493
-0.777329
-0.564887
-0.593978
0.649058
-0.060485
-0.185076
0.449447
-0.293696
0.498717
-0.233826
0.202371
0.408367
-0.085170
-0.018149
0.015917
0.204305
-0.186167
-0.090329
0.292111
-0.008186
-0.081344
0.080289
-0.324870
-0.563813
-0.009890
0.253886
-0.403682
0.722056
0.223739
-0.144212
0.111544
0.165931
0.104243
-0.268838
-0.632113
-0.208021
0.304381
0.631441
0.044585
0.232523
0.205432
-0.126870
0.263367
-0.184214
0.100424
0.003971
0.072709
-0.202345
-0.643475
0.437905
-0.130889
-0.066101
-0.027540
0.272309
0.695273
-0.293972
-0.199051
0.222778
-0.186876
-0.360174
-0.466176
-0.054318
0.396532
-0.580562
-0.313130
-0.356256
-0.046353
-0.187609
-0.022281
-0.479935
0.069261
-0.141115
0.221705
-0.010272
-0.181483
0.059756
-0.424477
0.268489
0.118121
0.840009
0.094052
-0.181640
0.091803
0.050181
0.048134
0.608167
-0.159076
-0.012746
-0.111912
0.103326
0.601954
0.335979
0.039976
0.098277
0.119666
0.113843
0.100743
-0.100555
0.031323
-0.214549
-0.744010
-0.121709
-0.291210
-0.041046
0.161141
0.201160
0.365531
0.725495
0.401143
-0.640627
0.185834
-0.470560
0.849338
0.002501
0.000678
0.073133
-0.674075
0.042143
0.367943
0.317808
0.639120
-0.181442
0.070152
0.043147
0.408057
-0.428492
-0.286908
-0.596016
-0.656405
-0.352731
0.030024
-0.473088
0.658722
-0.122700
-0.112501
0.201744
-0.221640
0.086169
-0.227915
-0.190217
-0.392115
0.188307
-0.267432
-0.601566
0.258056
0.169794
0.212485
0.097231
-0.288510
0.355362
-0.368378
0.242581
-0.400855
0.516807
-0.356492
-0.004356
-0.159795
-0.612184
-0.106605
-0.343116
-0.478523
-0.164586
-0.093160
0.303859
0.021373
-0.051601
-0.250267
-0.556954
-0.643627
-0.199069
-0.103040
0.801094
0.320001
0.449134
-0.109062
0.023032
-0.270541
0.426269
0.080021
-0.309950
-0.118118
0.313358
0.765629
0.047318
-0.072009
0.471554
0.155853
-0.219335
0.363533
-0.017136
-0.294362
-0.036315
0.121674
0.543531
0.460838
-0.316364
0.452151
1.003108
0.532693
0.267003
0.500646
-0.111378
-0.001641
-0.508300
0.423157
0.012252
-0.134298
-0.285774
-0.472697
-0.330235
0.433905
0.232242
0.383130
0.281101
0.018664
-0.100821
0.520322
-0.304142
0.212696
-0.470383
0.316878
-0.017149
-0.382581
-0.004658
0.206251
0.130659
0.103116
0.280258
0.716998
-0.175301
0.097156
-0.486945
0.431999
-0.755686
0.286003
0.141363
0.319430
0.634655
0.181570
0.330967
-0.123319
-0.141213
0.229643
-0.203870
0.251531
0.004137
0.108123
-0.550818
-0.214684
-0.182454
0.420490
-0.281619
0.090795
0.293567
0.014487
-0.192650
0.375002
0.201210
0.006321
0.193360
0.061026
-0.213809
-0.461314
-0.015352
-0.270724
-0.442752
-0.398573
-0.618382
-0.359703
0.243998
0.006561
0.428107
0.411942
0.076843
-0.243459
-0.535047
-0.690371
-0.200866
0.453411
0.070865
0.201692
-0.191673
-0.424870
0.047377
-0.244017
0.411827
-0.372929
0.108541
-0.162933
0.275065
0.745457
-0.113279
0.213359
-0.168262
-0.386619
0.327868
0.498631
0.217657
0.324296
-0.149369
-0.200987
0.649805
0.322527
-0.104033
0.091270
-0.683591
-0.214100
-0.065889
0.134779
-0.496663
-0.473387
-0.007235
-0.036401
-0.205322
0.360236
0.123486
-0.108135
0.029097
0.223924
0.358952
0.498042
-0.273018
-0.008912
-0.311514
0.331985
-0.054854
0.288564
0.187886
0.108744
0.067742
-0.496268
-0.232444
0.633790
-0.080203
-0.034984
0.230637
0.244087
0.176040
0.122189
0.002716
-0.282404
0.083010
0.000357
0.413791
0.377168
0.044072
-0.406401
0.229175
-0.231371
0.061557
-0.278146
-0.469644
-0.629035
0.349152
-0.420143
0.306495
-0.526842
0.021214
-0.110288
0.264654
0.426361
-0.661407
0.363248
-0.199348
0.559825
-0.158058
0.296147
-0.336325
0.507116
-0.089174
0.219428
-0.066901
0.674990
-0.001408
0.027646
0.119594
-0.406468
-0.605451
-0.114818
-0.200499
0.127088
-0.137715
0.150610
-0.395701
-0.112084
-0.552592
-0.335155
-0.403200
0.360201
-0.458206
0.258496
0.068480
0.390299
-0.214756
-0.223252
0.573196
0.304012
-0.151338
-0.359250
-0.255652
-0.299951
-0.377529
0.146597
-0.463047
0.348275
0.748910
-0.489434
-0.299421
-0.354567
0.439680
-0.854732
-0.647008
0.222354
0.159790
0.448543
-0.556492
-0.191033
-0.834341
0.801195
-0.017230
0.263454
-0.250617
-0.289045
0.049801
0.072632
-0.148940
0.085244
-0.413178
-0.390683
0.119581
0.058745
0.268632
-0.118667
-0.384129
-0.288557
-0.188935
-0.120694
0.003105
-0.041000
0.344627
-0.049009
0.015939
-0.207214
0.029699
0.076054
0.060281
-0.291352
0.263617
-0.066994
-0.407059
0.716345
0.217758
0.129823
-0.520168
0.250472
-0.748394
-0.397839
-0.346413
0.128246
0.332379
0.593325
0.132147
-0.311053
0.458161
0.358565
-0.758006
-0.049540
-0.227540
0.308134
-0.167482
0.168507
-0.453211
-0.302595
0.315832
-0.039542
-0.532123
0.056967
0.089679
0.374904
-0.437173
0.502352
0.671173
0.080434
0.736474
0.323424
0.418328
0.188400
-0.195254
-0.237665
0.292498
0.183984
-0.149397
0.243739
-0.170902
0.023764
0.113929
0.053147
0.426463
0.494623
0.138265
-0.103863
-0.386959
-0.125046
0.290090
-0.063586
0.523199
-0.292162
-0.013863
-0.510251
-0.078323
-0.241763
-0.393078
0.534880
-0.101348
0.461613
0.101883
-0.131813
-0.198465
0.149385
0.112984
0.464532
-0.972883
-0.110115
-0.272790
0.241577
-0.048792
0.582743
0.548203
0.057175
-0.166611
0.549585
0.332588
-0.396200
-0.190956
-0.037140
0.296629
-0.355903
-0.487328
-0.049477
-0.274274
0.109709
0.038193
-0.670676
-0.079165
0.947527
0.001681
-0.410525
-0.251672
-0.055772
0.202400
-0.194498
-0.222183
0.022366
0.057526
0.140732
0.354770
0.144710
0.077567
0.417715
0.074928
-0.781431
0.076374
-0.053977
-0.144422
-0.082444
0.536637
-0.027622
0.084221
0.037853
-0.165172
-0.118450
0.214838
0.053477
-0.155661
0.454804
0.037753
-0.267192
-0.111709
0.112334
-0.445366
-0.447334
0.725725
-0.161533
-0.437364
-0.091650
-0.536563
-0.060863
0.269140
-0.298413
0.339161
-0.340704
-0.058660
-0.304316
-0.414063
-0.073090
0.019161
0.225256
-0.373338
0.459790
0.108755
0.011140
0.282423
0.411482
0.152210
-0.163899
-0.196648
0.112732
0.752957
0.475382
-0.027290
-0.122959
-0.439458
1.035450
0.391251
-0.415209
0.371903
-0.066097
-0.046880
0.113468
-0.318661
0.320103
0.039622
-0.063432
0.337738
0.294270
0.017176
0.401918
0.142377
0.470856
0.258556
0.132648
0.084475
-0.251622
-0.850434
-0.422201
0.286373
-0.104561
-0.056178
-0.567002
-0.388697
-0.240897
0.004587
0.066758
-0.482925
-0.559173
0.361246
0.423263
-0.207662
-0.229839
-0.233326
-0.181260
-0.434990
0.084069
0.864389
-0.188370
0.292330
-0.138047
0.381743
-0.032240
-0.481758
-0.183344
-0.613576
-0.372914
0.428268
-0.289870
0.349637
-0.714685
1.116073
0.853827
0.257941
0.056849
-0.472175
-0.455072
-0.144231
-0.186781
-0.109632
-0.260950
0.085097
0.625289
0.316009
0.107081
-0.253877
0.124142
0.032418
-0.449806
-0.509173
0.582865
-0.480706
0.293626
0.126090
0.514073
0.114658
0.290115
0.034362
0.108902
1.239576
0.459900
0.400740
0.178319
-0.018119
-0.224156
0.727047
-0.098166
0.131648
-0.420468
0.025740
-0.000298
-0.429367
0.151603
-0.206291
0.204775
-0.328940
0.623641
-0.198286
-0.282130
0.101131
-0.342102
0.398843
0.150616
-0.152185
0.042817
0.011465
0.692795
-0.112146
-0.534863
-0.225276
-0.546607
-0.120583
0.215466
0.231968
-0.355746
-0.357928
0.125265
0.502148
0.038898
-0.570848
0.315418
0.610468
-0.118151
0.595147
0.220111
0.160291
0.251048
-0.555399
-0.416429
0.441711
0.061531
-0.009764
0.469390
0.028696
0.027879
0.207863
0.559271
0.310909
-0.485022
0.497059
-0.203394
0.249660
0.050559
-0.302752
0.481834
-0.732778
-0.191450
-0.181732
0.401041
-0.411628
0.392515
-0.289712
-0.038106
0.324419
0.581942
0.318043
0.431448
0.537972
-0.642229
0.221942
-0.093739
0.208191
-0.558855
-0.524840
-0.223951
-0.196830
-0.117172
0.247901
-0.381425
0.199573
-0.539942
-0.005488
-0.401678
-0.211350
0.280414
0.374708
0.215255
0.381878
0.412577
-0.000206
-0.123342
-0.256675
0.501394
0.042250
-0.312794
-0.578392
-0.206890
0.000054
-0.330118
0.579995
0.221713
-0.460882
-0.129908
0.141167
-0.515029
0.140042
-0.354497
-0.097956
0.164409
-0.638052
-0.120712
0.080577
0.239142
-0.456427
-0.137407
0.296992
-0.445064
1.025834
-0.018037
-0.064236
0.109063
-0.174117
-0.358463
0.283837
0.165282
-0.184233
-0.076532
0.122561
-0.145546
0.336042
-0.512847
0.407570
-0.075412
0.641102
-0.715895
0.367337
0.483329
0.449688
-0.122298
0.011336
-0.480503
-0.501814
0.403890
-0.338604
-0.057205
-1.037232
-0.469915
-0.127587
-0.282918
-0.456363
-0.293277
0.166231
0.007377
0.029446
-0.020071
0.175914
0.426846
-0.339535
0.478806
-0.048778
-0.103495
-0.977163
-0.057069
0.077007
-0.064585
0.215270
-0.348496
0.246273
-0.243951
0.151879
0.028454
0.227759
0.023073
0.364113
-0.514473
0.384682
0.106248
0.174013
0.407984
-0.445583
0.047272
0.338149
0.155058
-0.383015
0.367313
0.142765
0.306344
0.194887
0.058263
-0.107131
-0.069530
-0.102850
-0.158154
0.353165
-0.118996
-0.452238
-0.056747
-0.439406
0.045853
-0.083848
-0.056223
0.247996
-0.543189
-0.133312
0.477132
-0.173679
-0.092912
-0.473475
0.395906
-0.071220
0.338536
-0.392481
0.633744
0.136428
0.144533
-0.706671
-0.044704
-0.350170
0.348411
0.096415
0.324044
-0.468607
-0.383429
0.492703
-0.379330
0.305256
0.094024
0.550473
-0.114303
0.058524
0.016337
1.068474
0.440884
0.222332
-0.489574
0.119407
-0.379434
-0.246491
-0.516233
-0.309861
-0.192785
0.361831
-0.120042
-0.464106
-0.561599
0.133297
-0.630730
-0.427561
0.352565
-0.125419
-0.131254
-0.355727
-0.010452
-0.151301
0.359813
-0.260544
0.007841
0.133903
0.424947
0.083445
0.710823
-0.074450
0.734809
-0.113356
-0.563421
0.359471
-0.080790
0.178823
0.320862
-0.006067
-0.213965
0.760943
-0.141163
-0.138431
-0.014105
-0.025555
0.532061
-0.025211
0.292590
-0.285432
-0.200736
0.141330
-0.345873
-0.137249
0.459334
-0.256369
0.151125
-0.039941
-0.437335
-0.208174
-0.867574
-0.160081
-0.523690
-0.057334
-0.224708
0.660663
-0.205184
-0.340189
-0.501231
0.189998
0.106723
0.332915
0.249910
-0.263669
-0.233518
-0.661710
0.147083
0.155099
-0.315915
0.496028
-0.265815
-0.064068
0.224844
0.170976
0.086421
-0.498766
-0.442765
0.116910
0.217611
-0.085668
0.467327
-0.482846
0.050043
-0.116437
-0.454336
0.059815
0.413901
-0.081634
0.022353
0.287385
-0.031496
0.603991
-0.348819
0.145985
0.822447
0.549665
-0.312857
0.288467
0.308117
0.230811
0.229041
0.238213
-0.317068
0.194303
0.514848
0.387246
0.284439
-0.311935
0.274980
0.521254
0.011236
0.369361
-0.542698
-0.147852
-0.133604
-0.108809
-0.164594
0.333085
-0.152490
-0.529990
0.878997
-0.215453
0.136872
-0.105489
-0.224352
0.017965
0.211980
-0.022276
0.125084
0.494721
0.116728
-0.172319
-0.160070
0.013718
0.395834
0.289717
0.137322
-0.316940
0.104608
-0.401010
0.286755
-0.213423
0.014925
-0.052184
0.366571
-0.235386
-0.064608
-0.098692
0.237513
0.925560
-0.375352
0.013517
0.003027
-0.043191
-0.197574
-0.047418
-0.048948
0.804922
-0.269063
-0.141246
0.046855
0.061870
-0.123901
-0.311238
0.009051
-0.400321
0.095729
0.260515
0.243831
-0.565072
0.197248
0.134699
-0.383061
0.370904
-0.354511
0.123519
-0.278032
0.263759
0.328053
-0.638043
0.308651
-0.121255
-0.090622
0.084940
-0.183982
-0.209056
0.091582
-0.347254
0.264951
0.079101
-0.022538
0.126133
0.170992
0.173685
-0.023866
-0.213036
0.079303
0.215799
-0.039631
0.315168
0.070377
-0.141638
-0.339867
0.105817
-0.121864
0.394267
0.532056
0.053387
0.515857
-0.148707
-0.364150
0.062658
0.271356
0.093958
0.134282
0.102424
0.412964
-0.561868
-0.328772
-0.614870
-0.181274
0.147823
0.081410
-0.292487
-0.149261
-0.206431
