0.456072
0.161928
-0.144739
0.177558
0.022486
0.157335
-0.014805
-0.514594
0.701285
-0.074977
0.404077
-0.382493
0.086826
0.531813
0.035349
0.122809
0.365360
0.303566
-0.832148
0.364336
-0.427858
0.099905
0.108572
-0.244858
0.089505
0.162746
-0.311991
0.017047
0.113917
-0.287139
0.165012
0.201286
0.667725
0.067122
-0.715485
-0.291930
0.633690
-0.383361
0.360757
0.290157
0.483346
0.609358
0.312690
-0.373729
-0.431875
-0.255328
-0.494361
0.384585
0.533682
-0.224155
0.241788
-0.641047
-0.661530
-0.110157
-0.616397
0.375370
-0.142889
-0.693189
0.304202
0.236280
0.055765
0.099514
-0.087723
0.471339
0.326704
-0.073634
0.077741
0.338015
-0.950400
0.099032
0.696629
-0.240680
0.345602
0.084191
-0.459457
-0.009654
-0.597228
-0.191263
0.157835
0.467774
0.616275
-0.280776
0.083857
-0.030830
0.551146
1.128528
0.209854
0.215415
-0.063096
0.344534
-0.019052
-0.434048
0.236795
-0.340287
0.287336
-0.095263
-0.114023
0.552765
0.378433
0.142010
-0.048852
0.135165
0.910217
0.278563
-0.340246
-0.022855
0.394011
0.567911
0.311305
0.375620
-0.635215
0.465936
0.233805
0.078607
0.688196
-0.208807
-0.484784
-0.000614
-0.642765
0.693722
0.138752
0.020043
0.371493
-0.019335
0.027624
0.299137
-0.088037
0.516684
0.433986
0.097356
-0.173402
-0.549093
-0.346088
0.005997
-0.197449
-0.222841
-0.235611
0.272228
-0.383133
-0.069660
0.340324
0.408464
-0.435721
-0.344720
0.036427
0.507420
-0.197781
0.099954
0.366379
0.793941
-0.097234
0.851001
0.477668
0.435585
0.065991
-0.282903
0.325136
-0.284988
0.307490
-0.429811
-0.384738
-0.164507
-0.245185
0.175685
0.073005
0.091310
0.225517
-0.041827
0.391523
-0.050059
-0.216709
-0.678432
0.258162
-0.309471
-0.111231
-0.355184
0.064265
0.228035
-0.064326
-0.217130
-0.202170
0.629581
-0.962364
-0.692112
-0.167840
-0.044491
0.500589
0.068829
-0.143461
-0.414412
0.327609
-0.514563
-0.164161
-0.415832
-0.385194
-0.434103
-0.071864
-0.012583
0.262865
0.080843
-0.219774
-0.128981
0.113010
-0.343832
0.010077
-0.311956
0.308876
-0.074784
0.176639
0.502590
-0.160476
0.146813
-0.280624
0.056688
-0.198435
0.453242
0.399886
0.199285
-0.607494
-0.047451
0.184845
-0.245613
0.004206
0.146518
0.104008
-0.517404
0.028261
-0.584810
-0.519863
-0.225524
-0.364975
-0.161713
0.151622
0.297711
0.342876
0.277637
-0.282387
0.264592
0.487326
-0.112019
0.232891
-1.023023
0.026352
0.566540
0.472728
-0.106678
-0.038989
0.627735
-0.248678
-0.011707
-0.458171
-0.528629
0.041689
0.034616
0.360195
0.180068
-0.154491
-0.606575
-0.082661
-0.202080
0.648333
0.477477
0.216087
-0.272950
-0.342541
-1.035732
0.004224
-0.144405
-0.010904
0.403639
-0.132182
-0.056108
0.386288
-0.075264
-0.243305
-0.033044
0.256157
0.086410
-0.407744
0.020288
-0.376338
0.269304
0.700169
0.486192
0.289150
-0.110080
-0.075973
-0.202750
-0.196656
-0.314295
0.143556
0.304564
-0.173736
0.077778
0.080917
0.477432
0.352584
-0.273891
0.127603
0.596051
0.570669
-0.517098
0.005447
0.326642
-0.065348
0.372431
-0.431393
0.231994
0.179475
-0.236162
0.671302
-0.042937
1.229303
-0.138434
-0.085528
-0.524018
-0.281113
-0.121047
-0.006389
0.032529
0.026700
0.084105
0.546733
-0.057878
-0.079980
0.369901
-0.159678
-0.842862
0.385379
0.238836
-0.025031
0.253034
0.187294
-0.477724
-0.291287
-0.111824
0.418972
-0.348317
-0.036094
-0.102740
-0.290580
0.023578
-0.061068
-0.534328
-0.235038
-0.439283
0.000409
0.375196
0.715862
-0.559590
-0.548127
-0.127310
0.047295
-0.113785
-0.227460
0.074046
0.065084
0.375802
0.303175
-0.370375
-0.369210
0.299699
0.130291
0.496850
0.031657
0.830902
0.310465
0.060830
-0.045049
0.050415
0.047438
0.229663
-0.295854
0.229985
-0.030636
-0.318568
-0.087932
-0.163700
-0.126117
0.165521
-0.789923
0.405588
-1.092608
-0.253310
-0.471139
0.398361
0.310142
0.069999
-0.266299
-0.436740
0.078628
-0.413971
0.558612
-0.295894
-0.227429
0.078862
0.802273
-0.383754
0.433009
-0.366184
-0.124507
0.565101
-0.218244
0.694614
0.348508
-0.350175
-0.045827
0.372116
0.100721
-0.015166
0.628145
-0.596552
0.040529
0.227477
0.423007
-0.111075
0.396421
-0.169251
-0.386266
-0.017621
0.181586
0.217096
-0.268851
0.148708
-0.454246
0.262049
-0.332461
0.282771
0.295738
0.240798
0.370718
-0.007166
0.390749
0.363710
-0.224190
-0.007577
0.312444
0.016639
-0.342038
0.351106
0.039457
0.601560
-0.797441
0.054532
0.280104
0.118266
0.074388
0.261506
-0.064842
-0.302076
-0.418694
-0.233399
0.283907
-0.171409
-0.014180
0.323339
0.668165
0.049884
-0.061218
0.202350
0.255569
-0.761925
-0.788116
0.230797
0.508765
0.113280
-0.154395
0.166376
-0.404190
0.443486
-0.437202
-0.434929
0.045874
0.067484
-0.067173
0.400738
-0.052101
-0.472038
0.114331
0.270236
-0.156080
-0.096767
0.879611
0.400562
-0.158552
0.256914
-0.241226
-0.231056
-0.324644
-0.160023
0.356797
-0.156266
0.175742
0.579827
0.343447
-0.055098
-0.180509
-0.162373
0.535458
-0.226397
-0.210300
0.009976
-0.278532
0.502614
-0.298595
0.424552
-0.702001
0.431013
0.989364
-0.196312
-1.099280
-0.053101
-0.005986
-0.132365
0.117504
-0.079726
-0.424199
-0.009417
-0.205888
-0.113877
-0.178918
0.269206
-0.107708
-0.642527
-0.051710
-0.217213
0.666727
0.000559
-0.447179
-0.680378
0.436786
0.206307
0.055431
0.013134
-0.688719
0.334982
-0.268749
-0.388060
0.558341
-0.057205
0.785407
-0.681833
0.204343
0.358868
-0.913770
0.395618
0.165757
-0.455005
0.175848
-0.228081
0.467236
-0.260402
0.482934
-0.112232
0.061505
-0.597408
-0.527573
0.195320
-0.360638
0.101591
0.288296
-0.375101
0.455009
0.353187
0.376851
-0.135277
0.186713
-0.328377
0.328089
-0.733862
-0.190412
-0.616018
0.369147
0.013056
0.687336
-0.215860
-0.309160
0.735449
0.129916
0.523429
0.033287
-0.098489
-0.211868
0.101017
0.602510
0.250692
0.490372
0.434597
-0.159529
0.107411
0.551464
0.406637
-0.124274
-0.223019
0.173241
-0.157912
-0.664112
0.677645
0.239140
0.067131
-0.142494
-0.028937
0.550116
-0.296197
0.025292
-0.022768
-0.016395
0.043274
-0.177781
-0.049501
-0.324899
-0.017347
0.212239
0.318844
0.347775
-0.568740
-0.009587
0.290556
0.075993
-0.132006
0.205208
0.365308
0.118716
-0.404849
-0.104130
0.450316
-0.088985
0.123807
-0.238198
0.002622
-0.048920
-0.272238
0.432341
0.449067
-1.022006
-0.021741
-0.194608
0.055823
-0.746280
-0.097413
0.567699
0.594050
0.041978
-0.013880
-0.240847
0.466838
-0.525616
0.457025
-0.705560
0.627740
-0.794177
-0.159884
-0.170673
0.267711
-0.337954
-0.297463
0.554041
-0.535596
-0.014243
0.113217
-0.499069
-0.816932
0.237293
0.268371
0.278568
0.214708
0.311992
-0.027952
-0.222317
0.121952
0.693312
-0.106438
-0.408331
-0.046875
-0.028473
-0.152306
0.810222
-0.111608
0.270772
0.102288
-0.624371
-0.387599
0.023827
-0.096072
-0.842250
0.657818
0.243187
-0.001657
0.433652
0.302474
-0.385005
-0.859535
0.597218
0.037524
-0.159599
0.338006
0.104296
-0.740022
0.214208
0.209581
0.659679
-0.448943
0.243370
-0.003104
-0.372022
-0.143279
0.380967
0.661059
-0.355579
0.110272
-0.105560
-0.118673
-0.469470
-0.298960
0.074076
-0.146786
0.328924
-0.223596
-0.208230
0.450253
0.540613
-0.002712
-0.072788
0.063113
0.105100
0.614504
0.085067
-0.414419
0.100576
0.299690
0.034032
0.462111
0.070655
-0.198118
0.185754
0.373297
0.119831
-0.234001
-0.060444
0.133137
-0.349813
-1.025876
-0.457885
0.029047
-0.130334
-0.047239
-0.239081
-0.073347
-0.429482
0.298155
-0.559416
-0.868740
-0.675197
0.054000
-0.113713
0.390284
0.362336
0.080051
0.029381
0.317155
-0.071253
-0.483986
-0.233680
-0.526563
-0.008491
0.696940
0.070818
-0.064760
-0.089710
-0.024900
-0.116478
-0.396840
-0.143800
0.151459
0.115138
0.566332
0.261793
-0.197442
0.144290
0.692261
0.129970
-0.672559
0.397266
-0.500453
0.056677
0.013942
-0.325868
0.454537
-0.493572
-0.705719
-0.329348
-0.416505
-0.191803
-0.004942
0.002605
-0.399701
0.289058
0.173765
-0.019988
-0.429667
0.247198
-0.292559
0.077086
0.179362
-0.117760
-0.283040
-0.360129
-0.327364
-0.616353
0.067507
-0.066132
0.438034
0.006234
0.546736
-0.242905
-0.276287
0.028538
-0.457011
-0.207876
0.005683
-0.608577
-0.175494
0.323312
-0.110481
0.168065
-0.313193
0.183012
0.206224
0.103598
1.168645
-0.315566
0.281723
0.620803
-0.430609
0.454003
-0.087581
-0.197660
0.157218
0.093349
-0.009854
0.314528
0.017631
0.219212
0.003622
-0.853239
0.163735
-0.554718
0.200164
-0.206404
0.556805
1.224464
0.024950
0.344187
-0.255015
0.088114
-0.040471
-0.878917
-0.441836
-0.393551
-0.165889
0.600425
-0.070689
-0.033779
0.063193
-0.457043
0.341411
-0.280750
0.543652
0.027034
-0.017561
-0.302800
-0.044968
-0.298419
0.164770
0.353394
0.122518
-0.444954
-0.117015
-0.568133
-0.350826
-0.145903
-0.421663
-0.041431
-0.082240
0.027695
0.183321
0.129682
1.248076
0.130555
-0.401719
-0.259039
-0.061562
-0.099884
-0.200342
0.031924
-0.058990
-0.574517
0.564071
0.167840
-0.256170
-0.104523
0.097414
0.866173
-0.114643
-0.574921
-0.567215
0.061800
0.107422
0.217783
0.706944
0.346547
0.106006
-0.103711
0.027314
0.824163
0.439587
0.351483
0.041513
-0.005441
-0.518687
0.046257
1.076375
0.235451
0.058301
-0.390207
-0.505963
0.033490
0.405675
-0.211719
0.226156
-0.365837
0.326314
-0.215973
0.248294
-0.158619
0.117978
0.141671
0.131776
0.274297
0.051709
0.244178
0.178749
0.378784
-0.046928
0.010315
-0.016284
-0.299986
0.031974
0.118999
-0.355428
0.030991
0.962201
0.021290
-0.284898
0.408029
0.217250
-0.438241
0.313480
-0.320003
0.229858
0.492045
0.440299
0.184251
0.652145
-0.078069
0.764649
0.211853
-0.412725
0.010009
-0.138270
0.264550
-0.062560
-0.086445
-0.166732
0.345006
-0.019053
-0.324783
0.124084
-0.260187
-0.305944
0.217156
-0.004892
0.239218
-0.168398
0.052948
-0.319101
-0.006220
0.073001
0.104627
-0.171385
0.107634
-0.094561
-0.969138
0.507745
-0.009094
0.027277
-0.369915
0.720376
0.152602
-0.101373
0.216320
-0.461838
0.435423
0.524057
0.088141
-0.087379
-0.586739
0.233048
0.211829
0.159076
0.833290
0.105816
-0.174780
-0.562438
-0.209427
0.188925
0.017638
-0.281133
0.615939
0.054680
0.085373
0.052616
-0.093483
0.344791
0.322478
0.515118
-0.166131
-0.103074
-0.268378
-0.178763
0.555727
0.314470
-0.680913
-0.194245
0.199607
-0.208524
-0.213963
-0.502383
-0.002674
0.071244
0.049205
-0.047113
-0.195163
-0.178301
-0.018970
0.023327
0.321050
0.339253
-0.195065
0.264051
0.390118
0.275023
0.177818
0.131624
-0.637567
0.827678
0.370644
0.750520
0.108250
-0.099780
0.080722
0.204539
-0.018924
-0.452167
-0.235816
0.323449
0.107776
0.095148
-0.172344
-0.000501
0.655556
-0.526935
-0.369507
-0.181444
-0.223829
0.246802
-0.463092
-0.465508
-0.333111
0.040787
0.075761
0.577646
0.525255
-0.064075
-0.036977
0.589002
-0.690191
0.232880
-0.578224
-0.939128
-0.547780
-0.143255
0.048560
-0.392914
0.721960
-0.476273
0.184889
0.452010
-0.210768
0.057870
-0.635984
0.165017
-0.129732
-0.146594
0.233244
-0.600748
-0.046701
-0.420531
0.183671
-0.240588
-0.508662
0.479955
-0.476716
-0.199656
0.240685
0.305215
0.325951
-0.505302
0.025257
0.127229
-0.124129
0.386740
0.791133
0.664800
-0.173860
0.832376
-0.011374
-0.043593
-0.423488
-0.224676
-0.491242
-0.038011
0.189011
0.361220
0.931406
-0.633153
0.202509
0.243116
0.239848
-0.008561
0.608257
-0.457557
-0.076864
0.189776
0.473735
-0.337696
0.398089
0.252469
-0.409572
0.248616
-0.141111
-0.561035
0.300237
0.103052
-0.357178
-0.125470
0.306085
-0.383400
0.347670
-0.031525
-0.429029
0.569484
-0.119898
0.729014
-0.314569
-0.269378
0.363292
0.108992
0.205034
0.192863
0.146785
0.011113
-0.332491
0.212599
0.017916
-0.205992
0.057784
0.600406
0.071526
0.397382
-0.217930
-0.136581
-0.367060
-0.166518
-0.131067
0.376607
-0.285906
0.170612
0.601726
-0.345115
-0.283016
0.132599
0.532232
-0.352905
0.056703
-0.013558
0.082739
-0.367004
0.044650
0.117133
-0.233278
-0.184291
-0.152631
-0.443308
-0.076519
-0.260716
-0.262993
0.194559
-0.014449
0.061587
0.389683
-0.257660
0.381304
-0.138202
0.106214
0.214490
-0.199759
0.273729
-0.302567
-0.654908
0.162609
0.735659
0.142799
-0.439455
0.218208
0.288213
0.256388
0.358977
-0.521305
0.192262
0.558222
-0.420574
-0.833509
-0.382092
-0.236390
-0.144995
-0.234484
-0.017476
-0.337027
-0.483744
-0.115215
-0.246830
-0.203179
0.215614
-0.005940
0.148887
-0.232479
0.026135
0.420253
-0.619470
0.295423
0.125482
0.332494
0.518223
0.542415
0.271850
-0.182231
-0.341452
-0.059956
-0.124878
-0.424970
0.326844
-0.476818
-0.325228
-0.125465
0.064926
0.260379
0.221829
-0.073480
-0.679192
-0.011599
-0.600315
0.389915
-0.000797
-0.606205
-0.202746
0.536619
-0.238762
0.015380
0.102305
0.403159
0.282538
-0.011549
-0.284489
0.380849
0.282994
-0.111730
-0.793653
0.235558
0.223806
-0.059666
0.125281
0.096092
0.426736
-0.380671
0.412929
-0.394872
-0.544898
0.469362
0.671189
0.627795
-0.217466
-0.025600
-0.191002
0.085512
-0.355447
0.421113
-0.199945
-0.860622
0.756561
0.045715
-0.670312
-0.053157
0.442336
0.186668
0.746027
0.166114
-0.315471
-0.075902
-0.592805
0.464926
-0.105545
-0.007467
-0.251442
-0.287600
0.246871
0.689598
0.209261
-0.259213
-0.298448
-0.641625
-0.240339
0.599071
0.428017
-0.091217
0.312319
-0.241575
-0.144027
-0.123376
-0.558874
-0.133794
-0.185562
0.959600
-0.187020
-0.822759
0.263916
-0.527675
0.478529
-0.201455
0.356740
0.069817
-0.191816
0.320856
0.543677
-0.409553
-0.496475
-0.276164
0.028908
0.761739
0.312733
-0.211869
-0.092451
0.531462
0.271239
-0.122891
0.542487
0.142087
0.198997
-0.401937
-0.405961
-0.623544
0.063037
0.333004
0.857960
0.198257
-0.054314
0.118426
0.012761
0.052471
-0.124435
0.598823
-0.337687
-0.144179
-0.327256
-0.745112
-0.980647
-0.015282
-0.525870
0.063915
-0.117377
0.583914
0.224679
0.257392
-0.012386
0.522472
0.078345
-0.156664
0.286802
-0.295124
-0.066170
0.642778
-0.017239
0.632637
-0.499369
0.021760
-0.104784
-0.379466
1.145402
-0.270745
0.196430
-0.004906
0.627489
0.051039
-0.397572
0.067078
0.072544
-0.134676
-0.124445
-0.557722
0.053345
-0.270425
-1.005290
-0.699487
-0.813576
-0.392571
-0.250936
-0.429676
-1.077068
-0.367543
-0.327848
-0.528246
-0.365194
-0.387918
0.287422
-0.351043
0.205503
0.612914
0.356795
0.144528
0.661622
0.067585
0.407326
0.255428
0.940375
1.400053
1.437998
0.959445
0.458668
0.520372
0.979158
0.982216
0.128061
0.935599
0.625682
1.006080
-0.080369
0.662035
-0.340636
0.321090
0.108586
0.424078
0.111262
0.033467
-0.309138
0.036949
-0.151521
-0.531172
0.077586
-0.288553
-0.362332
0.320251
-0.086923
-0.581716
0.145567
0.024650
-0.333854
-0.328043
-0.227754
-0.476552
-0.068775
-0.084151
-0.014009
0.682082
-0.308511
-0.406347
0.092213
0.208601
-0.325023
-0.402012
-0.198508
0.194547
0.208777
0.338344
0.162537
-0.187378
-0.469007
-0.065048
-0.008878
0.677098
0.214546
0.319746
-0.153739
0.228195
-0.302165
-0.317923
-0.696018
-0.390159
0.244178
-0.288518
0.865060
-0.095458
0.236247
0.222312
-0.806284
-0.325820
0.165420
0.204700
0.654829
0.226084
-0.418291
-0.164755
0.141548
-0.160993
0.361003
0.063368
-0.075780
0.151422
0.182153
0.477571
0.064336
0.086444
-0.392169
-0.010103
-0.917877
-0.240485
0.521048
0.027695
-0.624988
-0.869371
0.064465
0.524434
-0.454965
0.135150
-0.436790
-0.552774
-0.412314
-0.389413
-0.406751
-0.556628
0.536598
-0.115658
-0.504250
-0.131156
0.330086
-0.470879
0.113014
0.485974
0.648446
-0.174377
-0.140729
0.299238
0.726580
0.792300
0.118919
-0.247336
0.225822
0.369252
0.140821
-0.238879
-0.474732
0.258400
0.092120
0.538821
0.053828
-0.171893
0.426758
-0.332287
0.189948
0.616319
0.071324
0.074475
0.142336
-0.540734
-0.364761
0.298380
0.362853
-0.164023
0.035342
-0.244284
0.017208
-0.655113
-0.123002
-0.281142
-0.399978
0.508258
0.323527
-0.996723
0.129377
-0.227441
-0.154606
-0.362949
0.030840
-0.174742
-0.259391
-0.318680
-0.253878
-0.180404
-0.329436
-0.215132
-0.156653
0.335072
0.139557
1.085295
0.207929
0.520072
0.095894
0.453148
-0.460441
-0.246668
0.470805
-0.074917
-0.517282
-0.008298
-0.492980
-0.507411
0.233129
-0.023197
0.250022
0.006354
0.081644
-0.594271
-0.023543
-0.731970
-0.070076
-0.069417
-0.336790
0.099105
0.024101
0.102759
0.162684
-0.456626
0.083274
0.359515
0.095137
-0.321656
0.123272
-0.272773
0.598929
0.051360
-0.196007
0.376347
-0.477448
0.703355
-0.181033
-0.008879
0.022236
0.107361
-0.425100
0.386809
-0.802567
0.414279
-0.066756
0.053243
0.334683
-0.606660
0.660289
0.248727
-0.502718
0.045704
0.079736
0.367829
0.310641
-0.264783
-0.371688
0.402738
0.444638
-0.078842
-0.692519
0.298267
-0.095258
-0.338788
-0.278232
0.787595
-0.283789
-0.955027
0.299028
-0.265506
-0.003304
-0.191463
0.686329
0.342185
0.277192
0.523982
0.033393
-0.009814
0.950120
0.226839
0.469006
-0.224960
0.082297
-0.033849
0.263458
-0.913021
0.090075
-0.918274
-0.739314
-0.044775
-0.012991
-0.013040
-0.304119
-0.046107
0.055073
-0.076515
-0.020332
-0.177761
-0.525353
0.019830
0.314056
-0.238652
-0.529914
0.372726
0.332319
0.204609
0.182587
0.009309
0.125016
-0.000681
-0.329435
-0.434151
-0.391685
-0.259845
-0.062808
0.109439
-0.033729
-0.745856
0.144279
0.486438
-0.079579
0.275551
0.006576
-0.257572
-0.229754
0.291796
-0.724670
0.133360
0.178553
0.074558
0.437932
0.158169
-0.072503
0.235853
0.262807
-0.031423
-0.206046
0.254206
0.056882
-0.178912
-0.135522
-0.018098
0.657157
0.185484
-0.122964
-0.231296
-0.101096
0.486536
0.052331
0.596896
-0.260899
0.242384
0.322400
0.059798
-0.738278
-0.036350
-0.475112
0.211887
-0.784082
0.211346
0.071017
-0.101709
-0.184789
0.150464
-0.172215
-0.132498
0.754346
0.221282
0.226624
-0.088724
0.259333
0.495664
-0.420965
-0.167668
-0.200196
0.477954
0.780214
-0.319691
-0.007622
0.373479
0.075315
-0.239905
0.011844
-0.446233
-0.092604
-0.277877
-0.486586
0.162620
-0.022199
-0.069888
0.788323
-0.385625
0.430502
-0.113031
-0.174801
-0.475206
0.541062
-0.198578
0.273627
-0.088089
-0.102247
0.059381
-0.386421
0.064847
0.016334
0.877963
-0.308587
0.518718
-0.008668
-0.140243
0.098182
0.267127
-0.210478
-0.365967
0.198825
0.419406
-0.285503
-0.568145
-0.361060
0.296006
0.090773
0.640141
-0.048325
0.094844
0.382757
0.051148
0.204888
-0.425293
-0.044822
0.683610
-0.092129
0.500417
-0.609858
-0.106454
0.014543
0.679313
-0.087044
-0.107531
-0.183911
-0.247856
-0.015636
0.497278
-0.576374
0.443026
-0.369673
-0.154626
0.276242
0.299430
0.188983
-0.196834
0.077902
0.167491
-0.160033
-0.152178
0.227502
0.253148
-0.211826
-0.156160
0.643283
0.049499
0.046219
0.145454
-0.105069
-0.312257
0.266605
0.534041
-0.494625
0.115963
0.206582
-0.116032
0.371559
-0.134927
0.015899
0.261191
-0.038786
-0.160670
-0.184323
-0.099321
-0.064788
-0.236764
-0.120448
-0.201574
-0.237014
-0.775157
-0.228881
-0.075495
-0.255924
0.039445
0.084840
-0.397243
0.284101
0.330760
-0.589198
-0.271524
-0.577361
0.281686
-0.185563
0.261615
0.169460
0.199639
-0.043514
0.029311
0.230984
0.339978
-0.270958
0.141810
-0.098146
-0.094497
-0.141143
-0.260902
-0.358212
-0.426835
-0.189719
0.284851
0.101544
-0.283188
-0.427141
-0.016355
-0.213001
0.196303
0.223055
0.321610
-0.032857
-0.241635
-0.064529
0.850279
-0.661981
0.137660
-0.189674
-0.116901
0.129013
0.178854
-0.478555
0.153090
-0.219296
-0.367932
0.097323
0.047291
0.481679
1.002764
0.110308
-0.160960
-0.615385
-0.428184
-0.503506
0.106676
0.030220
0.483434
-0.356243
-0.588045
-0.252951
-0.756764
-0.137546
-0.131881
0.497830
0.645908
0.392194
-0.613078
-0.524379
-0.177435
-0.199695
-0.114785
0.748119
0.015106
0.166826
-0.102898
-0.034308
0.662443
-0.134381
0.323130
0.599530
0.132045
0.417448
0.484413
-0.335283
0.572538
-0.129565
0.001763
-0.014275
-0.382327
-0.035022
-0.274835
-0.312003
0.363102
-0.312161
0.474529
0.223940
-0.129237
-0.156206
-0.297515
0.043768
-0.135910
0.017426
0.148100
0.172821
-0.152578
0.036003
-0.437235
-0.099943
0.214257
0.409052
0.518241
-0.542733
-0.204777
0.290885
-0.153749
0.094764
-0.053484
0.117004
-0.328354
-0.155481
0.766921
-0.234119
0.608957
-0.173184
0.635595
0.103925
0.155194
0.286392
0.463811
-0.376916
0.205918
0.208909
0.225991
-0.362819
-0.005828
0.231684
0.436641
0.430490
-0.820055
-0.283408
-0.234234
0.224625
0.358172
-0.890009
-0.435809
-0.140733
-0.107039
0.287324
-0.068496
-0.320016
-0.267765
-0.584089
-0.094158
-0.239452
-0.098061
0.515115
0.290319
-0.180011
0.159602
0.301162
0.058335
-0.073690
0.250943
-0.194539
-0.414844
0.042870
-0.365190
-0.434602
0.532462
-0.304269
-0.013606
0.071511
0.919964
-0.217726
-0.009687
-0.159973
-0.308855
-0.046684
0.708457
-0.394702
0.504039
-0.167242
-0.597644
-0.103177
0.966346
-0.033974
-0.311308
-0.553614
-0.030327
-0.177967
-0.289714
-0.307629
-0.619966
-0.403779
-0.453304
-0.527175
-0.036585
-0.158957
0.538742
0.384120
0.074093
-0.323940
-0.410508
-0.237678
0.878044
-0.588147
-0.228428
-0.042821
-0.448702
0.025665
0.143612
0.568439
0.247119
-0.009640
0.176926
0.243523
-0.244158
-0.261201
0.301881
-0.583060
-0.224052
0.302893
-0.254557
-0.351069
0.606107
-0.159057
-0.874952
0.025122
0.319636
-0.048510
-0.482297
-0.675952
0.218952
0.241058
-0.351500
0.203702
-0.606982
0.299748
-0.549733
0.107764
0.232858
-0.126061
-0.450213
0.277039
-0.182339
0.234804
-0.864609
-0.428826
1.290062
-0.009107
0.302589
-0.321431
-0.104600
0.659129
0.128848
-0.548601
0.096187
0.205039
-0.463250
-0.144752
-0.261091
0.233233
-0.262899
0.148949
0.455755
-0.286111
0.289111
0.024483
0.456702
0.518164
0.179598
-0.294348
0.418432
-0.196643
0.456750
-0.127313
0.585075
0.364022
-0.264558
-0.065666
-0.054544
0.313631
0.387060
0.209687
-0.037147
-0.820412
0.021287
-0.325499
0.028536
-0.366329
0.205461
0.106912
0.004384
0.138656
-0.276263
0.225554
0.424797
-0.404280
-0.089546
0.194350
-0.077907
0.223333
0.294138
-0.036222
0.276808
-0.076275
0.244244
0.114211
-0.714161
-0.420145
0.067270
-0.117337
-0.115728
-0.330167
-0.048126
-0.188154
-0.050625
-0.095174
0.254530
0.001202
-0.469277
0.231030
0.374449
0.676871
-0.289446
0.209687
-0.369610
0.245860
0.176842
-0.159269
0.615367
0.405901
0.135524
-0.369982
-0.816692
0.296692
0.422619
0.526242
-0.533512
0.184054
0.133710
-0.935250
0.063445
0.146417
0.139592
-0.120974
0.194598
0.894177
0.132915
0.007735
-0.054172
-1.001118
0.195762
0.113516
0.745417
0.190153
-0.042972
0.123371
0.346413
-0.023932
0.497635
-0.504528
0.388373
0.226721
0.081539
-0.596493
0.146036
-0.091262
-0.321486
0.835686
0.263879
0.272014
-0.568430
0.284194
0.372505
-0.088747
0.170490
-0.289440
-0.317153
-0.723305
-0.208487
-0.603316
0.025724
-0.190501
0.483829
-0.362343
-0.104596
0.124674
-0.422039
-0.706705
-0.226611
0.234612
-0.232467
0.122892
0.120241
0.560619
0.116430
-0.165945
-0.494104
-0.158769
-0.347007
0.586801
-0.045555
-0.510364
-0.356539
-0.019758
0.025757
0.238124
0.129780
0.055489
0.138611
0.622396
-1.219957
-0.010906
-0.010848
0.372422
-0.183339
0.128047
-0.297853
0.823011
-0.532425
0.874238
-0.070692
0.173433
-0.132373
0.076544
0.395381
-0.099664
0.577153
-0.929183
0.491410
-0.576532
0.123492
0.278131
-0.078787
-0.369970
0.040534
-0.264370
-0.571390
0.024168
0.407701
0.170317
-0.491763
-0.509903
0.781228
-0.589790
-0.043646
-0.677804
-0.624706
0.264476
-0.430437
0.223118
-0.610001
-0.034457
-0.606296
0.094341
-0.915015
-0.821652
-0.088434
0.378031
0.201421
0.097090
0.305591
0.484365
-0.182042
0.152975
0.852019
0.052734
0.282425
0.487916
-0.020755
-0.317303
0.800707
-0.451389
-0.191511
0.107308
-0.071014
0.383738
0.495489
0.156871
-0.218880
0.305476
-0.146451
0.249075
-0.346059
0.063768
-0.046934
0.022175
0.023552
0.019024
0.399463
-0.042394
0.103521
-0.709397
0.478800
0.188646
0.011709
0.556247
0.111565
-0.271685
0.297371
0.326044
-0.021827
0.539669
-0.200830
-0.253471
0.004712
0.415188
0.099354
0.574185
-0.499763
0.263784
-0.160285
-0.007732
0.456025
-0.241425
-0.115513
-0.532167
0.118149
-0.587799
0.349403
0.327876
0.062154
-0.374360
-0.336233
0.185969
-0.462437
-0.636136
0.938443
0.115615
0.421106
-0.428970
-0.327847
0.116731
-0.126782
0.365472
-0.144324
-0.572428
-0.314086
-0.319419
-0.468855
-0.063433
0.275567
0.174553
0.102271
0.448371
0.702879
0.307819
-0.453218
0.455840
-0.447303
0.157628
-0.024547
-0.423208
-0.136158
0.284906
-0.699099
-0.376699
-0.520765
0.344576
0.365657
-0.377396
0.332550
-0.018669
0.346908
0.075818
-0.095936
0.252614
-0.364748
-0.117864
0.298339
0.063310
-0.303203
0.300982
0.134449
-0.282326
0.048604
-0.526368
0.142901
-0.422707
-0.934701
0.276231
0.385911
-0.550267
0.411906
0.285058
-0.287813
0.450607
-0.138239
-0.518972
0.265921
-0.459640
0.500339
0.253274
-0.033437
0.217782
-0.137607
0.008483
0.107388
-0.658698
0.113386
-0.102536
0.153191
0.322609
0.580633
0.200895
-0.099972
-0.728146
0.471153
0.413346
-0.175576
0.008303
-0.551934
-0.100169
-0.365647
-0.286591
-0.005806
0.513815
0.076615
0.078113
-0.235678
0.123236
0.121103
0.594074
0.233512
0.476336
0.074241
0.149313
-0.615370
0.135053
0.399360
0.338184
-0.593787
-0.897473
0.591526
0.105726
-0.034541
-0.090732
0.168024
-0.220196
0.227294
-0.199718
-0.405129
-0.106962
0.461106
-0.545981
0.662868
-0.263129
0.259400
0.092554
-0.617303
0.736201
0.139450
0.408866
0.182098
-0.697833
0.460075
-0.072230
-0.720705
0.187323
0.516905
-0.120154
-0.179125
-0.626962
-0.442223
-0.083186
0.068934
-0.209054
-0.117140
-0.420477
0.735095
0.213154
-0.106194
0.262095
-0.412334
0.009795
-1.182294
-0.652986
0.134672
-0.501130
-0.236227
0.025819
0.385245
0.423270
-0.047280
0.056723
-0.368119
0.505864
-0.309317
-0.142034
0.569763
0.149182
-0.523089
0.298410
-0.484983
-0.190074
-0.734095
-0.095774
-0.313967
-0.136039
-0.009220
-0.296335
0.038584
-0.572841
-0.669115
-0.392238
-0.285086
0.061011
0.057404
-0.509706
-0.171619
0.043540
-0.125070
0.425608
0.007611
0.020388
0.942947
-0.343913
-0.417125
-0.112225
-0.558534
-0.153477
0.913882
-0.120669
0.581938
0.563201
0.154922
-0.368336
-0.374063
-0.270820
-0.363799
-0.136561
-0.412495
-0.668885
0.577585
0.509941
0.301129
-0.405960
0.563308
-0.075430
0.671432
-0.727166
0.304466
0.003340
-0.379110
-0.152560
0.227613
-0.168789
0.008643
0.577476
0.176451
0.375298
-0.121503
0.298223
-0.262100
-0.075226
0.274206
0.373529
-0.993440
-0.352200
-0.520060
0.402621
0.042065
-0.484204
-0.494451
-0.163934
0.299091
0.489942
-0.469861
-0.015212
0.099422
-0.201893
-0.098219
0.032336
0.597708
-0.058861
0.202018
-0.550242
-0.130682
-0.090599
-0.316584
0.219861
-0.316315
0.305069
0.298756
-0.391707
-0.085113
-0.540298
0.064368
-0.106081
-0.260515
0.491594
-0.410345
-0.537159
0.200407
0.728759
-0.160488
0.222944
0.099879
0.229476
-0.305142
0.225531
0.111611
0.409819
0.065192
0.639406
0.499796
0.177577
0.218013
0.104953
0.114954
0.047611
0.426399
-0.001110
-0.007881
-0.197813
-0.311729
0.183862
-0.510000
0.171556
-0.491675
-0.036223
-0.057514
-0.231989
0.265304
0.708331
0.533297
0.239315
-0.187404
0.128848
-0.202185
-0.369808
-0.148479
0.215144
0.137635
0.876183
-0.279272
0.030832
0.668929
0.123129
-0.169297
0.070250
-0.277588
0.022865
-0.160610
-1.113154
0.017668
-0.383803
0.473930
-0.211095
-0.151315
0.293041
0.030583
-0.494285
0.233209
-0.055813
-0.130162
-0.230204
0.353890
-0.123228
0.062521
-0.456700
0.141157
-0.291109
-0.439310
0.193835
0.320229
0.108302
0.046558
0.123621
-0.399211
-0.340573
-0.106138
0.289599
0.075147
-0.131079
0.574588
0.114646
-0.054382
0.004879
0.400866
0.473469
-0.073392
0.133489
-0.507433
0.364127
0.379761
-0.075424
-0.490227
0.193475
0.133771
0.084148
-0.558327
0.021548
-0.302292
-0.173814
0.141628
0.039494
0.752453
-0.271157
0.144264
0.565207
-0.123756
0.061147
0.409898
-0.036575
-0.603303
-0.382643
-0.197497
0.039791
-0.084448
0.199368
-0.095212
0.547554
-0.268625
-0.687668
-0.276337
-0.125545
-0.066917
-0.610477
-0.481022
0.330293
-0.034084
-0.007858
0.279211
0.292756
0.311834
0.458250
0.311989
0.179967
0.215007
0.494484
0.156806
-0.341563
0.050980
0.057053
-0.387391
0.147851
-0.115392
-0.015307
-0.379161
-0.527510
-0.289503
-0.498088
0.049150
0.114033
0.552519
0.211632
-0.056829
0.722835
0.442088
0.394350
-0.144865
-0.112432
-0.107104
-0.276605
-0.073027
0.146901
0.886743
0.549146
0.018895
-0.190026
-0.498253
-0.341967
0.173126
-0.185898
-0.095023
0.411752
0.235449
-0.420728
0.375641
0.261366
-0.017912
-0.010243
-0.776480
0.034713
-0.221841
0.079901
0.642703
-0.205187
-0.407112
0.451527
-0.128872
-0.267921
-0.157123
0.870840
0.097539
0.583677
0.009086
-0.092337
-0.506148
0.110597
0.076881
0.042365
0.503836
0.133268
0.587525
-0.132335
1.080152
0.001952
0.015070
0.001664
0.196241
-0.161608
0.028181
-0.014427
-0.155178
-0.205306
0.021883
-0.345094
0.251994
0.004715
-0.721691
-0.076377
0.375384
-0.107958
0.333486
0.226475
-0.668002
-0.452809
0.007450
0.058175
-0.432542
0.725059
-0.412255
-0.128652
0.896846
-0.215148
0.045439
-0.025052
-0.625930
0.118541
0.032626
-0.241055
-0.372473
-0.378050
-0.067576
0.261125
0.506164
0.097326
-0.095389
0.160717
0.204521
0.424251
-0.279412
-0.028402
0.119541
-0.244574
0.120642
-0.623031
-0.267911
0.607588
-0.040254
-0.313489
-0.182349
0.120781
-0.248704
-0.088255
-0.300312
0.268668
-0.332254
0.259214
0.473538
-0.278931
-0.745504
1.338078
-0.356747
-0.325946
0.432761
0.255492
-0.220891
0.106874
-0.020526
-0.065353
0.323163
-0.091492
-0.038854
0.148733
-0.247574
-0.243626
0.102710
-0.249305
0.244285
0.728959
-0.909037
0.460842
-0.175522
0.871091
-0.502663
-0.268585
-0.183050
0.172868
-0.666564
0.107647
0.752981
0.195110
-0.564730
0.192938
-0.511738
0.255170
0.259405
-0.784535
-0.021325
-0.078602
0.447759
0.114333
0.542322
-0.176726
-0.297393
-0.036572
0.291186
0.886019
0.276037
-0.025047
0.199534
-0.255565
-0.223895
0.155347
0.117678
0.183411
0.362007
-0.815047
0.251111
0.410390
-0.082609
0.825873
0.097569
-0.229730
-0.091065
-0.356697
0.357087
0.319882
-0.069113
0.056761
-0.153184
0.707941
-0.076584
0.584081
-0.510739
-0.016559
-0.049916
0.004518
-0.237517
-0.542306
0.334603
-0.107179
0.050948
-0.519260
0.094811
-0.026359
0.294476
-0.227659
-0.094032
0.005138
-0.779407
-0.144321
0.054876
0.436832
-0.279829
0.826064
0.237896
0.260008
0.727159
0.424083
-0.088146
-0.869518
0.159292
-0.278608
-0.459771
0.405407
-0.190956
-0.344881
-0.104719
0.538571
-0.253684
-0.097892
-0.818098
0.280031
0.164896
0.002312
0.041499
-0.485414
-0.197805
-0.116852
-0.016381
0.074087
0.465489
0.102670
-0.275284
-0.135807
0.036281
-0.019267
-0.547420
0.366706
0.055795
-0.290965
-0.149438
-0.291783
-0.267982
0.272251
-0.208868
-0.421778
-0.256261
-0.314896
-0.210525
0.128656
-0.011374
-0.223947
-0.338903
-0.708342
0.124826
-0.694711
0.284410
-0.095896
-0.183599
-0.098439
-0.160487
-0.331275
0.082392
0.045100
-1.015034
-0.111001
-0.002980
0.002287
-0.060059
-0.949747
0.380018
-0.066833
0.044637
0.289738
0.172346
-0.057105
-0.074136
-0.022205
-0.323960
0.133375
-0.764883
-0.153291
0.367807
0.294790
0.537212
-0.263257
0.262048
-0.282284
0.772785
0.047581
0.048633
-0.563178
-0.500963
0.712939
-0.212909
0.354723
-0.408559
-0.417112
-0.232931
0.033183
0.654536
-0.056207
-0.211254
-0.765397
0.124266
-0.664231
-0.537187
-0.295427
-0.387007
0.363192
0.186590
-0.471366
-0.052766
0.473299
0.011066
0.138911
-0.274604
0.202835
0.015054
0.117314
0.038711
0.631678
-0.349766
-0.616509
-0.290657
-0.121912
0.216457
-0.338675
-0.141148
-0.495746
-0.166032
0.182902
-0.441489
-0.293876
0.077279
0.494912
-0.122218
-0.340312
-0.074045
-0.077747
0.131263
0.185925
-0.332554
0.225184
-0.503096
0.562926
0.497859
-0.326954
-0.808220
-0.100384
0.073808
-0.374284
0.120538
0.192147
0.165199
0.542471
0.169723
0.113985
0.837739
-0.196202
-0.276154
0.520164
0.685284
0.086501
-0.261032
0.495832
-0.829812
0.034959
0.103619
0.322885
-0.015893
0.172149
0.164134
-0.135888
0.445953
-0.533237
0.986457
0.496582
0.042521
-0.018822
-0.018582
0.142354
-0.307867
-0.247445
0.045752
0.092571
-0.354571
0.346034
-0.249419
0.050950
0.554596
0.606119
0.377852
-0.962794
-0.384320
0.366443
0.396682
0.899769
-0.075404
-0.602225
-0.399870
-0.589599
-0.455181
-0.386037
-0.675384
0.018325
-0.539019
0.182375
-0.610770
0.065605
-0.150831
-0.015387
0.501417
-0.153503
0.222490
0.124931
0.891878
0.128724
-0.220785
-0.300731
-0.233666
-0.405857
-0.186271
0.411835
-0.278289
-0.126809
-0.082997
-0.637067
0.067107
0.254574
0.188355
0.195910
0.220631
0.008003
-0.493839
0.227590
-0.310449
0.233063
-0.440822
-0.232675
0.690042
-0.362474
-0.667815
0.322248
0.295614
0.255781
-0.215819
-0.070357
0.576266
0.324728
-0.342098
-0.722064
-0.477646
0.325909
0.128050
0.304301
0.458696
0.133158
0.956511
-0.806627
-0.236163
0.561295
0.570143
-0.603368
0.758081
-0.411649
0.077712
0.402946
0.213388
-0.669136
0.065780
-0.385859
0.960784
0.469204
0.695401
-0.864656
-0.246031
0.214433
-0.192903
-0.071613
-0.047098
-0.397211
-0.090912
0.081536
-0.103324
-0.460441
-0.111134
-0.074162
-0.073664
0.026562
0.082223
-0.146342
0.184871
-0.240811
0.275669
0.485297
-0.187650
-0.041926
-0.232172
0.132825
-0.304494
0.264503
-0.018472
0.534851
-0.069492
-0.013670
0.432035
-0.370957
-0.418268
0.014312
0.041744
-0.370500
0.360747
0.585599
-0.402329
-0.034760
0.009883
0.162371
0.163404
-0.023526
-0.199691
-0.357000
-0.606322
-0.517963
0.208313
-0.037450
1.243443
-0.684314
0.162690
0.024896
0.145950
-0.677182
-0.263251
0.472768
0.280615
0.054636
0.140883
-0.123557
-0.212534
0.083983
0.040035
0.032833
-0.094416
0.090685
0.301512
-0.155447
0.335110
0.044815
0.221033
-0.150115
-0.145972
-0.378260
-0.310308
-0.451834
0.094831
-0.109802
-0.173826
-0.591485
0.042036
0.278217
0.247231
0.290495
0.376767
-0.111421
-0.395403
-0.552854
0.199919
-0.021436
-0.156527
-0.238343
0.015990
-0.543749
0.371234
0.118493
0.341662
-0.347110
-0.442078
-0.126174
0.166435
0.678816
0.193488
-0.720726
-0.294001
-0.382062
-0.355050
-0.130850
-0.347188
0.338550
0.254233
0.207274
0.016821
0.265159
0.106440
0.061977
-0.675896
0.167620
-0.562452
-0.249183
0.442911
0.027838
0.041721
0.050499
-0.072956
0.238350
0.284371
0.216394
-0.221041
-0.066189
-0.638563
0.815304
-0.367139
0.085700
-0.610811
-0.357113
-0.385572
0.025532
-0.100238
0.700493
0.382196
0.392113
0.426283
0.063667
0.294809
0.367657
0.117999
-0.441331
0.160963
0.186446
0.347785
-0.166293
0.016616
0.520634
0.484747
-0.005213
-0.035702
-0.241719
-0.193562
-0.244162
0.206931
-0.378020
0.306995
-0.679524
0.613336
0.219982
-0.588568
0.012226
0.338157
0.221470
0.160454
0.331228
0.069335
0.207224
0.076787
0.229340
-0.058172
0.441109
-0.112192
0.397565
-0.406254
-0.454855
-0.431204
-0.100551
0.069662
0.278382
-0.049292
-0.199704
-0.233831
0.066156
-0.098269
0.170215
0.076892
0.546882
-0.315182
0.254625
-0.228590
-0.329194
0.805038
-0.052977
-0.025800
0.820557
0.719660
-0.353726
0.081051
0.185203
0.229636
0.628001
-0.902959
-0.863337
-0.283160
0.104056
0.011821
-0.300182
-0.204058
-0.462626
0.235446
0.342605
0.079519
0.613011
0.191719
-0.008586
0.506683
-0.440040
-0.681006
-0.415828
0.186040
-0.289654
0.318757
-0.263117
-0.117621
0.114047
-0.403274
-0.095257
-0.467043
-0.524625
-0.174575
-0.483870
0.079406
0.189024
-0.390693
-0.067402
-0.449920
-0.876165
-0.079648
-0.465020
0.148242
0.089199
0.243633
-0.348438
-0.282002
0.375373
-0.246506
0.180482
0.211645
-0.303955
0.603496
0.035833
0.441351
-0.184000
0.193590
-0.829621
0.605170
0.009756
0.007404
0.202903
0.502488
0.538544
0.103112
-0.121004
0.012505
-0.073788
-0.073873
0.024892
-0.085147
0.177992
-0.752583
-0.301075
-0.284820
-0.568025
0.507038
0.154722
-0.483327
-0.072755
0.047463
-0.424270
0.030564
-0.145891
-0.684211
-0.114338
-0.261771
0.340432
0.279288
-0.434927
-0.085091
-0.165593
0.303876
-0.109703
0.003781
0.219890
-0.556788
0.063224
0.168866
-0.345638
0.391856
0.051815
0.191905
-0.480224
0.543306
0.522410
0.055400
-0.224139
-0.003436
-0.084014
-0.232372
-0.717983
0.061446
0.532147
-0.402116
0.024167
-0.075960
0.306578
-0.328052
0.216422
0.013914
-0.278055
0.341678
0.482385
-0.268388
0.157719
0.546593
0.589640
0.280809
-0.298396
0.465194
0.568571
-0.425500
0.437355
0.027470
0.447961
-0.129984
0.264054
-0.152702
0.235033
0.211993
0.477728
0.289684
-0.431518
-0.378507
0.365543
-0.247192
0.021671
-0.229229
0.164557
0.175416
-0.238294
0.724773
-0.270844
-0.656469
-0.345352
0.218074
0.486844
-0.397405
-0.220272
0.260257
-0.107013
-0.021726
-0.520697
0.017908
0.373373
0.342454
-0.086744
0.110023
0.303609
-0.049878
0.241443
0.967032
0.440462
0.324490
-0.118790
-0.306776
-0.270698
0.367554
-0.282258
-0.197447
-0.291703
-0.118231
-0.437714
0.244455
0.390119
-0.051041
-0.011718
-0.128204
0.281198
0.008092
-0.535624
-0.237471
-0.388099
-0.191403
-0.372045
0.025472
0.233445
0.262531
0.033404
0.182018
0.543762
0.252586
0.561558
0.592999
-0.615370
0.304930
-0.196405
0.458972
-0.613657
0.233617
-0.430624
0.099027
0.245974
0.238808
0.327323
-0.075249
0.635684
0.008201
0.173615
-0.121978
-0.386815
-0.142243
0.221266
-0.188336
0.439650
-0.267168
0.073103
0.251909
0.158395
-0.096905
-0.890021
0.077772
0.166111
-0.584346
0.065354
-0.141470
-0.199158
-0.160564
-0.423007
0.296419
-0.071753
-0.292127
-0.612100
0.135891
0.127320
-0.719520
0.309537
0.267501
0.696337
0.248485
-0.221992
0.073475
0.468641
0.284966
0.006738
-0.439259
-0.097524
0.105554
-0.116316
0.208290
-0.407926
-0.247928
0.332888
-0.500164
-0.053717
0.380863
-0.508355
-0.305391
-0.261455
-0.327084
0.112906
0.186886
0.103941
0.209715
-0.521124
0.450817
0.043331
-0.441464
0.089158
0.874929
-0.066862
0.099236
0.347540
-0.187418
0.268975
-0.541580
0.210897
0.091628
-0.466976
-0.194177
0.612832
0.577721
-0.459705
0.169081
-0.557499
0.385898
0.368689
-0.404588
0.648446
0.105620
0.560463
-0.152761
-0.293143
-0.050299
0.750110
-0.223196
0.184908
-0.027141
-0.443165
-0.048738
0.123902
-0.399617
0.508218
-0.244704
0.119252
-0.492320
0.689173
0.006645
0.590131
0.260833
-0.563862
0.106869
-0.048165
0.496974
-0.631742
0.026203
0.290384
0.154613
0.363720
0.200240
-0.084045
0.099963
-0.082296
0.055521
-0.254238
0.610248
-0.551787
-0.159565
-0.156565
0.093496
-0.435695
0.312215
0.367180
0.050397
-0.320154
-0.746113
0.359714
0.330610
0.471233
-0.087830
-0.127443
-0.493249
0.486116
-0.053960
-0.080647
0.695995
0.067201
-0.038979
-0.025035
0.269154
-0.201956
-0.107256
0.212561
-0.169229
0.258067
0.313376
0.054069
-0.008918
-0.293852
-0.098998
0.519963
-0.295761
0.268159
-0.807029
-0.345791
0.347096
-0.472943
0.275745
-0.089542
-1.023997
0.078904
-0.030693
0.223955
-0.249734
0.208540
0.832847
-0.322202
-0.552377
0.548063
-0.067523
-0.602736
0.542653
0.497301
-0.565050
-0.250854
-0.207693
-0.568618
-0.407744
0.033703
-0.098156
0.018405
0.572827
-0.965537
-1.048728
0.258952
0.402902
-0.022158
-0.338972
-0.522512
-0.067312
0.150969
0.678374
-0.172530
-0.360030
0.382589
-0.719805
-0.150681
0.517570
-0.158102
-0.128452
0.241154
0.198913
0.397029
-0.063984
-0.021541
-0.074369
-0.346002
-0.459954
0.088418
0.406308
0.206723
0.145359
-0.134081
0.633589
-0.043070
0.325320
-0.138082
-0.624871
0.330086
0.534417
0.227461
0.642325
-0.132862
0.007466
0.253742
-0.041499
0.313656
-0.290853
0.021301
-0.284855
0.209214
0.181268
0.486014
0.628904
0.694997
-0.325089
0.009234
0.049142
0.362226
-0.194955
-0.124081
-0.187140
-0.251721
-0.456253
-0.323305
0.544090
-0.752514
-1.078484
0.247120
-0.096733
0.710372
-0.192217
0.404829
0.270839
0.811431
-0.163833
-0.162347
-0.130669
0.315910
-0.501868
-0.049738
0.267697
-0.606283
-0.000243
-0.353449
-0.284539
-0.471217
-0.485118
0.057526
0.611082
0.282622
-0.218826
0.257744
0.469110
0.061862
-0.054407
-0.729898
-0.119473
-0.655993
-0.104404
-0.168438
0.782992
0.113125
0.045745
-0.134730
-0.189835
0.214960
0.138048
0.094890
-0.440102
0.157670
-0.457417
0.146941
0.965927
-0.520165
0.290215
0.245240
0.002740
0.233322
0.190000
0.291205
0.443947
-0.494067
-0.034321
0.267117
0.127934
-0.665520
0.071158
0.088460
0.052284
0.806527
-0.162879
-0.067206
-0.280880
-0.755138
-0.521843
0.589065
-0.289488
-0.104171
-0.029414
-0.066252
0.139297
-0.713486
-0.065593
-0.438084
0.465610
-0.541698
-0.386477
-0.336833
