0.180144
0.127577
0.103880
0.072252
-0.225375
-0.283529
0.274406
-0.098635
0.376051
-0.290902
0.028799
-0.708270
-0.105881
0.438768
0.051286
0.662317
-0.745920
0.011150
0.294231
-0.084259
0.375742
0.203597
-0.279809
-0.247647
-0.469151
-0.367767
0.562349
0.648973
-0.400429
-0.099409
0.091035
0.551942
0.536770
-0.453966
0.433083
0.284254
-0.555891
-0.228177
-0.114365
-0.117713
-0.391205
-0.350125
0.417293
0.108898
-0.101244
-0.443125
0.095881
-0.126620
-0.459845
0.124731
-0.374146
-0.149579
0.232185
-0.396631
0.376285
0.072914
0.196939
0.237137
-0.050175
-0.867862
0.574256
-0.023720
0.819839
-0.338177
0.670903
0.090825
0.411001
0.278133
0.288090
-1.380929
-0.224285
0.253091
-0.305860
0.006041
-0.094851
0.509591
-0.284937
-0.284524
0.013647
-0.265542
0.322911
0.150227
-0.512715
-0.166615
0.055779
-0.079840
-0.078699
-0.231806
0.176741
0.322896
-1.036023
0.389508
0.077520
0.692249
-0.451463
0.407875
-0.170096
0.419544
0.088523
0.688926
0.144782
-1.083803
0.371351
-0.060154
-0.673774
-0.422006
0.128071
-0.285740
-0.373186
-0.173516
-0.202456
0.289267
-0.409407
0.615449
1.229192
0.453948
1.115176
0.250732
-0.574914
0.127134
0.257800
-0.055283
0.265304
0.090035
-0.250682
1.020797
-0.221539
0.126073
-0.092078
0.216160
-0.115439
0.224824
0.103685
-0.356216
0.235790
-0.775717
0.205009
0.027319
0.325428
0.850884
0.619810
0.099969
-0.617860
-0.187653
0.383146
-0.400527
-0.288519
0.420408
0.935351
-0.731955
-0.165306
-0.502062
-0.471714
-0.231702
-1.161874
0.420687
-0.081129
-0.245646
-0.391610
0.643770
0.004077
0.408483
-0.074803
0.086652
0.545453
0.667396
0.191516
0.202735
0.394280
-0.616747
0.297180
0.637340
0.187888
0.024124
0.218522
-0.178112
0.211152
0.017394
0.577385
0.429826
0.171469
-0.454865
-0.165462
0.562458
0.374178
-0.261887
-0.410012
0.599401
-0.027071
-0.067054
-0.001315
-0.110536
-0.009296
0.070824
-0.169961
-0.017424
0.972912
-0.494060
0.466819
-0.016202
0.111586
0.290103
-0.229415
-0.255535
0.642750
0.524329
-0.322890
-0.155866
0.256880
0.083577
0.228152
0.285559
0.066847
0.258710
-0.394858
0.274953
-0.456601
-0.445460
-0.200220
-0.334396
0.466584
-0.353298
-0.996817
0.004619
0.193393
-0.576941
0.034552
-0.168832
0.178443
-0.306426
0.301406
-0.662251
-0.125392
-0.930814
0.138230
0.188428
0.117834
-0.177838
0.294046
0.007177
-0.177992
1.114028
0.688981
-0.458132
0.587899
-0.114244
0.046056
-0.616338
-0.173607
0.135295
0.079380
0.007311
-0.219468
0.347110
-0.093357
0.056926
-0.662053
0.275500
0.226674
-0.257904
0.257174
0.304161
-0.947342
-0.397683
0.478903
-0.305138
-0.388301
-1.340469
0.547471
-0.444852
-0.042704
0.363786
-0.086222
-0.141766
-0.466030
-0.016662
0.160990
-0.243187
-0.226651
-0.143781
0.286044
-0.270184
-0.070672
0.188535
0.383528
-0.723504
-0.305328
-0.176641
-0.531795
-0.369244
0.404145
-0.782089
-0.587972
-0.576386
-0.367961
0.566201
-0.396859
0.010367
0.402501
0.330443
0.266817
-0.061928
-0.325694
-0.102633
0.794349
-0.894746
0.884148
-0.046235
0.377702
0.558832
-0.500505
-0.127673
0.132809
-0.089131
0.278895
-0.330147
0.384574
0.055987
0.331350
0.248564
0.106221
-0.669126
0.118244
0.196879
-0.313522
-0.303880
0.283254
-0.793536
0.339813
-0.303634
0.645273
0.276162
-0.309786
0.515557
0.788396
0.647804
0.047995
-0.104217
-0.127518
0.365694
-0.574412
-0.600805
0.815506
-0.407547
-0.116412
-0.060815
-0.227604
0.688677
-0.463667
0.312925
0.138140
-0.387557
-0.833421
-0.065142
0.205913
-0.561895
0.267965
0.370536
0.223456
-0.526158
0.278483
-0.243753
-0.060046
-0.591767
0.842106
0.657020
0.373418
-0.863575
-0.616983
-0.547893
0.486604
0.245477
-0.498862
-0.710542
-0.505654
0.637228
0.053881
0.069539
-0.157670
-0.258588
-0.457969
-0.182714
0.770554
0.067720
0.451498
-0.062968
-0.461520
-0.093319
0.323957
-0.754568
-0.889907
-0.129238
0.259107
0.497394
0.468862
0.478607
0.503705
-0.023840
0.481770
-0.654538
0.231477
0.783413
0.322319
-0.505787
-0.310378
0.108289
-0.151009
-0.275560
1.072078
-0.167897
0.827724
0.515310
0.116127
-0.272961
-0.143372
0.418965
-0.439911
-0.604165
-0.122674
0.267714
-0.021570
0.647670
-0.378588
-0.339852
-0.592730
-0.608687
0.612359
-0.107987
-0.745140
0.201201
0.357435
0.690944
-0.689095
-0.382805
0.123476
0.131523
-0.153046
0.223340
-0.201293
-0.061868
0.417845
0.249554
0.282868
-0.171388
-0.449329
0.176294
0.318462
0.206244
-0.252678
-0.428341
0.183723
-0.178744
0.536286
0.206003
-0.754313
0.024477
-0.134571
0.432951
0.097335
-0.478542
-0.116032
0.460348
-0.021596
0.173445
0.193211
0.155452
-0.157515
-0.389077
-0.301260
0.770616
-0.000740
0.443670
-0.622643
0.015987
-0.034598
-0.511632
0.146216
-0.277280
-1.580251
0.415490
-0.593561
0.241663
-0.440131
0.633375
0.174720
0.149877
-0.593966
-0.202625
0.657044
-0.052957
-0.054785
0.409758
-0.505685
-0.253222
-0.347753
0.471497
-0.394852
-0.147085
-0.581924
-0.386079
0.507071
-0.610276
0.413806
-0.346040
0.266840
-0.082535
0.569408
-0.201408
-0.178513
-0.222114
0.545610
-1.626583
-0.547277
0.878168
0.224136
-0.593759
0.373682
0.107038
-0.304061
0.337724
-0.187189
-0.295811
-0.416498
-0.138352
0.219316
-0.111911
-0.269041
0.298187
0.115542
0.609881
-0.224505
-0.322524
-0.159632
-0.149277
0.537351
0.895218
0.148390
-0.430223
0.440340
-0.156932
-0.809304
0.253917
-0.608902
0.396214
-1.108948
-0.681175
-0.870551
0.214292
0.926231
0.167862
0.991969
0.335711
-0.408237
0.301505
-0.098176
-0.340458
-0.720932
-0.632232
-0.651345
0.780920
0.094897
-0.344541
0.012357
0.060826
0.534056
0.525267
0.126350
0.495525
-0.034872
0.188706
0.130461
0.201409
-0.039529
-0.291852
-0.049335
-0.313159
-0.602891
0.209710
0.390342
-0.218062
0.747368
0.014139
0.488667
-0.141868
-0.358115
-0.204290
0.615302
-0.570450
-0.010048
0.036331
0.474668
0.337071
-0.239031
-0.433577
-0.527894
0.071560
-0.044223
-0.008674
0.084145
-0.350049
0.261332
-0.420183
0.207684
0.128802
0.272216
0.781096
-0.140637
0.021602
0.257285
0.030379
0.510101
-0.382285
0.220642
-0.307787
-0.313258
-0.052948
0.308385
0.803078
-0.129888
0.354761
-0.306630
-0.870543
0.269711
0.480176
-0.049947
0.032949
0.392985
0.187210
-0.149597
-0.185290
0.057917
0.535945
-0.023221
-0.815923
-1.417909
-0.561922
0.031509
0.763248
0.316779
-0.291701
0.574370
0.042622
-0.200225
0.351051
0.070620
0.040185
0.027703
0.014190
-0.037881
0.055832
-0.251418
0.033653
-0.701382
-0.840419
-0.261557
-0.049809
0.084756
-0.149936
0.086210
-0.433015
0.310715
0.139863
-0.522057
-0.008192
0.266597
-0.534353
-0.272804
0.459006
-0.000118
-0.090714
-0.178982
0.327997
-0.096545
-0.450457
-0.355080
-0.104208
-0.546060
-0.339661
0.332313
0.162760
0.319240
-0.234898
0.726644
-0.145781
-0.084106
0.802206
0.164091
0.543487
-0.030948
0.367697
0.357990
-0.164681
-0.344109
-0.359603
-0.640064
0.061877
0.030810
-0.094297
0.029292
0.256147
-0.008254
-0.077638
-0.658352
-0.245807
-0.053750
0.928493
-0.308072
-1.526171
-0.253216
0.361309
0.532943
0.442568
0.243413
-0.195684
0.428592
-0.163476
-0.223538
-0.777609
0.696610
0.054151
0.078941
0.007402
0.829958
-0.118295
-0.358998
-0.295990
0.387695
-0.066522
0.412424
0.515217
-0.179251
0.009923
-0.267882
-0.439207
-0.274961
0.054378
-0.044158
0.048736
0.113430
0.157430
0.446919
0.225954
-0.112307
0.473081
-0.064719
0.125766
-0.535372
-0.114463
0.227011
0.536738
-0.306470
0.072301
0.274553
-0.684819
-0.219288
-0.142797
-0.630591
0.162598
-0.221159
-0.534237
-0.016444
0.072554
0.257620
0.405254
0.914519
0.323659
0.241400
-0.436542
0.177487
-0.360877
0.688718
-0.492711
0.601596
0.150134
0.248641
-0.113646
0.070143
-0.540606
-0.053866
-0.202232
0.171369
0.343422
-0.086402
0.135463
0.457406
-0.235706
-0.411823
0.075566
0.195457
-1.070448
-0.065366
-0.082317
0.723272
-0.040315
0.373297
0.404205
0.318349
-0.520339
-0.702971
0.541454
-0.015236
-0.164467
-0.313583
-0.085256
0.715991
0.232150
-0.407874
0.032040
-0.860541
-0.045087
-1.079699
-0.108655
0.255520
-1.261462
-0.511053
-0.117898
-0.976119
-0.244169
0.340763
-0.446488
-0.157906
0.156135
-0.365487
0.054313
0.169749
-0.034913
0.657814
0.167133
0.737684
-0.091099
0.178525
0.619056
0.314408
0.074386
0.278378
0.832339
-0.069495
-0.332186
1.004795
-0.979219
0.219152
0.348911
-0.945173
-0.591110
0.138059
0.038153
-0.498758
-1.239875
0.265220
0.503495
-0.521361
-0.208291
0.947806
0.437018
-0.157444
0.862718
0.084648
0.801973
0.322522
-0.726963
0.636004
-0.764446
0.392770
-0.809489
-0.158273
-0.170393
0.976698
-0.325429
0.738360
-0.212911
0.240260
0.125237
0.380508
-0.357101
-0.090623
0.350830
-0.478340
-0.671852
-0.276539
0.662941
-0.551947
0.201704
-0.276542
0.303332
-0.656544
-0.009554
-0.764564
-0.793652
0.251667
0.487384
0.258405
-1.047894
-0.111707
-0.255933
0.325470
0.137581
1.049527
-0.658705
0.542640
0.045613
-0.090865
-0.180272
0.902640
-0.247123
-0.196674
0.537179
0.085232
0.106023
0.162216
-0.629415
-0.032602
0.174338
-0.492367
-0.931180
-0.065626
0.108769
-0.078736
-0.017931
-0.542830
-0.777755
-0.242259
0.182403
0.881485
0.094526
-0.431067
0.799937
-0.443013
-0.773905
0.047343
0.200285
0.866595
0.327366
-0.260121
0.075581
0.204406
-0.747660
0.168062
0.614494
0.479748
0.777439
0.511062
-0.435170
0.200165
-0.227225
0.052507
0.317049
1.172168
0.061551
-0.255431
0.278737
-0.703085
-0.061348
-0.065562
0.004981
0.341149
-0.493943
0.559119
-0.375992
-0.147349
-0.072301
0.576790
-0.521849
-0.130053
-0.424325
-0.074043
-0.495811
0.104102
0.731581
-0.277830
-0.245173
-0.889402
0.091131
0.215528
0.315869
-0.320111
0.023657
-1.298601
-0.188560
0.541008
0.042755
-0.828080
0.287130
0.621886
-0.505838
-0.470074
0.255217
-0.210531
-0.838076
0.082694
-0.171190
0.081151
0.557301
-0.293698
-0.146663
-0.053320
0.409049
0.269313
0.403626
0.050057
-0.429267
0.409359
0.499084
-0.227180
0.396222
0.662886
-0.130283
0.182083
-0.534736
0.512688
-0.111991
-0.663254
-0.384879
-0.331663
0.668177
-0.743174
0.288704
-0.013037
-0.520737
-0.261310
0.666372
-0.224143
-1.084711
-0.563203
-0.059303
0.704932
-0.135728
0.674090
0.105058
0.736177
-0.150107
0.226083
0.798381
0.240949
-0.662660
0.438866
0.135622
0.717389
0.303087
0.176636
-0.240583
-0.068311
0.251440
0.131145
-1.031522
-0.770595
0.311615
0.082765
0.778639
0.437981
-0.195780
-0.232586
-0.958715
-0.143166
0.923173
0.187178
0.608664
-0.837336
0.398262
-0.208781
0.179736
0.762298
0.123074
-0.329002
-0.356528
0.228058
-0.240236
0.114258
-0.152368
0.784267
0.911185
-0.061168
0.033168
0.397355
-0.055729
1.294800
-0.130903
-1.101430
0.392881
-0.265277
0.402712
-0.225874
-0.068018
-0.453067
-0.290693
-0.084959
-0.451854
0.650138
0.293519
-0.082300
-0.904694
-0.299317
0.656527
0.611058
-0.350855
-1.031507
-0.554108
-0.432169
-0.317743
0.741644
1.092051
-0.589791
-0.877602
0.237770
-0.188820
-0.122904
-1.084611
0.515235
-0.356641
0.464714
-0.582785
0.035441
0.309636
-0.496899
-0.454723
-0.666358
-0.669059
0.420779
-0.384539
-0.363393
0.092720
-0.576024
-0.350203
0.433818
0.545932
0.155425
0.416004
0.043879
-0.140502
-0.396013
-0.161559
-0.407663
0.210118
-0.489472
0.290304
0.268861
-0.427265
0.079371
-0.107409
0.013565
0.277666
0.381864
0.700852
-0.008478
-0.992830
0.021049
-0.221461
-0.746698
0.004379
0.007960
0.299249
-0.174701
-0.294931
0.069115
-0.151276
0.139649
0.055975
0.519687
-1.003080
0.035218
-0.708178
-0.157200
-0.164879
0.144784
-0.018668
-0.322018
-0.408587
-0.071830
0.157849
-0.023814
-0.154774
0.197947
0.035643
0.198658
0.345212
0.215141
-0.053168
-0.997069
-0.285242
0.366011
-0.500939
-0.619897
0.005896
-0.291572
0.016234
0.067483
-0.345527
0.067245
0.072476
-0.445874
-0.070879
-0.470049
-0.008458
-0.548910
0.303902
-0.218037
0.246114
0.017715
-0.256030
0.019953
0.599432
-0.755702
0.568057
-0.146820
-0.622542
0.034657
-0.139275
-0.185079
0.726024
0.177613
-0.715174
0.290290
-0.673220
0.468828
0.257460
0.136551
-0.849294
0.127887
-0.602186
0.189287
0.146405
0.376233
-0.008394
0.521099
-0.308935
-0.315476
-0.234107
0.256976
0.501032
-0.356111
0.239895
-0.259200
-0.582793
-0.075356
1.073888
0.689578
0.040511
0.308387
-0.385252
-0.131876
-0.765515
0.378962
-0.260076
0.507161
0.482172
0.095570
-0.350237
0.324120
0.601232
-0.013866
1.460988
-0.110066
-0.538952
0.260209
-0.467129
0.816232
-0.052940
0.190919
-0.555682
-0.396913
0.604291
1.304555
0.306627
-0.364510
-0.561530
0.695460
-0.565945
0.484382
0.156364
-0.008474
-0.148632
0.878405
-0.642369
0.545651
-0.569495
-0.437785
-0.100404
-0.080812
0.008440
0.453410
-0.473044
0.064304
-0.611660
-0.646963
-0.033414
0.024332
-0.621589
0.945630
0.785760
0.254634
-0.099868
-0.548267
0.037586
-0.516401
0.396745
-0.039798
0.501359
-0.077140
0.577022
0.250505
-0.226605
0.719533
0.599114
0.571200
-0.107992
0.396738
0.034707
0.205558
-0.241127
-0.291304
-0.418780
-0.594614
0.195624
-0.272207
0.076483
0.579587
0.113632
0.572790
0.409438
0.155661
0.154605
0.159486
0.450117
0.135993
-0.190200
-0.693072
0.107573
-0.080638
0.174715
-0.158096
0.240546
-0.357366
0.251318
-0.409846
-0.858244
-0.338780
-0.637601
-1.547401
-0.597098
-1.090496
0.309825
-0.563746
0.024139
-1.370288
-0.024783
-0.347792
-1.212045
-1.319117
-1.132401
-0.701415
-0.337122
-0.733268
-0.788059
0.220469
-0.153649
-0.310874
-0.301323
0.577348
-0.200157
-0.623919
0.751096
1.058664
1.209345
0.816908
0.513336
0.430588
-0.150643
1.408337
1.171631
0.927732
0.837684
0.738776
0.211490
0.563019
0.851747
0.986598
0.910882
0.029306
0.263508
0.224460
0.064371
0.354575
0.723612
-0.437533
0.380965
0.184115
0.063551
-0.718245
0.038404
0.243646
-0.289563
-0.151067
-0.545713
-1.003314
-0.894887
-0.720147
-0.666613
-0.071398
-0.244785
-0.124159
-0.655040
0.361579
-0.067646
-0.221813
0.493892
-0.266899
-0.332684
0.338814
-0.073578
0.041603
0.164022
0.666849
1.130648
0.400605
0.033107
0.073675
-0.263934
-0.145163
0.300646
1.212563
-0.036577
-0.552776
-0.185018
0.869574
0.527057
-0.527582
-0.578267
-0.255266
0.410902
0.315729
-0.299658
-0.512311
0.146308
-0.470238
0.230514
-0.898333
0.014895
0.232052
0.226637
-0.374558
0.043717
-0.140549
0.912999
0.521413
0.370160
0.173236
-0.360497
0.514253
-0.613040
0.563692
-0.366523
0.316828
0.805524
0.254233
-0.405006
0.326805
0.736287
-0.738104
0.488030
0.170771
-0.469259
-0.532597
0.237760
0.161820
-0.080311
0.376745
0.252849
-0.884533
-0.607618
0.100698
0.029678
0.268703
0.645393
-0.357644
0.258581
-0.086865
-0.174599
-0.203143
-0.033546
-0.034200
0.340897
0.335840
-0.658743
0.631657
0.743751
0.040774
0.093198
-0.312474
0.983798
0.367720
-0.669383
-0.178238
-0.774181
-0.656672
-0.080738
0.038513
-0.608204
0.066667
-0.615450
0.423186
-0.310090
-0.341891
-0.560393
0.480154
0.405677
0.515686
0.412607
0.424098
0.081841
0.185220
-0.006894
0.186483
0.367092
0.677265
0.220077
-1.016405
-0.472248
0.143999
-0.247072
-0.368208
0.334964
0.360640
0.192013
-0.508001
0.030964
-0.146488
0.304264
0.089049
0.101162
-0.084092
0.376007
0.383169
-0.099358
0.313245
0.504914
0.454834
-0.103412
-0.221541
0.000471
-0.302643
0.045406
-0.691938
-1.004443
0.447467
0.205072
0.066407
0.324227
-0.162715
0.161614
0.019531
-0.413935
0.798866
0.936646
0.042428
-0.106803
0.559101
-1.267511
-0.556694
0.162251
0.225479
0.433376
0.627936
-0.252136
-0.268491
-0.344487
0.067923
-0.112380
-0.109760
-0.361856
0.192814
0.597436
0.105941
-0.397722
-0.119222
0.059993
0.135958
0.527140
-0.267318
-0.276280
-0.464736
-0.574579
0.134759
-0.400977
-0.045149
-0.421278
-0.221417
0.368675
-0.629319
0.251251
0.286378
0.163339
-0.236619
-0.025034
0.545074
-0.459461
0.325071
-0.451423
-0.652155
0.205273
0.146023
0.055857
0.465639
-0.274416
-0.946814
0.226127
0.314875
-0.503610
0.741377
0.323352
0.369982
0.266724
0.244353
0.027880
-0.914812
-0.081700
0.229571
0.374699
1.025481
0.638786
-0.011467
-0.067166
-0.344700
-0.475928
0.541030
-0.425838
-0.154318
0.329774
0.151763
0.298476
-0.472689
0.272515
0.083394
1.067141
0.525557
-0.113045
0.080095
0.149215
-0.930990
0.119634
0.381620
-0.372060
0.167421
0.234687
0.040822
-0.398832
0.296955
0.346180
-0.046093
0.596510
0.689195
-0.000218
0.085277
-0.105680
-0.234212
-0.701134
-1.206633
0.689391
-0.019217
-0.132434
-0.547434
0.921818
-0.795111
-0.966814
0.619206
0.085257
0.516438
-0.461131
0.587114
-0.298428
0.422067
-0.419700
0.501894
0.121784
-0.046953
0.492491
0.684660
-0.014255
-0.023363
-0.593386
-0.358289
-0.225145
0.943700
0.213929
0.191205
0.554010
0.181484
0.160284
-0.591870
0.081792
0.553452
-1.162283
0.161949
0.041718
0.133614
0.300359
-0.505467
-0.572688
-0.129910
1.188739
0.612216
-0.165615
0.217664
-0.274595
-0.447241
-0.015220
-0.276002
-0.308879
-0.222632
-0.043930
0.709592
-0.177133
-0.005277
0.283794
-0.111887
-0.442235
0.485739
-0.048354
0.064094
-0.006030
0.048827
0.295111
0.462843
-0.082244
-0.139663
-0.000222
-0.459080
0.075824
0.235628
-0.067920
-0.600814
0.132790
0.490540
-0.467955
0.092889
0.218171
-0.367297
0.621414
-0.673789
0.714668
-0.335848
1.055773
-0.228382
-0.230506
-0.120655
-0.137451
-1.026996
0.618042
0.621788
-0.571330
0.151242
-0.263350
0.365801
0.116228
-0.461438
-0.374152
-0.479214
-0.178605
-0.411886
0.366324
-0.659795
0.030180
0.018813
-0.116545
-0.043182
-0.195473
0.470068
-0.764169
-0.086938
0.186333
0.231911
-0.117312
-0.051130
0.486259
-0.191563
-0.031129
0.113820
0.254588
0.019360
-0.354485
0.706853
0.052323
-0.957904
-0.688200
0.086141
-0.160396
0.000368
-0.479624
0.284093
-0.180143
1.247538
0.174168
0.394879
-0.757590
-1.083014
0.397538
-0.221025
0.509945
-0.443741
-0.560966
-0.163843
0.602469
0.164081
0.721029
-0.404066
0.214397
-0.708931
-0.742490
0.582903
0.244288
-0.188202
0.356815
-0.466198
-0.020400
0.727386
0.723713
0.749492
0.450353
-0.116370
-0.348631
-1.117870
1.012289
0.540747
-0.897530
1.211613
0.188293
0.427340
-0.126238
-0.179212
0.835127
-0.795505
-0.407121
-0.238978
-0.566737
-0.291235
0.523621
-0.061717
-0.037800
-0.059010
-0.202804
0.203063
0.499998
-0.487841
0.229419
0.323317
-0.276247
-0.497580
1.359865
-0.285610
0.528902
-0.583517
0.136061
0.075960
-0.270181
0.229989
0.246149
0.136529
0.200299
-0.473728
0.021497
-0.057351
-0.104425
-0.960049
0.078048
-0.411351
0.231831
0.335041
0.348203
0.247316
-0.402964
-0.454731
-0.551204
0.686156
0.315759
0.252976
-0.824474
0.128941
-0.364096
-0.320992
-0.278074
0.198026
0.277155
-0.417493
0.133465
-0.188081
-0.268970
0.351439
0.329929
-0.074282
-0.470911
0.522719
0.347617
0.359738
0.247332
0.198912
-0.421321
-0.307730
0.476524
0.620002
-0.478999
0.030769
-0.270564
-0.465156
0.298303
0.506768
-0.043933
0.485840
0.112311
-0.121969
-0.381558
0.694338
-0.213109
0.106126
-0.615137
-0.504111
0.841375
-0.328559
-0.759656
0.402945
-0.584766
-0.255272
-0.202187
0.706901
-0.541872
0.731192
0.084756
0.409987
0.253699
-0.263128
-0.428742
0.489154
0.004519
-0.067634
0.290283
0.445826
0.227736
0.093259
-0.076790
-0.071282
-0.702206
0.138052
-0.284132
0.293370
0.484321
-0.000031
-0.022948
0.323131
0.461478
0.163099
0.494598
0.136556
0.388289
-0.129812
-0.118294
0.679584
0.056482
-0.057089
0.201495
-0.595756
-0.058005
-0.701854
-0.142444
0.607876
0.249378
-0.731528
-0.015399
0.751271
-0.289599
0.055431
0.657399
-0.002707
0.340189
0.475444
-0.193726
-0.203382
0.584448
0.603895
-0.506697
-0.309233
-0.477646
-0.303017
0.265593
0.034240
0.236921
0.344201
0.140960
0.651619
-0.075444
-0.054884
-0.398546
-0.053920
-0.241771
0.225622
0.425306
0.032955
0.109934
0.369207
-0.169694
0.473423
-0.760718
-0.205352
0.610207
1.003658
-0.563545
-0.702584
-0.318580
0.496401
0.171880
-0.159593
-0.021041
-0.785244
-0.539063
-0.418969
0.097807
-0.589539
-0.379862
-0.054254
0.306552
-0.205746
-0.217972
-0.753867
-0.531452
0.006443
-0.495664
0.724095
0.696794
0.010360
0.084384
0.086395
0.225450
0.689788
0.055990
-0.141397
0.614596
0.374267
0.121904
-1.179467
0.422299
-0.047226
-0.334795
0.402252
0.987489
-0.100788
-0.056796
0.452589
0.250527
-0.273778
-0.751055
0.058191
-0.243831
0.446698
-0.202556
0.302022
-0.107899
0.296347
-0.198707
0.032599
0.080926
0.020780
0.238831
-0.065953
-0.249467
0.029373
-0.134308
-0.407083
0.076508
0.117051
-0.404876
0.156972
0.727639
-0.781983
-0.062353
0.017672
-0.383857
-0.392018
-0.823500
-0.364689
0.498160
0.394034
-0.504555
-0.784869
0.129495
0.179564
0.194172
-0.269553
0.496766
0.313074
-0.552958
0.501110
-0.087746
0.335466
-0.700225
0.025965
-0.149164
0.187099
0.307929
-0.012256
0.060738
-0.442381
0.154897
-0.221840
-0.628238
0.435997
-0.015901
1.319160
0.041296
0.077094
-0.540037
-0.050172
-0.003615
-0.463053
-0.731111
0.194147
-1.020985
0.051000
0.781374
-0.108561
0.267378
-0.038208
-0.004121
0.224907
0.143212
0.514432
0.220006
-0.581169
-0.127533
0.409872
-0.376935
-0.175495
-0.413196
-0.295523
0.465199
0.347014
-0.367881
-0.482544
0.766492
0.340391
0.001281
-0.241780
0.467748
0.201427
-0.188294
-0.164067
0.109732
0.142411
0.325400
-0.543331
0.206641
-0.417788
-0.649569
0.247147
-0.047938
-0.586967
0.177294
-0.056426
0.061817
0.089786
-0.032169
-0.073843
-0.018711
0.826608
0.036397
0.357351
-0.333408
-0.024759
0.230044
-0.214440
-0.238331
0.078348
0.599496
-0.219112
-0.780447
0.667546
0.112237
-0.049246
-0.577559
1.309912
-0.350818
-0.514782
-0.084194
0.116111
-0.487477
0.227418
0.025589
0.151882
0.254966
0.620978
0.225643
0.029548
-0.066849
-0.037935
-0.417107
0.176781
-0.086919
0.236007
-0.005818
-0.567117
0.111872
0.405598
0.215076
0.127907
0.471149
0.305111
-0.245021
-0.168615
-0.057944
0.813374
0.388497
-0.742668
0.372078
-0.041469
-0.698441
0.542101
-0.279652
-0.245638
0.270127
0.351916
-0.360589
0.321133
0.229923
-0.428831
0.410599
-0.559835
0.663664
-0.483068
0.107971
0.213234
0.412642
-0.091135
-0.291882
0.434519
-0.041397
0.738131
-0.044582
-0.631813
-0.450662
0.032603
-0.245000
-0.105656
-0.791020
0.194060
-0.596677
-1.000465
0.863115
-0.909259
0.538452
0.557464
-0.543439
-0.487005
0.023023
0.246798
-0.070138
-0.138041
0.297960
-0.012329
-0.497187
0.515512
0.021593
0.840950
0.269157
0.210035
0.260270
-0.566526
-0.019724
-0.263850
-0.152776
-0.043585
-0.240077
-0.040744
0.075650
0.321445
-0.523048
0.104274
-0.134847
0.058529
-0.298690
0.054459
0.300131
-0.368822
0.175223
-0.270735
-0.181780
-0.180308
0.092558
-0.582654
-0.226162
0.396292
0.189968
-0.105449
0.559332
0.334777
-0.721327
0.182640
0.594976
0.309294
-0.613978
0.015691
-0.151789
0.682657
0.917296
0.038971
-1.170894
-0.294552
-0.001506
-0.527649
-0.521578
-0.010990
-0.032277
0.296952
0.296206
-0.483819
-0.607901
0.024690
-0.138554
-0.272289
0.089553
-0.563792
0.033523
-0.310877
0.197690
-0.372199
-0.468851
0.311003
0.018291
0.138538
0.123900
0.916705
0.310413
-0.279335
-0.963247
-0.140599
-0.167732
-0.106097
0.270753
-0.149341
0.001567
0.210667
-0.695686
-0.022448
-0.008006
0.127127
0.168397
-0.164833
-0.123901
-0.001876
0.304054
0.340690
-0.246728
0.406550
-0.144239
-0.363337
-0.629754
0.268836
0.314124
0.080524
-0.028614
0.482065
-0.737274
0.947112
0.285149
0.338595
0.079720
0.115844
0.593182
0.384736
0.227491
0.261085
0.316898
-0.250495
-0.564839
0.685729
-0.279427
0.798221
-0.606828
0.437184
0.253118
-0.125063
-0.018630
-0.320003
-0.138162
0.610322
-0.232940
-0.069910
0.149708
-0.042972
-0.578511
-0.283418
-0.769223
0.469778
-0.246699
-0.346750
0.304038
-0.161435
0.312185
0.304093
0.388783
-0.102235
0.164010
0.764911
0.428228
0.165914
-0.173162
0.620794
-0.367657
0.067894
0.483638
-0.060623
0.411441
-0.293874
0.416212
0.098744
0.381701
0.247869
0.152901
0.872663
-0.319524
-0.386839
-0.286219
-0.264536
0.165979
0.327805
0.277622
-0.101567
0.262737
-0.374095
0.130885
0.293116
-0.194333
0.777351
-0.384280
-0.181942
-0.228980
-0.794698
0.140539
-0.189516
0.311991
-0.289170
0.782649
0.151229
0.410562
-0.299350
0.444230
0.174350
0.589954
0.040696
0.422366
-0.233187
0.355063
0.633875
-0.145482
-0.428879
0.678780
0.123047
0.131959
-0.208736
-0.084229
-0.748342
0.166949
-0.140683
0.545848
-0.303748
0.075830
-1.123368
0.229525
-0.324968
-0.144334
0.309043
-0.213203
-0.205754
0.045051
0.140077
0.237186
-0.509862
0.881929
-0.062699
-0.125667
-0.397897
-0.015984
-0.745680
0.269381
-0.493910
-0.812989
-0.659686
-0.142385
-0.249253
0.322731
0.589580
-0.524371
0.501863
-0.080452
0.053475
0.517848
-0.032764
0.657208
-0.185126
-0.202791
-0.652715
0.000733
0.213720
0.115125
-0.502190
-0.811311
0.220814
0.362574
0.361764
-0.193900
0.310229
-0.640883
-0.240068
-0.023714
0.092625
0.342401
0.276052
0.046663
0.219317
-0.065474
0.152730
-0.495443
-0.556695
-0.252992
-0.145998
-0.357937
0.052185
0.308817
-0.341157
0.599277
0.772898
0.274659
-0.431380
0.309540
-0.468901
1.309950
0.475628
0.070848
-0.538697
-0.530431
0.290759
-0.006871
-0.342393
-0.539872
0.441496
0.505448
-0.128599
-0.851330
-0.304067
0.211270
-0.585371
-0.591611
0.366785
-0.015016
-0.184750
0.140442
-0.891811
-0.326340
0.150473
0.258658
-0.679832
-0.209532
-0.663731
0.135729
0.140694
0.485637
-0.155297
0.055372
-0.085328
-0.599333
-0.252482
-0.178314
0.307571
-0.951496
-0.058338
-0.194455
0.371877
-0.403689
0.165061
0.684458
0.701745
-0.093906
0.010902
0.340888
-0.048695
0.681247
-0.230635
-0.014446
0.291498
-0.546331
0.471881
-0.101467
-0.406509
0.150110
0.420100
-0.044281
-0.115039
-0.221197
0.766701
-0.364831
0.697007
0.117586
-0.608883
1.125702
0.387218
0.110469
0.289484
-0.474388
-0.397476
-0.507318
0.204265
-0.296876
0.096033
0.058280
0.323106
-0.035790
-0.054241
-0.800204
-0.477338
-0.680464
0.161630
0.496997
0.773205
-0.000318
0.008954
0.183801
-0.251387
0.229209
0.035492
-0.126803
-0.080815
0.479124
-0.156088
0.477179
0.584123
0.093749
0.230569
-0.562806
-0.182329
0.396811
0.455404
-0.396106
0.176930
-0.075362
0.307223
0.200249
-0.744156
-0.812845
-1.088898
-0.411674
0.172284
0.830048
-0.087503
-0.435648
-0.202267
0.607847
-0.102507
0.447466
0.709148
-0.333375
0.011478
-0.378978
0.322528
0.023899
-0.355925
0.455496
-0.025108
-0.345145
0.738256
0.437719
-0.029373
0.582608
-0.111803
0.075653
0.069861
0.678036
0.832375
0.097117
0.445110
0.188131
0.230147
-0.660919
-0.280879
0.204652
-0.351010
-0.409325
0.390698
-0.237371
0.503014
1.261496
0.725027
-0.456253
0.492654
0.687043
0.128333
0.743978
0.268524
-0.420505
-0.222357
0.643938
-0.614743
0.685681
-0.011476
0.025983
0.048170
-0.358826
0.365981
-0.010815
-0.550217
0.026145
0.245577
0.042917
-0.436903
-0.383951
-0.626593
-0.052947
0.284869
0.204860
-0.582567
0.466756
-0.279231
0.457515
-0.213147
0.157486
-0.070705
-0.266590
0.307116
0.482025
0.652266
-1.044859
0.102868
-0.383969
-0.244881
0.048051
0.170237
-0.064773
0.067806
-0.770603
-0.018700
-0.174651
-0.354235
-0.089570
0.160271
0.803795
0.264036
0.877438
-0.324480
-0.828940
-0.240350
0.017120
-0.660313
-0.234089
-0.091722
-0.406670
-0.273906
-0.127938
0.668875
0.123616
-0.460171
0.040801
0.017425
-0.413449
0.507521
0.304208
0.661689
0.149630
0.500550
-0.757028
-0.332492
0.092307
0.200465
-0.248324
0.264645
0.088062
0.033749
-0.788454
-0.009701
-1.208050
-0.360552
-0.582911
-0.194192
0.338152
-0.188860
0.466898
0.869610
-0.316228
-0.169534
-0.529973
0.129380
0.106651
-0.593279
-0.187763
-0.097188
0.732826
-0.003262
-0.349176
0.198311
0.062593
0.058154
-0.026498
-0.765188
0.039606
-0.182455
0.054366
-0.256266
0.721494
-0.584388
0.156042
0.263538
-1.011522
-0.127111
-0.046501
-0.104527
1.324965
-0.399499
-0.131772
0.363307
0.123035
0.239937
0.116689
0.084976
0.137493
0.273009
-0.336428
0.086720
0.231807
0.290314
-0.497790
0.280230
0.232904
0.377793
-0.792231
0.304988
-0.367347
-0.332880
-1.271942
0.029020
0.581129
-0.442886
0.560330
-0.048767
-0.577643
-0.365458
-0.163079
0.647958
0.047147
0.838458
-0.445656
-0.277778
-0.120292
-0.283900
0.009667
0.806562
0.503171
-0.114590
-0.022623
0.658787
-0.097818
-0.294986
-0.347523
-0.184065
0.090003
0.114376
-0.009346
-0.266626
-0.013734
-1.152722
0.083446
-0.064823
-0.296745
-0.204192
-0.667349
-0.246199
-0.514493
0.149853
0.215426
-0.385895
0.347764
0.395861
0.346819
-0.523712
-0.002714
0.220076
-0.089219
0.119499
0.073974
0.055188
0.417442
0.065581
0.566083
0.259365
0.176603
0.377949
0.393852
-0.108373
0.521374
0.692452
-0.119136
0.043816
0.138967
-0.099576
0.817797
-0.267619
0.024973
-0.228378
-0.041571
0.891702
0.134129
-0.461686
-0.644880
0.713949
-0.235653
0.558217
0.580929
0.483899
-0.449513
0.226254
-0.646769
-0.127197
0.382118
0.626176
0.086013
0.422364
0.367772
0.004866
-0.814810
-0.582385
-0.444584
0.668214
0.762067
0.214480
0.120207
0.383294
0.230155
-0.155013
0.041499
0.086416
-0.380543
-0.559420
-0.176731
0.429665
0.386428
-1.124597
0.308249
-0.510584
0.456619
-0.168261
-0.690017
0.642178
-0.178510
0.238831
-0.039718
0.257190
-0.291531
-1.525111
0.319231
0.935941
-0.109821
0.436255
0.454941
-0.268202
0.639102
0.069122
0.315724
-0.054267
0.669867
0.932529
0.423005
-0.086599
-0.462751
0.136279
-0.050817
-0.060548
0.142587
-0.562073
-0.350365
-0.640890
0.294805
0.226488
0.126481
0.110530
0.082423
0.220146
-0.585625
-0.108631
0.207527
-0.399388
-0.281014
-0.297810
0.138442
0.413533
-0.245896
-0.223990
-0.021612
0.591040
0.082831
0.208164
-0.262849
0.435005
-0.656080
-0.218398
-0.640845
-0.036642
-0.120945
-0.454290
-0.859330
-0.238828
-0.260704
0.066160
0.139800
0.966221
0.493162
-0.330117
-0.235902
-0.604408
0.204949
0.512743
-0.323105
0.172148
0.624120
-0.139291
0.281344
0.231631
-0.105348
0.610594
-0.166792
-0.206273
0.097412
-0.354269
-0.019293
0.167963
-0.022159
0.011330
-0.905379
-0.060639
0.579667
0.108003
-0.382878
-0.276468
-0.149008
0.622927
-0.149018
0.724247
0.377959
0.112132
-0.027038
-0.640899
-0.238503
0.525962
0.276715
0.378531
-0.382317
-0.153771
-0.226619
0.142023
0.410405
-0.057197
-0.518235
0.053468
0.411944
-0.298640
-0.448997
-0.124641
0.118547
0.261699
0.231862
-0.278380
-0.103950
-0.247247
0.300995
0.041546
-0.287257
-0.332171
-0.658576
-0.227701
0.668343
-0.301909
-0.537734
-0.333489
0.485826
0.318700
-0.453483
-0.562998
0.126279
0.450554
0.207109
-0.473325
-0.420277
0.566307
-0.565134
0.306500
0.272725
0.409772
0.012634
-0.065287
-0.374875
0.047896
0.090609
-0.167105
-0.457121
0.174201
0.273270
-0.206344
0.706529
0.177700
0.146656
0.594212
0.437093
0.123323
-0.085562
0.146417
0.302793
-0.091921
0.017362
-0.871595
0.190962
-0.246647
-0.770121
-0.043234
-0.432423
0.006250
0.325108
0.403753
-0.070784
0.139035
0.205326
0.155138
-0.169323
1.024581
-0.303019
0.435246
0.417546
-0.499163
0.508797
-0.636164
0.164890
0.654110
-0.676766
-0.237604
-0.134901
0.311601
0.023754
-0.558934
-0.114960
0.115435
0.597189
-0.422982
0.373669
-0.282774
-0.196370
-0.547690
-0.090783
0.075048
0.568431
0.103407
-0.274317
0.012979
0.402928
0.540518
1.041635
-0.178745
0.362737
-0.038566
-0.797991
0.083395
-0.375778
0.349103
-0.193339
0.030162
-0.269243
0.117685
0.397899
-0.368839
0.072135
-0.112257
0.071569
-0.736437
0.148885
-0.170636
0.147694
0.543297
-0.652169
0.391297
-0.090356
0.270029
0.172018
0.527973
-0.289447
0.315797
-0.474371
0.609647
-0.484583
-0.463515
0.037492
0.470264
0.372228
0.249621
0.038482
-0.262135
-0.637477
0.215528
-0.487345
0.324718
-0.134889
-0.100949
0.130550
-0.242546
0.138962
-0.120841
-0.367938
0.824749
0.702237
-1.007943
0.493058
-0.126039
0.394011
0.121414
-0.217769
-0.306976
0.153097
-0.641199
0.265589
-0.274005
0.573328
0.306424
0.401943
-0.837227
-0.171138
0.100886
0.344439
0.444386
0.166101
-0.551360
-0.236874
0.061750
-0.167563
0.295566
0.420771
0.385180
-0.282584
-0.636428
-0.657647
-0.458394
-0.868017
0.297111
-0.329420
0.563949
0.528545
-0.694020
-0.302985
-0.393380
-0.026090
1.315351
-0.083447
0.444828
0.012667
-0.189328
-0.313769
-0.249698
0.117250
-0.330701
-0.408509
-0.087301
0.459766
0.261241
-1.119667
-0.382631
0.109481
-0.037406
0.358904
-0.019158
-0.267977
0.479701
-0.323538
-0.498151
-0.160754
-0.300204
0.245974
0.304334
1.183079
0.545117
0.251715
0.625499
-0.487551
0.318468
-0.385187
0.654587
0.269644
0.537068
-0.043531
-0.660325
0.054870
-0.232065
-0.307983
0.003018
-0.135939
0.029859
-0.250316
-0.461139
0.936706
-0.671273
-0.467445
-0.102054
-0.458886
-0.778155
-0.017053
0.634070
-0.277588
-0.134646
-0.368154
0.384040
0.606008
-0.102450
-0.643832
0.269576
-0.106924
0.191552
-0.023040
-0.288402
0.405831
-0.120942
-0.060034
0.523385
-0.768275
0.379155
-0.711039
-0.251828
0.037970
0.229642
-0.196076
0.045114
-0.307377
0.574836
0.335009
-0.209862
0.164710
0.301732
-0.104320
0.909704
-0.073773
0.128368
-0.657722
0.181764
-0.238429
-0.291787
-0.254837
-0.196787
-0.171814
0.234563
-0.200029
0.540694
-0.385209
-0.179641
0.448418
-0.732899
0.078309
0.497019
0.319892
-0.393981
-0.136052
0.596282
0.364086
0.932814
0.662514
0.703509
0.398296
-0.137205
-0.165154
0.231760
-0.624059
-0.071938
-0.168371
-0.066283
-0.309321
0.734422
0.202651
-0.771293
-0.237125
-0.159427
0.105282
0.483069
-0.024581
0.145148
0.476504
-0.554314
0.448222
0.274182
-0.340259
-0.066304
0.741214
-0.077901
-0.346492
-0.628794
0.219531
-0.021334
-0.112390
0.188082
-1.322696
-0.051620
0.146754
-0.050921
0.395309
0.423977
-0.178443
0.319334
0.398124
0.100584
0.056465
-0.660019
-0.079820
-0.225345
0.125575
0.271579
-0.433353
0.085610
0.530817
-0.516876
0.305650
0.069803
0.237203
1.009253
-0.205159
0.285922
-0.459492
-0.386510
-0.148637
-0.587002
0.005006
0.214940
0.217341
0.054138
0.471855
-0.045076
0.071676
0.139778
-0.129876
0.365711
-0.453253
-0.204479
1.022244
0.858095
-0.460794
0.406416
0.446269
1.033084
0.272715
0.590760
-0.301235
-0.583347
0.377563
-0.333294
0.318049
0.594059
-0.455652
-0.167431
0.067498
0.224844
0.230536
-0.322690
0.298674
-0.325604
-0.257604
-0.785633
0.127510
0.768814
-0.423091
0.534084
-0.319370
-0.566630
-0.192990
-0.695500
-0.155786
0.336525
-0.485280
0.564631
0.151805
0.715611
0.399926
0.933190
-0.354719
-0.318236
-0.404173
-0.360888
0.676771
-0.489422
-0.106502
0.801991
0.142368
-0.120703
-0.427628
0.440370
-0.795094
-0.379317
0.267638
0.274600
-0.401831
-0.187832
-0.127318
-0.348332
-0.447922
0.304201
-0.033300
0.181151
0.038149
0.455855
0.265951
-0.298018
0.688946
0.314921
0.364116
0.207442
-0.718184
0.213237
-0.286459
0.251250
-0.086270
0.002620
-0.799931
-0.025399
0.324390
0.484272
0.165273
-0.635156
-0.382326
-0.558420
0.044644
-0.301687
0.513896
-0.483866
0.168263
-0.607476
0.005986
0.568179
0.717052
0.238139
-0.330997
0.371357
-0.099575
0.293739
-0.276298
-0.215889
-0.082138
0.123899
0.016745
-0.247140
0.404451
-0.407306
-0.062095
0.328524
0.281748
-0.014440
0.142841
-0.037924
0.446997
0.094872
0.287499
-0.391041
0.146301
0.079840
-0.075466
-0.348348
0.734295
0.252430
-0.215041
0.235466
0.074303
-0.057302
-0.661351
0.227057
-0.437016
-0.044956
1.147743
0.168962
-0.414409
0.190755
-0.686458
0.426501
0.531312
0.333572
-0.105317
-0.115958
-0.128230
-0.087673
-0.349614
-0.018339
-0.279421
0.112615
0.101696
-0.670849
-0.259370
0.548494
-0.396790
0.082985
0.251027
-0.068219
-0.396612
0.737909
0.633589
0.145126
-0.551156
0.641428
0.057898
-0.295737
-0.432098
0.405237
-0.046966
-0.076915
0.131694
0.182553
0.583782
0.171274
0.317498
0.660292
-0.858213
-0.010249
-0.519765
-0.045402
-0.118646
0.131287
-0.479615
0.092607
-0.459291
-0.201500
0.220512
-0.749571
-0.421324
0.106343
0.466092
-0.637170
-0.149462
0.114365
0.344463
-0.134616
-0.313379
0.038907
-0.553013
-0.254037
-0.794320
0.150511
0.528950
0.336140
-0.512376
-0.688800
0.208596
0.132178
0.178745
0.260450
-0.462934
0.074375
-0.576554
-0.297062
-0.429591
-0.105471
0.884215
-0.701539
0.062536
0.150011
0.426604
0.429097
-0.078536
-0.324165
0.464846
-0.296728
0.119385
-0.455973
0.288664
-0.260474
-0.140662
0.152249
0.094046
-0.478101
-0.064721
0.314730
0.206322
-0.083142
0.489739
0.601207
-0.361112
-0.372664
0.393455
-0.120964
-0.152995
0.752362
0.589521
0.199107
0.290847
-0.037190
-1.219143
0.194446
0.180343
-0.181456
-0.743751
0.239199
-0.345880
0.097633
0.216116
0.040062
-0.749515
-0.480909
0.047553
-0.729387
-0.512320
0.326623
-0.321061
-0.351040
-0.251726
0.896220
-0.490412
0.197000
0.073520
-0.387251
-0.601177
0.567916
-1.048567
0.419011
-0.295690
0.148127
-0.218155
0.289241
-0.128992
-0.320447
0.438229
0.271793
-0.302203
0.182963
0.245744
0.653540
-0.406737
-1.000877
0.384905
-0.538641
-0.010246
-0.086918
-0.531690
0.182363
0.501109
0.036312
0.030502
0.185786
0.642507
-0.555770
0.091323
-0.295017
-0.376483
-0.214934
-0.255570
0.529669
0.217393
0.426081
0.517386
0.176807
0.303115
-0.085604
-0.083393
-0.510097
0.483958
-0.504623
-0.065398
-0.020430
-0.309688
-0.220921
0.242772
0.567116
-0.499824
-0.795540
1.040250
-0.515716
0.378795
-0.612569
0.647800
0.377740
1.056364
0.237584
0.198848
-0.599280
0.379069
0.486110
-0.202678
-0.341194
-0.401282
-0.592184
0.193022
0.153380
-0.786251
-0.329700
-0.543887
-0.271733
-0.134609
0.618231
-0.888835
-0.359424
-0.146313
0.031271
-0.482142
0.185713
0.623523
0.157133
0.411554
-0.610670
-0.855457
0.274592
-0.228015
-0.174304
0.859266
-1.378252
0.410461
0.133823
-0.053537
0.014554
-0.247657
-0.031505
0.268192
-0.533039
-0.638441
-0.631189
0.160897
0.403231
0.095153
-0.001642
0.300340
0.223420
0.484954
0.562250
0.511887
0.597935
0.171331
-0.901703
-0.185968
-0.093437
0.599823
-0.796063
0.087973
-0.517796
-0.109742
0.550510
0.349207
-0.414024
-0.292051
-0.190435
0.014251
-0.478771
0.416297
0.297024
1.035826
0.174594
-0.596760
0.295197
0.082850
0.828591
-0.079277
-0.269966
-0.319341
0.292163
-0.236583
-0.514583
0.198746
-0.413819
0.914010
0.210964
-0.194895
-0.080259
0.279836
0.397200
-0.314648
0.111748
-0.473038
0.155566
0.456969
0.538665
-0.050091
0.010550
-0.251674
0.039925
-0.110252
-0.175252
-0.472828
0.480514
0.219759
-0.038308
-0.231581
0.286359
-0.096056
0.240213
-0.631093
-0.381771
0.026446
0.021093
0.489995
0.168934
-0.231873
-0.228416
-0.491665
0.315572
0.947928
0.011206
0.352738
0.100623
0.247357
0.167612
0.428425
-0.332964
-0.243219
0.789676
0.173405
0.040842
-0.141712
-0.245529
0.322029
-0.299412
0.133020
0.008698
0.243658
0.458778
-1.409671
0.087474
0.928197
-0.291277
-0.623120
-0.397093
-0.484424
0.323722
0.175733
-0.586703
0.399623
-0.345509
0.033251
-0.741029
-0.051261
0.285888
0.296365
-0.623194
0.848325
-0.683340
-0.323029
0.213947
0.075006
0.440479
0.085807
0.325763
0.186443
0.419477
-0.614794
1.324187
0.573488
0.309640
-0.399134
0.641873
-0.228195
-0.716155
-0.280054
0.564628
0.428388
-0.829871
0.234578
0.103602
-0.414428
0.081600
-0.370476
-0.746710
0.409972
-0.135685
0.111194
-0.152010
-0.725352
-0.084285
-0.082557
0.540892
-0.100718
0.095423
-0.242504
-0.729410
0.287823
-0.224264
-0.529164
-0.335001
0.031609
1.069146
0.103293
-0.096291
0.124390
0.428472
0.114086
-0.340730
-0.254739
0.051890
-0.244441
-0.202716
0.087205
0.046967
0.246666
0.408793
0.593125
0.123018
-0.326842
-0.196375
-0.182373
0.828424
-0.602161
-0.457441
0.446662
-0.051757
-0.111604
0.451858
0.652380
0.369982
0.436269
0.235429
-0.016788
0.449436
-0.188084
0.182309
0.461012
0.536982
0.060618
0.345927
-0.594232
0.252641
0.176719
-0.143250
0.509126
0.498493
-0.904763
0.536688
-0.238545
-0.570563
-0.581812
0.464604
0.219870
-0.517751
-0.245157
0.225069
-0.230921
-0.726580
-0.563025
0.110810
0.837654
0.258100
-0.595784
0.357761
0.247912
-0.057527
0.047246
-0.506848
0.132454
0.507011
-0.632178
-0.622649
-0.034545
0.207606
-0.010086
-0.607525
-0.335697
-0.835008
0.644782
-0.602072
-0.127761
-0.377313
0.124962
-0.021400
0.347803
-0.706025
0.102053
-0.022382
-0.905685
0.504044
-0.584216
-0.190545
0.069643
0.500914
0.203962
0.040591
0.303222
0.260216
0.164954
-0.419466
0.120115
-0.217026
-0.282354
0.011504
0.284704
0.155435
-0.171943
-0.503445
-0.418222
-0.258196
-0.480345
0.327541
-0.179413
0.021436
-0.044769
0.132939
-0.267523
-0.210477
0.843247
-1.009006
0.739161
-0.060693
-0.252622
-0.553446
0.319417
0.071508
-0.349913
