0.302109
1.089173
0.343195
-0.183383
-0.054989
0.199544
-0.005735
-0.367637
0.361263
0.877463
-0.419193
0.034042
0.570816
0.500580
-0.163120
0.100065
0.215439
0.485947
-0.235810
0.716078
0.218652
-0.111686
-0.244191
0.284296
-0.136899
0.193438
-0.332848
-0.393705
-0.289101
-0.641531
-0.221647
-0.212005
0.708955
-0.308477
-0.342365
0.627963
-0.068338
-0.481147
-0.216589
0.010543
0.379751
0.742412
0.136871
-0.185185
-0.490252
0.102080
0.293279
-0.616956
0.742105
-0.931696
0.217911
-0.617988
-0.137361
0.424753
-0.328278
0.105038
-0.783242
-0.411329
-0.763860
0.114998
0.778663
0.007976
0.404841
-0.354868
-0.016243
-0.095917
-0.242245
-0.281758
0.154507
-0.377268
0.590435
0.782294
0.339599
0.716805
0.431862
0.323308
-0.904718
0.175424
0.408531
-0.279294
-0.025005
0.454614
-0.478924
0.557677
0.043798
-0.015460
-0.351361
-0.601388
0.312207
-0.104910
0.121739
0.107761
-0.242250
-0.757879
-0.587510
-0.365759
0.277216
0.136317
0.092166
-0.863067
0.483731
-0.466943
-0.714695
-0.065154
1.151941
0.004031
-0.179561
0.529284
0.399403
0.141384
-0.013014
-0.280433
-0.312238
-0.710314
-0.171824
-0.007019
-0.229734
-0.032864
-0.267157
-0.156595
-0.663565
-0.269060
0.855759
-0.445373
-0.029283
-0.598723
-0.093544
-0.458945
0.257575
-0.207634
0.752235
0.009910
-0.277140
0.741905
0.710741
0.931576
0.193282
0.018689
-0.054600
-0.308271
0.571825
-0.342256
-0.322515
-0.128746
-0.078035
0.277711
-0.091759
0.026250
-0.645085
0.139116
1.082030
0.536467
0.121723
0.041394
0.342606
-0.465623
0.196364
0.286853
-0.048397
-0.134295
0.298907
-0.013504
-0.097309
0.169983
0.811968
-0.144294
0.005634
0.141998
0.089246
-0.035578
-0.019963
0.493107
0.415583
-0.471622
-0.504121
-0.000015
-0.488389
0.161265
0.167840
-0.487694
-0.120924
0.670284
0.538485
-0.310743
-0.499245
-0.592658
-1.039804
0.241334
-0.337107
-1.266492
0.319249
-0.216939
-0.029516
0.201348
-0.247901
-0.380507
0.114449
-0.380622
-0.829268
-0.521761
0.636799
-0.587932
0.309615
-0.060719
0.270844
-0.123516
1.037958
1.139452
-0.113361
0.147566
-0.213724
0.052763
0.329523
-0.381859
0.278816
0.169152
0.024382
0.367705
0.016552
0.270840
-0.222129
0.538585
-0.502291
-0.608753
-0.066291
0.490596
0.029973
1.078916
-0.476559
0.149968
-0.331054
-0.019999
-0.116174
1.240666
-0.283614
-0.570256
0.711424
-0.294943
0.001696
0.002684
-0.183491
-0.521415
-0.912079
0.009600
-0.215204
-0.391019
0.342256
0.319083
0.379959
-0.066969
-0.065741
0.277128
0.103881
-0.458552
-0.302686
0.412253
0.204626
0.105967
-0.126274
-0.484792
0.013878
0.713978
0.089982
0.554372
-0.691395
0.784152
-0.194046
-1.372688
-0.251425
0.314440
0.221206
-0.287195
0.437724
-0.343642
0.084380
-0.044168
0.046100
0.038109
-0.261897
0.097584
-0.016462
0.315354
-0.383985
0.282542
0.510843
-0.572689
-0.780190
0.107700
0.253394
-0.512651
-0.202508
0.160722
0.352711
-1.032003
0.093088
-0.125545
-0.271111
-0.253493
0.284598
0.189134
-0.025747
-0.848949
-0.216043
1.503716
-0.053234
-0.403981
0.485941
-0.360982
-0.314162
-0.493034
0.712100
-0.283047
-0.475644
0.084080
0.047401
0.470831
0.102123
0.290282
-0.335433
0.402320
0.293101
0.083053
0.790343
0.221396
-0.223771
-0.298983
-0.328566
0.454659
0.628297
0.059567
-0.326676
-0.196079
0.234298
0.396463
0.206240
0.230459
0.220607
0.549752
0.087379
-0.860645
-0.621656
-0.282756
-0.318066
-0.043513
-0.386612
-0.051584
-0.258447
-0.233115
-0.651361
0.462993
0.172098
-0.515208
0.063182
-0.495064
0.095273
-0.449977
-1.016581
-0.393923
0.345071
0.491490
-0.096096
0.480523
-0.280973
0.224923
0.162596
-0.104840
0.072353
-0.469355
-1.114389
0.264059
0.259704
-0.097380
0.090962
0.043481
-0.012379
-0.550819
0.425598
-0.368437
-0.362773
0.113728
0.400795
-0.682282
-0.123730
0.508652
-0.422215
-0.251728
-0.112359
-0.225511
-0.980151
-0.827237
-0.703024
0.281157
0.267973
-0.316356
0.324289
-0.355175
-0.284249
-0.527090
0.861258
0.253944
-0.330681
-0.707585
-0.060123
0.356675
-0.174755
0.082754
0.364537
-0.160298
0.270153
-0.182935
-0.029010
0.515240
0.618004
0.265481
0.393780
-0.582330
-0.273278
-0.381810
0.940978
-0.823597
-0.765981
-0.768679
0.066001
-1.452168
0.836611
-0.046890
-0.044545
-0.465485
0.584644
-0.299489
-0.383148
-0.822426
-0.284734
0.111753
0.124594
0.103414
0.798303
0.044521
-0.114935
-0.023078
-0.195021
0.105793
-0.500753
0.689330
-0.217548
-0.178967
0.249607
0.343072
0.242462
0.678944
-0.166788
0.886811
-0.389109
-0.493147
-0.137082
-0.414156
-0.114616
-1.334337
0.726241
-0.327955
-0.530589
0.120621
0.888611
1.283605
-0.646205
-0.278580
-0.070274
0.324531
0.651613
-0.228180
0.927668
-0.107546
-0.453066
-0.572209
-0.270284
-0.863891
-0.738804
-0.195476
-0.438282
0.435274
0.387431
0.049720
0.237703
0.090437
0.525602
-0.242655
0.638448
0.920356
0.189017
-0.697421
0.070945
0.328922
0.339881
-0.684420
-0.639482
-0.043182
0.243435
0.382674
-0.418672
0.099081
-0.142389
-0.091156
0.491546
0.497156
0.047754
-0.020328
0.206782
-0.499974
0.389332
-0.449013
-0.204262
1.005592
0.187373
0.177271
0.197692
0.593454
0.262987
-0.205918
0.254479
0.737451
-0.430558
0.021886
0.073014
0.970532
-0.513321
0.374118
-0.766765
0.083197
-0.404113
0.025293
-0.357505
-0.225176
0.362292
-0.106867
0.280923
-0.325079
0.223363
-0.298775
0.343433
-0.159728
-0.254335
-0.474131
0.184123
0.279503
0.512425
0.561963
0.357040
0.688269
0.392489
0.187071
-0.668137
0.189289
0.767469
-0.406669
0.026388
-0.400118
-0.304351
0.351654
0.059707
0.253751
0.410725
-0.757467
-0.643162
-0.065978
-0.707950
-0.022906
0.017652
-0.190379
0.588060
-0.488290
-0.055273
-0.172828
-0.821911
-0.109018
0.110959
0.188843
0.116138
0.753672
-0.460185
-0.331114
-0.826454
0.487928
-0.309593
0.118396
-0.371366
-0.157367
-0.379035
-0.499078
-1.108289
0.202013
-0.100823
0.316591
0.136389
0.204805
-0.262547
0.059372
0.856684
-0.598541
-0.928466
0.580822
-0.206018
0.745536
-0.263868
-0.384268
-0.811362
-0.270804
-0.434475
0.457096
0.072806
0.195359
-0.339888
-0.426356
-0.055573
0.138715
-0.376307
-0.027790
-0.407538
0.526957
-0.097846
0.203826
-0.575124
-0.030711
-0.669376
0.181134
0.108495
-0.482428
0.510596
0.577829
1.911715
0.094279
0.041262
0.448315
0.420209
0.273582
0.037545
0.494993
-0.176851
-0.472773
-0.110749
-0.127534
0.324083
-0.459176
0.652226
-0.432101
0.149474
0.614952
-1.108963
0.219131
-1.048275
-0.243729
0.568513
-0.406476
-0.317452
0.022325
-0.474324
0.800914
0.106074
-0.221207
-0.545446
0.448244
-0.279676
-0.077768
0.192183
0.802481
0.347170
0.363786
0.076945
0.763090
-0.103342
-0.121456
-0.574794
0.075410
0.004494
-0.047177
-0.484308
0.149504
-0.523344
-0.312544
-0.280776
0.323809
0.282605
-0.290872
-0.024864
0.690267
0.453234
-0.423017
-0.235426
1.054573
-0.261939
-0.824853
0.553039
0.348716
-0.056942
-0.308027
0.124713
0.069649
0.108007
-0.591760
-0.501342
-0.481479
0.004137
-0.318757
-0.552695
0.632302
-0.772069
0.610044
0.116541
0.279159
-0.479280
0.586931
0.199554
0.288425
0.077062
-0.213279
-0.409602
-0.525194
-0.873144
0.150995
-0.421243
0.804136
0.364113
0.114387
-0.273657
-0.443690
0.785182
0.237032
-1.347969
0.284373
1.225606
-0.762359
-0.317461
-0.431185
0.319676
-0.000941
0.837540
-0.515603
0.273277
0.499623
0.349694
0.365417
0.537697
-0.180123
1.179535
-0.319001
-0.303717
0.009601
-0.049103
-1.273994
-0.291916
-0.630388
0.530162
0.213276
0.574557
0.458635
-0.192050
0.523466
-0.253360
0.103453
-0.224212
0.224741
0.201658
-0.333245
-0.201700
0.022899
-0.653043
0.107420
-0.736248
-0.057217
0.160245
0.333746
-0.757795
-0.163770
0.389868
0.072625
0.449192
-0.401240
0.074055
0.212020
-0.472126
0.329239
0.578834
0.179607
0.180652
0.457158
0.709351
0.266664
0.465366
0.478676
0.641627
-0.158376
-0.416001
-0.320423
-0.118107
-0.288029
-0.360199
-0.243860
-0.227931
0.660498
0.892469
0.599282
0.334402
-1.117079
-0.438676
-0.205558
-1.090114
0.049106
-0.311577
-0.301047
-1.045282
0.320417
-0.513466
0.081386
-0.874810
0.405279
0.772257
0.421712
0.467345
0.453900
-0.007138
-0.796191
0.454070
0.003224
-0.223384
-0.083225
0.582486
0.378144
1.064403
-0.129011
0.443332
0.258703
0.128456
-0.361701
-0.313357
-0.114790
0.015329
0.182450
0.949345
0.257301
0.998002
-0.013040
0.106383
-0.124380
0.196549
-0.241737
-0.369722
-0.450289
0.079846
0.163132
-0.157989
0.387427
1.043453
0.378486
0.281336
0.828697
0.048319
0.562759
-0.575792
0.333211
0.629511
-0.607096
0.845608
0.415559
-0.013206
0.322689
-0.442879
-0.931337
0.183688
-0.004319
-0.167580
-0.627678
0.249170
0.226517
-0.189017
-0.331434
0.604061
0.159170
-0.142105
0.121198
0.351817
-1.009670
-0.727252
0.238280
0.331014
-0.318712
-0.102417
-0.252966
0.368866
0.558304
0.318369
-0.072793
-0.132014
-0.167961
-0.737355
0.692378
0.423031
0.366796
0.318239
0.037504
-1.004227
-0.246878
-1.006067
0.222727
0.400653
0.370629
-0.421285
-1.163223
-0.347392
0.580965
0.516896
0.458367
0.729709
0.607019
0.153951
-0.817083
0.428355
0.342217
0.213334
-0.528659
0.111484
-0.067056
-0.102564
0.786362
0.047590
-0.204437
0.462193
0.295053
0.094743
0.935938
-0.150592
-0.447138
0.133746
0.510010
-0.779315
0.318186
0.921343
-0.619371
0.556367
0.275519
-0.903171
0.489836
-0.426040
-0.437525
-0.044264
0.467813
-0.095150
-0.535763
-0.729322
-0.368405
0.686643
0.411765
0.161316
0.762858
0.280490
-0.057980
0.111679
-1.493031
0.185657
0.121396
0.111508
-0.011212
0.102288
-0.017783
-0.548798
-0.068518
-0.199141
0.660196
-0.429614
0.209663
0.138161
0.373869
-1.255256
-0.018095
0.266302
-0.261563
0.358193
0.528839
-0.628429
-0.602433
-0.815457
0.280006
0.428168
0.249525
0.525372
0.647580
0.490020
-0.123868
-0.018151
0.392467
-0.918969
0.247598
-0.732204
-0.353405
1.143036
0.024199
-0.572121
0.310970
0.189409
0.815889
-0.193618
0.134568
0.061903
0.006417
0.258394
-0.209731
-0.068611
-0.036721
-0.664798
0.075809
0.394515
0.052389
0.073482
-0.959399
0.043314
0.061664
0.076392
-0.012061
0.059334
-0.390663
-1.106277
0.392010
-1.327559
0.164951
-0.465677
-0.266136
-0.008093
0.445792
0.430877
-0.003503
0.854051
0.065747
-0.296052
-0.550007
0.425815
-0.120031
-0.302149
-0.835284
-0.416182
0.296517
-0.078546
-0.198294
-0.028136
0.914266
-0.007858
-0.329111
0.740702
0.319233
-0.908410
0.223122
0.537560
-0.241313
-0.160604
-0.222726
0.131347
-0.374913
-0.241689
-0.111585
0.129185
-0.034097
0.631521
-0.134091
-0.746483
-0.118748
-0.197719
-0.842902
0.235976
-0.687238
-0.095572
0.256292
-0.256783
-0.626976
-0.173164
-0.199035
-0.947475
0.113702
-0.338541
-0.452178
-0.127838
-0.717495
-0.182061
0.680803
-0.394977
0.127289
-0.067848
-0.531108
0.045220
-0.159963
0.440878
0.244208
-0.592333
-0.303736
-0.388583
-0.366834
-0.781341
-0.275470
-0.017448
0.554451
-0.058199
-0.099503
0.682030
0.132259
0.225001
1.079573
0.314906
-0.284803
-0.409942
0.428544
-0.789166
-0.412032
0.374458
0.056618
-0.692313
-0.039913
-0.490566
-0.370089
-0.784440
0.263142
-0.300271
-0.282842
0.266891
0.291078
0.242219
0.086903
-0.385818
-0.465637
-0.653241
0.652432
-0.781957
0.420193
0.797231
-0.977347
-0.007512
0.358092
0.629849
-0.426917
0.452604
-0.212323
-0.678666
0.421264
-0.440301
0.202483
0.031651
1.385656
-0.509392
-0.175419
-0.094628
-0.247465
0.351464
0.552805
0.507718
0.073101
-0.815999
-0.279457
0.184125
0.003163
0.117566
-0.304249
0.926627
0.279021
0.324686
-0.061112
0.830634
-0.078603
-0.191324
-0.289868
-0.000666
0.720249
0.401440
0.291761
0.832779
0.350847
-0.067923
0.269816
0.237982
-0.783517
0.236003
-0.222724
-0.317314
-0.521986
0.088874
0.150836
-0.121981
0.067612
-0.834564
-0.476585
0.186923
-0.624474
-0.356204
0.001045
0.217202
-0.827323
-0.144604
0.110227
0.302432
0.052297
-0.417401
0.339239
0.322144
-0.405738
-0.660472
-0.498519
-0.311393
0.450373
-0.229351
-0.039438
-0.589591
-0.184403
-0.112262
0.103872
0.057979
0.393343
-0.290625
0.858969
0.122828
-0.167135
0.138753
-0.203676
0.046695
-0.070419
0.038628
0.116861
-0.786947
0.271560
-0.045123
0.281475
0.505288
0.003663
-0.664232
-0.450887
-0.863736
0.190806
0.573304
-0.106005
-0.218872
-0.392845
0.519075
0.189325
-0.002586
-0.270053
-0.396598
0.149249
0.046009
-0.517101
-0.558780
-0.237597
0.194814
0.692515
-0.149663
-0.100112
-0.644671
0.150036
0.417744
-0.104965
-0.107880
-0.372394
0.354581
-0.190872
0.054137
0.032939
0.864782
0.321345
-0.144170
-0.525664
-0.086066
0.651511
-0.195209
-0.301095
0.905818
0.134049
1.312389
0.685899
0.702921
-0.033308
0.052003
0.371648
0.205700
-0.159076
0.138195
0.494536
0.421838
-0.082442
0.706557
0.565588
0.254741
-0.115221
-0.643044
0.276124
-0.744322
-0.772288
-0.664358
-0.780855
-0.591031
-1.239953
-1.398763
-0.582324
-1.166028
-1.053323
-0.122588
-0.098760
-0.825499
0.055067
-0.103625
-0.672635
-1.243226
-0.204417
-0.641984
-0.160798
-0.600190
0.110891
-0.715599
-0.233934
-0.109168
0.020470
1.524811
1.115687
0.745048
1.037851
1.139191
1.165482
1.353387
1.050567
1.339105
1.862999
0.868478
1.183822
0.339211
0.858743
0.360768
0.699667
0.401622
0.817131
0.404850
0.146317
0.613337
0.658802
0.058041
0.312824
0.715075
-0.336665
0.451022
-0.242874
-0.680225
-0.143587
0.321000
-0.504577
-0.808030
-0.699101
-0.564721
-0.682133
-0.650354
-0.431869
-0.166803
-1.265064
-0.734322
0.269665
-0.610166
0.068821
-0.676655
-0.538043
0.319197
0.230861
0.226407
-0.215888
0.491226
0.686835
0.278793
0.057395
0.729884
0.397091
0.077796
1.826436
-0.343399
-0.300114
-0.186211
0.485321
0.011709
0.396074
-0.681627
0.641566
-0.246910
-0.221087
-0.154892
0.207031
-0.796380
-0.092554
-0.899482
-0.560077
-0.456340
-0.227643
-0.133431
0.156196
0.203546
-0.419557
0.192225
-0.405179
0.023292
0.602549
0.317051
0.558766
1.037787
0.028333
-0.316799
0.575055
0.574932
0.469202
-0.051587
0.540570
-0.508782
-0.610918
-0.005411
-0.511925
0.512337
-0.421687
0.035566
-0.730088
0.107706
-0.054256
0.092259
-0.490351
0.211391
0.177274
0.102808
-0.019953
-0.534628
-0.215914
0.262097
-0.195313
-0.238227
0.095436
0.698545
-0.155381
0.106542
-0.215711
-0.219358
0.107099
-0.226582
-0.139266
0.605634
0.112496
0.003981
0.211503
0.227618
0.483836
0.111252
0.063726
0.578724
0.101082
-0.721941
-0.200391
0.223719
-0.405336
-0.201663
-0.508800
-0.878758
-0.040607
-0.086462
-0.456150
0.142502
-0.180720
-0.250428
-0.548185
0.132484
0.587462
0.079396
-0.669529
0.557706
0.223730
0.079991
-0.197948
0.376487
-0.534728
-0.255276
-0.125339
0.739681
-0.453311
0.324987
-0.478481
-0.885428
0.152625
0.312390
1.012273
0.100590
-0.169329
-0.120896
-0.252565
0.566371
0.271949
0.390135
-0.309825
-0.130047
0.533946
0.782467
0.355727
0.535609
0.194202
0.589618
1.115859
0.557382
0.089983
-0.099782
0.819938
0.600759
-0.497733
-0.231792
0.091869
0.486318
0.335672
-0.137380
0.069716
-0.568459
-0.363592
-0.060054
0.070063
-0.212890
-0.472579
-0.583884
-0.354304
-0.464177
0.313918
-0.892537
-0.022741
-0.178277
0.210696
-0.248484
-0.180601
0.065756
-0.070221
-0.054095
-0.355948
0.721346
0.038658
-0.027239
0.263893
0.232769
0.228021
0.816099
0.325696
0.341927
0.206956
0.509423
0.303362
-0.140027
0.259642
0.123001
-0.014501
-0.163259
-0.609621
0.034467
-0.326858
0.461874
0.092799
0.581892
0.010455
-0.609096
-0.008171
-0.097048
0.560112
-0.533808
-0.574898
-0.214837
0.540817
0.131652
-0.417864
-0.100391
-0.484111
0.172884
-0.554643
-0.664290
-1.129811
0.980263
-0.167357
0.989628
0.417912
0.060409
0.512823
-0.118021
-0.899064
0.370403
-1.014429
0.583137
-0.602333
0.018346
-0.816871
-0.313713
0.701342
-0.685148
-0.451431
0.515213
0.251450
0.308893
0.557703
-0.607683
-0.361253
0.631124
-0.216976
0.563270
0.028571
0.060268
-0.825253
0.404578
0.138181
0.177280
-0.148285
-0.845749
0.981294
-0.350632
0.264866
-0.554177
-0.373722
0.090398
-0.394133
0.432659
0.452827
-0.288085
0.351870
0.229968
-0.236721
-0.268480
0.651326
-0.161086
0.332519
-0.641967
0.700192
-0.185623
-0.124374
0.345888
0.191399
-0.240032
0.059829
0.356936
-0.442606
0.801308
-0.559229
-0.018026
0.771283
-0.033163
0.910512
0.460237
0.379037
0.231860
0.378284
0.360113
0.152599
-0.045754
-0.164194
-0.367641
-0.232583
-0.043140
-0.504567
-0.822790
-0.809310
-0.103037
-1.041936
-0.254018
0.962703
0.398775
0.615492
0.299571
0.083093
0.761955
0.795593
-0.030467
0.005683
-0.038768
0.260379
0.565803
-0.735684
-0.610642
0.661438
-0.191831
0.605371
-0.194367
0.031505
-0.068170
-0.241212
-0.708079
0.016718
0.888692
-0.667893
-0.407137
-0.341135
-0.392994
-0.005197
0.024477
-0.167361
-0.309657
0.581555
-0.230450
-0.692706
-0.583675
0.858257
0.137802
0.664159
0.563223
-0.534204
0.492184
1.127917
0.369025
0.148061
0.189727
0.024149
-0.269313
-0.226168
0.591379
-0.362355
0.043441
0.576946
0.964256
0.463301
-0.089558
-1.121927
-0.532424
-0.672154
-0.434730
-0.227637
0.357004
0.039120
-0.011119
-0.997629
0.340516
1.063013
0.528522
-0.116067
0.372529
0.831575
-0.116068
0.796064
0.415315
-0.146527
-0.056673
-0.599625
-0.713692
0.325829
0.270703
-0.238613
0.320246
-0.104213
0.162037
0.452302
0.789679
-0.064668
0.046790
0.798432
-0.301324
-0.760361
0.008860
-1.149018
0.394715
-0.143684
-0.331283
-0.472630
-1.005915
-0.213486
-1.383068
-0.181840
0.739046
0.146916
0.303848
-0.121467
0.056925
0.074455
0.231858
0.598416
-0.330197
-0.241816
-0.204987
0.193493
-0.331539
-0.295373
-0.116048
-1.011916
0.961189
0.686726
-0.190600
-0.115915
0.575474
-1.150482
-0.380954
-0.456408
-0.243096
0.230790
-0.469916
-0.001638
-0.976085
0.304340
0.640134
0.347418
0.542570
-0.018727
0.356127
-0.110563
-0.503162
0.832842
0.039558
0.477032
0.506036
-0.087913
-0.252184
0.234228
0.056417
0.265730
0.295708
0.086130
0.538309
0.481307
1.121907
-1.064934
0.162447
-0.120597
-0.201595
0.167901
-0.030826
0.331238
-0.148768
-0.203331
0.527481
-0.069478
0.322670
0.624192
0.643365
-0.509883
0.647695
0.246880
-0.004734
0.787178
0.527555
-0.215945
0.325777
-0.910203
0.813991
-0.112577
0.197554
-0.363897
-0.254826
-0.464608
-0.871949
0.861038
0.396958
0.112536
-0.390740
0.199576
-0.289492
0.068634
-0.702932
0.280660
0.608800
0.086225
-0.064503
0.142009
0.710873
-0.240946
0.597046
-0.760369
1.173344
-0.214829
-0.344620
-0.543419
-0.238030
-0.125271
0.432054
0.871116
0.612718
0.627666
0.161584
0.403385
0.476903
-0.434969
-0.059982
0.414839
0.000920
0.269895
-0.070269
0.291186
0.147540
0.087286
0.192505
-0.929214
-0.036368
0.874035
0.308877
0.632737
0.000818
-1.188336
0.348388
0.270208
0.023592
0.055223
0.891236
-0.953911
0.261747
0.998392
-0.563335
-0.989305
0.597846
-0.098106
-0.282486
0.343580
-0.731094
-0.543226
0.007455
0.184328
0.021196
0.744810
-0.429090
-0.028019
0.214853
-0.357133
0.354520
-0.061724
0.504287
-0.159793
-0.594882
-0.176009
0.155883
-0.322095
-0.081766
0.645150
-0.181858
0.347135
-0.225730
0.710346
-0.554482
-0.326481
0.407314
-0.035550
-0.406704
-0.465305
-0.478928
-0.548900
-0.721359
0.144009
0.202861
0.917107
-0.622986
-0.005598
0.753538
-0.576509
0.377523
0.408273
0.491791
0.421195
-0.135564
0.363895
0.349841
-0.514689
-0.339393
-0.149303
-0.349245
-0.307325
-0.630279
-0.220424
0.830701
0.747230
-0.355110
-0.630943
-0.914435
0.554985
0.760263
-0.051564
-0.216183
-0.061125
-0.636624
-0.060539
0.370451
-0.104382
-0.064063
0.231949
0.015027
0.383482
0.133708
0.184570
0.773163
0.112240
0.270173
-0.658045
0.274068
-0.706655
0.085763
-0.181695
-0.569701
0.361677
0.207544
0.186095
0.168655
0.645003
-0.018210
-0.206409
0.002113
0.192357
-0.484730
-0.581124
0.464096
-0.031677
0.103719
0.150441
0.307777
0.738961
0.128884
-0.540189
0.003417
-0.439858
-0.921686
-0.147895
-0.152317
0.744151
-0.075497
0.449278
0.217276
-0.077972
0.552607
-0.525420
-0.476259
-0.274512
0.745701
-0.584669
0.165126
0.201290
-0.008196
0.384870
-0.001491
-0.512796
-0.344188
0.133571
-0.274296
0.059996
-0.050438
0.579482
0.370737
-0.397589
-0.433213
0.173918
0.309391
-0.106260
0.523974
0.036974
-0.209646
-0.305641
-0.673001
0.079488
-0.135273
-0.544966
0.789168
0.679441
-0.122960
-0.144863
-0.384455
-0.382361
0.166043
-1.153263
-0.513204
0.528630
0.669604
-0.865700
0.299278
-0.564394
0.098153
0.057651
-0.481228
0.910402
0.297315
-0.379944
0.066390
0.125206
-0.482935
-0.513623
-0.127457
0.580169
-0.002834
-0.066046
0.061678
1.115639
0.171494
-0.098211
0.515082
-0.106053
-0.855898
-0.417378
0.195247
-0.677232
-0.252501
0.023702
-0.817266
-0.419498
0.936504
-0.255105
-0.008358
-0.164425
-0.014186
-0.081989
0.005627
-0.047437
-0.462506
-0.325181
-0.003534
0.042009
-0.237544
-0.578163
0.578845
0.550707
0.060638
-0.447203
-0.303072
-0.166657
0.487061
0.387741
-0.170995
-0.072344
0.330150
0.253268
0.763160
0.669170
-0.122900
-0.076622
-0.461556
0.380303
-0.818684
-0.142837
-0.091599
0.460257
0.123860
-0.060925
-0.113059
-0.166284
-0.241717
0.108312
-0.250035
-0.712428
0.057135
-0.244052
0.322940
0.237873
-0.409562
-0.975245
0.043108
-0.446345
-0.091674
-0.089254
0.026129
0.861392
-0.070696
0.185717
-0.312363
-1.183964
-0.010387
-0.230675
-0.428050
0.049360
-0.423201
0.332227
0.113083
-0.376264
-0.379725
-0.432411
0.327090
-0.238685
-0.053685
0.382797
-0.500424
0.446935
0.383962
0.046451
1.027541
-0.326067
-0.748254
-0.409639
-0.027080
0.136119
0.254263
0.644037
-0.527570
-0.171771
-1.047566
-0.422522
-0.330984
-0.451574
-0.677291
-0.226216
-0.429799
-0.064489
0.517913
0.296894
1.149124
0.169745
-0.681634
-0.156802
-0.640559
0.340209
0.061313
0.137194
-0.801281
0.281782
0.785963
0.291590
0.542309
0.131740
-0.227749
-1.622332
0.231203
-0.186547
-0.739004
-0.238094
0.874194
0.816774
-0.961679
0.607121
-0.422042
0.254237
-0.153438
0.199770
1.103565
-0.002631
1.005075
0.893792
-0.273949
-0.280985
0.050195
-0.442178
0.788119
-0.185366
0.243435
0.226943
-0.219669
0.237453
-0.254620
0.078713
0.288874
-0.222981
0.386325
0.069287
1.282480
0.164061
-0.417758
0.208056
-0.718838
-0.531101
0.637823
-0.183237
-0.711864
0.470994
0.325884
0.738255
-0.016428
0.344147
-0.162941
-0.009046
0.377393
-0.559326
0.057776
0.088930
-0.127838
-0.685215
-0.455572
-0.031741
-0.206741
-0.698546
-0.336693
-0.687261
0.315250
0.204385
0.142461
-0.111232
-0.950495
0.378941
-0.846814
-0.683110
-0.131924
0.269398
-0.075500
-0.642111
0.264237
-0.791969
-0.695275
-0.514168
-0.015423
-1.080273
0.578063
0.406966
-0.329951
0.842124
1.146075
0.054795
-0.032807
-0.154657
-0.256509
-0.510638
-0.770086
0.144360
-0.810921
-0.689172
0.086603
0.039062
-0.935376
-0.607182
0.388276
0.127654
0.122387
1.148710
-0.829713
-0.045653
-0.683172
-0.250350
0.157587
0.328311
0.349359
-0.057512
-0.008042
0.329033
1.162595
-0.590801
-0.210612
0.107103
0.219223
-0.169041
-0.035597
-0.367800
-0.187272
0.158907
-0.134711
-0.069928
-0.846826
0.480086
-0.112766
0.204328
-0.637282
-0.149398
0.512822
0.734061
-0.188835
0.158418
-0.723832
0.520278
0.204048
-0.197586
-0.589993
0.188274
-0.046944
0.074628
0.474654
1.146012
-0.404267
-0.032729
-0.051223
-0.075966
0.292428
-0.343667
0.572641
0.495738
0.616852
-0.038311
0.538443
-0.539522
-0.035857
-0.498781
0.239934
-0.003713
0.350949
-0.739694
0.536839
0.429209
-0.157747
-0.096001
-0.203929
0.801008
0.706644
-0.370049
-0.526537
0.448744
-0.280484
-0.882385
1.208302
-0.254379
0.314855
0.241672
0.889818
1.087133
0.278613
-0.542463
-0.124755
-0.362352
0.248196
-0.577563
-0.034999
-0.025976
0.093679
-0.189672
0.557507
-1.218348
-0.178771
0.452520
1.086517
0.380442
-0.514120
-0.290020
0.207639
0.619302
1.069778
-0.010137
1.050608
0.460015
-0.147340
0.463871
-0.237743
-0.778926
-0.127958
0.309277
0.350650
0.751135
0.553709
-0.331820
0.002595
0.590072
-0.089741
0.624274
0.163286
0.746492
0.430247
-0.346271
0.774239
-0.291812
-0.211734
-0.323946
-0.232000
-0.700359
-0.221724
0.073799
0.782587
-0.052289
-0.302715
-0.793142
0.431076
0.594113
0.171605
-0.662441
-0.334833
0.115246
0.477041
0.478891
0.200679
-0.301785
0.752816
1.030914
-0.474196
-0.009666
0.269796
0.037283
0.020311
-0.633393
0.283825
-0.213933
0.835184
-0.727808
-0.446524
0.426686
0.063557
0.137568
0.474268
-0.321663
0.168145
-0.279667
-0.505703
0.077518
-0.003388
-0.190512
-0.355781
-0.458276
-0.321694
-0.507730
-0.062362
-0.173589
0.156138
0.404389
-1.042239
0.124006
0.154486
-0.027580
0.407272
-0.704103
-0.015165
-0.417105
0.104939
-0.332429
0.572743
-0.216579
0.358916
-0.463504
-0.052986
0.050834
-0.547402
-0.441114
0.108787
0.166785
0.648610
-0.993138
-0.665914
0.051485
-0.374429
-0.172713
0.899180
0.007597
0.408041
0.068209
-0.190970
0.778354
0.051049
-0.186333
0.700563
-0.217763
0.935166
0.348560
0.179359
-1.302478
-0.748155
-0.105778
-0.550000
-0.012951
0.190548
-0.798110
-0.335123
0.127914
0.023340
0.430156
-0.241694
0.486143
0.210293
-0.112676
-0.252830
-0.085598
-0.823476
0.005128
0.765755
0.346015
0.018385
0.902066
-0.055899
0.015482
-0.405610
-0.481406
0.022546
0.460544
0.369995
0.230482
-0.389413
0.156279
-0.587885
-0.108934
-0.067247
0.010460
0.248605
0.177319
-0.493689
-0.710487
0.329460
0.308131
0.000009
-0.199684
-0.741287
-0.030159
-0.152935
0.260588
0.430580
0.038404
-0.447065
-0.181658
0.439937
-0.532085
-0.047795
-0.234951
0.134038
0.088966
0.686660
-0.184597
-0.519416
0.097657
-0.988559
-0.714211
0.472592
-0.314503
-0.178277
0.394449
0.340894
0.260523
-0.208493
-0.319767
0.369912
0.034818
-0.446493
-0.197909
0.350063
0.240825
-0.715778
0.812297
0.432598
0.379811
-0.475801
-0.227012
-0.392070
0.007699
-0.162096
-0.125291
-0.522159
-0.211244
0.111054
0.117276
-0.623850
-0.311144
-0.481030
-0.223320
-0.181664
1.078434
0.391456
-0.352155
0.070236
-0.724679
-0.649159
-0.524897
0.407213
0.873601
0.503007
0.572413
0.370697
-0.063324
-0.033049
-0.408193
0.028905
-0.329926
0.041122
-0.740093
-0.070242
0.100103
-0.234807
-0.380458
-0.329049
-0.396346
-0.292107
0.912700
-0.108981
-0.443400
0.577531
0.217240
-0.583077
0.387276
-0.667205
0.399023
-0.090020
0.033002
-0.924784
0.440788
0.079726
-0.538991
-0.154923
0.008428
0.251609
0.712248
-0.097223
-0.078256
0.193896
0.183116
-0.179307
0.442764
-0.162469
-0.307853
0.453516
-0.093672
-0.771188
1.280669
0.132695
-0.203128
-0.029218
0.704191
0.856801
-0.128261
0.057314
0.456778
0.184255
0.446156
-0.473526
0.740419
0.686293
-0.193242
0.093260
0.345148
0.281229
-0.202028
0.729250
-0.226040
0.204143
-0.958854
-0.699242
-0.415592
1.009172
-0.424161
0.212487
-0.562613
0.320904
-0.651151
1.639893
0.939370
0.550592
0.392804
-0.022962
-0.217716
-0.301739
0.213328
-0.087462
-0.836622
-0.373843
0.104629
0.599061
-0.775930
-0.237418
-0.151861
0.899667
-0.193039
-0.499155
0.282794
-0.452301
-0.001712
-0.385279
0.816773
0.082512
0.107957
0.046519
0.346514
0.957309
0.173335
0.106578
-0.506127
0.119733
-0.929955
-0.746250
0.180173
0.038913
0.405135
0.119629
-0.460170
0.784737
0.465838
0.423697
0.416506
1.277911
-0.721079
1.256140
-0.435035
-0.635811
0.079706
-0.157963
-0.067052
-0.468391
-0.747586
0.273512
-0.147437
0.534812
-0.160464
0.171183
1.004890
-0.346370
-0.438094
-0.679679
1.433741
0.152112
0.080566
-0.307568
-0.111904
0.615971
-0.063319
-0.306128
-0.082862
0.654728
0.713452
-0.039793
0.342340
-0.501619
-0.371569
-0.321085
0.504329
-0.043756
-0.393123
-0.343806
-0.439962
-0.032280
-0.062474
0.138454
1.147262
0.596632
-0.681972
0.277818
0.133304
0.213131
-0.241062
-0.205501
0.530378
0.150100
-0.166227
-0.490878
0.860327
-0.199581
-0.288321
0.135551
0.420799
-0.172813
0.596853
-0.568491
0.068553
-0.689677
0.388570
0.694234
0.464986
1.288237
-0.698777
-0.696629
-0.595574
0.004642
0.140627
-0.112884
-0.154554
0.404477
0.056047
0.077536
0.033269
0.458426
-1.168730
-0.194021
-0.347069
-0.430349
0.305914
-0.054804
0.145367
-0.876927
0.770300
-0.408087
-0.340397
-0.303724
-0.694833
1.024880
1.093094
-0.041962
-0.205431
0.037221
-0.160570
0.118548
-1.005433
0.325493
-0.687915
-0.459533
-0.428371
-0.034101
-0.430180
0.039272
0.137214
-0.103139
-0.038402
0.156253
-0.093760
0.806729
-0.536647
0.073198
0.481050
-0.023697
0.364493
0.213003
0.891692
0.841132
-1.076196
-0.311834
-0.358374
0.265261
-0.364007
-0.793595
0.408418
-0.079988
0.201584
0.246472
0.647258
0.156447
0.609307
-0.224901
0.374877
-1.095801
0.296768
0.059030
-0.159438
-1.182161
0.157340
0.891638
-0.227780
0.052357
-0.936276
0.330704
-0.084576
-0.355413
-0.749002
0.113650
-0.573544
-0.171771
0.957028
0.508360
0.559062
-0.316665
-0.253945
-0.118092
-0.268027
-0.283099
0.116764
-0.346947
0.102835
-0.139427
-0.304936
0.522552
0.078386
-0.357059
0.059829
0.506612
-0.407873
-0.502576
-0.106717
0.931491
-0.093088
-0.006660
-0.468206
0.139468
-0.326551
-0.627876
-0.296713
0.126803
-0.219327
0.343498
0.214758
0.230238
-0.309696
-0.305051
-0.001495
0.149611
0.568192
-0.022651
0.723425
0.331858
0.121327
0.359372
-0.976489
0.003715
-0.341635
0.551489
0.162690
0.096615
-0.192687
0.341616
-0.748005
0.157358
0.062250
-0.000778
0.676261
-0.672735
0.097904
-0.602273
0.312867
-0.359280
-0.421977
-0.234482
-0.367658
-0.765521
-0.012704
-0.485232
0.231479
0.405703
-0.075223
-0.369764
0.071153
-0.124241
-0.097760
0.400223
-0.328611
-0.349481
-0.372561
-0.323079
0.078264
-0.446408
-0.002897
0.072898
0.464782
-0.630797
-0.136926
-0.007222
0.397842
0.234303
0.827304
0.945434
0.149319
-0.301254
-0.446560
-0.230677
-0.164606
-0.050577
0.030176
-0.203369
0.970770
-0.229827
-0.658452
0.893626
-0.167429
0.125241
0.365762
0.241377
0.248865
0.264885
1.039383
0.534274
-0.331585
-1.455871
-0.024671
0.363755
0.237852
-0.017597
-0.225739
-0.547894
0.584883
-0.178660
0.496143
-0.407372
0.474422
-0.830384
0.085409
-0.008187
-0.090782
-1.256833
-0.252706
0.312267
0.220756
-0.866681
-0.394654
0.095824
0.390695
-0.319763
-0.488288
0.141085
0.336338
0.310924
0.045824
-0.032639
0.441867
-0.581171
0.003348
0.391110
0.212095
-0.324964
0.145974
0.427944
-0.781257
0.189986
-0.639083
0.322948
0.387713
-0.394332
0.111475
0.552780
0.173166
0.448632
0.183262
0.189467
0.263955
-0.357354
-0.529832
-0.612632
-0.184619
-0.521518
0.600861
-0.772854
0.646531
-0.331618
-0.618894
0.883703
0.055378
0.292840
-0.999761
0.061204
-0.519201
0.685404
-0.338846
0.699861
-0.248276
0.083209
0.309613
-0.095790
0.736454
0.281618
-0.085360
0.721479
0.446083
-0.322571
-0.081690
0.239759
0.484867
0.430356
-0.132808
0.071671
0.199767
0.363406
-0.157864
0.132390
0.047448
0.744974
-0.583239
0.227594
1.130622
-0.996244
-0.470559
0.130284
-1.233504
1.127016
-0.361369
-0.980461
-0.264487
0.146361
-0.113470
-0.145068
0.217062
0.592501
0.028308
0.685656
0.538919
0.328922
-0.135683
-0.207972
0.518806
0.250636
0.336451
-0.517493
0.025461
0.097421
-0.253618
-0.446514
0.658595
0.508407
-0.073199
-0.052603
0.204508
0.652158
0.167757
0.104771
0.622913
0.363481
-0.329763
0.037380
-0.226052
-1.128968
-0.003334
0.551188
0.157245
0.317575
-0.349280
-0.408674
-0.769192
-0.104113
-0.451145
0.386101
1.242611
0.241951
0.351643
-0.546597
0.835197
-0.335582
0.206977
0.406967
-0.061206
0.103636
-0.501061
0.762822
-0.235508
-0.259223
0.180261
-0.209347
-0.141701
0.475261
-0.870858
0.257314
0.156892
-0.225861
0.648584
-0.302851
-0.322589
0.552751
0.271669
0.347088
0.483544
0.258135
0.470223
-0.196315
-0.241718
-0.377756
-0.032666
-1.027331
0.009538
-0.414994
-0.212448
-0.939539
1.016053
0.350884
-0.156747
-0.128699
0.189643
0.242518
-0.781264
-0.326122
0.544406
-0.116853
0.372869
-0.241942
-0.162150
-0.097866
-0.245833
-0.301276
-0.436733
-0.240469
-0.453303
-0.291006
0.187182
-0.251631
-0.120979
0.282246
0.629922
-0.078043
0.001693
1.005267
0.269330
-0.434294
-0.439385
-0.377790
-0.344624
0.365935
-0.517607
0.359330
0.160554
0.229934
-0.264352
0.033527
0.563135
-0.455641
-0.565917
0.132855
-0.506068
0.420860
0.116512
-0.249963
0.537793
-0.407251
0.096384
0.195118
0.202599
-0.690675
0.578881
0.391762
-0.572117
-0.420323
0.370165
-0.333880
-0.177389
0.427381
0.505077
-0.004345
0.621547
0.670499
-0.193349
0.423699
0.547516
-0.427701
0.158933
0.269746
0.366971
0.074893
-0.416557
-0.277172
0.406886
-0.126244
-0.150494
0.316908
-0.791348
-0.167984
-0.277374
1.004085
0.300793
-0.700864
-0.679391
0.296072
0.590174
-0.419088
0.207107
-0.511951
-0.053519
-0.730238
0.807799
-0.580396
0.085643
-0.707659
0.593866
-0.623900
1.026373
-1.323236
-0.248299
0.082351
-0.073762
0.100909
-0.034502
-0.214210
-0.256428
0.651806
-0.338803
0.211045
-0.029371
0.180187
-0.258639
0.359580
-0.294592
-0.192328
-0.543365
-0.591937
-0.431103
-0.208406
-0.049870
0.092602
-0.241509
-0.486405
0.093151
0.652462
0.570680
-0.602902
-0.067835
0.388285
0.586452
-0.190329
-0.135873
-0.168568
0.280190
-0.501250
0.589816
-0.537391
-0.791871
0.100410
-0.077449
-0.020650
-0.279735
0.155743
0.085165
-0.406745
0.138023
-0.419288
0.452554
0.297139
0.317286
-0.073782
0.007435
-0.219620
0.588722
0.313820
-0.607361
0.159945
-0.035743
0.226703
0.588625
-0.174465
-0.001474
-0.799132
0.407055
-0.021254
0.676675
-0.837644
-0.008521
-0.621029
-0.741061
0.134486
-0.559714
0.332882
-0.380096
-0.200189
0.328831
0.222308
-0.454691
-0.382133
-0.231901
0.836936
0.567960
-0.280630
0.709672
0.098791
-0.414824
-0.620292
0.004568
0.988220
0.513686
0.645161
-0.919194
-0.483252
-0.346140
-0.092890
-0.143178
0.131973
0.822259
-0.294119
-0.020127
0.344710
0.734973
-0.172040
-0.377358
0.556711
-0.031324
-0.344965
-0.220807
0.195332
-0.123910
0.241059
0.261098
0.511997
-0.144198
0.751328
-0.207069
-0.636168
0.575048
-0.659125
-0.813301
0.265382
0.262319
-0.720931
-0.230862
-0.908030
0.204868
0.295970
0.091627
-0.552793
-0.789015
0.132696
0.217300
0.030283
-0.132830
0.276524
-0.371682
0.087026
0.001030
0.183064
0.369842
-0.174643
0.488580
-0.045858
0.681471
-0.250623
-0.351517
-0.311016
0.146725
0.155937
0.115060
-0.233849
-0.848311
0.183566
0.056758
-0.246454
0.449216
-0.525005
0.073342
-0.443825
-0.238899
0.002783
1.003452
-0.043452
-0.297034
-0.041191
-0.009749
0.424491
-0.308104
0.272052
-0.302935
-0.058942
0.064802
0.350163
0.411893
0.387506
0.003727
0.003154
-0.370137
0.125430
0.559670
-0.161942
0.697873
0.183249
0.699571
0.251759
0.522370
-0.383579
-0.106025
-0.570494
0.215935
-0.234615
-0.610894
0.534361
-0.204830
-0.335263
0.884452
-0.413764
0.401329
-0.023429
-0.873607
-0.523253
-0.318379
-0.365233
0.206006
0.373960
0.164748
-0.525484
-0.514411
-0.875003
0.267719
-0.497830
-0.536423
-0.096948
-0.005139
0.049712
-0.569269
-0.227321
0.021961
-0.452272
0.923665
0.384393
-0.195080
-0.180477
0.501980
-0.457507
0.205741
0.036964
0.018498
-1.357086
0.049334
0.613123
-0.210980
0.134336
-0.360171
-0.037996
0.976499
0.000490
-0.116725
0.000297
0.082273
-0.127685
-0.787444
-0.664532
0.280897
-0.425302
-0.707876
-0.139087
-0.335929
0.232338
0.320117
0.239820
-0.216964
-0.207131
0.559433
0.119963
-0.479953
-0.826721
-0.031024
0.690837
0.501081
0.790783
0.191808
-0.063406
-0.313596
-0.353146
-0.079859
0.814680
-0.337060
-0.245845
0.300250
0.072311
-0.248463
0.237297
-0.022354
0.027548
0.246662
-0.981970
-0.190565
-0.877972
0.301906
-0.242176
-0.521432
0.106163
-0.072233
0.284653
0.280800
0.261049
0.162720
0.681583
0.481419
0.252783
0.770825
0.577151
1.274124
-1.025942
-0.242963
-0.211479
0.258826
0.111904
-0.052982
0.777539
-0.081045
-0.398150
-0.641158
-0.908542
-0.447341
0.329592
-0.181786
-0.539387
0.156052
1.448674
0.483500
0.017610
-0.423262
0.106245
0.856432
-0.158646
0.432659
0.229969
0.195427
0.445421
0.393786
-0.037368
-0.171131
-0.072474
-1.344145
0.255656
-0.045466
0.191008
0.463235
0.084668
-0.112738
-0.190555
-0.116959
-0.949541
0.970625
-0.078780
-0.264016
0.006576
-0.884120
0.123458
-0.407472
0.230534
-0.378122
-0.193621
-0.550209
0.217098
-0.190290
-0.538924
-0.407814
0.059277
-0.564610
0.245364
0.516608
-0.297989
0.094485
0.443258
-0.051131
0.114130
-0.062126
-0.082897
0.391341
-0.093308
0.858121
-0.245250
-0.162655
-0.100185
0.648643
0.452199
0.895386
0.914347
0.526135
-0.005490
-1.166814
-1.006723
0.591701
-0.832738
0.198771
-0.904304
0.407591
0.497591
-0.614321
-0.910316
0.361009
1.516353
0.406549
-0.502517
0.443684
1.132409
0.592020
0.936524
0.394705
0.681538
-0.339059
0.456323
0.325591
1.090874
0.532921
0.307282
-0.295226
0.415355
0.755786
-0.191491
-0.051324
-0.453188
-0.126807
0.204839
-0.286443
-0.057426
-0.543100
-0.284270
-0.006865
-0.018534
0.254453
0.068024
0.390457
0.209700
0.034995
-0.234612
-0.095152
-0.107235
-0.591644
0.137060
-0.850091
0.245521
0.058219
-0.159994
0.869640
-0.390232
-0.504089
0.181229
0.295016
-0.757944
-0.845253
0.369595
0.092374
0.143408
-0.601606
0.610405
0.597356
-0.072184
-0.137015
0.130929
-0.376592
0.757887
1.038003
0.243539
0.521305
-0.717846
0.093563
0.777440
0.254547
0.000582
-0.372697
-0.065877
0.132568
0.707495
0.155329
0.494488
0.259607
0.082022
0.059677
0.010655
-0.521359
0.724808
-0.588924
-0.293131
0.092961
0.065510
-0.469675
0.223035
-0.454393
-0.569269
-0.784132
-0.624846
0.165559
0.326432
0.020668
0.204479
0.177621
0.140539
-0.006447
-0.021925
-0.532150
-0.282257
0.103823
0.189439
0.203159
0.169522
0.168148
0.015449
-0.537659
-0.038509
0.283931
0.753776
0.114109
0.129473
0.608705
0.639204
-0.689516
-1.018050
-0.452222
0.670224
0.384197
-0.576835
0.653340
-0.164520
1.086608
0.174963
0.173758
0.078778
0.829629
0.191943
1.007773
0.880772
0.047170
-0.667664
-0.191736
-0.068160
0.185594
-0.596804
-0.127133
0.485307
-0.268405
0.004069
-0.024197
-0.234373
0.814324
0.028384
-0.199000
0.462631
-0.558486
-0.082761
0.170887
0.148739
-0.629654
-0.259601
-0.191990
-0.312782
-0.472324
-0.243230
-0.371343
0.067414
0.637986
-0.388380
0.281084
0.231537
-0.174527
-0.208390
-0.402205
0.162955
0.300578
0.499551
-0.279695
-1.306971
0.942993
0.156362
0.584551
0.560144
0.030928
0.491192
-0.133941
-0.245286
-0.469571
-0.153911
1.445949
-0.296770
-0.135135
-0.845380
0.464886
0.340386
0.262627
0.388867
-0.418041
-0.350314
0.904265
0.239133
-0.559507
0.742306
0.569198
0.802444
0.826087
-0.247790
-0.113629
-0.119073
-0.268500
0.063490
0.184711
-0.113650
-0.574633
0.213128
0.170420
-0.647334
-0.547149
-0.607552
-0.440931
-0.157493
0.281486
-0.470001
-0.521362
0.083458
0.509903
-0.605361
-0.060720
-0.114703
0.269653
0.575747
-0.416678
-0.042495
-0.259594
-0.571979
0.330436
0.724014
-0.413569
-0.405640
0.251793
0.119957
-0.127836
-0.054001
-0.600218
0.248269
-0.467161
0.490785
-0.179484
0.779157
-0.169810
-0.650048
-0.194221
-1.028748
0.349880
-0.263752
-0.916310
0.101120
0.149584
0.097030
-0.081692
-0.723841
0.132854
0.661430
-0.174607
0.012524
0.198431
-0.283744
-0.599751
-0.145747
-0.518534
-0.499832
-0.276344
0.313484
-0.244910
-0.159458
0.209150
-0.248708
-0.327466
-0.133077
0.152860
0.795029
-0.273322
0.250715
0.504094
-0.748946
-0.114453
0.080942
0.556802
0.016235
-0.264622
0.151197
-0.353145
-0.548855
0.645939
0.041738
0.279260
0.138959
0.634778
-0.629969
0.079245
-0.035956
0.373867
-0.037591
0.551876
-0.038842
0.406476
-0.408303
-0.563085
-0.293915
0.241354
0.168214
-0.438495
-0.135586
-0.069706
-1.018913
-0.096820
-0.113356
-0.263511
-0.550092
-0.027715
-0.239011
0.060811
0.766627
-0.001235
-0.090179
0.398208
-0.399726
0.311017
-0.461584
0.572596
-0.463240
0.425498
0.147246
-0.147012
-0.858087
0.630185
0.516281
-0.052296
0.032063
0.048375
0.020620
0.530578
0.140087
-0.557342
0.318536
0.176125
-0.522423
0.848218
-0.727029
-0.118388
-0.113114
-0.301319
0.080919
0.435979
-0.018094
-0.244723
0.178391
-0.036228
0.805538
0.465243
0.268520
-0.185609
1.114364
-0.341347
-0.328269
0.490303
0.060745
-0.262569
-0.562894
0.622380
0.157290
0.700765
-1.619051
-0.704159
-0.201054
-0.238539
-0.138565
0.332786
-0.124278
-0.617358
0.478703
-0.294501
-0.027763
0.106931
-0.266974
-0.094540
-0.753398
-0.462375
-0.184693
0.196881
1.545499
0.022217
0.333533
0.018049
0.160067
-0.723769
0.122311
-0.418485
-0.228926
-0.769048
-0.470140
-0.477329
-0.492693
0.803767
-0.357326
0.087767
0.409128
0.437098
-0.518799
-0.461468
-0.532033
-0.084777
-0.197506
-0.197609
-0.357825
0.409199
0.322078
0.501872
-0.307393
-0.136132
0.169399
-0.296680
-0.157781
-0.813322
