-0.348814
-0.192025
-0.848975
0.109807
0.058410
0.081443
-0.735164
-0.077850
0.693557
-0.709996
0.338876
0.285538
0.614418
0.355803
-0.474403
-0.305037
0.563702
-0.385356
0.169816
0.082626
0.297206
-0.301502
0.354119
-0.109737
0.112026
0.824453
-0.576565
-0.205612
-0.235676
0.953200
-0.367613
-0.190806
-0.011805
0.492628
-0.037337
0.247808
-0.254974
0.254007
-0.810669
0.371114
-0.396775
-0.752292
0.620528
-0.471364
0.057641
0.354135
0.677374
-0.240893
-0.557019
1.033315
0.193075
-0.175884
-0.445428
0.364274
0.687072
0.255672
-0.513499
0.151770
-0.826413
0.220656
0.334301
0.306472
0.282600
-0.221750
-0.034058
0.038647
0.494258
0.285290
0.591540
0.630423
0.183103
-0.589317
0.649895
0.239339
0.008328
0.206459
0.272158
-0.545125
-0.249478
0.382121
-0.170746
0.006461
-0.825541
0.060095
0.719952
0.506862
-0.566211
-0.988362
0.020175
0.352634
-0.679682
0.384014
0.948164
0.704249
0.583972
-0.035808
0.014559
0.355175
0.674877
-0.531894
-0.470149
-0.667412
-0.623260
-0.086706
0.168309
-0.167763
-0.581237
-0.478514
0.379240
-0.033441
0.278670
-1.177070
-0.165399
-0.186398
-0.046603
0.460533
0.102827
-0.217515
0.358210
0.669145
0.532164
0.328109
0.386931
-0.076302
0.226734
-0.045852
-0.555749
-0.039312
1.382672
0.711075
-0.091419
-0.513004
-0.333089
0.840434
0.501856
0.073468
0.439989
0.804172
-0.768472
0.257034
0.667077
0.819642
-0.036082
0.155285
-0.298028
0.067410
0.886437
-0.941384
0.305593
-0.015852
0.698418
-0.840794
-1.054425
-0.084871
-0.570115
-0.428934
-0.151138
-0.176309
-0.711240
-0.023025
0.317063
-0.871791
-0.645343
-0.048343
0.625973
0.685882
0.348413
-0.785488
-0.161360
0.284126
0.131805
-0.337283
0.119661
-0.523359
-0.414535
0.118709
0.649735
0.621016
-0.068899
0.030337
1.263365
0.827486
0.715020
0.333261
0.222397
0.148209
-0.262477
-0.176019
0.029573
0.285502
0.431319
-0.031165
-0.801398
-0.837020
0.146497
0.583654
0.233327
0.322282
0.222668
-0.567664
-0.129991
-0.804588
0.093493
0.235746
-0.182210
-0.205277
0.305421
-0.351968
-0.348567
0.003412
0.516260
0.050403
0.637638
-0.720972
0.792718
-0.446325
0.245778
0.817422
-0.590724
-0.175183
-0.178833
0.752408
-0.374628
-0.217880
-0.124923
-0.269822
-0.269620
-0.467639
0.180109
0.064695
-0.491408
0.842474
0.319655
0.389097
0.294728
-0.415917
0.165364
0.291104
0.100441
-0.769249
0.130604
-0.507343
-0.411846
-0.427382
-0.073498
-0.205043
-0.104705
-0.019850
-0.121790
-0.252310
0.225896
-0.251696
-0.782640
-0.566053
1.148001
0.648783
1.248182
0.184780
0.168517
-0.308771
0.219074
0.122506
0.767912
-0.308291
0.655884
-0.024794
0.444949
0.777554
0.316081
-0.196629
-0.188305
-0.886402
0.199250
0.195128
0.118841
0.122955
-0.081199
-0.669580
0.063420
-0.305901
-0.498238
-0.180458
0.115454
0.411700
-0.360425
0.025212
-0.409323
-0.394909
-0.482288
-0.319022
-1.072169
0.870547
1.071439
-0.111346
-0.821068
-0.407262
-0.382451
0.389696
-0.402377
0.546425
0.384360
-0.479331
-0.226926
-0.506483
-0.313986
0.490132
-0.029734
0.649970
-0.319982
-0.250185
0.209218
-0.194732
-0.310303
-0.364215
0.242740
-0.150488
0.454929
-0.065189
-0.213783
0.304870
-0.490045
-0.617706
-0.151966
-0.408389
-0.218746
0.306052
-0.017190
-0.129374
0.223691
0.712712
0.155201
-0.046369
0.660956
0.572782
-0.237579
-0.222873
1.002051
0.536204
-0.452510
-0.311455
0.250855
0.621820
-0.123036
-0.234472
0.581578
0.384230
-0.093977
-0.202465
-0.482390
0.598628
1.043772
-0.088873
0.421645
-0.055644
-0.316920
0.185138
-0.293808
-0.115536
0.502508
-0.248461
0.440554
0.186313
-0.567391
0.239884
-0.150773
0.270125
-0.291493
-0.348217
0.287436
0.123546
0.204602
0.219969
-0.056953
-0.907343
-0.615756
0.328479
-0.400153
-0.079046
-0.463472
0.085766
0.663896
-0.583738
-0.193262
0.266183
-0.138823
-0.218007
0.084175
-0.259525
-0.220661
-0.111628
-0.554152
-0.157498
-0.264505
-0.238721
0.432096
0.816807
-0.306552
-0.158506
-0.468864
-0.023403
0.095096
-0.333980
0.682171
-0.031926
-0.001165
-0.207467
0.527650
-0.193709
-0.480004
-0.442250
-0.693773
-0.309069
-0.345630
0.696923
0.611482
-0.798924
0.088163
0.120909
-0.382962
-0.626296
0.308580
0.379869
0.239445
-1.014194
-0.649122
-0.093778
0.298137
0.521706
-0.696685
0.638939
0.509469
0.505096
-0.720499
0.999673
0.736247
0.134883
-0.060719
0.450384
0.447025
0.390685
-0.875915
0.302963
0.468154
0.931674
-0.095458
-0.207657
0.303732
-0.409517
0.328853
0.063484
0.369595
-0.224473
0.262791
0.893876
-0.401650
0.207625
-1.022325
-0.146888
0.200098
0.804370
-0.366976
-0.234132
1.261312
-0.300257
-0.388075
-0.315913
-0.172118
0.102310
-0.241914
0.137845
-0.044563
0.293344
0.019646
0.116525
-0.520084
0.744731
-0.499676
-0.350463
-1.103067
-0.219801
0.019904
0.137475
0.633973
0.925600
0.090229
0.338587
0.215308
-0.129407
0.682047
-0.330477
0.745530
-0.314018
0.425268
0.598427
-0.052140
-0.564058
0.140032
0.811177
-0.023108
-0.288470
0.467262
-0.455893
-0.129360
-0.288623
-0.355232
0.277507
-0.501466
0.162586
0.737050
0.813782
0.139670
0.291275
0.404181
-0.605955
-0.052877
0.126047
-0.037583
-0.249010
-0.534561
-1.263523
-0.130471
-0.406879
0.604545
0.161066
0.013773
-0.683635
-0.447675
-0.346825
0.437352
-0.093746
0.277142
0.544430
0.468655
0.132433
-0.768857
0.184410
-0.859645
-0.052426
-0.082380
-0.359807
-0.380455
0.011775
-0.440882
-0.195960
-0.361080
-0.404285
0.554318
-0.539040
-0.675604
0.912384
-0.282753
0.522565
0.262931
0.152670
-0.751856
0.474439
0.075970
-0.416467
0.239124
-0.150119
0.610394
0.118225
0.768431
-0.603120
-0.369627
-0.181664
1.136108
-1.491410
0.378611
-0.317559
0.288564
0.765024
0.301134
-0.257087
-0.289802
0.062586
0.170320
-0.907424
0.743768
-0.239175
-0.377120
-0.337025
-0.158991
0.085316
0.510213
-0.188432
0.205508
-0.166995
0.389191
0.356390
-1.009791
-0.135256
-0.732025
-0.166596
0.449821
-0.252203
-0.095737
0.169994
-0.463311
-0.457342
0.440287
0.048193
-1.309856
-0.877555
0.339375
0.108261
-0.755705
0.140340
0.141179
-0.832337
-0.292294
-0.421399
-0.458865
0.487263
0.180428
-0.289181
-0.422652
0.967523
0.543529
0.705172
0.155473
0.184685
-0.483525
-0.425951
0.332644
-1.232277
-0.516772
-0.197370
0.224441
-0.335455
0.338198
1.032027
-0.282094
0.523585
-0.267852
0.243296
-0.184336
0.914387
-0.770309
0.466911
0.253469
0.862259
-0.283378
0.632627
-0.936811
-0.417802
0.780352
0.267943
-0.745392
1.449443
-0.767818
-0.456134
-0.537884
0.068289
0.177825
-0.336707
0.157548
-0.866003
0.749263
-0.329931
0.102652
-0.106177
-0.109407
-0.243196
0.484227
-0.099970
-0.129884
0.177188
0.488727
0.179899
-0.093739
0.119525
0.618625
0.478734
-0.037569
-0.269134
-0.517199
-0.164322
0.301144
-0.024854
-0.135213
-0.759693
-0.429834
-0.536041
0.335839
0.802822
0.000375
-0.120711
0.473395
0.220586
-0.286480
-0.187055
0.125624
0.537631
0.346203
-0.651581
-0.777941
0.315173
0.522695
-0.048157
0.101854
-0.452650
0.175925
0.067118
-0.265178
0.617432
-1.208992
-0.011157
-0.152095
0.396948
0.950618
-0.319943
0.104178
0.323168
0.221327
-0.651607
0.916223
-0.231027
0.417561
-0.204933
-0.320900
-0.235149
0.156106
0.397823
-0.821205
0.336313
0.047205
1.490291
1.102850
-0.667675
-0.217756
0.552263
-0.037243
0.361641
0.695064
0.277237
-1.308862
0.248209
0.168580
0.575591
-1.055814
-0.152597
-0.256915
-0.002211
0.636298
0.622963
0.829657
-0.058049
-1.226462
0.434635
-0.332169
-0.297511
0.057113
0.413813
-0.755794
0.995810
-0.306764
0.259601
-0.554067
-0.311770
0.404765
-0.075628
0.950940
0.838743
-0.085964
0.495520
0.086631
-0.391749
0.026973
-0.169524
0.711077
-0.519509
-0.988227
0.531464
0.217214
0.166798
-0.215514
0.061288
0.143133
-0.776140
-0.584108
-0.159128
-0.145369
0.170242
0.826930
-0.419645
0.429820
-1.005776
0.103839
-0.071832
-0.439796
0.124821
-0.219476
-0.181200
0.264735
-0.703469
-0.465626
-0.374629
0.460262
-0.247921
0.044136
-0.733498
0.874898
-0.070021
-0.280250
-0.494015
0.261903
0.350762
0.069902
0.144963
0.312263
-0.600313
0.020639
0.386344
0.061232
1.052595
0.007389
0.266239
0.085874
-0.123379
-0.073953
0.927695
-0.000223
0.560745
0.299590
0.376291
0.000169
0.096623
-0.542564
-0.667339
0.362862
0.188503
-0.458278
-0.261305
0.583335
-0.069196
-0.147899
-0.070001
0.149809
-0.049402
0.816359
-0.333854
-0.109200
-0.985332
-0.268698
-0.042329
0.029534
-0.232946
-0.369874
0.276041
-0.619125
-0.257165
0.308022
-0.415076
0.093064
1.541002
0.182704
0.540335
-0.158740
-0.364425
-0.228416
0.826369
0.289305
-0.054815
0.816738
0.433025
0.303610
-0.892321
0.965726
0.529646
0.052750
0.753541
0.483526
-0.166700
-0.630228
0.432838
0.498810
-0.386360
-0.141794
0.394948
0.175843
0.283266
-0.129196
0.843065
-0.652306
0.131817
-0.548205
-0.083435
0.363278
-0.451327
0.562268
-0.172238
-1.431189
-0.878347
-0.293438
0.718860
0.237543
-0.259092
0.566513
-0.602072
-0.462612
0.182173
0.340868
-0.550784
0.495868
0.620481
-0.117116
-0.662454
0.084194
-0.550071
0.639770
0.291909
-0.588069
-0.637972
0.007471
0.216928
0.007680
-0.282148
0.078740
0.076269
-0.379851
-0.172030
0.469636
0.634046
0.227750
-0.935710
0.395167
0.179661
-0.007305
0.038419
-0.112163
0.377635
0.278185
0.181162
0.068079
0.064368
-0.177046
0.273614
0.402019
0.057157
-0.526674
0.056553
-0.306713
0.463687
-0.371230
-0.109648
0.163369
-0.411840
-0.060640
-0.339231
-0.575990
0.047175
0.083699
-0.039609
-0.174444
-0.160219
0.711676
-1.089856
0.383379
-0.171702
-0.683238
0.156702
-1.179773
-0.534647
-0.551771
-0.248944
0.339597
-1.105409
0.613471
0.472861
-0.039227
0.442724
0.311544
0.058760
0.079421
-0.262813
0.244494
-0.138849
-1.244766
0.362108
0.143362
0.741119
0.160220
0.123946
-0.350406
0.177965
-0.341831
0.274737
-0.385807
-0.364087
0.546012
1.199076
0.266822
-0.790486
-1.160067
0.085414
0.205960
-1.064913
0.081110
0.245524
-0.236477
-0.437483
0.171253
0.191009
-0.127638
-0.994895
-0.460484
-0.401224
-0.218388
0.716855
1.239336
-0.774524
-0.055149
0.132976
0.890323
0.179031
0.820578
-0.239688
-0.386754
0.094343
-0.227927
0.773238
0.035779
0.015234
0.023800
-0.297376
-0.718767
0.984274
0.168126
0.028917
0.133256
-0.137981
-0.075100
0.350184
-0.160999
0.476600
-0.670072
-0.682607
-0.504674
-0.762509
0.015770
-0.140520
0.575676
-0.365757
0.152715
0.433271
-0.206444
0.388561
-0.544648
-0.394840
0.099958
-0.344173
-0.727664
0.317116
-0.083738
-0.392061
-0.604859
-0.038282
-0.878004
-0.098514
-0.314966
-0.434429
-0.323351
0.159953
-0.380641
1.656091
-0.468573
-0.116592
0.845977
0.544815
0.026939
-0.022324
0.067654
-0.115478
-0.643439
-0.217501
0.258357
-0.092830
0.232455
-0.111731
0.159590
0.579439
0.079373
1.053113
-0.301561
-0.017014
-0.022263
-0.438427
-0.251630
0.624308
0.024151
0.454958
-0.430444
0.298039
0.041088
0.090988
0.443916
0.099558
-0.189094
0.468107
0.175494
0.019804
0.057797
0.271337
-0.189221
-0.641974
0.154365
0.440708
-0.097989
0.469932
-1.007655
-0.825647
0.023494
0.514165
0.024395
-0.520201
0.352546
0.428954
-0.321594
0.153278
0.074771
-0.209501
0.410260
0.299536
0.028180
-0.173148
0.279098
-0.582051
1.094826
0.360210
-0.464113
0.231224
0.296257
0.839967
-0.981249
-0.009428
0.543380
-0.346779
-0.281271
-0.036034
-0.262901
0.258158
0.088680
0.472004
0.121819
-0.822919
0.256748
-0.531825
0.127120
-0.343100
0.531693
0.059140
0.241036
-0.820242
-0.555239
-0.567462
0.709987
-0.067455
0.135658
-0.190388
-0.037026
-0.951705
0.055696
-0.555979
-0.431563
-0.621325
0.507174
-0.223687
1.784119
0.059436
-1.079556
-0.170060
-0.556621
1.134611
-0.117070
0.585812
0.046849
-0.310035
0.858169
-0.390009
-0.724884
-0.223600
0.619976
0.247059
-0.251573
0.066402
-0.266933
0.797476
0.197039
0.095030
-0.740330
0.072406
0.285200
-0.268380
0.280543
0.286021
0.021148
0.331708
0.478740
-0.426447
-0.526878
-0.761834
0.006861
0.759597
0.123306
-0.669804
0.338703
0.529534
0.226269
-0.845740
-0.779239
0.761898
-0.756484
-0.468048
0.343456
-0.507598
0.222089
0.473621
0.217734
0.237076
-0.322926
-0.099804
-0.070261
0.171371
-0.503304
0.193510
-0.745068
0.759869
0.341196
0.124954
0.760828
-0.284455
-0.418936
-0.322722
0.401386
-0.405611
-0.245652
0.219329
1.468390
-0.112500
0.169570
0.869326
0.719525
1.013805
-0.678717
0.323184
0.321095
-0.586876
-0.051018
0.748174
0.227342
-0.443869
0.073064
-0.860067
0.553279
0.226879
0.659100
0.585879
-0.032651
-0.050477
-0.890543
0.091823
0.551128
-0.783856
-0.421739
-0.847162
-0.383790
-0.221197
-0.865484
-1.520341
-0.996818
-0.765461
-0.762912
-0.495461
-1.146647
-1.031393
-0.487531
-0.095459
-1.265207
-1.129163
-0.173313
-0.240993
-0.083340
0.092839
-0.342004
-0.427465
0.988401
0.000470
0.355569
-0.445004
0.018107
0.221080
1.072772
-0.252251
2.033247
1.413988
1.833919
1.680353
0.903879
1.375277
0.863767
0.182407
0.228947
0.609375
1.787474
0.343927
0.896625
0.496402
0.848322
0.312835
-0.309781
-0.083316
-0.314254
-0.465919
-0.157273
-0.675085
-0.725461
-0.039741
-0.642125
0.244770
-0.992184
-0.765129
-0.544554
-1.667645
-0.857526
-0.180334
-1.273175
-0.074473
-1.001467
-0.190516
0.172969
0.199997
-0.250363
-0.057973
0.259991
0.144622
0.314674
-0.658130
0.893604
-0.622853
-0.324804
-0.040798
-0.340583
0.199153
0.383025
1.160384
-0.650548
0.699934
-0.771939
0.811170
-0.540085
-0.313046
0.254749
-0.155651
-0.404794
0.210280
-0.000693
-0.077228
-0.264938
-0.157277
-0.254030
-1.297706
-0.130807
-0.403778
0.216331
-0.408963
-0.423112
0.096983
0.942428
0.637713
0.190927
-0.785496
0.523033
0.106058
0.568568
-0.214586
0.784394
0.248511
-0.285836
0.719538
-0.168497
0.184899
0.281507
-0.136060
-0.126070
0.103492
0.509410
-0.479423
0.300383
0.229683
0.576504
-0.634785
-0.255495
-0.827658
-0.286085
0.344340
0.071380
-0.561655
-0.932661
-0.568721
-0.154066
0.645340
-0.009856
-0.624862
0.355509
-0.321818
-0.304774
-0.590482
0.223047
0.456478
-0.036540
-0.404073
0.231954
-0.277933
0.111287
0.418149
-0.901098
-0.524509
-0.080830
0.203750
-1.051444
0.556341
-0.567026
-0.326568
-0.317406
-1.141316
-0.610551
0.582586
-1.171536
0.880933
-0.349201
0.513597
0.036293
-0.080148
-0.344279
-0.471476
0.239108
0.673549
-0.307309
-0.281699
0.470519
0.003486
0.073242
0.202866
-0.048138
-0.788138
0.193082
0.879662
-0.395895
0.724356
0.453704
0.674637
0.540431
-0.769862
0.377455
0.640624
-0.605260
0.131093
-0.258920
0.034740
-0.837655
-0.282243
-0.173318
-0.905341
-0.498012
0.293539
0.210939
-0.225630
-0.045216
-0.037461
0.375330
-0.318495
-0.242510
-0.248694
-0.373924
0.155868
0.043857
-0.289587
0.289502
-0.153029
-0.134753
0.024358
0.077287
-0.031430
-0.100794
0.058463
-0.038882
-0.652214
-0.372070
0.012915
-0.188723
-0.178543
-0.217899
-0.755380
0.426414
-0.102817
-0.176235
-0.110410
-0.532278
-0.295008
0.458613
0.667588
-0.524351
1.161085
0.755290
0.038134
-0.510848
-0.568094
0.255728
-0.241913
-0.330971
1.651103
0.092925
-0.179310
-0.316330
-0.081369
-0.254300
-0.263953
-0.081301
-0.041416
0.112962
0.098033
0.264868
-0.091899
-0.381728
0.232069
-0.070691
-0.265752
-0.358761
0.526017
0.830755
-0.272104
1.209400
0.402280
-0.122790
0.001169
-0.673863
-0.587096
-0.278546
-0.160168
0.187503
0.377049
-0.231763
0.817576
-0.300267
0.213048
0.363764
0.545000
-0.041549
0.379020
0.248296
-0.408914
-0.321083
-0.099156
-0.030288
0.863562
0.016257
-0.362409
0.299423
0.046868
0.190954
-0.139747
-0.647420
0.077664
-0.203697
0.172206
0.338384
0.277110
-0.363716
-0.078296
0.161126
0.210666
0.170712
-0.101877
-0.269265
-0.430218
-0.571037
0.278488
0.319847
0.398591
1.015733
-0.151271
0.932062
0.646176
-0.221942
-0.427632
0.015200
0.409601
-0.165493
-0.438612
-0.006468
-0.378585
-0.391694
0.198816
-0.129253
0.839323
-0.580195
0.615929
0.036113
1.238182
0.420857
0.019056
0.129982
-0.384789
-0.827516
-0.391814
-0.625864
0.795984
-0.379483
0.142735
0.454747
-0.020528
1.215403
-0.342069
1.059669
1.027583
-0.242589
0.215214
0.140846
-0.322156
0.020054
-0.241118
0.408441
0.374659
0.744320
0.344263
0.301186
-0.278949
0.221889
-0.446411
0.316514
-0.310769
-0.099195
0.055167
-0.242142
-0.222437
0.354480
0.689347
0.196898
-0.158743
0.142922
-0.133341
0.863630
-0.447532
0.597891
0.326809
-0.406600
0.124225
-0.172752
-0.361176
-0.125546
0.169104
0.750769
-0.099240
-0.237960
-0.106045
-0.763476
0.147598
-0.099889
-0.187731
0.477920
0.438635
-0.086119
0.184035
0.082646
1.097554
0.203399
0.182099
-0.442731
-0.015578
-0.175994
0.187231
0.063836
-1.256228
-0.666960
-0.031492
0.320107
0.391125
-0.820470
-0.206517
0.309635
-0.136488
0.114928
0.142539
0.557164
-0.028611
-0.367859
-0.308019
-0.157960
-0.034637
-0.625631
-0.644604
0.656772
-0.279044
0.725910
-0.175571
0.042102
0.468747
-0.047464
1.152205
-0.337777
-0.318752
-0.638417
-0.542830
0.217848
-0.169894
0.262688
1.134528
-0.669100
-0.020757
0.104864
-0.256916
1.407154
0.767928
-0.128494
0.272632
0.105917
-0.632440
-0.161384
-0.403650
-0.150338
0.263463
-0.078963
-0.459892
-0.461158
0.340486
0.098467
0.061270
-0.021499
-0.128711
0.353310
-0.473291
0.615566
-0.516988
0.334933
0.140355
-0.383071
-0.452540
0.592545
0.001892
-0.430386
0.146372
-0.753211
0.317103
-0.475395
0.264725
-0.936793
0.459827
-0.062857
0.419634
-0.104163
0.117122
-0.203049
0.738289
0.286605
0.411828
-0.976213
0.073649
-0.750441
-0.706001
-0.314943
-0.044433
0.018661
-0.099055
1.337873
0.239810
0.305993
0.621797
0.136726
0.144509
0.765798
0.451614
0.644577
-0.541467
-0.500809
-0.643198
-0.272140
-0.202936
0.826968
0.406156
0.232570
0.022021
-1.081648
0.411637
-0.522500
0.363687
-0.707587
-0.340177
0.424835
-0.029302
-0.999616
0.237917
-0.666631
-0.562023
1.178016
-0.184028
-0.293172
0.330369
0.344792
-0.176154
-0.025224
-0.147416
0.462128
0.910090
0.390016
-0.340361
-0.334302
-0.069110
-0.582157
0.287464
-0.329913
0.233760
-1.217891
0.897137
0.235799
-0.480597
-0.617429
-0.020026
0.324645
-1.284561
-0.926970
0.696082
0.505873
0.958876
0.111061
-0.041927
0.523025
-0.353090
0.163337
0.251264
-0.106320
0.429977
0.046089
0.307981
-0.221365
0.212847
0.714829
0.568153
0.339714
1.038774
-0.297099
-0.115435
-0.629181
0.043839
-0.032834
0.188274
-0.432198
-1.026913
-0.050674
-0.611387
0.158130
-0.259734
-0.278701
0.864271
0.560182
-0.302598
0.039993
-0.545820
-0.089059
-0.657812
0.448961
0.166658
0.092932
0.384598
0.151742
1.058040
-0.464468
-0.067011
-0.313052
-0.715602
0.093057
0.051520
0.370026
-0.080326
0.826892
-1.082005
-0.416099
-1.144683
0.611691
0.504027
0.023108
-0.597367
0.268803
0.557189
-0.621968
0.374938
0.362401
0.295929
-0.357494
-0.038875
-0.218025
0.065777
0.331867
-0.684664
-0.210078
-0.185142
0.494819
-0.374439
0.377609
0.723306
-0.299800
0.516107
-0.741520
-0.151528
0.243862
0.199952
-0.137697
-0.025906
0.580614
0.060662
-0.146596
0.554060
0.132434
0.295779
0.982874
-0.008383
0.259189
0.146626
0.341507
0.180703
-0.196840
-0.540685
0.164437
-0.394325
-0.354329
-0.549162
0.138617
-0.357393
0.275459
-0.128697
-0.084983
1.022650
-0.587930
0.211205
0.400268
-1.006864
-0.396427
-0.549993
0.774468
0.601037
-1.361646
-0.356159
-0.908661
-0.313233
0.140339
0.543555
0.387633
0.696985
-0.188616
0.185299
-0.294773
0.625745
-0.156449
0.309035
-1.085551
0.783337
1.079920
-0.399399
-0.658562
0.609030
-0.568690
0.021316
-0.487583
-0.005540
-0.508241
0.207555
0.793582
-0.404399
0.607348
-0.427094
0.484569
0.350692
-0.026032
-0.508330
0.088129
-0.450848
0.035428
-0.610649
-1.145348
0.384820
0.190737
-0.189547
0.854237
-0.189449
0.136086
0.715710
0.826026
0.011256
0.801782
-0.503120
0.604818
-0.071388
0.543313
-0.255012
0.600155
-0.059053
0.091378
0.529752
-0.390891
0.180460
0.632092
-0.243150
-0.115611
0.386895
-0.202380
1.075125
1.087445
-0.866349
-0.011332
-0.022678
-1.158471
-0.136877
0.369887
-0.897020
0.201291
0.193134
0.233362
-0.052871
-0.050205
0.168272
-0.367676
0.221936
0.304555
0.638793
0.664550
-0.281878
0.002286
-0.501640
-0.322016
0.017458
0.048933
-0.306689
0.512937
-0.037083
0.136322
-0.848243
-0.964584
0.060689
0.193424
0.066670
0.733051
0.686617
0.022643
0.343252
-0.264091
-0.596561
0.222865
-0.050971
-0.583491
0.148875
0.675565
-0.416252
0.286148
-0.189494
-0.102651
0.387512
-0.499460
-0.075983
0.035232
0.180765
0.057797
0.691703
-0.245959
-0.000352
1.053757
0.066355
-0.463472
-0.152053
-0.066949
0.164250
-0.753177
-0.143249
0.618511
0.023946
0.376552
0.001100
-0.841634
-0.437973
0.551431
-0.036954
0.516738
0.462657
0.411748
-0.193678
-0.385944
0.290370
-0.269978
0.044998
-0.253002
0.260949
0.048025
0.016750
0.367739
-0.408099
-0.793638
-0.657179
0.175196
-0.054196
0.703952
-0.023961
0.206025
-0.925987
-0.153597
0.042433
0.488286
-0.565862
-0.096199
-0.238792
0.967316
0.587642
0.068102
0.439582
0.648978
-0.756657
0.040881
-0.108243
1.348061
-0.525298
-0.175299
-0.583631
-0.593102
0.122969
-0.240819
-0.293250
0.609236
0.133075
0.035032
-0.285802
0.914177
1.325408
-0.035459
0.694741
0.359806
0.137006
0.101281
0.013209
-0.356956
-0.519903
-0.124923
-1.035921
0.056969
0.546375
-0.306119
0.517713
0.186344
0.062629
-0.000769
0.017858
-0.364336
-0.349865
-0.939301
-0.507978
-0.410143
-0.007371
0.113930
0.151209
-0.229671
-0.681739
0.179533
-0.296011
0.475137
-0.076518
0.153425
0.405414
-0.787018
-0.067534
-0.118061
0.049276
-0.306773
0.426577
0.452268
-0.416974
-0.025316
-0.313277
0.842941
0.104575
-0.356979
-0.394350
-0.577755
0.463399
-0.025569
0.590169
0.468566
0.564022
-0.574111
0.036474
-1.001424
-0.416659
-0.122826
-0.203002
-0.041417
-0.169184
0.671419
0.175511
-0.309140
-0.054007
-0.475713
0.175249
-0.098001
0.426211
0.675685
0.368848
0.343440
0.476692
-0.838573
0.427733
-0.203995
0.737328
0.689955
-0.217769
-0.237563
-0.204781
0.537775
-0.013663
0.279790
-0.478651
-0.175482
-0.017803
0.309261
0.174062
-0.361927
-0.059361
0.787862
-0.451447
0.020063
0.879083
0.130872
0.160065
0.953703
0.199001
-0.106808
-0.349543
-0.399043
0.063045
-0.264764
-0.871764
0.672580
0.023480
-0.904254
0.143119
0.333272
-0.832569
0.268660
-0.781434
-0.296214
-0.490860
-0.153449
-0.297961
-0.359918
0.762227
-0.201508
0.236130
-0.322684
-0.714138
-0.097204
-0.182791
0.427908
0.141157
0.003788
0.565235
0.528884
-0.203213
0.723999
-0.599848
0.338405
0.099083
1.060268
0.037540
0.202318
0.782107
1.060194
-0.610390
0.660927
0.182539
-0.008076
0.393587
-0.791175
-0.230900
-0.494795
-0.548368
-0.897247
0.150170
-0.255460
0.429576
-0.186659
0.188014
-0.664700
0.073969
0.178620
-0.528522
-0.197024
0.023129
-0.736368
-0.064330
-0.717353
-0.240438
0.795843
0.537890
-0.229296
0.118795
0.412686
0.322993
-0.174078
0.197500
0.120589
0.376073
0.022144
0.971103
0.019310
0.010189
-0.169515
0.043684
-0.641313
-1.079484
-1.209040
0.615538
-0.833186
0.000073
-0.427807
0.344158
-0.855339
-0.010338
0.215626
-0.157089
0.484659
0.768766
0.499976
0.273153
0.105432
0.728314
-0.314473
0.209714
0.034733
0.025777
0.196029
-0.183173
-0.811334
-0.370214
-0.333454
0.674769
-0.050193
-0.724034
-0.675891
-0.060773
0.149159
0.954557
-0.420586
0.927419
-0.029926
-0.306173
0.406254
0.592167
0.533252
-0.724289
0.230231
-0.217644
0.280289
0.383400
-0.052692
0.224903
0.818182
-0.867177
0.232953
-0.466624
-0.187214
0.365325
0.278291
-0.513762
0.558745
0.219491
-0.219266
0.291468
-0.869704
-0.238963
-1.170933
0.743104
0.505679
-0.090481
-0.317495
-0.362972
-0.652713
-0.632266
-0.044943
0.273508
-0.674213
0.300952
-0.744295
0.097492
-0.098448
-0.017805
-0.582883
-0.310318
1.097955
-0.474490
0.129658
-0.030446
0.132816
-0.087467
0.027324
-0.546041
1.022656
-0.564222
-0.106816
0.063430
0.392623
-0.548004
0.002697
-0.281149
-0.379785
0.479988
-0.013446
1.108158
-0.136292
1.026271
-0.161882
-0.128037
-0.037189
-0.865020
-0.112663
0.332649
0.687613
-0.029765
0.162468
0.265981
-0.212562
0.044170
-1.016098
0.056609
-0.416085
0.203961
0.827670
-0.475018
0.267790
0.021491
-0.089345
0.658505
-0.691093
0.533069
0.360585
0.020641
-0.283914
0.245303
-0.237617
-0.636161
-0.070170
-0.636390
-0.915473
-0.451328
0.152234
0.369204
-0.718344
0.586349
0.208328
-0.085755
0.493381
-0.240476
-0.486809
0.556044
-0.354485
0.488576
-0.191255
-0.389517
0.180508
0.790012
0.414293
-0.421377
-0.179684
0.344433
0.988845
0.050542
0.453994
0.502983
0.159051
-0.202801
0.391385
-0.175478
-0.344261
-0.209488
0.222552
0.526122
-0.195791
0.214159
-0.704498
0.487408
0.107492
0.360340
-0.095966
-0.392457
0.575025
-0.532168
0.342096
-0.058827
0.221727
0.134471
-0.720430
-0.773275
-0.917397
0.246349
-0.107643
-0.172392
-0.849292
0.069868
0.232335
-0.058120
0.037871
-0.163692
-0.412729
-0.386904
-0.652071
-0.877482
-0.255970
-0.303025
0.235036
-0.261358
0.406116
0.269253
-0.031771
0.276833
-0.683080
0.349674
0.039632
0.406664
-0.474642
0.365220
-0.223692
0.253476
0.095024
0.042570
0.165579
0.400661
-0.122237
-0.009049
0.254821
0.414023
0.052412
-0.029081
0.412747
0.260246
0.037977
-0.491818
-0.781525
0.877004
-0.992922
-0.670021
0.387535
-0.152965
-0.262860
0.421999
-0.556359
0.484113
0.633644
0.119160
-0.167633
-0.787126
0.309792
0.059152
0.155164
-0.329493
0.209816
-0.572824
1.096597
0.104199
0.354377
-0.160799
-0.067247
0.033170
-0.358452
0.984741
-0.046201
-0.317156
0.008702
0.335494
-0.761589
0.098659
-0.110479
0.300482
-0.972300
-0.331221
-0.547168
0.170735
0.102943
0.237213
-0.373391
-0.347610
-0.662453
-0.398401
0.115846
0.476225
-0.456366
0.620112
-0.033894
-0.552143
0.830943
-0.466934
-0.472267
-0.029642
-0.025025
0.271944
-0.861182
-0.525504
-1.096816
0.163047
-0.351455
0.370982
0.357065
-0.563281
-0.286405
-0.274615
-0.498317
0.491412
0.060210
-0.156219
-0.378124
-0.308969
0.531507
-0.740217
-0.066263
-0.310329
0.302124
-0.423957
-0.158422
0.154272
0.711560
0.297807
-0.147939
-0.374653
-0.722857
-0.401030
-0.207210
-0.972370
0.103865
0.545124
-0.126906
-0.273473
0.977591
-0.283125
0.390157
0.553055
0.296729
0.854860
0.396584
0.010171
-0.874930
-0.884120
0.137074
-0.220038
-0.309020
-0.284514
-0.753195
0.474918
-0.727082
0.635076
-0.183172
-0.391823
0.115126
-0.109176
-0.048040
0.118886
-0.937098
-0.405098
-0.573043
0.574019
0.032151
0.079914
-0.121637
-0.211663
-0.009414
0.310954
0.528277
0.605486
-0.010666
0.203442
0.084112
-0.005826
0.375825
0.426343
-0.371056
0.677913
-0.628055
-0.987106
-0.649705
-0.440943
-0.454866
0.205025
-0.335814
0.575362
-0.638910
-0.668367
0.368859
0.805050
-0.466134
-0.257305
-0.197586
0.039711
0.280216
-0.247396
-0.121628
-0.177259
0.054747
0.830630
0.193184
0.345735
-0.418802
0.364888
-0.202467
0.552092
0.441969
0.176960
0.242401
-0.162133
-0.370569
-0.396345
0.057973
0.062075
-0.795802
-0.575732
0.144116
0.648332
0.405865
0.448725
-0.666307
0.582359
0.328370
-0.619880
-0.571325
-0.997000
-0.558074
0.368867
0.623717
0.975689
-0.344424
-0.157364
-0.332859
0.446415
1.023253
0.519178
0.081477
-0.311250
-0.713237
-0.728201
-1.099084
0.887316
-0.596393
0.384806
0.243100
0.318470
0.027025
-0.769681
-0.847852
-0.122193
-0.404574
0.539307
0.198385
0.565099
-0.816328
0.324022
-0.432613
0.400765
-0.092701
-0.265114
0.278313
0.030081
-0.464905
-0.621856
0.406027
0.224495
-0.679033
-0.797763
0.365067
0.109765
0.151522
-0.009632
0.049657
0.082186
0.355973
-0.357141
-0.617012
-0.479349
-0.608644
0.025195
1.020452
0.813595
-0.834074
0.267178
-0.353643
0.666166
-0.208277
-0.181932
-0.317352
-0.757671
-0.264950
0.475873
-0.258524
-0.036410
-0.368788
-0.516907
0.148842
-0.279586
0.016776
-0.706367
-0.555061
-0.658631
0.125959
0.030549
0.094054
-0.435863
0.133846
0.639973
-1.028424
-1.144499
-0.028976
0.140289
0.395187
1.149182
0.117581
0.306390
-0.298654
0.234274
0.004032
-0.279395
-0.843890
-0.006698
0.434084
0.505557
0.015383
0.479302
0.655140
0.108320
0.286596
0.246764
0.495315
-0.486190
0.436469
0.097896
0.326552
-0.704151
-0.013163
0.325362
0.674277
-0.059546
-0.165621
-0.023568
0.443875
-0.104734
0.036421
-0.564930
-0.771056
-0.277260
-0.578932
0.635493
0.191811
0.406926
-0.036108
0.108173
0.368108
-0.293832
0.387762
0.126087
-0.354997
0.376590
0.989192
0.499122
-1.207493
-0.234111
0.467984
-0.518888
0.360904
0.534432
0.748544
0.298985
-0.168970
-0.129442
0.063636
0.122637
-0.133304
0.493347
-0.522975
0.534418
0.282463
0.197351
0.570755
-0.798465
-0.323243
-1.239041
0.435245
0.314245
0.245833
-0.396472
0.352456
-0.806128
-0.292177
0.211484
-0.850468
0.576675
-0.113194
0.627142
-0.183288
-0.027502
-0.357100
1.510113
-0.203570
0.179287
-0.400221
-0.329417
0.133833
0.406758
-0.207612
-0.438340
-0.434765
-0.105140
0.148108
-0.608217
-0.564053
0.864346
0.307485
-0.045660
0.106270
0.147830
-0.410540
-0.664065
0.406143
-0.269776
-0.302456
0.528069
0.161100
-0.474432
0.056045
-1.285341
0.543341
0.047547
-0.777745
-0.753253
-0.181660
0.606971
-0.391704
0.236619
-0.103437
0.068009
0.228412
0.321037
-0.107970
-0.069749
0.181519
0.477072
-0.219233
-0.507466
0.145019
0.122507
0.394143
-0.074037
-0.090870
0.006225
-0.275156
-0.437572
0.043005
0.501898
0.591587
-0.273508
0.405609
-1.052843
-0.177653
-0.531574
0.000063
0.506677
0.098611
0.416985
0.084591
0.227222
0.558464
-0.547522
-0.000128
-0.577572
0.269338
0.582303
0.094623
-0.809789
-0.852713
-0.159773
0.235668
0.084096
0.664280
0.320492
-0.337875
-0.175367
-0.205282
0.242289
-0.489929
0.101201
0.201647
-0.620401
-0.231726
-0.355111
0.031219
0.371430
0.378655
0.220800
-0.029525
1.043819
0.397105
-0.502921
-0.790155
-0.592993
-0.302260
-0.590046
-0.270721
-0.418410
0.526549
-0.495196
0.242245
0.627598
0.177009
0.920323
0.164848
0.187439
-0.127937
-0.446850
-0.163805
-0.184779
0.823526
-0.556537
0.201997
-0.142493
-0.143179
-0.966262
-0.368364
1.080495
0.262737
-0.183033
0.424694
-0.411602
0.126904
0.154346
-0.347564
0.487852
0.195013
0.429058
-0.647204
0.381798
-0.263987
0.445980
-0.805253
-0.793357
0.098671
0.415325
-0.393200
-0.436407
0.399340
0.461621
-0.823895
-0.725317
-0.183214
0.233578
-1.141731
0.496156
0.106800
-0.576560
-0.335036
0.027738
-0.425951
-0.403469
0.014054
0.362017
0.099024
0.338129
0.075141
0.034828
-0.461074
0.351100
-0.250328
0.138306
0.524955
-0.060138
-0.318563
-0.365566
-0.109232
-0.376778
-0.272990
0.533815
0.042142
0.395583
0.599287
-0.556001
0.554882
0.480066
0.472268
0.763928
0.073144
-0.128703
-0.746592
-0.297336
0.316656
0.100921
0.585169
0.332087
-0.098813
0.287811
0.171524
-0.746014
-0.375590
0.823311
0.211030
-0.048064
-0.081759
0.591819
0.319976
-0.691957
-0.831789
0.473192
-0.127456
0.111898
-0.052442
-0.327961
-1.176019
0.993786
0.445666
-0.093358
0.643443
1.290394
0.623312
-0.042577
0.253223
-0.332099
0.678198
0.316822
0.535874
-0.021056
0.451841
-0.299593
1.187995
1.519150
-0.022492
0.509229
0.391929
-0.399332
-0.396468
1.401983
0.783716
-0.213347
-1.002521
0.205692
0.141496
-0.519442
-0.621053
1.024042
0.032847
-0.074894
0.127948
-0.259294
0.113717
0.109037
-0.242194
0.191026
0.287692
-0.596904
0.081173
-0.010722
0.336285
-0.819608
0.319389
-0.405066
0.253862
0.249968
-0.450128
-0.176402
0.112195
0.065746
-0.445359
-0.906432
-0.032789
0.665575
0.096981
0.193754
-0.142656
-0.316449
-0.209605
-0.647706
-0.154741
0.576709
-1.383217
0.380064
0.786308
-0.135757
0.070147
0.652621
-0.228150
-1.185396
0.498545
0.676891
0.049052
0.017999
0.247554
-0.079318
0.709668
0.361797
0.205644
0.449545
0.399367
0.556030
0.092972
-0.164702
0.705053
-0.580299
-1.200485
-0.114146
-0.425583
-0.039715
0.898218
-0.276999
-0.239967
-0.799460
0.251095
-0.214832
-0.426800
-0.519093
0.163365
0.176990
-0.109506
-0.064386
0.067768
0.134970
0.844204
-0.310670
0.392101
0.678945
-0.276646
-0.674913
0.543356
-0.735588
0.619565
-0.513642
-0.354534
1.008518
0.495930
-0.988466
0.742035
0.462111
0.276312
0.053944
0.492815
0.221896
0.833234
0.375021
0.121852
-0.001707
-0.231943
0.239665
-0.322567
0.911999
0.261505
0.994586
0.055115
0.353194
-0.674851
0.416192
-0.076797
0.098307
-0.261332
0.890271
0.077648
-0.115583
0.580429
-0.305521
1.221505
0.141914
-0.128621
-0.513865
1.258411
1.174662
0.076470
-0.077378
-0.246627
-0.223611
0.325671
0.742450
-0.803557
-0.885209
-0.430826
0.063850
-0.894699
-0.214577
-0.247494
-0.365769
-0.815978
-0.040007
0.161588
-0.108488
-0.439561
-0.181347
0.304863
-0.039514
0.274861
-0.390257
0.485754
-0.863740
0.059051
-0.305709
-0.603885
-0.948797
0.377677
-1.057103
0.350465
0.763024
0.541828
-0.681656
0.080691
0.579430
0.459540
0.544057
-0.496598
-0.764497
-0.422599
0.247612
-0.814655
-0.213604
-0.360525
0.145651
-0.074466
-0.056459
-0.333735
0.318618
-0.283176
-0.112406
-0.664213
0.186555
-0.355320
0.135618
-0.269078
0.356255
-0.880910
-0.332390
-0.174336
-0.162945
-1.153503
-0.425047
-0.130267
0.433392
0.869319
-0.390419
-0.145509
-0.858822
-0.001313
-0.366880
-0.569438
-0.238586
0.603905
0.396579
0.610798
0.309656
-0.442320
-0.029012
0.077749
-0.446249
-0.269932
0.410118
0.429334
0.196108
-0.433570
0.483965
-1.151111
-0.224961
0.205441
-0.226017
-0.009501
0.810636
-0.510472
1.446266
0.009105
-0.812604
0.115462
-0.541129
-0.517750
0.114549
-0.036764
-0.650379
-0.539326
-0.143352
0.845192
0.362188
-0.680509
0.380683
0.126490
-0.453296
0.405443
0.578816
0.039011
0.637059
-0.030066
-0.216872
-0.487444
0.033061
-0.021492
-0.169655
0.232566
0.606400
1.200875
0.799158
-0.219676
-0.512472
0.180449
0.383643
0.611639
-0.395109
0.521203
-0.063820
-0.152244
-0.178203
-0.030345
-0.486325
0.029645
-0.638838
-0.494849
0.407453
0.319583
-0.113147
-0.448609
-0.216985
-0.018351
0.364847
0.171703
0.217760
0.624661
0.541732
-0.705998
0.831311
-0.464870
0.132392
-1.004560
-0.154457
0.136835
-0.683854
0.907979
-0.659165
-0.531665
0.315472
0.927000
0.286232
0.000103
-0.138616
-1.059841
0.013964
0.454345
-0.382569
-0.067173
-0.371374
-0.878179
0.371289
-0.181920
-0.334049
-0.689450
0.200956
-0.195742
-0.292250
-0.860469
-0.133255
-0.373227
-0.273793
0.402030
-0.482216
0.102734
-0.310028
0.102522
-0.104064
0.093278
0.235224
-0.177735
-0.284317
-0.683017
-0.206502
-0.456195
0.920395
0.403186
1.030418
0.543492
0.653246
-0.290922
0.436122
-0.338436
0.348660
0.443279
-0.476188
0.590897
0.041807
-0.437857
0.510828
-0.375200
0.180961
-0.232831
0.541741
0.389102
0.261209
-0.591609
0.076144
0.341761
-0.002346
-0.332876
0.056242
-0.030730
0.645726
0.055795
-0.529580
0.181730
-0.741361
0.041490
0.618529
0.211757
-0.206185
0.173011
-0.256356
-0.227676
-1.488090
-0.030604
0.313029
0.003889
-0.242443
0.350004
0.110124
0.243236
-0.013565
-0.352854
0.354169
0.238553
-0.033770
0.698643
0.778337
0.093221
-0.363730
-0.215465
0.994645
0.213754
0.048138
0.976455
-0.629173
0.502034
0.694328
-0.576932
0.026626
0.505401
0.143572
0.442112
-0.828056
0.245529
-0.243082
0.284348
0.382327
-0.027734
-0.692244
0.003441
0.413849
-0.408959
0.241077
0.176839
-0.146767
0.340756
0.161893
-0.519762
0.579011
0.612433
-0.353684
0.268834
-0.539274
-0.129537
0.363574
-0.458067
0.919316
-0.170874
-0.058409
-0.428212
-0.154092
0.226988
0.181523
0.692865
1.035790
-0.230502
0.297976
-0.001316
0.209631
0.053552
0.571874
1.599843
-0.156784
-0.555705
-0.109803
-0.179024
0.502286
-0.004584
0.479862
0.145209
0.128987
0.532141
0.759322
0.154592
-0.650438
-0.649305
-0.299105
-1.064637
0.178283
0.227010
0.230470
-0.407475
0.291522
0.135177
0.358783
0.361437
0.312675
-0.509370
0.217551
0.741363
0.127352
-0.286359
0.148207
-0.487974
0.645692
-0.179051
0.549896
0.165849
0.239337
0.012855
0.125211
-0.260526
-0.241547
0.222299
-1.004296
-0.523859
0.520640
0.337102
0.992979
0.324085
0.134369
-0.325476
-0.140619
-0.531537
-0.138630
-0.598249
-0.139506
-0.594472
0.094688
-0.006504
-0.021694
-0.076931
-0.793656
-0.369292
0.386912
-0.418338
-0.098158
-0.815389
-0.055334
-0.456401
0.107050
0.190830
-0.822153
0.285958
-0.662101
-0.175786
-0.161884
-0.440066
-0.218486
0.117182
-0.214517
0.376870
0.337517
-0.254614
0.899025
0.038668
-0.149443
-0.242983
0.104117
0.728549
-0.158813
-0.564420
0.775727
-0.144207
0.057910
0.964822
-0.222651
0.247737
0.207886
0.531166
-0.168770
0.400096
-0.808621
0.513473
-0.236917
-0.683869
0.037071
0.085969
0.296782
0.088111
0.577199
-0.095119
-0.094391
0.199535
-0.858744
0.048880
-0.318644
0.247379
0.363953
-0.761298
0.202431
0.385276
-0.801605
1.157917
0.380574
-0.280795
0.431414
0.519846
-0.256241
0.682894
-0.115828
0.012169
-0.020504
0.190514
-0.200796
-0.664324
1.307380
-0.565288
-0.254823
0.085236
-0.055085
0.180810
-0.788460
0.002094
-0.574769
-0.663012
0.023932
-0.236653
-0.385477
0.434043
0.132463
0.329836
0.358119
-1.033846
0.502966
-0.534596
0.354960
-0.442360
-1.005509
0.073634
-0.477421
-0.398292
-0.432440
0.719925
-0.287617
-0.076047
0.872397
-0.480936
-0.653772
-0.067779
-0.370394
-0.058445
0.424600
-0.159020
-0.171659
-0.467926
0.365440
0.630955
0.828880
0.528959
-0.148419
-1.043243
0.354358
-0.418067
0.701607
0.273291
-0.476675
0.463565
-0.172006
0.153810
-0.296820
0.307490
-0.144886
-0.564336
0.563465
0.174957
-0.884380
0.586620
-0.464988
-0.267888
-0.820331
-0.591330
-0.132188
-0.013013
-0.656969
0.306062
0.037848
0.051527
0.413028
0.665129
-0.133693
0.597312
-0.706596
-0.011146
0.421661
-0.135669
0.066746
0.378033
0.214759
-0.194038
-0.826478
-0.415352
0.672293
-0.576125
-0.204101
-0.047489
0.078341
-0.046962
0.175468
0.389301
0.367434
-0.383692
-0.015373
0.106708
0.365355
0.174094
-0.169337
0.075659
0.213812
0.824117
0.424823
-0.077803
-0.204896
0.345225
-0.203243
-0.865439
-0.069948
-0.339830
0.387742
0.682554
0.078214
0.128244
0.805472
0.306145
-0.893217
0.382558
0.429898
0.455032
-0.166709
-0.241701
-0.466753
0.106608
0.537046
-0.169106
0.096912
-0.492241
0.486528
0.105255
0.373290
0.976733
-0.717476
0.492027
-0.049814
0.340369
0.303586
-0.423870
0.911552
-0.284522
-0.013343
-0.396995
0.274362
-0.869115
-0.802500
-0.573691
-0.858398
-0.438751
-0.232533
-0.485911
0.382728
-0.068500
-0.345037
0.370485
-0.674376
0.177751
-0.750993
0.056302
-0.019110
0.438070
-0.466055
-0.365207
-0.406245
-0.262519
-0.490929
0.624145
0.453469
-0.517571
0.101138
-0.751029
-0.232277
0.618269
0.032504
-0.042770
0.745734
0.262490
-0.024714
0.027570
-0.081210
0.543709
-1.096016
-0.577416
0.744155
0.023085
0.332750
0.218654
0.538794
0.427143
-0.548349
0.285081
-0.091626
0.416687
-0.842396
-0.238876
-0.336414
-0.709691
-0.074524
0.383391
0.450319
-0.324382
-0.189448
0.327354
0.814721
-0.098179
0.671714
0.892653
0.094424
-0.180417
-0.380611
0.522374
0.102522
-0.467016
-0.303621
0.144184
-0.240500
0.589147
0.360701
0.353357
-0.619412
0.041675
-0.655105
1.097386
0.123790
0.497961
0.360908
-0.286304
0.319446
-0.326628
0.514691
0.204630
0.010879
-0.061860
-0.269253
0.332154
-0.209020
-0.658389
1.160320
0.199587
-0.071386
-0.514968
-0.574386
0.151156
0.005292
0.328012
0.033823
0.370346
0.058592
0.606607
0.253281
0.386254
-0.099495
-1.356274
-0.817918
0.567173
-0.898219
-0.345665
0.754826
0.589148
-0.609776
0.765815
0.153659
-0.293858
0.390945
0.273752
0.085017
0.671056
-0.575583
-0.114818
-0.310616
0.637234
-0.650226
-0.012844
-0.645307
0.202554
-0.217663
0.564490
-1.001099
0.433228
-0.287237
-0.240040
0.543516
-0.434962
0.045469
0.672534
0.205204
-0.755615
0.618124
1.022598
-0.793271
-0.117295
0.251409
-0.055189
-0.246629
0.423351
-0.535245
-0.010720
0.480098
1.195952
-0.021738
0.095571
-0.157517
0.178282
0.494975
-0.926951
0.436487
-0.086153
0.563757
0.979873
-0.358849
0.138181
-0.427959
0.661179
0.288777
-0.917705
0.443794
0.183015
-0.814921
0.588115
-0.404236
0.145843
0.128264
-0.795493
-0.409641
0.931228
0.021993
0.242342
-0.940801
-0.060907
-0.196747
-0.167523
-0.308283
-0.532377
1.003563
-0.343177
0.545308
-0.173244
-0.143311
-0.067117
0.502586
0.221101
0.680048
-0.175928
-0.246349
-0.182132
-0.517234
0.271648
0.131426
-0.041155
-0.665841
0.302852
0.077447
0.396311
-0.555932
0.019943
-0.292423
0.099361
-0.570766
0.346645
0.507187
-0.326259
1.040765
-0.073652
-0.119308
1.111334
0.789712
0.384564
0.323044
-0.219246
-0.445808
-0.216454
0.367427
-0.315708
-0.636193
-0.467923
-1.018816
0.474372
-0.230977
0.349367
0.131467
-0.504841
-0.783256
