0.452990
-0.072238
-0.425917
0.654035
0.692124
-0.638059
0.300179
-0.723415
-0.322070
1.094637
0.668958
0.334313
0.892669
0.183097
0.219577
0.087872
0.300696
0.499323
0.650346
-0.043577
-0.027258
-0.458380
-0.336171
-0.398442
-0.422842
-0.156446
0.230754
-0.166387
-0.212243
-0.007053
0.268699
0.247115
-0.648522
-0.806831
0.250629
-0.015000
-0.394539
-0.578252
0.240857
0.827884
0.540031
0.511565
-0.287307
-0.241297
0.250817
0.081196
-0.221043
0.211997
0.425738
-0.061757
-0.115114
-0.605329
0.205884
0.446041
-0.088211
-0.495880
0.643075
-0.111272
-0.037439
0.164771
-0.531545
-0.663410
1.092087
-0.033657
-0.319413
-0.180639
-0.434339
-0.469144
0.428052
0.522760
0.317887
-0.432168
0.649358
-0.394372
0.021079
0.369461
-0.412853
0.242481
-0.647610
-0.526483
-0.519425
0.757569
-0.700388
0.306765
0.751730
-0.132937
-0.016376
0.535331
0.288543
-0.072282
0.151306
-0.400869
0.777731
0.230713
0.382200
-0.147413
-0.393683
-0.305419
-0.546226
-0.643265
0.575581
-0.248029
-0.164149
-0.437447
-0.332464
-0.158588
-0.327613
-0.251665
-0.278667
0.149720
-0.243972
-0.396766
-0.002883
0.702464
0.407972
-0.938246
-0.376313
-0.374666
0.195362
-0.335673
-0.630614
-0.149514
-0.364893
0.231237
-0.048006
0.697758
0.588988
0.337782
0.446483
-0.760827
-0.716684
1.003632
-0.673096
0.628046
-0.201589
-0.308670
-0.265917
-0.256425
0.140842
-0.127750
0.431316
0.097920
0.414330
-0.262527
-0.949937
-0.582154
-0.166601
-0.061105
0.127367
-0.062208
-0.227744
0.149891
0.025786
0.307452
0.990239
-0.824789
0.170835
-0.430963
0.810631
-1.264744
0.942715
-0.571847
0.276576
-0.215349
-0.649137
-0.521704
0.093800
-0.253203
-0.294326
0.567706
-0.957970
0.292554
-0.945713
0.353283
0.847253
-0.667594
-0.573178
0.057048
-0.185590
0.321138
0.719143
0.381541
0.221686
-0.375976
-0.282683
0.234426
0.291905
0.489909
0.131210
-0.648195
-0.143891
-0.255094
0.022914
-0.202272
0.192347
-0.109957
0.201238
0.253911
0.315187
-0.148043
0.934045
1.327709
-0.314268
0.602290
0.726696
1.196444
0.286062
0.735311
-0.481699
0.134235
-1.074468
-0.135684
0.304835
-0.298794
0.328090
0.488331
-0.103112
-1.001343
-0.054252
-0.566778
-0.113239
0.478696
0.233660
-0.436569
0.143920
0.019534
0.485387
0.012330
-0.617165
-0.638631
-0.415502
0.059047
0.283010
0.393863
-0.648991
0.818598
-0.172813
-0.528615
0.771512
0.478790
0.588099
-0.500575
-0.012161
0.355337
1.203931
0.129786
0.217907
0.498146
0.386244
0.943258
-0.350871
0.199678
0.591191
-0.394499
0.530110
0.459469
0.261202
-0.380085
0.478245
-0.243575
-0.380260
-0.821090
-0.056983
0.567812
-0.114876
0.514106
0.095619
-0.625322
-0.047324
0.204901
-0.677951
-0.834532
0.392630
-0.621740
-0.996679
-0.264298
0.731414
0.369247
-0.192773
0.131034
-0.402586
1.141462
0.387212
-0.825333
0.518621
-0.275592
0.240010
-0.330429
-0.510910
-0.332810
-0.571834
-0.518254
-0.549897
-0.532841
0.130173
0.240644
0.313877
0.341290
-0.365986
0.277260
-0.874071
0.061231
0.486483
1.581126
-0.230429
-0.189125
-0.566044
0.323783
-0.825677
0.641209
0.591362
-0.429507
0.625747
-0.443570
0.689037
-0.000186
-0.148631
-0.452088
0.345187
-0.578351
0.261830
0.836599
-0.285383
0.361132
-0.072750
-0.197569
0.796054
0.944939
-0.253576
-0.375340
-0.413684
0.740115
-0.145185
0.012129
0.671366
-0.634698
0.129787
0.152888
0.999876
1.185252
-0.235228
0.434481
-0.221726
-0.006851
0.040600
0.462208
-0.048099
0.238707
0.150038
-0.062070
-0.480883
0.014804
0.041749
0.519274
-0.861279
0.317612
0.205330
0.211027
0.539211
-0.345320
0.106062
0.180015
-0.480594
0.026587
0.167578
0.652430
0.191531
-0.267942
-0.746966
0.100105
-0.329644
-0.172782
-0.595357
0.951883
0.323184
-0.104409
-0.194415
0.696911
0.565008
0.491295
-0.176951
0.017082
0.272817
0.094019
0.051818
-0.774520
0.346563
0.302655
0.639749
-0.626424
0.516656
0.519763
0.156147
0.258651
-0.554441
-0.100125
0.042499
0.369866
0.499295
0.309932
-0.872670
0.434784
0.310220
-0.853515
0.118491
0.094728
0.600266
-1.097821
-0.560411
0.143665
0.159585
-0.322829
0.119558
-0.518895
-0.078927
0.190342
-0.274352
-0.410658
0.434758
-0.147434
0.161247
0.198040
-0.987236
-0.500453
-0.711252
-0.132381
-0.010960
-0.491440
-0.293446
-0.163727
-0.260787
-0.065643
-0.935148
-0.607453
0.382742
-0.209080
-0.672133
-0.453839
-0.704984
-0.141956
0.083670
-0.087498
-0.184175
0.399929
0.259965
0.574213
0.223317
1.065625
0.520274
0.005025
-0.611805
-0.581916
0.543710
0.664148
-0.458631
-0.488356
-0.606846
-0.650977
0.471955
0.053785
0.044630
0.860816
-0.169833
0.010958
0.567300
-0.102608
0.564903
0.629844
0.171808
0.638894
-0.264981
0.221149
-0.282355
0.147212
0.321071
-0.023943
1.171279
0.642580
0.124469
0.600319
-0.247097
-0.165064
0.391476
0.275918
-0.737271
0.229842
0.661377
-0.308664
0.192136
-0.048108
0.479240
-0.924258
-0.509572
0.542995
-0.599278
0.477390
0.174083
0.238651
-0.071236
0.069572
-0.589137
-0.490121
-0.311007
-0.065090
0.818757
-0.125926
-0.258602
0.269514
0.024396
0.042569
0.197162
0.615676
0.350841
0.158218
0.563751
0.432673
-0.012601
-0.419344
-0.200996
0.028230
-0.183977
0.840490
-1.093938
0.341964
-0.279189
-0.479135
-0.718731
0.689742
-0.376164
0.619995
0.206057
0.903955
-1.350798
-0.438062
-0.568922
0.184495
-0.437774
-0.373789
-0.314045
-0.909002
0.745102
-0.772006
0.191503
0.133412
0.813332
-0.662622
-0.188090
0.457514
0.769174
0.563688
-0.580159
1.328359
0.154603
0.739689
-0.199917
-0.452929
0.107301
0.503193
0.694303
-0.391404
-0.986346
0.099887
0.502679
-0.480911
0.157906
0.974013
0.119863
0.605882
0.402847
0.413709
-0.161819
-0.834507
-0.533788
1.086597
0.855851
0.726419
-0.561519
-0.470557
-0.207131
0.673759
-0.598403
0.447091
0.528047
0.161660
0.701056
-0.425956
0.594888
-0.336272
-0.310176
0.254495
0.397432
-0.914370
-0.026983
0.586704
0.364316
-0.005395
-0.365976
-0.500118
-0.197383
0.670498
-0.514124
0.114621
-0.545168
0.426663
0.259436
0.779036
-0.200722
-0.106309
-0.533740
-0.379987
0.219581
0.519152
-0.991452
0.100304
0.180923
0.510903
0.272042
0.871421
-0.106827
0.227450
-0.375119
-0.527052
-1.350999
-0.351158
-0.313998
-0.502080
0.153310
0.243632
-0.336460
1.000399
-0.749956
0.005214
0.218074
0.319127
0.097719
0.385765
-0.265122
-0.126247
-0.469223
0.534608
-0.290401
0.500270
0.149882
-0.437486
0.752326
-0.496518
-0.628598
0.213757
-0.223125
0.143524
-0.273119
0.146123
0.029884
0.264376
-0.192427
-0.125087
-0.311018
-0.441924
0.942186
-0.451085
-0.580070
-0.220917
-0.301921
-0.395241
-0.541053
-0.447641
0.452514
0.505870
0.552375
0.498151
-0.013238
0.122807
-0.261960
0.338299
-0.901974
-0.165025
0.432399
0.137448
0.071871
-0.083828
-0.058867
0.513452
-0.096634
-0.031627
-0.257155
0.663266
-0.080101
0.358610
-0.289442
-0.112819
-0.171609
-0.392961
0.088841
-0.234126
-0.141863
0.477509
0.926646
-0.466916
0.108518
0.266855
0.448046
-0.551158
-0.286743
0.488408
0.187304
0.020937
-0.186260
0.381340
-0.160014
-0.775778
0.366138
-0.523019
0.314132
-0.375321
-0.574853
-0.209149
-0.109919
0.062251
0.011586
-0.357811
0.188917
0.268676
-0.258200
-0.240507
-0.689125
-0.553964
0.619212
0.593543
-0.963768
0.133998
0.126722
-0.048350
-0.364428
-0.045349
-0.480012
0.476074
0.087394
0.960378
-1.238862
0.696262
0.054834
-0.224728
-0.248296
-0.423685
-0.371609
-1.558864
0.672978
0.272959
-0.425242
-0.029583
0.360576
-0.196787
-1.313089
-0.308836
-0.156633
0.271351
-0.259508
0.129257
0.171243
0.516947
0.900570
0.216577
0.520971
-0.032624
0.373643
0.158086
0.304914
-0.675535
-0.979825
-0.183111
-0.932123
-0.244178
-0.151102
-0.243539
-0.314828
-0.960598
0.509049
-0.345464
-0.280578
-0.117792
-0.116479
-0.032003
0.433863
0.371564
0.290474
-0.921353
-0.125554
-0.868644
0.734680
-0.130609
-0.894054
0.165105
-0.259817
0.591867
-0.183791
-0.234199
-0.168448
-0.152123
0.765495
0.564072
-0.562045
-0.523179
-0.411768
0.603039
-0.380423
-0.031121
-0.246046
0.061165
-0.930422
-0.165033
0.121923
0.770796
-0.455487
0.128356
0.220328
0.270824
-0.599091
-0.689854
-0.558423
0.466063
-0.312193
0.114411
-0.336887
0.351736
-0.211523
-0.348961
0.088297
-0.470859
0.315777
-0.541291
0.791533
0.472409
-0.322173
-0.044699
1.051295
0.873442
0.020887
0.061539
0.640591
-0.420262
0.025792
0.168931
0.167902
0.042668
-0.508743
0.102933
0.437670
-0.827392
0.060029
0.857623
-0.404778
-0.150842
0.106265
-0.865725
1.021322
0.090251
0.274874
0.462582
-0.809278
-0.391740
-0.342732
-0.105702
0.174491
0.308104
0.702515
0.138007
0.124810
0.223423
-0.043877
0.770649
-0.013965
0.349339
0.980950
-0.314468
0.044599
0.375556
-0.340909
-0.150093
-0.803304
0.441984
-0.928616
1.095589
0.405649
-0.368336
0.692807
0.412912
0.129882
-0.187152
0.913542
-1.220539
0.082732
-0.057412
0.791730
-0.017028
0.243250
0.817509
0.253148
0.194490
-0.120018
0.015490
1.209883
0.070456
-0.382278
-0.270944
-0.366014
-0.604259
-0.153758
-0.458751
-0.608710
0.292312
-0.230973
0.247576
-0.001454
-0.665487
-0.397135
-1.147678
0.101131
0.015938
0.325795
0.047366
0.123197
0.080817
0.090926
0.318932
-0.033808
0.143744
-0.133949
-0.828609
-0.244820
0.137349
-0.349543
0.146010
0.209666
-0.257481
-0.507412
-0.228530
-0.512911
0.752993
-0.059621
0.333059
0.091445
0.391279
1.527734
-0.205111
-0.664611
-0.120347
-0.137107
0.109241
-0.445750
0.234353
-0.355985
0.086971
-0.970789
-0.481086
-0.351360
0.220555
0.074512
0.183146
0.289363
-0.472570
0.196516
0.172759
0.130269
0.097510
-0.851816
0.023561
0.294541
-0.430511
-0.226359
-0.046039
-0.865162
0.043071
-0.222127
0.269012
0.356580
0.089792
0.318823
0.835086
0.653285
-0.729229
0.187185
0.268073
0.171328
0.174315
-0.000304
0.565995
0.483824
-0.328715
0.088519
-0.186350
0.170539
0.856298
-0.079549
-1.297637
0.179221
0.795716
-0.303804
-0.270337
-0.084946
-0.111361
0.251379
-0.232572
0.371973
-0.022463
-0.583733
-0.268428
-0.273950
-0.741130
-0.997411
0.159562
0.177815
0.413711
-0.671925
-0.377019
-0.209363
0.550020
0.421481
-0.488273
-0.155414
-0.503166
-1.096162
-0.310069
0.331315
-0.302834
-0.224797
-0.046237
0.083815
-0.661785
-0.621471
0.226708
-0.893841
0.083325
0.466202
0.612154
-0.482491
-0.393084
-0.147135
0.342541
-0.663867
0.138098
-0.189055
0.283618
0.632330
0.246947
-0.119596
-0.049849
0.664056
-0.480315
0.273805
0.500705
-0.209593
0.781401
0.413389
0.539007
0.077250
-0.219111
0.703059
-0.396933
0.085775
0.158041
0.001830
0.194142
-0.424166
-0.427661
-0.418169
0.054090
0.610352
1.295689
-0.371673
0.230139
0.108113
0.399064
0.552690
0.548561
-0.299097
0.015949
0.145837
0.764481
-0.422183
0.635417
-0.102982
0.043079
-0.256152
-0.437090
0.358970
0.226741
1.238769
-0.393528
-0.343605
0.576836
-0.586395
-0.160371
-0.226250
0.093557
0.061732
-0.161774
0.316955
0.342683
0.026689
0.810313
-1.101654
0.517132
-0.013709
-0.455260
0.333359
0.146351
-0.315280
-0.339971
-0.759270
0.084383
0.233791
0.856576
-0.495899
-0.780751
0.356625
-0.598198
0.823505
0.215058
-0.295834
0.783197
-0.758936
0.601777
-0.659287
0.278785
-0.774523
-0.686179
0.245984
-0.641516
-0.962655
-0.148614
0.467861
0.580457
0.035355
-0.224966
-0.662238
0.003529
0.074378
-0.095655
0.864592
0.117320
-0.257222
-0.523292
-1.134455
0.828246
-0.277412
0.429109
-0.148624
0.619795
-0.664410
0.066362
-0.127443
-0.858343
-0.162413
0.306104
-0.487333
-0.358161
-0.416418
-0.042601
-0.117769
0.166553
0.259221
-0.170946
-0.719833
0.003863
-0.606274
0.214744
0.697148
-0.191670
0.544685
-0.524304
0.105030
-0.119092
0.464277
-0.256328
-0.246086
0.650220
-0.758787
-0.481892
-0.155203
0.665060
-0.454858
0.888660
0.197740
0.400857
0.293257
-0.722503
0.133675
-0.126274
-1.362977
0.065532
-0.220884
0.073692
0.492322
-0.013066
0.958599
0.066932
-0.031779
-0.450076
0.130722
-0.742984
0.098157
-0.585767
0.420902
-0.043268
-0.099218
-0.289476
-0.452076
-0.429580
0.565828
-0.812981
-0.298176
0.266456
-0.107636
-0.827296
0.630626
-0.736686
-0.392180
0.552622
-0.416256
-0.143982
0.260784
0.239119
0.622516
0.198394
0.249811
0.166529
-0.290580
0.934043
0.692270
1.031937
-0.397666
0.240292
0.586506
0.670748
0.588731
-0.219590
1.054772
0.267948
0.594421
0.377072
-0.607425
0.221575
-0.044581
0.107894
0.816945
0.421104
0.500520
-0.450247
-0.095881
-0.183746
-0.488110
-0.628752
-1.311218
-0.486456
-0.152508
0.295464
-0.019259
-0.458059
-0.165563
-0.819108
-0.065662
-0.434404
-1.076148
-0.466965
-0.622738
-0.774374
-1.460342
-0.694561
-0.651630
-0.363903
-0.802150
-0.618723
0.687640
-1.145747
-0.418048
-0.217511
-0.413055
-0.195330
-0.439481
0.333329
-0.516918
-0.175847
0.642992
1.010175
0.237040
0.732101
0.136736
1.750893
0.178129
1.369639
0.909163
1.322291
0.160805
1.088719
0.562899
0.864423
0.989374
0.631935
1.104998
1.178390
0.746616
-0.351100
-0.237455
-0.440980
0.189129
0.229673
-0.511598
-0.290056
-0.750430
-0.316217
-0.699573
-0.106466
0.176820
-1.198063
-0.840440
-1.194720
-0.929164
-0.431810
-0.307264
-0.581342
0.274108
-0.638404
-0.884625
-0.093253
-0.386950
-0.074645
0.472849
-0.530505
-0.304315
0.316928
0.531230
0.631440
0.210998
0.769538
1.221686
0.321403
0.096568
1.088784
-0.523401
0.556462
0.056269
0.292067
-0.394032
0.387789
-0.730990
0.091967
0.478607
-0.286260
-1.062295
-0.077311
0.280233
0.572802
0.193338
-0.430026
0.174714
-0.689846
-0.903382
-0.433933
-0.349619
0.276612
1.241590
-0.102862
1.017923
-0.132265
-0.404944
-0.214768
-0.677971
0.373226
-0.251179
-0.277899
0.332521
0.210207
0.031042
0.456006
-0.383054
-0.193523
-0.759300
0.353649
0.163977
0.548879
0.224732
-0.243774
0.013782
0.079832
0.400114
-0.277172
-0.619454
0.610957
0.681385
1.002927
-0.593200
-0.243677
-0.238020
0.473393
0.097245
0.291286
-1.904560
0.764791
0.464344
0.015996
-0.753619
0.493495
0.195728
0.607968
0.584558
-0.641563
0.684930
-0.280571
0.117636
0.261698
-0.537560
-0.399124
-0.348441
0.965416
0.589676
0.034065
-0.174686
-0.400341
0.257018
0.556107
-0.682164
-0.069015
-0.712645
0.012160
-0.457567
0.162250
-0.074361
1.501413
0.182703
-0.726569
-0.177450
-0.004757
0.554101
0.263481
-0.685051
-0.577847
0.195042
-0.462239
-0.202559
-0.288767
0.025222
0.694065
0.092336
-0.094248
-0.249538
-0.116694
0.035936
-0.176981
-0.333432
0.254153
0.315552
-0.523077
-0.616289
-0.237445
-0.264180
0.953052
-0.683714
-0.035510
0.037665
-0.172749
0.225300
0.232524
0.251668
-0.815966
0.253866
-0.117520
0.286002
0.076406
0.345262
-0.606513
-0.791277
-0.012885
0.733607
0.302674
0.068320
0.587919
0.112109
1.259378
-0.358206
0.286537
0.296734
-0.359451
-0.412869
-0.086670
-0.159643
-0.313404
-0.525050
-0.115196
0.423403
0.302306
0.112962
-0.285515
0.035748
-1.031091
-0.445016
0.080350
-0.440693
-0.887180
0.759901
-0.440595
-0.162031
0.052670
0.037370
-0.054312
-0.575717
-0.640319
-0.874578
0.136421
-1.056890
0.457429
-0.576609
-0.068177
1.051314
0.136120
-1.045867
0.045444
0.596690
-0.113373
-0.153714
-0.039024
0.588223
0.960477
0.094554
-0.133103
0.020348
0.368696
-0.143325
-0.125655
-0.299790
-0.299925
-0.080167
-0.304164
0.651373
-0.033898
-0.116696
-0.847947
-0.624009
0.500876
0.875992
0.354427
0.389713
-0.320048
0.528196
0.541781
-0.978349
0.246838
-0.464272
-0.764121
-0.875220
0.301972
-0.152992
-0.171499
-0.058079
0.718694
0.039264
0.028275
-0.014306
-0.485344
-0.455139
0.406794
-0.174147
0.736682
0.064041
0.579039
-0.800913
0.239457
-0.275616
0.724751
-0.797334
-0.088738
0.424240
-0.239810
-0.484877
0.539962
-0.021883
0.333040
0.317855
-0.114543
-0.125228
0.985890
0.784884
0.382945
-0.916435
-0.086455
0.178822
0.491833
0.205293
0.918852
0.873784
-0.512089
-0.765418
-0.237196
-0.149820
-0.946074
0.138715
0.484834
-0.278014
-0.125692
-0.650141
0.984044
-0.308046
-0.599861
-0.722007
-0.259672
0.881717
0.021656
-0.010861
-0.402413
0.077846
-0.030701
0.181790
-0.152940
-0.270396
-0.220336
-0.404876
-1.019984
-0.111875
0.664384
-0.645861
-0.121414
-0.696263
-0.479775
0.158223
-0.556883
-0.435169
0.004174
0.432598
0.326452
-0.510311
0.861478
0.124420
-0.741361
-0.743236
-0.112630
-0.688244
-0.477669
-0.058221
-0.756835
-0.327061
0.510180
0.813052
0.109985
0.152141
0.347614
0.748507
-0.488693
0.002456
1.088376
-0.089462
0.179326
-0.408210
0.471723
-0.750320
-0.283909
0.270764
-0.337149
-1.035192
1.113160
0.689002
-0.288172
0.025221
0.064722
-0.685911
-0.299933
0.598298
0.603721
0.395125
-0.218269
-0.263884
0.033728
-0.078461
-1.221283
-0.557646
0.389459
-0.203160
-0.130213
-0.389596
0.277279
-0.565693
0.107931
0.310634
-0.247171
0.180165
0.283811
-0.316309
0.117298
-1.174495
0.171479
-0.521915
-0.198395
-0.763466
0.735874
0.330884
-0.282010
-0.333218
1.043677
0.908600
-0.097782
0.728143
0.191966
0.290945
0.123697
-0.130091
-0.456326
0.080037
-0.899736
-0.544032
-0.308821
0.684188
-0.685485
-0.434146
0.055795
0.618973
0.302064
0.154706
-1.493618
0.598666
0.917472
-0.290859
-1.083902
-0.197227
-0.127844
0.029272
0.136507
0.596021
-0.095006
-0.445483
0.510919
-0.811072
-0.602049
-0.068544
-0.255308
-0.250424
0.716337
-0.385116
0.272171
-0.365386
0.578964
0.396807
0.168703
-0.556835
-0.682126
0.264773
-0.478147
0.168006
-1.127679
0.665859
0.655060
0.877983
0.351810
0.207376
0.112235
0.042140
0.126970
-0.597331
0.247129
-0.110822
0.189188
0.203213
-0.153437
0.628037
-0.101783
-0.152494
-1.003097
1.160454
-0.667849
0.492658
-0.356500
0.708327
-0.779833
0.966807
-1.009343
-0.285020
0.145851
-0.084214
-0.096536
-0.640604
-0.085362
-0.347238
0.146282
-0.691960
0.725562
-0.339450
0.532423
0.447086
0.483330
-0.130800
-0.217666
0.125636
-0.208348
0.212865
-0.107533
-0.896258
0.557983
0.013878
-0.013675
-0.303855
0.218818
-0.350745
0.275886
-0.290189
0.257651
-0.029009
-0.577481
0.204924
0.088729
-0.215114
0.059368
-0.129451
0.188564
-0.361847
0.037121
0.500823
0.725756
-0.462922
0.108793
0.211798
0.432834
0.655600
-0.193678
0.615750
0.177897
0.494971
0.056599
1.312621
0.438665
-0.226177
-0.515680
-0.010795
1.325873
-0.713597
-0.236127
-0.264906
0.279203
-0.313072
0.040161
0.033850
-0.429517
0.066342
-0.542479
-0.626046
0.054780
-0.094629
0.355878
0.181696
-0.326456
0.123291
-0.271581
-0.132059
0.655844
-0.116895
-0.356784
0.506060
0.225734
-0.394271
-0.481790
-0.403175
-0.404138
-0.579237
0.846847
1.024947
-1.033370
0.447531
-0.238207
0.496257
-1.234322
0.308518
0.067144
-0.102519
0.327631
0.168219
-0.058894
0.046461
-0.112376
-0.602391
0.202110
-0.461604
0.581340
0.411292
0.410229
-0.366518
0.184407
-0.843422
0.779431
-0.149537
-0.244400
0.238320
-0.685819
-0.200024
-0.125716
-0.174411
-0.663467
-0.851053
-0.090283
-0.457623
-0.002604
-0.940669
-0.156467
-0.454719
0.081449
-0.233756
-0.384348
0.140021
-0.076558
0.267434
0.087907
0.371986
0.394878
0.388972
-0.180660
0.446745
-0.678795
0.352588
-0.116657
0.650295
-0.345996
-0.435606
0.615484
0.173315
0.358907
-0.248107
0.402134
-0.324668
-0.627542
-0.355101
-1.131372
0.951992
-0.125025
0.336074
0.088025
0.386859
-0.352667
0.105437
0.527405
0.017918
-0.210525
-0.523155
0.238668
0.170185
0.237409
-0.145275
-0.048367
0.136949
-0.852438
-0.191246
-1.034720
-0.149085
0.004814
-0.593090
0.202793
-0.008399
0.025475
0.481495
0.217248
-0.406677
-0.225957
0.940107
-0.200558
0.368916
0.184860
-0.468313
0.374940
-0.076285
0.570783
-0.249116
-0.152115
0.058478
-0.649417
0.530465
0.411260
0.624380
0.130008
-0.001670
-0.120263
-0.207531
-0.706759
-0.166765
0.856492
-0.118644
0.228330
-0.671407
-0.096562
-0.192828
0.251061
-0.651486
-0.482497
-0.455754
0.106024
-0.055316
0.153467
0.229332
0.093743
-0.673092
0.537182
0.027132
0.402669
-0.111017
0.358118
0.173793
0.545346
-0.593029
0.151050
-0.110311
-0.480741
1.120205
-0.080744
-0.213903
0.602033
-0.179604
-0.082264
0.340816
0.736745
-0.661935
-0.588766
-0.303936
-0.312023
-0.222688
-0.625221
-0.204829
-0.789709
0.383535
-0.043369
0.824502
0.236572
-0.225239
0.170386
-0.566179
0.094975
-0.771460
0.201230
-0.045865
0.644603
-0.328080
0.879432
-0.427832
0.079743
0.584526
-0.209912
0.715135
-0.559428
0.187728
0.221463
-0.371974
-0.247894
-0.152853
0.206786
0.154542
-0.439229
-0.003003
0.074243
-0.413500
0.963758
0.937227
-0.081481
-0.068231
0.786656
-0.079817
-0.383747
-0.363889
-0.256380
-0.135960
-0.296725
-0.248876
0.030253
0.321469
0.404557
-0.416690
-0.392599
0.150626
0.083594
0.220426
-0.025422
-0.469530
0.387447
-1.023405
-0.197362
-0.399271
-0.545787
-0.272227
0.355816
0.229962
-0.074474
0.894770
-0.015194
0.259701
-0.932596
-0.512051
-0.086546
-0.028659
-0.757703
-0.634793
-0.616635
-0.386829
0.396365
0.428599
0.395068
-0.226610
0.276167
0.816560
-0.211551
0.688012
-0.697242
0.343946
0.559233
0.522594
0.536501
-0.403878
-0.037075
-0.394247
-0.499796
-0.332204
0.225778
0.265569
0.987188
-0.130241
0.343901
-0.277553
0.130279
0.224640
0.253486
-0.037172
0.405170
-0.387519
0.239439
0.263493
0.149399
-0.734456
-0.154369
0.684741
0.710983
-0.321211
-0.094578
0.273433
-0.419063
0.000101
-0.186973
-0.564819
-0.864469
0.870694
-0.694726
-0.090182
0.280758
-0.037386
0.410879
0.151452
0.327154
-0.110234
-0.359606
0.329544
0.174870
0.895080
0.498154
-0.464897
0.108369
-0.512506
-0.487462
0.038776
0.072787
0.186292
-0.125174
0.047549
0.187376
0.815470
0.688972
-0.119339
-0.235354
0.741503
-0.244249
0.284997
0.131546
0.068109
-0.100612
0.383095
0.400464
-0.030132
0.025391
0.611063
-0.270707
0.389712
0.521535
-0.072555
-0.308524
-0.359164
0.074816
0.068740
0.746754
-0.505754
0.112053
0.689677
-0.303504
0.083650
-0.097529
-0.427047
0.324008
0.513778
-0.963171
-0.391194
0.013390
0.907812
0.534685
0.298338
0.691080
0.548086
-0.016188
0.029896
-0.240108
-0.925775
0.197877
0.043175
0.610952
0.724573
0.371369
-0.355723
0.330400
0.258231
0.959133
1.447737
-0.243381
0.028705
0.640328
0.071898
0.043337
-0.021938
-0.805835
-0.055332
-0.156721
0.235114
0.468946
0.086715
0.120060
-0.544399
0.295494
-0.705788
0.225783
-0.198695
-0.759667
0.045784
-0.600371
0.136214
0.161667
0.440911
-1.123167
-0.098181
0.359404
-0.498307
-0.329368
0.658780
0.676036
0.057302
-0.641054
-0.635654
-1.104321
0.098317
0.363203
0.214397
-0.117719
0.731914
0.630360
-0.061951
0.298329
-0.165359
-0.068291
-0.289781
-0.056940
-0.443956
-0.399646
0.540341
-0.821977
0.069988
-1.165763
-0.814780
0.539671
-0.551322
0.192996
-0.119848
-0.058529
0.474092
-0.451791
0.583684
-0.233653
-0.050773
0.481394
-0.227181
-0.005826
0.243183
0.210543
0.026395
0.205272
0.052116
-0.211266
0.123060
-0.035387
-0.429905
-0.375776
-0.138195
0.268715
-0.058144
0.315850
-0.831877
-0.021508
0.296410
0.142986
0.649211
-0.197205
-0.060202
0.304003
-0.116098
0.620664
-0.154304
0.343454
0.359511
-0.118400
-0.816541
-0.282568
0.169252
-0.869085
0.182507
1.138113
0.212765
-0.050619
-0.680448
-0.403871
-0.388149
-0.244520
-0.157170
-0.524144
0.377923
0.062632
0.829200
-0.412628
0.021753
0.386852
0.345819
-0.164484
0.497740
0.455634
0.892999
0.582889
0.706519
0.010623
-0.015124
0.553220
-0.467594
0.037421
0.120306
-0.297936
0.312029
0.446564
0.231120
0.270879
-1.174682
-0.300005
0.514143
0.263580
-0.235873
0.363981
-0.391144
0.440395
-0.285024
0.623840
0.511340
0.278976
-0.152458
-0.385063
-0.129370
-0.671259
0.602843
-0.626902
-1.140079
0.184833
0.447876
-0.274356
0.213818
1.103556
0.670360
0.430697
-0.792704
0.657697
0.665230
0.684826
0.742285
0.932586
0.073530
0.111798
0.024011
0.162007
-0.429341
-0.555218
-0.002119
-0.241997
-0.152257
0.243936
-0.037161
0.018088
0.352254
-0.609788
0.658253
0.101650
-0.040063
-0.022161
-0.260111
-0.527016
0.080833
-0.350248
-0.057427
-0.240598
-0.236143
-0.454927
0.547684
-0.295042
-1.049231
0.520308
-0.005424
0.035554
-0.419555
-0.757658
-0.108150
-0.645975
-0.128474
-1.208260
0.053149
0.121261
-0.323159
0.038498
-0.439784
-0.230551
1.137514
-0.111561
-0.773283
-0.139611
0.130756
-0.392137
0.299301
0.543452
0.535365
0.377199
-0.277306
0.565732
-0.481439
0.891394
0.494529
0.112010
0.778243
-0.042093
-0.048894
0.274971
0.138805
0.264250
-0.020706
-0.579691
-0.318679
0.103833
0.224793
0.201863
-0.767009
-0.151407
0.724891
-0.275283
-0.415510
0.197905
-0.681900
0.429113
0.813359
-0.557702
-0.577005
0.225283
0.092394
-0.296125
-0.722227
-0.110191
-0.179847
-1.325674
-0.055624
0.692433
0.179374
-0.085790
-0.210532
-0.134056
-0.438903
-0.393502
0.736442
-0.498269
-0.124448
0.213191
-0.278406
-0.138919
0.365420
0.475347
-0.281513
0.224154
0.546170
-0.249320
0.449729
-0.338182
-0.108756
-0.352994
0.055674
0.802437
0.435479
0.392358
-0.059795
-0.384499
0.162840
-0.846662
-0.387225
0.124192
0.442555
0.443363
0.337849
0.123654
0.289181
-0.120831
0.019879
0.187342
0.625798
-0.149507
-0.957134
0.125402
-0.420422
-0.589748
0.486585
-0.770796
0.286108
0.589411
-0.425874
1.099447
0.565812
-0.458416
-0.069299
0.522106
-0.558493
0.946882
0.337424
-0.513947
0.296234
-0.885004
-0.350166
0.518972
0.817692
0.453229
0.291042
-0.131913
-0.322514
0.014201
-0.381890
0.775889
-0.683496
-0.340640
0.473364
0.300911
-0.803906
0.023668
-0.223410
0.995481
0.329790
0.268741
-1.132223
0.340809
-0.605656
0.162123
0.504634
0.490163
0.665842
-0.814685
-0.688184
-0.277721
-0.220950
0.466797
0.344436
-0.635145
0.121186
-0.388661
-0.506857
-0.799699
-0.067367
0.016725
-0.414894
0.166844
0.321300
0.002817
0.024662
-0.676175
-0.849825
0.782463
0.909224
-0.110384
0.121919
-0.034547
-0.783533
-0.315966
0.819572
0.044060
-0.438761
0.015804
-0.101594
-0.208368
-0.118333
0.607023
-0.484350
0.369152
-0.020263
-0.129305
0.768200
-0.525850
-0.454056
-0.801286
-0.572488
-0.557330
0.342964
-0.907836
0.548745
0.218856
0.433691
-0.328136
0.294855
0.070677
-0.710760
-0.497777
0.064317
0.697593
0.414536
0.520801
0.338872
-0.202469
-0.525586
-0.779540
0.473237
-0.231792
0.040194
-0.714404
-0.220610
0.329433
-0.275658
0.311328
-0.463240
0.094509
0.134745
0.494947
0.790441
-0.790428
-0.648454
-0.514767
-0.626390
-0.014828
0.577286
-0.459900
0.129361
0.311891
0.044686
0.185101
0.804851
-0.798817
0.407229
0.299038
0.649019
0.891392
0.180150
-0.818240
-0.510685
0.158266
-0.005907
-0.887063
-0.210057
0.382823
0.694989
-0.516058
-0.556445
-0.875540
-0.706867
0.005338
-0.041758
-0.692410
0.262039
0.791088
0.177413
0.465631
0.335415
-0.150125
0.912116
0.183780
0.924329
-0.489777
-0.189621
-0.163522
-0.396331
0.738574
-0.471516
0.868196
0.630264
-0.401240
0.591423
0.943482
-0.119830
0.034823
-0.167894
-0.001689
0.056064
-0.205652
0.513172
0.235231
-0.881599
-0.536698
0.101452
0.832450
-0.639273
0.317890
1.036594
-0.640091
0.031858
0.363382
0.799055
-0.522557
-0.507532
-0.935319
-0.356542
-0.562575
-0.879394
0.526189
0.342056
-0.021426
0.679479
0.394982
0.804280
-0.181847
-0.511324
0.122743
0.579956
-0.399355
0.711378
0.612545
-0.402696
-0.407161
-1.007308
-0.206660
-0.213609
0.001625
0.022193
-0.438088
0.041114
0.096542
-0.429333
0.243344
-0.088876
-0.065448
0.168177
0.719408
-0.389277
-0.219286
0.544063
-0.054321
0.498008
0.375092
0.546121
-0.502270
0.230333
-0.390439
-0.046008
-0.416268
-0.066547
0.179922
0.143678
0.413964
0.058945
0.207675
0.189722
0.643439
-0.237983
0.156070
0.591995
0.769445
-0.765800
0.621263
-0.003389
0.602747
0.451382
0.387038
-0.576289
0.707567
0.491778
-0.207514
-0.141982
0.884031
0.330318
0.411792
-0.437422
-0.311964
0.218807
-0.116179
-0.523894
-0.279933
-0.234139
-0.020248
0.098998
0.209592
0.393370
0.130795
-1.299222
1.195754
-0.529671
-0.086867
-0.920037
-0.361687
0.118567
0.204160
-0.245608
0.258250
0.291880
0.424814
-0.532782
0.274798
0.119870
-0.119205
0.016649
-0.661613
1.041118
-0.075603
-0.281764
-0.431664
-0.341925
1.221985
0.696978
-0.847905
-0.474546
-0.419486
-0.586239
0.018841
0.436680
-0.304672
-0.157109
-0.748573
-0.149999
0.506516
-0.024495
0.085153
0.479431
-0.120317
0.800845
-0.125745
-0.060507
0.426290
0.093395
-0.158783
0.152985
-0.011755
0.736966
-0.109905
0.296030
0.163813
-0.837210
0.367110
0.432103
-0.138537
-0.230382
-0.777271
0.413427
0.507907
-0.476900
0.140342
-0.067007
-0.210850
-0.109772
-0.153638
0.473169
-1.168400
0.107189
1.067037
0.730922
-0.793481
0.454966
0.441683
0.600195
0.728663
1.050087
-0.637464
0.571695
0.675187
-0.892991
1.132441
0.274012
-0.013792
-0.390326
0.320896
-0.860761
-0.073516
0.111383
0.999992
-0.581671
0.092214
1.064673
0.518905
0.260326
-0.390658
-0.026941
0.738039
0.056174
0.399038
-0.330258
-0.627304
-0.305984
0.128178
-0.181232
0.106964
0.557554
0.039760
0.987675
-0.000222
0.515467
0.645996
-0.684256
-0.190464
0.271670
-0.205189
-0.076547
-0.530279
-0.100167
1.140784
-0.439401
-0.727367
-0.668707
0.807328
-0.074841
0.263026
0.194809
-0.114347
0.219102
-0.488753
-0.580147
-0.233573
0.331227
0.249156
0.994954
-0.754941
-0.600625
-0.003896
0.326777
0.112501
0.234189
-0.057691
-1.108650
-0.067166
0.124740
1.080881
-0.107465
0.096930
-0.958077
0.700127
-0.145298
0.750448
-0.066869
0.358305
1.065463
1.019538
-0.012833
-0.339932
0.695541
-0.374585
-0.259453
-0.150161
-0.322032
-0.342349
-0.540828
0.071243
0.412492
0.327605
-0.336666
-0.112343
-0.734151
0.574321
-0.035536
0.154884
0.359215
-0.009266
0.650867
0.783610
0.248784
0.190274
-0.629783
-0.394232
-0.030224
-0.391933
-0.759478
-0.361319
-0.354500
-0.175000
-0.146089
-0.369789
-0.253926
0.527996
-0.655394
0.513786
-0.801907
-0.284346
-0.615149
-0.197069
0.292740
0.193272
-0.317788
-0.350768
0.186780
0.068769
-0.402050
-0.060870
0.344055
0.899669
0.912965
-0.294180
0.056913
0.276997
0.032362
-0.386134
-0.628005
0.158716
0.088804
0.999359
0.480180
0.592659
-0.533972
-0.301191
0.646691
0.826770
0.016828
0.198764
0.532126
-0.368097
-0.424896
0.252488
0.259425
-0.455774
0.702756
0.803710
0.122953
-0.512121
-0.114271
-0.242661
-0.557700
0.561388
0.871175
-0.503740
0.148608
0.466482
-0.215523
-0.714463
0.499172
-0.648113
0.102227
0.512785
0.313172
0.368271
-0.218484
0.567439
-0.661167
-0.217922
-1.520504
1.147594
0.014512
0.685180
-0.408257
-0.842124
-0.210595
0.301680
-0.990056
-0.365413
-0.459679
0.081310
-0.438066
0.680599
-0.204671
-0.538853
0.016758
0.177985
0.050514
-0.116244
-0.153760
-0.407900
0.483967
0.055365
-0.715106
-0.182202
-0.301110
0.701183
-0.233086
0.878056
0.061590
0.685155
0.367838
-0.245934
-0.096491
-0.205755
-0.289159
0.722850
-0.666999
-0.312819
0.787683
-0.238668
0.168062
-0.319293
0.241740
-0.566947
0.597643
0.053173
0.454311
0.256463
0.454447
-1.045624
0.168057
0.070746
0.141078
0.293117
-0.218384
0.064913
-0.578782
0.015826
0.330624
-0.772511
0.556087
-0.793669
-0.877140
0.098633
-0.412220
0.330306
0.617039
0.245004
-1.836283
0.416289
0.526928
0.199533
-0.172314
-0.722024
-0.164992
-0.682320
-0.188836
-0.638542
0.055959
-0.380042
0.076156
0.223662
-0.061882
-0.788125
0.158650
0.524122
-1.178016
0.776276
0.152877
0.356019
-0.469442
-0.244936
0.778622
-0.368855
-0.105347
-0.342230
0.145965
-0.675781
-0.373630
0.761917
-0.309758
0.116061
-0.419152
-0.855732
0.464349
0.342327
0.268628
-0.830234
0.783177
-0.274236
-0.038116
0.346704
-0.604281
0.644273
0.209279
0.451860
0.387345
-0.018151
-0.296861
0.479691
0.262969
-0.265441
0.204962
0.047560
-0.046053
-0.785791
0.333545
0.286154
0.397769
0.749722
0.500555
0.154531
0.238170
-0.615208
-0.761978
-0.361695
-0.845739
0.564768
-0.353597
-0.487835
0.442800
-1.202002
-0.512634
0.594336
-0.241706
0.221892
0.020859
-0.309937
-0.842483
-0.417778
0.814848
0.960539
-0.356228
-0.545046
-0.855672
1.417124
0.553777
-0.603817
-0.253770
-0.770798
0.582605
-0.091265
0.786811
0.524560
0.249535
0.748926
0.073122
0.392987
-1.073435
0.976442
0.273651
0.841959
0.170492
-0.498725
-0.116001
-0.018423
1.076673
-0.243724
-0.855564
0.163947
-0.311173
-0.698056
-0.249279
0.283541
-0.346683
-0.351539
-0.012980
-0.349822
-0.388312
0.399740
-0.861459
0.507447
-0.899395
0.104014
-0.086776
-0.307826
0.148180
0.257911
-0.069060
0.265683
-0.146078
-0.844336
0.154272
-0.239741
-0.302913
-0.044557
-0.122933
-0.961472
-0.229602
-0.174510
0.327369
0.326508
-0.056474
-0.608077
0.310653
0.151255
-0.419152
-0.988562
1.112573
-0.497437
0.378490
0.823112
-0.255881
0.186582
-1.027639
-0.797389
0.015795
-1.279743
-0.232622
-0.246110
-0.018418
-0.278326
0.093441
-0.711111
-0.485004
0.049862
0.453563
-0.480840
0.351580
-0.393194
-0.438517
0.215752
-0.527173
0.561304
-0.392623
0.265037
-0.331183
-0.289356
0.099814
0.612775
-0.142092
0.444897
0.672871
0.779579
0.295209
0.618461
0.017686
-0.621121
-0.575361
-0.902472
0.496540
-0.173531
0.428566
-0.727215
0.383564
0.168172
-0.160018
0.156230
-0.915814
-0.338495
0.121326
0.111078
-0.340048
1.020304
0.861429
0.678598
0.451569
-0.030280
-0.253175
-0.233191
0.327764
-0.277349
0.340502
-0.558436
0.707279
-0.636331
0.234323
0.245742
-0.739766
-0.376004
0.156327
-0.331752
0.270662
0.013586
-0.164679
-0.690735
0.012164
-0.528396
-0.692505
-0.393942
-0.649117
0.191336
0.183168
-0.410225
-0.021750
0.028419
0.042101
0.246767
0.531051
0.417078
0.505947
-0.340045
0.213310
0.729328
-0.359614
-0.512822
-0.216192
0.006181
-0.340918
0.043091
0.123773
0.801153
0.942192
0.142511
0.094283
0.008315
0.630984
0.518099
0.776604
-0.542350
-1.056214
-0.228557
-0.668706
0.311148
-0.383389
-0.399873
-0.113459
-0.222221
0.006194
0.240823
0.416904
0.474301
1.131748
0.199208
0.123960
-0.608314
0.462902
-0.296291
-0.289176
-0.674461
-0.257803
-0.431620
0.297103
-0.417812
-0.849394
-0.427232
-0.572999
-0.155086
0.697305
0.241760
0.187547
-0.028048
0.144484
-0.262246
0.251064
0.334523
-0.482579
-0.410787
-0.573570
-0.128807
0.323875
0.338735
-0.309390
0.011374
0.858636
0.103910
1.138611
-0.365885
0.130247
0.254516
-1.095324
0.395667
0.180647
0.038304
-1.150156
-0.282571
0.113720
-1.304584
-0.287374
-0.461748
-0.168031
0.094548
0.169345
-0.393194
0.719903
-0.019695
-0.701963
-0.122960
0.221433
-0.265796
-0.042812
0.155988
0.272235
-0.638121
-0.056854
0.737508
0.369046
0.247646
-0.082808
0.213135
1.071443
-0.225652
0.590826
-0.677644
-0.111809
-1.083257
-0.669836
-0.186483
-0.198389
0.097587
-0.033138
-0.130010
1.144110
0.171660
0.266898
0.855763
0.907566
0.655593
0.524732
0.281144
-0.638772
-0.918725
-0.763165
0.472604
0.489505
0.325545
-0.199866
0.799025
-0.176585
0.468186
1.016979
0.407819
-0.387504
0.427473
0.563406
-0.016532
0.052324
0.945303
-0.480926
0.361811
-1.033209
-0.060489
0.233362
-0.770159
0.495007
0.039689
-0.095696
-0.144653
0.599874
-0.134556
0.162193
-0.237758
-0.143177
0.186239
0.218942
0.746461
0.006754
-0.102090
-0.399184
-0.303528
-0.254453
-0.815836
0.332356
0.494829
-0.652036
0.049812
1.193528
0.761254
-0.467857
-0.102036
-0.266924
0.194452
-0.913282
-0.907113
0.412500
0.375976
0.585040
0.264518
0.479453
0.180485
-0.351416
-0.158445
-0.624496
-0.901423
-0.432212
0.177704
0.030315
-0.432387
0.030632
0.220227
-0.078874
-0.377094
0.253496
-0.473797
-0.870648
0.598269
-0.509930
0.728417
1.196237
0.624171
-0.230498
-0.050045
0.253591
0.025213
-0.752555
-0.379786
-0.178653
0.457069
1.144411
0.852809
-0.448886
-0.123585
-0.044329
0.332319
0.765781
0.280054
-0.956397
-0.214205
0.570129
-0.116158
0.216475
-1.045487
-0.352020
0.832456
0.569398
-0.090125
0.052434
-0.413000
0.915719
0.452046
-0.376074
0.128085
-0.620639
0.744440
0.121184
-0.633880
0.123519
0.024300
1.234283
0.894058
0.136185
0.444666
0.222280
0.076437
0.100045
0.151220
-0.293736
-0.529037
0.268829
0.397316
0.935789
-0.425073
-0.198621
0.120079
-0.467122
-0.067410
0.186406
0.544789
0.180615
0.446178
0.853530
1.045588
0.359563
0.472140
0.386838
0.578246
0.050954
0.734901
0.140309
-0.990970
-0.676434
-1.024119
-0.095416
0.051647
0.232764
-0.651570
-0.333278
-0.140543
0.149208
0.689928
-0.286995
-0.850825
-0.838036
0.417798
-0.201438
0.341696
0.348564
-0.497435
0.438655
-0.136407
-0.168315
-0.270975
-0.677817
-0.246403
-0.188837
0.161704
-0.471295
-0.031523
-0.587238
-0.292753
0.491051
0.721771
-0.777484
0.473814
-0.652726
-0.089320
0.275723
-0.442547
0.304350
0.323784
0.588607
-0.068520
0.231604
-0.236875
0.538895
-0.300574
0.358683
0.050417
-0.901822
0.357168
-0.140327
-0.158872
0.731061
-0.423423
0.255169
0.075464
0.134546
0.236217
0.151229
0.151335
-0.011264
0.597998
-0.341459
-0.488381
0.503082
-0.834008
-0.822606
-0.214433
0.713917
0.431677
0.172584
-0.265472
-1.017001
-0.832179
-0.210337
-0.290942
0.334601
0.374639
0.442422
-0.001964
-0.141605
0.941016
0.102692
0.421045
0.064160
0.147874
0.108476
-0.682209
1.047834
0.290689
-0.388490
-0.033338
0.078227
-0.336035
0.121107
-0.103192
0.500986
-0.504649
-0.107595
-0.333772
-0.540350
-0.083663
0.167567
-0.658813
-0.071512
0.270319
-0.263567
-0.407660
0.748829
-0.132901
-0.227761
0.203245
0.407315
0.071402
0.636726
-0.209237
0.119299
-0.549344
0.331421
0.334821
0.318330
0.781810
0.764472
0.467778
0.864926
-1.217319
-0.596132
-0.016652
0.280163
0.019072
-0.233250
1.052097
0.518107
0.176647
0.208854
-0.714239
-0.415055
-0.063226
-0.349247
0.473341
-0.996789
0.295351
-0.062323
0.177660
-0.435672
-0.403231
-0.544735
-0.616627
-0.175069
-0.552774
-0.491975
-0.190276
0.313162
0.557720
-0.705232
-0.379489
-0.113631
-0.055853
0.520330
0.169540
0.279980
-0.614964
-0.126069
-0.021765
-0.183009
-0.596293
-0.572674
-0.027049
0.255355
0.284905
0.715647
-0.089178
0.352978
-0.063106
-0.838638
1.106860
-0.336811
-0.203354
0.578423
-0.086332
-0.456723
-0.714678
0.199822
0.524430
0.467693
0.140034
-0.142680
-0.599712
0.193349
0.568774
0.184955
-0.550619
-0.561212
-0.459814
0.325562
-0.287624
-0.029733
-0.140712
0.831494
-0.415836
-0.107030
0.593784
0.473825
-0.450337
0.163801
0.337493
0.858916
0.911691
0.376912
0.232658
0.417032
0.835814
-0.704327
-0.376811
-0.261177
0.641555
-0.341106
0.008947
0.792693
-0.675462
0.336287
-0.521236
0.313485
0.439221
-0.667945
-0.038728
-0.171092
-0.547509
-0.053444
-0.007770
0.179849
-0.437492
0.107949
0.145571
0.012220
-1.058096
-0.326189
-0.099954
-0.485210
-0.024562
0.323323
-0.650068
0.156241
-0.314749
0.009364
0.217388
-0.434641
0.076156
0.652017
-0.257434
-0.144738
0.306115
0.488219
0.222366
-0.413808
-0.292141
-0.526614
0.308006
-0.489397
-0.785774
0.611930
0.305645
0.336316
0.295639
-0.027643
0.511464
-0.221305
-0.466873
0.374398
0.309386
-0.995729
0.005000
-0.744608
0.271305
0.494398
-0.216517
-0.306351
0.474564
0.470261
0.797260
0.530550
-0.373684
-0.155853
0.214249
-0.200340
-0.553325
-0.011388
0.590949
0.131739
0.512113
-0.346811
-0.163600
0.336582
0.374654
-0.102549
-0.954742
0.844373
0.103893
-0.449199
-0.287693
-0.805152
0.492185
-0.145241
0.193471
-0.262546
-0.021451
-0.253762
0.064002
-0.613643
0.357916
0.440481
0.085127
0.510037
-0.171073
-0.061995
0.031725
0.437728
-0.455156
0.682593
-0.081932
0.795766
0.308692
0.314921
0.197027
-0.048397
0.352693
-0.126458
0.064015
-0.737682
-0.282599
-0.636582
-0.085093
-0.503606
0.057597
-0.350020
-0.467251
0.457940
0.009604
0.472696
0.355760
0.177569
-0.352366
-0.334744
0.427995
-0.116860
0.320154
0.941974
-0.356435
-0.347146
0.635319
-0.213014
-0.007476
-0.895521
0.237167
0.155311
-0.343793
-0.766652
0.740687
-0.546867
0.115410
0.076511
-0.437198
0.230130
-0.159156
0.415444
1.073847
-0.148493
0.479117
0.361719
-0.179730
0.013480
-0.407953
0.438011
0.815540
-0.276626
0.374073
0.804158
-0.084933
0.494953
-0.905559
0.050947
0.536794
-0.481007
0.295458
0.598364
0.616072
-0.111435
-0.293489
0.187104
-0.997427
-0.087000
-0.190567
-0.168347
0.608517
-0.367549
0.987929
0.188309
-0.075380
-0.287229
-0.871718
0.686597
-0.037921
0.344539
-0.125859
-0.030821
-0.177454
0.354030
-0.473209
-0.260371
-0.219914
-0.024554
-0.008701
-0.092330
0.484440
-0.798578
-0.633242
-0.437127
-0.186553
-0.120558
-0.040506
0.436427
-0.010847
-0.159905
0.519854
0.362564
0.448995
-0.056976
-0.143176
-0.285794
0.215410
-0.051324
-0.352679
-0.790176
-0.138771
-0.364003
-0.075082
0.540089
-0.280841
0.390005
-0.611606
-0.347738
-0.327782
-0.170329
0.171902
0.128359
0.188939
0.376380
0.665013
-0.475720
-0.117320
0.434563
-0.327036
-0.555556
0.425432
-0.342326
-0.166737
0.218360
0.762725
-0.088984
0.402227
-0.797910
0.396031
