-0.344363
-0.187166
0.156498
-0.810939
0.416442
-0.408255
-0.958235
0.642787
0.535692
-0.558499
0.589900
-0.220803
0.584538
0.865403
0.413358
-0.109536
-0.023752
0.587975
-0.141705
-0.728591
0.111773
0.101975
0.130265
-0.010721
-0.629085
0.539663
-0.401665
0.668199
-0.908858
-0.446389
0.989909
0.465423
0.510715
0.270517
-1.177957
0.308429
-0.162295
-0.354880
-0.398775
-0.193770
0.163906
0.667854
-0.358633
1.070900
-0.366228
-0.524491
-0.706740
-0.100908
-0.623814
-0.118978
-0.182350
-0.447087
-0.320521
0.381638
-0.390539
0.265298
0.157789
0.254431
-0.782582
-0.851937
0.741401
0.200325
-0.027415
0.049383
-0.217431
-0.281046
-1.073889
0.575649
-0.381078
-0.046415
0.084291
0.206764
-0.453265
-0.316382
-0.948742
-0.050466
0.944819
0.475505
-1.380451
0.585879
-0.151100
0.045527
0.224264
-0.819775
-0.099659
0.569873
-0.880631
-0.296376
0.616255
-0.150729
-0.381782
-1.272550
0.112886
-0.495054
0.217223
-1.180882
0.655045
-0.024002
0.166815
-0.263109
0.754777
-0.192017
0.565604
-1.040157
-0.693410
-0.960352
-0.711233
1.111294
0.121876
0.152867
0.049044
-0.396397
-0.153903
0.738623
-0.733786
-0.310028
0.234650
-1.271489
-0.124083
-0.517582
-1.325984
0.411297
0.558072
0.064953
0.225781
-0.030664
0.075978
0.547147
0.233877
-0.264480
-0.464200
0.062577
0.395290
-0.096480
0.402775
0.417906
0.020333
0.201399
-0.450890
0.513806
-0.824312
-1.586504
-0.538002
0.269284
-0.684864
-0.119264
-1.110601
0.877105
-0.039609
-0.580158
-0.247880
-0.022590
-0.177536
-0.104909
-0.486194
0.181493
-0.346340
-0.131542
0.495044
-0.361250
-0.355443
0.222008
0.207604
0.322443
0.424073
0.635035
-0.151553
-0.900188
-1.144102
0.379377
-0.377813
0.328172
-0.477568
-1.002242
0.282709
0.000060
0.142977
-0.210631
-0.582791
0.342041
-0.019734
-0.270572
-0.291524
-0.215044
-0.153343
-0.137179
-0.292415
0.875786
1.108872
0.165889
0.070716
-0.327326
0.001667
0.126444
0.038948
-0.567889
-1.597768
-0.435629
-0.086246
-0.336499
0.280257
0.582690
-1.580295
-0.716145
-0.539306
-0.643650
-0.604427
0.765657
-0.165074
0.425369
0.071482
-0.260511
-0.911156
0.060353
-0.127803
0.360778
0.227219
0.130618
-0.013557
0.497166
-0.047763
-0.834438
0.056036
0.345017
0.064595
0.372545
-0.219480
-1.036502
0.296077
-0.936417
-0.261467
0.134373
-0.279835
-0.215762
0.472175
-0.890527
0.970196
-0.370781
0.318484
0.559652
0.134898
-0.203418
-0.217355
0.457936
-0.134098
0.172359
0.637892
-0.021132
0.431883
0.089313
-0.669284
-1.398105
-0.221313
0.868599
-0.123630
0.169416
0.059054
-0.380128
-0.044886
0.501202
0.090571
0.438505
0.369339
-1.100791
-0.106560
0.266465
-0.755338
-0.469961
-0.491505
-0.645777
-0.070610
0.204497
0.434056
-0.260874
0.064276
-0.278636
-0.485372
0.129073
-0.641209
0.824836
0.022596
0.255008
-0.027105
0.159323
-0.478025
0.976607
0.142739
-0.094477
-0.042768
0.711383
-0.096980
-0.241289
0.069086
-0.137673
-0.624654
0.751371
0.306357
0.577625
0.392590
0.195147
-0.902567
0.039304
-0.395942
0.139924
-1.024265
0.650424
0.379413
0.089619
0.109882
0.661948
0.392706
0.146014
-0.558135
0.710220
-0.185529
-0.628224
-0.261265
0.211290
-0.410171
-0.649677
-0.510674
-0.164175
-0.069815
0.077119
0.640707
0.109329
0.342601
-0.734428
0.392419
0.336127
0.486579
-0.797493
0.182099
0.616598
-0.039710
-0.159697
-0.341597
-0.795691
1.167335
0.091898
0.648642
0.049555
0.025790
0.208173
0.851771
-0.490712
-0.335789
0.165266
-0.236329
-0.004923
0.286822
0.508752
-0.575073
-0.081739
-0.641151
0.484268
0.578188
-0.561343
-0.401563
-1.255642
-0.171017
0.428323
-0.036212
1.322360
-0.434665
-0.670420
-0.946406
-0.027941
0.237337
0.636111
0.415038
-0.379599
0.933837
0.473593
0.123783
0.397753
-0.015427
-0.250354
0.303405
-0.346246
-0.281193
0.274813
0.005754
0.296388
-0.072871
0.398227
0.215739
-0.071818
0.680962
-0.242065
-0.498822
0.508711
0.772912
-0.155304
0.062006
0.117464
0.717984
-0.003180
0.094833
-0.041350
-0.358351
-0.213248
-0.931286
0.094381
0.548961
0.004587
-0.524426
-0.067309
-0.421205
-0.235070
0.326199
0.286977
-0.326619
1.148906
-0.709198
-0.497534
0.207185
1.287511
0.196226
-0.080683
-0.242463
-0.250064
-0.597779
-0.039617
0.577063
0.328162
0.295735
0.184489
0.235178
0.280152
0.138658
0.090819
-0.286071
0.467094
-0.050006
-0.072088
0.451168
0.626188
-0.328479
0.998147
0.537069
-0.077912
-0.395338
-0.197300
0.543473
-0.149972
-0.270737
-0.062412
-0.874991
0.144317
-0.297184
1.300337
0.501758
-0.189802
-0.104616
0.290033
0.771069
-0.766772
1.266690
-0.184914
0.565790
-0.083224
0.447719
0.543022
-1.323110
0.095317
0.467505
-0.872022
-0.103541
0.199864
-0.643168
0.217582
0.096930
-0.266212
0.222182
0.663223
-0.178449
0.282785
0.821992
0.572740
-0.960810
-0.017171
0.119035
-0.259251
0.764601
0.770651
-0.588906
0.432424
0.055983
0.014363
-0.041369
-0.290751
0.036415
-0.146360
-0.261413
0.088016
0.229496
0.111148
0.528159
-0.297724
0.071482
1.422272
-0.246767
0.760045
0.042166
0.454014
-0.429256
-1.081711
-0.021663
-0.162078
-0.217215
0.225256
-0.223909
0.145210
1.481893
0.287357
0.792425
-1.139735
0.094446
0.048878
0.523624
-0.167310
-0.383187
0.288603
0.120557
-0.129042
0.154665
0.312164
-0.018230
0.113145
-0.200142
-0.157934
0.531941
0.008960
0.210668
0.452751
0.385572
0.532899
0.160835
0.030761
-0.800562
0.192454
0.558816
0.164239
-0.134431
0.853958
-0.271897
-0.895870
-0.338403
-0.504307
-0.630251
-1.374940
0.240247
-0.137450
-0.500931
0.336098
0.209814
0.013578
-0.845430
-1.047792
-0.714715
-0.398741
-0.381096
0.138112
-0.710932
0.224386
0.002797
0.431287
-0.129203
-0.549774
-0.215945
-0.256047
-0.434337
-0.002243
-0.291551
-1.058802
0.479416
0.363254
0.429641
-0.786589
0.232127
0.054236
-0.563261
-0.208872
0.563427
-0.439726
-0.801084
-0.284183
-0.268174
-0.103559
0.334266
-0.864121
-0.792659
0.386145
-0.369187
0.316538
-0.175898
-0.630083
-0.238316
0.234903
0.450191
-0.591684
0.152218
-0.542606
-0.142512
0.193081
-0.255431
0.385925
0.696545
0.517726
-0.072222
0.192607
0.226176
0.904744
0.338326
0.840298
-0.891842
-0.986178
-0.420284
0.352196
0.516394
0.682330
0.080443
0.298563
0.512289
-0.811673
0.153902
0.323984
-0.097559
-0.221752
-0.126255
-0.386431
0.014350
0.976529
-0.959228
0.850455
-0.773795
0.028392
-0.745462
-0.014829
0.303984
0.327127
-0.513946
0.425065
0.265773
0.767895
0.374687
0.693595
-0.642407
0.206442
0.790106
0.030673
0.341689
-0.388875
-0.869021
0.493556
-0.495850
0.013554
-0.535590
-0.380319
-0.769117
-0.057287
-0.326190
-0.322060
-0.385813
-1.007280
0.518581
0.112851
-0.111858
0.381869
0.062418
0.110313
-0.510495
0.101810
0.165046
-0.581919
0.053264
-0.339492
-0.578924
0.986399
-0.252864
-0.125554
-0.547551
1.748797
0.885475
-0.383731
-0.285774
-0.890753
0.603691
-1.227538
-0.269700
0.713195
-0.407657
-0.730690
-0.242194
0.671222
-0.243896
-0.561123
-0.885624
-0.359994
-0.196948
-0.130867
-0.198669
0.233357
0.473434
0.600213
1.009748
0.423539
0.238114
0.285283
-0.226045
0.027727
-0.319207
-1.237585
-0.257604
-0.150446
0.046036
-0.938809
0.127644
0.349445
-0.095911
-0.241970
0.606626
0.692393
0.400180
-0.026708
-0.497718
-0.337912
1.040937
0.462240
0.691043
0.851548
0.181911
-0.826514
0.243364
0.729193
0.029268
-0.047003
0.694049
-0.948930
0.484058
-1.084728
-0.469067
-0.295530
0.380456
0.717289
0.938009
-0.090839
0.181978
-0.147630
-0.260979
-0.185519
-0.129991
0.483631
0.041943
0.181326
1.341679
0.180972
-1.234063
0.439151
1.239195
0.041843
-0.561832
0.304378
-0.538699
0.074943
-0.491769
1.050218
0.237196
-0.533810
-1.626654
-0.231591
-0.324722
0.035924
0.042347
0.450022
0.382033
-0.268485
0.240093
0.447821
-0.094458
0.666889
-0.465713
0.234283
-0.313174
0.151173
0.221364
-0.873151
0.000768
-0.263637
-0.132296
0.507547
1.090595
1.029891
-0.180758
0.281310
0.205906
-1.211664
0.677153
-0.390885
0.151235
-0.179438
-0.251001
0.222947
0.111901
0.309757
-0.081156
-0.264299
-0.518452
0.086379
-0.226335
-0.334725
0.399738
0.238505
-1.124257
-0.331252
0.195959
-0.767102
0.386150
-0.147533
-0.437987
0.956984
-0.417959
1.049144
-0.558302
0.144634
0.602874
0.201660
-0.293020
-0.697229
-0.045823
-0.034910
-0.058227
0.079823
-0.759144
0.175944
0.861542
0.155054
0.732873
-0.366343
-0.067878
-0.524991
-0.219140
-0.144302
-0.679082
0.306815
0.689479
-0.327425
0.076107
-0.102339
0.300239
-0.752226
-0.496607
0.277542
-0.063791
-0.092620
-0.030710
-0.195851
0.048848
0.065434
-0.055986
0.126126
0.527641
-0.437973
0.282390
-0.188526
-0.521219
-1.108541
0.941883
0.230127
-0.995714
-0.514423
-0.357242
-0.244381
-0.385080
0.165440
-0.231845
0.536385
-0.035677
0.190032
-0.093245
0.512440
0.414180
0.662679
-0.223104
-1.313629
0.326520
-0.823226
0.428083
-0.125574
-0.142698
-0.051950
-0.138813
0.042808
0.196422
0.762994
-0.034676
0.098325
0.010249
0.271254
0.148165
-0.582353
-0.055020
0.797320
-0.162422
-0.296270
-1.079572
0.654332
0.549710
0.153339
0.025933
1.757826
1.266059
-0.149579
0.438936
-0.128383
-0.039808
-0.135647
-0.793737
-0.973305
0.082212
-0.336722
-0.031855
-0.330808
0.268502
0.878958
0.108739
-0.199515
-0.014664
0.143950
0.145719
-0.275059
0.045499
0.466472
-0.203841
0.638033
0.016325
0.151444
-0.123768
0.697310
0.259718
0.502754
0.544769
-0.678444
-0.516440
0.411098
0.205675
0.735575
0.652911
-0.102536
0.180440
-0.407130
0.345984
-0.722457
-0.520926
-0.656294
0.379636
-0.415360
-0.553788
-0.960123
-0.375610
-0.078246
0.639980
-0.247408
-0.054406
-0.165342
0.196351
-1.108229
-0.600811
-0.339251
0.468882
-0.159184
0.432416
0.273764
0.104925
-0.370044
0.136032
-1.476283
0.381866
-0.271018
0.763996
-0.448171
-0.216445
-0.254311
0.274195
-0.627556
-0.461083
-0.231812
-0.035175
0.126238
-0.274722
0.508491
0.183970
0.732546
0.794312
0.138735
0.304217
0.058022
-0.270999
0.423650
-0.075233
0.117951
-0.262031
0.145333
0.062105
0.687478
0.148707
0.533307
-0.425336
-0.133196
0.001294
1.031426
-0.109910
0.866116
0.149406
0.451487
-0.298518
0.192455
0.935716
-0.252494
0.251405
-0.116667
-0.835477
-0.075896
-0.084323
-0.181394
-0.362649
-0.858065
0.276145
-1.014293
0.575039
-0.379721
0.155129
0.216809
0.394511
0.083478
0.147604
-0.093589
-0.444642
-0.572724
-0.512025
0.166692
0.487561
0.189374
-0.009394
0.215079
0.223180
-0.720304
-0.429543
-0.584318
0.557283
0.171035
0.859475
0.169545
-0.465528
0.087383
0.174396
-0.776818
0.344050
-0.022621
0.576826
-0.145706
-0.247541
-0.266768
-0.211407
-0.102107
-0.069930
0.408993
0.428150
0.045565
-0.711108
0.585299
-1.256943
-0.410222
0.347569
-0.492566
0.115661
0.383211
0.428007
0.514041
-0.955280
-0.110255
-0.287252
0.039463
-0.258422
-0.416450
0.391060
0.011746
-0.583886
-0.605093
0.869271
-0.642764
0.047215
0.018072
-0.166191
0.584517
-0.818987
-1.194807
0.306302
0.096145
1.145859
0.895323
0.941501
0.911583
0.116865
-0.052152
0.387412
0.240432
0.169188
0.031915
-0.705072
-0.289224
0.104154
-0.442214
-0.749995
0.138339
0.496508
1.470476
-0.593980
0.344152
-0.295651
1.196176
0.562789
-0.309303
-0.151026
0.062050
-0.519479
0.146969
-0.563551
-0.117672
0.443121
-0.517396
-0.283415
-0.140567
0.431176
0.734667
0.076694
-0.003875
-0.937158
0.014724
-0.195145
-0.303923
0.372060
0.601077
-0.320084
0.500286
-0.560071
0.717732
-0.199087
0.118424
0.631460
0.155302
0.568315
-0.213887
0.265731
-0.687605
-0.428953
0.475717
-0.222848
0.694989
-0.008012
0.233231
0.346091
-0.211024
0.784794
0.736576
-0.163693
0.442358
-0.234840
-1.162884
-0.926405
0.437705
-0.633704
0.250855
-0.186199
-0.809226
-0.306032
-0.084332
-0.558707
0.014199
-0.233309
-0.325793
-0.270147
0.603047
-1.023176
0.186870
-0.304308
0.616581
0.164070
-0.350850
0.113534
-0.418873
-0.023938
1.442441
-0.384280
1.399401
0.596761
0.358078
0.965294
0.671659
0.016571
0.458621
-0.131776
0.168393
-0.127939
0.585455
1.319751
-0.119566
-0.118048
-0.311860
0.156191
0.073153
0.010501
-0.540462
-0.973696
-0.112461
-0.584575
-0.650126
-0.081960
-1.337070
-0.779743
0.432498
-0.882181
-0.945077
-0.821619
-1.017626
-1.619962
-1.509512
-0.783814
-0.229767
-0.125375
-0.619838
0.093959
-0.817380
0.601999
1.010321
0.369583
0.682516
-0.024403
0.307007
2.281027
1.384670
1.179855
0.664046
0.876568
0.922973
0.896139
0.997706
2.283366
0.843847
1.627723
1.451590
0.205399
0.709552
0.142264
0.717380
1.146228
0.907259
0.493983
-0.929188
0.619858
-0.276024
0.150981
-0.162359
-0.716787
-1.077788
-1.303309
-0.090496
0.045653
-1.104326
-0.942082
-0.892367
-0.208739
-0.192660
-0.430445
-0.261116
-0.538366
0.037778
0.315462
-0.059584
-0.143760
0.913624
-0.143371
0.674259
-0.076315
0.320002
-0.202148
0.533495
0.202046
-0.393444
0.194110
0.107300
0.264679
0.954268
-0.861700
-0.024522
-0.708298
0.933051
0.413946
-0.966218
0.272077
0.179834
-0.838271
0.323266
-0.186323
-0.940497
-0.514578
-0.557520
-0.350675
-0.520360
-0.405579
-0.252075
-0.142852
0.011328
-0.299036
1.172414
-0.137571
-0.861143
-0.285291
0.670453
0.433488
-0.227756
-1.104466
0.254448
0.212114
-0.763226
-0.284031
0.237325
0.336655
-0.053640
0.600769
-0.450652
0.313941
0.445474
0.294192
-0.575880
-0.756383
-0.316033
0.520026
0.325374
0.932414
-0.158677
-1.000086
-0.382904
0.324449
-1.279933
-0.537128
-0.535621
0.560218
-0.139876
0.144926
-1.023752
0.583046
-0.055331
0.004023
-0.330663
0.131246
-0.573021
0.463899
0.892132
0.677808
-0.076682
0.354901
0.181739
-0.082240
0.443938
-0.969571
-0.062749
0.509919
0.134234
0.380147
0.137605
0.226010
0.104054
1.112034
0.601573
0.537844
0.552775
-0.660066
-0.056671
-0.073537
-0.369258
0.198828
-0.469559
1.033710
-0.962083
-0.059845
0.941237
0.047091
-0.304899
0.317626
-0.016144
0.529186
0.187113
-0.003142
0.779957
0.005702
0.057758
-0.402499
-0.196950
0.933300
0.093742
-0.516308
0.198168
0.853971
-0.450601
0.062694
0.493553
0.298322
-0.277755
0.875340
-0.376693
-1.080030
-1.199942
0.138307
0.480018
0.689220
0.277329
-1.169465
0.067278
-0.642487
0.163588
0.625022
0.503114
-0.156927
-0.617176
0.120415
-0.101391
-0.215562
-0.398016
0.840610
0.965805
1.072946
0.722048
0.430484
0.889537
0.153607
-0.284919
0.882404
-1.211556
-0.091519
-0.417683
0.361628
-0.342189
0.178440
-0.959135
0.583683
0.873755
0.211341
-0.246403
-0.683594
-0.783079
-0.031409
-0.174139
-0.026517
0.198803
-0.634128
0.028121
-0.174317
-0.792857
0.413980
-0.285421
-0.051507
0.286880
-0.169201
-0.225577
-0.029872
-0.468892
-0.301401
0.434873
0.463006
0.363753
-0.172396
-0.156642
0.037944
-0.464623
0.697773
0.144981
0.071249
-0.199042
0.091447
0.464235
0.589033
0.448650
0.059142
-1.056613
0.271628
-0.512531
-0.408320
0.355871
0.023390
-0.452616
0.374424
-0.430613
-0.260910
-0.908140
1.053603
0.147050
0.440584
1.076115
-0.848857
0.679237
0.339016
0.851409
0.932774
0.710951
0.443051
-0.235458
-1.282657
-1.358931
-0.311550
-0.350726
-0.675199
-0.827627
0.538606
-0.087793
0.580627
0.027486
-0.032774
-0.429432
-0.670851
-0.300674
-0.024674
0.162732
0.430703
-0.646204
0.328898
0.183880
-0.540158
-0.231858
-0.310872
-0.541358
1.066200
-0.025564
-0.197874
0.375960
-0.275231
0.417155
0.224136
-0.232623
-0.227102
-0.092454
0.489076
0.739105
-0.454162
0.281847
-0.443852
0.566299
0.171818
-0.749179
-0.567413
-0.051338
-0.334023
-0.596278
0.672277
0.210778
0.321792
0.335476
0.503938
0.356656
-0.120580
-0.312229
0.178755
-0.100409
-0.024387
-0.390139
0.718451
0.688116
-0.056350
-0.107847
0.555353
-0.045249
-0.090599
-0.694386
0.006927
0.689236
-0.121330
0.508290
0.459887
0.003311
0.283861
0.200014
-0.707144
-0.923711
-0.856696
-0.743832
0.380365
-0.008327
-0.734932
-0.562225
0.197660
0.621982
0.711824
-0.773939
0.356778
-0.607992
0.335493
0.390612
0.694774
-0.646854
0.680139
0.059294
-0.065004
-0.242445
0.044163
0.207501
0.261863
-0.769575
0.368178
-0.347414
0.085147
0.296313
0.742593
0.792716
0.313827
0.462948
-0.120866
-1.322901
-0.478419
-0.383073
-0.216681
0.306788
-0.156208
0.385779
0.393077
0.104853
-0.095836
0.426534
0.601523
1.678236
0.154594
-0.653082
0.071689
-0.779172
-0.603468
0.636944
0.165647
0.590038
-0.245067
-0.209239
0.045714
-0.375286
-1.090674
-0.040248
-0.729218
-0.191907
0.107570
-0.209422
0.115089
0.213921
0.166098
-0.188635
0.433253
0.053585
0.117982
-0.337089
1.250335
-0.243803
0.226512
0.253365
0.342441
-0.570746
0.518670
0.174856
0.004880
-0.052078
0.666796
0.977517
0.298599
-0.618968
0.611757
-0.200653
0.364017
0.143690
-0.055279
-0.606732
0.476642
0.506285
0.113616
-0.462241
0.674552
-0.147118
0.760546
-0.162658
0.634363
0.286877
0.316753
-0.310066
-0.726479
-0.133875
0.793201
-0.481212
-0.274675
0.068516
0.636979
0.109089
-0.034778
0.583880
0.253507
-1.160261
0.199997
0.373635
-0.124389
0.419933
-0.218181
-0.465830
0.663938
0.232099
0.517190
1.355819
-0.086885
-0.271087
0.074698
-0.455995
-0.683116
0.531106
-0.957936
-0.521799
-0.144821
-0.398701
-0.301402
0.519916
-0.219006
-0.347428
-0.094994
-0.662537
0.173463
-0.716771
-0.254904
0.519661
-0.617127
0.032496
-0.074420
0.037901
-0.361390
-0.533773
0.166071
0.717124
0.557704
0.784804
0.112552
0.293054
0.814873
0.359195
0.576508
0.111755
-0.022268
-0.939776
-0.338801
-0.400560
-0.042161
-0.728602
1.009952
-0.183135
-0.735081
-0.570404
0.403526
-0.654366
0.117381
0.127773
0.228933
0.302654
0.582449
-0.380868
-0.063869
0.461905
-0.466826
1.034906
0.092577
0.308605
-0.985099
-0.974141
0.214289
0.068010
-0.606935
-0.523595
-0.493634
0.437218
-0.025077
0.017361
0.293941
-0.426535
0.215346
-0.716552
0.149566
-1.842491
0.216410
0.385662
0.329253
0.767629
0.692467
0.030835
0.555379
-1.099197
-0.064898
-0.350021
0.463140
0.121037
0.304720
-1.128187
-0.778146
0.264996
-0.206020
0.328315
0.807831
0.572672
-0.663071
-1.149775
0.188369
0.259951
-0.736421
0.293462
0.078689
0.256697
-0.807864
-0.077485
-0.818334
-0.049080
0.152084
0.835319
0.187963
0.550480
0.319652
-0.464316
0.104579
-0.236921
-1.098946
0.342749
-0.043636
0.114958
-0.450897
-0.615604
0.539451
-0.359795
-0.023214
-0.537122
0.300848
0.217082
-1.034022
-0.024153
-0.383986
0.047724
0.230452
-0.927694
-0.130229
0.439821
0.485210
0.225835
-0.379239
0.761037
0.014563
-1.021759
0.335724
-0.592034
0.057023
-0.220918
0.641103
0.916397
-0.127538
-0.755168
0.445684
-1.068432
0.134329
-1.128834
0.093832
-0.237157
0.988112
-0.735024
-0.465719
0.106213
-0.974535
0.462970
-0.433938
0.315933
-0.147751
0.259638
-0.352182
-1.033532
0.275978
0.666243
-0.461407
-0.060129
-0.198572
-0.161985
-0.628670
-0.444386
0.699190
-1.097239
-0.588305
0.194855
-0.051955
-0.525661
-0.114112
-0.221237
-0.559680
0.332234
0.519047
0.057681
-0.449933
0.389864
0.936967
1.049412
-0.856662
0.167949
0.127697
-0.120613
-0.635461
0.001944
-0.562918
0.724912
0.785333
0.341025
0.216177
-0.437195
0.505250
-0.827062
-0.506634
0.735168
-0.131959
0.594892
0.389153
-0.421916
-0.664498
0.111780
-0.675230
-0.652724
-0.342698
0.184603
-0.517204
0.348797
0.383388
-0.208376
0.772637
0.131574
1.034921
0.220166
-0.722745
-0.817156
0.207647
0.753418
0.094882
-0.519786
0.486197
-0.107067
0.564237
0.034423
0.408248
-0.582289
0.222079
-0.257337
0.101256
-0.664893
-0.813038
-0.738051
0.147378
0.387709
-0.728572
0.241799
0.446692
-0.555070
-0.202266
-0.974695
-0.135030
0.361800
-0.099244
-0.531368
-0.399458
0.106797
0.234434
-0.269774
-0.221421
-0.037604
0.424339
0.253962
-0.279717
0.401063
0.454233
-0.436847
0.611966
0.254259
-0.005604
-0.378401
-0.007550
0.485641
-0.580928
0.395422
0.083355
1.330891
-0.031969
-0.065227
-0.588960
-0.267583
-0.237613
-0.803893
-0.061789
-0.880648
0.781534
-0.544669
0.041118
-0.266346
0.732644
-0.029180
0.349539
0.800102
-0.550542
0.477740
1.083051
0.714972
-0.204037
0.281334
-0.577229
0.641942
0.533531
-0.391574
0.978507
0.789891
0.158504
-0.037060
0.142613
-0.055004
0.053210
-0.789790
-1.266676
0.297334
0.694305
0.392605
0.070830
0.488697
-0.521881
-0.853287
-0.866296
0.522725
-0.299797
0.316800
0.210109
-1.297648
0.143251
0.169379
-0.188871
-0.832379
0.277149
-0.717145
0.322902
1.869183
0.783895
0.116243
0.616396
-0.728303
0.720355
0.979514
-0.543661
0.035070
-0.095525
-0.530735
-0.476876
0.023231
-0.440901
-0.175354
0.112287
-0.679722
-0.004024
0.686044
0.047509
0.121151
-0.620029
-0.137401
0.288056
0.135000
-0.119306
-0.263500
0.088594
-0.080337
0.885420
0.409297
1.069314
-0.084932
0.088158
0.101895
0.707825
-0.720092
0.467512
0.152691
0.193631
-0.160978
0.278919
-0.325216
-0.112920
-0.392880
0.409447
-0.265173
-1.315328
-0.137962
-0.119074
0.490789
0.647960
-0.859100
0.250696
-0.802569
0.040692
-0.167947
0.572820
-0.244905
-0.914626
0.064510
-0.398187
0.012737
-0.672095
0.319576
-0.751987
-1.498545
-0.392282
0.249477
-0.221573
-0.303034
0.101025
-0.951276
0.247644
-0.176661
0.072304
0.607684
0.992813
0.142812
-0.097387
0.494026
-0.233146
0.063042
0.841181
-0.721992
-0.099618
-0.738473
0.408505
-0.091964
1.134178
0.780612
-0.262366
0.272229
0.262379
0.109544
-0.338470
0.107222
0.693760
0.005613
-0.162599
-0.529001
-0.395332
-0.004995
-0.341238
-0.737159
0.466383
0.005612
-0.432680
-0.101777
-0.846075
0.268492
0.420373
0.703762
-0.173801
0.147953
0.394608
0.487361
0.422518
0.273549
-0.294578
0.716841
0.112615
-0.045582
-0.304998
-0.128358
0.502864
0.335025
-0.665148
0.239442
0.419304
-0.444979
-0.072883
-0.519501
0.247298
0.490125
-0.892410
0.300072
0.164044
1.128090
0.874276
0.283429
-0.125203
0.139347
-0.181324
0.631241
-0.233896
-0.596908
-0.341481
0.368628
0.766352
-0.596195
-0.849349
-0.164588
0.403597
0.137226
-0.388885
0.005457
-0.128086
0.218608
-1.272295
0.265720
-0.207258
0.457637
-0.312724
0.158783
-0.361165
0.679829
0.008486
-0.214697
-0.323698
-0.027351
-0.114418
0.683836
-0.207838
-0.828304
0.522941
0.003285
0.408971
-0.313058
0.151517
-0.568049
0.920456
0.215658
0.479383
0.614166
0.261788
0.398816
-0.573217
-0.288329
0.254421
0.794060
0.376812
0.611547
0.363549
-0.054457
-0.427366
0.323129
-0.199351
0.713359
0.934549
-0.581695
-0.823848
-0.472579
-0.766218
0.648424
-0.156181
-1.118748
0.657587
0.098071
-0.490296
-0.534427
-0.028885
0.302883
-0.103641
0.609834
0.400030
-0.702260
-0.130729
0.565993
0.799079
-0.148263
0.268168
-0.095177
-0.120676
0.108182
0.342489
1.324742
0.218029
0.002138
-0.172722
0.000036
-0.146242
-0.459356
-0.224551
0.018142
0.288049
-0.282314
0.036043
1.042268
-0.583644
-0.353901
-0.428571
0.344733
-0.712184
-0.225937
0.287161
-0.209126
-0.185182
0.932555
-0.372034
-0.077361
0.967396
-1.333291
-0.053235
-0.328128
-0.075585
0.594457
-0.208460
-0.595624
-1.504219
0.052182
-0.609134
-0.332077
0.722004
0.526602
-0.797120
0.045378
-0.113933
-0.233588
-0.442740
0.686657
0.468885
0.348104
0.707758
0.428199
0.812320
-0.283901
-0.383890
-0.521861
-0.334316
-0.903305
0.626874
0.275762
-0.175188
0.258123
0.073765
-1.094798
-0.632817
-0.408247
-0.577620
-0.078621
-0.273461
-1.000705
-0.103368
0.104989
-0.228871
-0.227394
-0.819093
0.836532
0.350140
1.065841
0.351471
-0.044950
-0.294395
2.187993
0.754347
-0.520135
0.010844
-1.186293
-0.445337
-0.092287
0.138115
0.415782
0.143036
-0.290695
-0.279005
-0.125946
0.099370
0.223389
-0.306382
-0.364496
0.171565
0.027443
-0.223543
0.138211
-0.237880
0.691537
0.008728
0.559042
-0.363757
-0.210849
0.083093
-0.872324
-0.874522
0.061679
0.855215
-0.019574
-0.520864
-0.390510
-0.579086
0.373376
-0.335805
0.294556
0.048195
-0.014916
0.067952
-0.279507
0.367955
-0.653185
0.075694
0.865733
-1.325129
-0.054107
0.548400
-0.554654
-0.091495
-0.687284
0.750768
-0.764344
0.111227
0.477838
0.667161
-0.595164
-0.229018
-0.767870
0.204524
-0.598566
0.560227
0.308253
0.125903
-0.340800
-0.710417
1.330408
0.374975
1.485049
0.277536
0.092794
0.861557
-0.025360
0.614488
-0.479480
-0.449535
-0.719569
-0.653175
1.102987
0.147521
0.138471
0.538541
0.863752
0.566459
0.739242
0.020452
0.200923
0.842223
0.480506
-0.001302
-0.889783
-0.541504
-0.183668
-1.108644
-0.209923
-0.689413
-0.369999
-0.802386
-0.167286
0.352006
-0.210777
-0.213289
-0.472144
-0.049527
-0.106067
0.443664
0.233203
0.305738
-0.818445
-0.215365
-0.209838
-0.614486
0.728099
0.639492
0.412316
0.415921
-0.445769
0.284937
-0.008017
-0.193821
-0.161290
-0.113121
-0.213279
0.342828
-0.279544
0.140171
-0.094884
0.102889
-0.930168
0.167950
-0.170531
0.753330
-0.101947
0.007853
-0.155129
0.226990
0.032903
0.126793
0.100081
-0.447707
-0.115151
0.321762
0.199784
-0.450002
-0.017220
-0.577501
0.245327
0.348747
0.190638
0.025988
-0.315458
-0.151488
-0.287183
-0.509988
-1.159513
-0.223521
-0.909954
-0.293510
-0.229732
0.638757
-0.018812
-0.754160
-0.284246
0.819612
-0.252145
0.631423
0.199576
0.652071
-0.821433
0.336088
0.546288
0.077525
-0.286301
-0.087058
-0.647615
-0.007260
-0.277032
-0.370402
-0.213507
-0.367767
0.208774
-0.242875
0.396271
0.448046
0.123362
0.446869
-0.515078
0.650832
-0.311886
-0.644221
0.506375
-0.364191
-0.289781
-0.269832
-0.580168
0.680361
-0.049487
-0.141046
-1.173473
1.233039
-0.170516
-0.050374
0.213845
0.188532
0.144757
0.122730
-0.265070
0.305638
0.322398
-0.184291
0.811303
0.011488
0.283625
0.354375
-0.046182
0.814137
-0.610107
-0.235475
-0.338294
-0.575463
-0.182926
0.111736
-0.032588
0.009202
0.362483
-0.835304
-0.472125
-0.283212
0.189642
-0.834915
0.174991
0.560132
-0.453633
-1.127779
-0.286659
-0.865299
-0.307360
0.155624
-0.068109
0.081290
0.221265
-0.637468
0.451008
0.697751
-0.169214
-0.014231
-0.164343
-0.027935
0.239873
0.083542
-0.320289
0.888726
-0.461017
-0.550131
-0.439129
-0.117212
-0.036725
-0.030438
0.474263
-0.265868
-0.424662
0.493682
0.016092
0.768668
0.041481
-0.373748
0.961897
0.038029
-0.395068
-0.135122
-1.329749
-0.117934
-0.692208
0.331611
-0.910755
0.257717
0.086771
-0.093592
0.602746
-0.289832
-0.984804
0.466345
-0.219648
0.071439
0.607980
-0.048645
0.302667
0.193066
-0.725959
-0.881855
0.314746
-0.732700
-0.070340
0.099451
0.146621
0.085347
0.404074
0.480719
0.179896
0.340627
0.262216
0.294212
-0.168217
-0.736657
0.389705
0.569952
0.407262
0.678509
-0.192764
0.925204
0.061446
0.104814
-0.846546
-0.104871
-0.338564
-0.265208
0.216185
0.365435
0.428643
0.001329
-0.003055
-0.908490
-1.384717
0.203179
0.159829
-0.443963
-0.103016
0.249445
0.800462
-0.420482
-0.379643
0.079560
0.457640
-0.945123
-0.217571
-0.128551
0.773647
0.302592
-0.599828
0.092404
1.085678
-0.436442
1.177852
0.284675
0.171897
-0.092325
0.308471
0.687575
0.327456
1.220201
0.196655
-0.385836
-0.145538
-1.468618
-0.694997
0.427745
-0.804321
-0.077948
0.865006
0.514786
-0.345163
0.654076
0.083615
0.322054
0.733406
0.381263
-0.037681
0.387828
-0.294192
-0.001588
-1.057875
-0.356073
0.033371
0.011956
-0.867505
-0.357135
0.078495
-0.517366
-0.135483
0.259180
0.189305
0.098199
0.827114
-0.044864
-0.810378
-0.114883
-0.206544
0.435804
0.083124
-0.225268
0.956361
-0.653161
0.087044
1.041574
0.465278
0.171457
0.586289
0.186912
-0.323458
-0.031757
-0.320526
1.136827
-0.546900
-0.826996
0.548841
-0.130074
-0.047963
-0.080530
-0.324947
0.432034
-0.204113
0.392509
-0.039954
0.393488
0.299311
0.668665
-0.058624
-0.910292
0.282050
-0.100638
0.379639
-0.123608
-0.219781
-0.208711
1.062509
-0.711446
0.101311
0.768239
0.299931
-0.587754
0.368869
0.394278
0.127093
-0.283701
-1.002368
0.474742
0.063097
-0.170391
-0.456629
-0.245439
-0.407309
-0.042902
0.030641
-0.244573
0.493262
0.950162
0.055301
-0.112619
0.411485
0.173169
-0.093804
-0.041162
0.971773
-0.060531
0.373860
-0.700495
-0.043170
0.592744
0.875966
0.193891
0.851390
0.595853
-0.521493
0.124447
-0.580028
0.056296
-0.164404
0.198569
0.203396
0.900233
0.113873
-1.202624
0.284531
-0.157432
-0.645432
-0.118100
0.766934
-0.055110
0.338186
-0.808023
0.467354
1.142462
-1.314953
-0.829847
0.008829
0.649860
0.130152
0.248493
-0.587899
0.154333
-0.384148
0.096720
0.214251
0.209470
-0.485119
0.773263
0.082634
-0.348561
-0.627079
-0.349869
0.252189
0.227594
-0.033929
0.556770
-0.213726
0.567733
-0.178359
-0.142253
0.393840
0.159023
0.413034
-0.361132
-0.429052
0.357264
-0.215915
0.073363
0.092163
-0.106487
-0.680120
-0.922407
0.269832
0.455617
-0.737543
0.166612
0.014597
-0.362547
-0.596380
-0.225536
0.796107
-0.599530
-0.054165
0.583327
-0.277060
-0.127403
1.154731
0.187696
-0.756341
-0.427858
0.660664
-1.202269
-0.143779
-0.117812
-0.605438
0.522391
0.885781
0.883248
0.115221
-0.265501
-0.503078
0.693550
0.744316
-0.060859
-0.788304
-0.920709
0.389230
0.046029
1.205631
-0.458850
0.323050
0.520988
0.627995
-0.145180
-0.305670
-0.743123
0.501854
0.011566
-0.220382
0.192798
0.311258
-0.724161
0.541398
-0.345180
-0.513305
0.370774
-0.526263
0.115590
-0.440109
-0.742713
-0.140539
0.369063
0.738898
0.786910
-0.646123
0.603696
0.612414
-0.502799
0.057242
0.371867
-0.032270
0.314856
-0.317264
0.494678
0.137271
-0.244775
0.314994
0.670396
0.874025
0.059951
-0.190951
0.553882
-0.383162
-0.196311
-0.178670
0.510359
0.731381
-0.206231
0.027229
-0.737065
0.859884
-0.403659
0.681915
-0.104540
-0.240985
0.506214
0.124424
0.483198
-0.179684
0.151540
0.052739
-0.584730
-0.313078
0.616049
-0.160195
-0.756151
0.083838
-0.441014
0.805857
0.245240
-0.262915
0.321914
0.213477
0.247640
-0.057040
-0.353239
-0.629792
0.957140
0.133465
0.526194
0.088752
-0.123346
0.547326
0.436168
0.720131
0.234559
-0.838579
0.197160
0.302151
0.939232
0.039973
0.914938
-0.213117
0.518536
0.062352
-0.604311
0.306931
0.443525
0.003669
-0.521716
0.226845
0.178872
-0.082439
-0.136428
0.880064
-0.621588
-0.708381
0.547237
0.505529
0.636475
1.071848
0.599782
-0.673303
0.175862
0.438932
-0.294778
-0.032846
0.945913
1.131119
0.356299
0.011059
1.381887
0.210630
0.276115
-0.475549
1.028060
0.345966
-0.289472
-0.490192
-0.248360
0.673028
0.601844
-0.148463
-0.201003
1.045862
0.661779
-0.130653
0.698053
-0.377615
0.303780
-0.441579
-0.590780
1.115346
0.579645
0.489371
-0.899128
0.530090
-0.818501
-0.655567
0.200662
0.493698
0.136588
-0.230150
0.883333
0.102760
-0.586699
0.407405
0.627264
-0.431202
0.054206
0.551975
-0.479271
0.524164
-0.396992
0.183079
0.513569
-0.380383
0.551030
-0.165229
0.596198
0.615072
0.308493
0.357794
0.439576
0.045229
0.155329
0.856747
0.309720
0.116019
-0.510944
0.618566
-0.046221
0.447576
-0.270033
-0.004656
-0.350955
0.092658
0.178738
-0.273145
-0.045673
0.838256
0.691604
0.201352
0.004527
0.575790
-0.211114
-0.778281
0.411933
-0.371088
0.030428
-0.411734
-0.016667
-0.923810
-0.559127
-0.741828
-0.453180
-0.044196
-0.324588
1.033170
0.148108
-0.066272
0.057433
0.463038
0.250562
0.161970
0.026248
0.837074
1.214900
-0.403569
-0.036430
-0.193645
0.097772
-0.306275
0.204143
0.667855
0.197956
-0.520828
-0.846011
0.082185
-0.523211
-0.051704
-0.087236
-0.620600
0.820021
0.038435
-0.492264
1.019921
-0.659601
0.498106
0.426910
-0.264861
-0.136415
0.266256
0.126982
-0.166172
0.206537
0.354941
0.219883
-0.499427
-0.115279
-0.448773
0.452275
-0.617259
-0.834020
0.241065
0.381813
0.167095
-0.024540
0.535493
-0.321769
-0.285559
0.056738
-0.043421
0.000170
0.527573
0.060530
0.642605
0.070846
-0.274312
-0.271261
-0.310811
-0.047446
0.023324
0.068149
-0.172410
0.377870
-0.623905
0.143791
-0.985208
-0.129705
0.519300
1.193728
0.126282
0.171882
-0.529275
-0.857805
0.665139
-0.422335
0.492300
-1.250565
-0.017845
-0.214112
-0.669039
-0.637506
-0.124847
0.256455
0.729615
1.207858
-1.543072
0.651713
0.260958
-0.298967
0.754331
-1.155316
-0.406630
0.219236
-0.565876
0.333116
0.273121
0.662134
0.559396
-0.835919
-0.315150
-0.897205
0.244831
-0.327919
-0.245418
-0.043878
0.558162
-0.033254
-0.475341
-0.317918
-0.601497
-0.091088
0.272608
-0.720176
-0.128789
-0.213313
-0.107131
-0.444640
-0.228885
-0.165857
-0.601755
-0.766256
0.551769
0.431540
0.113910
-0.377499
0.386775
0.230863
1.155916
0.063572
-0.626118
0.346549
-0.053876
-0.701602
0.018529
-0.015271
0.535516
-0.284430
0.268337
0.213139
-0.751274
-1.254021
0.336886
-0.635974
0.676975
0.205717
0.250732
0.231906
-0.218943
-0.131993
-0.587292
-0.869718
0.535263
-0.056390
-0.824511
0.015331
0.212252
0.980656
0.558312
-0.012155
-0.055722
0.599117
0.267149
0.672612
0.693617
-0.365768
0.062776
-0.215311
0.023765
0.221863
-0.476956
-0.434671
0.064452
-0.110231
-0.349686
-0.515486
-0.559707
-0.577715
-1.211601
0.316077
-0.845908
-0.936751
0.971829
0.191309
-0.119520
0.330256
-0.618679
0.233588
-0.077022
-0.714187
0.783738
0.139152
0.254578
-0.919417
0.209160
1.005964
0.947444
-0.089509
0.197310
-0.848202
0.102904
0.655951
-0.279441
0.801131
0.233753
-0.669652
-0.336979
0.393337
-0.103174
-1.030033
-0.567239
0.462567
-0.121617
-0.530348
0.696624
0.289231
-0.818394
0.664062
0.877418
0.076294
-0.061412
-0.112985
0.232307
-0.094323
-0.255346
-0.137471
-0.191145
0.222811
0.298593
-0.018772
0.609950
-0.533485
-0.902300
0.133137
-0.013783
-0.013999
0.836863
0.586341
-0.162439
0.247772
-0.563477
-0.501321
0.280412
-0.276693
0.468923
-0.481871
0.267686
-0.270476
-0.731335
-0.467697
-0.224774
-0.490767
0.653622
0.488480
-0.403108
-0.026070
-0.703468
-0.330737
0.263844
-0.202100
-0.142947
-0.851750
0.608541
0.673904
0.097199
0.753012
-1.153979
0.735840
0.799479
-0.177922
0.089659
0.114213
-0.401309
0.102896
-0.759181
-0.330840
0.468168
-0.405470
-0.064929
-0.245266
-0.124447
-1.004591
-0.497789
-1.183445
0.421817
-0.763690
0.542067
0.477704
0.679232
-0.679113
-0.473148
0.555053
-0.123971
-0.860198
0.632395
0.110736
0.137463
-0.009435
-0.570379
-0.432502
-0.116704
1.055952
-0.235090
0.754814
0.801461
0.139296
-0.402964
0.145037
-0.466982
-0.553238
0.141227
0.416078
-0.131978
-1.044208
-0.931025
1.214473
-0.442471
0.138268
0.725045
0.045944
0.844703
0.817127
0.757740
0.557731
0.414030
0.236032
-0.023881
0.069156
0.304810
-0.689424
-0.260172
-0.150120
0.348954
-0.692875
-0.195778
0.396364
0.134728
0.859736
-0.180754
-0.912020
-0.198679
-0.007464
0.424776
-0.775344
-0.583063
0.096454
-0.484062
-0.353731
0.012777
0.675432
-0.604159
-0.791533
0.831899
-0.805203
0.280658
-0.313198
-1.140127
-0.168083
0.311014
-0.343950
-0.886563
0.227871
0.599103
-0.557904
0.148016
0.463477
-0.544387
0.493088
-0.010164
0.401256
0.408527
-0.564823
-0.271951
0.681014
-0.333393
-0.392591
-0.302090
0.327413
0.685746
-0.026444
-0.644676
0.001997
0.599048
0.051202
-0.201266
-0.386216
-0.835472
0.650637
-0.309663
0.193662
-0.127123
0.908934
0.962811
0.690970
-0.340841
-0.134076
0.875446
0.414580
0.471138
0.169110
0.626530
-1.431829
-0.876033
-0.332330
-0.441920
-0.032373
0.517635
-0.207227
0.025694
0.475778
0.175291
-0.236436
-0.194580
-0.213591
-0.064229
-0.075961
-0.708084
-0.193079
0.149212
0.887583
0.128130
-0.245160
-0.472916
0.471385
-1.073293
-0.089330
0.190379
-1.321275
0.256378
0.373127
0.180531
0.460577
-0.063660
-0.482790
-0.103526
0.273890
-0.602265
-0.004942
-0.043359
-1.370341
-0.104138
-0.317774
0.357730
0.116758
0.079906
0.609388
0.908252
0.439694
0.024403
0.401113
1.167406
1.040033
-0.400136
0.012080
-0.000451
0.813905
0.364612
1.191213
-0.418430
0.478818
-0.079833
-0.341584
0.285847
-0.015575
0.182073
-0.573220
-0.333154
0.199540
-1.030732
0.287772
0.245313
-0.155531
-0.676513
0.484559
-0.418240
-0.418109
0.689940
-0.443753
-0.466506
-0.450978
0.546169
-0.216522
0.129559
-0.279320
0.337739
-0.383848
-0.537235
0.048444
0.585473
-0.172838
0.242503
-0.603428
0.251809
-0.056157
-0.639900
-0.063360
-0.943460
0.159437
0.344489
-0.238952
0.485686
0.440429
-0.666218
0.623691
-0.231286
0.104969
-0.445861
-0.278745
0.243075
-0.432627
0.141791
-0.405418
-0.793336
-0.126384
0.153475
1.343962
0.904956
0.051937
0.629183
-0.470268
-0.065130
0.595906
-0.220199
-0.776014
0.386448
-0.027823
-0.463281
0.004406
-0.386071
-0.034330
0.095541
-0.113021
0.135139
0.352192
0.597223
0.089405
0.427393
-0.083836
0.149710
-0.480403
-0.450868
-0.501657
0.346624
0.712743
-0.433823
0.341148
0.289261
-0.868657
-0.324991
-0.042110
-0.241770
0.165090
-0.077460
-0.687343
-0.002713
-0.885272
-0.301274
-0.243976
0.705917
-0.774510
0.077766
0.016764
-0.716140
-0.645339
-0.886751
-0.641503
-0.370118
-0.322269
-0.230928
0.527270
0.550867
0.185190
-0.280376
-0.001309
-0.232158
0.077503
-0.079778
0.597254
-0.145548
0.074387
-0.139663
-0.251735
-0.448980
0.601831
0.002487
0.024186
0.150287
-0.231107
0.270059
-0.207797
-0.753114
0.419941
-0.448772
-0.793152
0.842814
-0.212609
-0.273115
0.435355
0.363837
0.402890
0.369026
-0.007013
0.567023
-0.640387
0.696692
0.220840
0.421217
0.015251
-0.269350
0.156264
0.466088
-0.007710
-0.417109
0.342759
0.455389
-0.887966
0.893498
0.466704
0.332403
0.541492
0.713783
0.068580
0.294067
0.032264
-0.168841
-0.436411
0.179513
0.569180
-0.204215
0.222545
0.421886
1.094624
0.356324
-0.512004
0.034866
-0.414685
0.471688
0.794612
-0.503174
-1.285309
-0.248652
-0.044279
-0.351575
-0.388598
0.652398
0.061570
-0.190190
0.788995
0.966777
-0.229348
-0.231591
0.559474
0.535139
-0.691042
0.428789
0.825035
0.841816
-0.280644
-0.267624
0.717804
-0.209805
0.114324
0.091350
-0.137217
0.090357
0.753078
0.588092
0.162679
-0.106483
-0.190046
-0.013611
0.266588
-0.554078
-0.010419
0.178084
0.029025
0.363367
0.177987
-0.317376
-0.609036
-0.106019
0.099400
-0.422139
-0.103784
0.376820
-0.228349
-0.924022
-0.830832
-0.089664
0.116003
-0.588376
0.646533
-0.159328
-0.537872
-1.144371
-0.707242
-0.386139
0.599526
0.150303
-0.165668
-0.130272
0.131327
0.649954
-1.022351
1.016645
-0.099033
-0.250924
0.457018
-0.672152
0.024919
-0.194829
-0.208677
-0.144142
-0.848449
-0.667858
-0.310751
0.094270
-0.805892
-0.524430
-0.537811
0.011193
-0.650862
0.677824
0.877266
0.145615
0.035097
0.267960
-0.560177
0.626884
-0.453792
0.222519
-0.220144
1.197873
-0.150742
0.265686
0.098345
-0.556289
-0.855162
-0.138496
0.061089
-0.139498
0.110273
-0.352226
-0.197297
-0.998256
-0.148387
-0.332621
0.025645
-0.900812
0.115935
-0.162430
0.219442
0.014210
-0.715499
0.053032
0.148608
-0.248914
-0.163716
-0.043035
0.162940
-0.119148
-0.403778
0.517725
-0.551356
0.069230
0.021910
0.221761
-0.285790
-1.192655
-0.746517
-0.588440
0.604631
0.752226
0.749788
-1.161444
0.237848
-0.291909
-0.383266
-0.735718
0.726460
0.835401
-0.199039
0.433689
0.483966
0.228600
0.168648
-0.242320
-0.581881
0.368206
-0.789383
-0.571866
0.940684
0.068422
0.332586
0.233560
0.416566
0.665730
0.370452
0.346932
-0.132081
0.264988
-0.719162
0.418028
-0.153539
0.217591
-1.014703
0.336476
0.193420
-0.452250
0.332289
0.963830
-0.356606
0.555131
1.227309
-0.877529
-0.819776
-0.739631
-0.510987
0.652951
0.576761
0.107185
-0.217630
0.433789
-0.031554
-0.022325
-0.042307
0.012087
-0.188163
0.445138
0.561718
0.328204
-0.682209
0.224563
0.300697
0.363471
-0.448140
-0.684490
-0.730709
0.390254
0.109859
0.068788
0.652786
-0.618342
0.629919
0.366783
0.495438
0.025418
0.188001
0.306879
0.538311
-0.287366
-0.351265
0.003145
0.380907
0.356837
-0.342904
0.017074
-0.641545
-0.210193
-0.373774
0.082307
0.326061
-0.454586
-0.322322
-0.203938
0.047953
-0.073399
-0.874294
0.117531
-0.166493
-0.005751
1.293657
0.637257
0.619707
0.627414
-0.280971
0.387875
0.647235
0.123150
0.967894
-0.336604
0.650348
0.454034
-0.421306
-0.482981
0.037035
-0.497257
0.356951
-0.073562
-0.475987
-0.471730
0.290553
-0.134195
0.526519
0.698348
0.324451
-0.281475
0.912050
-0.908840
0.798427
-0.510320
-0.210761
-0.221127
0.078089
0.108757
-1.056185
0.000586
-1.054945
0.156099
0.072678
0.237629
-0.325014
-0.259621
-0.421493
-0.042025
0.671223
0.155376
-0.346964
0.324095
-0.444448
-0.279691
0.075184
0.170570
0.341120
0.016625
-0.066742
-0.722092
0.713446
0.474666
-0.704191
-0.684396
-0.022443
-0.000778
0.600379
-0.174368
-0.547086
0.735531
0.655667
-0.457755
0.534411
-0.384662
0.493116
0.154754
0.527876
0.125072
-0.835890
-0.253023
0.250171
0.032490
-0.276438
0.476979
0.385108
-0.119262
-0.151627
-0.301781
0.259067
0.696511
-0.351159
0.271760
-0.169477
0.512204
0.392483
-0.222344
0.710402
0.285662
0.207767
0.450901
-0.303521
-0.043421
-0.546922
0.259183
0.012613
0.085383
0.568803
0.097275
0.205739
0.410161
