-0.778717
-0.249360
0.750311
-0.829517
-0.282307
-0.868142
0.312819
0.847750
-0.416320
-0.532045
-0.673453
0.252979
-0.653042
0.124710
-0.608364
0.492679
-0.096381
-0.371453
0.301372
0.319949
0.331814
0.307670
0.397515
-0.029701
-0.452665
0.739379
-0.450134
0.477995
0.461921
-0.151342
-0.328643
0.567163
1.251852
-0.256585
-0.143322
0.135288
-0.419975
-0.540695
0.203038
0.252052
-0.018513
-0.130942
0.434177
-0.272320
-0.590353
0.160341
0.562003
0.269787
-0.584340
0.129417
-0.725347
-0.240607
-0.400771
0.452595
0.106140
0.112396
-0.050015
0.044610
0.303313
0.026741
0.278946
-0.052970
-0.692733
0.621633
0.225753
-0.743774
0.470123
-0.285177
-0.535639
-0.505602
-0.372704
0.356950
0.265372
0.305547
-0.571656
-0.872217
0.102352
-0.358966
-0.380334
-0.338707
-0.154565
-0.277269
-0.812553
0.503108
-0.944160
0.151107
0.069453
-0.290922
-0.293428
0.012818
-0.412459
-0.211688
-0.831784
0.089390
-0.609247
0.527767
0.685078
-0.292379
0.314264
0.358318
0.207620
-0.485858
-0.053537
0.351302
-0.192706
-0.338001
-0.737883
0.567612
-0.932215
0.489961
-0.158562
1.227610
-0.388613
0.169875
-0.044475
0.608412
-0.090651
0.160284
0.239850
-0.448174
-0.773426
0.345076
0.113758
0.391276
-0.703131
-0.007395
-0.028764
1.023071
-0.474672
-0.342640
0.300201
1.101525
0.567419
0.478972
1.243033
0.956196
0.821004
0.715240
-0.258439
0.123822
0.470206
-0.046255
0.878968
-0.396225
0.283645
-0.324378
-0.016710
-0.166283
0.102531
-0.312248
0.451685
-0.477266
0.745227
0.911872
-0.413190
-0.039282
0.107399
0.225733
-1.326102
-0.079184
0.525934
-0.603183
0.253270
-0.478005
-0.065937
0.021068
-0.387196
-0.160188
0.370770
0.042151
0.048781
-0.267786
0.162370
-0.867381
0.931884
0.475843
-0.099221
0.360202
0.102539
0.716975
0.885018
-0.553016
0.645253
-0.592921
-0.007005
0.102840
0.281560
-0.230527
-1.181966
0.379863
-0.271376
-0.070965
-1.203668
-0.447882
0.881554
-0.068429
0.440635
-0.539546
-0.436661
-0.047962
-0.288984
-0.891727
0.625761
0.312269
0.011932
-0.440535
0.150636
-0.349992
0.752967
-0.925188
0.054994
-0.847626
-0.993918
-0.326830
0.404650
0.266975
0.061560
0.255646
-0.266443
0.108348
-0.246123
-0.232891
0.619449
0.112528
0.418652
0.061702
0.011244
0.498661
0.452012
-0.995964
0.030207
0.799508
-0.335086
0.285842
0.365585
0.139203
0.040828
-0.868579
-0.198125
0.377158
0.185817
-0.358178
0.524475
-0.557367
-1.117637
-0.256850
-0.331763
-0.599504
-0.044800
-0.322526
0.572864
0.264896
-0.033800
-0.202753
0.457049
-0.559228
0.878253
-0.002630
-0.391756
-0.425108
0.839992
-0.611504
0.067469
-0.058371
0.525767
-0.035276
0.166609
-0.008245
0.170608
0.291005
-0.046328
-0.150670
-0.643941
-0.271430
0.042352
0.338939
-0.322546
0.414840
0.073445
-0.882999
-0.215552
0.038173
-0.167648
0.146510
0.029700
0.133133
-0.467103
0.804163
-1.029110
0.103321
0.218377
-0.518697
-0.205699
-0.055580
0.084484
0.792605
0.263016
-0.862653
-0.117722
-0.388152
-0.249606
-1.198355
0.097840
-0.082432
0.154321
-0.335243
-0.506245
-0.876667
0.610584
-0.432437
-0.045311
-0.352161
-0.848947
-0.209426
-0.135037
-0.990774
0.398274
0.596659
1.098597
-0.603205
-1.175758
-0.254852
0.406406
0.139847
0.254585
-0.276187
0.231953
0.034945
0.347439
-0.761538
-0.154924
0.051573
0.790739
0.087206
0.082102
-0.798830
-0.498557
-0.697107
-0.975609
0.690973
0.328026
-0.691483
0.408135
-0.536147
-0.998905
0.767307
-0.599204
0.292596
-0.185755
1.003525
-0.276805
-0.377022
0.828451
0.535441
0.992935
-0.307098
-0.805964
0.892576
0.387347
0.069457
0.066180
-0.394812
-0.056457
-0.267711
0.034023
0.288132
0.680306
0.030639
-0.596059
0.852268
-0.283500
0.525680
0.556236
-0.083327
0.895114
-0.306820
0.054050
0.132490
0.105053
-0.421011
-0.162583
1.250885
0.771597
-0.294818
0.296813
-0.172394
-0.236540
1.430381
0.217237
-1.080508
0.830603
-0.959841
0.160856
0.393442
-0.208971
-0.305309
0.533639
0.653460
-0.092389
0.242391
-0.088583
0.859080
-0.216479
-0.556599
0.193575
-1.088193
-0.503542
-0.303843
-0.432407
-0.362932
0.308816
0.224856
0.436832
-1.123335
-0.634897
-0.376230
-0.375546
-0.162125
-0.121541
0.426971
-0.141518
0.124309
0.094400
-0.769527
-0.094575
-0.234354
0.367309
0.729441
-0.428040
0.556794
-0.311403
-0.745502
-0.523449
-0.017737
0.968912
-0.249226
0.089776
1.018587
1.024131
-0.572382
-0.055160
-0.469591
-0.747447
-0.618863
0.617257
-0.338668
0.481437
-0.109121
0.607578
-0.197143
-0.638527
0.258062
-0.927436
-1.192842
-0.944388
-1.075550
0.799678
0.095821
1.059395
-0.738567
-0.540582
0.158584
1.125391
1.342592
0.951965
-0.202389
0.711043
0.149953
0.212652
-1.074512
-1.624468
0.691216
-0.224738
-0.562578
0.102068
-0.196797
-0.558960
0.370672
0.905584
0.222363
-0.419031
-0.030009
-0.198503
0.283162
0.436622
-0.769457
0.843345
0.314513
0.797487
-0.346362
0.023845
-0.044266
-0.863171
-0.276670
-0.228874
-0.275220
0.910041
-0.526766
0.930267
0.880462
-0.392644
0.708289
0.632301
-0.256815
-0.573813
-1.249618
0.230612
0.012573
0.221111
-0.538839
0.098944
-0.406359
-0.102488
-0.331278
-0.166639
-0.242551
-0.644971
0.557998
0.580649
0.387286
0.284336
0.012518
0.454156
-0.315172
-1.256358
-0.402126
-0.465748
0.289934
0.070250
-0.691963
0.226385
-0.516511
0.074399
0.433062
0.025494
-0.010044
0.237250
-0.171479
0.025926
0.194400
-0.372938
-0.690888
-0.345766
0.229754
0.228716
-0.508977
0.433135
0.517823
0.025827
-0.113005
-0.356569
0.485977
-0.093309
-0.118582
-0.467424
0.026144
0.390498
0.795823
-0.520914
-0.339124
0.287967
0.793562
-1.147971
0.266014
-0.235975
-1.019476
-0.283551
-0.081679
-0.477635
-0.540938
0.205160
-0.478106
0.533837
-0.965597
0.211025
-0.313963
-0.409970
-0.069415
-0.315680
0.039478
-0.104138
0.795128
0.676969
-1.552696
-0.538571
0.147239
1.362359
0.235201
0.448220
0.675609
-0.721232
0.050638
0.623273
0.330514
-0.344999
-0.955036
-0.814346
1.007546
0.649742
0.432043
-0.718781
0.411501
0.520957
-0.193811
0.124106
0.258073
0.514817
0.212241
-0.838832
-0.505893
-0.514604
-0.841584
0.574763
-0.622030
0.172841
0.788168
-0.257574
0.501625
0.453804
-0.333228
-0.183949
0.101810
0.098546
0.506755
-0.412263
0.955610
0.371486
-0.468892
0.686920
0.509782
-0.711497
-0.891506
-0.407262
0.339325
-0.405585
-0.431863
-0.648364
-0.191437
-0.123001
0.411335
0.386603
-0.440734
0.208306
-0.425362
0.405379
0.214412
-0.098346
-0.271294
-0.908530
0.129028
0.197618
-0.250806
-0.221338
-0.350440
-0.012224
-0.327480
0.093784
-0.158211
-0.157269
-0.084766
-0.085736
-0.150524
0.578838
-0.063669
1.293542
-0.300440
0.471235
-0.450359
-0.562774
-0.069795
-0.571180
-0.700948
-0.056940
1.677667
-0.393397
0.589981
0.272125
0.443144
-0.201231
0.852448
0.712901
0.164620
0.831049
-0.310848
-0.445597
-0.197719
0.126543
0.808313
0.794954
-0.506248
0.019297
0.940860
0.942885
-0.408169
0.036225
0.803020
-1.079158
0.002428
0.511278
-1.105466
0.275435
-0.763887
0.001712
-0.142930
-0.490917
-0.584916
-0.685650
0.265344
0.353277
-0.475202
-0.338608
0.141089
-0.230064
-0.036708
0.339143
0.152983
0.096768
0.572026
-0.695643
0.021671
-0.246982
1.138010
0.010617
-0.139760
0.037130
-0.132307
0.443844
-0.446300
-0.184525
0.661386
-0.382605
-0.564112
1.154968
0.225560
-0.441345
0.323156
-0.726678
0.829370
-0.487094
-0.885535
0.038109
0.138178
0.702747
0.052941
-0.267652
0.328324
0.708129
-0.572827
0.261020
0.566417
0.362775
-0.331858
-0.276446
-0.401542
0.467314
1.037630
0.269048
-0.250771
0.575208
-1.783167
-0.082137
-0.936149
0.463058
-0.698989
-0.468611
0.297315
1.150425
-0.265827
-0.056120
-0.447110
-0.326762
0.927375
-0.315863
0.091478
-0.401959
-1.550072
0.659885
0.560157
-0.269229
0.279914
0.138353
0.366375
0.321256
0.066857
0.244342
0.058818
-0.233723
-0.209496
-0.120585
-0.637546
0.308422
-0.371305
-0.262073
-0.107247
-0.276795
-0.339804
-0.572532
-0.115126
-0.418098
-0.023701
0.529642
0.215212
-0.082940
-0.766887
-0.169997
-0.510071
0.527515
-0.520615
0.511362
-0.070533
-0.165893
-0.419655
-0.115198
-0.001016
0.131127
0.392332
-0.825696
0.402557
-1.279777
0.325832
-0.662362
-0.958473
0.781377
0.236816
0.828115
0.522628
-0.330710
0.352762
1.023566
-0.131531
0.648797
-0.327038
-0.054877
0.077841
-0.226513
0.537347
-0.284413
0.540191
0.243532
-0.311408
-0.302040
0.020052
-0.415663
-0.078868
-0.331213
-0.342514
0.115265
0.430340
0.138844
-0.004605
-0.360799
0.470997
-0.375386
0.352864
-0.229564
-0.538834
0.424625
0.832222
-0.664018
-0.490912
0.142012
0.342222
0.371319
0.283824
0.091699
-0.828300
-0.910425
-0.715412
-0.110409
0.348030
-1.028329
-0.474448
0.050801
-0.835752
-0.136647
1.152297
-0.818893
-0.205768
1.396939
0.701986
-0.827172
0.394961
-0.316348
-0.085839
-0.732120
-0.441005
-0.173052
-0.367821
0.510758
-0.086993
-0.510604
0.846944
-0.758127
0.502734
0.468405
-0.240745
-0.418490
0.059134
-0.330035
-0.970418
0.783333
-0.147672
-0.272458
0.541784
-0.110702
-0.271683
-1.279237
-0.860368
-0.534835
0.003302
-0.583042
-0.205284
-0.643515
1.109002
-0.415198
1.700296
0.267051
-0.347059
0.249681
-0.306249
0.316959
-0.401645
-0.227639
-0.601994
0.551231
0.951354
0.223458
0.445847
0.152744
0.547287
0.314743
-0.655830
0.067110
-0.389144
-0.604444
-0.082273
0.113093
0.699130
-0.334523
-0.746084
0.078706
0.240223
-0.134771
-0.694903
0.448710
0.445301
-0.425636
0.307275
0.068840
-0.203423
-0.210474
0.219496
0.122873
0.253779
0.596062
0.182322
-0.449101
0.629685
0.267240
0.657644
0.678827
-0.193308
1.135639
-0.226787
-0.539489
1.145742
-0.288487
0.706468
0.561091
-0.007424
-0.204417
1.040208
0.659812
0.601250
0.290653
-0.060391
0.376466
1.030260
-0.668969
-0.110181
-0.997528
-0.289945
-0.748057
-0.117946
-0.336063
0.343996
-0.041960
-0.027972
0.195135
-0.051980
0.160507
0.446729
0.391984
-0.604665
-0.575669
-0.026644
0.361142
-1.519353
-0.385970
-0.699636
0.374113
-0.323021
0.044367
-0.176602
-0.514819
0.240110
0.421160
0.956827
-0.555052
0.164744
-0.880525
0.688865
0.367989
0.128515
-0.009261
-0.990915
-0.019695
-0.274658
-0.075324
0.466021
-0.320841
0.823839
0.828223
-1.049573
-0.404018
0.403607
0.162738
0.636710
-0.417039
-0.342446
0.680290
0.662696
0.276713
-0.936200
0.456880
0.619300
0.489778
-0.792325
0.159406
-0.168752
0.142942
-0.410397
-0.011134
-0.084739
-0.305607
0.039095
-0.136298
-0.281261
-0.124584
0.052315
0.254120
0.535905
-0.186336
0.078350
-0.123101
0.428945
0.385029
-0.725290
-0.905958
0.181561
0.288372
-0.677435
-0.701937
0.650863
0.422719
0.288033
-0.538632
-0.056680
-0.130467
0.025414
-0.139064
-0.629988
1.277057
0.301441
-0.149339
-1.134687
0.245822
-0.041531
-0.248085
0.080559
-0.018251
-0.372843
-0.507755
0.270912
-0.059745
-0.086766
-0.200672
0.341972
1.192176
1.064178
0.652778
-0.195769
-0.072491
-0.068555
-0.226630
0.577957
0.324849
0.128924
0.134945
-0.031447
0.909608
-0.132442
0.588410
0.627490
-0.154219
-0.621995
-0.557446
0.644402
-0.376327
0.034908
-0.151604
-0.750793
-0.673425
-0.893660
-0.012974
-0.430546
-0.446640
-0.206921
-0.387909
0.166774
0.275763
-0.209696
0.018490
0.251082
-0.116979
-0.241560
-0.426140
-0.058275
-0.471593
0.282001
0.460586
0.156047
-1.007014
0.410234
-0.038341
1.129606
0.886410
0.685616
-0.193171
-0.976525
-0.126554
-0.209578
-0.172671
0.202629
0.500109
0.172408
0.700413
0.096961
0.233087
0.325691
0.665759
0.615290
-0.910647
-0.443056
-0.616748
-0.126034
-0.157521
-0.840386
0.112145
-0.006688
0.215929
0.452393
0.495821
0.899964
0.654503
0.477107
-0.553526
0.472678
0.157030
0.683547
0.354494
0.664252
0.646009
-0.162461
0.563973
-0.099852
-0.387398
-0.054866
0.777170
-0.343385
0.755022
0.522177
-0.869771
0.901608
-0.057179
0.020813
0.428500
-0.090465
-0.347977
0.188968
-0.081094
0.046311
-1.427773
-0.713854
0.083470
-0.813295
-1.424337
-0.369521
0.246313
-0.455305
-1.353970
-0.901097
-0.941282
-0.001137
-1.113123
-0.383306
-0.837723
-1.668996
-1.224089
-0.108818
1.215184
-1.013975
-0.179124
1.294475
-1.070012
0.604067
0.287228
0.106542
1.278784
0.342834
0.931491
0.814210
1.461018
0.858214
0.475517
0.274403
0.671882
1.828701
0.150458
1.569638
-0.300360
1.327364
1.552737
1.466292
0.570778
0.129541
0.827463
0.761633
-0.120757
0.456305
-0.304836
0.313827
0.357456
0.742171
-0.385420
-1.292499
-0.705492
-0.440910
-1.669065
-0.768241
-0.838007
-1.118496
-1.378181
-1.256599
-0.538681
-0.405953
0.241247
0.346982
-0.257753
0.107513
0.091560
0.201014
-0.153942
0.688662
-0.477102
0.462783
0.110576
0.444910
0.459763
0.453252
-0.088169
0.828341
-0.764937
1.718175
-0.758907
0.288353
0.037402
0.107752
-0.324593
-0.557472
-1.221400
0.101711
0.487600
0.212231
0.088553
-0.101473
-0.030699
0.027183
-0.282563
0.170888
-0.219267
0.277779
0.046346
0.149799
-0.359792
-0.416307
-0.074560
0.354177
0.454334
0.178322
-0.138891
0.482224
1.048518
0.799146
-0.503923
0.012974
0.469206
-0.286332
-0.393681
0.752481
-0.940798
0.316350
-0.031140
-0.412157
-0.201403
-0.107746
-0.630165
-0.203165
0.355772
1.039439
-0.590540
0.232465
-0.160277
0.960618
0.979641
-0.212570
0.187192
-0.117378
0.291666
-0.735020
-0.271786
0.184253
0.269759
0.130621
0.490387
0.542981
0.141162
0.406958
-0.028963
0.325204
0.280173
1.166844
0.461378
-0.198390
-0.678404
0.168781
0.417215
0.335020
0.358810
0.445102
-0.976035
-0.573907
-1.317709
0.040225
0.388005
0.308624
0.038962
-0.505079
-0.149969
0.358498
-0.732080
-0.409421
0.292600
-0.633728
-0.557864
-0.651211
-0.168500
0.208535
-0.091214
0.502502
-0.480780
0.500908
0.021558
-0.072529
0.133349
-0.660437
0.097012
-0.321565
0.138084
1.499164
0.295354
0.178200
0.027831
-0.415021
0.552887
0.903784
-1.104942
-0.613602
-0.067300
-0.433608
0.072655
-0.088975
-0.588755
-0.053709
-1.052889
-0.546970
0.388084
0.440505
0.691203
-0.097633
-0.582724
-0.042556
-0.163210
-0.203433
-0.580371
0.201118
0.463330
0.705913
0.492172
0.496192
-0.536813
-0.315556
0.697662
0.510754
0.394373
-1.075619
0.369298
0.720358
0.109780
0.160634
-0.205703
-0.843482
-0.417131
0.040890
0.220384
-0.064877
0.335813
-0.004346
0.241524
-0.641699
-1.231435
-0.287501
0.145765
-0.079226
-0.283536
-0.245877
1.226229
-0.521608
-0.884609
0.592605
0.785568
-0.326047
0.331824
0.688917
-0.798842
0.889972
-0.231311
0.891428
0.018458
0.271890
-1.250074
-0.408987
-0.400357
-0.516218
-0.630368
0.227317
0.093878
0.122378
0.348035
-0.309203
0.030473
-0.585430
-0.202921
0.446804
0.139353
-0.441901
-0.157096
0.495633
0.099049
-0.944083
-0.536322
0.456933
0.147464
0.353745
-0.373504
-0.444891
-0.213498
0.015231
-0.236486
0.607171
-1.139551
-0.291427
-0.582155
-0.065682
0.364715
0.036116
-0.345325
0.421531
-1.537623
0.641947
0.134858
-0.623162
0.427616
-0.116909
-0.511744
0.117020
-0.620782
0.106612
-0.148033
0.291491
0.071950
0.266715
-0.800547
0.279539
0.753645
0.536413
0.040493
-0.305027
0.594428
-0.285049
1.081221
0.105020
-0.290371
0.114020
0.788024
0.956426
0.049083
0.341989
0.167070
0.431765
-1.187968
0.261185
0.304288
0.670123
-1.311015
1.039625
-0.429203
0.516584
0.271291
0.271011
-1.258068
-0.288729
-0.654592
0.430019
-0.144416
-1.151156
-0.458906
0.623150
0.533776
0.248447
-0.228549
-0.533375
0.138026
0.129776
-0.031856
0.087353
0.051544
-0.389270
0.196216
0.154770
1.261624
0.360122
0.742386
0.397696
0.332747
-0.432434
-0.140649
0.183062
1.023811
0.668741
-0.409162
-0.853326
0.293721
-1.203402
0.461318
0.189286
0.656183
-0.269526
0.329666
-0.217895
-0.194589
-0.972633
1.080129
-0.370400
-0.294207
0.168841
-0.405551
-0.834344
0.426123
-0.321177
0.006233
0.429457
-0.205020
0.992549
0.241162
0.700465
-1.045794
-0.449553
-0.324707
-0.505845
0.378703
-0.876458
-0.389238
-0.260010
0.220394
-1.194813
0.261278
-0.499872
-0.415753
-0.212640
-0.697673
-0.285551
0.111419
-0.210331
-1.177005
-0.687501
0.614592
-0.264354
-0.389637
-0.142448
-0.372284
0.894935
-1.149690
0.198802
1.490414
-0.096381
0.587356
0.327839
-0.283702
-0.337619
0.478689
-0.132945
-0.075298
-0.857087
0.446925
0.534096
0.471244
-0.475126
-0.347977
0.416274
0.340511
0.001202
0.394868
0.529255
-0.530554
0.280788
0.132182
0.529660
0.366324
-0.919874
0.337388
0.061317
0.117006
-0.267596
-1.405473
-0.162236
0.558438
-0.550543
-0.259522
0.220326
-0.684465
-0.014941
0.239636
-0.226814
0.343380
0.265040
-0.026244
0.869582
0.177544
-0.513374
0.406995
-0.287041
-0.784770
0.405813
-0.215328
0.919661
0.045570
0.373370
0.574866
-0.425073
0.336975
0.021660
-0.451927
0.439754
0.095882
-0.681577
0.299083
-0.207312
-0.750581
0.403955
0.489088
-1.539061
-0.257801
-0.034202
0.834160
-0.708269
-0.495166
-0.711751
-0.391419
-1.041113
0.635012
-0.852644
1.067386
0.734721
-0.780246
0.102117
-1.245844
0.741319
0.643305
0.510878
-0.623677
-0.662481
0.471587
0.049580
0.464680
-0.255110
0.052876
0.004075
0.460805
-0.559898
0.797057
-0.836482
0.037500
0.021352
0.312046
-0.164696
0.246803
0.138988
0.667417
-0.213436
0.269345
-1.093566
-0.083562
-0.648315
-0.768137
-0.046926
0.875664
-0.249876
-1.264361
0.026784
-0.698095
0.333122
-0.339722
0.677058
0.367667
-0.228457
0.545780
0.040758
0.545224
-0.255128
0.556764
-1.106869
-1.099094
-0.483630
0.909257
-0.669350
-0.407543
-0.102627
-0.832097
-0.103709
-0.567260
0.149577
0.401459
-0.791848
0.282779
0.150576
0.465741
0.485592
-0.225945
-0.834539
0.560241
-0.090537
0.076047
-0.417796
0.429427
-0.400414
-0.205069
0.270665
0.091419
-0.131269
-0.469415
-0.283618
0.469140
-0.316478
0.119513
0.253351
-0.002891
-0.045163
0.677056
1.097781
0.146959
-0.908412
0.129985
-0.189258
-0.290470
0.475906
-0.331080
-0.366629
0.616345
-0.862992
0.463995
-0.436912
-0.038480
0.245078
0.176971
-0.022164
-0.414465
-0.893302
-0.852970
0.412580
-0.826831
-0.025745
-0.219171
0.418549
0.044819
0.233936
0.851609
0.312023
-0.188789
0.267270
0.279885
0.379064
-0.296413
0.580696
-0.352557
-0.150107
0.230373
-0.598529
0.126261
0.314865
-0.512227
-0.161878
-0.648042
-0.311591
0.037860
-0.031872
0.076949
0.884174
0.511852
-0.464980
-0.532937
-0.139595
0.568427
0.546496
-0.027449
0.029255
-0.832114
1.495418
-0.573511
-0.328494
0.451328
-0.290563
-0.381208
-0.018965
-0.603025
0.215390
-0.547531
-0.304800
-0.627755
0.064628
-0.472214
1.176158
0.652654
0.408988
-0.140147
-0.999227
0.099130
0.354690
-0.193387
-0.033463
0.235340
0.096014
0.687721
0.360877
-0.928922
-0.389093
0.007231
0.262346
0.191956
0.163642
0.517672
0.459775
0.552319
0.588164
-0.088818
-0.451344
0.548225
-0.292946
-0.125846
-0.338862
0.974538
-0.764998
-0.454177
-1.256460
0.929021
-0.466095
-0.308073
0.135575
-0.184798
-0.228120
0.251747
-1.518583
-0.090365
0.287273
-0.447550
0.267176
-0.428429
-0.252880
0.870573
0.252077
0.782718
0.222819
-0.226943
0.512398
0.302163
0.311520
-0.345401
-0.161428
0.629813
0.298657
0.411727
0.132822
0.917888
0.541032
-1.641457
0.114365
0.153369
0.042620
0.546902
-0.279949
0.227632
-0.200638
-0.305916
0.066899
-0.563388
0.411523
-1.217404
-0.032489
-0.111803
0.307264
-1.218572
0.731820
-0.442430
-0.241400
-0.373834
0.046415
0.124612
-0.454385
-0.348133
-0.419151
-0.234926
-0.002881
-0.009496
0.728866
0.150236
0.620169
0.184372
-0.440198
-0.749807
-0.526426
-0.880403
-0.723073
-0.864973
0.293505
0.252645
0.466097
0.172544
0.011004
-0.045761
-0.266021
-0.267941
-1.012100
0.122569
-0.315503
0.432059
0.087148
1.651521
-0.087599
-0.072505
0.148325
0.805779
0.211639
0.151913
0.919923
0.587359
0.592890
-1.718280
-0.032985
-0.152605
0.541003
-0.110355
1.022340
0.086763
-0.073185
-0.132052
0.219022
-0.020432
0.618726
-0.277818
0.549180
0.525165
0.141542
-0.018370
0.050171
0.640455
0.034638
-0.158689
-0.426807
1.049210
0.793621
0.738229
0.286238
0.677913
-0.093101
0.353255
-1.127782
0.595621
0.046880
-1.151894
0.072201
0.297403
-0.036798
0.618206
-0.744529
-0.515347
-0.832694
-0.066155
0.877520
0.108067
-0.605808
0.177444
0.107378
0.047774
0.503859
-0.212494
-1.113957
0.415627
-0.505745
-0.269320
0.286281
0.059667
-0.006504
0.987433
0.574473
0.928235
0.327774
-0.154676
0.653460
-0.324815
-0.696869
-0.699009
-0.769710
0.166576
-0.521333
0.868375
0.310542
-1.573447
0.032557
-1.340824
1.100732
0.538638
-0.536171
0.244990
0.829566
0.575785
0.174393
0.794679
-0.661828
0.320782
-0.149113
-1.144649
0.755152
0.604088
-0.752208
-1.201844
0.034517
0.097334
-0.464933
-0.740131
-0.097830
0.811873
1.397723
-0.123904
0.297002
0.112963
0.464885
-0.015823
-0.185780
0.486121
-0.459418
-0.691123
0.002380
1.477452
-0.082756
-0.078277
-0.095273
0.391507
-0.422585
0.044176
0.094191
0.664651
0.539441
0.494288
-0.445616
-0.871758
-0.552708
0.168739
-0.469543
0.018549
0.309767
-0.740981
0.767819
-0.758943
-0.206372
0.485487
0.107298
0.217726
0.353368
1.032743
0.914047
-0.083960
0.140451
0.350545
0.743639
0.468308
0.100225
-0.200235
-1.294467
-0.225634
0.485944
-0.667581
-0.766137
-0.640240
0.630205
-1.015788
0.555321
-0.268335
-0.232095
-0.942773
0.296815
-0.527816
0.544276
0.403966
0.186158
0.132509
-0.325822
-0.692075
1.436457
-0.294374
-0.614897
0.103692
-0.772629
0.198975
-0.921325
-0.061619
-0.555729
0.818504
0.030775
-0.232137
-0.407096
-0.152409
-0.433125
0.368698
0.138379
0.672337
-0.519688
-0.480119
0.444971
0.135097
-0.395744
0.684435
-0.322020
0.318228
-0.681654
0.293405
-0.025604
-0.369468
0.792287
0.068765
0.598616
-0.998288
1.068900
0.548841
0.221633
0.435672
0.169653
-0.356584
-0.247416
-0.240658
-0.099727
0.012160
0.339576
0.292297
-0.186896
0.222417
-0.229568
-0.437092
0.435529
-0.524715
0.440268
-0.298978
-0.401152
0.741416
-0.080425
0.521383
0.454718
-0.854576
-0.228677
-0.440388
-0.480098
0.207241
0.394149
0.425895
0.476126
-0.005614
0.307875
0.185785
0.598554
-0.133137
0.398486
0.303021
1.316029
-1.452015
-0.113570
-0.422676
0.812996
-0.229556
-0.039928
0.133931
-0.442376
-0.371552
0.048867
0.141545
0.044184
0.026019
-0.355888
-0.731741
0.042331
-0.772730
0.345144
0.479135
-0.142281
-0.052830
0.248238
-0.153081
-0.139200
0.662307
0.745206
0.055992
0.568190
1.017702
-0.524867
0.344400
0.829065
0.419256
0.134360
0.135548
-0.321162
-0.111515
-0.066279
-0.072324
0.079861
-0.390993
-0.059085
0.651334
-0.182119
0.025739
0.036545
-0.152589
0.890024
0.007806
-0.341810
0.741272
0.206143
0.614934
-0.621541
0.209898
0.278506
0.309585
0.112001
-0.054837
0.050189
-0.425754
-0.102549
-0.441933
-0.377545
1.092124
0.234068
-0.188139
-0.561172
-0.479806
0.201851
-0.567401
-0.830956
0.548848
-1.006743
0.265017
0.370725
-0.517138
-0.139088
-0.905767
-0.905766
-0.242132
0.255792
0.771923
0.435234
0.035677
0.442454
-0.802422
-0.190653
-0.211920
-0.254080
0.774665
0.211926
0.301154
-0.464568
-0.058814
0.324405
-0.622705
0.757263
-0.079354
-0.951625
-0.920556
0.382025
-0.059307
1.140232
-0.547801
-0.441702
-0.211671
-0.772648
0.182945
-0.337094
-0.963524
0.414639
0.165256
0.548767
-0.285438
-0.352027
0.248551
0.615563
0.038561
-0.632026
0.557876
0.834489
-0.515422
-0.447653
-0.568414
-0.597611
-0.564502
-0.379503
-0.183886
-1.163143
-0.159817
-0.323992
-0.501920
0.014791
0.414141
0.470763
-0.606286
0.018898
0.704102
-0.139251
0.755408
0.271561
0.508753
-0.468398
-0.246437
-0.332732
-0.792113
-0.101471
-0.449821
-0.188703
0.298793
0.195823
-0.046187
-0.406670
0.469747
0.499175
0.035406
0.224996
0.455699
-1.285677
-0.138619
0.594371
0.300576
1.006394
-0.953523
0.664286
0.277933
-0.140332
1.181234
0.919804
-0.606308
0.525428
0.392277
0.638091
-0.223315
0.510179
0.419045
-0.175418
0.298583
0.715410
0.813390
0.761017
-1.127194
0.863314
-0.426186
-0.126765
-0.184170
0.095499
-0.388956
-0.144401
-0.265978
0.315456
-0.164776
0.690704
-0.368482
-0.424805
-0.396519
1.273203
-0.127305
0.184636
0.268579
0.441713
0.299580
-0.239102
0.430211
-0.344600
-0.300028
0.661138
-0.134870
-0.684229
0.242668
1.503100
0.908453
-0.819704
-0.156836
-0.443063
-0.771945
-0.150218
-0.078218
-0.441160
0.674792
-0.023580
-0.662438
-0.322629
0.230640
0.385872
0.588754
0.773089
-0.948305
0.256510
-0.553916
0.800596
-0.045865
-0.560608
-0.707276
0.537954
0.245770
0.212656
1.098699
0.494774
0.008453
0.999858
-0.379631
0.435541
0.663303
-0.014114
0.078759
-0.221256
-0.407634
-0.118898
-0.086609
-0.610609
0.334203
-1.095776
0.423048
0.018091
-0.491668
0.034938
-0.354739
0.246670
-0.023557
-0.589266
-0.536702
-0.180318
-0.506793
0.032937
0.172512
0.094740
0.413261
0.275400
-0.606253
-1.244916
-0.151045
0.442863
0.030312
0.257536
0.330229
0.398382
0.005945
-0.311769
0.343956
-0.079283
-0.773226
0.640059
0.719813
0.194265
0.035565
0.468095
0.131002
0.467995
0.522587
-0.822021
-0.194218
0.722545
0.318806
-0.467408
-0.466033
0.355999
0.170820
-0.657825
-0.049533
0.010364
-0.111774
0.571690
-0.301198
0.029554
0.512250
-0.300486
-0.552454
0.427365
0.123080
-0.301500
0.395802
-0.261503
-0.265391
-0.160345
0.001207
0.552592
0.424991
0.344542
-0.450972
0.133862
0.179673
-0.194973
-0.414170
-0.408089
-0.590386
1.303986
-0.399610
0.589427
0.165244
-0.040528
0.748704
-0.452910
0.141342
-0.910217
-0.291440
-0.176291
0.133602
-0.834189
-0.115878
-0.206793
0.914095
0.507205
0.216290
0.257254
0.482142
-0.018311
0.609270
-0.565776
-0.585531
0.641879
0.743710
0.318219
-0.129083
-0.221447
0.436980
-0.548675
-0.083641
0.399799
0.078659
0.393261
0.365501
0.327896
0.655641
-0.958885
0.018415
0.201337
0.133447
-0.306633
-0.301978
0.177703
0.485200
0.447786
1.309786
-0.115181
0.178553
-0.060995
-0.315911
-0.188201
0.259830
0.519232
0.324102
-1.035926
0.108025
0.472849
0.862912
-1.082462
-0.758046
0.258797
-0.468296
0.228259
0.410845
0.388677
0.103418
-0.453445
-0.070435
0.680579
0.218201
0.421768
0.053001
-0.440234
0.535120
0.447797
-0.057613
1.112390
-0.530428
0.528826
-0.335888
0.090623
0.190017
0.416899
-0.295141
0.435076
0.733595
0.375470
-0.520061
-0.158576
-0.362107
-0.111141
-0.484870
-0.563823
0.692443
-0.661225
-0.951310
-1.007891
-0.979989
-0.263375
0.300675
0.021983
0.411402
0.034235
0.369659
0.619730
-0.490395
1.539573
0.547001
1.023944
0.245377
0.361106
0.321627
-0.004832
-0.473624
-0.326815
-0.069753
0.171275
0.486991
-0.885369
0.379231
0.250613
0.158509
-0.180368
0.083808
0.487097
-0.573419
1.019742
-0.355404
0.126166
0.758486
-0.426077
0.600315
0.426467
0.051208
1.055365
0.782577
-0.817362
-0.725725
-0.038271
0.023298
-0.068846
0.556156
-0.410407
-0.214879
0.956252
0.778528
0.415839
0.122397
0.099191
0.251027
-0.698647
-0.327374
0.336055
-0.666790
0.055620
-0.484430
0.013166
-0.158510
0.390539
-0.119541
0.113418
0.747414
-0.950252
-0.391793
-0.333947
-0.083991
-0.225617
0.210115
0.267545
-0.805183
-0.827060
-0.178366
-0.695331
0.015622
0.285719
0.008405
-0.253481
-0.695977
-0.004487
-0.590901
0.907697
-0.717391
-0.085998
0.331912
0.151136
-0.962895
-0.434839
-0.310383
-0.079526
-0.727447
0.445920
0.048993
0.887324
-0.610129
-0.254673
0.722754
-0.667364
-0.291706
-0.417826
-0.062499
0.362947
-0.331021
-0.715076
-0.515106
-0.152711
-0.002350
0.085081
0.213378
0.093718
-0.629669
0.169899
-0.750926
0.738547
-0.041983
-0.015807
0.084841
-0.000674
-0.522963
0.422120
0.029759
0.243303
0.626679
-0.086400
-0.479270
0.843112
0.583387
0.136606
0.063250
-0.138110
0.143583
1.486049
0.093214
1.106733
0.861775
0.153838
-0.070174
-0.134211
-1.060157
-0.224968
-0.275964
-1.035341
-0.121985
0.051062
-0.244773
-0.199356
-0.347287
0.251997
-0.066191
0.134476
0.353396
0.122730
0.068988
0.020388
0.676363
-0.365842
-0.432909
-0.023097
0.312602
-0.828649
0.129903
-0.835526
0.502009
0.784774
0.165652
-0.146414
0.194472
1.141595
-0.472514
0.593967
0.264941
0.589903
0.698893
-0.804795
-0.016808
-0.822511
0.742933
-0.519599
0.891889
-0.646878
0.168539
-0.646903
0.052163
-0.114131
0.106094
0.216088
0.536832
-0.186242
-0.137437
-0.487174
0.489812
0.019141
0.751781
-0.323475
0.445899
-0.114749
0.053735
-0.298735
0.152091
-0.627060
-0.088206
-0.221913
0.051096
-0.327567
-0.560319
-0.694011
0.374810
0.479007
-1.076961
0.080447
0.078577
0.775637
-0.075011
0.539309
0.532759
-0.413581
-0.271959
0.350637
0.519900
0.107639
0.279981
0.802326
-0.229464
-0.011107
-0.078273
-0.031014
1.076579
0.004953
-0.074925
-0.168722
0.395038
0.629457
0.458345
0.619303
0.077569
-1.025253
-0.073769
0.385618
0.897699
0.251609
0.148461
0.456055
-0.669047
-0.406085
0.083132
-0.576871
-0.892956
-0.459512
-0.486561
0.062831
-0.549355
-0.239215
0.436226
0.572535
0.523845
0.080947
0.414180
0.460723
1.015011
-0.731555
0.380205
0.886911
-0.149203
-0.468101
0.845492
-0.230122
0.248220
-0.425398
-0.102983
-0.122770
-0.756338
-0.588530
-0.746364
-0.095552
0.437141
-0.442623
0.115019
-0.802449
-0.434908
0.901042
0.085452
0.123448
0.953990
0.123224
-0.248334
-0.285337
-0.532591
-0.560044
-0.345632
0.348916
0.452405
-0.410701
-0.867778
0.064478
-0.183079
-0.314671
-0.407237
0.048411
0.289321
-0.220172
-0.085210
-1.646011
-0.044240
0.125140
-0.784475
0.247149
0.248428
0.976160
0.826252
-0.153732
-0.696236
0.809564
0.667960
0.604446
-0.165999
-0.368007
0.579958
0.539008
-0.347629
0.035044
-0.046928
-0.280896
1.023443
0.434485
0.515116
-0.540029
0.005799
-0.984020
-0.708322
-0.135211
-0.728434
-0.485957
-0.173378
0.646537
0.978917
-0.217272
0.180860
0.063170
0.132793
-0.779257
0.114181
-1.295204
-0.751655
0.210722
-0.058712
0.170118
0.818400
-0.314698
0.465222
1.301153
-0.354205
-1.103098
0.173851
-0.254948
-0.299909
0.419222
-0.522997
-0.937426
-0.068973
-0.527458
0.321434
-0.605996
0.155257
-0.918138
-0.064374
0.201875
0.605284
0.738276
1.188483
-0.201820
0.036201
0.043252
0.340941
0.013632
-0.080251
0.045535
0.148526
-0.354629
-0.047678
0.232199
-0.107251
-0.708380
0.006679
-0.464276
-0.576439
-0.393226
-0.943864
0.029360
-0.323608
0.953088
0.886302
-0.889285
-0.292106
-0.274007
-0.433538
-0.885465
0.203784
-0.888016
0.033771
-0.855213
0.987692
0.052398
0.053098
0.654498
-0.960711
0.180631
0.275849
0.182919
-0.612990
0.265512
-0.388917
0.272054
0.156881
-0.911295
0.550692
-0.066917
0.740471
0.488915
0.297139
0.061150
-0.602497
-0.350610
0.139500
0.470667
-0.815695
0.978684
0.011581
0.176770
0.325771
0.030827
0.242040
0.097426
-0.986571
-0.731828
0.294279
-0.014490
-0.012031
-0.129059
0.092930
0.268386
-0.156941
-0.041354
-0.865155
0.472964
-0.111698
0.235756
0.546510
-0.682076
-0.348082
0.203422
-0.050674
0.766829
-0.006783
0.616516
-0.750982
-0.041585
0.111848
0.490542
-0.209662
0.159682
0.446269
-0.438171
-0.240795
-0.049282
0.023401
-1.043226
-0.034284
-0.708820
-0.128740
-0.391104
-0.342380
-0.098706
-0.050408
0.004065
0.029229
0.859732
-0.521735
0.262410
0.397311
0.030567
0.081668
-0.102798
-0.223371
0.694313
0.572976
-0.221751
-0.193679
-0.272072
0.198481
0.255928
0.139831
-0.597953
0.069535
0.341742
0.108709
-0.423154
-0.054925
0.682141
-0.442150
0.331509
0.271710
0.661525
-0.945324
0.656092
-0.268877
1.564531
0.467382
0.158764
0.264329
-0.390341
0.811154
0.638731
-0.588010
0.124327
-0.010914
-0.332167
-0.195945
0.883518
-0.105556
-0.288250
-0.470196
0.259172
0.728420
-0.638598
0.659201
0.087037
0.142108
-0.667709
-0.170289
-0.117842
-0.176484
-0.667392
-0.702029
0.234264
-0.052806
-0.071015
-0.492062
0.321585
0.159602
0.494573
0.259040
0.312034
-0.614700
-0.077203
-0.516750
0.745126
0.802654
0.273323
1.475371
-0.207716
-0.153516
-0.368304
0.810264
0.202303
0.748503
-0.639469
-0.689895
0.551728
-0.423744
-0.176756
0.502363
-0.473844
-0.759605
0.048017
-0.302532
-0.212971
-0.329033
0.114986
-0.011406
0.834016
0.295156
-0.187806
-0.348536
-0.323558
0.523139
-0.599449
-0.245010
0.127603
0.496801
-0.132980
0.491864
-0.865417
0.251159
0.762301
-0.737872
0.528770
-0.027893
-0.124586
-1.428111
-1.084343
0.415460
-0.291440
0.211193
-1.422067
-0.625377
-0.481276
-1.368931
-0.050355
0.168922
-0.134556
0.855416
0.157906
-0.418419
0.372716
-0.201704
0.469971
0.638643
0.059984
0.123360
-0.884489
0.954667
-0.755326
-0.197825
-0.223545
0.383584
-0.317495
0.344635
0.162002
0.432135
0.437873
-0.777828
-0.328718
0.403629
-0.479609
0.304831
0.784222
-0.755821
-0.714773
-0.429130
0.741620
-1.157417
-0.592702
-0.192004
-0.201970
0.978669
0.317645
-0.055813
0.789195
1.045228
0.461331
0.033280
0.150555
-0.072760
-0.809325
-0.891901
-0.191993
-0.070670
-0.034750
0.105219
0.098536
0.169191
0.675229
-0.017161
-0.274048
0.544823
0.622332
-0.257201
-0.210738
-0.702653
1.411682
1.181568
-0.180411
-0.452864
-0.384121
-0.253886
-0.272794
0.969039
-0.004786
-0.654533
0.200316
-0.354694
0.139782
0.533066
0.172535
-0.983317
0.408973
-0.024119
1.415135
0.376561
0.268291
-0.539519
-0.089639
0.273520
-0.428341
0.814887
0.231863
-0.470451
0.827183
-0.042621
0.041376
-0.141927
-1.293939
0.080267
-0.208619
-0.733311
-0.351778
0.716757
-0.119746
-0.666416
-0.390222
0.048318
-0.001299
-0.220247
-0.631516
-0.102693
-0.939686
0.065518
0.328427
-0.386019
-0.031789
-0.101761
-0.629702
0.304189
-0.212901
0.290453
-0.310801
-0.245590
-0.228026
0.867396
-0.067303
-0.305270
0.154867
-0.150269
0.209937
0.446378
-0.418697
0.252530
-0.208366
0.526761
-0.054179
-0.517129
0.489361
0.020382
-0.535197
-0.556421
-0.631229
-0.229650
0.650162
-0.115853
-0.141586
0.475129
0.326551
0.125579
-0.472395
-0.074612
0.615930
-0.548664
-0.358620
0.074496
0.637531
-0.023638
0.324118
0.316653
0.145932
-0.046402
0.605870
-0.007331
-0.033205
-0.692551
0.511936
0.034983
0.093349
0.172608
0.248404
0.172257
-0.500170
0.393213
-0.410331
0.036153
0.952007
-0.028080
0.163421
-1.134311
0.692030
0.043986
-0.573462
-0.933360
0.299056
0.406626
0.594855
0.081382
0.015869
0.838249
0.452950
0.389735
0.939323
-0.164477
0.039892
-0.196980
0.462125
0.018276
0.092318
0.492905
0.409341
0.264901
-0.408718
-0.156663
-0.531719
0.478333
0.149814
-0.513992
0.204208
0.323703
-0.158776
0.144726
-0.589637
0.321373
0.045480
-0.351750
0.008152
1.040351
-0.050214
-0.368350
1.620654
-0.430533
-0.372978
0.809175
0.887221
0.346689
-0.411136
-0.152871
0.283386
0.071468
-0.429573
0.428239
0.180599
-0.564685
-0.237974
0.510592
0.624990
-0.881969
-0.314641
0.522474
0.129817
-1.229364
-0.212691
-0.528681
0.737449
-0.013835
0.005752
-0.157114
0.106583
0.304034
0.463739
0.161552
0.544748
0.030243
0.254902
-0.724666
-0.840200
0.606852
0.082288
-0.564172
-0.402328
-0.377486
0.471056
-0.870065
0.103753
0.392335
-0.292842
-0.089018
-0.152133
-0.865472
-0.536674
-0.437232
-0.845768
-0.108037
-0.068877
-0.514523
0.028317
0.518987
0.043835
-0.313998
0.412822
0.283678
0.836923
-0.100304
0.568326
-0.331389
-0.298451
0.391920
0.008942
-0.827194
0.228454
-0.302380
-1.038398
0.888558
-0.805291
0.574190
-0.726127
-0.145378
-0.232261
-0.163027
-0.660910
0.586493
-0.177771
1.251840
0.345380
-0.445437
-0.004882
-0.559844
-0.526108
0.037295
-0.804661
-0.300597
-0.217464
-0.223374
-0.015509
0.388924
-0.066065
0.613508
0.458633
-0.107660
0.046874
0.005636
-0.380001
0.050965
-0.230953
-0.342025
0.630014
1.852405
0.780974
-0.321858
-0.567085
-0.055306
-0.493689
0.658516
0.127041
0.081028
-0.340839
0.083432
-0.364730
-0.614449
-0.031088
0.033223
0.118394
-0.258399
-0.076485
0.529247
0.031919
-0.553122
-1.206939
-0.237340
0.475380
-0.288192
-0.680344
-0.547809
0.041483
-0.138650
-1.380261
0.796720
0.310265
-0.250948
-0.689647
1.316063
-0.153958
0.839185
-0.517997
-0.210347
0.153958
-0.976636
-0.129072
0.255559
0.613065
0.097229
-0.485098
0.048877
0.155727
0.039256
0.707112
0.564705
1.118001
-0.040391
-0.121330
0.550978
0.503861
0.429330
-0.006234
0.612188
0.021471
0.077930
0.231663
-0.376823
-0.521576
-0.112528
0.145736
0.089680
0.166652
-0.336894
0.088658
-0.430317
1.011769
-0.385156
1.121581
0.102138
0.133758
0.293947
-0.150753
-0.008082
-0.246828
-0.800458
-0.459481
1.035115
0.315558
-0.360057
0.234340
-0.131515
-0.403026
-0.452316
0.239809
0.264589
-0.303890
0.243760
0.670540
-0.082240
0.210588
0.816874
-0.358411
0.131679
0.529656
-0.393533
0.769391
-0.655036
0.215965
0.795662
0.086530
-0.279892
0.019943
0.018200
-0.569599
0.195924
-0.195787
0.450903
0.020867
-0.679642
-0.269943
0.647086
-0.526338
-1.234565
0.541861
-0.181304
-0.709324
0.724391
-0.302648
-0.545475
-0.739618
0.320153
-0.155571
0.189931
0.595482
0.081027
-0.357441
0.554667
-0.009953
0.169887
-0.633339
-0.510304
0.277419
0.404551
0.400417
0.514298
-0.035118
-0.541299
0.875282
1.621120
0.178589
0.628717
-0.141297
-1.492166
0.258284
0.738807
-0.420478
-0.592139
0.573808
-0.230424
0.281959
0.199401
0.652551
-1.075743
-0.391331
0.304200
-0.149412
0.077318
0.379898
0.155503
-0.254314
0.380371
0.270599
0.035248
-0.123250
0.060416
-0.483365
-0.027032
0.430592
-0.140314
0.024226
1.205485
-0.720965
0.926315
0.382773
-0.634504
-0.169900
-0.062232
-0.353146
0.978167
0.379850
0.674805
-0.645796
-0.012987
-0.424239
-0.242811
0.267729
-0.696833
-0.468473
0.634963
0.460772
-0.112045
-0.598951
0.024125
0.893171
-0.629707
0.791294
-0.516914
-0.470685
-0.433287
0.149366
0.711842
0.059206
0.148153
0.463322
0.156026
-0.144139
-0.210686
-0.286694
-0.096968
0.705639
0.052228
0.921159
-0.120227
0.788655
-0.003151
0.313981
-0.263924
-0.599088
-0.026309
0.106179
0.643765
0.556863
-0.487973
0.355549
-0.351497
-0.335312
0.164884
0.524299
-0.228750
-0.399406
-0.221691
1.046932
0.092060
0.553377
-0.238467
0.484787
0.012630
0.392870
0.200743
-0.688286
0.656668
-0.619139
-0.345790
-0.034557
-0.444589
0.960265
-1.122298
-0.089415
0.699355
0.381509
1.060929
0.496898
-0.559158
-0.270897
-0.847241
0.958070
-0.744994
-0.025653
-0.818377
0.074859
0.040687
-0.831986
-0.773213
0.003482
0.001436
-0.533227
-0.792982
0.921490
0.617083
1.288927
-0.487294
0.093004
-0.810189
-0.049959
0.283292
0.019550
0.348891
-1.175164
0.365317
1.045408
0.119068
0.393355
0.107189
-0.605676
-0.073712
-0.892188
0.429011
0.040538
0.005482
-0.725706
0.056304
-0.667442
0.574722
-0.211116
0.403937
0.959710
0.643995
0.101977
0.486797
0.137376
0.615479
-0.460544
-0.314037
0.269388
1.161084
-0.080571
-0.085575
0.204992
-0.210088
-1.032612
0.094777
0.797836
0.295705
0.352050
-0.788219
0.463260
-0.657464
-0.406327
-0.202164
-0.218649
0.646060
0.671402
-0.947752
-0.011197
-0.563149
-0.441773
-0.498494
0.735462
0.309796
0.365745
-1.200258
0.878544
0.193506
-0.309863
0.143587
0.678245
0.031950
0.485345
-0.100178
-0.326838
-0.627313
0.254122
0.301830
-0.246979
0.649374
0.162721
-0.463278
0.265722
-0.010268
0.052833
0.875866
0.124640
0.461233
-0.547769
0.927662
-0.411828
-0.279060
0.344863
-0.686455
0.059256
0.203791
0.639506
0.431433
-0.613672
-0.124486
-0.186132
0.298798
-0.062697
0.260699
0.051165
-0.140899
-0.423440
-0.292471
0.694807
-0.351110
-0.056701
-0.419652
1.360215
-0.881396
0.019151
-0.519228
0.891104
1.253335
-0.280471
0.084521
-0.188193
0.025911
-0.162530
0.868533
0.377062
-0.164839
-0.396511
-0.070847
-0.588874
-0.462741
-0.942253
0.955096
0.134554
-0.449186
0.068370
0.193989
-0.215739
1.082364
-0.821150
0.586918
-0.037765
0.095847
-1.178978
-0.225644
-0.162295
-0.381630
0.600648
-0.225909
0.579159
0.508006
0.228615
1.159787
0.317707
-0.443014
-0.035719
-0.228226
0.216013
-0.780310
-0.474419
-0.085296
0.796639
0.078867
0.607060
-0.909339
-0.338494
-0.353275
0.164012
0.999403
0.214942
0.002594
-0.042201
-0.334643
-0.470464
-0.567643
-0.623585
-0.498345
-0.166548
-1.369325
-0.386167
0.578774
-0.008733
0.200616
0.415229
0.341078
-0.444852
-0.624676
-0.119205
0.559562
-0.475444
0.391949
-0.300616
0.057531
-1.012567
-0.551131
0.491144
0.026208
0.525539
0.142580
0.518367
-0.609719
0.277631
-0.333429
0.899173
0.208715
-1.148692
0.543542
0.972923
0.348719
-0.574382
0.314570
-0.228505
0.437952
0.495627
-0.006461
0.302387
0.455405
-0.648998
-0.075092
0.107417
0.519150
0.145415
-0.015751
0.500455
-0.565416
0.316234
-0.117276
0.196707
-0.466641
0.152388
-0.231887
0.052900
0.108506
-0.178724
0.062739
-0.378614
-0.416206
0.677107
0.226013
-0.731611
-1.588429
-0.154133
-0.424424
-0.948684
-0.088166
0.929987
0.418555
-0.114600
0.125317
-0.690649
-0.567363
1.126061
-0.776164
-0.149077
-0.673926
-0.558600
-0.058993
-0.085670
-0.461131
0.601885
1.043794
-0.632468
0.166117
1.002844
0.223435
0.890191
