0.341148
0.984777
0.535673
-0.857407
-0.177499
0.424778
-0.591328
-0.649050
0.045279
-1.131700
0.092545
0.095463
-0.246180
-1.055221
0.880550
-0.184155
0.858683
-0.652846
-0.204184
0.077713
-0.708392
0.467374
0.712304
0.466482
-0.199061
0.408979
-0.955708
-0.963412
0.158385
-0.214019
0.243199
-0.772086
-0.823079
0.177034
0.141875
-0.286967
-0.616393
-0.103935
-0.944106
0.741878
0.269578
0.312258
0.125483
0.882122
-0.029739
0.830470
0.608710
-0.346115
-0.431227
-0.107157
-0.099721
-0.595853
-0.511205
-0.495297
-0.200811
-0.441921
0.047932
0.617459
0.394755
-0.762413
-0.171871
-0.256407
0.361884
0.279338
0.454037
0.505395
0.592974
0.115361
-1.450834
-0.114790
0.330028
-0.622597
-0.547982
0.349485
0.292191
0.187926
-0.432887
0.675429
0.367620
0.268182
-0.356549
0.309174
-0.540130
-0.017756
-0.064501
0.997472
-0.155992
-1.045729
-1.166024
0.251939
-0.370647
-0.800729
0.894589
0.890690
-0.085110
0.434667
-0.902776
0.088854
0.480305
-0.332174
0.454450
-0.198393
1.004664
0.957265
-0.112029
0.160849
0.002465
-0.100700
-0.281153
-0.944249
-0.683077
-0.390527
-0.696360
-0.418231
-0.604525
-0.554305
0.958541
0.378521
-0.613525
-0.529733
0.339516
-0.476476
-0.979061
0.441003
0.131922
0.070042
0.262273
-1.640875
-0.105866
0.298075
-0.323699
-0.147453
-0.805129
0.615007
0.986349
0.464055
0.341755
-0.048070
-0.596742
-0.643531
0.958128
-0.983944
-0.143403
-0.080049
0.106896
0.966134
-0.244121
0.738930
-0.616790
-0.296748
0.567061
-0.169137
0.448986
0.093179
-0.263370
-0.085408
0.134253
-0.735346
-0.198641
-0.082045
0.304858
-0.881379
-0.292737
-0.750792
-0.059858
-0.180528
-0.137790
-0.876303
-0.476829
-0.372925
-0.437822
-0.492402
0.276589
-0.518559
-0.279225
-0.495204
-0.294166
0.284206
-0.764905
-0.900117
0.548539
0.454176
0.183566
-0.390456
-0.800107
-0.645548
-0.255698
0.126804
-0.267370
1.319419
0.343717
-0.315309
0.743889
-0.851261
0.335772
0.127605
-0.826422
-0.675001
-0.349760
-0.795792
-0.211793
-0.125488
0.614003
-0.091873
0.211030
0.473979
-0.711761
-0.594132
-0.109393
0.093001
-0.744178
0.269536
-0.097845
0.468679
-0.201456
-0.454185
-0.288283
0.074502
0.261240
0.488912
0.522888
-0.369203
-0.514831
1.163568
0.039949
-1.050219
-1.293075
0.050703
-0.070733
0.062260
-0.199357
-0.563448
-0.320760
-0.461325
0.051162
-1.101662
0.443479
0.250758
0.009145
0.615030
-1.174805
0.350597
0.309329
0.151658
-0.498226
-0.206797
0.657141
0.296916
0.381843
0.275718
-0.559298
0.428270
-0.773251
0.013464
-0.232780
0.029927
-0.299137
-0.442439
-0.375666
-0.267845
0.590661
0.352270
0.283158
0.037402
0.680468
0.830511
-0.884916
0.836715
0.025736
-0.284583
-1.846053
0.334092
0.247788
0.295857
-0.273258
0.824816
0.459533
0.111092
-0.199657
0.934699
0.256563
0.180194
-0.276601
-0.433938
0.984675
0.775189
0.243497
0.401345
0.217246
0.250347
1.066955
-0.447090
-0.718173
1.130550
0.207173
-0.425411
0.368767
0.486399
0.248669
0.551965
0.927428
-0.020687
-0.875733
-0.427186
-0.040097
0.021428
-0.012382
0.003854
-0.140389
-0.489911
0.626851
0.071151
0.062237
0.116078
0.239340
-0.491221
1.063595
0.993364
0.125553
-0.277178
0.086899
0.790047
0.093741
1.041242
0.305845
0.317652
0.469277
-0.322084
0.018433
0.206279
-0.806968
-0.161385
0.983087
0.721940
0.153717
0.314280
0.516771
0.332968
0.399931
-0.135898
-1.105094
-0.179425
0.139471
0.423267
-0.134389
0.044120
-1.033892
-0.229858
0.940179
-0.355232
-0.347023
-0.043075
-0.437867
-0.105773
0.269585
1.040276
-0.892595
0.081921
-0.187880
-0.325393
0.153394
0.470542
-0.687062
0.006969
-0.908443
-0.954651
-0.310266
0.135344
0.702356
-0.272638
0.222526
0.331798
-0.462077
0.971231
0.044363
-0.824676
-0.165653
0.700390
0.100169
0.002621
-0.190010
-0.141239
0.932565
-0.433207
-0.305929
-0.065908
-0.177071
-0.023079
0.676157
-1.135633
-0.420743
1.407037
-0.642179
0.113439
0.198615
0.760953
0.251544
-0.312902
0.315927
-0.178025
-0.078532
-0.241218
-0.233046
-0.337769
0.012341
-0.437669
-0.277756
-0.037879
0.259025
-0.140516
0.014312
0.205624
-0.433800
-0.052317
-0.235208
-0.444001
0.446362
-0.377768
0.026658
0.094508
-0.266854
-0.172996
0.398734
0.758735
0.726814
0.740510
-0.356644
-0.090403
-0.755660
0.134156
0.670397
0.013565
0.457819
0.982006
1.127839
-0.886911
-0.194218
-0.821067
0.632268
0.419210
0.811210
-0.425943
-0.912117
-0.997527
0.282982
1.253597
-0.321682
0.393256
-0.427855
0.717899
-0.268263
-0.537121
0.274849
-0.429480
-0.796937
0.207982
0.335470
0.348561
-0.378061
-0.611891
-0.372096
0.165886
0.101986
0.190202
-0.041109
0.819081
-0.186243
0.621832
-0.286781
-0.553735
-0.387728
0.350912
-0.252960
-0.734884
0.029363
0.160624
0.307722
0.248747
-0.122460
1.279914
-0.457204
0.025231
-1.332116
-0.251430
-0.582305
-0.779687
-0.558247
0.130265
-0.420361
-0.408097
-0.514069
0.134336
-1.848189
-0.199365
-0.172743
0.016091
-0.090856
0.437699
0.259504
-0.240237
0.870057
-0.534520
-0.859101
1.015433
-0.202693
0.115644
0.862753
-0.861528
0.458768
0.561015
0.364708
-0.016948
0.031059
-0.015885
-0.228209
0.926631
0.341877
0.780448
0.438030
-0.220575
1.171108
0.035587
0.322150
0.996717
-0.544395
-0.544057
-0.376800
-0.198194
0.201029
0.058298
0.070775
0.296285
-0.967080
1.250507
0.528154
-0.081791
0.890472
0.675947
0.356619
0.457846
-0.361198
-1.291109
-0.134931
-0.392218
-0.293119
-0.269919
0.057569
0.370211
0.304546
-0.301980
-0.357836
0.646035
0.243417
-0.984165
-0.252051
0.457973
0.133975
0.737798
0.352921
0.016176
-0.374933
-0.510631
-0.516261
0.814904
0.555350
0.269867
0.654998
-0.225934
-0.169024
-0.225203
-0.817321
0.529088
0.233090
0.495453
-0.176183
-0.089375
-1.090833
0.054034
-0.630273
-0.107359
-0.373119
-0.360294
0.242836
0.643837
0.689076
0.677121
-0.322881
-0.099243
0.019265
0.155645
-0.000580
0.864188
0.170671
-0.247320
-0.530183
0.176911
-0.021495
-0.300617
0.157844
-0.431165
0.438321
-0.557798
0.848006
-0.422950
-0.435754
0.139600
0.754546
0.399583
0.534998
-0.295675
-0.663830
-0.660255
0.361598
0.121791
0.524865
-0.462569
-0.544473
-0.880212
-0.170924
-0.451537
-0.127158
-1.067612
-0.003600
-0.751372
0.309194
-0.822974
0.264905
-0.417541
0.195829
0.398499
-0.323959
0.528831
0.166331
-0.110499
0.638028
0.800041
-0.298442
0.250158
-0.070793
0.110854
0.062913
0.287647
-0.514541
-0.176819
0.522971
-0.141871
-0.501121
-0.061312
-0.180791
-0.528140
0.489751
-0.143733
0.101301
1.218538
0.634963
0.458816
-0.024743
0.295494
0.869333
-0.161191
-1.132309
0.771898
0.547704
-0.178027
-0.220824
0.069212
0.531039
0.639733
0.461497
-0.157596
0.138735
-1.027687
-0.290463
-0.030457
0.463454
0.475280
0.664207
0.369232
0.402415
0.614929
-0.177905
-0.159700
-1.034219
-1.518801
-0.404995
0.623327
0.300142
0.233344
0.629255
0.131228
-1.067261
0.478331
0.429069
0.094059
0.388951
-0.392718
-0.739160
-0.085363
-0.426413
-0.166310
0.354445
0.080998
-0.835693
-0.061902
-0.269921
-0.082671
0.596303
0.645501
0.234472
-0.407865
0.393847
-1.272901
-0.118005
-0.237357
-0.316249
-0.162305
-0.281722
-0.305769
-0.491781
0.187865
0.437304
-1.102105
-0.752754
-0.310802
0.898554
-0.197751
-0.027561
-0.110599
1.146003
0.291564
0.842490
-0.601832
-0.360146
-0.040559
-0.268366
0.552757
0.592916
-0.412509
-0.000360
0.450250
0.297506
0.595712
0.305508
-0.891974
-0.975758
0.083890
-0.924398
-0.363922
1.221656
1.088055
0.664923
-0.009774
0.408037
-0.640152
0.116752
-0.104643
0.351192
-0.367233
-0.255873
-0.929045
-0.897299
-0.028022
-0.170636
-0.044793
0.491917
0.184264
-0.605186
-0.634722
-0.630234
0.572247
-0.337725
-0.560592
0.767747
-0.084424
-0.253003
0.388164
0.560496
0.288046
-0.700795
0.037574
-0.153668
-0.445214
-0.359454
-0.677462
0.318959
0.633385
-0.727494
0.553083
0.634382
-0.445854
0.753542
0.690496
0.145677
-0.336349
-0.109147
0.157133
-0.502656
0.032864
-0.415026
-0.249812
0.764757
0.729355
-0.037850
0.008360
-0.509423
0.858537
0.391693
-0.473090
0.103385
-0.191560
0.357985
-0.030522
-0.515204
-0.147282
0.187544
0.031034
-0.527333
-0.641012
0.001738
0.665800
0.292687
-0.063973
-0.686167
-0.274954
0.304371
0.260517
0.730054
-0.576258
-0.134026
-1.047255
0.492209
0.030368
-1.011264
-0.654011
-0.375947
-0.297912
0.424489
-0.503968
-0.039102
-0.185646
-0.307358
0.448569
0.126593
-0.475043
0.163166
-0.396058
0.349777
0.463268
-0.033036
0.233460
-0.307304
-0.472794
-0.142451
-1.105299
-0.235234
0.243421
0.650640
0.011426
0.607565
0.127005
0.394593
0.632930
0.879869
-1.067718
-0.139303
0.019401
0.217107
-0.354315
0.023387
-0.349293
-0.090676
-0.608651
0.632907
-0.163997
-1.004399
0.789243
0.024363
-0.057768
-0.274870
0.269193
0.944459
0.874514
0.017971
-0.164551
-0.617651
-1.128851
-0.230996
-0.144635
0.890828
0.706809
-0.150540
-0.710774
-0.402940
-0.620233
0.860802
-0.267324
0.375956
-0.644410
0.044934
-1.185508
-0.851224
-0.459071
0.485673
0.543453
0.134655
0.027159
0.475431
-0.642953
0.093529
-0.384961
0.053892
0.734288
-0.274081
0.265712
0.399043
-0.299838
-0.419138
-0.159122
0.431188
0.591536
0.041234
0.212899
-0.146778
-0.648657
-0.266085
-0.534870
-0.501910
-0.497723
-0.753365
0.171089
-0.284534
-0.627480
-0.586163
0.469600
0.048499
-0.964171
-0.647126
-0.671500
-0.471491
-0.455429
-0.925475
0.013557
0.853315
1.076716
-0.028014
0.460993
-0.838676
0.235652
-0.402924
-0.163601
-0.228875
0.048287
0.707152
0.055876
-0.017693
0.292233
0.183157
-0.195814
0.461771
0.331820
-0.712173
-0.274488
0.410088
-0.230616
-0.003117
0.400980
-0.630407
-0.186727
-0.170151
0.094060
0.349674
-0.479060
0.644581
1.382763
-1.217638
-0.942991
0.195557
0.273875
-0.168061
0.044161
-0.210193
0.304129
-0.209404
0.014608
-0.150346
-0.713386
0.557785
-0.017419
0.651748
0.201627
-1.259247
-0.803817
0.168571
-0.447439
0.493135
0.500674
-0.824852
0.889951
0.505104
0.067772
0.889577
0.037317
0.529503
-0.996952
0.042673
-0.110359
-0.760593
0.504433
0.326670
-0.325693
-0.058337
-1.301816
-0.377489
-0.007307
-0.770923
0.213786
0.070454
0.766149
-0.164691
-0.474238
-0.291109
-0.125220
-0.662442
-0.266284
-0.005598
0.583161
-0.717638
0.569610
0.534142
0.205280
0.700231
0.207129
-0.465542
0.087363
0.760187
0.288454
0.171832
-0.100791
-0.534092
-0.258969
0.006952
0.081155
0.657924
0.142596
0.257994
-0.163303
0.281644
-0.205522
0.434912
0.157221
-0.782227
0.320759
-0.656522
-0.229887
1.534407
1.397389
-0.046909
0.964699
0.932324
0.415570
-0.353661
0.025490
-0.467892
0.252940
-1.015206
-0.519468
-0.705270
0.211386
-0.081698
-0.028451
-0.858510
0.095798
0.647949
0.170377
0.218393
-0.187338
-0.014918
-0.172510
-0.544982
-0.744829
-0.286445
-0.306425
0.232500
-0.138604
0.311541
-0.270133
0.279872
0.223592
-0.300737
-0.453766
0.614633
-0.119441
-0.668648
-0.013395
0.244486
-0.114989
-0.559489
-1.444074
-0.251935
0.751517
0.687861
-0.159877
-1.178066
0.517386
-0.145939
0.327330
-0.096754
0.615628
0.279402
0.760799
-0.611779
0.023326
1.074379
-0.305819
-0.412098
-0.133554
0.137276
0.748931
-0.124645
0.694802
-1.147019
-0.458147
0.153510
0.796186
-0.011637
0.383928
-0.514124
0.169656
-0.143765
-0.081221
0.110036
-0.417629
-1.072117
-0.251468
-0.045927
-0.211107
0.084892
0.631141
-0.286165
-0.165231
0.083724
-0.278155
-0.052092
-0.164645
-0.124143
-0.320459
-0.194754
0.734473
1.011433
-0.652269
-0.208308
0.175528
-0.865489
0.091937
-0.833270
0.028965
0.484191
0.584277
1.397842
0.337774
-0.178897
0.024795
0.703260
-0.425815
0.471655
0.588445
0.101994
-0.005360
0.572089
0.947577
0.445737
-0.629071
1.030899
-0.564900
-0.486604
0.593021
0.136185
0.192617
-0.664333
0.459540
-0.472902
-1.060695
0.058261
-0.134329
-0.767803
-0.459787
-1.507173
-0.989089
-1.062993
-1.391699
-1.143487
-0.744255
-0.920413
-1.170546
-0.317688
-0.777452
-0.743271
-0.155754
-0.782809
-0.299052
0.193814
0.018992
0.271316
0.262237
-0.124594
0.819712
-0.701229
0.953118
0.543111
-0.015657
1.321442
0.594732
0.329230
-0.095778
1.690435
1.099097
0.839754
0.336433
0.815863
1.124388
1.165663
0.830470
0.323276
1.044510
0.557251
0.666248
0.554467
0.056235
-0.152468
0.505008
-0.012114
0.698512
-0.841165
-0.638273
0.669335
0.681282
-0.474886
-0.793841
-1.546531
-0.927755
-1.181447
-0.951793
-1.120309
-0.623905
-0.999516
-1.010344
-0.123415
-0.065353
0.023103
-0.378368
-0.118741
-0.160849
-0.121644
0.388228
-0.939383
0.811271
-0.152953
0.160682
-0.196228
1.048589
0.170169
0.801687
-0.805883
-0.039689
0.073314
0.720240
0.159243
-0.527388
0.103211
0.587661
0.059465
-0.432150
0.556389
0.972849
0.669187
-0.421869
-0.287862
0.694314
-0.334509
-0.367218
0.569753
-0.116114
0.546200
1.270822
-0.983723
-1.029005
0.647405
0.598712
0.534875
0.285782
0.531836
-0.369967
0.035774
-0.650078
0.783824
0.870469
0.251308
0.780562
0.623279
0.275750
-0.938122
0.710652
0.905742
0.465017
0.380398
0.717365
-0.655105
-0.867141
0.866941
-0.339041
0.283269
-0.539169
-0.062970
-0.297207
-0.792334
0.162616
-0.375632
0.267438
-0.165739
0.092702
-0.483866
-0.950317
-0.085018
-0.522021
-0.814976
-0.350997
1.334056
-0.322379
0.196826
0.079120
0.506696
1.392355
-0.045385
-0.173020
-0.177860
0.263205
0.195841
-0.517545
1.338641
0.268362
-0.290650
-0.136135
0.570818
-0.791526
-0.135103
-0.043860
0.048514
-0.123953
0.407596
0.031579
0.113931
-0.592450
0.321265
-0.519475
0.695989
0.164612
-0.464596
-0.073147
0.437181
0.239390
0.380682
0.841306
-0.423495
0.313485
0.218919
0.856997
-0.431289
-0.424723
0.185713
-0.094738
0.135920
0.820616
0.405330
-0.116489
0.864554
-0.451019
-0.476589
-0.260976
-0.434378
-0.568763
0.176452
0.174986
0.306754
0.257684
0.466171
-0.176281
0.077482
-0.203482
0.063383
-0.029939
-0.309668
0.902431
-0.355103
0.593069
-0.091085
1.193777
-0.120619
0.567124
0.086998
0.194409
-1.042971
-0.527531
0.462652
0.876194
0.193946
1.330399
-0.223023
-0.786262
0.210173
0.674775
0.693239
0.073144
0.667415
-0.067148
0.525540
0.136987
-0.604095
-0.467340
-0.262976
-0.427747
-0.866855
0.657955
-0.279905
-0.018399
0.270083
-1.405706
0.352536
0.152667
-0.005835
0.544047
1.063801
-0.500404
0.699882
0.120014
0.594999
-0.092851
0.267327
0.672831
-0.081525
0.183879
0.505558
-0.052458
0.842897
0.135670
0.220868
0.901273
-0.035826
0.406054
-0.192932
-0.103326
-0.897960
0.240010
-1.498721
-0.028288
-0.109097
0.270632
0.055496
-0.502174
0.255252
0.222522
-0.483332
0.656559
0.218884
0.595908
-0.681646
0.477053
-0.017440
-0.265294
-0.349533
-0.268058
-0.420236
0.565437
-0.328666
0.470210
0.226778
-0.261819
-0.073755
0.203656
0.153326
-0.807860
0.944373
-0.429965
-0.691739
0.367761
0.404552
0.952412
-0.059943
-0.357465
-0.806567
0.661787
-0.168935
0.033958
-0.134162
-1.003710
0.922904
0.702493
2.016952
0.082415
-0.006104
0.964437
-0.249073
-0.075908
0.717464
0.880336
0.649663
0.741425
0.312207
0.486652
-0.493504
0.207862
-0.052021
0.150149
0.016444
-0.793364
-0.625456
0.837279
-0.123123
0.739658
0.582280
0.420515
0.750319
0.833238
-0.460202
0.266238
0.096787
-0.139323
-0.164220
0.110830
-0.666813
-1.237812
0.346078
-0.512770
-1.087987
-0.051352
0.535615
-0.416075
0.389680
0.005965
0.146552
0.399917
-1.396498
0.107371
0.146042
0.410262
-0.094638
-0.073778
0.247222
0.310941
0.496334
0.435851
1.025321
0.483877
-0.396041
0.037828
0.517575
-0.096869
-0.033914
0.513587
-0.495461
0.083753
-0.468126
0.557935
0.011725
0.174119
-0.586059
-0.100183
-0.046631
-0.420093
-0.035339
0.083281
-0.691524
0.017349
-0.021299
0.801502
-0.100008
0.066002
-0.032395
0.273942
-0.220955
-0.623865
0.045580
-0.388412
-0.267071
-0.275944
-0.229897
-0.090710
-0.536684
-0.185204
-0.449540
-0.563263
-0.589309
0.586087
0.377076
-0.131174
0.220655
1.059951
0.381872
-1.041745
-0.171382
0.475507
-0.604140
-0.689155
-0.146384
0.045688
0.729076
-0.294045
-0.569558
0.391616
0.227539
0.732132
0.042614
0.437721
0.329611
-0.320921
0.333199
-0.380585
1.063565
0.389526
0.113648
0.563684
-0.989217
-0.603993
0.071685
-0.326324
0.124832
0.779519
-0.647231
-0.543746
0.862260
0.696587
-0.071735
-0.632838
0.375096
-0.575807
-0.095151
-0.474003
-0.714509
0.631414
0.735887
0.062007
-0.488153
-0.459724
-0.552477
-0.257501
-0.721920
-0.829263
0.290295
-0.459499
0.258137
0.296194
0.687841
0.123182
0.019695
-0.366869
0.417197
1.372504
0.036299
-0.407532
-0.355383
-0.271650
-0.034299
-0.084672
-0.077970
0.875899
-0.175305
-0.409756
-0.440756
0.033394
0.151467
-0.074165
-0.272779
0.757045
-0.720843
-0.299630
-0.192338
-0.388036
-0.905013
-0.591760
-1.069613
0.049460
-0.452075
0.779251
-0.104546
-0.148222
-0.256643
-0.402884
0.573126
-0.136180
0.065575
-0.620705
-0.639140
-0.611479
-0.282095
-0.096995
-0.054597
-0.332497
0.664229
-0.340805
-0.399124
0.585497
0.452303
-0.703171
0.013257
-0.057509
0.506345
-0.375900
-0.835774
0.078201
0.100494
0.181219
0.163983
-0.997347
0.929522
0.174398
-0.283135
-0.647980
0.419397
0.224115
-0.004670
0.320111
0.366053
0.430764
-1.083534
1.518829
-0.444186
-0.627903
0.719586
-0.758664
-0.335220
-0.243860
-0.323469
0.367378
0.285478
0.354628
0.162144
0.450596
-0.379021
-0.293235
-0.347699
0.994209
0.948040
0.461735
1.114606
-1.130220
-0.695349
-0.796313
0.163794
0.044315
-0.009456
-0.268773
-0.358676
0.439269
0.212832
0.162850
0.711059
0.168433
-0.597106
-0.207566
-0.012618
0.187184
-0.174799
-0.364865
0.996818
-0.215891
0.129987
0.621574
-0.079672
0.052062
0.468126
0.049936
0.039300
0.279143
-0.169563
-0.069643
0.665011
-0.572692
0.393189
0.797598
-0.373881
-0.565778
-0.360163
-0.712890
0.448909
0.075314
-0.263298
0.096554
0.189403
-0.058689
-1.144523
0.329969
0.491793
0.419230
0.448553
-0.082118
0.483539
-1.288151
-0.592135
0.094753
-0.189136
0.510935
0.093657
-0.319727
0.362784
-0.614535
0.172198
0.830699
-0.010433
-0.876090
-0.417340
-0.327535
1.288920
-0.232520
-0.876788
-1.430006
0.367326
-0.280198
0.669510
0.801104
0.210504
0.005944
-0.558924
-0.118652
0.841646
-0.081132
-0.053331
-0.449845
-0.634509
-0.070857
-0.217750
0.540195
0.617082
0.995257
0.424185
-0.952554
-0.315098
0.565721
0.575222
0.612253
1.042055
-0.472013
0.552137
-0.846998
-0.537364
-0.485516
-0.586619
0.432244
-0.031142
-0.681383
-0.555546
-0.315910
0.102407
-0.435909
0.145198
0.808178
-0.469821
-0.154704
-0.082340
0.667163
0.481175
-0.370450
-0.022828
-0.867050
0.281558
0.847160
-0.576562
0.029453
0.589308
0.354531
0.071347
-0.223509
-0.651642
-0.111725
0.937745
-0.097488
0.189403
-0.128851
0.141951
0.846350
0.092644
-0.447955
0.728231
0.130075
0.566456
-0.695112
-0.634013
-0.087171
-0.578769
0.123036
-0.744290
-0.126014
0.649497
0.087350
-0.299808
-0.205808
0.157081
0.210273
-0.559867
0.691418
-0.256317
-0.626498
0.723180
-0.473431
0.014003
-0.514184
0.202432
-0.222268
0.654782
-0.605130
0.876598
1.305836
1.207443
0.339628
-0.323629
0.194785
-0.106510
-0.480734
0.104341
-0.155830
-1.393895
0.825114
0.051878
0.129537
-0.257780
-0.714698
-0.388232
-0.661418
-0.508494
0.410610
-0.304194
0.654209
0.494117
-0.541348
0.087858
0.659192
-0.394879
0.026635
1.276989
0.291261
-0.270375
0.423190
0.272066
-0.273533
-0.538772
-0.088618
0.125130
-0.544111
-0.401380
-0.254209
0.881548
0.278100
0.092968
0.125880
0.395245
-0.931996
0.036945
-0.414789
-0.492968
0.351324
-0.033139
-0.322445
-0.144706
-0.274609
-0.051354
-0.357121
-1.614352
-0.122433
0.058471
-0.013586
-0.566901
-0.310179
-0.249908
-0.534774
0.335647
-0.056554
-0.541288
-0.043636
-0.229527
-0.252823
-0.162905
-0.169615
-0.606589
-0.254291
-0.391581
-1.142381
0.343562
0.062455
1.197683
0.239045
-0.499156
0.054600
0.097321
-0.454631
0.544006
0.322902
0.017650
-1.171256
-0.084826
0.170656
-0.500945
-1.168558
-0.127730
-0.398971
-0.076892
-0.050413
0.502685
-0.631144
0.287019
0.335562
0.234762
-0.732966
0.872303
-0.681241
-0.271115
0.193445
0.751113
-0.194351
-0.357952
0.118572
0.032802
0.208004
-0.936305
-0.041493
0.705214
-0.049225
-0.298754
-1.096336
-0.435372
0.241418
-0.238926
0.392022
0.572714
0.410477
0.921967
0.457672
0.097888
-0.170591
-0.430338
0.009064
-0.326818
-0.040871
-0.401794
0.142502
0.565819
-0.164471
-0.007196
-0.104191
0.605370
0.722743
0.016647
-0.415371
0.323588
0.628598
-0.912169
-0.160428
0.187416
0.094615
-0.827128
-0.320001
-0.150207
-0.155047
-0.399763
0.063546
0.404987
-0.122652
-0.504818
-0.472469
0.104915
-0.913558
-0.098968
0.895000
-0.268730
-0.730682
-0.110503
-0.164472
0.458063
-0.155468
-1.062752
0.610279
-0.704696
0.348240
0.144764
0.936876
0.147961
0.583443
0.035189
0.162972
-0.763681
0.119406
0.189193
0.813068
-0.081329
-0.397098
-0.014177
0.272468
0.546114
-0.670192
0.542623
0.500446
0.218074
0.338628
-0.364405
-0.156680
0.799966
-1.385878
0.112632
0.724946
0.878952
-0.128425
-0.507164
-0.044429
0.267213
-0.164161
0.863750
0.724244
-0.625830
-0.158906
0.595858
1.009583
0.880600
-0.939089
-0.374680
-0.014696
-0.537994
-0.633916
-0.319029
0.253983
-0.195693
0.624242
0.225945
0.021989
1.426585
0.843434
-0.057738
-0.933200
-0.701866
-0.122057
0.340503
-0.642583
0.026820
-0.454032
0.281696
-0.272887
0.184023
-0.312787
0.492186
0.083202
0.104379
0.211628
0.255871
0.226387
0.083524
-1.121748
0.124273
0.231312
0.924576
-0.033402
0.702387
-0.451978
-0.271810
0.069573
-0.029685
-0.510749
0.837618
-0.832113
0.359324
-0.259349
-0.061115
0.704775
-0.614256
0.894237
-0.008462
-0.559840
0.634253
-0.037661
0.930551
0.988817
-0.201481
0.440676
-0.995715
0.208395
0.126476
-0.732189
0.547055
0.626159
0.765002
0.238698
-0.135670
-0.015820
-0.288832
-0.369140
0.311398
0.153310
-0.195008
-0.507318
0.559432
-0.754184
0.723315
-0.609586
-0.578426
0.609435
0.186815
-0.443770
-0.455941
-0.165456
-0.864224
-0.095452
-0.910954
-0.678938
-0.973608
-0.282467
0.335879
0.345647
-0.360720
-0.169298
-0.008029
0.362059
0.674337
-0.913458
1.035731
-0.168011
0.824275
-0.661389
-0.479130
0.003548
-0.126103
0.780339
-0.427928
-0.551917
0.025617
0.180762
-0.205108
0.618589
-0.224522
0.677716
0.237831
0.099411
-0.427836
-0.100408
0.619023
0.004060
-0.681447
0.541352
-0.259730
0.222258
-0.169914
-0.973913
0.944627
0.426241
-0.337962
0.321250
0.021492
0.342471
-0.163334
0.229427
-1.302383
0.012823
0.593738
-0.561622
-0.206489
-0.316658
0.216735
0.028849
0.312226
0.417277
-0.251626
-0.294775
-0.033007
0.118613
0.464583
0.331827
0.126203
-0.206579
0.406053
0.411747
0.187315
-0.628023
-0.264307
0.563635
0.698904
-0.952910
-0.737149
0.513759
0.270194
0.114249
0.936703
-0.042154
-0.257468
0.659028
0.471212
-0.233711
0.606943
-0.443265
-0.096882
-0.891019
-0.561730
-0.480936
0.761381
-0.296906
0.477143
-0.433006
0.286027
-0.393502
-0.383906
-0.346935
-0.123737
-0.322221
0.244444
0.119591
0.541541
-0.011970
0.041586
0.920033
-0.399863
0.035801
0.245087
0.843012
0.241251
-0.633864
0.136581
-0.187357
-0.025383
-0.965415
0.427636
-0.675063
-0.518888
-0.015105
-0.119660
0.135115
-0.305201
0.021062
0.168821
-0.179876
0.146641
-0.880409
0.244876
0.339582
1.209473
-0.131183
0.180629
0.162899
0.417065
0.011614
-0.343003
-1.234503
0.148223
-0.427871
0.344322
0.025346
0.873039
0.046825
-0.603124
0.312061
-0.766533
-0.068689
0.072654
-0.329491
-0.511838
0.316351
-1.137391
-1.169882
-0.175379
-0.654674
-0.062699
0.298664
0.139240
0.080235
-0.018130
0.746882
0.729314
0.178550
-0.234579
0.648704
0.146039
0.183777
0.078441
-0.306309
0.452487
0.242553
0.040066
0.618920
0.199697
0.024461
-1.059123
-0.369192
-0.065612
-0.088186
0.052112
0.917000
0.237876
-0.718438
-0.640198
0.090801
-0.489043
0.034853
-0.300534
-0.039763
0.167826
-0.940858
-0.028778
-0.851359
0.179888
0.235411
-0.057663
-0.036844
-1.078104
-0.031099
-0.596556
-0.553394
0.277572
0.349484
-0.198402
-0.984716
0.179006
-0.414455
0.059734
-0.296024
1.604726
-0.129550
-0.139848
-0.160373
-0.072257
0.671868
0.417662
0.075444
0.393396
0.328466
0.534692
0.194058
-0.403701
-0.418004
-0.160592
-0.105140
0.228958
-0.579964
0.548403
0.130842
-0.225160
0.098957
0.082357
0.026812
-0.426233
0.360980
0.923008
-0.258019
0.172511
-0.862426
1.033990
0.743480
-0.890319
0.739166
-0.188869
-0.383291
0.109174
0.611421
-0.644033
-0.451276
0.532878
-0.900249
-0.216704
0.036796
-0.365448
0.249504
-0.475442
-0.426218
0.216986
0.043751
-0.124121
-0.480692
0.141819
0.226516
0.736307
-0.642625
-0.460688
-0.108027
1.460574
0.363761
-0.782118
-0.663211
0.172660
-0.325047
-0.604685
-0.680204
-0.497186
0.175940
0.544174
-0.441170
0.276150
-0.504455
-1.017827
-0.310398
0.386777
0.333814
-0.310929
0.038183
0.474540
0.446895
-0.159676
0.377668
0.004143
0.668730
0.022767
-0.619164
-0.373402
0.043833
-0.573685
0.294130
-0.875831
-0.085271
-0.026509
0.601512
1.091820
-1.058590
-0.746261
0.625853
-0.796551
0.568151
0.326181
-0.706412
0.234662
0.028232
-0.038252
-0.073819
0.287805
-0.629593
-0.075256
0.639655
-1.260342
-0.143236
0.542498
-1.458177
0.677364
-0.233978
0.257148
0.410634
0.799491
0.347920
0.472381
-0.150834
-0.425639
-0.181933
0.939134
0.726308
-0.232321
-0.236109
0.394663
-0.244583
0.269802
0.028783
-0.163946
-1.183725
-0.417171
0.822421
-0.221866
0.620210
0.599496
-0.952007
-0.100659
0.120937
-0.217489
0.422084
-0.148564
-0.544131
0.310356
-0.125171
-0.942085
0.982704
-0.300113
-0.490388
0.775750
0.412767
-0.760754
0.275728
0.298485
-0.613946
0.311135
0.526925
0.399426
-1.257989
-0.140480
-0.706900
-0.577522
-0.946157
0.097538
1.266403
-0.199753
-0.458672
-0.442358
0.284603
-0.013468
-0.776353
1.041491
-0.038331
-0.248333
0.669027
-0.797549
0.122180
0.189890
0.835139
-0.204534
0.562899
0.030454
-0.980013
-0.010294
0.768074
0.251132
0.083647
-0.685292
-0.345295
-0.201615
1.112855
-1.100359
-0.730000
0.031426
-0.382026
0.336977
-0.968379
-0.344076
-0.546618
0.242922
0.242584
0.420248
0.166231
-0.141220
0.097897
-0.942458
1.090526
0.005693
-0.019673
-0.101126
0.489635
0.415759
0.247882
0.376746
0.126630
-0.211242
-0.488142
0.176407
0.311084
0.134509
0.528696
-0.005238
-0.036568
-0.203738
0.440450
-0.016426
-1.358442
0.376957
-0.595742
0.577276
0.691416
0.388438
-0.134428
-0.520875
-0.501678
0.713679
0.512041
-0.179983
0.170770
0.943807
-0.003045
0.977659
-0.569534
0.106454
-0.367144
-0.381500
-0.505384
-0.376791
0.098713
-0.130788
0.492434
0.914982
-0.079175
-0.416010
-1.048694
-0.953560
0.688901
0.299725
-0.790118
-0.691125
-1.008014
0.867121
-0.279569
0.409869
0.337642
-0.212681
0.738542
0.548843
-0.002646
0.265868
0.577679
0.505296
-0.269846
-0.663529
-0.271423
-0.544346
0.503402
0.376724
0.851873
0.239211
0.634516
0.926812
0.632960
-0.228794
-0.059758
0.058410
-0.198983
-0.879699
-0.458897
0.506634
-0.580930
-0.159309
-0.398621
0.949416
-0.983519
-0.148251
0.690677
-0.077251
-0.450360
-0.516426
-0.359866
0.363458
0.157117
-0.041747
0.218624
0.819292
-0.387924
-0.792837
-0.226851
-0.764389
0.360931
0.029665
0.943502
0.493186
0.470710
-0.122731
0.229927
0.572516
-0.250417
1.214934
0.187856
0.575138
0.877867
0.223042
-0.549815
0.782726
1.440832
-0.491885
-0.292560
0.696205
-0.590409
-0.107371
-0.726361
-0.376490
0.523639
0.143732
0.267320
0.496712
0.315962
1.066943
0.217614
0.460580
0.484576
-0.138500
-0.067189
0.135932
-0.297105
0.269827
-0.885386
0.938851
-0.228065
0.715375
0.031671
-0.148981
-0.126057
-0.179833
-0.004613
0.426878
0.071884
0.357007
1.213273
0.271782
-0.932523
0.033316
-0.636630
-0.251389
-0.673321
0.131527
-0.377797
0.148915
0.211805
0.218500
-0.552447
0.413060
0.457590
-0.284161
0.287410
-0.257442
0.465367
-1.276719
-0.283638
-0.645557
0.220525
-0.310552
-0.514248
-0.446273
-0.197474
-0.226128
-0.207502
0.409467
-0.189464
-0.638519
0.624564
0.582220
0.958320
1.089906
-0.924009
-1.602154
-0.405690
-0.024557
1.311832
-0.240623
-0.606912
1.628461
0.454391
-1.102509
0.889553
-0.211748
0.292653
0.140640
-0.210331
0.243095
-0.349749
-0.420821
-0.359595
-0.605250
0.033191
-0.793804
0.150252
-0.405760
0.060840
-0.415314
-0.083155
-0.509843
-0.101377
1.146620
-0.204930
-0.255287
0.462214
0.441005
0.815233
-0.103734
-0.701371
-0.726877
-0.076689
-0.820123
-0.752933
0.181169
0.304514
-0.212850
0.067857
0.337171
0.267818
-0.267932
-0.134447
1.165463
0.165310
0.132579
0.283500
0.470012
0.130920
-0.567697
-0.214023
0.207354
0.706321
0.225108
-0.135530
0.428346
-0.356562
-0.853239
0.760121
0.717861
0.107597
-1.497740
-0.812304
-0.035497
-0.114324
-0.436069
-0.359451
0.224759
0.482837
-0.124925
0.324779
-0.718967
-0.017462
0.669043
0.033157
-0.495283
-0.197366
-0.773545
-0.193073
0.025994
-0.787878
-0.431619
0.406165
-0.271549
0.675674
-0.264859
-0.008901
0.480434
0.176438
-1.517065
-0.708280
-0.254285
-0.122757
0.284917
-0.034696
-0.143220
0.822137
0.776507
-0.053274
0.404047
0.643769
0.040943
-0.331816
0.106879
-0.257234
0.810882
-0.593341
-0.338896
0.651714
-0.738607
-0.889145
-0.063352
0.218441
-0.484320
-0.161381
-0.044855
0.306414
-0.756363
0.621388
-0.570316
-0.093246
0.162355
0.559185
0.375357
-0.435571
-0.195600
0.508020
0.174845
-0.183992
0.077664
0.269644
-0.738211
0.040454
0.371840
0.970990
-0.664758
-0.173946
0.748192
0.169538
-0.839210
-0.481660
0.251881
-0.634937
0.550232
0.749002
0.409224
-0.440553
-0.085137
1.030481
-0.800887
0.128309
0.023049
-0.367509
-0.022124
0.001030
-0.564762
0.761941
0.014981
0.130341
0.132756
0.052958
-0.236928
-0.342932
-0.760668
-0.201246
0.179533
-0.655602
0.442930
-0.430805
0.202921
1.224839
-0.464889
0.395683
-0.200763
-0.410908
0.735246
0.721890
0.259984
-0.237536
0.276007
-0.397493
1.052601
-0.606745
-0.491086
-0.235635
0.097238
-0.022548
0.714883
0.213883
0.160018
0.329103
0.076499
-0.388511
0.288006
1.336744
-0.137431
-0.451681
-0.419132
0.351632
-0.167455
-0.629504
0.724042
-0.354712
-0.571474
-0.642993
0.924164
-0.132136
0.327337
-0.382293
-0.447898
0.309065
0.155968
0.062875
-0.498842
-0.005450
-0.315105
1.106153
0.183764
-0.196566
0.417148
-0.118195
0.346778
0.346998
-0.141240
-0.138500
-0.075373
1.359101
0.521429
1.471433
0.005350
0.262473
0.844509
0.297834
-0.362225
0.060595
-0.197816
-0.195112
0.862308
-0.103830
-0.591589
-0.265581
0.192422
0.274226
-0.079819
-0.979413
-0.455355
-0.716877
-0.220873
0.211501
-0.252717
0.047630
-0.874859
0.475205
0.062487
0.130584
1.178609
-0.442148
-0.130245
-0.048357
-0.801763
0.084061
-1.466016
1.383818
0.572972
-0.198893
0.540025
0.346586
0.014549
0.110144
0.267638
-0.115737
-0.644398
-0.330826
0.338304
0.600146
-0.235782
0.325541
0.440719
0.417824
-0.983630
0.809038
0.206166
-0.342209
0.713452
-0.238456
1.339202
-0.579115
0.215633
0.264066
0.319520
-0.278612
0.397142
0.413373
-0.183845
0.283021
-1.212791
0.215963
-0.793219
-0.632173
0.200890
0.126485
0.204351
-0.366413
0.479978
0.200868
-0.263942
0.169731
0.640757
-0.322202
-0.581298
0.230790
0.775610
-0.638133
0.276642
0.207731
-0.245092
-0.693638
-1.002385
0.140156
-0.780372
-1.267032
0.375612
0.325645
-0.186680
-0.308478
0.659644
-0.264907
-0.423915
0.407390
0.173355
-0.492644
0.141045
0.657291
0.194959
0.267505
0.542122
0.038713
-0.587863
-0.125899
0.129553
-0.847575
-0.856684
0.358339
0.005819
-0.236516
0.669677
-0.479253
-0.875821
0.673776
0.320794
-0.372002
-0.135302
0.037676
-0.625262
-0.202803
-0.314981
-0.743322
0.130636
0.431155
-0.136002
-0.919176
1.067239
1.369562
-0.003073
-0.181463
-1.323715
-0.281239
0.432520
-1.450194
1.159876
-0.388686
0.118908
0.520973
-0.250801
0.839750
-0.849358
-0.655485
-0.452343
0.571969
0.473221
-0.452047
0.014774
-0.026173
-1.689047
-0.563390
-0.014731
-0.436293
0.635878
-0.265895
-0.031925
0.499012
0.681866
0.527502
0.328457
0.036141
0.505614
-0.703267
0.201774
0.610067
0.104637
0.645892
-0.666724
0.362376
1.209978
-0.915501
0.444052
0.491949
0.166400
0.834290
-0.532096
0.744478
0.370857
0.067763
0.550824
-0.438519
0.464333
-0.295356
0.002498
-0.402241
1.360689
1.240695
-0.558144
0.008225
0.391141
-0.696442
-0.752638
-0.274429
-0.665896
0.500603
0.054604
0.252110
-0.322901
0.847515
-0.630343
-0.786449
0.746261
-0.068940
0.155914
-0.267061
-0.668352
0.208804
1.193172
0.406088
0.608452
0.538489
-0.335403
-0.223760
1.081884
-0.516552
0.687335
1.175137
-0.147860
0.662757
-0.215361
-0.683653
0.130979
0.402239
-0.880962
0.378284
0.191202
0.876881
0.604521
0.809498
-0.564567
-0.400621
0.896312
0.231653
-0.047663
0.452066
0.960881
-0.219087
-0.319951
0.695598
-0.047618
-0.920189
0.432075
-0.708688
-0.164685
-0.695131
0.885283
-0.300402
-0.733882
0.036631
1.035469
0.286173
0.405910
0.292665
-0.646149
0.490464
0.425992
0.020439
0.844053
-0.040971
0.168727
1.055424
-0.037035
0.646127
1.171520
0.559952
0.507937
0.332384
0.922865
0.484395
0.435541
-0.760315
-0.183376
-0.142643
-0.029897
0.414712
0.106371
-0.512898
0.523442
0.035734
-0.104528
-0.020871
-0.703929
-0.183303
-0.409065
-1.151881
0.069746
-0.416550
0.473370
-0.090905
-0.362834
-0.223953
0.114943
0.396740
-0.171413
0.500171
-0.282927
-1.257939
-0.103054
0.461869
0.518926
-0.197143
-1.237142
-0.356926
-0.296460
0.337420
-0.124210
0.054949
-0.088655
-0.615908
-0.704747
0.851114
0.446499
0.421937
-1.041816
0.414322
-0.272422
0.337185
-0.416264
0.213530
-0.070177
0.984612
0.090026
0.595575
-0.450222
-0.000609
0.463542
0.323653
0.305036
0.360109
-0.350280
0.778318
-0.323232
-1.137731
-0.484370
0.569265
-0.550301
1.080906
0.604361
1.085298
0.382422
-0.085290
-0.013681
-0.319287
-0.579700
0.704579
0.104750
-0.438544
0.891210
0.146610
-1.109925
-0.464019
-0.270446
-0.321589
0.586106
-0.674776
0.002909
0.627715
-0.196808
-1.342508
0.240307
-0.210735
0.446582
-0.488190
-1.039103
-0.210795
-0.133529
-0.656173
-0.352999
-1.423616
-0.463859
-1.361657
0.083478
0.377284
-0.145745
0.603562
0.881039
-0.127068
-0.635921
-0.326088
-0.075986
-0.445174
-0.700397
0.342225
-0.598759
-0.323576
1.276971
-0.039390
1.565497
-0.948469
-0.649895
-0.047134
-0.458583
-0.323221
0.167257
0.139089
0.384574
-0.195958
-0.530970
0.698895
0.719408
0.329021
-0.236845
0.437407
-0.203632
0.834353
0.300911
-0.617096
0.619967
0.640410
0.795420
0.368004
-0.322571
-0.281205
-0.628235
-0.083535
0.205475
-0.018148
-0.293323
0.710657
-0.024448
0.695761
-0.751869
0.637839
-0.179579
-0.812909
-0.153019
-0.127918
-0.712347
0.377978
0.818371
0.672837
-0.688563
-0.817514
0.171370
0.342440
-0.328366
-0.498449
0.081670
0.141233
1.054412
0.605417
-0.361463
0.221114
0.142525
-0.292331
0.243395
-0.060388
0.171878
0.265668
-0.111360
-0.213960
-0.115097
0.501575
0.632651
0.320967
-0.013819
0.429054
-0.539692
-0.047316
-0.148402
0.355801
0.605396
-0.748294
0.580376
0.094334
0.401555
-1.069910
0.313543
-0.448944
-0.132698
0.060935
0.469038
0.417885
0.612645
0.515949
0.246327
0.109058
1.122753
-0.191773
0.536416
-0.096278
-0.342097
0.198555
0.691268
0.167943
-0.203615
0.218496
0.036208
-0.112744
0.107140
-0.638636
-0.154531
-0.705504
0.201177
0.251101
-0.063886
0.196682
0.449898
-0.527903
-0.322500
0.418030
0.021448
0.221072
-0.160659
0.312960
0.507383
0.353158
0.217876
-0.237858
-0.667476
-0.436088
-1.213081
0.355212
-0.206231
0.620302
-0.213644
0.320329
-0.364758
-0.456810
-0.342330
-0.490343
0.118220
-0.194634
0.216054
-0.842089
-0.644790
-0.200660
-0.088039
-0.667053
-0.896856
1.403995
-0.519617
-0.507067
0.078202
0.497008
-1.399732
1.279077
0.558995
-0.378557
0.037149
0.010222
-0.409430
0.174156
0.197203
0.330728
-0.638569
0.499257
0.405316
0.076710
0.053720
-0.559740
0.450273
-0.648699
0.416877
0.208717
-0.809250
-0.059646
-0.937146
-0.415500
0.421684
-0.415075
0.182576
0.621817
-1.074956
-0.084409
0.221807
0.419280
0.054234
-1.012104
-0.509254
-0.155838
1.466436
-0.218329
0.130458
0.382474
-0.241437
0.113674
0.533102
-0.215514
0.241540
-0.029860
-0.253870
0.046496
0.360854
0.265603
-0.622982
0.100051
-0.231381
0.703234
-0.258275
0.629666
0.747102
0.954867
0.737783
0.218928
-0.100772
-0.781491
0.790210
0.803567
-0.188460
0.504798
-0.558099
0.697758
0.103042
0.435594
-0.010737
-0.193432
0.079540
0.834359
-0.526040
0.608256
0.362317
0.133765
-0.095259
0.056280
-0.612799
0.343566
0.038689
1.030009
-0.131408
-0.137934
-1.176873
-0.562534
-0.625790
0.120084
-1.127865
-0.051342
-0.475755
-0.922746
0.450027
0.469720
0.263806
-0.143180
-0.300323
-0.183675
0.165842
0.298644
0.399078
-0.137619
0.475611
-0.459232
-0.058705
-0.177359
-0.042922
-0.475232
-0.597401
-0.418344
-0.462483
0.909138
-0.801430
0.300125
-0.500024
-0.793675
0.748488
-0.509445
0.442098
-0.622517
0.200825
-0.907341
-0.194400
-0.110498
0.051585
-0.432512
-0.215394
0.114313
0.038301
0.729444
0.046763
0.519803
-0.019266
0.031696
0.855394
0.130516
-0.535261
0.034817
0.978894
-0.030733
-1.026378
-0.197191
0.511793
0.301229
-0.285168
0.139602
-0.363959
0.764044
0.999980
-0.593676
-0.997968
-0.028649
0.055192
-0.163630
0.144953
0.064307
-0.462894
-0.379555
0.415422
0.055834
0.550547
0.011218
0.315991
-0.219175
0.141477
0.423047
0.120007
-0.391555
-0.917752
-0.841011
-0.665398
0.664584
0.589912
-1.282400
0.105108
-0.010769
-0.204979
0.839751
0.123809
-0.378232
-0.769786
-0.349163
0.647226
-0.593765
-0.468873
0.249119
-0.323393
-0.248390
0.113394
-0.172831
-1.267608
0.177716
-0.348030
0.405167
0.079488
0.188047
-0.485449
-0.741111
0.378111
0.366657
-0.069138
0.238140
0.481434
0.409946
-0.109362
0.254933
0.258060
-0.132720
0.372992
-0.364080
0.390568
-0.260713
0.393567
-0.442760
-0.582022
-0.857313
-0.502666
0.946061
1.528218
0.178896
-0.138078
0.842353
0.377641
0.048235
-0.245814
-0.330861
-1.130130
-0.449933
0.162597
0.183774
-0.437460
-0.044153
0.801513
0.713557
-0.097212
-0.369045
0.509591
0.455423
0.292159
-1.027076
-0.290914
0.000940
-0.137301
-1.354639
-0.547689
-0.123551
0.145583
0.143970
0.248909
0.114469
-0.064522
0.331568
0.018953
-0.188975
-0.356189
0.091819
0.602988
-0.558156
-0.254151
-0.020858
-0.602237
0.058363
0.864935
0.003857
0.233792
-0.541366
-0.442410
0.204654
-0.302687
0.106452
-0.280790
-0.685068
0.149906
-0.463174
-0.719235
-0.442662
0.547448
0.014429
-0.731384
0.596870
-0.742881
-0.198679
0.052780
0.547337
1.020585
-0.023664
0.255820
0.349299
0.678170
0.036084
0.944709
-0.301185
0.102651
-0.244190
0.432512
-0.181783
-1.166651
-1.009121
-0.825854
0.301500
-0.600042
0.567808
-0.384322
-0.203147
-0.432163
-0.231718
0.516164
0.030076
-0.004845
-0.837909
-0.054179
-0.211115
0.043369
-1.021029
0.908267
-0.694871
0.292932
0.011153
-0.713926
-0.109764
-0.279938
-0.110708
0.212131
-0.137813
-0.840677
1.027551
-0.853410
0.086883
0.768057
0.242658
-0.153160
0.564134
0.698764
0.896484
-0.337987
0.411418
0.254963
0.330764
0.629143
-0.231987
-0.728229
0.398268
0.099601
0.456632
-0.303663
-0.286974
0.034622
-0.796673
0.257841
0.162894
0.735243
-0.089159
0.471681
-0.787676
-0.458344
0.700124
1.014997
-0.632489
-0.298658
0.299705
0.827051
0.171981
0.610522
-0.750903
0.401083
0.767654
0.653534
0.031655
-0.454685
-0.100714
-0.127824
-0.163480
-0.172068
0.239109
-0.360144
0.204527
0.535711
0.263021
-0.105701
0.140869
-0.269828
0.479588
0.622410
0.677803
-1.228596
0.491813
-0.339673
0.872138
0.490300
-0.727010
0.047350
0.820155
0.384571
-0.574733
-0.245247
0.074524
0.375298
1.583860
0.466401
-1.447039
0.875645
-0.522625
1.026890
0.365333
-1.050985
0.042063
0.294639
-0.653791
-0.181503
0.037565
0.055724
0.376498
-0.360906
-0.013388
-0.386715
0.552544
-0.386093
0.938932
-0.002830
1.310243
-0.921457
-1.201929
-0.795244
0.359004
0.386282
-1.024338
0.286032
0.971623
-0.365558
0.383121
1.070250
0.137027
-0.739961
-0.735274
-0.463310
0.566540
0.342762
0.454868
-0.386121
-0.240524
-0.052462
0.403344
0.345415
0.996083
0.468213
0.058157
-0.337576
0.169757
-0.436812
0.620026
-0.940152
-0.068068
0.111429
0.471102
0.112259
-0.242372
-0.027626
-0.133196
-0.087131
-0.350501
0.020665
0.532409
-0.309134
-0.123047
1.333681
-0.316698
0.131605
0.849331
-0.452379
0.493480
0.514314
0.021839
0.102235
0.902729
-0.397379
0.132681
-0.018769
-0.202959
-0.482019
-0.075006
-0.003194
0.664166
0.109046
1.034844
0.118171
0.075040
0.104754
-0.418778
0.770100
0.066889
-0.273886
-0.604791
-0.031146
-0.556512
0.241510
0.311373
0.546101
0.481516
0.229825
-0.469689
0.759063
-0.125046
-0.798852
-0.306398
