-0.414306
0.624377
-0.469715
-0.861705
-0.211357
0.134011
-0.157066
-0.242041
0.466789
-0.300968
-0.514652
-1.252194
1.143199
-0.271938
-0.520448
-0.840921
0.760550
-0.346629
0.633167
-0.230940
-0.246479
-0.070971
-0.047074
0.273670
0.358724
0.199318
-0.703888
0.227003
0.564395
-0.276646
-0.769659
-0.807483
0.683808
0.358472
-1.008398
0.961669
0.516593
0.619786
-0.142256
-0.720750
-0.179270
0.657144
-0.214322
0.109579
-0.317243
-0.282028
-0.785366
-0.039420
-0.692385
-0.061352
-0.499257
0.818755
-0.202412
0.176295
0.521011
1.216381
0.664415
-0.256736
-0.288420
0.167226
-0.219613
-0.180588
0.470299
0.250507
-0.314462
0.481664
-0.424196
-0.135153
-0.131642
-0.386198
-0.049472
-0.769840
0.669154
-0.003171
-0.111267
-0.525801
1.084504
0.171790
-0.055821
-0.498342
0.674889
0.896388
-0.734471
-0.524212
-0.282973
-0.414915
-0.048577
-0.141248
0.012616
0.514754
0.114514
-1.052155
-0.719707
-0.071735
0.634310
0.066326
-0.167835
0.174632
0.230693
-0.596216
0.116825
0.687709
-0.128095
0.078934
-0.509120
0.065918
-0.632548
0.043838
-0.235976
-0.592690
0.641568
-0.096267
-0.180661
0.239550
-0.277019
-0.379656
-0.291065
-0.210598
0.448983
-0.420978
-0.045224
0.544887
0.609485
0.677629
-0.474428
0.501363
0.033948
0.465185
0.515791
0.240654
0.435004
-0.056519
1.275042
-0.072054
0.172505
-0.984019
-0.593081
-0.406248
-0.579282
0.163526
0.353520
-0.057423
0.623740
-0.770672
-0.209985
-0.139161
-0.387150
0.066254
-0.681052
0.468624
-0.262411
-0.246863
1.040425
0.015670
-0.300624
0.980082
-0.001189
-0.567889
0.650071
0.184979
-0.390427
0.296947
-1.099917
0.208057
-0.750173
-0.973480
0.667654
-0.352247
-0.129848
-0.213560
0.436446
-0.200243
-1.011046
-1.770040
-0.641643
1.308367
-0.363011
0.348803
0.029113
-0.345033
-0.447514
-0.629193
0.260316
0.336663
0.215029
-0.455611
-0.738204
0.181720
0.814561
0.606911
0.908194
-0.206487
0.170367
-1.296181
-0.814394
0.421340
0.571239
0.007398
-0.168572
-0.193742
0.437740
0.063073
0.255266
0.293130
-0.173136
1.011824
-0.645166
0.351551
0.210025
0.718704
0.040054
-0.301979
0.022934
-0.185184
-0.011999
1.569788
-0.384278
1.200545
-0.288033
0.768189
-0.125992
-0.054803
-0.674777
0.299905
-0.018519
-0.740058
0.408900
1.066685
0.998472
-0.718613
-0.075368
0.255563
0.521778
0.341765
-0.207021
-0.682667
-0.222868
0.408048
-0.531434
0.399943
0.400061
0.082431
0.464953
-0.726857
-0.606252
-0.114117
0.176597
0.209965
0.558576
0.887656
-0.352379
0.166137
1.322687
-0.006748
-0.677266
0.582249
0.206521
0.050346
-0.490145
-0.624838
-0.283579
0.466189
-0.150938
-0.216365
-0.418628
-0.178196
0.187931
0.529055
-0.336557
0.356019
-0.562571
-0.123668
0.486832
-0.767465
-0.038059
-0.188451
-0.931159
-0.095850
-0.245261
0.391804
-0.983106
-0.769704
0.496861
-0.418365
1.185906
0.212218
-0.277377
0.630609
-0.902592
-0.171445
-0.163401
-0.284604
-0.873169
-0.163327
-0.507841
-0.005493
-0.414564
-0.220607
0.158239
0.166839
-0.344778
0.136575
1.025511
-0.467352
-0.431457
-0.512191
0.131778
-0.653567
-0.469633
1.016373
-0.187558
0.160758
-0.336601
0.132089
-0.460721
-0.123511
0.927214
0.678794
0.108201
0.026915
-0.691623
0.096556
0.157850
0.130664
-0.388394
1.116744
0.169808
-0.157234
0.143261
0.455012
0.439371
0.057467
0.327767
0.048011
0.564386
-0.470470
0.270393
0.465809
0.947468
0.357354
-0.133183
-0.514189
-0.174623
-0.521806
0.137381
0.833357
0.471681
0.844483
-0.415129
-0.385683
-0.755611
-0.850992
0.095311
-0.193630
-0.191971
-0.403289
-0.334293
-0.182715
-0.650824
-0.264932
-0.180294
-0.643699
0.665736
-0.319156
0.139696
-0.648155
0.165071
0.622511
0.218825
0.318283
-1.413572
0.466435
-0.820666
-0.141177
-0.739986
-0.220927
-0.126223
-0.115210
1.429150
-0.216431
0.076081
0.066633
0.234918
0.133224
0.331260
-1.092719
-0.207955
0.319258
0.142753
-0.181346
-0.155401
-0.282435
0.338105
0.440940
0.471449
0.973479
1.196464
-0.617014
0.640150
-0.549094
-0.403849
-0.227407
-0.400985
0.177224
0.196454
-0.837320
0.352007
-0.315520
0.407402
0.081698
0.028998
-0.108183
-0.288025
0.580395
0.167410
-0.093937
0.845134
0.310406
-0.097701
0.014343
0.503293
-0.728485
0.702034
0.784342
0.543400
0.245495
0.152947
-0.136366
0.577815
-0.157511
1.555641
-0.384013
0.243086
0.832756
1.387053
-0.292450
0.464487
0.502384
0.278252
0.672988
0.180517
0.158863
-0.641221
-0.748474
0.034414
0.257882
0.236063
0.133139
-0.481503
-0.405240
0.522201
-0.339330
-0.342025
-0.693680
-0.727940
-0.618447
0.163768
0.034983
-1.018492
0.183340
0.734140
0.287845
-0.260370
0.087160
0.093263
0.744373
-0.084325
0.534859
0.508588
-0.384544
0.202777
-0.099099
0.576315
0.711819
0.128204
-0.240232
-0.256455
1.091876
-0.105813
-0.196526
-0.200638
-0.058629
-1.458343
0.394226
-0.806776
0.034115
0.172093
0.185165
-0.375989
0.800777
-0.233256
-0.011347
0.167314
0.173243
-0.237876
0.174697
-0.024447
-0.031972
-0.836382
-0.578671
-0.197044
0.528412
0.428856
0.696566
-0.722406
-0.677308
0.202978
0.509759
0.265908
-0.596394
0.340428
0.192197
0.509661
0.048322
-0.003194
-0.487558
-0.050747
0.464552
-0.420012
0.527794
-0.107032
-1.238971
0.052321
1.830720
0.337979
0.029458
0.508411
-0.331686
-0.389655
0.267600
0.109356
-0.039241
-0.907376
0.031245
0.350661
-0.198435
0.538109
-0.116422
0.231515
-0.146521
0.190730
-0.053459
0.586905
-0.742590
0.077538
-0.396895
0.094610
0.071826
0.025493
-0.149426
0.755593
0.731064
-0.655273
-0.036201
0.058875
0.376709
0.115277
-0.898465
-0.607013
-0.387759
-0.335962
0.046612
-0.308263
-0.227765
0.477523
-0.513399
-0.227516
0.350115
1.676157
-0.421397
-0.029534
1.005052
-0.499338
-0.175501
0.183188
-0.175866
0.106250
-0.073336
-0.649572
0.360019
0.173697
0.103756
-0.157679
-1.231064
-0.208763
-0.471176
0.697236
-0.206281
-0.304714
-0.672965
0.207570
0.540839
-0.297623
-0.544365
-0.222601
0.567096
-0.129680
0.363932
-0.723088
-0.396440
0.045675
0.317806
0.132269
-0.017411
-0.597501
0.546733
-0.816073
0.417987
0.081027
-0.067792
-0.390263
-0.612416
0.272066
0.163789
-0.261491
0.274430
-0.593808
-0.898380
-0.990368
0.114864
0.606507
0.180175
0.803327
-0.332290
-0.680899
0.409745
-0.472339
-0.788175
0.335579
-0.591483
0.617278
-0.023452
-0.325218
-0.066838
1.185664
0.918177
-0.488023
-0.209718
0.321093
0.086364
-0.620105
-0.162011
-0.162594
0.388809
0.996192
-0.580520
-0.679326
-0.697726
0.309733
-1.043265
-0.000878
0.956954
0.725220
-0.532894
0.921947
-0.172933
-0.113739
-0.581350
0.396172
-0.916986
0.710558
0.451097
0.638710
0.008928
0.711705
1.320249
0.024184
-1.838766
-0.404452
0.110325
0.317659
0.011202
-0.468684
0.752600
0.405472
1.044637
-0.648927
0.006250
-0.998309
-0.306347
0.127202
-0.623201
-0.168868
0.150797
-0.552466
0.426438
-0.595131
-0.301367
-0.156937
-0.079849
0.508064
0.378971
-0.254985
0.085702
-0.966982
-0.484747
0.616153
0.358633
0.012393
0.333917
-0.204841
0.160325
0.093451
-0.489706
0.512139
0.152308
-0.911830
0.295241
-0.554406
0.500580
0.332961
-0.673766
0.522820
0.387776
-0.403828
0.385165
0.022487
0.442204
-0.114366
-0.066960
-0.639779
0.118844
-0.524872
0.526874
-0.482526
-0.260035
-0.244061
-0.496523
-0.047732
-0.134098
0.397760
-0.048459
0.305424
0.108700
0.795217
0.126738
0.677114
0.304557
-0.013767
-0.028260
0.799929
0.118341
0.358995
0.524079
-0.424422
0.122707
0.289049
0.252562
-0.806957
-0.940259
0.131433
0.145003
-0.634805
-0.193039
0.669418
0.131443
0.153941
-0.476139
-0.293860
-0.850301
-0.458921
0.683612
0.256615
0.592217
0.156832
0.998054
0.580216
-0.599670
-0.072006
-0.870674
-0.611768
-1.128124
0.404615
0.052935
0.723114
1.017660
-0.640332
0.328719
0.055686
0.689363
0.582067
-0.351881
-0.150311
-0.489208
-1.000323
0.051474
-0.318900
-0.247299
-0.545760
0.687445
0.069870
-0.101175
-0.302658
-0.446271
0.953231
-0.337448
-0.110545
0.462555
0.002301
0.905853
0.218615
0.088022
-0.752493
-0.321155
-0.370776
-0.103625
0.321484
0.459143
-0.168864
0.540201
0.421227
0.016727
0.003407
-0.664380
-0.133311
-0.024648
0.340201
0.288653
1.186527
-0.052193
0.389472
-0.088025
0.529573
0.035132
-0.049040
0.866985
0.116114
-0.781730
-0.376590
-0.320144
0.103594
0.058985
0.570555
0.346427
0.844085
-0.395345
0.492940
-0.163044
0.829658
1.091301
0.537528
-0.194686
0.776287
0.049622
-0.220884
0.860146
0.318296
-0.170728
0.317904
-0.015552
-0.896636
0.595309
-0.537570
-0.214905
0.187670
1.163433
-0.037403
0.080102
0.246051
0.627639
-0.447998
-0.139269
0.452939
-0.201291
-0.116875
-0.785180
0.593403
0.269785
0.119986
0.160151
-0.485333
0.393726
-0.494470
-0.118316
-0.012346
-1.484045
0.363888
-0.152261
0.032090
0.944535
0.120193
-0.572585
-0.057252
0.448918
1.105479
0.179344
0.255957
0.723959
-0.602235
0.311937
0.160646
-0.290024
0.072532
0.407128
0.092590
0.012286
-0.470814
-0.018697
0.578037
0.236791
0.564891
0.112807
-0.803009
-0.512661
0.377632
0.602149
0.044118
0.078196
-0.098377
-0.818638
0.028823
0.382930
-0.187763
-0.005988
-0.485411
-0.316402
-0.261667
0.137922
-0.166188
-0.569693
-0.210991
-0.105755
-0.190179
0.483876
-0.234928
-0.726017
-0.883519
-0.067223
0.236591
-0.016380
-0.751240
0.788147
-0.253820
0.507144
0.200809
0.631701
-0.050193
0.339261
0.639127
-0.177433
0.312140
-0.338878
1.192252
-0.119452
0.871358
0.094121
0.863271
-0.367824
-0.864907
1.331569
0.472728
-0.189222
0.669257
0.244733
0.137749
0.404769
0.284204
0.351713
0.051464
0.299698
-0.353654
-0.301197
-0.400589
0.384886
0.846645
0.071633
-0.285221
-0.297798
-0.914365
0.067192
-0.048819
-0.622181
-1.073982
0.120198
-0.351640
-0.066893
0.338658
0.438556
-0.713420
0.353794
0.227232
0.022095
-0.402389
-0.059537
-0.218965
-0.358366
0.088408
0.121042
0.016929
0.192332
-0.040214
-0.722920
0.191854
0.056561
-0.044957
0.176725
-0.202254
0.727433
-0.683266
0.365387
1.043740
0.253498
0.771925
0.056659
-1.115157
-0.065438
-0.279117
0.272455
-0.015761
0.359827
-0.637883
0.581563
-0.850368
1.581516
-0.616147
-0.526757
0.212179
0.007452
-0.349462
-0.483927
-0.002348
0.417559
1.367955
0.376103
0.151889
-0.250932
-0.227272
-0.167136
-0.262853
0.240821
0.321000
-0.082800
-1.046094
0.350646
-0.233105
0.979091
0.106863
0.276398
0.402898
-0.056266
-0.105563
0.121070
-0.639198
0.254124
0.381158
0.254859
0.642323
0.519952
0.372785
-1.163447
0.006562
0.053108
0.041545
0.201817
0.096411
-0.946686
-0.709332
-0.216528
0.575303
-0.221192
0.218765
-0.331946
-0.491223
-0.193436
0.075189
-0.121082
0.322456
-0.426388
-0.699149
0.324525
-0.093033
0.517761
0.083758
0.360965
-0.893737
-0.538835
0.046844
0.119563
0.369233
-0.206994
1.204219
-0.424452
-0.754209
-0.417696
0.465143
0.424765
-0.110476
1.098860
0.527802
1.460743
-0.684197
-0.795847
0.252460
-0.392268
0.173143
0.312813
-0.236667
-0.689867
0.800743
0.740894
-0.852624
-0.022005
-0.066086
0.549175
-0.041258
-1.162257
-0.114470
0.068088
0.443846
-0.011121
-0.965620
0.036451
0.038429
-0.080187
0.472289
0.415854
0.239488
-0.366325
0.660488
0.078088
0.559478
0.207581
-0.072786
0.405561
0.136187
0.904879
-0.134539
-0.455313
0.030328
0.577392
0.051335
-0.628865
0.845817
-0.316433
-0.181393
0.360322
-0.100210
0.659171
-1.158924
-0.171880
-0.378648
-0.226880
0.275147
0.181008
-0.265774
0.092718
-0.546205
0.564216
-0.054261
0.556236
-0.220897
-0.511292
-0.401792
-0.675370
0.108877
-0.316040
0.714485
0.783550
0.722432
0.369700
0.340407
1.325047
0.271343
0.453075
-0.510780
-0.166843
-0.458566
-0.361345
-0.993293
-0.153083
-0.154009
-0.754346
0.149534
-0.154997
-0.492989
-0.470580
-1.577230
-0.692758
-0.035584
-0.713606
-1.025294
-1.271894
-0.350148
-1.857705
-1.437037
-0.734677
-1.813259
-1.249080
-0.580175
0.128209
-0.473625
-0.417624
-0.028729
-0.918076
-0.007494
-0.089478
0.477678
-1.065753
-0.110424
-0.485256
-0.254118
0.669073
0.227782
0.450413
0.184626
1.673959
0.975212
0.193377
0.056638
0.924752
2.302126
1.288775
1.327835
1.570025
1.129895
0.639003
0.535675
1.570362
0.520228
0.031652
0.279050
1.256055
0.208253
0.453467
0.218449
-0.626136
-0.259926
-0.235231
-0.469047
0.554337
-0.294789
-0.220111
-1.168419
-0.926732
-0.248569
-0.589954
-0.000616
-1.682906
-1.038809
-0.683272
-0.718339
-0.939192
-0.165131
-1.630255
-0.697453
-1.476591
-0.494578
-0.430931
0.117394
-0.762820
-1.043012
-0.001728
1.160627
-0.733620
-0.073633
1.255619
-0.302714
-0.301111
0.248182
0.002943
-0.051239
0.458354
-0.063859
0.851769
-0.220066
-0.992552
-0.252845
0.257938
-0.665961
0.217051
0.457738
-0.469208
-0.204360
-0.529017
-1.281383
-0.665247
-0.608506
0.258659
-0.386784
-0.065698
-0.479562
-0.738206
0.154059
-0.368459
0.016878
-0.721838
0.159067
0.076056
-0.548280
0.862604
-0.148581
0.070497
0.756778
-0.465144
0.333278
-0.940028
0.326324
1.224912
-0.734573
-0.140574
0.348070
0.182272
-0.168888
-0.739723
0.013842
-0.969411
-0.048408
0.347130
-0.247446
0.074852
-0.158326
0.043346
-0.157951
-0.271329
-0.228686
-1.495929
-0.229341
0.430640
0.330147
0.469056
-0.048759
0.674564
-0.646066
0.452667
0.073642
0.003331
0.208989
0.181827
-0.888775
0.583499
0.370802
0.096910
-0.344441
-0.284007
-0.183298
-0.354836
0.815157
-0.961363
0.001733
-0.196896
-0.053240
0.270166
-0.339479
0.254719
0.534745
0.331520
-0.174909
-0.280024
0.205883
-0.213098
-1.139263
-1.035296
0.527637
-1.030266
-1.064268
-0.327401
0.705915
0.065983
0.465846
1.072877
-0.263505
0.338202
0.639387
0.318695
-0.250769
-0.327056
-0.180250
-0.986678
0.266589
-0.604701
1.663295
0.448311
0.036006
1.294803
-0.006209
-0.406140
0.975987
-0.935919
0.218325
-0.118439
-0.842776
0.544371
0.608228
0.034463
0.066924
0.225221
-0.231326
0.388616
0.221444
0.470651
0.668992
0.186230
-0.464983
-0.484014
-0.417632
-0.308284
0.113818
0.104272
0.033419
-0.049663
0.323636
-0.420844
-0.093817
0.352396
0.083012
0.087844
0.510291
0.005815
-0.200149
0.110295
-0.345099
-0.427446
-0.309986
-0.026278
-0.163456
0.017512
0.225517
-0.286050
-0.408566
0.144566
-0.419539
0.465937
-0.374794
-0.126698
0.317059
-0.131350
-0.221028
-0.335080
-0.138468
-0.022679
0.097041
0.338926
0.430711
0.380050
-0.398340
-0.081685
-0.903866
0.821649
0.100674
-0.259661
0.538645
0.380890
-0.310105
0.871530
0.783475
-0.606678
-1.075435
-0.856965
-0.476057
-0.308050
-0.096299
0.386408
0.053144
0.250243
0.409628
-0.258405
-0.009019
0.099213
0.439219
0.677105
-0.551089
0.199309
-0.231402
-0.418229
-0.028600
-0.778905
1.117078
0.236581
0.669395
0.063381
-0.700821
0.086640
0.360567
-0.469441
-0.317815
0.560683
0.058577
0.235529
-0.100301
0.265668
-0.564986
0.327816
0.632134
0.180434
-0.288799
0.739614
-0.096331
0.866435
-1.111138
0.383924
0.478779
-0.718287
0.231593
1.105371
0.400261
0.247137
-0.276193
-1.108644
0.796880
0.309694
0.116590
-0.146928
-0.229607
-0.127073
0.432204
0.475969
-1.296545
-0.611753
-0.811083
0.482563
0.092815
-0.955618
-0.672741
-0.658328
0.440327
-0.368395
0.358754
-0.277930
-0.160712
-0.606710
-0.350921
0.698053
0.882696
-0.549261
-0.661063
0.467073
0.444142
-0.348846
0.503728
-0.367078
0.530527
-0.096314
0.953365
0.432982
1.007918
-1.063385
-0.177200
-0.015253
-0.250730
0.278453
-0.257481
-1.169261
-0.099382
-0.259540
0.020056
0.169940
-0.624570
-0.261047
0.678147
0.066775
-1.163233
-0.281903
0.171967
-0.110413
0.238937
-0.252836
0.228388
-0.563032
-0.063252
-0.435453
-0.435674
0.309433
-0.246527
0.473188
0.436078
0.557346
-0.535615
-0.726602
1.061847
-1.250754
-0.375658
0.242203
0.365692
1.532377
0.737414
-1.067534
0.164528
0.038085
-0.238925
-0.345802
-0.599306
-0.697369
-0.425214
0.360551
0.357071
0.073737
0.361406
0.155013
0.830615
0.386352
0.660422
0.501592
-0.476797
1.142399
1.411827
1.097203
-0.073510
-0.306806
0.238567
-0.234460
-0.278509
-0.633762
-0.076888
0.024034
-0.199165
-0.741931
0.419929
0.062048
0.405668
0.092361
-0.130451
0.112564
-0.285585
0.756562
-0.299674
0.190947
0.273327
0.574916
-0.686507
0.432601
0.660291
0.760115
0.516510
0.128905
-0.337849
-0.002648
-0.112843
0.063533
0.140319
0.705609
0.154826
-0.052309
0.933211
-0.399795
-0.318221
0.173854
-0.176967
-0.299806
0.514590
0.758848
-0.345250
0.720726
-0.037453
-0.169213
0.051008
0.761348
0.508070
-0.106968
0.175988
0.257080
-0.534487
-0.051741
-0.148212
-0.306326
0.282274
0.811749
0.635428
-0.257104
-0.284806
-0.140958
-0.166274
0.487920
-0.610880
0.104534
-0.451646
1.068776
0.142656
0.253254
-0.445101
1.212196
0.005989
-1.535771
0.303279
0.167898
-0.135802
0.332074
-0.305237
-0.276790
0.144146
0.811146
0.463288
0.239500
0.594383
0.780830
0.253310
0.976388
0.442171
1.026750
0.293048
0.483033
0.372441
0.230033
0.170641
-0.020844
0.719294
-0.115550
-0.143739
-0.640488
0.397826
0.183542
0.809238
0.707179
0.882010
1.139757
0.375495
0.041107
-0.153631
0.017502
-0.255651
0.313460
0.598094
0.259180
-0.340048
0.115206
-0.546271
-0.133633
0.041727
0.496802
-0.190094
-0.220636
1.663689
-0.373081
-0.092850
-0.757593
0.439724
0.303114
0.631714
-0.465916
-0.252423
0.277425
-0.087606
-0.091173
-0.581190
0.987185
-0.319926
0.630973
-0.071161
0.162470
0.212380
-0.200968
0.022176
0.061552
0.165115
-0.714798
-0.850501
-0.460767
-0.918867
-0.037160
-0.727780
0.046754
-0.514166
0.126731
-0.444166
0.573142
-0.809043
-0.646355
1.093752
-0.163169
0.684764
0.871008
0.130995
0.040310
-0.545287
0.236040
0.595105
0.228097
0.745009
-0.357528
0.171563
-0.464303
-0.013365
1.210185
-0.452639
-0.734514
-0.072725
0.003457
-0.351389
0.525427
0.486229
0.165264
0.986831
1.062919
-0.639566
-0.336805
-0.645334
-0.526811
-0.221805
0.878832
-0.464341
0.493968
-0.277484
-0.694695
-0.314188
-0.580447
0.688418
0.002672
-0.272302
0.017949
0.379171
-0.905257
-0.870305
-0.174273
0.034627
0.279698
0.166402
0.020294
0.973343
0.539137
-0.595211
0.034201
-0.141453
-0.078887
-0.713044
-0.002857
0.746705
-0.058721
-0.279896
-0.498920
-1.216150
-0.190927
-0.112610
0.332180
-0.151666
0.262494
0.144042
0.225624
-0.496896
-0.997512
-0.324486
0.390250
1.212479
0.996263
0.602561
0.522029
0.637069
1.394468
-0.231372
-1.115275
0.807985
-0.112442
0.515305
0.345710
0.337674
-0.324023
-0.142802
0.437323
0.409368
0.404957
1.543206
0.848235
-0.074707
1.341119
-0.027218
-0.027488
-0.337703
-0.235983
-0.790033
-1.046518
0.139896
-1.191494
-0.316106
0.317582
-0.192559
-0.735455
0.594922
0.575464
-0.286012
0.487548
-0.414439
0.638810
0.212028
0.349095
0.620413
-1.257331
-0.853884
0.352946
-0.922393
-0.252066
0.824142
0.538524
0.568639
-0.560827
0.174266
0.018827
-0.596284
-0.501937
-0.360348
-0.173411
0.117784
0.470146
-0.640935
0.689556
0.300782
0.680584
-0.317164
0.641732
0.594721
0.610170
0.198277
0.245371
-0.159832
-0.454874
0.232949
0.531139
0.055442
-0.203509
-0.068754
1.108148
-0.104149
-0.281222
0.370979
0.330692
0.728928
0.601592
0.491121
0.881086
-1.061147
-0.132500
-0.362385
-0.324114
0.659868
-0.055096
-0.358084
0.388053
-0.612548
0.510884
0.000074
-1.053455
-0.607992
0.672072
-0.949309
-0.385486
0.160761
-0.404022
0.245013
0.649481
0.313571
0.224688
-0.010334
0.097893
1.038230
0.643676
0.149928
-0.099237
0.285639
-0.424024
0.344188
0.276354
0.327955
0.719420
0.199720
-0.405892
0.526529
0.382411
-0.443454
-0.302652
0.281150
-0.004427
-0.096791
0.159875
0.686954
0.719214
0.796284
-0.450544
-0.804912
0.727879
-0.160604
-0.458376
0.335765
-0.391532
-0.196483
-0.178486
-0.421176
0.406886
-2.031332
-0.046984
0.397821
0.469235
0.654825
1.130414
-0.302547
0.095267
0.867016
0.790227
-0.446258
-0.235389
0.631381
-0.211576
0.327775
-0.043264
-0.294165
0.190000
0.056652
1.232514
0.408606
-0.809490
-1.419622
-0.581798
-0.340364
0.824706
0.418688
-0.609044
-0.384675
-0.095796
0.070794
0.029416
0.215834
0.640600
0.150821
0.932894
0.323363
-0.468372
0.760404
0.957990
0.337648
-0.469958
-0.074649
-0.981138
-0.371296
0.609866
-0.937283
-0.278424
-1.315326
0.226334
-0.840973
0.251213
-0.460711
0.191397
-0.144238
0.225798
0.427179
-0.355125
-0.121830
0.507639
0.153615
0.635257
-0.379334
-0.431258
-0.930090
-0.501419
-0.911491
0.025951
-0.317852
0.331923
-0.880283
-0.696136
0.350445
0.237015
0.069674
-0.192463
-0.427290
-0.365525
-0.930888
0.982094
-0.100452
0.375664
-0.766496
0.592887
0.109630
0.367852
-0.635505
-0.383363
-0.030641
-0.309336
-0.181525
-0.234680
0.308989
0.448187
0.477806
-0.326477
0.107566
-0.470082
0.474624
-0.203085
0.852164
-0.338708
-0.977277
-0.785988
0.109039
-0.012340
1.003273
0.333748
0.020094
-0.067898
-0.019877
-1.120546
0.420473
-0.183403
-0.222087
-0.659259
-0.195861
0.139076
1.055402
1.113924
-0.051773
-0.902363
0.518877
0.698476
0.415863
-0.084342
0.579177
-0.104647
-0.316003
0.387919
0.333651
-0.919670
0.126927
0.131530
0.357884
0.184802
0.795027
0.651442
0.434346
0.019395
-0.198690
0.048334
-0.222698
-0.238410
1.285696
0.621570
-0.209052
0.223278
0.093608
-0.183194
0.365591
-0.172563
-0.241194
-0.523611
-0.320738
-0.795782
-0.176740
-0.722916
0.560222
-0.037175
0.057823
0.131221
0.536203
-0.150831
0.123693
-1.188467
0.503562
0.547158
0.835348
1.164728
0.645888
-0.529808
-1.206157
-0.447982
0.375992
0.106281
-0.346827
-0.478575
-0.661977
0.293061
0.543003
0.074637
-0.236414
-0.122512
-0.720641
-0.791547
0.174865
0.467124
0.667953
0.130585
0.217969
0.832155
-0.477096
0.420673
-0.531880
0.613157
0.569576
1.501084
0.174024
-0.206439
-0.494564
0.225856
0.958517
-0.395856
-0.539378
0.031126
-0.600947
0.629783
-0.054068
0.154951
-0.287001
-0.357778
-0.069994
-0.209431
0.106073
0.126020
0.115947
0.005729
0.023529
0.550461
-0.550361
0.567069
-0.900391
0.214005
-1.075332
0.523037
0.020477
0.380034
0.036304
-0.266291
0.870095
-0.194656
0.740875
-0.895542
-0.210964
-0.268277
0.066902
0.486654
0.476395
-0.239087
-0.535981
1.368315
-0.752461
-0.375929
0.280575
-0.161446
1.159437
-0.501748
0.162714
-0.254622
0.700538
-0.701644
0.235459
-0.834976
-0.154211
0.723254
-0.145477
-0.269985
0.435747
-0.296116
0.076341
0.235961
1.427375
0.280639
-0.543303
0.468089
0.606894
0.953451
-0.227716
-0.886531
0.068262
-0.414649
-0.002520
0.718799
0.886644
-0.343601
-0.235724
0.029080
-0.495825
-0.134234
-0.905242
-0.489324
-0.012496
0.847828
-0.323381
-0.215494
-0.331226
-0.335135
-0.038853
-0.383190
-0.220825
0.011667
-0.016702
-0.139854
0.098174
0.467507
-1.031632
-1.203415
-0.326444
0.286458
-0.106599
0.055006
0.476644
-0.156861
-0.930339
-0.727854
0.152395
0.144349
-0.539613
0.935626
0.049544
0.071298
0.350583
-0.320077
-0.208510
-0.388350
0.589734
0.726588
0.812314
-0.610134
0.180611
-0.168711
-0.483344
0.447585
0.310104
0.177147
-0.409945
-0.877411
-0.142009
0.411988
-0.022101
0.031860
0.222744
0.109381
0.703773
-0.963104
-0.537906
0.278804
0.123022
0.247596
0.206370
-1.132730
-0.046601
-0.383701
0.780765
-0.622504
-0.352990
0.418917
-0.564909
0.439213
-0.961691
0.842582
0.011902
0.369899
0.962871
0.240182
-0.362855
0.120838
-0.083817
0.115509
0.242712
-0.192388
-0.732663
0.741832
0.476068
-0.771679
1.235811
0.190671
-0.005558
-0.847515
0.782934
0.066346
-0.451444
-0.358965
-0.099829
0.546539
-0.780569
-1.123851
-0.139430
0.457971
0.124478
-0.243699
0.279381
0.219074
0.147943
-0.531737
-0.034835
-1.188112
0.031595
-0.740552
0.205710
-0.087045
0.447095
0.185985
0.433800
-0.231450
-1.053330
-0.546608
0.001785
0.429360
-1.242330
0.364454
-0.723579
-0.416100
-0.783702
1.291259
0.440781
0.505717
-0.088562
-0.664970
-0.188594
1.330937
0.933068
0.077394
0.283143
-0.242660
-0.849291
0.608467
-0.724929
0.421977
0.445601
1.304299
0.268844
0.981694
-0.522558
-0.293777
-0.232794
0.008198
0.800412
0.311883
0.652907
-0.112746
-0.331698
-1.419488
-0.808199
-0.824251
-0.907547
0.364651
0.637236
0.237258
0.012878
-0.669046
-0.088128
0.749203
-0.290154
-0.396451
0.086957
-0.169766
-1.495287
-0.237623
0.119686
-0.049574
0.002124
-0.347071
0.166456
1.221774
0.669095
0.084160
0.629078
0.273591
1.144905
0.156069
0.475437
0.282427
0.197811
0.277552
0.344856
-0.605427
-0.420050
-0.336005
0.336630
0.819740
1.062584
0.345924
-1.301221
0.014273
-0.477914
0.961421
-0.334268
-0.340204
-0.319021
-0.381894
-0.318023
-0.266703
1.137278
-0.659930
-0.753523
0.113566
0.109081
-0.150722
-0.293355
0.041751
-0.725406
-0.380630
0.018638
0.188893
-0.136848
-1.651622
-0.344997
0.995467
0.283197
-0.184918
-0.303177
0.579496
0.165542
-0.102308
-1.069114
-0.361030
-0.165804
0.221109
-0.358532
-0.404011
0.667394
-0.228353
0.312061
0.654008
-0.556599
-0.706226
-0.286152
0.379801
0.055354
0.388768
-0.288852
-0.493349
-0.787706
-0.324965
-0.754722
0.100474
0.327728
-0.383095
0.071115
-0.430627
0.386208
-0.207644
-0.604520
1.534521
-0.627010
1.274630
-0.667201
-0.508914
-1.058324
0.371858
-0.529728
0.601594
0.209655
-0.719298
0.762654
0.189184
-0.865481
0.332449
-0.221342
0.481501
0.332508
-0.367161
0.863420
-0.491285
-0.032354
0.488622
0.591707
-0.555505
1.506826
0.005013
0.043258
-0.182492
0.220646
-0.141539
-0.096866
0.409861
-0.143888
-0.441612
-0.404884
-0.535608
-0.378931
0.915657
0.620545
-0.099488
-0.385357
0.236561
-0.595791
-0.651284
0.509006
-0.056818
-0.372761
-1.341361
0.068995
0.700915
-0.582814
0.630914
-0.310853
-1.222625
-0.276464
0.351691
0.269259
0.246590
-0.404783
0.269031
-1.035508
0.598817
-0.631432
0.304024
0.588634
0.259490
-0.294504
0.853997
-0.576688
0.318163
0.028009
0.634908
0.612417
-0.384539
-0.208254
-0.303213
-0.380054
-0.858234
-1.027161
0.685660
0.342963
0.127560
0.004815
-0.181780
0.459087
0.339064
-0.797415
0.428767
-0.121237
-0.581693
-0.617615
1.507689
1.432474
-0.621630
-0.709804
0.347947
-0.725293
0.923618
0.174095
0.284578
0.554941
-0.267529
-0.041290
0.224531
0.204432
-0.003134
0.247998
-0.159620
-0.191866
0.629686
-0.133464
-0.457668
-0.332491
-0.211756
0.890280
-0.207495
0.306220
0.203607
-0.464163
-0.009505
-0.021007
-0.073038
-0.504626
0.079717
-0.215345
0.781089
0.466965
-0.801917
0.809477
-0.283371
-0.282818
0.884169
-1.192914
-0.509247
-0.721720
0.565865
-0.091303
-0.093290
-0.012965
-0.336684
-0.147802
-0.146820
0.300743
0.540601
-0.973414
0.102028
-0.068590
-0.058342
-0.154516
0.453207
-0.272756
-0.387410
0.245236
-0.327098
0.582772
0.423232
-0.129668
0.433637
0.076543
0.605019
0.429064
1.308229
0.038951
0.745037
0.081162
0.247882
-0.400904
0.245505
-0.006440
-0.495078
-0.495493
0.565524
-0.418635
-0.259001
0.185672
0.091136
-1.286081
-0.296970
-0.209615
0.016726
-0.363607
-0.093529
-0.119285
-0.116829
-1.129028
-1.675399
-0.179205
-0.021006
0.352497
-0.129386
-0.321908
-0.420507
-0.413105
-0.776275
0.367389
0.168121
0.133833
-0.097251
-0.068904
-0.003432
0.021578
-0.261172
-1.018344
-0.351082
-0.081280
-0.145187
0.742217
0.689713
-0.542648
-0.336181
0.494364
0.128098
-0.125183
-0.324653
0.333294
-0.792198
-0.425480
-0.235752
1.282070
-0.416159
-0.232580
-0.032998
-0.532049
0.077287
-0.799604
-0.539124
-0.123535
0.311992
0.501338
1.256847
-0.441579
0.478985
0.870335
0.749821
-0.671015
-0.119695
1.139741
0.049921
0.028036
0.241159
0.906243
-0.087846
0.603342
-0.171940
0.392906
1.176306
0.027163
-0.066416
-0.262741
0.005368
-0.229725
0.668366
1.154451
-0.535935
-0.044944
-0.579958
-0.777224
-0.856114
-0.477364
0.037684
1.499929
0.406342
-0.689344
0.199426
0.890342
-0.207648
-0.176227
-0.496489
0.036922
0.695685
0.766823
-0.005754
0.501646
-0.138584
0.661853
0.260038
0.332908
-0.203662
0.945076
-0.019760
-0.876178
0.232421
-0.510676
-1.203465
0.353395
0.429074
-0.494181
0.585454
-0.343958
-0.034931
0.772587
0.701225
0.292593
0.865068
-0.189410
-0.042085
0.245762
0.173855
-0.414260
-0.496977
0.443473
0.068400
-0.579096
-0.191787
0.212572
0.437870
1.374992
-0.143166
0.721819
-0.135452
-0.204361
0.657856
-0.527979
-0.034350
-0.231331
0.009745
0.869078
0.449208
0.235563
0.273473
-0.096834
-0.795044
-0.437126
0.464996
0.080921
-0.259267
-0.815477
0.395774
-0.381690
-0.437088
-1.301094
0.206058
-0.986346
0.191816
-0.349065
0.449210
-0.823280
0.441558
0.197210
-0.724809
0.968002
-0.735902
0.036342
-0.345343
-1.411400
-1.173560
0.092809
-0.022808
0.286711
-0.633467
0.030367
0.579561
0.112942
-0.147478
-0.009174
0.552311
-0.442008
1.012086
0.221665
0.080997
0.788980
-0.373052
0.504741
1.507168
0.204140
-1.743672
0.049209
-0.005018
-0.110703
-0.054243
0.108063
-0.815346
0.712512
0.079738
0.130234
-0.481495
0.183976
0.698957
0.122367
0.397941
-0.166477
-1.099879
-0.114380
0.359848
-0.412096
-0.134624
-0.008615
-0.134021
-0.465810
0.076133
0.113969
-0.459242
0.522990
-0.592315
-0.396847
-0.031111
-0.212552
-0.115113
0.437694
-1.183613
-0.425407
0.316637
0.632532
0.284922
-0.340818
-0.944903
0.173535
-0.240586
-0.247503
-0.482453
-0.111815
-0.510068
-0.136063
0.002704
-0.058358
-0.563698
-0.869727
-0.467914
0.199998
0.147062
0.306292
0.675625
0.373048
-0.053889
-0.555365
-0.518062
-0.155629
0.344394
0.923859
-0.986240
-0.191726
1.201498
-0.164595
0.694173
0.759866
-0.170647
-1.370623
0.051763
0.025453
-0.297057
-0.058480
0.147211
0.272975
-0.661020
0.065412
-0.056002
0.094202
-0.249293
0.794873
0.615485
-0.003671
0.067588
-0.627451
-0.000857
-0.030849
0.085765
-0.169995
0.093465
0.411530
-0.023588
0.319542
0.134145
0.147426
-0.344489
-0.223061
-0.414522
-0.179437
-0.587056
-0.719344
0.482409
-1.117429
-0.186766
-0.654462
-0.266404
-0.464409
0.750434
0.343344
-0.292442
-0.891934
-1.035754
-0.029421
-0.022019
0.133660
-0.083380
-0.056527
0.504705
-1.112047
0.329458
0.008645
-0.167400
-0.021430
-0.232105
0.506088
0.785944
0.354545
-0.147901
0.717205
0.237272
-0.253338
0.485093
0.121806
-0.254562
1.254492
0.132467
0.248403
0.500743
-0.430026
-0.425188
-0.169555
-0.683097
0.405105
-0.867250
0.758723
0.113232
-0.177593
0.668609
0.502982
1.008851
0.036075
-0.513963
0.106990
1.541695
-0.096422
0.572870
0.574533
-0.052558
-1.261239
-0.332677
0.133018
0.402590
-0.651584
0.374297
0.314021
0.503207
0.016916
-0.074938
-0.363548
-0.800871
0.089028
0.516116
0.489987
-0.575167
0.627989
-0.379828
-0.692963
1.507553
0.229179
0.372824
0.721536
-0.267549
-0.629168
-0.031707
0.171898
-0.708132
0.109391
0.777314
-0.056646
-1.363685
0.289434
0.796516
0.262961
-0.019655
-0.147308
0.356492
-0.604325
-0.561326
0.096186
0.254038
0.111384
-0.343995
-0.435175
-0.359161
0.767709
-0.137324
-0.199607
0.375558
0.411588
-0.978639
0.372739
-0.400779
-0.019383
-0.753192
-0.601098
-0.209018
-0.361090
-0.042365
0.217907
0.254463
-0.298998
-0.164674
-0.295335
0.309764
0.101101
0.784617
0.208609
0.628926
0.391489
-0.429283
0.162845
0.035723
0.247271
0.446663
0.290880
0.464902
-1.298572
-0.471549
0.887112
-0.013769
0.387329
-0.865720
0.871043
-0.313029
-0.055526
0.552287
-0.076970
0.990303
-0.118513
-0.373677
-0.278275
0.380818
1.199648
-0.871273
-0.642399
0.535649
-0.965635
-0.508566
0.023861
0.815552
-0.141251
-0.225282
0.105057
-0.395838
0.014894
1.018425
0.348651
0.270881
-0.355606
0.385928
-0.205727
-0.993123
-0.567233
-0.342135
0.068031
0.333650
0.628672
-0.624641
1.180448
-0.044459
0.036338
0.514763
0.262811
-0.972024
-0.525636
0.778870
-0.651632
1.389334
0.955531
-0.244949
0.377960
0.011550
0.303249
-0.935843
0.399563
1.006523
0.064691
0.364485
-0.639767
-0.153942
-0.145474
-0.981804
0.390929
-0.221245
0.795239
0.113234
0.559649
-1.272292
1.168041
0.002264
0.412072
0.315738
-0.018013
-0.623585
-0.686594
0.092719
0.208557
-0.058423
-0.412936
-1.164719
-1.151382
0.288035
-0.180619
0.541091
-0.639048
0.694833
0.567538
-0.369809
-0.098368
-0.597446
-0.235749
0.836741
-0.423161
-0.182451
0.515097
-0.562772
-0.027255
-0.206912
0.400626
-0.137181
-0.017113
-0.330267
-1.065313
0.150892
-0.037373
-0.672811
0.821007
0.155296
0.034331
-0.236714
-0.114951
0.824250
1.011951
-0.484707
-0.157490
-1.485051
-0.686487
-0.818458
0.075639
0.023163
-0.096083
-0.385031
-0.873026
-0.315904
0.070054
0.401763
0.242665
-0.437866
-0.371770
0.094739
0.379169
0.126378
-0.508799
0.575915
0.409101
0.091236
0.118439
0.236769
0.308945
-0.584438
-0.489571
0.510948
-0.638266
1.328766
0.691971
0.287203
-0.799673
0.253026
-0.523922
0.428226
-0.316854
-0.286662
-0.788740
-0.149658
-0.038314
-0.136099
0.120967
-0.735620
-0.575498
-0.004115
0.292216
0.159312
0.289598
-0.313871
0.254851
0.029408
0.099260
-0.521809
0.592789
-0.177041
-0.219573
-0.202838
-0.213221
-0.427925
0.759640
0.300352
-0.542079
0.550927
-0.093871
-0.300525
-0.209519
-0.775784
-0.388522
-0.641467
0.459735
-0.819085
0.151110
-1.322239
0.528683
-0.397287
-0.833466
0.036021
-0.393718
0.022924
-0.340258
-0.318863
0.731130
0.284898
0.437960
-0.485845
0.190930
-0.201904
-0.665947
0.452363
-0.087202
0.524368
0.029445
-0.603559
0.293982
-1.634569
-0.233984
-0.302406
-0.272514
0.192299
0.459131
-0.219892
-0.267895
-0.000514
0.492172
1.300981
0.114872
0.531363
1.183074
-0.112146
0.391950
-0.197766
0.516642
-0.355645
-0.390553
-0.289699
0.031165
0.626852
-0.260616
0.404316
-0.400231
-0.241413
-0.338357
0.763826
-1.211014
-0.718588
0.631783
1.146353
0.286889
-0.154612
0.560179
-0.433701
0.553207
-0.916222
0.381684
0.321269
0.040294
-0.198490
-0.279070
-0.392317
0.366408
0.131442
0.530859
-0.233505
-1.293584
0.075743
0.598139
0.054430
-0.146003
-1.321029
0.426845
-0.072551
-0.673934
0.040284
0.101967
0.234735
0.301461
-0.152096
0.479849
0.178587
-0.360937
-0.616895
1.036413
-0.607422
-0.321657
0.283214
-0.599674
-0.360954
-0.151881
-0.620102
0.060780
0.084824
0.015828
-0.040740
0.163851
0.781375
-0.190417
0.197912
0.399388
-0.266820
-0.035778
-0.665761
-0.658372
1.004234
0.664842
0.243743
-1.445973
-0.380520
-0.884308
-0.411221
-0.635394
-0.089843
-0.177205
0.515971
1.516188
-0.518057
-0.356349
-0.093976
1.051419
0.476697
0.022670
0.713992
-0.457845
0.157716
-0.358259
-0.627393
0.129520
0.003068
-0.155943
-0.091385
0.036785
0.268090
-0.169812
-0.003892
0.144776
0.330358
-0.375387
0.715724
-0.632883
0.701980
-0.129881
-0.482174
0.103643
0.024645
0.797068
-0.047151
0.559726
-0.346768
-1.462320
0.773087
0.235455
-0.238207
1.040329
0.336104
-0.549206
-0.777856
-0.878272
0.175014
0.459233
-0.045845
0.690638
-0.653440
0.299977
0.139200
0.254993
-0.707121
-0.113151
-0.022051
0.189605
0.076662
0.590051
-0.938876
-0.103359
-0.347410
-0.296185
0.187654
-0.015553
-0.180437
-0.218329
-0.001333
0.314004
-0.093654
-0.386143
0.640088
-0.134450
-0.552130
-0.113271
0.762743
-0.124058
-0.076872
0.355476
0.240596
-0.010543
-0.254937
-1.056435
-0.255633
-0.069707
-0.730262
-0.127353
-0.637774
0.755160
-0.821947
-0.516380
-1.388393
0.013013
0.151087
0.169256
0.102592
0.425450
0.572526
-0.743892
1.080216
1.162606
-0.293685
-0.571059
0.720022
-0.337727
-0.056142
-0.234451
0.168583
1.079775
0.909153
-1.172228
-0.071384
-0.150722
0.662135
-0.256877
-0.318342
-0.419849
-0.395480
0.686724
-0.282690
0.385471
0.509536
0.346227
0.554861
-0.290592
-0.602840
-0.051196
-0.602543
-0.488435
-0.004530
0.628330
-0.133148
0.490121
-0.348168
0.561249
0.085288
-0.151859
0.395587
0.531325
-0.480831
0.928318
-0.568813
-0.244414
-0.123467
0.162075
0.136831
1.153946
0.840886
0.443049
-1.357918
-0.116524
-0.487688
-0.118270
0.160205
0.804619
-0.036940
-0.241828
1.129251
0.258894
0.343798
-0.117923
-0.291075
0.014816
0.654371
-0.640498
-0.286644
0.111371
-0.705864
0.186502
0.848302
-1.245556
-0.475561
0.643870
-0.006290
-0.582382
0.178253
-0.115172
0.075930
-0.443270
-0.297147
-0.272737
0.219440
0.015619
0.106760
0.089790
-0.392075
-0.507320
0.646330
-0.717282
0.154575
0.024694
0.560733
0.685118
0.694789
0.927808
-0.756359
0.139424
-0.315651
0.497875
-0.118774
-0.782068
0.673168
-0.122756
-0.716086
1.091884
-0.073150
-0.342349
1.298418
0.317562
-0.621031
-0.267960
0.441645
-0.298068
0.228567
-0.135023
0.451316
0.006593
-0.370651
0.506443
0.143136
0.145635
0.821378
-0.150786
-0.548298
0.408727
-0.573709
-0.023031
-0.455247
0.174904
-0.367351
-0.400678
-0.682681
0.367996
-0.737314
-0.359194
0.456152
0.053531
-0.287243
-0.208162
0.273456
0.256704
-0.421844
-0.200518
0.673942
0.007981
-0.324367
0.203333
0.656315
0.595843
-0.203157
0.754090
-0.148045
-0.660090
0.559183
-1.051706
0.587935
1.046577
-0.773959
0.155112
-0.383808
-0.421415
1.005629
-0.080782
-0.295442
-1.089105
-0.521077
0.054161
-0.319962
-0.414006
0.673865
-0.060998
-0.195384
-0.528094
-0.466985
0.159229
-0.379449
0.002016
1.268336
0.103939
0.969533
0.224531
0.450604
0.466862
-0.776819
0.380730
0.644540
-1.356697
-0.945543
0.000776
0.307505
0.100466
0.421812
0.122589
-0.176508
0.465225
-0.067504
-0.553452
0.530596
-0.072210
0.517446
-0.262004
-0.245333
-1.009962
-0.730091
-0.189375
0.115779
-0.363717
-0.002396
-0.260938
0.309438
-0.244039
-0.377201
-0.075079
-0.057135
-0.288145
0.200221
0.239408
-0.604888
-0.091059
0.498402
-0.234573
0.299781
-0.479957
-0.658243
-0.177732
0.340389
0.309494
0.396983
-0.474840
-0.069823
0.158351
-0.439655
-0.696057
-0.818954
0.076189
0.340165
-0.397924
0.148116
-0.354447
0.816124
0.184453
0.216371
-0.963236
0.259914
0.368745
-0.173542
0.381433
-0.609622
-0.258023
0.109322
0.206515
0.648671
0.193649
-0.841847
0.242595
-0.502190
0.057433
0.231014
0.984735
-0.606910
-0.174488
-0.294483
0.131705
0.016560
-0.785862
0.077139
0.054975
-0.759879
-0.318813
0.895338
-0.234397
0.671222
-0.920103
-0.213393
-0.521015
-0.803976
0.409545
0.110784
1.218281
-0.021342
-0.591435
-0.070239
-0.080992
0.459097
0.624181
-0.627903
0.205917
-0.655944
1.144024
-0.425539
-0.386904
-0.518637
-0.057889
-0.385297
-0.138482
-0.564664
-0.393772
-0.446165
-0.600118
0.292162
-0.334538
0.170164
-0.918632
-0.314993
-0.065754
0.049973
0.793096
-0.345515
-0.118978
0.164329
-0.469732
-0.262074
-0.092406
0.232170
-0.104845
-0.136239
-0.167290
0.327059
0.268378
0.043502
-0.459574
0.201094
-0.148328
0.076380
-1.487405
0.921138
-0.570973
-0.219176
-0.561917
0.092531
-0.194682
0.304927
-0.319921
-0.527014
0.185314
0.108021
0.249482
0.616234
0.403543
0.189130
1.377989
0.066036
-0.098326
-0.347089
0.268749
-0.626041
-0.506798
-0.550148
-0.098138
-0.296638
-1.659812
-0.009735
0.547669
-0.316924
-0.557788
-0.233769
0.790366
0.734319
-0.434423
0.379610
0.133587
0.061874
-0.533798
-0.110340
-0.347749
0.346704
0.130193
0.369199
-1.463209
-0.370037
-0.541865
0.367325
-0.149866
-0.182971
-0.837031
1.047839
-1.076114
-0.062223
0.578206
0.374338
1.506227
-1.097775
-0.460140
-0.698384
-0.030548
0.359537
0.333037
-0.898388
0.302134
-1.232093
-0.419330
0.805853
-0.657263
0.301419
0.318241
0.353228
0.116963
0.282569
0.180647
-0.117343
-0.407146
0.113525
0.035194
-0.281809
0.268588
0.003841
-0.328244
-1.068702
0.349771
-0.430378
1.235692
-0.347251
0.114286
0.162881
0.277241
-0.261634
-0.939551
1.108854
0.264912
0.365368
-0.228125
-0.791775
0.592246
-0.308927
-0.091972
-0.292182
0.368684
-0.166149
-0.467645
-0.607272
0.760336
0.578656
0.630248
0.093103
0.356228
1.307681
0.552257
-0.062746
-0.888392
-0.779914
-1.211476
-0.003963
1.235036
0.154619
0.028537
-0.190764
-0.226127
0.687237
0.961997
-0.232423
-0.449505
-1.006563
1.284250
-0.049338
-0.147631
0.193520
0.569389
0.451325
0.157334
-0.049161
-0.529669
0.530613
0.682168
-0.471427
0.696375
-0.025620
0.087985
-0.676111
0.132289
0.093993
0.027569
0.639528
0.758949
0.728616
-0.167514
-0.366950
-0.199724
-0.565434
-0.055242
0.242542
-0.116818
-0.605771
-0.039437
-1.029868
0.489212
-0.233517
-0.594453
-0.250595
0.834350
-0.084921
0.249178
0.337692
0.251645
-0.007328
0.360048
0.140859
0.055139
-0.485682
-0.495692
0.605903
0.634084
0.501441
-0.447841
-0.984745
0.380812
-0.828887
0.469032
1.051282
0.261158
-0.982674
-0.985642
-0.547743
0.475345
1.327256
0.388328
-1.237005
0.568691
0.300587
-0.351707
0.208474
1.031971
0.749818
-0.346530
0.725275
-0.409955
-0.005710
0.007121
0.161935
-0.192815
0.446944
0.588272
-0.445955
0.250219
0.816260
-0.634319
-0.781984
0.710154
0.637031
-0.376169
-0.799283
0.400359
0.063175
-0.084232
-0.087479
-0.275015
-0.333253
-0.688109
0.073667
0.420722
0.466122
-0.105423
0.100928
0.016368
0.866928
0.347346
0.102411
0.882355
0.092357
0.312974
0.550747
0.821450
-0.143609
-0.162269
-0.012575
-0.238205
0.209554
0.296421
-0.415551
-0.665046
0.030836
0.057388
-0.206493
