0.027509
0.181524
0.421180
0.282414
-0.025899
-1.112747
0.048722
-1.020093
0.226093
-0.332401
-0.277064
0.246095
0.449949
-0.159716
-0.295108
0.249467
-0.036905
0.385146
0.391834
-0.504323
-0.662213
1.273454
0.613666
-0.477750
0.282734
-0.220134
0.126463
0.693401
-0.590424
0.369567
0.127521
0.588595
1.108124
0.061976
1.239667
-0.133238
-0.694616
-0.086725
0.402654
0.010830
-0.540372
0.273643
0.668145
0.139587
-0.715545
-0.411590
0.430949
0.174229
-0.294501
-0.277855
-0.009812
-0.723127
0.251053
0.710433
-0.476364
-0.735782
-0.545294
0.362218
-0.496597
0.051510
0.826059
0.128315
0.671533
-0.053303
0.721839
-0.501624
-0.216875
0.016832
-0.192085
0.597674
-0.695488
0.258799
-0.104546
0.153335
-0.221421
-0.345258
0.456598
-1.034825
0.028331
-0.143122
-0.127488
-0.654210
-0.170548
-0.203236
0.693222
1.021787
-0.871857
0.109030
-0.581253
-0.104977
0.393657
0.116663
-0.670899
-0.134341
-0.328493
-0.295193
-0.056598
-0.028743
0.400572
0.243773
0.235908
-0.590960
-0.293097
0.214348
-0.346844
0.371197
-0.382397
-0.337300
-0.027146
-0.525318
-0.671835
0.053639
0.619643
-0.497116
-0.678485
0.011649
-0.875960
-0.531718
0.292366
0.863576
0.296990
1.090167
-0.512626
-0.113221
0.381342
0.034311
-0.384459
0.203213
0.171857
-0.235840
-0.180266
0.294250
0.396776
0.317120
-0.117646
1.116597
0.678994
0.219927
0.165315
1.377164
0.646359
1.258697
0.533629
-0.164895
-0.311025
-0.294749
0.611464
-0.188840
-0.591161
-0.738901
0.305439
0.609209
-0.252903
-0.378850
-0.144641
-0.936272
0.609732
0.253594
0.733816
0.129103
-0.887531
1.380812
-0.941791
0.334663
0.005739
0.350172
0.393677
0.541109
-0.384790
-0.197913
-0.894102
-1.076824
0.395211
1.275323
0.489473
-0.116292
-0.119526
-0.544250
-0.024984
0.256497
0.436126
-1.017821
0.669425
0.748650
0.687345
1.029606
0.789813
0.617271
-0.236905
0.257058
-0.687731
-0.156529
-0.242842
0.993878
0.425927
0.370634
-0.372212
-0.315337
-0.157981
-0.414789
0.302059
-0.096799
0.506592
-0.958517
0.404584
0.098999
-0.260320
0.161150
0.361451
-0.205528
0.843498
-0.791921
-0.147073
0.668664
-0.791738
-0.869961
-1.157131
0.069287
-0.576944
0.389593
0.451602
-0.438655
0.828080
-0.122841
0.536850
-0.462570
-0.409681
0.293819
0.054347
0.311181
-0.370909
-0.967726
0.539286
0.204815
-0.721352
-0.723290
-0.137279
0.396202
0.813230
1.002631
-0.303487
-1.039494
0.321515
0.326669
-0.273003
-1.411889
-0.636678
-0.334785
0.590000
-0.459328
-0.120532
-1.117733
0.903451
0.562148
-0.125027
-0.401027
0.107811
0.810467
-0.246491
0.410842
0.234605
0.183113
-0.283845
0.024030
-0.148907
-0.035778
-0.791770
0.552152
0.258837
-0.539699
0.748231
-0.117198
0.068765
-0.137846
0.958646
0.677193
-0.067630
-0.548116
-0.330422
0.456437
-0.486754
-0.549352
-0.704989
0.762465
-0.540682
0.195748
0.541826
-0.795484
-0.222966
0.337551
0.083018
0.326221
1.126553
-0.056968
-0.130662
0.456647
0.206655
-0.000320
-0.557499
-0.335776
0.329443
-0.146173
0.863014
-0.790053
0.060728
-0.737458
-0.403705
-0.099044
-0.237754
0.999242
0.081121
0.070607
-0.429886
-0.790664
0.725049
-0.144591
-0.140198
-0.952331
0.462516
0.346313
-0.290284
-0.281418
-0.522846
-1.254507
-0.636405
1.086855
-0.001437
0.123619
0.052661
-0.197092
-0.942421
0.156457
0.661658
0.223744
0.209643
0.210028
-0.294433
0.536125
-0.412763
0.260584
0.640491
0.500125
-0.395610
-0.609590
-0.756046
-0.114764
0.180940
-0.140314
0.733911
-0.191426
-0.496579
0.390560
-0.441405
-0.638178
-0.207692
-0.094451
-0.475790
0.718312
0.328628
0.283414
-0.535232
0.891351
-0.504456
-0.631028
0.377423
0.209158
-0.351263
0.203843
0.495073
0.348774
0.804782
-0.728346
0.098374
-0.383090
-0.672958
-0.376037
-0.768745
0.967305
0.100656
-0.602256
0.256460
0.762244
-0.349833
-0.643669
0.382627
-0.340848
-0.351114
-0.486150
-0.512427
-0.756050
0.141794
-0.985565
0.195905
-0.076078
0.276017
-0.548483
0.305925
-0.364391
0.316855
0.005542
0.362455
0.701950
-0.887765
-0.195518
0.325794
-0.023318
0.045182
0.664148
-0.724729
-0.021733
-0.315769
-1.095822
-0.244081
-0.416042
-0.025077
0.671677
1.100433
0.062452
-0.109284
-0.174626
0.503665
-0.434381
0.525716
0.879102
-0.863702
0.208453
0.289365
-0.128099
0.766436
0.066542
-0.071428
0.088269
-0.340792
-0.038107
-0.617280
0.596459
-0.934720
0.032743
-0.747453
0.171429
-0.797642
1.102960
0.056208
-0.006953
0.165406
0.263051
0.551009
0.192102
-0.105414
-0.909808
-0.626318
-0.586969
0.143242
1.347412
-0.117250
0.075326
-0.416803
-0.848067
0.460052
-0.633628
0.530607
-0.283069
0.412089
-0.246914
-0.720174
-0.713963
-0.445971
0.174365
-0.286177
0.134660
0.578399
-0.640658
-0.244998
0.477650
0.212974
0.265462
-0.501630
0.228345
0.425966
0.216522
0.319237
0.780214
-0.634227
0.278182
0.277620
0.163274
0.167251
-0.414473
0.493324
-0.671821
1.135831
-0.368930
0.173197
0.875688
0.310130
0.503101
0.283852
-1.364112
-0.252206
-0.679301
0.088926
0.691548
-0.203917
0.569041
-0.071998
0.420551
0.245042
-0.223071
-0.890886
-0.163339
0.649840
0.122678
0.157686
-0.604263
0.447576
-1.171930
-0.327098
0.203285
0.044555
-0.482199
-0.588539
0.254807
-0.347146
-0.936259
-0.296665
-0.809722
-0.063268
0.518157
0.107885
0.414405
0.015893
0.039990
-0.577656
0.284482
-1.415256
-0.182372
0.123556
0.817680
0.282575
-0.844923
-0.367177
0.101915
-0.335817
1.150605
0.800434
-0.182676
0.056240
0.412103
0.531784
0.279858
-0.419127
-0.130231
1.144002
0.485989
-0.294350
0.631739
-0.575629
-0.175764
0.827544
0.005250
0.360076
0.107794
1.162367
-0.291815
0.098555
0.289631
-0.398166
0.793776
0.562072
0.178697
0.095568
-0.021841
-0.931450
0.328451
-0.175487
0.679855
-0.502003
-0.397345
-0.254298
0.686531
-0.092773
0.333498
0.044539
0.438340
-0.604847
0.347347
-0.596850
0.038115
0.248815
-0.041921
0.024345
-0.230256
0.303026
-0.342998
-0.417964
0.522533
0.025864
-0.365585
0.195969
-0.031589
-0.099745
0.558185
-0.830970
-0.605008
0.266436
-0.693300
-0.260031
1.054183
0.538683
-0.544889
-0.631069
0.404709
-1.294175
0.082977
0.768939
0.196198
0.338116
-0.378043
0.487112
-0.204913
0.090006
0.329528
-0.278367
0.506205
-0.638801
-1.066109
0.507565
0.554920
0.830339
0.183830
-0.283661
-0.066488
0.016486
0.620401
0.599627
-0.431837
0.117156
-0.464166
-0.489621
0.043742
-0.032501
0.180494
-0.514948
-0.639460
0.327677
0.323247
0.262686
-0.170537
-0.410967
-0.629525
0.525720
0.088523
0.894971
0.220377
-0.290000
-0.166489
-0.983971
-0.185087
-0.054978
0.637617
-0.262153
-1.016202
0.276951
-0.537000
0.024183
0.334005
0.058410
0.522962
0.718700
-0.592875
0.862611
0.433721
0.064902
0.728223
0.082594
0.247296
-0.121788
-0.731245
0.186682
0.650400
-0.328025
0.469969
0.123437
-0.461121
-0.111548
0.097200
-0.121584
0.239706
-0.350658
0.195886
-0.378117
-0.089922
-0.786354
0.053519
-0.439166
0.639611
-0.417755
0.396343
-0.232253
-0.483162
0.581594
0.741002
-0.848264
-0.475890
0.381851
-0.082877
0.623479
-0.415492
-0.490734
-0.824282
-0.191085
-0.050720
0.019690
0.671389
-0.372317
-0.017875
0.193243
-0.625536
-0.666564
-0.378856
0.600072
-0.194479
0.152226
0.256872
-0.416790
-0.115569
-0.440717
-0.283300
0.065460
-0.090822
-0.827053
0.301438
-1.063401
-0.029669
-0.600755
-0.488420
0.011420
0.269899
0.415192
0.540954
0.815795
0.785821
0.875044
-0.477032
0.455659
-0.200013
-0.163498
-0.142861
0.602662
0.163267
-0.187652
-0.811502
-0.651616
-0.711195
0.019601
0.480074
1.435304
-0.699269
-0.473557
-0.258446
-1.042484
-0.387207
0.455392
0.895547
-0.549468
-0.181432
0.300599
0.793186
0.236830
-0.674268
-0.437403
0.810995
0.120534
0.148711
0.522841
-0.079509
0.159134
1.079991
-0.580978
-0.811006
1.222893
0.087725
0.637231
0.206354
-1.131143
0.430791
0.305863
0.687198
0.144716
0.253106
-0.724430
1.095687
-0.051844
-0.088958
0.336664
0.027594
0.560039
-0.243377
-0.561051
0.050471
-0.609239
1.147019
-0.659539
-0.320103
-0.099433
0.226460
-0.933584
0.513931
-0.194142
0.043086
0.801516
0.994011
-0.950957
-0.085648
-0.039542
-0.302583
-0.375050
0.677353
1.790266
-0.765727
-0.370954
-1.783527
-0.690379
-1.100945
0.475687
1.102361
-0.612998
0.099115
-0.023282
-0.989812
0.232597
-0.380827
-0.586059
-0.094067
-0.031598
-0.433320
0.236045
0.329976
-0.443986
0.059843
0.068920
0.447850
0.770239
0.004165
-0.111096
0.228253
1.015230
0.473662
0.788404
0.336538
0.498314
0.856307
-0.130610
0.018255
0.235523
-1.234733
-0.210669
-0.289125
-0.792984
-0.331480
-0.455301
0.140001
-0.442500
0.060538
-0.752729
-0.288350
0.535211
-0.592996
-0.653351
-0.548457
-0.159738
-0.209814
0.261700
0.493854
0.443862
-0.077892
-0.364593
-1.088243
0.407537
-0.257692
0.489933
-1.265041
-0.401205
-0.096155
0.622922
-0.646774
-0.497738
-0.546940
-0.125004
0.358076
-1.022219
-0.347026
0.756949
-1.030074
-0.146642
1.035636
-0.058247
0.497877
-0.004378
0.947804
-0.192930
-0.281517
0.819188
-1.225266
-0.207651
-0.539208
-0.224331
0.505176
0.988006
-0.109757
-0.306584
-0.097240
-0.149383
0.176522
-0.113763
0.399649
-0.440142
0.097169
0.041549
1.261083
0.446896
-0.213919
-0.324942
-0.235253
0.131822
0.818730
-0.039789
-0.197676
0.779771
-0.778960
-0.171347
-0.761154
0.165081
0.181616
-0.072486
0.181577
0.856891
-0.095162
-1.897838
0.982360
-0.494503
-0.363897
0.816917
0.556895
-0.037898
0.122437
-0.863440
0.422220
0.074501
0.122691
-0.212157
-0.206646
0.539626
-0.847280
-1.539284
0.603888
-0.097179
-0.102754
0.460036
0.072132
0.615147
0.217457
0.266177
0.356956
-0.845711
-0.186120
-0.154170
0.446703
0.281446
0.069604
1.240992
0.394083
-0.062994
-0.409573
0.220601
-0.488642
-0.052084
0.017902
-0.372795
-0.623846
-0.784042
-0.040604
0.015231
0.630838
-1.055085
-0.418568
1.784669
0.204898
-0.448584
0.612520
-0.015773
-0.524016
1.063155
0.475308
-0.832377
1.009348
0.055874
-0.215973
-0.705408
0.083271
-0.229647
-0.118658
-0.055094
0.075903
0.593040
0.725389
-0.310770
-0.314966
-0.102766
0.273680
0.394759
-0.149280
0.011281
0.778581
-0.476517
0.127586
-0.554558
0.409606
0.580216
-0.430594
-0.149523
-0.442870
0.645109
0.253077
0.839408
-0.192236
0.079671
0.029126
0.847889
-0.369984
-0.250079
0.133050
-0.153842
-0.286804
-0.172027
0.203524
-0.179625
0.336508
1.113958
0.708482
0.058491
0.351352
0.687842
0.417972
0.603378
0.643898
0.459781
-0.216553
-0.766357
-0.206782
0.300404
0.697986
0.680846
0.710324
0.708419
-0.065765
-0.365469
0.531678
0.092112
-0.602167
-0.014189
1.025398
0.409367
0.196447
-0.248072
0.723663
0.480438
-0.348066
-0.442384
-0.288626
-0.301598
-0.882808
-0.011990
-0.168554
0.129416
-0.618069
0.935949
-0.580145
1.148070
-0.030121
-0.278482
-0.903908
0.570523
0.093881
0.567914
-0.392701
-1.091163
-1.659089
-0.616663
0.029165
-0.606323
-0.552758
1.061956
-0.462778
0.042104
-0.581995
0.278727
1.292405
-0.204024
0.006522
0.268875
0.024942
0.413482
-0.305613
0.476462
-0.722165
-0.224085
0.016172
0.238094
0.371829
0.120299
0.301868
-0.777368
-0.298283
-0.011762
-0.890641
0.576932
-0.653452
0.546754
-0.657252
0.569658
0.451396
0.521011
0.319364
0.481421
-0.234497
0.248902
0.569885
-0.550935
-0.329300
0.253576
-0.112458
-0.683605
0.389048
0.605267
0.688936
-0.791077
0.458006
0.372541
-0.320767
-0.683291
-0.184187
0.326011
-0.191227
0.269395
-0.114545
0.110547
-0.646779
0.113675
-0.043977
0.196051
0.640803
0.882192
-0.190805
0.290058
-0.107862
0.083017
0.186287
0.607490
0.825017
-0.796182
0.079703
0.432550
-0.406562
0.383883
-0.451857
-0.374821
0.097552
-1.077795
0.097159
-0.473376
-0.902437
-0.630122
-0.702459
-0.671000
-0.807569
-1.802146
-0.637038
-1.385828
0.574495
-0.602289
-1.230276
-0.640114
-0.936422
-1.617991
-0.663151
-0.533943
0.111273
-0.018895
-0.254421
0.463890
0.461177
-0.971760
0.444299
0.196553
1.492172
0.414957
0.300191
0.487080
0.478235
0.692705
0.697892
0.700279
1.210558
1.144382
1.045052
0.774399
1.074177
0.107860
0.798155
1.431077
1.755038
0.921963
1.098132
0.788503
0.940241
0.251313
0.887444
0.727382
0.733103
-0.007110
-0.717650
-0.264201
-0.365253
-1.498105
0.225983
0.751813
-1.068525
-0.401871
-1.138769
-0.957006
-0.773161
0.282841
-0.965161
-1.350267
-0.101413
-0.244307
-0.184204
-0.290721
-0.528626
-1.043188
0.233427
0.271679
0.365290
0.635928
0.007820
0.632045
0.401680
0.000841
0.312814
0.184996
1.519131
0.087369
-0.340961
1.253569
-0.435254
0.289009
0.125767
0.408566
0.757008
-0.498945
-0.708778
-0.402045
0.488059
-0.457132
-0.152389
-0.812414
0.204134
-0.500774
-0.850443
-0.079467
0.620729
-0.478821
-1.379085
-0.390147
-0.778056
0.580191
0.111424
-0.309180
0.329085
0.132740
0.735662
-0.307982
0.233714
-0.454099
-0.093325
-0.668447
0.262424
0.695143
-0.687296
-0.054360
1.004383
-0.538628
-0.232126
0.430259
0.039218
-0.415738
0.341794
-0.054248
0.598412
0.507052
-0.300988
-1.238079
0.272081
-0.688524
0.739916
0.046613
0.718578
-0.245091
0.488934
1.042305
-0.057384
-0.120088
-0.605596
0.080127
-0.633539
0.110923
0.158466
0.327229
1.211038
0.724578
0.777772
1.396184
0.982604
-0.378672
-0.582738
-0.164194
-0.032169
0.198241
-0.462291
-0.097893
-0.099216
-0.727550
0.851271
0.296911
-0.639311
-0.485047
-0.372993
-0.472810
0.034568
0.313728
-0.554807
-0.704176
0.260477
-0.433878
0.048237
0.200062
-0.341465
0.250928
0.197235
-0.266153
0.111806
-0.999182
0.274601
0.686264
0.111047
0.327139
0.468010
0.303806
0.252234
-0.133144
0.828939
0.260152
-0.270447
0.214401
-0.876076
-0.386850
0.614115
0.726183
0.021403
-0.471014
-0.057983
-1.058740
0.467045
-0.442608
-1.253619
-0.051835
0.096469
-0.703049
0.313188
0.056111
-0.012811
-0.837177
-0.745367
0.304892
-0.230227
-0.278326
-0.170245
-0.533934
-0.371165
-0.664644
-0.145845
0.250717
-0.053453
0.856539
-0.052528
0.460143
-0.363540
0.398165
-0.253110
0.018759
-0.291182
-0.016983
-1.387379
0.516688
0.334048
0.298401
-0.392554
-0.397700
-0.238773
-0.764100
0.380917
-0.910509
0.544354
-0.663200
-1.223098
-0.225411
0.432677
0.574238
-0.959422
0.090845
0.120338
-0.240382
-0.266682
-0.692016
0.703801
0.137100
0.038586
0.518179
-0.166411
-0.094086
0.832786
0.853840
0.658327
-0.418928
0.691712
0.068037
-0.289459
-0.804230
0.281367
-0.144512
-0.705493
-0.009363
0.231831
-0.559376
0.335559
0.086578
0.915934
-1.104962
-0.577018
0.351950
0.248760
-0.141203
0.445915
0.050295
0.459662
0.145616
-0.188855
-0.211961
0.582986
0.403820
0.026448
-0.674769
0.230216
0.395675
0.017895
0.071301
0.197354
-0.300754
-0.347157
0.044942
-1.009007
0.088397
-0.319564
-0.304579
0.336148
-0.037356
0.595751
0.388578
0.362736
-0.333498
-0.241769
-0.349684
-0.162984
-0.084243
-0.671919
0.262651
0.934508
0.726349
-0.175795
0.502373
0.449096
0.216407
0.453954
-0.333748
0.416615
-0.400453
0.148279
-0.739187
0.284572
-0.360405
0.386460
-0.345338
-0.292872
-0.167355
-0.773273
0.429541
0.979628
-0.090513
0.273547
-0.649656
-0.570612
0.205656
-0.561605
-0.294036
0.476732
0.544808
0.496740
0.113758
-0.688908
0.111642
0.259374
-0.025721
0.171303
-0.610562
-0.536011
0.439144
0.567203
0.666794
-0.298121
0.073978
0.415362
-0.407291
0.520115
-0.588439
0.976547
0.016092
-0.357561
-0.660475
0.447435
-0.109468
-0.415479
1.897147
0.178144
0.049342
-0.529245
-0.963577
0.035597
0.102440
-0.313097
0.225307
0.226321
-0.584700
-0.855349
-0.016730
-0.051280
0.041525
0.615772
-0.755347
0.346866
0.685080
1.449273
-0.468056
0.299031
-0.683743
-0.162721
0.437138
-0.114948
0.140575
0.188021
0.086623
-0.161235
-0.012961
0.143813
-0.790327
-0.550065
0.007412
0.537493
0.212662
-0.290452
0.103183
0.049749
0.243990
0.549343
0.229814
0.667322
0.677421
0.171453
-0.039848
-0.244125
0.309136
-0.266372
-0.101652
-0.363807
0.881410
-1.193567
0.326474
0.219242
0.868106
0.401384
0.201204
-0.054258
-0.808253
0.251855
0.412829
-0.439924
-0.334383
-0.435205
-0.203821
-0.820330
-0.399417
-0.267120
-0.272530
0.295081
-0.657571
0.436561
-0.849365
-0.925130
0.146328
0.023041
0.266007
0.344011
0.630964
1.235695
-1.286878
1.295138
-0.157349
-1.342835
0.397730
-0.317683
0.229587
0.031347
-0.586617
-0.859903
0.273776
0.858113
0.251438
0.047393
0.466412
-0.434776
-0.457818
0.412794
-0.189679
0.858539
-0.538955
0.097226
-0.421884
0.176010
-0.239337
0.227584
0.273716
0.237278
0.270642
-0.378196
0.502887
-0.226975
0.613242
-0.015114
-0.873351
-1.136391
-0.163955
-0.446579
-0.143039
0.103974
-0.550425
0.225799
0.062371
-0.174589
0.770017
-0.444868
-1.574122
-0.082583
-0.543130
0.801414
-0.136745
0.149196
0.606981
0.343361
0.317275
-0.365690
0.701918
0.103216
0.269372
0.132245
-0.899549
-0.297070
0.285358
-1.075803
-0.106226
-0.124524
0.643332
-0.596013
-0.513327
-0.641912
-1.168871
0.483986
-0.397912
-0.081715
-0.186262
0.191763
0.116561
0.989739
0.484214
0.043337
-0.167492
-1.138737
-0.240623
-0.083526
-0.193840
-0.256511
0.817662
0.345643
-0.387598
-0.717970
-0.312568
0.184064
0.073872
0.482198
-0.206427
0.741804
0.372571
-0.294210
-0.370331
-0.567124
0.250615
-0.835709
0.337894
0.636108
0.465889
-0.014661
0.134230
-0.584562
-0.419130
0.032717
0.501605
-0.114980
0.510411
-0.562001
0.063195
-0.245997
-0.329879
-0.436129
0.244496
0.188584
-0.007939
-0.419805
0.148563
-0.986583
0.380485
0.497419
0.001006
-0.263144
0.042074
0.633512
0.385437
0.137806
-0.244019
0.954083
-0.926320
0.392058
0.123763
0.423800
0.212670
-0.605156
0.003900
-0.475281
0.521968
0.046380
-0.296739
0.095414
0.954204
-0.185802
0.670718
0.119123
-0.035126
-0.056297
0.215753
0.958060
0.102928
0.249776
-0.181550
0.286227
-0.357539
-0.959991
0.463383
-0.206252
-0.414322
-1.153021
-0.582507
0.707819
0.315022
-0.025022
0.061872
-0.216362
-1.073416
0.674830
-0.080970
-0.762246
0.106110
-0.353175
-0.327800
0.963774
0.235711
0.101068
0.143965
0.286354
0.907836
0.450607
-1.387686
0.026644
0.008672
1.064693
-0.216770
-0.468584
-0.327859
-0.742348
-0.171197
0.895965
-0.580984
0.491524
0.494326
-0.273083
-0.057732
-0.238312
0.031232
-0.321223
0.116471
-0.182593
-0.086845
-1.354243
0.688593
-0.162671
0.421890
-0.585924
-0.815051
-0.271761
0.089811
-0.153438
0.320934
-0.085661
0.862077
-0.768082
-0.150270
0.289262
1.657555
-0.235937
0.998995
0.075612
0.255187
0.763106
-0.289158
-0.577710
0.823125
0.462268
0.048608
0.147744
-0.139647
0.817113
-1.612198
0.322017
0.416152
0.019764
0.195325
-1.665167
0.277281
-0.446545
-0.124324
-0.790401
0.206685
0.110604
0.540827
-0.762229
0.068290
0.181559
0.305981
0.364575
-1.047969
-1.246057
0.037754
0.563351
-0.574406
0.664292
0.784853
0.000858
-0.900689
0.211797
0.306539
0.119408
-0.616063
0.542448
0.512868
-0.067124
0.899776
0.343116
0.596091
-0.735299
0.173091
0.632341
-0.649912
0.092787
0.032899
-0.337666
-0.432229
-0.783960
0.822959
-0.173052
-0.409025
-0.318055
-0.039149
-1.209020
0.768332
-0.045978
0.455544
-0.318075
0.311713
0.022118
-0.076099
-0.206131
0.059312
0.294431
0.023441
-0.160428
-0.202607
-1.017260
0.081197
0.380086
-0.183213
-0.157076
-0.811520
0.291776
-0.813045
-0.361786
0.431968
-0.296466
0.864441
0.282144
0.156014
0.376696
0.391880
0.149655
-0.077515
-0.532413
0.526593
-0.500063
0.210362
1.128880
-0.248445
-0.728512
-0.427018
-0.175230
-0.848269
-0.060047
-0.381491
-0.486006
-0.778479
-0.500336
-0.117060
-0.200874
1.160576
-0.884512
-0.275395
-0.248365
-0.154759
-0.155064
0.256749
-0.016945
-0.166210
0.434464
0.000134
0.345207
-0.616820
0.132745
0.050863
-0.419348
-0.106278
0.371641
0.407746
-0.871898
1.365896
-0.585879
0.600068
0.279476
-0.427197
-0.263755
-0.291106
-0.260340
0.251097
-0.295734
-0.370703
0.501614
0.019530
0.042749
-0.472859
-0.403704
0.060186
-0.195578
0.464008
0.203727
-0.255952
-1.258731
0.771496
0.464983
-0.672331
0.353895
0.859512
0.636449
-0.182612
-0.862420
0.299693
0.984936
-0.189242
-0.204083
0.511309
-0.040028
-1.040306
0.094417
0.235864
-0.009848
0.717395
-0.135612
-0.041249
-0.289643
-0.860582
-0.023615
-0.229048
-0.032321
-0.399286
-0.165355
-0.754352
-0.570717
0.076965
0.431196
0.477404
-0.820223
1.139172
0.596313
-0.540613
0.332929
0.345407
0.543172
-0.522945
0.082296
-0.257086
0.032746
-0.948037
-0.059603
0.147280
0.350559
0.017509
-0.126100
-0.751946
-0.878521
0.437013
-0.332701
0.511290
-0.179277
0.090200
-0.363824
0.001229
0.249803
0.294980
-0.735758
1.066069
-1.659240
0.842305
0.115502
-0.110184
0.675113
0.755153
-0.069035
0.300260
0.215919
0.675001
-1.655754
1.088207
-0.441928
0.076257
-0.154352
0.134199
0.290494
-0.506433
-1.038681
-0.677794
0.693861
0.705837
0.634644
0.280632
0.114021
-0.414170
-0.595069
0.668578
-0.073190
-0.277127
0.613343
-0.852147
-0.772302
0.008974
0.353728
0.826088
-0.017112
0.274325
0.183521
-0.478175
0.495135
0.146700
-0.733194
-0.782956
0.664818
-0.385964
-0.182516
-0.338866
-0.068742
0.489316
-0.783180
0.193420
-0.156725
0.401612
-0.105879
0.389044
-0.269615
-0.796772
-0.043912
0.747436
0.173449
-0.184924
0.236017
-1.379606
0.391804
0.931113
0.285401
0.099305
0.250788
-0.611024
-0.279057
-0.441631
1.010661
0.321689
0.770832
0.087057
0.258397
-0.672906
-1.070142
-0.614790
-0.266056
0.875776
-0.717814
-0.480032
0.642108
-0.476683
0.792750
0.563496
-0.316974
-0.637011
-0.066107
0.112962
0.432675
0.501016
0.503777
-0.496907
1.204249
-0.072525
-0.355199
-0.084209
-0.078082
0.466897
-0.354375
-0.725069
0.198010
-0.228982
-0.039230
-1.018031
0.503412
0.236197
1.024253
-0.310969
-0.517620
0.281098
0.066567
-1.027438
-0.565034
-0.373408
0.217292
1.002349
-0.287038
0.313640
0.212018
0.844472
-0.427785
0.527054
-0.171375
1.135516
0.207468
-0.122594
-0.190064
0.371741
0.376450
-0.959622
0.048228
-0.144452
-0.185214
0.436012
0.097315
0.057927
-1.082639
-0.174600
0.278247
0.440467
-0.189748
0.066823
-0.104106
-0.358892
-0.457729
1.327791
-0.265376
-0.003246
0.658885
0.189374
0.051420
0.601418
-0.140788
0.324390
0.550346
-0.008985
-0.035767
-0.355773
-0.496646
-0.547634
0.099372
-0.237685
-0.318201
-0.512189
-0.543121
-0.416102
0.179402
-0.650942
-0.039621
-0.268182
1.087192
0.778512
-0.848669
0.808588
0.752514
-0.863568
-0.464134
-1.196482
-0.066305
-0.430078
0.245947
-0.321418
0.114351
0.843905
-0.005177
1.449004
0.466456
-0.502453
0.757407
-0.089447
0.115249
0.374355
0.600018
-0.551297
-1.096063
0.295006
1.253729
0.647092
-0.863163
0.447791
0.518319
0.446568
0.017357
-0.047979
-0.312595
-0.715232
-0.340987
-0.033176
-0.211815
-1.401068
-0.421345
0.504436
-0.412682
-0.134852
1.284723
0.642222
0.010444
-0.328619
-0.594121
0.560387
0.611378
0.715547
-0.679463
0.274500
0.576566
0.518428
-0.312174
-0.407353
-0.175765
0.472635
-0.877046
-0.918335
0.667765
-0.515417
0.644158
0.435618
-0.130554
-0.481690
0.576869
0.025956
0.248850
-0.297328
0.302553
0.543945
0.149143
-0.127735
-0.674621
-0.849256
-0.248077
0.098607
-0.241351
-0.173988
-0.261144
0.431945
0.566914
-0.270827
-0.681151
0.553222
-0.907343
0.258487
0.352721
-0.458166
-0.294941
0.622627
-0.238566
-0.754221
-0.000489
-0.467740
0.329753
-0.033163
0.541768
-0.481160
-0.756986
0.378556
-0.888074
-0.783909
-0.376412
0.174219
0.140285
0.464650
-0.141242
-0.640573
0.748256
-0.091537
-0.369234
-0.580703
-1.019586
-0.267858
0.746664
-0.216852
0.906996
-0.480949
-0.077422
-0.161830
0.405126
0.352561
-0.235757
-0.615455
-0.777632
0.218653
0.103556
0.193037
0.165557
-0.823855
-0.605148
0.162821
-0.610794
-0.527771
-0.094750
0.702207
0.465043
0.084949
0.067396
-0.256706
-0.971087
0.375260
-0.682695
-1.304315
-0.474642
0.505722
0.099739
0.893620
0.008676
0.366675
-0.420214
-0.228752
1.200432
-0.104294
-0.438284
-0.249089
0.926351
-0.266680
0.515198
0.165802
-0.115067
0.172969
0.508108
-0.540900
0.431617
0.066805
0.653156
0.397808
0.251701
0.297426
0.305693
0.979223
0.299982
0.055395
0.283605
0.367763
-0.146379
-1.169490
0.306577
0.207438
0.026414
-0.212044
-0.278440
-0.045206
0.701567
0.140818
0.076718
0.412265
-0.077836
0.838121
0.723290
0.085703
-0.617103
0.587330
0.013659
-0.425916
-0.433817
-0.135344
0.432412
0.544913
-0.046527
0.307848
-0.837368
0.069926
-0.657022
0.222457
1.138928
-0.360207
0.003378
-0.122434
0.155932
-0.986489
-0.471719
0.285437
-1.215507
0.266192
-0.275988
0.157363
0.163254
-0.285521
-0.225044
0.998066
0.048143
0.531073
-0.776559
-0.353608
-0.807314
-0.448894
-0.379795
-0.374960
-1.028132
-0.073887
-0.103128
0.936466
0.317713
-0.098492
-0.057103
0.569839
-0.361330
-0.120549
0.379913
0.550640
-0.753474
-0.084843
0.348996
0.170158
-0.058265
0.617604
-0.259270
-0.275003
-0.066903
0.413595
0.648415
0.382881
1.136676
0.066748
-0.180503
0.160302
-0.064542
1.252197
-0.379208
-0.577169
-0.531575
-0.569958
-0.632175
-0.038176
0.662934
-0.637208
-1.041612
-0.437954
0.037180
0.035999
0.745689
0.326663
-0.568357
-0.048332
-0.512010
-0.363854
-0.468995
-0.406763
1.584160
-0.320524
0.030977
-0.701235
0.348801
-0.282080
-1.095080
0.347874
0.037285
0.052062
-0.020092
-0.357378
-0.724031
0.364834
0.187650
-0.871398
0.270529
0.076677
0.591964
0.331281
0.236309
-0.187889
0.200759
0.568330
0.569104
-0.173352
-0.211953
-0.323175
-0.367267
-0.769254
0.267171
-0.532331
-0.470719
0.917964
0.406014
-0.506040
-0.866790
0.058531
0.256557
-0.659685
-0.866987
0.950165
0.751691
0.253070
-0.228966
-0.139447
-0.254647
-0.312320
0.586180
0.725863
0.668885
0.717564
-0.001736
0.464829
0.591225
0.189795
-1.064018
-0.586233
0.051489
0.372272
-0.283199
0.196569
0.967498
-0.116550
0.541083
0.053841
0.302450
0.207196
0.147651
0.209524
0.763518
-0.021945
0.132742
-0.283120
0.053350
-0.484975
-0.195702
-0.129836
-0.236757
-0.181388
0.572185
0.078853
0.066630
-1.130442
1.435430
0.492694
-0.077102
-0.045318
0.745160
1.508211
-0.594693
-0.061881
-0.953158
-0.627992
-0.256944
0.476330
0.544205
0.430743
0.956876
-0.160024
-0.636404
0.948907
-0.627126
0.320442
-0.591988
-0.243248
-0.220147
0.479521
0.137257
0.053266
-1.124501
-0.167652
-0.250809
-0.441824
0.602837
-0.322832
-0.742331
-0.322044
0.079472
-0.825570
0.601919
-0.132272
0.768440
-0.642509
-0.149003
0.618333
-0.649672
-0.442591
-0.122899
-0.047745
-0.526500
0.440055
1.037193
-0.244595
0.168650
-1.578825
0.927930
0.750138
-0.132817
-0.379318
-0.022773
-0.033505
0.284933
0.287893
-0.104045
0.074102
-0.023766
0.064934
0.807800
0.260894
0.032361
-0.029281
-0.149188
0.541254
1.026669
-0.639810
0.032250
-0.837203
-0.904577
0.093632
0.153313
-0.157242
0.354714
0.162128
0.329047
0.089173
-0.279951
0.092470
0.144924
0.443912
0.865659
-0.092175
0.319969
-0.756602
0.873715
0.824366
0.494773
0.312199
0.130987
-0.014452
0.435442
-0.038692
0.269370
0.113465
0.635852
0.242093
-0.789292
-0.159319
-0.158641
0.733276
-0.434441
-0.425855
0.088719
-0.038177
-0.497265
-0.393547
0.620400
0.034248
-0.213864
0.360415
0.099169
0.619451
-1.075190
-0.069548
-0.692692
-0.317905
0.292364
-0.270587
-0.791469
0.207778
0.560008
0.655672
-0.143259
-0.473899
-0.653177
-1.377974
-0.116098
0.268347
-0.166255
0.717772
0.482512
0.444921
0.529547
-0.772797
-0.049393
-0.430985
0.032719
0.051553
0.029211
0.459686
0.716814
0.158155
0.262693
-0.143079
-0.586984
-0.185745
-0.892633
0.715679
0.370631
-0.396128
0.275205
0.109626
0.170974
0.785991
0.478898
-0.518442
0.575605
-0.093842
-0.047157
-0.287692
0.321634
0.724291
0.190444
-1.090800
0.245720
-0.194383
1.158278
0.150626
0.200124
-0.976665
-0.717711
-0.441616
0.373923
0.320528
0.390903
-0.765035
0.052132
-0.994994
-0.859117
-0.964428
-0.289245
-1.129716
0.682675
0.412534
-0.241080
-0.462502
-0.585829
-0.234428
-0.162515
0.308326
-0.042771
-0.118586
0.290306
-0.533188
-0.496042
0.162258
0.785040
-0.256741
0.399418
-0.202838
0.212032
-0.200637
-0.092731
0.289853
-0.754801
0.437790
0.198571
0.281756
-0.302205
-0.184636
-0.504979
-0.459500
-1.286762
-0.705228
-0.058694
-0.497559
-0.838245
-0.564118
0.217788
-0.478959
-0.962933
-0.056373
0.497165
0.651892
-0.413101
-0.224449
-0.207609
-0.178369
-0.244077
-0.661710
-0.105332
0.828265
0.191951
0.404538
-0.255151
0.515214
-0.599577
-0.504397
0.882278
-0.865355
-0.769714
0.158769
0.006235
-0.200162
0.619481
0.406375
0.471690
0.181795
0.338668
-0.722668
-1.079827
1.062034
0.461057
-0.129364
-0.143760
0.071675
-0.572728
0.509785
1.255591
-0.625324
1.647739
-0.276201
-0.014023
0.333242
0.358169
-0.487126
0.122519
0.398044
0.851049
1.143635
0.457891
-0.405150
0.070092
-0.700614
-0.217435
0.794575
0.099514
-1.162970
0.134503
0.453936
-0.401333
-0.616207
-0.468825
0.446049
0.213620
0.670255
-0.441634
0.523428
0.527932
0.101729
0.200414
0.265201
0.781486
-0.596915
-0.106581
-0.284820
-0.504162
0.383423
-0.246198
-0.126552
-0.891832
-0.080672
0.680140
-0.158308
-0.530619
0.138948
0.286944
0.602950
-0.557865
0.322339
-0.058641
-0.448218
-0.283198
-0.706527
-0.230654
-0.740530
-0.558193
-0.091096
0.732186
-0.724898
0.202481
-1.335835
-0.455052
-0.593508
0.877918
0.611167
0.286267
-1.455095
-0.530063
0.840491
-0.158663
-0.708360
-0.357666
1.283477
-0.649463
1.005882
-1.213893
0.223341
0.422245
-0.104471
-0.229257
0.076085
0.440715
-0.381123
-0.675347
-0.147866
0.563001
0.280694
-0.601248
0.396704
0.040619
0.158846
-0.058795
-1.231498
-0.317366
-0.570186
0.778627
0.341276
-0.455105
0.051414
0.270117
-0.262859
-0.229971
0.253155
-0.578393
-0.050551
-0.725022
-0.051788
-0.025801
0.280112
0.335303
0.705482
0.528410
-0.235503
-0.661817
-0.352764
-0.134089
0.579005
0.280205
-0.415606
0.149186
0.587659
0.422748
-0.263490
0.171219
0.415063
1.026613
-0.720553
-0.487967
0.981371
0.146757
-0.313758
-0.770323
0.122766
0.344379
-0.697786
0.759526
0.644521
-0.728879
0.601071
0.181396
0.362988
-0.457624
-0.533364
0.856866
-0.352632
-0.412264
0.004239
-0.475848
-0.716127
0.136191
-0.101225
0.061420
0.364220
-0.059570
-0.351386
0.526746
-0.450535
0.652191
-0.969904
0.161599
0.593086
0.360425
0.001181
-1.287059
0.583486
-0.600645
0.327955
-0.879205
0.133206
-0.467279
0.232990
-1.041152
0.909602
-0.057188
-0.327085
-0.427794
0.384725
0.302667
0.871471
0.255276
-0.616086
0.492796
-0.658624
0.300887
-0.443376
-0.255695
0.031603
-0.470760
0.675603
-0.893433
0.866712
-1.145377
0.074973
0.966773
-0.029806
-0.126710
-0.674876
-0.008388
-0.132293
-0.562729
-1.157468
-0.299322
0.367292
-0.823115
-0.021923
0.540082
-0.478881
-0.863608
0.240500
0.492065
0.061378
0.762436
-0.230054
0.393052
0.493836
-0.451813
0.268128
0.473678
0.597943
0.686193
-1.036491
-0.928275
0.352578
0.384060
-0.891304
0.124390
-0.776774
0.436177
0.150895
-0.046974
0.302765
-0.184680
0.566473
0.622545
0.915817
0.612424
0.413566
1.173005
-0.144122
0.169532
0.124197
1.160058
0.062595
-0.268291
-0.683136
0.669648
0.319011
0.053381
-0.587471
0.754610
-0.939932
-0.437387
0.555861
0.017871
-0.743845
-0.671439
-0.739885
0.430981
0.377128
-1.395087
0.877874
0.638054
0.245125
0.262254
0.274044
0.387967
-0.919527
0.938924
0.847202
0.204430
-0.249221
0.083301
-0.485194
0.383997
-0.116016
0.870716
0.189436
0.195554
0.184236
0.565225
-0.658020
-0.103414
-0.088089
1.175289
0.103877
0.695402
-0.370666
0.756922
0.013190
-0.239706
0.119674
-0.078877
-0.402278
0.373778
-0.176545
0.463104
0.394501
0.829231
-0.641182
0.724915
0.896696
-0.865730
-0.576263
-0.235312
0.853003
-0.136812
0.066748
0.024815
0.589875
0.865333
0.201712
-0.068652
0.466480
0.554633
0.100947
-0.884631
0.916950
-0.934549
-0.573111
-0.511638
1.195387
-0.092179
-0.120600
0.513305
0.019055
0.152745
0.474868
0.743787
-1.132431
-0.501257
0.208804
0.567102
0.871689
0.098122
-0.585863
0.705591
-0.331038
0.016085
-0.649398
0.297397
-0.401572
1.303597
-0.412066
0.443362
-0.028140
-0.373710
-0.885753
0.537985
0.100415
0.294999
0.037940
-0.150165
0.110075
-0.492269
-0.242027
-0.096213
0.423807
-0.207784
-0.550655
-0.331116
-1.119376
0.162166
0.282616
1.714705
0.210336
0.091888
-0.846149
-0.810207
-0.679125
0.470931
0.047713
-0.845654
0.417835
0.420725
0.447280
0.684054
0.740734
-0.685272
-1.097522
-0.502629
0.651039
-0.090659
-0.451412
-1.250671
0.488354
-0.423015
-0.016020
0.145005
-0.020341
0.149185
0.664995
-0.976608
1.408685
-0.221900
1.203814
-0.518686
-0.165780
-0.547511
-0.674133
-0.631257
0.949257
-0.712709
0.628721
0.501675
-0.058893
0.799465
-0.841123
0.228780
0.411738
0.741721
-0.151864
0.805042
-0.245682
0.158090
-0.527480
-0.372618
0.477232
0.146198
-0.649323
-0.381068
0.173156
0.380277
-0.580153
0.742627
0.627669
0.124335
0.705591
-0.887755
0.447440
0.887586
0.412122
-0.310982
0.411834
-0.655496
0.601167
-0.565473
-0.181921
0.611700
-0.303239
0.466126
-0.708607
0.188735
1.069227
-0.607136
0.569743
-0.711958
0.189728
-0.128731
1.136233
-0.632332
-0.527941
0.947461
-0.355156
0.075057
-0.781014
-0.396568
-0.089339
0.040521
-0.568372
-0.182473
-0.642673
0.645684
0.668567
0.321889
-0.567798
-0.594649
-0.127359
0.107473
-0.536089
-0.129185
-0.510339
0.376606
0.808526
-0.049861
0.174510
-0.499375
0.108985
0.963089
-0.516224
0.320633
-0.607098
-0.345407
-0.353316
-0.225931
-0.203086
0.158987
0.880500
0.541299
0.111942
-0.563771
0.755044
-0.038751
0.235486
0.117381
0.075207
-0.563917
-0.403780
0.237370
0.500637
-0.190082
-0.319533
-0.973058
0.252448
0.248845
-0.609044
-0.000784
-0.073594
-0.083397
-0.195888
-0.259198
0.971259
-0.310520
-1.367746
-0.216742
0.544972
0.831026
-0.150184
-0.260356
0.458919
0.040637
-0.512480
-0.212841
-0.511909
0.715645
-0.461784
-0.348559
-0.317103
-0.178591
-0.405699
0.318994
-0.088060
0.238881
0.238526
1.139751
0.076395
-0.126990
0.438436
0.044410
-0.228874
0.118587
0.263964
1.042611
-0.029368
-0.605014
0.231980
-0.854535
0.137083
-0.192267
-0.656970
-0.104948
-0.111978
0.816273
-0.872757
-0.892073
-0.489723
0.454529
0.643155
-0.246233
-1.344136
0.761934
1.231013
0.420322
0.483583
0.393241
-0.592319
1.159748
-0.062331
0.598876
0.031883
0.353123
0.106200
-0.106825
0.444458
0.464535
0.308456
-0.176185
0.530305
0.020739
-0.026635
-0.365560
-0.701881
-0.441779
0.586238
-0.384433
0.411326
0.109545
-0.776527
0.435292
0.428813
0.133860
-0.197382
0.167030
0.208806
-0.123157
0.339978
-0.193806
1.334582
-0.537310
-0.694541
0.131814
-0.440483
-0.396532
-0.492791
-0.102961
-0.441144
-0.318795
-0.754535
0.103128
-0.133205
-0.479796
-0.217118
0.566214
-0.114942
-0.295482
-0.679391
-0.677318
-0.312862
0.200870
-0.349061
0.954506
-0.163818
-0.642846
0.372240
-0.459328
-0.313734
0.441609
-0.113118
0.141686
-2.071295
-0.121310
0.179309
0.613426
-0.686221
0.568528
0.003055
-0.009787
0.364919
-1.618440
0.223325
-0.148557
-0.565811
-0.158760
0.124836
-0.505702
0.924863
-0.454117
0.362515
-0.073743
-0.683455
-0.005610
-0.232102
0.516799
0.707180
0.678512
0.275580
0.399529
0.218339
-0.525796
0.046102
-0.663114
-0.510254
0.695276
-0.007253
0.834296
0.802125
0.592544
0.389070
-0.816035
-0.302761
-0.921358
-0.388105
0.467104
1.485652
0.808030
0.789761
-0.290693
0.773111
0.532925
-0.777827
0.533381
0.816014
-0.170360
-0.070208
-0.201673
-0.174440
-1.103790
0.487651
-0.318391
0.235929
0.918017
-0.347567
-0.308409
-0.758704
-0.392401
-0.319946
0.901549
-0.373073
-0.023298
-0.290802
-0.374060
0.005469
-0.710847
0.130461
-0.000344
-0.522464
-0.401995
-0.001986
-0.613351
0.792041
0.652549
-0.510864
0.957609
-0.776563
-0.058566
0.030294
-0.442726
-0.330995
-0.361521
1.037787
0.097786
-0.078838
1.071631
-0.192610
0.421841
-0.006650
-0.091840
0.478971
0.570182
1.203645
-0.351597
0.163274
-1.135049
-0.470151
0.346513
-1.024422
-0.050429
-0.319222
0.122016
0.135146
-0.421005
-0.083990
-0.514272
0.822862
1.165419
0.397391
-0.540448
0.108116
0.881283
0.112423
0.125688
0.387220
-0.090252
0.219107
-0.202288
0.177058
0.396741
-0.239663
-0.055346
-0.118391
0.509195
0.227115
0.213916
0.686269
0.074368
-0.402265
-0.521164
0.294773
-0.254547
-0.256672
0.138935
-0.750784
-0.983935
0.012674
-0.085175
0.677214
-0.409560
0.077777
-0.407800
-0.367671
0.583005
0.442929
-0.589821
0.011617
-0.603159
-0.500697
-0.537187
-0.299574
0.071999
0.671667
0.089493
-0.538540
-0.500652
-1.182364
-0.000017
0.711024
-0.391667
-0.484697
-0.685046
0.735592
-0.571535
-0.134421
-1.311722
1.092290
0.092044
0.075101
0.606393
0.002908
0.110772
-0.660368
-0.178537
-0.976715
0.468373
0.079195
0.378747
0.385917
-0.656178
-0.274192
-0.101608
-0.412432
-0.648922
-1.308361
0.130707
1.693423
-0.329929
1.149417
-0.166573
-0.008299
0.399011
0.931391
0.487316
-0.987268
-0.846770
-0.464938
0.720766
0.277605
0.648876
0.527423
0.913004
0.685920
0.622108
-0.480045
-0.416630
0.007188
0.984472
0.236667
0.353818
-0.278667
0.818101
-0.122504
0.700929
-0.469826
0.969998
-0.458008
-0.104929
-0.940257
0.319381
0.380294
-0.177153
-0.309693
0.272614
-0.511473
0.086209
-0.294052
-1.230375
0.056089
-0.884536
0.558712
0.288716
0.365122
0.699744
-0.759569
0.279151
0.003286
0.979286
-0.345029
-0.550898
-0.044707
0.427297
-0.058008
0.634527
0.765046
-0.351960
-0.003725
-0.005944
1.124530
0.086067
0.945321
0.833198
0.567151
0.160463
-0.158009
0.421087
0.521144
0.676183
0.086331
0.358088
-0.648166
-0.440271
-1.184194
-0.123332
0.012934
-0.663793
-0.494428
-0.257488
0.564829
-0.491390
0.755169
0.095484
-0.141888
0.778397
-0.587097
0.264374
0.012797
-0.478004
-0.003237
0.231733
-0.431685
-0.499068
-0.135037
-0.225484
-0.125521
-0.225446
0.188107
-0.258069
-0.096261
-0.101595
-0.353842
-0.381069
0.050403
0.642274
-0.530333
-0.647652
0.371661
0.408341
0.502232
-0.374906
0.688435
-0.576800
0.076748
0.707100
-0.590406
0.674306
0.028998
0.758896
0.042153
-0.290337
1.149080
0.383841
-0.361043
-0.983442
-0.820278
0.898623
0.916872
0.439145
-0.773409
-0.394027
-0.662433
-0.596251
-0.053594
-0.325245
0.603249
-0.510296
0.040681
-0.397539
1.234735
-0.543197
-0.191313
0.709643
-0.201828
0.609692
-0.303852
0.483782
-0.841895
-1.100369
0.300558
0.232262
-0.073417
0.264954
0.450159
0.120056
-0.035693
-0.142586
0.932271
0.857609
-0.062799
-0.298515
-0.047725
0.338935
0.090366
0.583831
-0.000265
-0.118596
-0.218796
0.149262
-0.186536
0.682388
-0.983335
0.822575
0.530608
1.267372
-0.094784
-0.918538
0.577277
0.396033
0.123521
-0.812065
0.403231
0.616724
0.827689
0.445845
0.188886
-0.335980
-0.516467
0.508365
0.172458
0.379654
-0.837653
0.478514
0.035546
-1.520296
-0.562640
-0.239524
-0.592977
0.483604
-0.123258
-0.495082
-0.216833
-1.049135
0.623807
0.126079
0.231365
0.773958
0.182015
1.078141
0.109936
-0.693620
-0.152941
-0.175700
0.126329
0.801390
-0.063507
-0.653400
0.377477
0.314075
0.080505
-1.046778
-0.110362
0.894795
0.247951
-0.728776
0.588675
-0.224590
-0.088804
0.153976
0.569754
0.682733
-1.115412
-0.124942
0.371683
-0.416647
0.887501
0.066595
-0.704786
0.372107
0.104420
0.072163
-0.420481
0.315921
-0.083128
0.193229
0.693917
-0.033916
-0.056804
0.256473
0.676363
0.711649
-0.581783
0.178255
-0.048895
-0.185684
-0.294044
0.512512
0.659388
0.431819
0.048071
0.323254
0.465716
-0.361745
-1.304260
0.737202
-0.299815
-0.129541
0.074774
0.287755
0.409358
0.449407
-0.240502
-0.468371
0.800729
0.495337
0.485850
-0.060948
0.199174
0.435969
-0.220221
0.376214
0.087112
0.168385
0.918861
0.190409
0.969173
0.363740
0.150083
0.670560
1.229977
-0.376593
-0.055736
0.069758
0.242950
0.487311
0.708713
-0.246732
0.005051
0.943682
0.127591
0.649295
0.220228
-0.270303
-0.489380
-0.802773
-0.616302
0.009090
-0.096178
0.378219
-1.078212
0.457245
-1.335899
0.664955
0.233574
0.304687
-0.376338
-0.619041
0.398870
0.401009
-0.509748
0.174817
0.203085
0.632876
0.001217
0.229308
0.563935
-0.553124
-0.949566
-0.627415
-0.176611
0.074634
-0.339132
-0.604077
-0.355260
-0.651215
0.341551
-0.302971
0.443393
-0.003943
0.054453
0.010009
1.281238
-0.621231
-0.088597
0.123378
-0.270067
-0.499736
-0.837327
0.791762
-0.386538
-0.630731
0.722243
0.021082
-0.075707
-0.424574
-0.620964
-0.046809
-1.664080
0.372589
0.269302
-0.782979
0.137420
-0.628509
0.098076
0.010971
-0.190832
-0.298417
0.533138
0.540779
0.511698
-0.705709
-0.040472
0.871730
0.749306
-0.553253
-0.487872
0.314474
0.285197
0.118223
-0.741988
-0.666192
-0.314112
-0.196417
-0.552293
-0.438942
-0.368384
0.271705
0.177607
0.866664
0.236342
-0.357443
-0.131211
0.397337
0.584688
-0.609274
-0.321429
0.068905
0.341606
-0.759517
