0.160142
0.502641
-0.045230
-0.784449
-0.517125
0.338039
-0.234507
1.330426
0.478475
-0.535597
0.714971
-0.574733
0.119527
-0.153368
0.981943
-0.364691
-0.136477
0.859813
0.507583
1.281505
0.579351
0.600398
-0.156014
0.108788
-0.516796
-1.131035
-0.292784
-0.776144
0.343411
0.441550
0.014069
-0.251581
-0.116505
0.258268
-0.213782
-1.182017
-0.007834
-0.696323
0.356622
-0.643187
-1.482361
-0.434588
-0.240661
0.462414
0.038206
-0.251020
0.848895
0.426922
-0.537635
0.842421
-0.193958
-0.430189
1.073921
0.057977
0.383641
-0.181956
0.409353
-0.346370
-1.023364
0.391954
-1.061580
-0.028987
-1.344774
0.731308
1.557150
-1.017549
0.223307
-0.216517
1.285514
-0.251860
0.041765
0.518055
-0.464659
0.434173
-0.625344
0.676115
-0.072062
0.406651
0.944051
-0.785733
-0.965620
1.048125
-0.138001
-0.245901
0.190723
-0.983405
0.248261
-0.497904
0.162092
0.342896
-0.332972
-0.111205
-0.098041
-0.701988
-0.096018
0.724848
-0.301079
-1.828338
0.075533
-0.448810
-0.566211
0.682667
0.227060
0.760297
0.561537
0.035113
-0.260348
-0.370708
-1.041279
0.045347
-0.051126
-0.022352
-0.455331
-0.032525
-0.189228
-0.383045
0.649306
0.852323
0.351174
-0.385214
0.296533
1.019185
0.134193
0.183528
-0.847475
-0.196500
-0.161884
0.170212
0.000929
-0.313971
1.198535
-0.584022
0.892212
0.128264
-0.439609
0.008881
0.506064
0.674414
0.584459
0.259750
0.167238
-0.738642
0.638580
-1.094390
0.237674
-0.339913
-0.221469
-0.057074
1.078634
-0.042320
-0.407684
0.365249
-0.208447
0.437309
0.233295
-1.397410
-0.293843
-0.283894
0.241296
0.177080
0.655018
0.502362
0.085453
0.295530
-0.702495
-0.034686
0.201835
-0.454445
0.876098
-0.469908
0.594806
-0.449186
0.578505
-0.044719
0.195065
-0.760194
0.048897
0.339588
0.392863
-0.336904
-0.268887
-0.144653
0.364635
0.351563
-0.777951
-0.427476
0.114506
0.764404
0.678369
0.232048
-0.317506
0.551406
0.771808
0.002847
-0.721716
0.202916
-0.379483
0.418342
-0.885303
-0.342769
-0.210334
0.756689
-0.272052
-0.025847
-0.278024
-0.118902
-0.210679
-0.545423
0.133041
-0.653286
-0.256267
0.461921
-0.350561
-1.064856
0.736944
0.265793
0.335056
0.046680
0.281606
0.525797
0.429164
-0.107136
-0.083158
-0.449313
0.748020
-0.640352
-1.090386
0.251154
0.372116
-0.081871
-0.105675
0.202918
0.224402
-0.597633
-0.003183
0.513768
0.016699
0.704331
-0.354248
0.103873
-0.105964
-0.352955
0.838809
-1.112670
-1.118239
0.845569
-0.198965
-1.418505
0.330232
-0.019914
-0.314845
-0.918878
0.214341
1.091765
0.000673
0.021782
0.379293
-0.110221
0.040293
0.462075
0.463778
-0.741288
0.080808
0.460424
-0.170771
0.259298
-0.374342
0.291747
0.129381
-0.364294
0.052489
0.075844
0.875765
-0.672064
0.228644
-0.643981
0.481460
0.045353
0.965984
-0.264216
-0.118657
0.673061
-0.173386
1.099488
-0.098621
0.175484
0.432171
-0.334932
-0.407814
-0.355638
0.229209
-0.089996
0.075701
-0.304634
0.005826
0.170140
0.036270
0.483427
0.270349
0.148711
-0.194909
-0.247060
-0.020917
0.571028
-0.431276
0.270899
0.730339
-1.035740
0.562899
-0.778159
0.550389
-0.085317
-0.515485
0.314330
-0.668822
0.516762
-0.057833
0.200431
0.887684
-0.023736
0.155961
-1.736466
0.198558
-0.248075
0.030144
-0.286949
1.217510
0.079765
-0.569068
-0.137044
0.158172
-0.130092
-0.426503
-0.686371
0.204748
0.079621
-0.811237
0.262845
-0.073710
0.000610
-0.104830
0.436334
0.822210
-0.197585
0.641140
0.747158
-0.859300
0.051485
-0.696951
0.034832
-0.582616
-0.014521
-0.749532
0.723237
-0.235444
0.152654
1.105629
-0.286391
-0.460316
1.074684
-0.473623
-0.900059
0.068427
0.691678
0.672931
-0.188842
0.488048
0.144472
-0.322214
-0.047433
0.980428
0.337055
-0.590360
-0.173767
-0.276247
0.584720
0.026601
-0.034316
-0.982698
-0.030553
-0.121852
0.549731
-0.371296
-0.400945
1.008305
0.249366
0.081929
-0.317453
-0.461902
0.288631
-0.498555
-0.536186
-0.372097
0.263734
-0.088812
-0.199877
-0.025174
0.400326
0.658299
0.284461
0.081153
0.764366
-0.150543
-0.241039
0.273763
-0.400327
0.269900
-0.036130
0.011924
0.318103
0.156525
-0.915986
-0.536526
0.366452
0.160844
-0.523158
1.058972
0.502324
0.129575
0.057756
-0.161501
-0.637595
0.041598
0.063831
-0.257733
-0.270939
-0.193210
-0.546667
-1.371909
-0.314988
0.365490
-0.010889
-0.639857
-0.645615
-0.364067
1.202326
0.692559
0.022485
0.066796
-0.704844
0.269332
0.373135
0.107220
0.446425
-0.150636
-0.367345
-0.105787
-0.658726
-0.194139
0.079387
-0.429569
0.283032
0.096583
-0.726104
-0.819877
-0.437838
-0.284672
-0.350061
-0.205059
0.408701
0.168420
-0.421765
0.446553
0.432777
-0.183349
0.270147
0.282303
0.663984
0.539627
-0.645769
0.472852
0.112659
0.785285
-0.063615
-0.144364
1.452620
0.482384
0.183291
0.248816
-0.244634
-0.012243
0.653261
0.093339
0.082176
-0.477947
0.666491
-0.309758
0.844824
1.287031
0.077242
0.886917
0.760029
0.514013
0.180533
-0.589365
0.412370
0.099599
0.654137
0.723633
1.227474
-0.218911
-0.096522
0.096339
-1.301457
0.774154
-0.018834
-0.595189
-0.190712
-0.080311
-0.205463
-0.510360
-0.295357
-0.435014
-0.311319
0.939419
-0.527831
-0.598236
1.231451
0.433292
0.226581
0.029039
-0.761130
0.385525
-0.353593
-0.823198
-0.343609
-0.430757
-0.010433
0.241952
0.117301
0.103494
-0.321548
0.566911
-0.105423
0.626583
-0.650810
-0.366471
-0.042712
0.110899
-0.486931
0.042075
0.392412
-0.105968
-0.696463
-0.441167
-0.426374
-0.221050
0.702084
-0.925958
-0.938073
-0.253625
0.303858
1.184553
0.152969
0.293804
-0.535177
-0.583241
-0.589655
-0.557908
-0.063527
-0.171458
-0.022437
-0.236358
-0.853127
0.538935
-0.280862
-0.498687
1.011262
-0.829691
-0.018120
-0.185670
-0.265493
-0.444067
1.163257
0.566377
0.092036
0.079497
0.063818
-0.436926
0.969100
-0.399282
-0.013996
1.117458
-0.253019
-0.366669
0.358905
-0.582517
-0.169704
-0.414172
-0.200080
-0.858721
-0.490967
0.245362
0.854113
0.347166
-0.342591
0.588186
0.027663
-0.487447
0.398462
-0.012796
0.235558
-0.955564
0.477146
0.792032
-0.357283
1.443411
0.666500
0.271278
-0.215159
-0.777382
-0.331352
-0.559589
-0.605006
-0.498321
-0.356245
-0.228058
0.161342
-0.180797
-0.437010
-0.412754
0.522529
0.293531
-0.609657
0.355410
-0.588670
-0.079024
0.414598
-1.322154
0.727152
-0.358240
0.597622
-0.057092
-0.080681
-0.266068
0.203872
-0.121163
-0.604122
0.166944
0.747619
-0.369478
-0.252143
0.680278
0.101564
0.741082
-0.648560
0.778875
-0.098838
0.428859
0.812866
-0.802478
0.865030
0.426363
0.807794
-0.285168
0.928610
0.819213
-0.872608
-0.174026
-0.132785
0.260479
0.130206
-0.124442
-0.853239
0.955290
0.069405
-0.285546
0.625312
0.731061
-0.357442
-0.115641
0.370742
0.194400
0.044724
-0.706137
0.651726
0.176780
-0.532224
0.726789
0.334313
0.604623
0.211468
0.338838
0.351824
0.241166
0.837480
0.587955
0.236093
0.540526
-1.475307
0.382504
0.173917
-0.409478
-0.968072
-0.541863
0.863106
0.540438
0.894027
-0.187302
-0.324640
0.255162
-0.075189
-0.465272
-0.089858
-0.312643
-0.749372
0.285381
0.036597
-0.697408
0.084887
0.218346
-0.241211
-0.299168
-0.659706
-0.433287
-0.443914
-0.451630
-0.216315
-0.344281
0.529587
0.187208
1.022293
0.474912
0.204643
-0.184307
0.275196
-0.556195
-0.101814
-0.005659
0.368546
0.010918
1.017581
0.305409
-0.078546
0.698171
-0.462632
-0.418056
0.195635
-0.752898
-0.361821
0.004360
0.478068
0.427410
-0.528291
0.711719
0.525249
-0.051966
0.326586
0.581946
-0.437873
0.650166
0.744329
-0.847052
-0.303940
0.271143
1.116475
-0.053915
0.709728
-0.296009
-0.693142
-0.936832
-0.109617
0.340901
0.210662
-0.527289
-0.411558
-0.628019
0.539024
-0.193211
-0.113751
-0.663932
-0.648972
-0.153851
-0.783769
-0.160470
0.251582
0.431992
1.474644
0.559787
-0.571334
-0.494524
-0.334236
-0.457444
-0.698924
0.389112
0.497213
0.337817
-0.010839
0.148406
-0.384140
-0.536116
0.033554
0.325420
-0.238417
-0.596535
0.350560
0.255106
-0.291427
-0.255847
0.572838
0.425945
-0.439052
0.459844
-0.525362
-0.083852
-0.576017
-0.104954
-0.253461
0.092378
-0.552736
0.686173
0.159904
0.901245
0.019531
-0.015935
1.039254
0.314772
0.502611
-0.154516
-1.168600
-0.939960
0.562844
0.673714
0.754029
-0.100235
0.879719
-0.283995
-0.015816
0.278299
0.346244
0.144050
0.651229
0.385233
0.359752
-0.706608
0.282577
0.063122
-0.146078
0.121420
-0.473947
0.736661
0.374208
-0.530243
-1.232759
-0.098325
0.044831
1.088106
0.536281
-0.839744
-0.228891
0.495795
-0.544212
-0.179365
0.192626
-0.530346
-0.406136
-0.951951
0.355721
-0.564722
1.252078
-0.551015
-0.883367
0.059180
-0.408039
-0.663837
-0.009365
-0.265965
-0.500967
0.523759
1.707627
-0.539235
-1.173247
-0.567414
0.672296
-0.629080
-0.235768
0.044848
-1.248491
-0.328159
-0.386451
0.093203
0.147595
0.020038
-0.090836
0.348600
-0.846021
-0.386832
0.174691
-0.327533
0.462617
0.179232
-0.061223
0.792387
1.028014
-0.353247
-0.735436
0.225397
-1.158593
0.261359
-0.413359
-0.330364
0.635465
0.086875
0.273358
0.541379
-1.045034
0.200700
-0.501004
-0.063130
-0.316894
0.664453
1.386652
0.764533
0.799590
-0.018357
-0.706196
-0.375460
-0.278212
0.020960
-0.129244
0.294985
0.917132
-0.435607
-0.791289
0.575884
0.316568
-0.226115
-0.549791
-0.230528
-0.228953
0.778053
-0.715424
-0.354530
-0.193351
-0.409088
-0.473915
-0.279215
-0.748408
0.496582
-0.508838
0.420092
-0.304404
-0.144035
0.669197
0.887149
-0.193843
-0.241855
1.211721
-0.444297
1.353685
-0.657417
-0.232213
-0.012674
0.262849
-0.250983
-0.699911
0.316589
-0.742577
-0.363435
0.105366
-0.508643
-0.323551
-1.029204
-0.382336
0.247458
-0.624626
0.813738
-0.384599
-0.199459
-0.038497
-0.730030
-0.612181
0.700819
-0.239601
-0.759764
0.542355
-0.398511
-0.147176
1.150386
-0.328205
-0.669667
0.487045
0.398263
-0.290658
-0.361851
0.207345
-0.040718
-0.517072
0.001487
-0.515729
-0.572531
0.083727
0.037650
0.129716
0.379362
-0.766633
-0.455582
0.347110
0.316555
0.065030
-0.070084
-0.072730
0.375565
-0.672568
0.472242
-0.586331
0.270949
0.628072
-0.348503
0.514463
0.353324
0.293405
-0.737087
0.176304
-0.002872
-0.728410
0.220001
0.758041
-0.550190
-0.020947
-0.639300
-0.607643
-0.982122
-0.153527
0.111800
-0.914605
-0.810810
0.737958
0.387731
0.346741
0.299010
-0.087716
0.036401
-0.581675
0.089287
-0.490108
1.287286
0.896457
-0.365825
1.265595
-0.053359
0.321321
0.641063
0.590914
-0.805067
0.024355
-0.004124
0.192707
-0.929645
-0.106498
0.287434
0.500169
0.737405
-0.771036
0.184794
-0.317844
0.287682
-0.150900
-0.767947
0.465877
0.215064
-0.337654
1.115325
0.295166
0.091801
-0.482764
-0.324359
-0.307581
0.951888
1.215350
0.136168
-0.840252
0.996831
-0.116827
-1.179902
1.057883
0.813133
0.237920
0.071346
-0.888131
0.129820
1.296293
0.212110
-0.171683
-0.305995
0.469555
0.109928
0.310752
0.322348
0.394290
1.220506
0.160913
-0.330251
-0.595786
-0.076248
-0.554742
-0.261795
-0.065460
1.358838
-0.487563
-0.601102
0.273821
-0.198748
0.449781
0.228810
0.005229
-0.053446
-0.176569
-0.470267
-0.728753
0.418463
0.274506
0.297882
0.071203
-0.931809
0.278686
-0.049508
-0.511789
0.702856
0.000129
-0.156152
0.272230
-0.115904
-0.041457
0.576894
-0.126091
0.751286
0.573695
0.783254
0.812030
-0.189874
-1.159476
-0.421130
0.285408
0.379945
1.378585
0.162501
0.438690
-0.377050
0.180663
-0.114034
-0.509180
-0.528426
0.793617
0.717405
0.031072
0.325626
0.273364
0.212050
-0.771199
0.526187
0.491253
1.085741
-0.005556
-0.065883
-0.531996
-0.592463
1.038200
0.040005
-0.864094
-0.803242
0.102005
-0.378537
-0.922960
-0.046223
-0.034847
-0.714148
-0.057645
0.139218
0.039231
-1.597716
-0.271282
-0.749656
-0.952264
-1.551166
-0.389325
-1.425142
-1.000696
-0.899355
0.051829
-2.011164
-0.310440
-1.260928
-0.417470
-1.463028
-0.482282
-0.018864
0.521330
-0.174361
-0.049116
-0.218596
-0.174805
0.456420
0.189400
0.235832
0.276765
0.592730
0.687558
1.182577
1.157201
1.447938
0.903721
0.927065
1.057909
1.940747
0.892397
0.768844
0.798951
0.888450
0.668213
0.566074
0.338295
0.598131
0.521097
1.024185
0.289144
0.688651
0.236571
-0.296289
-0.682021
-0.555833
0.668892
-0.883699
-0.373388
0.045518
-0.779358
-1.375938
-1.082634
-0.913704
-1.467822
-0.146223
0.095951
-0.108722
0.139973
-0.237025
-0.348159
-0.508462
0.459766
-0.303276
0.049627
-0.180286
0.052398
-0.091534
-0.095729
-0.625151
-0.015293
0.576403
-0.018143
1.088717
0.075481
0.498558
0.043954
1.096426
0.483184
1.253710
1.143545
-0.505697
0.489034
0.294330
-0.231597
-0.045681
-0.524403
-0.734000
-0.535427
-0.161378
0.621353
-0.739468
0.269352
-0.422215
-0.667442
-1.824566
-0.212655
-0.979257
-0.537016
-0.634544
-0.044977
0.381291
-0.795504
0.037794
-0.037532
0.561016
-0.289527
-0.207605
-0.653651
0.595888
0.589415
-0.608762
0.683214
0.334784
0.039435
0.810659
0.797490
0.296267
-0.080295
0.661292
-0.335720
0.127829
0.025410
-0.900932
0.286815
-0.110752
-0.405651
-0.604885
-0.164733
-0.403548
1.478176
0.120766
-0.856973
0.521666
0.082270
0.779085
0.749647
0.390108
-1.050382
-0.101058
0.429051
-0.154866
-0.628609
0.045132
-1.384565
-0.261036
-0.165005
-1.139036
-0.261048
0.235121
0.117716
0.665428
0.348828
0.382324
-0.533436
-0.061046
-0.738957
-0.018347
-0.813377
-0.647904
0.209933
-0.564555
-0.081077
-0.098661
-0.243288
-0.430854
0.491059
-0.680758
0.320000
0.335785
0.040377
0.306508
0.811256
-0.761056
0.127271
0.976509
-0.084717
-0.193568
0.655009
0.406501
0.233035
-0.102612
0.104042
0.359541
-0.503834
1.029049
-0.346595
0.331138
-0.247404
0.234312
-0.676548
-0.481019
-0.011908
-0.875582
0.794253
-0.481370
0.317763
-0.917988
-0.401879
0.067504
-0.971544
-0.350188
-0.651397
0.085404
0.320565
-0.704376
0.190416
0.298333
0.774236
0.130374
0.150095
-0.371660
-0.856382
-0.545304
-1.222228
-0.712938
-0.277276
1.101234
0.677200
1.033682
0.381172
0.195235
-0.043584
-1.272834
-0.178362
-0.298437
0.848289
0.196460
0.356200
-0.728902
0.524393
-0.435333
-0.734393
-0.267679
-0.181856
0.386626
-0.629743
0.138002
0.080965
0.057611
-0.255636
-0.640227
0.136065
-0.214081
-0.486607
0.870596
-0.711217
-0.274867
-0.167791
0.265422
0.517271
0.233636
-0.445619
0.089600
0.181702
-0.577116
-0.669312
-1.649213
0.827223
-0.032084
-0.213130
1.060403
0.489934
0.727473
-1.214532
-0.482199
-0.209230
-0.694304
0.485604
-0.226275
0.302309
-0.239543
0.510141
0.393531
-1.066062
0.122554
0.898088
0.505490
0.025797
0.464191
0.058903
0.098707
0.259318
0.908114
-0.032486
0.918850
-0.005236
0.161487
-0.389676
-0.887904
-0.292560
-0.826009
-0.587604
0.109123
-0.286184
0.328146
0.036937
0.006635
0.319241
0.632146
0.174131
-0.345906
-1.007008
-0.848685
0.353950
1.386282
-0.344575
0.094845
0.665095
0.046265
-0.598812
-0.688383
0.714554
1.064281
0.298836
0.663796
0.196096
0.340457
-0.152908
-0.238629
-0.989602
-0.402063
-0.686122
-0.773159
0.497671
-0.871621
0.395264
0.377506
0.827909
0.558955
0.538668
0.053852
-0.566065
0.008726
-0.237802
0.494714
-0.401867
-0.182541
-0.006269
-0.723929
-0.836674
-0.044361
-0.585845
-0.190544
0.376052
0.348458
-0.529393
0.497459
-0.417569
-1.024255
0.821038
0.370296
0.324298
0.018771
-0.026425
0.508556
0.450178
0.607031
0.699069
0.642343
-0.025177
-0.056700
1.022781
-0.475250
-0.190424
0.373565
0.046930
0.180327
0.315361
-0.788666
-0.448485
-0.788867
0.009482
-0.804011
0.534969
0.069244
0.122447
-0.202651
-0.016620
-0.729785
0.296463
-0.492181
0.473476
0.666667
-0.177946
-0.426654
-0.174866
0.161211
0.596425
-0.046208
-0.240490
-0.427931
0.147609
0.047182
-0.896121
-0.992624
-0.954500
-0.503066
0.131136
-0.020748
-0.119457
0.350621
0.230599
-0.395442
-0.528946
-0.606810
0.182162
0.252626
-0.019647
0.770958
0.063647
0.992087
-0.009204
-0.372197
0.343493
-0.561325
0.393560
0.158430
-0.304885
0.676120
-0.953349
0.248992
0.342394
-1.302916
-0.693418
0.027489
-0.289815
-0.355794
0.535274
0.469840
-0.712336
1.394322
-0.010745
-0.134364
0.219593
0.287067
-0.168289
-0.218081
-1.040275
-0.645739
0.697570
0.430350
-0.299494
-0.421548
0.261409
0.101421
-0.173562
0.068820
-0.266927
-0.685161
-0.218620
1.065476
-0.977807
-0.083830
1.119233
-0.270428
-0.528408
0.025752
-0.051064
-0.520439
-0.522702
0.275340
0.103235
0.121711
-0.610272
0.192509
-0.093320
-0.121651
-0.132920
0.504385
0.539260
0.019525
-0.021760
0.674541
-0.909016
-0.375574
-0.215137
0.447593
-0.036112
-0.728331
0.467134
1.268967
0.185473
0.027620
-0.911046
0.399363
0.484927
-0.915370
0.609733
0.436750
-0.309567
0.358073
-0.386680
-0.757396
-0.354281
-0.028579
-0.684639
-0.568387
-0.161478
-0.444334
1.503267
-0.797310
0.242555
0.360156
0.529164
-0.758347
0.596036
0.240391
0.437339
-0.468602
0.544613
-0.048919
-0.668476
-0.993138
-0.195845
0.617369
0.870939
0.239674
-0.862215
0.918581
-0.327341
-0.634735
0.634793
-0.481158
0.339988
0.246525
-0.749198
0.063350
-1.009001
0.227256
1.439741
0.751693
0.277828
0.493806
0.144399
0.616616
0.403044
-0.757484
-0.075154
0.474608
0.181547
0.306886
-0.168588
0.658167
0.148668
-0.452029
0.442169
0.577944
0.403711
0.081521
0.070216
-1.108399
-0.497999
0.048931
-0.223833
0.200001
-0.695005
-0.649873
0.108639
0.473784
0.798908
-0.483505
0.669487
-0.758835
0.375436
-0.015824
-0.444415
-0.154873
0.566690
0.891276
-0.137658
-0.279516
0.059238
-0.037292
0.995718
0.650653
-0.378589
-0.286465
-0.440797
-0.000347
-0.023008
0.432671
-0.508612
-0.489486
-0.209719
0.354110
0.857945
-1.826656
-0.423044
-0.827482
-0.128617
0.885391
0.225979
0.142196
-0.581504
-0.567591
-0.514801
-0.331568
-0.500953
1.381303
-0.474485
0.683483
0.101228
0.426097
0.865463
0.920572
0.069683
1.020189
-0.025156
-0.340148
0.004139
-0.633549
0.849546
-0.419771
-0.615338
0.477406
-0.273587
-0.047849
0.202774
0.787506
1.002586
-0.147226
-0.323120
0.271097
-0.183932
-0.178638
0.190140
1.535980
-0.742285
-0.470854
0.755700
0.153796
0.674244
0.248790
1.002552
-0.001369
-0.329678
0.280012
1.416357
0.050896
-0.325416
-0.460238
-0.104445
-1.574148
0.561333
0.322820
-0.309069
0.516378
0.173188
0.074560
0.895577
-0.096548
-0.550864
-0.141054
0.588294
-0.275366
-0.172735
1.074933
0.962179
-0.772832
0.748507
0.178326
-0.392156
0.094937
-0.068346
-0.702807
-0.306074
0.650524
0.148258
-0.419037
0.183397
-1.016589
0.199699
0.563685
0.303858
-0.613803
-0.549449
-0.575064
-0.088966
0.485624
-0.273155
0.369382
1.275518
0.363636
-0.282953
0.126679
0.177252
-0.268505
-0.489157
0.819939
0.527738
-0.161594
0.063976
-0.317976
0.654507
0.387382
-0.360238
0.739150
-0.248278
0.477791
0.117211
-0.499960
0.120894
0.472223
0.660573
-0.778130
0.654036
-0.093131
0.731229
0.115769
-0.615875
-0.158163
0.204874
0.286584
-0.242567
-0.327030
-0.852832
-0.118546
0.539409
0.576465
-0.303318
-0.330238
-0.104712
-0.041452
-0.014396
0.545892
-0.015211
0.498566
1.257915
0.534682
0.343680
-0.082174
-0.086577
0.863510
0.085279
-0.859122
-0.571041
-0.215101
-0.131833
0.449510
0.352880
0.192365
-0.359246
0.125877
-0.098118
-0.136114
0.122595
0.111241
0.018504
0.017267
0.602047
-0.457065
0.680079
-0.452360
0.386931
-0.076283
-1.322477
-0.550145
-0.769819
-0.686387
0.063621
0.542842
0.294223
-0.243239
-1.021177
-0.323175
-0.443831
-1.044605
-0.008019
-0.665488
0.590150
-0.009875
0.743094
-0.248304
0.880584
-0.296005
0.383405
-0.066053
0.359513
0.132850
0.333332
0.391261
0.628270
-0.787328
-0.838953
0.128580
-0.043416
0.483610
1.298909
0.378759
0.821777
0.753478
0.308046
0.338590
-0.405112
0.149469
-0.580292
-0.274959
0.737309
0.121558
0.287424
0.308977
0.469644
0.491038
0.806801
-0.033843
-0.257853
-1.094458
0.070021
-0.468364
0.732935
0.226090
-1.187878
0.532920
0.492264
-0.040185
0.615110
0.319866
0.699442
0.154070
0.268945
-0.890486
-0.289218
-0.059625
-0.146938
0.546820
-0.253440
-0.464268
-0.045780
-0.050282
-0.366426
0.353087
0.697970
0.736822
0.108189
0.167460
0.119090
-0.188135
-0.861816
0.517593
-0.762601
-0.080555
0.303334
-0.338522
-0.788784
0.650090
-0.574148
-0.253664
0.030021
0.757428
-0.117061
-0.310682
-0.566165
0.486695
0.061102
-0.162534
-0.484899
-0.566098
-0.620417
-0.069921
0.134312
0.411982
0.240312
-0.270826
-0.448794
0.741509
-0.311013
0.472429
-0.266171
-0.077632
0.023020
-0.347274
-0.055881
-0.077451
-0.175222
-1.117387
0.558157
-0.148198
-1.109848
-0.528406
-0.113721
-0.359094
0.121353
1.390066
0.497601
0.690444
-0.224556
-0.622874
-0.962094
-0.276669
1.043578
0.781204
-0.640637
-0.111813
-0.296914
-0.369456
0.488423
-0.531029
-0.428654
0.194448
-0.112033
-0.261740
0.689947
0.382479
-0.210313
-0.908868
-0.152888
0.328711
0.320556
-0.553392
0.507706
-0.341605
-0.098546
-0.757680
0.028458
-0.200939
0.759895
1.349870
0.193508
0.629632
-0.828569
0.051612
-0.021546
0.274029
0.824726
-0.262559
-0.108541
0.957926
0.383081
0.278716
0.337644
-0.411049
-0.423888
1.058273
0.019790
-1.829121
-0.619568
-0.396956
-0.099183
-1.281765
-0.281422
-1.230349
0.586129
-0.266984
0.251465
0.316373
0.691251
-0.009958
0.015512
0.987232
-0.390562
-0.777242
-0.302482
0.401930
0.353556
-0.312928
0.531273
-0.399169
0.907399
0.598531
-0.291618
0.658681
0.055297
-1.222367
-0.669279
-0.172086
-0.452213
1.351098
0.015965
-0.962122
0.094755
-1.334193
-0.763485
-0.561834
-0.256131
-0.292400
-0.791842
0.502416
0.346124
0.813813
-1.370761
-0.072064
-2.134428
-0.153981
-0.573515
-0.728956
0.984858
0.263704
-0.396152
-0.658622
0.143442
-0.509991
0.113682
0.501388
0.085475
-0.139028
0.094489
-0.062057
0.382840
0.607107
-0.601389
-0.900590
-1.431699
0.310081
-1.082889
-0.389385
-0.406830
0.077511
0.348963
0.842181
0.028718
-0.470294
-0.147009
-0.345850
-0.967497
-0.299774
1.159729
-0.080115
0.291583
-0.115951
0.582055
0.309706
0.712601
0.847927
0.473055
0.284955
0.018877
-0.220309
0.370977
0.296000
-0.465187
0.638026
-0.536213
0.128041
-0.085437
-0.018081
-0.497452
-0.407864
-0.204393
-0.193203
0.209839
0.041863
-0.819229
0.486157
0.418583
-0.005344
0.796556
0.053562
-0.695295
-0.268793
-0.843137
-0.408237
0.398408
0.288537
-0.604997
-0.680881
0.256565
-0.784960
0.773116
0.317292
-0.290403
0.007889
-0.100295
-0.000402
0.100807
0.216921
-0.031712
-0.831369
-0.149864
0.937864
-0.055695
-0.765988
-0.215978
0.216893
-0.479846
-0.567449
-0.461988
-0.923903
0.652721
0.186031
-0.196671
-0.640699
-0.255075
0.864503
-0.648926
-0.179644
-0.434260
0.227982
0.036921
-0.702779
0.064712
0.385074
0.424200
0.939171
0.424565
-1.259162
0.576720
0.224930
-0.034143
0.832251
-0.885813
-0.430427
-0.569075
0.379990
-0.866890
-0.359428
-0.380045
-0.025666
0.010285
0.369258
0.436630
-0.986034
0.032489
-0.242141
-0.780151
0.550251
-0.158568
-0.473604
0.262363
-0.186322
0.518847
-0.236363
-0.158897
-0.705342
-0.295399
0.590215
0.353526
-0.620490
0.211584
-0.165595
0.846868
0.317161
-0.032966
-1.085937
-0.107765
0.115755
-0.605705
-0.092902
0.949198
0.356037
0.280237
0.986424
0.206776
0.479206
-0.016161
0.325658
-0.374194
0.906775
0.239506
0.629041
-0.473593
-0.059812
-0.841186
0.635672
-0.326768
0.561556
0.174511
-1.376141
0.167495
-0.968406
0.249074
0.256751
0.771196
-0.484723
-0.593731
0.072643
0.195289
0.658439
0.737351
0.732070
0.026667
0.091428
0.688465
0.137811
0.951701
-0.445031
0.004153
-0.421798
-0.213288
0.515722
-0.358202
0.372421
0.007903
-0.047101
0.905102
-0.512016
0.618769
0.542712
0.115759
-0.592319
0.134902
0.218315
-0.246860
-0.168742
-0.752248
-0.133458
0.325674
0.514901
-0.166973
0.382987
-0.811879
-0.706886
0.283457
0.637356
0.548513
0.321994
0.221580
1.041923
1.166986
0.487894
-0.105178
-0.422558
0.590931
-0.064783
-0.292102
0.475216
-0.540295
-0.365367
0.967236
0.582438
0.688487
-0.021578
-0.158283
0.128511
-0.432243
0.253210
-0.084950
1.145480
-0.105893
-0.071591
-0.867411
-0.531328
-0.054240
0.001692
0.468560
-0.086987
-0.721745
0.388076
0.646146
-0.135943
0.603782
0.389660
-0.520282
-0.889739
0.221029
1.533777
-0.847309
0.083829
-0.128213
-0.415511
-0.419846
0.012364
0.123820
-0.183645
0.345830
0.154119
0.485214
-0.092808
-0.126897
0.465341
-0.271508
0.725584
-0.366471
-0.850371
0.425334
-0.169836
-0.580900
-1.351712
0.278636
-0.244054
0.505258
-0.406013
0.128876
-0.138012
0.820372
-0.494603
1.018822
-0.438564
-1.222656
0.649641
-0.449411
-0.190197
-0.490916
1.025674
1.129372
1.225152
0.406133
0.274488
-0.486852
0.117706
-1.366198
0.778640
0.342735
-0.737743
-0.594914
0.310771
0.602030
1.191585
-0.470243
0.497192
-0.124757
-0.182662
-0.515801
0.526319
-0.074717
-0.281752
0.970507
0.516568
0.587252
0.288408
-0.627285
-0.281732
0.672675
-0.490566
0.128602
-0.194203
-0.429107
0.216500
-0.225105
0.691829
-0.740052
0.811509
-0.390933
0.423077
0.138312
-0.312598
-0.414476
-0.143506
-0.912203
-0.410687
0.206607
0.482423
0.506481
0.150586
-0.224642
-0.410279
0.726802
-0.203821
-0.262591
-0.097975
0.847646
0.868285
0.036386
0.493922
-0.071106
-0.239890
-0.294417
0.153658
0.605278
0.034660
0.224999
-0.438821
-0.749860
-0.029216
-0.132321
-0.238378
0.340388
0.182097
-0.323160
0.543392
0.869260
0.215277
0.750738
-0.309225
-0.317569
0.063370
-0.137685
-0.310063
0.769035
0.214432
0.059068
-0.488784
-0.539278
0.017827
-0.131628
0.090748
0.054377
-0.377841
0.052302
-0.371548
-0.056833
0.234475
0.212129
0.312772
-0.401513
0.277589
-0.299798
-0.011930
-1.046746
0.159502
-0.625047
1.263931
0.620978
-0.919996
-0.284150
-0.115048
1.643990
0.312269
-0.771622
-0.245903
-0.825607
0.434470
0.669877
-0.160469
0.243404
0.717297
-0.450019
0.347100
0.452728
0.606573
-0.770728
0.308573
0.848362
-0.427698
0.117359
1.465862
-0.701359
0.129953
0.175778
-0.371569
-0.228989
0.467084
-0.552072
0.287991
-0.043847
0.928231
0.565856
0.402727
-0.109342
-0.514989
0.334931
-1.204407
-0.408818
0.774821
0.219676
0.184062
0.551772
0.362327
-0.986455
-0.105189
0.783744
0.524323
-0.288958
0.242507
-0.445918
-0.350071
-0.441970
-0.041938
-0.347659
0.158249
-0.122869
-0.078259
-0.711708
0.010183
1.154842
-0.193052
0.033425
-0.686146
-0.062788
-0.148475
-0.347446
-0.515712
0.878573
0.812902
-0.161320
0.109471
-0.296055
-0.039664
0.296007
0.278058
-0.466830
-0.737942
-1.184727
0.283245
0.431901
-0.065835
0.684579
-0.378253
-0.758613
0.410165
0.428667
1.244444
0.247600
0.108277
-0.246900
0.518116
0.369726
0.759327
-0.122324
-1.080570
0.406712
0.368076
0.034519
0.436439
0.509007
0.032271
-0.578596
-0.315949
-0.351372
0.208779
0.015056
0.513596
-0.170498
-0.069891
0.104140
-0.506121
-0.028390
-0.238792
0.794686
-0.403607
0.834749
0.126742
-0.193342
0.459812
0.010863
0.804632
0.077991
-0.398798
-0.258851
0.450834
-0.187094
-0.027273
0.480305
-0.183179
-0.294208
-0.070577
-0.442094
-0.583297
0.604883
0.119323
-0.351747
0.185537
-0.351034
-0.766997
0.059590
1.109638
0.650074
0.222992
-0.183888
0.342068
0.317198
1.764136
-0.305206
0.595637
-0.768941
-0.546116
-0.021287
0.046837
-1.233598
0.167823
0.488776
-0.672663
0.339173
-0.414757
-0.032332
-0.251866
-1.124096
-0.258975
0.506289
1.433701
-0.241542
0.092084
-0.485272
-1.320473
-0.316756
-1.731452
-0.626883
0.552505
-0.115816
0.435386
-0.043260
0.118713
1.049738
0.854244
-1.713309
-0.148468
0.092773
-0.826440
0.359210
0.082881
-0.384401
-0.598373
-0.211865
0.082227
0.366435
-0.213674
-0.041458
-0.595282
-0.241924
0.203557
0.091175
-0.834016
0.647892
0.605928
-0.333706
-1.062869
0.267471
0.890719
0.755055
0.609737
-0.401940
-0.827670
0.114099
-1.373336
-0.995291
-0.717753
0.316054
-1.005835
0.412777
-0.771008
0.252622
-0.285080
-0.302133
-0.085139
-0.028926
-0.087777
0.294396
-0.420704
-0.402411
-0.014049
0.186968
0.601120
-0.709037
-0.195715
0.250316
0.023040
0.814000
-0.263569
0.531213
0.586147
-0.177611
-0.385506
-0.137533
-0.457005
0.707001
0.635974
0.645368
0.023946
0.149773
-0.143889
0.325597
-0.318231
-0.188610
0.771521
-0.814558
-1.033167
0.584196
-0.128104
-0.195072
0.916174
0.534189
-1.023228
0.703458
-0.245813
0.306644
0.210967
-0.426455
-0.412061
-0.348042
0.128032
-0.187083
0.369434
0.339564
-0.457686
0.112652
0.082155
0.201180
0.508271
-0.402637
0.140081
-0.516319
0.196143
-0.898023
-0.251773
-0.371184
-0.390523
0.250402
-0.853830
0.194387
0.656514
0.860292
-0.096532
-0.072770
0.520307
0.364892
0.082300
0.210566
-0.516966
-0.611191
0.269400
-0.092742
0.124936
-1.184040
-0.342216
-0.445487
-0.338257
0.465359
0.803495
0.548594
0.667192
-0.164967
-0.971417
-0.483924
-0.792166
-0.530159
0.886540
0.020068
-0.459017
-0.371524
0.438758
0.546504
0.322491
-0.049571
-0.368412
-0.436769
0.254962
-0.619562
0.285319
0.216099
-0.233414
-0.244287
-0.268910
0.222412
-0.083112
0.120541
0.177000
0.008699
-0.370679
0.729558
0.647197
-0.272822
0.640444
0.171187
-0.920665
0.516303
-1.116499
0.757398
-0.574622
-0.176020
-0.669582
-1.037884
-0.278183
-0.176187
0.640706
0.271072
0.575482
0.697166
0.149690
-0.438295
0.524663
-0.012404
-0.843173
-0.665544
0.410085
-0.000943
-0.301859
0.173543
0.921007
-0.135693
-0.311442
0.449856
0.208980
0.376087
-0.701022
-0.381425
0.453512
0.177121
-0.008143
0.086440
-0.069544
0.054300
0.272269
0.700211
-0.781661
-1.164427
0.728064
-1.230256
0.219552
1.047512
-0.508056
-0.051025
0.789941
0.198842
0.090120
-0.309549
-0.324558
-0.986041
-0.884964
0.249689
0.132326
-0.325510
-0.237853
0.659965
-0.622476
0.019489
0.570350
0.081111
-0.663183
0.616698
0.704886
-0.972864
0.023638
0.979145
0.100136
-0.332905
-0.296443
-0.403203
-0.392917
0.579040
-0.303098
0.542672
0.459447
-0.409549
0.399329
0.031345
0.278699
-0.437186
0.078443
-0.017678
-0.358485
0.391241
-0.458920
0.191396
0.281505
0.145470
-0.227199
0.621455
0.032936
-0.658271
0.879608
-1.366877
0.349039
-0.035958
-0.154276
-1.100704
-0.349872
-0.045976
0.001973
1.021070
-0.294243
-0.102666
0.284995
-0.055523
0.471042
-1.265984
-0.392410
0.019931
0.503998
-0.005708
-0.144060
-0.439140
-0.022779
-0.604640
-0.181753
-0.604399
-0.367634
0.969295
-0.118270
-0.049055
-0.581061
0.126321
-0.370344
0.631006
0.375693
0.185866
0.152327
-0.008639
0.447518
-0.187552
-0.881332
-0.113567
-0.676203
0.870239
0.354946
0.533568
0.121179
-0.021477
0.171336
1.091177
0.279356
-0.297607
0.559615
0.142439
0.310317
-1.024617
-0.580830
-0.150683
0.503605
-0.017497
-0.564069
-0.518724
0.543863
0.109015
0.006682
-0.865048
0.215859
0.473252
0.126998
0.212542
-0.348059
1.059877
0.542617
-0.270627
-0.592115
-0.059485
0.435757
-1.483775
0.308904
1.137487
-0.560428
0.533026
0.155486
-0.819843
0.251650
0.364471
0.376171
0.202838
-0.170181
-1.293720
0.053508
0.174848
-0.560752
0.595451
0.510316
0.463632
-0.372970
-0.798879
-0.305539
0.226512
-0.114324
-0.461287
-0.031437
0.305012
0.888392
0.062967
-0.888466
0.379041
-0.383794
0.430432
-0.608245
-0.645815
-0.295148
-0.305218
-0.739595
-0.194667
1.235001
0.042709
-0.287546
-0.126195
0.181506
-0.780880
0.787344
0.403885
-0.724860
0.423715
-0.891281
-0.285520
-0.030240
-0.256306
-0.561545
-0.338246
-0.314569
-0.097278
0.075748
-0.208783
0.588827
-0.205192
0.190007
-0.363785
0.774641
0.383429
-0.286184
-0.419740
-0.468961
-0.191098
1.168845
1.074535
-0.614758
0.085793
0.102128
0.630690
0.589422
0.209082
-0.916883
0.623297
0.128108
-0.442578
0.264500
-0.809686
0.761218
0.900022
0.012056
0.086844
-0.215666
0.768839
0.080221
-0.302415
-0.034923
0.441513
-0.273299
0.355158
-0.358288
0.850055
0.519750
-0.287345
-0.267623
-0.322709
-0.332575
0.158068
-0.218719
-0.144580
0.107293
-0.017888
-0.639087
0.362045
-0.724846
-0.265092
-0.543945
-0.053348
0.451267
-0.018948
0.346092
-0.474582
0.002315
0.145281
0.087615
-0.593617
0.015752
0.311053
-0.324418
-0.572057
0.356115
0.781747
0.182947
-0.013740
0.056890
0.891931
-0.072485
-0.434334
0.082830
0.498792
0.394526
-0.599188
-0.036037
0.153012
-0.576673
0.555320
0.242073
-0.374084
0.182246
-0.807175
0.004915
-0.223724
0.459612
-0.139326
0.009667
-0.554628
0.086989
0.704020
-0.540964
-0.228974
-0.287279
0.491713
-0.828549
-0.111315
0.063963
1.525920
0.040171
1.099570
-0.430550
0.287391
-0.632933
0.442262
-0.198428
0.241388
-0.425528
-0.179538
-0.666963
-0.069854
0.008357
-0.042082
-0.233362
-1.123800
-1.279643
0.532914
-0.193511
0.422460
0.542666
0.643505
-0.354698
-0.329530
0.462870
0.123512
0.612267
1.139912
0.210536
-0.236607
-0.492144
-0.115912
-0.180543
0.394437
0.806365
0.203897
0.230166
0.421043
0.627986
-0.517146
0.601396
-0.145758
-0.089883
0.012696
-0.205001
-0.475467
-0.259271
-0.407607
-0.034896
0.458040
0.372455
-0.025688
0.000479
0.264057
-0.829596
-0.169350
0.518918
-0.696268
1.264115
0.929919
-0.046154
-0.574485
-0.058266
-0.799765
-0.586434
0.082342
0.140792
0.121679
-0.054282
-0.172470
-1.094786
-0.391886
-0.272933
0.334267
-0.420332
-0.092774
-0.030950
0.375559
-0.227020
-0.939272
0.810052
-0.263129
0.760404
-0.238634
0.033762
-0.074052
-1.047437
0.683617
-0.278315
-0.605465
1.056741
-0.041760
-0.516860
-1.024403
0.765910
-0.070444
-0.090544
-0.939999
-0.478583
-0.853741
-0.019191
-0.345370
0.219951
-0.168283
-0.076446
0.306188
0.411592
-0.334610
0.479671
-0.117045
0.525191
-0.137981
0.742013
-1.174189
-0.166602
0.080159
-0.157348
0.313507
0.672021
-0.281660
0.201765
0.531484
0.321379
0.153425
-0.041215
-0.123553
0.268864
0.363835
-0.528887
-0.290818
-0.113431
-0.121902
0.191867
0.158812
0.674547
0.753044
-0.211831
-0.158661
0.650500
0.934424
-0.348208
-0.585468
-0.738196
-0.213125
0.334262
-0.319757
-0.302773
0.055629
0.003999
0.882189
-0.912153
-0.070368
-0.571064
-0.824961
0.306785
-0.415486
0.432079
-0.829139
-0.153200
0.853614
-0.243036
-0.480853
-0.419993
-0.540121
-0.043076
0.441402
0.886481
-0.462812
0.018513
-0.412484
-1.193278
0.477005
-0.664278
-0.007466
0.537634
0.649697
-0.553280
-0.012867
0.718870
-0.066292
0.014669
-0.064727
0.792709
0.783853
0.505757
0.340785
-0.194265
0.395820
0.446017
0.171511
-0.277675
-0.363305
-1.158500
0.191265
0.829599
-0.048686
1.162023
0.206204
-0.544753
-0.489277
0.154569
0.402072
0.919585
-1.112655
-0.617420
0.006650
-0.352611
0.446331
1.539589
-0.684796
0.111208
0.536731
0.052769
-0.665518
-0.540285
0.217038
0.205616
-0.074932
0.175575
0.603452
0.229188
-0.083160
-0.261131
0.266478
0.435253
1.246288
0.666337
-1.070865
-0.221595
0.524857
-0.509866
0.669662
0.042533
-0.584302
0.586962
-0.856621
-0.435010
0.227888
0.441014
0.284998
-0.283538
-0.930403
0.653955
-0.239951
0.150066
0.094745
0.601409
0.580515
-0.836171
-0.574039
1.056040
0.430717
-1.114209
-0.075923
-0.208647
-0.110137
-0.421756
-0.281026
0.551307
0.075885
-0.106617
0.194505
-0.869222
0.475645
-0.337652
-0.695445
0.060897
-0.218890
-0.571979
0.444542
-0.480715
0.306041
0.023898
-0.460632
0.237663
0.288494
0.016593
0.225321
-0.390067
-1.148914
-0.216882
-1.359620
-0.178888
0.412939
0.536990
1.104323
-0.885712
0.811589
0.064274
-0.179240
-0.416838
0.828958
-0.984458
0.094279
0.586782
1.162467
-0.022457
0.385631
0.551023
0.635234
-0.228515
0.297655
0.010425
0.854676
-0.869223
0.422099
-0.317556
0.495828
0.660621
0.549135
-0.422090
1.273231
-0.571381
-0.350061
-1.540197
-0.276271
-0.088903
-0.217468
0.289159
0.909424
-0.312255
0.568623
0.798497
-0.283284
0.202741
-0.436579
0.351540
0.256632
0.321282
0.684307
0.084975
-0.334182
0.159019
-0.009763
0.280586
-0.563688
0.034587
0.987144
-0.323570
-0.225552
-0.257544
0.814155
-0.097105
-0.212452
0.571836
0.600188
0.349970
0.373311
0.530842
-0.377915
-0.803519
-0.146474
-0.691829
1.342559
0.269422
0.097514
0.415631
1.091007
-0.575990
-0.528791
-0.805034
-0.055643
0.061929
0.439835
0.693632
0.838477
-0.358910
-0.752887
-0.924324
-0.210988
0.561070
0.405250
0.098679
-0.625721
-0.168429
0.138932
0.326893
-0.013687
-0.902807
-0.313887
1.122714
0.232981
-0.064540
-0.138541
0.396196
1.008941
0.237230
0.353523
-0.069443
-0.366007
0.293541
-0.576962
-0.870358
-0.732009
-0.011979
0.348345
0.070159
-0.728841
-0.095932
0.055111
0.480356
-1.426959
-0.145865
-0.267259
-0.443761
0.806425
0.350767
0.582266
-0.763470
-0.148318
-0.094671
0.214245
-0.617494
-0.423293
0.657170
0.086669
0.193424
0.186950
0.130095
-0.536611
-0.276404
0.350303
-0.673758
-1.048636
0.185686
-0.273904
0.352612
0.524105
0.828782
0.215376
0.788844
0.637184
-0.533269
0.447706
-0.233329
0.837434
0.120069
-0.161383
0.554849
-0.062332
0.398397
-0.153715
0.526788
-0.188559
0.287644
0.744928
-0.757858
1.113310
-0.755685
0.208521
1.028218
0.754593
-0.722799
0.615204
-0.278492
-0.694582
0.257045
0.270139
0.781735
-0.000660
-0.013077
0.051247
-0.153238
-0.219072
0.055558
-0.272237
-0.277810
0.503371
-0.700201
-0.301357
-0.494747
-0.106429
-0.306878
0.162661
-0.488068
0.041883
-0.515241
-0.109053
0.337676
1.138031
0.029263
-0.289137
0.350465
-0.973988
0.285160
-0.749476
1.233934
-0.480808
0.108966
0.645577
0.401485
0.820588
-0.265671
0.734722
0.462773
-0.203569
-0.550522
0.001763
0.303353
-0.135151
-0.340050
-0.138462
-0.012364
-0.029882
0.467461
0.111670
-0.159296
0.733648
0.165138
-0.483308
-0.177049
-0.626203
-0.990611
0.235712
0.724086
0.248448
-0.336877
0.322311
0.318555
-0.268218
0.529116
-0.067838
0.436998
0.274865
0.422370
-0.367918
-1.150503
0.005905
0.319263
1.189051
0.903313
-0.802517
-0.617070
0.277494
-0.127964
0.193593
0.561231
0.930347
0.229361
-0.173008
0.180825
0.171572
-0.858355
-0.454356
-0.364207
0.654056
0.029057
-0.471412
0.053754
0.314601
0.306366
0.378879
0.481285
-0.503695
0.512239
-1.127945
-0.260356
-0.108325
-0.214792
0.253876
0.712374
0.326990
0.425946
0.557746
-0.462118
-1.202686
0.562929
-0.022573
-0.409809
0.250521
0.227806
-0.439887
-0.402568
1.663352
-0.023001
0.545268
-0.443648
0.285687
0.190979
0.440354
-1.139727
0.019403
0.652031
-0.381097
0.126762
0.823275
-0.107705
0.314303
-0.075108
-0.427938
0.458551
0.187512
0.361241
-0.850265
0.051867
-0.141785
-0.678759
0.266721
-0.113979
-0.333331
1.314917
-0.161218
0.018087
0.073442
-1.318293
-0.094515
0.761247
1.299537
0.151095
-0.319063
-0.316684
-0.595609
-0.510152
0.278541
-0.163555
0.139383
0.025403
-0.066541
-0.325952
-1.088705
-1.169112
-0.545459
-0.279917
0.190716
-0.822680
0.762092
0.030054
-0.454911
-0.223573
-0.429146
-0.069188
0.420398
-0.493840
0.147091
0.124400
-0.692340
0.181404
0.014377
0.243688
0.540117
-0.516020
-0.361148
1.146151
0.308154
0.406248
1.074415
-0.242569
0.379803
-0.172714
-0.673673
-0.266817
0.063091
-0.758021
0.454289
-0.002216
-0.177829
-1.224199
-0.028278
-0.611723
0.552388
-0.044588
0.006002
0.219565
0.521584
-0.413789
0.606592
-0.482368
-0.272694
-0.029219
0.536861
-0.837585
1.045767
-0.276986
0.505310
0.665247
0.129318
0.144596
0.439281
-0.130210
-0.194165
-0.704781
0.204137
0.104999
-0.476788
-0.753014
-0.124642
0.650490
0.129315
0.298854
0.803524
0.288015
-0.218110
0.348106
-1.201339
-0.354998
-1.203498
-0.095726
-0.337190
-0.359112
0.753316
0.166148
-0.155370
0.230871
0.236651
0.700776
-0.027487
-0.079023
-0.672019
0.029970
0.176630
-0.167511
1.107610
0.545774
-1.006159
0.178165
0.158089
0.232965
-0.142702
0.417333
-0.246880
-0.087206
-0.397623
0.432627
-0.101955
0.066833
0.534688
0.460348
0.066868
1.122726
-0.588828
0.176446
0.717122
0.287694
-0.139246
0.223556
-0.224258
-1.379285
-0.206060
-0.167558
0.057143
-0.559015
-0.494243
0.121302
-0.355368
0.178821
-0.096981
-0.124516
-0.088504
-0.964754
-0.948333
-0.379615
-0.468897
0.524393
0.335665
0.643352
0.382634
-0.218545
-1.069463
-0.612101
-0.485464
-0.597051
-0.261084
0.560386
0.321006
0.399532
-0.583606
-0.560578
0.381534
-0.091929
0.220148
-1.047980
0.176934
-0.583752
0.809142
-0.180664
0.617909
0.164844
-0.441712
0.776745
-0.468784
-0.387882
-0.343462
-0.066619
0.235676
0.044445
-0.195871
0.069875
-0.347534
0.599825
-0.008458
-0.702602
0.834191
-0.253003
-0.333642
-0.580164
-0.752314
-0.141990
0.528271
-0.019957
-0.506065
-0.670663
-0.395764
0.078390
-0.284977
-0.234534
-0.598604
0.693078
0.150912
0.143213
-0.641262
-0.503135
-0.273178
-0.297618
-0.432954
0.285167
1.163098
-0.234455
0.408936
0.887307
0.210636
-1.032348
-0.044609
0.034836
-0.615235
-0.222063
0.577595
0.557664
0.120847
-0.625591
0.020004
-0.101069
-1.088139
0.446414
-0.197272
-0.604091
0.460607
0.455861
0.024277
0.100036
0.114819
0.320541
0.593799
0.374773
-0.264515
-0.562160
0.215730
0.381208
-0.206053
0.335465
0.343289
-0.465454
0.290733
0.237181
0.667217
