-0.258182
0.003536
0.434066
0.956429
-0.609014
0.133882
-0.442954
-0.347459
0.021031
0.040546
-0.077568
0.367719
-0.491442
-0.292338
-0.539904
1.522759
-0.344734
0.616735
-0.739764
0.561640
-0.512779
-0.000474
0.258567
0.307447
0.233232
0.481745
0.232295
0.068567
0.585992
0.028285
0.328745
0.307727
0.229147
0.771794
-0.477733
-0.009537
0.560484
-0.085635
-0.919379
-0.616058
0.804530
-0.240702
-0.285534
-0.952641
-0.130143
0.309240
0.208082
-0.248459
0.164772
-0.027749
0.049818
-0.193970
0.321538
0.570500
-0.027098
-0.200480
0.670036
0.373377
0.129283
-0.812559
1.115733
0.959615
0.402879
-0.084318
-0.184224
-0.295545
-0.047351
0.037014
-0.138824
0.181607
-0.240638
-1.416270
-1.045050
0.080462
0.011917
0.685921
-0.541052
-0.058016
-0.423856
0.550903
0.658009
0.566411
-0.362625
0.952778
-0.324741
0.355943
-0.673032
0.036237
-0.221521
-0.391907
0.734198
0.833446
-0.445545
-0.048190
-0.002641
-0.273826
0.244744
0.110708
-0.062256
0.712648
0.373164
0.668010
0.145461
0.112482
-0.034059
0.010257
0.218559
0.211130
0.453512
-0.343080
-0.471311
0.035271
0.467712
0.098394
-0.568717
-0.087293
0.183646
0.322701
0.393159
0.009730
0.273818
-0.700910
-0.578822
1.040760
0.086075
0.824671
0.332014
0.864929
0.595328
0.775723
0.248233
-0.509019
0.307424
-0.372080
0.737200
-0.406948
-0.386590
-0.352520
0.200954
0.482225
-0.603611
-0.114791
0.255293
-0.944302
-0.460710
0.251797
-0.180761
-0.817260
-0.929451
0.198619
0.031704
-0.394751
0.598493
-0.153999
-0.213826
-0.306433
-0.826793
-0.097053
0.490628
0.094187
-0.672563
-0.010566
0.530706
0.293518
-0.111247
-0.190392
0.116004
1.149315
-0.603759
-0.489937
-0.188174
1.149116
0.719295
-0.317656
-0.130529
0.183275
0.255539
0.156384
-0.103705
-0.139448
-0.112577
0.364288
-0.163645
0.502190
0.480750
-0.517277
-0.240415
-0.607742
-0.108616
0.292543
-0.203417
0.441378
-0.937134
-0.203994
0.221535
-0.405491
-0.473853
-0.452882
-0.651275
0.089540
1.022484
-0.200812
-0.177001
-0.631336
0.831972
1.317851
-1.430786
-0.142371
0.627618
0.749390
0.417013
0.280258
0.067304
0.336457
-0.565708
1.005283
0.204747
-0.355516
1.915008
0.448437
0.560498
0.183558
-0.281770
0.210181
-0.565920
-0.523044
-0.689946
-0.386804
-0.158832
-0.607440
0.190503
0.088530
0.607746
0.377304
-0.237307
0.583491
-0.195023
0.435482
-0.763612
-0.467897
0.067960
-0.195162
-1.439786
0.239399
-0.478963
-0.417647
-0.410317
0.403682
-0.274280
-0.248461
-0.642074
0.420116
-0.050409
0.070503
0.127021
0.220349
-0.242877
-0.784884
-0.399654
-1.236908
-0.790506
0.311980
0.156755
0.233173
-1.134830
0.689391
-0.217164
-0.140667
1.099482
-0.076189
0.274411
-0.444018
0.616954
0.972511
1.025495
-0.667927
-0.357658
0.867588
0.037876
-0.316790
-0.058854
-0.303757
0.133081
0.801770
0.651984
0.241103
-0.677250
-0.581611
-0.468942
0.294137
-0.167644
0.580052
-0.044048
0.695950
-0.068175
0.107626
0.039431
0.922064
0.453534
0.272106
0.789723
0.006607
0.050731
0.037340
-0.741712
0.706276
0.209260
-0.031332
-0.697288
0.687104
-0.107584
0.437333
0.690191
-0.110942
0.278900
-0.690689
0.127236
1.639058
0.240605
0.316335
0.091613
0.122475
0.524646
-0.164595
-0.984455
0.332759
-0.100019
0.127328
0.361700
-0.098840
-0.375110
-0.444074
-0.154160
-0.325372
-0.582270
0.680011
1.063062
-0.528575
0.120141
-0.390290
0.498459
0.516876
0.357764
-0.142159
-0.717817
0.123278
0.945248
1.217271
1.106983
0.953611
0.126519
0.062738
0.332072
-1.166168
-0.704299
-0.874720
0.397926
-0.517281
0.660974
0.306805
0.088249
-0.297335
0.043773
-0.004148
-0.278115
0.008627
0.829359
0.701093
1.075517
0.246999
0.222821
0.593391
-0.873896
-0.158784
-0.324522
0.296404
0.937594
0.736517
0.268965
-0.339067
0.475363
0.510489
-0.441990
-0.740368
-0.001000
0.776927
-0.234560
-0.235146
0.645974
1.156183
0.152635
0.021546
0.724389
0.385749
-0.221710
-0.479732
0.239234
-0.632051
-0.111467
0.283624
0.003722
0.329311
0.799923
0.108169
0.019815
0.461630
-0.833737
-0.416113
0.193599
-0.393086
0.270175
-0.123816
-0.198588
0.610353
0.478239
-0.054090
-0.053892
0.315861
0.442885
0.211238
0.098704
0.112414
-1.115770
-0.271123
-0.436582
-0.345597
-0.099463
-0.712837
0.786991
-0.602697
1.050737
0.586645
0.227095
-1.151623
0.246956
0.343163
0.211282
-0.632025
0.357769
0.460022
0.395147
0.466709
0.141345
0.128412
1.265167
-1.073429
-0.156486
-0.828215
-0.367599
-0.636071
0.513112
0.030792
-0.221386
-0.719677
-0.037851
0.385122
0.251831
0.078570
-0.774589
-0.457617
-0.483382
0.548021
0.117951
0.242108
-0.067789
-0.470897
-0.527293
-1.251162
-0.736154
0.447760
-0.000358
-0.175773
-0.669137
-0.217906
-0.429855
0.219638
-0.520567
-0.525882
-0.447292
0.740611
-0.579196
-0.713193
-0.950498
0.232168
0.567985
0.343153
-0.244542
-0.022501
0.414263
-0.015540
-0.676113
-0.428216
-0.213431
0.518738
-0.121594
0.137529
-0.124271
0.023338
-0.102593
-0.161147
-0.228783
-0.485954
1.355565
0.221000
0.128169
0.283587
0.134146
-0.464885
-0.469706
-0.116996
-0.640482
-0.433397
0.323305
0.283363
-0.591886
1.099784
-1.456276
-0.063418
-0.036020
-0.838553
-0.219112
0.519793
-0.530358
-0.450109
0.293960
0.448848
0.401889
0.379249
-0.014267
-0.562005
-0.785438
0.365189
0.677496
0.240407
0.242901
-0.741861
0.270804
0.166958
0.848765
-0.410710
-0.545557
0.222982
0.205569
-0.663145
-0.496443
-0.593125
-0.259546
0.078254
0.247885
-0.064262
-0.739201
0.380920
-0.364697
0.161992
-0.688342
0.387845
0.422744
-0.442372
0.462325
0.465449
-0.916610
0.326255
0.436599
-0.077219
-1.001069
-0.008578
-1.231636
-0.219299
-0.144480
0.175987
0.515324
-0.722755
-0.052272
0.328249
-0.221474
-0.332380
0.014534
-0.347483
-0.498236
-0.346689
0.516168
0.039461
0.211197
0.853917
0.968242
-0.251242
-0.117569
0.313067
0.611356
1.113033
0.484175
0.808782
-0.247748
0.188404
0.044551
-0.201401
-0.642324
0.877963
0.717002
0.288442
-0.445822
-0.015414
-0.518822
1.615917
-0.176766
-0.692536
-0.521324
0.251372
0.009878
-0.171103
0.190126
0.482607
0.791176
-0.178098
-0.249074
0.713073
0.890291
-0.816421
-0.141019
-0.105873
-0.379469
-1.001955
-0.228224
0.155460
-0.094190
-0.151592
0.279393
-0.415820
0.421456
-0.127255
-0.258146
0.357187
-0.339929
0.525367
-0.215593
-0.076908
-0.071295
0.293317
0.696167
-0.327371
-0.125464
0.219900
0.099546
0.147986
-0.561272
-0.394001
-0.685962
-0.240902
0.407005
0.323462
0.063979
-0.069168
0.257653
0.354578
0.280209
0.372644
0.483668
1.114294
0.431055
0.482939
-0.290234
0.474861
-0.487315
-0.965711
0.847252
0.196298
-1.181863
0.049988
0.092266
-0.485037
-0.119230
-0.003680
-0.912889
-0.064958
-0.278678
-0.234205
0.375944
1.041335
0.527705
-0.232701
0.091939
-0.426767
-0.379673
-0.738814
-0.730461
-0.661937
-0.773199
-0.324045
-0.694444
0.026061
-0.716094
0.540170
-0.347247
-0.841607
-0.475065
-0.723333
-0.424069
0.493667
0.800662
-0.135622
0.002155
-0.372935
-0.276317
-0.003923
-0.312320
-0.062495
-0.312328
0.725195
0.278329
-0.109011
0.090472
-0.500171
0.318888
0.428986
0.908725
-1.137174
-0.788996
1.146319
-0.875653
0.078095
-0.425190
0.116962
-0.129057
0.596328
-0.612213
0.283016
0.240254
-0.169135
-0.577206
0.409442
0.454748
0.431206
0.198414
-0.690046
0.888665
-0.276905
-0.317429
0.130287
-0.441905
0.394536
0.388163
-0.487072
0.069889
-1.426344
-0.585638
-0.212484
-1.060168
-1.212076
-0.565988
-0.083888
0.667051
0.141153
0.358152
0.254915
-0.071650
0.218957
-0.498038
0.328044
0.455650
0.910740
0.157492
0.085290
-0.478179
-0.167577
0.522637
-0.019450
0.157906
0.010743
-0.031519
-0.126469
0.342747
-0.377729
0.243101
-0.744037
0.562288
-0.778359
0.158918
0.051224
0.168312
-0.464015
-0.052464
0.583526
-0.612691
0.570106
0.224331
0.096608
-0.333914
-0.128093
0.131890
-0.041211
-0.300360
0.905270
0.648409
-0.334742
0.378915
-0.058705
-0.630494
-0.852039
-0.279019
0.000985
-0.238589
0.188950
0.194406
0.282741
0.170497
-0.317637
0.243228
-0.557503
-0.456912
0.048695
-0.374722
-0.955337
0.212230
-0.760837
-0.217711
0.585091
-0.209497
0.684750
0.324810
-0.115925
0.409013
0.056408
0.287275
0.390038
-1.102092
0.031200
0.561412
0.430936
0.614474
-0.333390
0.412817
0.166103
0.452141
0.171304
-0.734505
0.060904
0.100630
0.575579
0.090962
-0.109247
0.199715
0.346112
0.723129
-0.108663
-0.059194
-0.400940
-0.805858
-0.189848
0.088801
-0.485235
0.255108
0.210693
-0.349163
-0.818441
0.307677
-0.303697
0.436288
-0.870674
1.348842
0.192144
0.763698
-0.801825
-1.679856
-1.220421
0.510005
-0.391747
0.036674
-0.154997
-0.439590
0.576214
-0.342455
-0.673194
-0.706235
-0.286449
0.537096
-0.228239
0.559918
-0.356799
-0.674210
0.875533
0.820591
-0.248381
0.619863
-0.384494
0.071920
0.712424
0.104263
-1.097206
0.357697
0.459623
0.684072
0.092398
0.878012
-0.425723
0.291790
0.724980
-0.504409
-0.929958
0.022019
-1.054687
-0.880579
-0.604277
-0.950030
-0.028449
0.735000
-0.278673
0.691560
0.381372
0.631516
-0.036370
0.001150
0.011710
-0.081531
-0.686696
-0.402497
-0.520285
0.790740
0.321178
-0.349928
-0.164711
-0.333371
-0.446465
0.404770
0.427068
0.063704
0.651044
0.515058
0.617923
-0.688009
0.083881
-0.655198
0.775345
-0.360359
-0.724915
0.063500
-0.484858
-0.272803
-0.860625
-0.184472
-0.018795
-0.709688
1.765279
-0.387687
0.076970
0.237157
0.358026
-0.273167
0.580532
-0.835165
0.242098
0.284993
0.630409
0.357918
-0.512551
-0.124102
-0.989892
-0.125565
0.094631
0.794223
-0.912766
0.455778
-1.264642
0.173637
-0.268857
-0.730440
-0.555830
-0.203724
0.942024
-0.054872
0.288921
0.358672
-0.612532
0.838573
-0.631647
-0.420745
0.950731
0.168117
0.097983
0.789922
-0.533450
-1.127832
0.344573
-0.199475
-0.233247
-0.133633
-0.082904
0.703701
0.067507
-0.554766
-0.011773
-0.335057
0.546016
0.005482
-0.313775
0.428056
0.065706
-0.523347
0.263539
-0.149417
0.030028
-0.137870
0.065279
-0.152125
0.540101
0.334727
-0.252198
-0.523376
-0.190401
-1.246922
0.170764
-0.118558
0.031008
-0.257472
-0.293727
-0.372479
0.777059
0.261333
0.166106
0.345684
1.321429
-0.317303
0.027759
-0.224607
0.114691
-0.062471
-1.325635
0.120518
-0.005869
-0.398881
0.175641
0.072270
0.533417
0.681440
0.614062
-0.158748
0.517541
0.197610
-0.527095
0.538813
-0.360783
-0.262841
0.304407
0.713037
-0.676886
-0.202529
0.961619
-0.620643
-1.392049
-0.652262
-0.875856
-0.546061
0.322193
0.608170
0.606414
1.466347
0.095039
0.557550
-0.058282
-1.089527
0.103967
-0.122126
0.060990
0.202894
0.425595
-0.061356
-0.235735
0.538204
-0.605650
0.652861
-0.563782
0.190469
-0.060232
-0.052910
-0.250812
-0.334013
0.118060
-0.045979
-0.079043
0.830684
-0.077526
0.586040
-0.071333
0.030758
0.711203
-0.415627
0.751796
-0.253226
-0.473236
0.020058
0.011095
-0.219192
-0.148135
0.092996
-0.391833
-0.130498
-0.868935
0.618253
-0.192901
-0.086747
-0.048576
-0.217701
-1.268999
0.274534
0.655288
-0.206006
-0.420178
-0.127100
-0.336335
-0.149014
0.629523
0.945818
-0.245480
0.276940
0.581314
-0.328027
0.017978
-0.671279
-0.399647
0.562802
0.002435
0.992418
0.086266
0.543960
-0.010088
0.607084
-1.342722
0.088349
-0.635984
0.266170
-0.533685
-0.309321
-0.618754
-0.207404
0.670395
-0.209244
-0.283194
0.425786
0.914133
1.625094
0.459149
0.157004
0.120176
0.004664
0.361616
-0.059426
-0.502477
0.544668
0.245382
0.000056
0.373778
-0.372377
0.807458
0.772074
0.156573
-0.414233
0.220658
0.582093
0.515908
0.260288
-0.136785
-0.532920
-0.367888
0.647650
0.392354
0.342708
-0.484462
-0.336334
-0.523653
-0.086927
-0.639607
-0.885896
-0.084412
-1.414166
-1.143000
-0.533001
-0.986396
-1.056020
-0.536678
-0.683209
-0.535061
-0.013587
-0.735402
0.427383
-1.628227
-0.478607
0.461219
-0.655041
0.004157
-0.805553
-0.984371
0.304536
0.116246
0.708654
0.239034
0.934605
0.946675
1.330195
1.146071
0.864417
1.373892
1.495172
1.220743
0.817573
1.030504
0.761793
1.550935
0.222428
1.017433
-0.311691
1.985354
0.583610
1.092410
0.489739
1.229604
0.639062
0.621568
-0.277291
1.068912
0.310940
0.482521
0.098620
-0.518652
-0.794434
-0.017220
-0.774856
-0.529490
-0.477248
-1.537924
-0.502022
-1.658350
-0.271787
-1.211409
-0.454936
0.126874
-0.833474
-0.075520
-0.106928
-0.754432
-0.642333
-0.250418
-1.076759
0.082536
-0.771019
0.212014
-0.043703
0.353932
1.086929
0.459501
0.773903
0.570514
0.385859
0.475264
-0.837350
-0.194382
-0.264307
0.052492
0.509546
0.239325
0.523071
0.208740
-0.466263
-0.004036
-0.789648
0.101899
-1.067008
-0.052982
0.189425
0.216716
-0.345328
-1.272040
-0.075196
-1.085858
0.292665
0.226624
0.166229
0.180297
0.221431
1.229141
0.429303
-0.311182
-0.697613
0.406418
0.823196
-0.468686
1.150649
1.556639
-0.048427
0.069733
0.384646
-0.449250
-0.345688
-0.179142
0.288813
0.416923
0.539392
0.035370
0.747128
0.405576
-0.094329
0.191079
0.468364
-0.552489
-0.500712
0.390123
0.151315
0.032747
-0.562603
-0.969611
0.289417
-0.511953
-0.394730
-1.231416
0.498030
-0.124580
-0.722666
-0.408749
0.749717
0.623014
0.457590
-0.925780
0.925735
0.399576
0.729482
-0.238510
-0.012671
0.721446
-0.967578
0.285386
-1.737860
-0.495541
-0.476162
-0.163216
-0.024492
-0.930237
-0.476138
-0.405563
0.297614
0.376308
-1.178388
-0.002736
0.735542
0.815790
0.102984
-1.051650
-0.161416
-0.559345
0.926586
0.635296
-0.697540
-0.515564
0.279535
-0.700765
0.302407
-0.400896
-0.118932
0.415540
0.756970
-0.642303
0.145488
-0.522487
0.719381
0.141917
-0.614155
-0.099085
-0.105061
-0.498291
-1.016736
0.443615
0.630148
-0.741624
0.047719
-0.423025
0.081246
-0.251782
0.230177
-0.205990
-0.248894
0.269886
-0.029080
-0.050657
-0.075872
0.521224
0.120105
0.193956
-0.159771
-0.815798
0.710192
0.299691
0.146596
0.620136
0.045092
0.036776
-1.071528
0.338583
-0.133286
-0.678371
0.234189
0.568311
-1.488646
0.164761
-0.159509
-0.245278
0.198838
-0.022687
-0.253711
0.024074
-0.502120
-0.192922
-0.445400
-0.081731
-0.015045
0.075201
0.013548
-0.313572
0.471535
0.791443
-0.739326
-0.200310
-0.131976
-0.836093
0.083537
0.297225
-1.172007
-0.465545
0.305381
0.277616
0.428801
0.040523
0.379825
-0.588021
-0.858746
-0.493992
-0.284424
0.293445
-0.774465
0.176042
0.794668
-0.210833
0.265938
-0.073334
0.508718
0.395579
-0.324029
-0.663166
-0.374515
0.053102
-0.112666
-0.143055
-0.018683
-0.142518
0.725659
0.237421
0.417498
0.764336
1.064082
-0.240015
-0.304623
-0.674470
-0.521485
-0.141035
-0.031773
0.541847
0.451980
-1.125931
-0.013498
-0.761782
-0.099954
0.463473
-0.612759
-0.812200
-1.707656
-1.042009
-0.404636
0.073029
0.773540
0.207434
0.220948
0.159975
0.915767
-0.412833
-0.187325
0.195624
-0.268769
0.700333
-0.036685
0.140212
-0.291860
0.723293
0.922292
0.485009
-0.100475
0.219671
0.831314
0.441150
0.376589
-1.050517
0.504303
0.363226
-0.953484
-0.100232
-0.628701
-0.271329
-0.568301
-0.078781
-0.778958
0.765315
0.040009
-0.779783
-0.047770
0.972580
0.438182
-0.983566
0.275890
0.330925
0.679214
-1.011462
-0.183982
-0.483194
1.245734
0.935680
0.174318
0.043238
-0.756762
0.166798
-0.447544
1.191053
-0.659597
0.320563
-0.465037
-0.636871
0.103578
-0.331629
-0.290484
0.604287
0.069812
0.428071
-0.109338
0.180560
-0.415134
0.007214
0.114416
-0.105913
-0.985150
-0.952256
0.230947
0.417863
0.653828
0.461100
0.587001
0.976710
-0.269967
-0.601023
-0.381732
-0.351906
0.214864
0.764436
-0.450869
-0.344822
0.164234
0.576228
0.326701
-0.204503
-0.560680
0.263180
0.400361
1.082313
-0.517903
-0.892423
0.353958
0.534290
-0.269989
0.697119
0.942343
-0.047247
0.597640
-0.145214
0.433533
0.013775
-0.112321
-0.870785
-0.835843
-0.454183
-0.430425
0.974344
0.625843
0.949017
-0.501817
0.302541
0.914749
0.761759
0.434902
-0.067722
-0.131433
0.897190
-0.970053
0.202434
0.124355
0.175477
0.014194
-0.341251
0.771124
-0.086611
-0.142318
1.080097
-0.333758
-0.206103
0.149061
-0.208828
0.212152
0.272528
-0.678868
-0.684102
-0.894721
0.260629
-0.830283
0.378167
0.306695
-0.147653
-0.079899
-0.823465
0.298970
-0.258233
-0.331494
0.592055
-0.543851
-0.909327
1.008451
0.281070
0.146271
0.372753
0.680345
0.625077
0.202429
-0.121914
-0.827281
-0.298530
0.280736
-0.434627
0.048518
0.555068
-0.813166
-0.581096
-0.237412
0.058205
-0.685790
-0.217293
-0.203463
-0.749605
0.394981
0.269087
0.120259
-0.534581
-0.550765
0.035691
0.164456
-0.055428
-0.134533
0.352140
-0.467538
-0.595446
-0.294930
0.883104
-0.027381
-0.124561
-0.336952
0.026120
-0.639108
0.352706
0.861187
0.715896
-1.033392
0.254898
0.096601
0.122836
0.692478
-0.460252
-0.471250
-0.093428
-0.253262
0.344213
0.169115
-0.725423
-0.237010
-0.745196
0.076540
-0.591900
-0.191584
0.630710
0.211542
-0.382927
0.550621
0.100486
-0.179515
-0.285933
-0.279003
0.814246
0.164482
-0.454558
-0.373731
0.030601
-0.616114
0.307569
-0.029167
-0.413976
-0.431157
0.525665
0.442460
0.827167
0.316424
-1.024283
0.045791
0.964132
0.262503
-0.399200
0.989531
0.896114
0.724233
0.234781
-0.000862
0.914372
-0.107802
-0.408725
-0.955166
0.867436
-0.310075
-0.283011
0.635941
0.559756
-0.614829
0.344054
0.213453
-0.315093
0.341443
0.273390
-1.331152
-0.180518
0.308782
0.179657
0.308870
-0.529274
0.473640
0.253083
-0.937180
0.275933
0.421377
0.263302
-0.412222
0.473085
-0.313761
-0.333055
-0.790345
-0.612829
-0.441623
-0.071980
0.456842
0.314948
1.248872
-0.438309
-0.486765
-0.432555
-0.934626
-1.269083
0.650815
-0.191514
-0.848590
0.027480
-0.569940
-0.380365
0.124377
-0.502958
0.254732
0.744082
0.663634
-0.746186
-0.176663
-0.816394
0.443518
0.437091
0.432792
0.524512
0.538060
-0.274502
0.004858
-0.143897
-0.090154
-0.488804
0.382978
-0.024132
0.629436
-0.319507
0.523704
-0.396283
-0.420963
-1.146718
-0.335141
0.521472
0.961410
0.521338
-0.528629
-0.520220
0.465730
-0.724676
-0.706962
-0.679300
0.066733
-0.077107
0.531803
-0.098114
0.608704
-0.215814
0.542178
0.155809
0.256224
0.310369
-0.698957
0.200176
-0.336332
0.625172
-0.128615
0.607962
0.339416
0.079697
-0.193948
-0.457190
-0.533132
0.267503
0.248102
0.243373
0.950753
0.357389
-0.466577
0.691688
0.311849
-0.015956
-1.344017
0.430652
0.362341
0.469778
0.718638
-0.266099
-0.206357
-0.054403
-0.307758
0.328307
0.094831
0.122413
0.163802
-0.498225
-0.365224
0.521209
-0.467985
-0.552816
0.803479
0.087646
0.546630
-0.105242
-0.510264
-0.067387
0.688537
0.493952
-0.661869
-0.451490
-0.100105
-0.019512
-0.208162
0.065296
-0.076565
-0.379062
0.300864
-0.066711
-0.538923
-1.010826
-0.093672
0.485748
0.654064
0.035659
-0.144527
0.554625
0.683516
0.784608
0.293934
-0.037109
-1.467704
-0.211775
-0.640479
-0.048903
-0.676167
0.229869
0.466966
-0.023090
0.197176
0.116147
-0.389627
-0.078156
-1.311173
-0.419194
0.298129
-0.144404
0.036843
-0.618195
-0.608981
-0.295648
-0.584870
1.065676
-0.608467
-0.629598
-0.112519
-0.101064
-0.235485
-0.121389
0.994086
-0.041452
0.478616
-0.272082
0.576580
0.486245
-0.638800
-0.276930
-0.078559
0.330383
-0.612231
-0.909122
0.678964
0.359703
0.386707
-1.368944
0.098785
0.208671
0.034912
-0.246061
0.320500
-1.033846
0.218391
0.465024
0.871289
0.855540
-0.177444
-0.041232
-0.011304
0.046768
0.340490
0.821979
0.913004
-0.252630
-0.488122
-0.952238
-0.850646
-0.597501
-0.626298
0.294378
-0.278715
0.480836
-1.083029
-0.116154
0.387641
-0.200111
0.861318
0.383916
0.217260
-0.696654
-0.230150
-0.000132
0.626716
0.332642
0.558249
1.213847
-0.522667
0.216652
-0.011688
-0.281556
-0.711095
0.444041
1.097345
-0.047030
0.054837
-0.185496
0.081854
-0.557683
0.658942
-0.336532
0.038860
-0.247932
-0.026848
-0.324588
-0.242798
1.335218
0.474424
-0.731928
-0.090542
0.508613
-0.295481
-0.003762
-0.664931
-0.469793
-0.325564
1.147284
0.429540
-0.145659
-0.318493
0.385344
0.268608
0.676766
-0.007347
-0.259404
-0.006751
-0.006714
0.963307
0.360734
0.077101
0.586843
-0.692692
-0.440847
-0.118082
-0.261533
0.474804
0.090161
-1.036731
-0.020744
0.270107
0.925628
-0.134044
-0.572928
-1.118727
0.205661
-1.095207
0.196317
0.033891
0.724759
-0.038586
0.489119
0.999832
-0.405861
-0.303867
-0.829088
-0.146763
0.314186
0.368405
0.436552
-0.210619
0.222830
-0.019346
1.440188
0.730831
1.037199
-0.180185
0.549546
-0.862751
-0.333986
0.932507
0.278378
1.377180
0.739268
-0.351364
0.403314
-0.513980
0.868132
0.220357
0.625241
0.183874
-0.205584
-0.632707
-0.146314
-0.106151
-1.915754
0.026367
-0.451670
0.234312
-0.496708
-0.172895
-0.465940
-0.489764
0.070870
0.030490
0.650587
-0.061593
-0.007297
-0.621319
0.894312
0.609808
-0.304890
0.346818
0.435131
-0.559227
-0.461966
0.657038
1.080365
0.512579
0.123487
-1.036406
1.035987
-0.310120
-0.359855
-0.339451
0.453576
-0.368908
0.017261
-0.271273
0.644926
0.791424
-0.074448
0.088963
-1.185193
-0.490599
0.174186
-0.775879
0.570575
-0.358819
-0.869205
-0.063172
-0.613817
-0.479774
-0.371309
-0.622045
-0.652052
0.791638
-0.685721
-0.184833
0.105638
0.487692
-0.056242
-0.462360
0.107078
-0.140046
-0.452435
-0.390010
0.391876
0.208405
-0.815729
-0.410345
0.053112
1.574914
-1.207104
0.228870
0.323809
0.493842
0.114477
-0.098983
0.377063
-0.091926
0.689166
0.361508
0.793388
-0.477248
-0.348900
0.901353
-0.003295
0.615374
-0.323838
-0.414244
-0.498145
0.661156
-0.184093
-1.091745
0.088843
0.329429
0.197314
0.017917
0.001669
-0.319119
-0.407385
0.260824
-0.106806
-0.197390
-0.142304
-0.451494
-0.547320
-0.059277
-0.264520
-0.312510
-0.128156
-0.582464
0.556884
-0.184508
-0.599868
-0.266544
0.312295
0.762112
0.711507
-0.621682
-0.411086
0.003577
0.345667
0.098920
-0.315104
0.592418
0.566731
0.263978
-0.233958
-0.128767
-0.895937
0.544378
0.032992
0.022817
-0.643449
-0.720446
0.541123
-0.814718
-0.717799
-0.205761
1.087185
-0.397252
0.637580
0.137491
0.430232
-0.226507
-0.056112
0.582771
-0.226208
0.122457
0.709251
0.639286
0.585467
1.333614
0.855742
0.584408
-0.459286
0.181461
0.026704
0.510547
-0.018743
0.185083
-0.580241
-0.353501
0.594718
0.665520
-0.342644
-0.112894
0.320060
0.538125
-0.050765
0.610679
-0.449992
0.032868
-0.093764
-0.645431
0.531588
0.015529
-0.225272
0.507375
0.648988
-0.259387
0.352359
-1.075530
-1.025603
-0.208593
-0.551915
0.580617
0.129875
-0.365916
0.048844
0.317667
-0.734463
0.099493
0.545233
-0.062783
0.434618
0.226359
-0.492811
0.506973
-0.942904
0.971919
0.964456
0.215509
-0.440669
0.902707
0.287607
0.325027
0.230237
-0.109521
0.478222
-0.014808
-0.687954
0.009893
0.458200
-0.183100
0.200018
-0.094053
-0.270882
0.036039
-0.256138
0.234043
-0.634739
-1.244293
0.906097
-0.089812
-0.418099
-0.263458
-0.091779
1.078154
-0.193209
-0.170372
-0.179986
-0.199562
0.528019
0.193642
0.006057
-0.201581
0.622852
0.253094
0.568888
0.389524
0.030989
-0.057923
0.470558
0.198928
-0.275626
-0.608589
-1.442777
-0.546146
-0.040660
0.281635
0.264643
-0.170504
-0.165321
-0.085197
0.160645
-0.375691
0.102279
-0.169247
-0.623548
-0.739270
0.032360
0.254621
0.420717
-0.252086
0.416448
-0.152486
-0.367932
-0.846449
-0.937935
0.020556
0.595505
-0.748731
0.096928
-0.796345
-0.148283
0.055226
-1.049309
1.329637
-0.404303
-0.419618
0.316510
1.195510
-0.008027
-0.690255
0.717839
-0.380232
0.174978
0.021906
0.267487
0.214808
-0.439797
0.757064
0.294578
-0.235135
0.618768
1.182405
0.530746
0.482784
0.091723
-0.105418
0.586188
-0.267771
-0.414361
-0.478254
0.032732
-0.359285
0.605069
0.555823
-0.302108
-0.780561
-0.046386
0.876882
-0.049969
-0.351308
-1.026152
-0.478898
0.310477
0.488661
-0.612898
0.073755
0.820567
-0.767945
-0.047342
0.225788
0.611309
-0.028557
0.071091
-0.112348
-0.322584
0.473045
-0.261082
-0.629050
0.852537
-1.007317
0.371126
0.387696
-0.456271
0.981535
0.945836
0.616659
0.318515
-0.189349
-0.266606
-0.815658
-0.832046
-0.022130
0.031220
-0.461607
0.262040
-0.363594
-0.306347
0.015022
-0.452858
1.638302
-0.228331
0.413144
-0.139575
0.375070
0.487853
-0.881719
0.022970
1.074954
-0.327320
-0.122315
0.492602
-0.476373
0.034621
0.961600
0.713060
0.224822
0.121314
0.081287
-0.337118
-0.784123
0.213405
0.554351
0.175234
-0.240752
0.823290
-0.098230
-1.061539
0.209183
0.586031
0.803490
0.554258
0.204343
1.017539
0.262842
0.613204
-0.024892
0.505486
-0.588184
-0.746331
0.840662
0.763996
-0.871547
-0.486521
0.034527
0.503190
-0.159406
0.374369
0.194411
0.293123
0.147740
-0.130594
0.093246
-1.295738
0.316691
0.021582
-0.348451
-0.598927
-0.425177
0.514182
-1.193959
0.410606
-0.265104
0.135119
-0.186286
-0.179178
0.200315
-0.257587
0.008045
-0.259772
0.329712
0.343834
0.507966
-0.691775
-0.651247
0.141447
-0.099014
-1.002277
-0.439394
-0.089236
-0.368759
-0.208779
-0.181462
-0.042101
-0.364324
-0.541752
0.051077
0.826321
-0.599926
0.761542
-1.768836
0.702545
-0.350952
0.397250
0.868838
-0.349104
0.072535
-0.003510
-0.237038
-0.164903
-0.895176
-0.897990
-0.308968
0.667612
-0.353498
0.541257
0.655578
0.162783
0.964820
-0.853717
0.835146
1.301669
-0.056199
1.018715
0.622295
0.698300
0.351273
0.797532
0.351987
-0.405366
-0.362885
-0.567962
-0.050087
-0.125814
-0.820797
0.423277
0.575532
-0.402057
0.225770
0.269301
-1.058919
0.053341
-0.308401
0.007507
-0.874372
0.304045
0.980589
0.067542
-0.208522
0.298053
-0.225314
-0.488376
-0.280458
0.598140
0.607886
0.263594
0.232551
-0.609975
0.162043
-0.535933
-0.015255
-0.365431
0.230691
-0.522237
-0.970366
-0.278095
0.717537
-0.457765
0.241542
-0.707744
0.424033
-0.864221
-0.855621
0.749591
0.671901
-0.324342
-0.040287
0.835663
-0.366293
-0.140937
0.929405
-0.574449
0.404113
-0.116485
0.179924
0.053849
0.339598
0.245992
0.274770
0.232509
-0.254384
0.190766
-0.572537
-0.689911
-0.662180
0.096726
-0.936375
0.199289
-0.254494
-0.008605
-0.207631
0.137466
-0.619828
-0.693790
0.541208
0.255846
-0.105064
-0.771153
0.437762
0.489324
0.586614
0.898773
-0.208307
0.156097
0.502920
-0.196282
-0.240508
-0.300328
-1.646490
-0.452825
-0.040135
-1.790159
0.909095
-0.190986
0.039972
0.187769
-1.150241
0.182797
1.194518
0.448364
0.573599
1.223484
-0.191597
-0.228703
-0.580357
-0.563492
-0.207352
0.850746
-0.264830
-0.072850
0.295770
-1.266305
0.575575
-0.636077
-0.212577
-0.208673
0.250629
-0.605237
0.904984
0.546900
0.009956
-0.264895
0.815606
-0.106407
-0.683709
0.355040
0.669275
0.271407
0.794067
0.289932
0.919674
0.588978
0.358418
-0.499285
0.245592
-0.490142
0.074043
-0.944031
-0.492305
-1.362542
-0.356004
-0.599857
0.770861
0.108214
0.437625
-0.369102
0.302749
-0.159662
-0.826188
-0.171261
0.387742
-0.399659
0.180972
0.303021
0.236932
-0.341755
0.790232
0.041500
-0.362594
0.723791
0.082106
-0.280608
0.149053
0.065607
0.320608
-0.692141
-0.182144
1.079240
-0.776088
0.107699
0.358177
-0.122167
-0.594015
0.883232
0.894742
0.202320
0.549834
0.271107
0.452043
0.250009
0.438348
0.247250
-0.521194
-0.102048
-0.530003
-0.234928
0.392148
-0.627297
0.252081
0.089712
0.138152
-0.747125
0.432187
0.073648
-0.779388
-0.103771
-0.491178
1.091698
0.313977
0.422527
-0.364650
0.444498
0.540678
-0.209830
0.360954
0.424756
0.228810
0.133564
0.044280
-0.520037
-0.315097
0.720818
0.595764
0.078824
-0.953944
-1.321028
0.490531
0.171201
-0.246334
0.865074
0.074662
0.521239
0.185872
0.220396
-0.584541
-0.331841
0.010015
-0.099447
-0.554277
-0.551970
-0.700659
-0.469697
-0.318896
-0.208849
0.088638
-1.034394
-0.241770
0.029153
0.661978
-0.131184
0.919625
0.479862
0.054075
-0.431903
0.020238
0.358248
0.369679
0.357347
0.278415
0.714793
-0.481165
-0.261436
-0.010416
0.408633
-0.021489
-0.969147
0.243333
0.421327
0.003314
-0.160370
-0.135355
-0.154473
-0.686114
0.610129
0.341379
-0.750249
0.744745
0.723886
-0.002656
0.005162
0.045725
0.634274
-0.316495
0.397640
0.251778
-0.831930
0.032264
0.466038
-0.134683
-0.283913
0.371442
-0.272100
-0.374039
0.044505
0.094285
0.371729
-0.135356
1.149192
-0.656637
0.535369
0.304469
-0.589163
0.121610
-0.178591
-0.398372
-0.761580
1.155974
0.511903
-0.132792
0.514506
0.461052
-0.188672
-0.384807
-0.535237
-0.472801
-0.585884
-0.450453
-0.344280
0.023443
0.778414
-0.707257
-0.773067
0.683951
0.472398
-0.523328
-0.003841
0.039993
0.374731
1.144194
-0.577273
-0.549340
-0.014199
0.397662
-0.420756
0.395355
0.262307
0.694490
-0.618826
1.165798
0.510776
-0.309264
-0.031987
-0.132273
0.181831
-0.387960
-0.567211
-0.297170
-0.403845
0.067924
-0.213796
-0.705797
-0.583524
-1.003868
0.493888
-1.139087
-0.490541
-0.916707
0.357078
-0.007188
-0.825213
0.848298
-0.413844
0.227804
-1.033304
0.600193
0.614965
0.258610
-0.010777
0.158989
0.403420
0.453734
0.838664
0.492140
-0.435381
0.588504
0.460512
0.136115
-0.466727
-0.430292
0.042571
-0.064724
-0.153525
-0.470615
0.429320
-0.328418
-0.386402
-1.386657
-0.302203
0.971075
0.135062
0.251554
0.015549
0.153130
0.644183
0.559843
-1.511767
-0.249273
-0.477104
-0.093366
0.325225
0.794134
-0.629955
-0.143286
0.237266
0.115026
0.784337
-0.696258
-0.919870
0.041994
0.478955
-0.166631
-0.208178
0.318526
0.427923
-0.577231
0.310456
-0.150706
-0.718103
-0.209580
0.218297
0.596684
-0.267320
0.022279
-0.209482
-0.701977
0.234324
-0.757024
1.187096
0.025508
0.113746
0.354255
-0.629897
0.214716
-0.027081
-0.723131
0.619949
0.223987
-0.078698
-0.675166
-0.028609
1.125163
0.946844
0.175948
0.189367
-0.712108
-0.680276
0.087430
-0.796374
-0.126138
-1.314745
-0.275169
0.265065
0.219937
-0.019668
0.126618
-0.288042
-0.056429
-0.326892
-0.282333
-0.179427
0.551146
0.209919
1.003185
-1.261047
-0.438443
-0.422954
-0.260938
-0.020854
-0.007976
-0.473394
0.396253
0.568633
1.174028
0.062441
0.809175
0.362966
-0.422876
-0.187667
-0.263383
-0.730413
-0.008301
0.117996
0.505752
-0.720032
0.548700
0.227904
0.525791
-0.737527
0.149687
2.043383
-0.210189
-2.090532
-0.088855
0.571486
0.381699
0.608599
-1.289879
0.051815
0.551676
1.528452
0.715165
-0.662184
0.874325
0.867138
-0.258510
-0.024469
-1.058482
0.033907
0.143591
-0.043109
-0.662679
-0.214449
-0.070174
-0.198696
-0.396376
0.598836
-0.546064
-0.570079
-0.440092
0.165597
-0.048785
0.260160
-0.041283
0.004954
-0.525480
-0.085732
-1.129263
-0.326739
-0.049755
-0.764529
0.842557
-0.447050
0.015547
0.945771
-0.230677
-0.140818
0.098636
0.750465
-1.718844
0.380814
0.142489
0.144232
-0.369611
0.010723
0.696614
-0.547287
0.472971
1.012046
-0.143886
1.151881
-1.120046
-0.063568
-0.107320
0.018255
0.136178
-1.176384
-0.734181
-0.157093
-0.648719
-0.553206
-0.464293
0.713064
0.455643
-0.366010
-0.765954
0.305783
-0.407646
0.189298
0.482044
0.153910
-0.753288
-1.255338
-0.884201
-0.405534
-1.048659
-0.004463
-0.978203
-0.022994
-1.531615
0.436533
-0.875219
-1.041637
1.191349
0.008298
-0.320105
-0.107328
-0.479787
0.297480
-1.104476
0.165628
0.846497
-0.095280
-0.490980
0.639641
-1.210118
-0.606785
0.391668
-0.418894
0.480930
0.585306
-0.747429
-0.326986
-0.455014
-0.445367
0.213804
0.575479
0.361972
0.064201
0.023722
-1.133105
-0.894265
0.108710
0.221138
-0.828063
-0.293398
-0.182656
0.775625
-0.044392
-0.165231
0.385543
0.259767
-0.329104
-1.177676
0.333352
0.383633
1.004440
-0.227081
1.057457
-0.972242
-0.435208
0.315091
-0.519091
-0.287267
-0.910929
-0.643812
0.202894
-0.704570
-0.065482
0.872191
0.399106
-0.410934
0.988382
0.567114
0.189575
0.558121
-1.189080
-0.359793
-0.850796
0.385145
0.127687
-0.156362
0.223829
-0.009387
-0.891440
0.331308
-0.905118
0.281172
-0.022550
0.689438
1.280061
0.593382
0.692368
-0.899195
-0.278900
0.137924
0.323806
0.166414
0.209078
0.394232
0.474508
0.423942
-0.046141
-0.216017
0.431093
-0.693910
0.027957
-0.326048
0.010999
-0.485366
0.165624
-0.096601
-0.071051
-0.451150
-0.470972
-0.103062
-0.104543
-0.348427
1.080889
-0.306857
0.388019
0.217131
-0.026298
0.475862
0.354185
2.050564
-0.356642
-0.688561
-0.332580
0.776687
0.231777
0.170667
-0.054696
-0.176050
0.585593
0.714663
1.084006
0.779144
0.170200
0.437319
0.761188
0.360022
0.127969
-0.476532
0.224983
-0.734397
-0.109763
-1.284359
-0.274871
0.217066
0.229436
0.165585
0.605502
0.474272
-0.426644
0.020908
0.712418
-0.632908
0.767749
0.198006
0.958591
0.944076
0.669077
0.338769
-0.086011
0.884466
0.143792
0.325476
-0.405383
0.310233
0.138161
-0.178408
-0.012170
-0.113354
0.327027
-0.531546
0.445092
-0.533288
-0.445128
0.452817
1.056000
0.224431
-1.097139
0.736329
0.645028
-0.089869
-0.206307
-0.045640
-0.094365
0.005824
-1.510240
0.939071
-0.098338
0.403974
0.768378
-1.099900
-0.363697
-0.533741
0.509208
0.836488
0.549289
1.062041
1.023296
0.369482
0.276983
0.321259
0.497669
0.743803
-0.326380
-0.784747
0.245147
-0.418422
-0.745753
0.398946
-0.158359
0.265514
0.002442
-1.197693
-0.195274
0.963426
-0.091602
1.108604
0.919822
0.119915
0.192844
1.085727
0.039294
0.141690
0.046627
0.494106
0.685802
-1.057017
0.399055
-0.797627
0.945263
0.809339
0.478473
-0.279230
0.637795
0.669240
0.703396
-0.336014
0.055615
0.171748
0.399026
0.301344
0.292802
0.006918
-0.793389
-0.170050
-0.164732
0.583933
-0.346859
-0.154833
0.190442
0.084008
-0.161259
-0.452991
0.026235
0.399891
-0.233003
-0.056150
0.090242
-0.538846
-0.649902
-0.509010
0.271780
-0.157494
-0.641491
0.249604
0.367901
-0.225172
-0.089424
-0.307188
0.182267
0.407229
-0.171811
0.165330
-0.137591
-0.840260
-1.603046
-0.010621
-0.443303
0.991128
0.478994
-0.091263
-0.737264
-0.480566
-0.066141
-0.540272
1.198119
-0.082269
0.348552
-0.135027
0.127625
-0.180481
0.957853
0.223946
0.181121
0.213613
0.270997
0.572619
-0.432837
0.131047
-0.528882
-0.599782
0.360908
0.100842
0.061101
-0.127107
0.066144
-0.588952
-0.088462
-0.359765
-0.934487
0.319191
-0.296820
-1.029164
-0.352274
-0.532810
-0.148456
0.429684
-0.536085
-0.660711
-1.131534
-0.097802
0.271403
0.554998
-0.612623
-0.693356
-0.075537
0.086982
-0.065367
0.116657
0.317130
-0.369108
-0.186584
-0.095487
-0.662406
0.501574
-0.034128
0.306290
0.095659
-0.353152
-0.514126
0.478347
0.275447
-0.024539
0.123320
0.868489
-0.247756
-0.262247
-0.277484
-0.385584
-0.040225
0.236999
0.384936
-0.099430
0.046973
-0.348573
0.319707
-0.151541
0.156445
-0.515228
-0.273904
-0.786873
0.884680
0.566599
-0.574703
-0.267216
0.075242
0.689024
-1.563496
0.384687
-0.071440
0.636004
0.291530
-0.333679
-0.607410
0.409631
0.136372
0.394854
0.070082
-0.124888
-0.143347
0.435165
-0.475837
-0.004773
0.686074
-1.339056
-0.357436
1.310191
-0.241646
-0.516127
-0.753338
-0.166561
-0.119060
-0.456677
-0.411499
0.649811
0.184681
1.138344
1.755906
1.048924
0.141946
-0.193060
-0.300596
0.722862
0.904341
-0.242117
0.792244
1.240188
-0.407987
0.295114
0.696861
0.015830
-0.271420
0.778253
-0.270173
1.026578
0.404771
-0.547047
-0.558534
-0.209959
-0.342741
1.484563
0.336268
0.334352
-0.446943
-0.471370
-0.169653
0.333098
-0.132031
0.681643
0.640264
-0.556633
0.362914
0.674901
0.200355
0.814910
-1.070880
-0.481463
0.169188
-0.046608
-0.284466
0.303148
-0.624381
-1.475194
-0.220372
-0.637946
-0.784699
-0.267172
-0.169861
0.462320
-0.068239
-0.222845
-0.614173
-0.030517
-0.209030
-0.820450
0.914450
-0.115603
0.338546
0.183233
0.629427
-0.082526
-0.087440
0.080723
-0.166944
-0.403427
0.582942
-0.933954
-0.114630
-0.412877
0.317197
0.180497
-0.210434
0.230518
0.243678
-0.262768
-0.041149
-0.030533
0.111879
0.611575
0.306515
0.114229
-0.218977
0.776812
-0.384363
-0.367035
0.099895
-0.089789
-0.060696
0.008915
0.503205
-0.011929
1.531891
0.421750
0.111707
-0.715503
0.309253
-0.876323
-0.549041
0.617012
1.101348
0.635785
-0.368610
0.423715
0.588082
-0.329221
0.112895
0.048269
1.374823
-0.155051
-0.405904
-0.068646
0.614315
0.021752
0.497814
0.508624
-0.275855
0.524122
-0.747410
0.899492
-0.102094
-0.532793
-1.024971
-0.286545
-0.770704
0.283216
-0.020698
0.397289
0.538461
-0.254623
0.616335
1.500021
-0.645186
0.035362
0.708819
1.020351
-0.482342
-0.103406
-0.650483
0.276495
0.332809
0.203895
0.640169
0.302905
0.042120
0.630942
-0.517096
0.434649
0.122835
0.308415
-0.340684
-0.349040
-0.282805
-0.878049
-0.233035
0.071004
-1.196137
-0.233685
0.561266
-0.443689
0.389577
-0.271629
-0.629113
0.793166
0.434563
-0.036387
-0.028526
0.199410
0.855250
0.502003
-0.324389
-0.441854
0.045212
-0.813909
-0.443477
-0.339749
0.194844
0.001879
0.793380
-0.526149
-0.250587
-1.537364
-0.292104
0.118132
0.329014
0.031841
0.299058
-0.230319
-0.792584
0.078580
-1.205858
0.357128
-0.309068
-0.120453
0.056276
0.022148
1.101415
-0.303680
0.595633
-0.199301
0.258490
0.298948
0.158426
-0.507622
-0.781766
0.299876
-0.336703
0.087597
-0.144928
-0.319812
0.548999
0.314234
0.228564
-0.556230
-0.361942
-0.653709
-0.903144
-0.333466
-1.022386
-0.617578
0.066682
0.512991
0.640463
0.147835
-0.476163
0.197834
-0.084775
-0.215880
-0.264534
0.201632
0.416853
1.795401
-1.185409
-0.663103
1.017107
0.033884
0.707380
-0.456297
-0.020189
0.481930
0.748802
-0.439936
0.061191
0.557222
0.806924
0.336537
0.529501
0.440121
-0.253301
0.439132
0.251665
-0.204197
-0.436161
-0.233229
0.601039
-0.309932
-0.473636
0.687128
1.048411
-0.815110
0.001332
-0.479463
-0.066449
0.055179
0.207613
-0.192034
-0.344890
0.548770
-0.163847
-0.487134
-0.306943
0.110758
-0.250073
-0.311845
0.452897
0.175121
0.618387
-0.630719
-0.114078
-0.645312
-0.266208
-0.385566
0.246616
0.287542
-0.076327
0.186415
0.000661
0.410633
0.177085
0.145446
-0.451736
-0.041394
-0.628175
0.131601
0.823205
-0.587041
-0.089097
0.359954
0.072161
0.211255
0.038933
-0.030524
-1.069798
0.270901
0.251448
0.489871
-0.327717
-0.233188
0.186569
0.103796
-0.809668
0.037789
-0.624256
0.367183
-0.460828
-1.883894
0.076764
1.297840
0.144820
-0.644312
-0.153179
0.770490
-0.093710
0.244234
-0.876693
0.341850
-0.113314
0.637265
-0.062100
0.410758
0.871085
0.488215
-0.058521
0.770563
0.118114
0.339150
0.480818
0.006386
-0.165462
-0.636888
0.958029
-0.391213
-0.191376
-1.125933
0.409861
0.469917
-0.950526
0.164353
0.189656
-1.044542
0.009289
0.180668
-0.289396
0.638810
0.101351
0.597641
0.020098
0.333574
0.012469
0.941491
1.753797
-0.232886
0.756056
-0.384334
0.095990
-0.915209
-0.723624
-0.165845
0.465079
0.658054
0.863991
-1.200822
-0.459538
-0.352556
0.023470
0.314883
-0.260627
0.499218
1.101790
0.816754
0.007957
-0.573257
0.046244
0.503796
-0.863067
-0.212771
-0.751107
0.303343
0.665367
-0.176456
0.723111
-0.095773
-0.197323
-0.067905
1.329290
-0.155294
-0.177102
-1.412901
0.134859
-0.127130
0.081154
0.591053
-0.034074
0.199069
0.181956
0.876535
-0.324272
-0.304011
0.495781
-0.267980
-0.570559
-0.002548
-0.241451
0.754327
-0.353709
-0.716811
0.000356
-0.218321
-0.104985
0.029445
0.037646
0.442151
0.612583
0.220524
-0.432635
-0.458502
0.964764
-0.630105
-0.585828
0.952435
-0.642468
-0.362468
-0.758110
-0.612061
-0.449804
-0.337421
0.190881
0.497019
-0.613386
-0.729614
-0.601563
-0.654560
-0.315279
-0.188251
0.273534
-0.035837
-0.164105
0.079394
0.156082
0.153257
0.238925
-0.089594
0.574419
0.797102
-0.300552
-0.255131
-0.434980
0.890401
-0.448403
-1.243225
-0.182157
0.201976
0.540441
-0.746921
-0.007739
-0.398316
-1.155947
0.196176
-0.336632
-0.216865
0.103038
-1.139620
-0.039759
0.653328
-0.367974
-0.532283
0.214003
0.185138
0.307161
0.478186
-0.132484
0.080223
-0.167526
-0.063042
-0.563867
0.110398
-0.404398
0.385679
0.355507
-0.175089
-0.971951
0.563768
-0.235796
0.730809
-0.404485
0.646496
0.533140
0.095592
0.230600
-0.069321
0.024734
-0.415147
-0.611439
0.137327
-0.954820
-0.097788
-0.345302
-0.005874
0.106792
-0.091772
-0.020187
-0.162604
-0.254839
0.629377
-0.655827
0.266359
-0.211689
-0.070122
0.058558
-0.863994
-0.087423
0.644907
0.874874
-0.786470
0.338024
0.875513
0.947352
0.325896
0.336165
-0.331628
-0.485165
-0.830609
-0.175342
0.039533
0.059498
-0.664962
0.116257
0.100774
-0.149458
0.257230
-0.413254
0.349693
-0.622914
-0.030093
0.689891
0.758730
-0.241332
0.083374
0.076421
-0.361725
0.966979
0.026789
-0.028774
-0.036904
-0.996708
-0.265521
-0.152200
0.394728
0.660801
-0.402587
0.243948
0.269436
-0.863669
0.317256
0.359994
-0.548977
0.503504
-0.136381
0.388802
0.021774
-0.268053
1.261808
0.361428
0.314619
-0.649639
-0.221640
-1.332063
0.419504
-0.385112
-0.510674
-0.605889
-0.532204
0.665130
-0.443013
-0.349375
-0.210465
0.332486
-0.085910
-0.999662
0.835532
-1.210910
0.069983
-0.311577
0.063130
-1.007487
0.683499
0.420218
-0.178966
-0.177090
