0.123140
-0.521154
-0.579441
-0.989357
-0.775428
0.530612
1.178088
-0.652786
0.153996
-0.053768
-0.524046
-0.400898
0.151005
-0.200921
-0.312323
0.000512
-0.443233
-0.277523
0.994056
-0.140727
-0.530868
0.661621
-0.111137
0.093949
-0.866531
-0.031687
0.940194
0.409083
-0.263936
-0.331669
0.261031
0.144221
-0.820531
-0.479439
-0.103181
0.389580
-0.865049
-0.401530
-0.960682
0.568544
0.597030
-0.474508
0.644493
0.088661
0.244522
0.953763
0.362546
-0.002704
0.762074
-1.126056
-1.030563
0.283060
0.093381
-0.047072
0.208743
-1.402729
0.012726
-1.001574
-0.858383
-0.339439
0.018236
-0.257563
-0.797542
-0.009368
0.283886
0.179297
-0.484823
0.900064
-0.482561
-0.317836
-0.126307
-0.761871
0.143922
0.459560
0.098876
0.355264
0.608613
-0.341881
0.396103
0.845372
-0.728210
-1.137009
0.048449
-0.038599
0.402140
-0.871677
-0.679292
-0.072093
0.671219
-0.153990
0.432961
-0.875475
-0.686769
0.364213
-0.228446
-0.464989
0.078932
0.157556
-0.940621
0.194618
0.195410
-0.273645
0.156558
0.623849
-0.506426
-0.603590
1.064533
0.679552
-0.066320
0.282918
0.197124
-0.128171
0.149068
-0.165865
-0.204291
-0.471157
1.156983
0.132785
-0.196268
-0.050041
0.694734
1.365927
-0.109343
-0.325955
1.085236
0.026033
0.171038
-0.225077
0.226646
0.423735
0.045008
-0.040059
-0.431183
1.075434
-0.905740
0.274332
-0.558972
-0.734011
-0.731420
0.498220
0.237158
-1.145169
0.315619
0.271631
0.598809
-0.577938
-0.384570
1.425345
0.274628
-0.805885
-0.222260
0.238728
-0.075426
-0.301102
-0.083933
0.970641
-0.434312
-0.558808
-0.540124
0.286584
-0.317362
0.035155
0.528337
0.312193
-0.293530
0.142236
-0.207985
-0.409963
-0.051106
-0.297456
-0.863589
-0.779635
0.395440
0.584161
-0.806925
0.465267
-0.130612
0.927223
0.704767
0.176605
0.514563
-0.268343
-0.052669
-1.319410
-0.174157
0.064502
-0.530444
-0.463771
-0.243574
-0.000422
-0.443996
-0.466249
-1.230737
-0.755443
0.221141
-0.828825
-0.943116
0.039662
-0.352703
0.227843
1.148009
0.679747
0.313595
0.514281
0.072519
0.193478
0.420578
-0.546894
-0.295116
0.094808
-0.051678
-0.370988
-0.640250
-0.006123
-0.696941
0.771824
0.174192
0.453866
0.419254
-0.065925
0.677457
-0.101279
0.717988
0.076338
0.083736
0.515283
-0.368531
0.838027
-0.159578
-0.816471
-0.280357
-0.363444
-0.136839
0.005717
-0.572125
0.060170
0.389832
0.044216
0.478721
0.101298
-0.319935
-0.444600
0.007505
-0.647897
0.544374
-0.794295
-0.189517
-0.145617
-0.336206
-0.140427
0.080842
0.085299
-0.196532
-0.828897
0.217464
0.387535
0.528115
-0.500199
0.376149
0.477449
-0.487736
-0.361333
-0.498836
0.151574
-0.219646
-0.103990
0.161979
-1.061063
0.807080
0.291760
-0.668851
0.172890
-0.363498
0.290862
-0.081417
-0.012953
-0.562898
-0.387794
-0.164891
0.883467
-0.006890
-1.038387
0.544089
-0.242145
0.386233
0.035404
0.012607
0.617129
1.092242
0.062080
0.036635
-0.007558
0.685129
0.449397
-0.403137
0.894370
-0.523606
0.301917
-0.494506
-0.889982
0.673869
-0.521240
-0.397160
-0.014792
0.348129
-0.309191
-0.016611
0.018287
-0.786360
0.466756
-0.603288
0.731294
-0.192994
0.442795
0.644941
0.724640
-0.076192
0.549343
0.389293
-0.024062
0.125871
0.530419
-0.714562
-0.413598
0.532757
0.428305
-0.294470
-0.754097
1.110915
-0.342517
0.446027
-0.773403
0.583954
-0.273730
0.299911
0.872556
0.370404
-0.337073
-0.266593
-0.202581
0.731006
-0.053818
0.614885
-0.383399
0.299611
-1.122370
0.096754
-0.256604
0.321911
-0.069515
-1.084401
-0.101418
-0.241412
-0.236270
0.304393
0.357333
0.535904
-0.370219
0.801170
0.023262
0.301574
0.165921
0.401541
-0.717803
0.256737
-0.288864
-0.365049
0.028227
-0.754585
0.231071
0.352274
-0.283030
0.725606
1.083849
1.067582
0.358858
-0.698880
0.494278
0.124764
-1.214741
0.333552
0.783750
-0.601915
0.716182
0.689011
-0.166568
-0.085494
0.908751
0.091537
-0.844946
0.073943
1.157035
-0.140755
-0.760062
0.008821
0.218054
0.582650
0.487406
-0.124563
-0.836879
-1.381720
-1.323841
-0.800917
-0.617610
0.438023
-0.694746
0.045053
0.148223
0.004892
0.068812
0.116583
0.473852
0.545731
0.345857
0.288648
-0.259196
0.053838
0.200054
0.104653
-0.427710
0.249559
-0.248270
1.103885
-0.066233
-0.179170
0.560997
-0.783515
-0.237378
0.079016
0.240269
-0.103448
0.946706
0.183023
-0.507065
-0.214554
0.466585
0.326365
-0.381325
0.864875
0.349456
0.075023
0.508231
-0.798278
-0.365895
1.001401
0.039672
-0.249404
0.428885
0.649788
0.155986
-0.108622
-0.034020
0.228896
0.211413
-0.971428
-1.934958
-0.217203
0.260112
0.419170
-0.784354
-0.669954
-0.387153
0.254577
0.678487
-0.497437
0.402575
-0.548401
-0.352281
0.071746
0.796935
0.243626
-0.231008
-0.131387
0.212614
-0.040986
-0.640439
-0.738386
-0.249936
-0.376942
-0.266909
0.586509
-0.926435
-0.145579
0.302244
-0.419117
-0.086577
-0.705076
0.034036
-0.525230
0.436829
1.113412
0.219641
-0.562821
0.703684
0.998023
-0.668487
0.260399
0.676458
-0.643053
-0.125065
-0.502767
0.988414
-0.326779
-0.051684
0.640966
0.419020
-0.583013
-0.407436
1.016095
-0.131736
0.332515
0.519022
0.063159
-0.888076
-0.533352
0.019839
0.040984
0.925365
0.761789
0.894199
-0.252216
-0.392785
-0.463180
-0.381087
0.298169
0.084900
-0.027561
-0.008347
0.510925
-0.286955
-0.552165
-0.107179
-1.445105
0.171570
-0.030596
0.539525
0.166308
1.009001
0.154640
-0.361208
-0.175480
0.526490
-0.301971
-1.049165
-0.409327
0.088230
0.353664
1.045222
-0.712977
-0.005405
0.593389
-0.453993
-0.614675
-0.006021
-0.090347
0.313854
-0.423738
0.494356
-0.450591
-0.449560
0.577489
0.428012
0.118629
-0.089491
0.536698
0.671714
-0.246174
0.207150
-0.054562
0.021279
-0.217310
0.254146
0.077866
0.183019
-0.405015
0.364386
0.741618
-0.305634
0.320923
0.030744
0.421197
0.236438
0.229949
-0.052623
-0.289520
-0.600087
-1.184107
0.282623
-0.178217
-0.345814
-1.059784
-0.100102
0.979833
-0.445601
-0.349418
0.431319
-0.422008
-0.520406
-0.634298
-0.058014
0.445050
0.488210
1.480173
0.529330
-0.031886
-0.603709
0.144490
0.652320
-0.120802
0.354482
-0.443910
0.651003
0.127422
0.142077
-0.790897
-0.106481
-0.386042
0.100483
0.573336
0.249940
-0.722030
0.447456
-0.804267
-0.744895
0.371847
-1.283310
0.639794
-0.054938
0.672383
0.963460
1.037580
1.165551
-0.229361
-0.588599
0.126169
-1.132614
0.752492
0.108246
-0.429219
0.667120
-0.209128
0.032432
0.325223
0.531697
0.363258
-0.455811
-0.753694
-0.888334
-0.420845
0.811183
0.204857
0.619130
0.204771
-0.058433
0.467295
0.047456
-0.184712
-0.258612
0.601455
-0.209943
0.252661
-0.842333
0.374095
-0.455692
-0.422546
-0.216678
-0.135683
-0.472175
-0.206672
0.408618
-0.558560
-0.352425
-0.572375
0.009406
-0.955867
-0.602848
-1.008111
0.198375
-0.494190
-0.382864
0.528919
1.565592
0.250902
-0.219264
0.832362
0.905869
-0.006425
-0.038531
0.190224
-0.251861
0.102208
-0.664762
-1.256478
-0.104445
-0.290168
-0.699441
-0.176631
-0.370099
0.655286
-0.339223
-0.947788
0.112285
-0.020736
0.501108
-0.081004
-0.195548
-0.163984
0.083170
0.418515
-0.016835
-0.227638
0.038412
-0.028369
-0.420723
0.126731
-0.708859
-0.810785
-0.109778
1.285344
-0.063178
1.282657
-0.328989
-0.602196
0.057799
-0.222625
0.512547
0.066138
-0.018710
-0.534603
-0.272547
-0.319142
0.162649
-0.251016
-1.509162
0.249965
0.379604
0.375096
-0.030084
0.521025
-0.160972
-0.386254
1.392885
-0.466963
-0.913620
-0.531386
-0.421563
0.296783
-0.496631
0.210829
-0.174742
-0.397365
-0.865080
0.314541
0.142574
-0.121447
0.191379
-0.565097
0.369833
-0.061447
-0.255553
0.045675
-0.750259
0.433301
0.077472
0.242290
0.458640
0.081407
0.260229
0.327490
-0.964777
0.061185
-0.556841
0.234532
-0.128214
-0.293730
0.028622
0.301922
-0.463174
-1.000970
0.929782
0.199654
-0.317885
-0.158862
0.134169
0.569696
-0.233569
-0.282427
0.238261
1.037016
0.768517
0.103683
-0.001228
-0.432906
0.240386
1.195181
-0.574188
-1.033111
0.320001
0.676217
0.356767
0.480388
0.031966
0.717261
0.556452
-0.038558
0.006389
-0.682952
-0.914507
0.095924
0.558048
-0.111762
1.261606
-0.305061
-0.961194
-0.188950
-0.315823
-0.155593
-0.017235
-0.543076
0.918534
0.056181
0.085461
0.528134
0.524059
0.060551
0.311975
-0.531703
0.263396
0.685631
-0.273453
-0.211462
0.827614
-0.060228
-0.603118
0.602903
-0.673804
-0.140798
-0.142571
-0.684868
0.125469
0.092796
-0.158010
0.786711
0.239340
0.971527
1.739540
0.228499
0.420408
-0.832022
-0.237122
0.410400
0.449910
0.283171
0.202215
0.394002
-1.429617
-0.983206
0.256431
0.645255
-0.850341
0.362909
-0.165713
0.003645
0.930640
0.345616
-1.007797
-0.797469
-1.208173
-1.094505
-0.079876
-0.229398
-0.170583
0.399767
-0.322083
0.770671
0.168322
-0.595732
-0.384889
-0.876073
-0.539824
0.312652
0.287692
-0.178562
0.876323
0.262074
-0.658981
-0.596092
-0.781718
-0.444845
0.613494
-0.430834
0.085084
0.116974
0.802223
0.584238
0.178420
-0.029328
0.080257
0.360718
-0.061027
0.291711
0.115684
-0.121217
0.277073
-0.708732
0.524967
0.635374
-0.163822
-0.346315
0.377628
0.504899
-0.355564
0.910251
0.085025
0.045334
0.296316
0.091839
0.008709
0.284895
0.039301
0.012833
0.393683
-0.490504
0.121486
-0.538713
-0.851721
0.212520
0.111116
-0.523698
-0.839201
-0.987283
0.041198
-0.308328
0.325507
0.470760
-0.787030
-0.200380
-0.262154
0.963143
0.749649
-0.325604
0.134776
0.487433
0.518431
0.596399
0.624819
0.378365
0.680209
0.805920
0.059425
-0.058505
0.989074
0.778965
-0.085966
-0.143861
-1.035135
0.238679
0.647692
0.360328
-0.442669
0.197325
0.201809
-0.406712
-0.622407
-1.306433
-0.007073
0.038023
-0.361669
0.633287
0.478661
0.470946
0.483975
-0.628875
-0.052117
0.562685
-0.088209
0.202042
0.575040
-0.186474
-0.476012
-0.082807
0.030310
1.102761
0.396654
-0.931193
1.032396
-0.723973
0.429569
-0.941526
0.754556
-0.531127
-0.766783
0.531416
-0.375703
-0.288881
-0.568905
-0.731503
0.398387
-0.793370
-0.223009
-0.672103
0.037024
-0.118943
0.237907
0.817397
0.550476
-0.689250
0.014962
-0.105235
0.434286
-0.102894
0.007601
0.050187
1.508528
1.052607
-0.059558
-0.820831
-0.106587
-0.119025
-0.113788
0.560395
0.182866
0.048630
-0.345385
-0.193930
0.181753
-0.163877
0.279223
0.508846
0.490894
-0.338326
-0.146247
0.366957
-0.732734
1.106563
-0.139348
-0.478515
-0.120931
0.154278
1.035819
-0.921912
0.023046
0.509244
-1.106712
-0.165609
0.186778
0.297547
-0.438119
-0.091860
-0.609252
-0.307685
-0.634633
0.146489
0.246310
0.135627
-0.077990
0.193364
0.163373
-0.275585
0.487924
0.250291
0.479206
-0.168772
0.312790
-1.065686
-0.576476
0.395274
0.175005
-0.381842
-0.678429
0.122726
0.413218
-0.202982
-0.100412
0.720230
-0.756040
-0.482561
-0.330902
0.114403
-0.517264
-0.006444
-0.344882
0.265995
0.410941
-0.148020
-0.934158
-0.257552
-0.417639
0.748184
0.556132
0.579995
0.057373
-0.144355
0.446521
-0.444359
-0.430820
0.620598
0.522430
-0.142789
-0.161277
-0.191890
0.112175
-0.832156
0.661310
0.244332
-0.970160
0.225060
-0.209007
0.481592
0.502049
-0.079241
-0.964076
0.400325
-0.587445
0.390565
-0.270709
0.075971
-0.534300
-1.208698
-1.083039
0.763081
0.803863
0.118908
0.383657
-0.087067
0.026486
0.228028
0.195043
-0.588105
0.458064
0.341827
-0.007366
-1.134581
-0.188258
-0.822557
-1.032303
0.536935
0.155395
0.342414
0.704040
-0.093780
0.605313
0.599144
-0.392631
0.851842
-0.370841
0.449524
-0.487997
0.105487
0.551019
0.474409
-0.209891
0.964196
0.440770
0.439941
0.002183
1.259799
0.798052
1.101485
0.079756
0.349809
-1.165323
-0.581846
0.669906
0.079166
-0.170388
-1.278117
-0.534823
-0.316503
-0.541074
0.105409
-0.323034
-0.957494
-0.512166
-0.708059
-0.370536
-0.424905
-0.595258
-1.174117
-0.581762
-0.736029
-0.696664
-1.878693
-1.763598
-1.001903
-1.095899
-0.290991
-0.679401
-0.335356
-0.491839
0.462627
-0.367460
0.441039
0.823466
0.216515
0.209211
0.201184
0.626404
0.824686
0.247516
1.327224
0.318189
1.636350
0.928588
0.754087
1.924348
1.163284
1.290833
0.684966
0.542490
0.461302
0.255020
0.323885
0.919687
1.111224
-0.125165
-0.139034
-0.347804
0.101247
0.273021
-0.935629
-0.840394
-0.355707
-1.105445
-0.513022
-1.573095
-0.270181
-1.037763
-0.350252
-0.708635
-1.154803
-0.294560
-0.881241
-0.515325
-0.724236
-0.241350
-0.585362
-0.388952
-1.496867
0.111403
-0.173336
-0.342560
-0.158943
0.844479
0.754379
-0.263866
-0.139576
1.027345
0.299958
0.282461
1.238742
0.708172
0.797105
1.167378
-0.046914
0.298610
-0.391091
0.412454
-0.053876
-0.341794
0.644909
-0.618791
0.207251
0.540089
-1.068574
0.971964
-0.160466
-0.667105
0.930606
-0.639235
0.007617
-0.428846
-0.351936
0.036561
-0.531707
0.598121
0.312425
0.411810
0.576291
-0.732862
0.658134
-0.071218
0.222019
-0.836573
-0.102413
0.264063
0.554955
0.553532
0.601885
0.335073
0.584433
1.196026
-0.592282
0.847244
0.326219
-1.017046
-0.271637
0.073869
-0.912031
-0.638982
0.593055
0.295284
-1.051650
-0.432021
-0.525860
-0.472257
-0.016710
-0.507949
-0.552807
-0.158871
0.417060
0.477070
0.760432
-0.699888
-0.372406
0.644114
-0.223452
0.830972
0.703848
0.463515
-0.574786
0.519788
0.622743
0.641808
1.066868
-0.154305
-0.174674
0.129928
0.639384
-0.056530
-0.190706
-0.618011
0.362758
0.565407
0.254595
-0.705976
0.212032
-0.805332
-0.464236
-0.169048
0.222588
-0.409925
-0.267783
1.128954
-0.848282
-0.185396
-0.439074
0.357817
-1.226302
-0.405617
0.596591
-0.292988
0.092083
0.562596
-0.066820
-0.421819
-0.446667
0.475445
0.275387
-0.107158
-0.158718
-0.613473
-0.490887
0.996850
-0.488331
0.027722
-0.159766
-1.076390
-0.422419
-0.394072
0.114433
-0.872381
0.720627
-0.497922
-0.147306
-0.509467
-0.318485
0.833248
-0.045323
0.259858
-0.158220
-0.047650
0.670005
-0.083441
0.452821
0.099670
-0.336492
-0.045638
0.285519
1.077405
-0.120808
-0.089816
-0.500079
0.893703
0.167059
-0.803021
0.092605
0.832151
-0.322082
0.577801
-0.659023
0.653894
0.658419
1.067768
0.247166
-0.165330
0.266235
-0.000242
0.328054
0.306946
-0.257450
0.848139
-0.607758
0.974546
0.274515
1.408388
0.021265
0.495573
-0.533443
-0.620607
-0.226110
0.685934
-0.083595
0.431492
0.374902
0.303275
0.613288
-0.145069
-0.821320
0.096129
0.346175
-0.274664
-0.013964
-0.491654
-0.082901
-0.783212
0.013907
-0.278398
0.451784
-0.152832
0.154096
0.359625
-0.707588
-1.035082
0.412923
0.196004
-0.230246
-0.286542
0.505616
-0.042024
-1.007490
0.530217
0.696632
0.302172
0.410422
-0.121601
-0.477625
0.642173
-0.636431
-0.150790
-0.420194
0.136997
0.595322
0.674779
0.001793
-0.164517
-0.730690
0.910070
0.276224
0.043009
-0.197218
0.838924
-0.332907
-0.058381
-0.227980
0.104781
-0.388095
-0.196707
0.742169
-0.607565
-0.248332
-0.103236
-0.190396
-0.697481
-0.246985
0.493268
0.651342
0.672300
-0.319529
0.125498
0.579209
-0.479046
0.029532
0.226298
-0.268712
-0.469123
0.101565
0.032711
0.665928
-1.112869
-0.270043
0.273324
-0.550089
0.122790
0.283346
0.900316
1.038745
0.190928
-0.227463
0.355259
-0.595420
0.422224
-0.623598
0.043359
0.301723
0.184247
-0.660775
-0.669452
0.316574
0.002602
0.377215
-0.167860
0.057511
-0.372216
-0.505476
0.069735
0.586043
-0.204426
-0.877529
-0.694778
0.578548
0.623846
-0.163946
-1.037493
0.138101
-0.487508
-0.094281
0.065427
0.542307
-0.052355
0.786797
0.776603
-0.330023
-0.103456
-1.042926
-1.163971
-0.077588
-0.388009
0.530538
0.471850
0.395038
-0.531514
-0.175128
-0.649626
0.690604
-0.279267
0.001506
0.250880
-0.111134
0.703962
0.652046
-0.115614
-0.561068
0.286180
0.165849
0.479991
-0.086104
0.403061
0.485954
0.135803
-0.521960
0.401458
-0.109726
0.458878
0.926296
-0.364143
-0.764915
-0.494860
-0.156994
1.333806
-0.032136
-0.526923
0.836891
-0.782189
-0.359988
-0.377704
-0.159018
-0.498935
-0.462507
0.480803
0.344588
0.505646
-0.040039
1.019704
-0.221665
-0.083069
0.531322
0.439771
-0.377582
-0.153920
0.631574
-0.152724
-0.448635
-0.421088
0.299127
-0.480564
-0.075741
0.321641
-0.272848
-1.065943
-0.494019
-0.124204
-0.031906
-0.621604
0.078272
-0.292372
0.468335
0.328002
0.107613
0.631686
-0.413923
-0.200154
-0.292132
-0.576458
-0.050926
0.289686
0.539818
0.608457
-0.347831
0.007466
0.422182
-0.982456
0.602556
-0.712000
0.951137
-0.013914
0.114069
0.042051
-0.422277
-0.152939
-1.014444
0.379099
-0.212234
0.366038
-0.485286
1.311728
-0.267025
-0.295933
1.014647
-0.384103
-0.259053
0.088410
0.547398
0.128445
1.170359
0.058223
0.689380
0.714989
-0.516723
0.875649
0.201405
0.347351
0.151859
-0.132433
-0.711283
-0.375977
-0.208586
0.759991
0.877524
0.348427
-0.690602
-0.261357
0.881387
0.825007
-0.222211
0.290212
0.421503
-0.117463
0.272282
0.201133
1.102192
-0.941202
-0.160062
-0.542192
-0.611088
0.282215
-0.208478
0.532255
-0.329366
0.323333
0.285795
-0.539881
-0.112296
0.634189
1.065220
0.062818
-0.192339
-0.914553
-0.333259
-0.438978
-0.411833
-0.029391
-0.451745
-0.045400
0.098195
1.051988
0.383549
0.194609
0.462087
-0.079361
-0.620750
-0.756311
-1.001217
0.382942
-0.812437
-0.518154
0.131948
0.810243
-0.406782
-0.191896
0.593745
0.594766
-1.059664
-0.002811
-0.455082
-0.238246
-0.356118
0.247998
0.223561
0.813533
1.047092
-0.755551
0.226281
1.046846
-0.483981
0.276128
0.522743
-0.264729
0.546376
0.270879
0.379443
0.704797
0.324600
0.959123
0.371999
-0.003472
0.658775
0.021820
-0.571092
-0.369523
0.726873
0.631957
0.147378
1.036589
0.627519
-0.426143
-0.313345
0.209553
-0.225818
-0.689647
-0.280743
0.672217
-0.630009
-1.095335
0.161999
0.401198
-0.567539
-0.572726
0.692068
0.725882
0.363204
0.445057
-0.312776
1.266188
-0.404928
0.060568
-0.510795
-0.074236
-1.010981
0.279146
0.564349
0.888865
-0.091521
-0.933629
0.147552
-0.618803
0.040451
-0.059203
-0.626642
-0.143633
0.153452
-0.821519
0.161998
-0.079283
0.329454
-0.594878
-0.242580
-0.434849
-0.232156
-0.290693
-0.486925
0.013785
-0.836732
-0.020779
-0.275570
0.144736
0.206624
-0.858730
-0.746053
-1.504129
0.189295
0.489857
0.744558
0.708077
0.258912
-1.197361
-0.042427
-0.713829
0.960485
-0.636138
0.835624
-0.081002
0.269596
-0.840255
-0.449999
0.516310
-0.401153
0.290824
-0.414036
0.040224
-1.024598
1.007218
-0.032216
-0.777266
0.085932
-0.561686
-0.567596
-0.895822
-0.147919
-0.418519
0.109945
-0.303949
-0.346474
-0.036430
-0.291252
0.200547
-0.011796
-0.178731
0.132863
-0.549277
0.068232
-0.494958
-0.567974
-0.029507
-0.309118
-0.158539
-0.538512
1.461801
-0.213423
-0.686310
-0.747002
0.265208
-0.173174
0.581633
-0.654899
-0.404031
-0.556596
0.339766
0.303706
0.718740
0.798736
0.318544
-0.418232
-0.202841
0.194777
-0.019717
-0.003802
-0.238810
-0.100750
0.576112
0.044161
-0.952934
0.626227
0.897369
-0.420151
0.067906
0.363635
-0.353431
-0.768705
-0.091960
0.262774
0.276041
0.900762
0.584803
-0.095637
-0.685946
0.747796
0.521441
-0.590712
0.044291
-0.183311
-1.253839
-0.135414
-0.008916
0.205601
0.297630
0.022604
0.300048
-1.512126
-0.087832
0.519627
0.657726
-0.170485
-0.513279
0.501203
-0.075808
0.722640
0.039426
-0.339331
-0.092063
-0.136318
0.466518
0.407330
0.181300
-0.408763
0.155222
0.308000
0.993945
1.044911
-0.211514
0.575733
0.134061
-0.661348
1.272867
-0.003491
-0.430521
1.538343
-0.321765
-1.374444
-0.246119
0.214602
-0.033694
0.536024
1.096529
-0.372373
-0.135780
0.343057
0.020096
1.079923
0.444639
0.612436
0.297317
0.584799
-0.790530
0.328806
-0.409163
0.563831
0.145890
-0.184772
0.723437
0.790602
0.250790
-0.767764
-0.733409
1.067453
0.466322
-0.535026
0.054076
0.037395
0.567733
-0.095935
0.653536
0.319109
-0.680311
0.681698
-0.115742
0.207949
-0.566992
0.253975
-0.006773
-0.423501
0.667260
-0.597637
-0.551072
0.115787
-0.399789
0.746475
0.286380
-0.215753
-0.535961
-0.402493
0.155831
0.581180
-0.028769
-0.454352
-0.595234
0.082296
0.865862
-0.752888
-0.366773
-0.340750
-0.107720
-0.401606
-0.694650
1.198072
-1.017247
0.065459
-0.486726
-0.233244
-0.461561
0.041873
-0.229399
0.710398
0.151143
-0.913221
0.386140
-0.629851
-0.231502
0.245915
-0.341482
0.694895
0.243143
0.000021
-0.609563
-0.233529
0.199598
0.311945
0.262125
-1.127912
-0.738769
0.084689
0.000931
-0.625023
0.047110
0.091449
-0.399768
0.265549
-0.222734
-0.658288
0.874740
-0.271503
-0.344020
0.455108
-0.397416
-0.369942
0.242163
0.907985
0.555982
-0.129803
-0.088479
0.488029
0.337351
-0.362122
-0.957730
0.813031
-0.530424
0.898728
0.172117
0.155161
-0.411639
0.207372
-0.001801
0.201529
-0.821046
0.352429
-0.515492
0.446451
0.553381
-0.712454
0.235308
0.575920
-0.137746
0.462219
-0.367010
-0.023002
0.294784
0.075214
0.015865
-0.434840
0.078206
-0.728283
0.229778
-0.368806
-0.192636
0.402150
0.213051
-0.220471
-0.336129
-0.055614
-0.701679
0.282797
-0.094617
-0.452673
-0.640272
-0.108157
-1.640484
0.047656
-0.941593
0.087123
-0.248463
0.023148
0.141749
-0.133963
-0.913320
1.049374
-0.712289
0.311766
-0.247431
0.311226
0.553763
0.610407
-0.321148
-1.397392
-0.006314
0.609200
-1.467578
0.030397
0.257163
-0.620724
0.042609
0.125990
-0.647613
-0.103680
0.418235
-0.435886
0.853944
-0.691046
-0.010878
0.500558
0.450623
0.065060
-1.074887
-0.429523
0.224674
0.500497
-0.043207
-0.642489
0.134785
-0.160362
-0.695721
-0.463049
-0.330517
0.593666
0.494382
0.009289
0.126036
-0.797751
-0.059870
-0.678546
0.854251
-0.870144
-0.572554
0.733411
-0.415651
-0.873446
0.196476
-0.232326
-0.023474
-0.736282
0.656557
0.003662
0.344144
-0.529246
0.538182
-0.363803
0.450078
-0.022666
-0.751734
0.200634
0.427131
-0.243248
0.284825
0.830702
0.285522
-0.111354
0.345594
0.170081
0.582957
0.067140
-0.280438
1.291492
-0.120848
-0.244258
0.228279
-0.715970
0.426531
0.160054
-0.263224
0.563477
-0.483347
-0.597765
1.076248
0.358518
0.923122
-0.726960
-0.473655
-0.268580
0.421520
-0.902223
-0.394863
0.513543
0.117050
0.080063
0.493534
-0.365158
-0.132471
-0.577184
0.098427
1.003794
0.460039
-0.522703
0.009694
0.481944
-0.043139
-0.301984
-0.406053
-0.270129
0.368097
-0.735787
-0.643038
-0.289914
-0.142450
-0.110983
-0.331111
0.021823
-0.922824
-0.129100
-0.583557
0.024321
-0.701533
-0.285638
-0.380415
0.384071
-0.000900
0.621201
-0.214011
0.219144
0.802908
-0.295081
0.006351
-1.060530
1.044497
-1.528859
-0.491561
0.226446
0.035566
1.078627
0.096579
0.782852
0.415617
0.129856
-0.085857
0.696493
0.454275
-0.009146
0.334554
-0.375684
-0.049943
-0.082099
-0.606060
0.049794
0.406190
0.223250
-0.191633
0.805119
-0.014803
0.223655
-0.184043
0.618784
0.932174
-0.529010
0.302697
-0.412726
0.028068
0.065388
0.000831
-0.190206
0.821496
0.141552
0.123986
0.264143
1.013001
0.081429
-0.357149
-1.048381
-0.316882
-0.409373
1.252744
0.115017
0.503097
-0.181592
-0.267057
-0.503765
0.131125
0.017090
0.368436
0.232993
0.333500
0.405151
0.070928
0.309017
0.676918
1.453033
0.193254
-0.067613
-0.693491
0.125404
0.164796
-0.672741
-0.512874
-0.270251
1.616974
-0.574700
0.451367
0.139641
0.047652
-0.016500
0.258023
1.166442
0.664308
0.532337
-0.523093
0.288028
-0.798493
0.434042
0.041757
-0.362656
-0.435960
-0.362203
-0.081274
-0.023438
-0.670633
-0.516973
-0.343811
0.175460
-0.498172
-0.864487
0.116924
0.512201
0.061394
0.753509
-0.149379
-0.129329
0.812396
-1.925875
0.144807
0.541618
0.070698
0.067898
0.613763
0.748358
-0.350449
-0.196586
1.357681
-0.215452
0.251357
-0.287693
0.359736
0.904671
-1.333645
-1.016202
0.050194
0.447962
0.665270
0.213662
0.665206
-0.444314
-0.772609
0.448412
-0.265146
-0.412040
0.090421
-0.251144
0.263688
0.622677
-0.880942
-0.634861
0.045780
-0.671070
0.839707
-0.414919
-0.286115
-0.263012
0.218679
0.694098
0.037929
-0.915159
-0.051452
-0.291891
-0.343499
-0.103974
0.158721
-0.447595
-0.244955
-0.245020
0.575002
0.426515
0.520059
-0.252735
0.152016
0.124299
0.154845
0.342136
0.431153
-0.042338
-0.939662
-0.430982
0.617342
-0.378462
-0.011168
-0.196653
-0.656492
0.329201
-0.738824
-0.096110
0.212441
-0.222842
0.004380
0.100349
0.295711
1.079313
-0.521255
0.824433
-0.874205
-0.358240
0.020229
0.291474
0.400262
0.439811
-0.373820
-1.412430
-0.349850
-0.059956
-0.316526
-1.253369
0.040235
1.994338
0.712077
-0.665759
0.118326
-0.161501
0.308629
0.545040
-0.415655
-0.207230
0.292029
0.032496
-0.030401
-0.111028
-0.113656
-0.269028
0.498173
-0.115986
-0.189991
-0.519042
0.950290
-0.512892
0.765023
-0.677593
0.073401
0.790763
1.355001
-0.199532
0.326256
-0.448610
-0.926161
0.498877
-0.176419
0.292050
-0.466218
0.364189
-0.856643
-0.994748
1.216548
-0.729352
-1.304061
0.595979
-0.325658
-0.184667
-0.683433
0.513901
0.171824
0.261882
-0.107556
-0.396603
0.584636
-0.152604
-0.857498
-0.337481
0.265674
0.217462
0.485278
0.823469
0.787143
-0.362906
-0.507420
-0.340371
-0.079655
0.231636
-0.071565
0.708351
-1.393395
0.650166
-0.041004
-0.765910
-0.093666
-0.477419
-0.026154
0.785346
-1.038302
0.228727
1.295855
-0.414491
-0.087981
-0.013852
0.393436
0.409005
0.321603
-0.192058
0.282787
0.424256
-0.189280
0.376034
-0.019028
0.475755
-0.255723
-0.455383
0.614425
0.062712
-0.299542
0.137009
-0.594485
0.540002
-0.730282
-0.529480
-0.423157
0.193032
-0.059729
0.249626
0.385055
0.177307
0.564455
0.332652
-0.611654
-0.395133
-0.415137
-0.265436
0.312529
0.655892
0.668519
1.570191
-0.269021
-0.028402
0.432454
-0.196596
-0.337839
-0.330160
0.059574
-0.591492
0.750540
0.493231
-0.012937
0.234872
0.610879
0.149183
0.866034
-1.040658
0.358919
-0.429930
0.295346
-0.764602
0.548765
0.304645
-0.001430
-0.868605
-0.664339
0.071206
-0.692709
0.310856
0.224364
0.372986
0.824448
-0.807015
-0.151626
0.104823
-0.322253
0.963523
-0.600008
-0.215278
0.274408
0.003051
0.072122
0.366062
0.728647
-0.676109
-0.169781
0.762680
0.230541
-0.347154
-0.132344
0.623535
0.057983
0.531768
-0.624205
0.186296
-0.139225
0.004099
0.329965
0.681596
0.032771
0.571711
-0.505754
0.255056
-0.143448
-0.622766
-0.786175
0.266828
0.294939
0.022782
-0.896023
0.767373
0.554916
0.174608
-0.531578
0.541342
-0.052394
-0.379702
0.298789
-0.858112
-0.359794
-0.127151
0.380866
1.217607
0.893553
0.654365
0.466833
0.409389
-0.147775
0.606242
-0.776592
-0.536158
-0.261916
0.448453
-0.202262
0.260628
-0.277609
-0.231131
0.282206
-0.113751
-0.056081
-0.654352
-0.678965
-0.445811
0.045581
-0.465727
0.318249
-0.835980
-0.477975
-0.177317
0.020732
0.020138
-0.725849
0.712747
1.445269
-0.923530
-0.330191
-0.050636
0.336037
-0.740247
-0.590239
0.043813
-0.507921
0.010787
-0.312877
0.346126
-0.180550
0.774952
0.179061
1.402214
-0.624476
1.252532
1.302129
-0.010753
0.641014
-0.280281
-0.682614
-0.305865
1.238291
0.632703
0.134362
0.900781
0.448291
-0.923520
0.124997
-1.057746
-1.463590
0.129653
-0.296065
0.387660
-0.234352
0.115551
0.366954
-0.311492
-0.479156
0.560997
-0.513096
0.279172
0.253480
0.810875
0.010708
1.605723
-0.247189
0.162499
-0.458837
-0.594458
-0.840723
0.289905
0.264125
-0.439410
-0.333390
-0.390113
-0.040828
0.278418
0.078191
0.125120
0.433167
0.117676
0.080672
0.395405
0.058181
-0.542068
0.115500
-0.499343
-0.068893
-0.092912
-0.970463
-0.319063
-1.094220
-0.016842
-0.532813
-0.023647
0.013931
-0.662719
-0.479829
0.206003
-0.348198
0.083914
0.424532
0.402480
0.672797
-0.798841
0.627356
0.260804
0.064315
-0.159544
0.883925
-0.426936
-1.004885
-0.158061
0.245344
0.167291
-1.041741
-0.212938
-0.069146
1.063442
-0.880257
0.338761
-0.594669
-0.381374
-0.378055
0.846320
0.506934
-0.982932
-0.573941
-0.603789
0.143028
-0.105450
-0.084166
-0.975822
1.128205
0.278414
-0.285228
-0.454273
0.417118
0.296100
-0.447089
-0.455481
0.934253
-0.125504
-0.065693
-0.468125
0.589102
0.121375
-0.257328
-0.201100
0.093553
0.510397
0.751556
-0.222082
0.074768
0.169077
0.411088
0.395004
0.444457
-0.124531
0.129867
-0.055394
-0.048279
0.583283
0.525103
1.211412
-0.155111
-0.088613
-0.759527
0.058634
-0.379473
-0.774410
-0.454521
1.104414
-0.308929
0.493200
-0.118345
0.488459
-0.515346
-0.225966
-0.343442
-0.315244
-0.790626
-0.733263
1.024606
-0.706378
0.640913
0.188934
0.297035
0.465586
-0.284296
-0.113742
-0.589087
0.345465
0.035291
0.157226
-1.070777
0.625835
0.741147
0.619074
-0.449337
-0.949951
0.831763
-0.010758
-0.016701
-0.431663
0.575973
0.029870
0.699552
-0.227976
-0.474780
0.899216
0.785336
0.560863
-0.778199
0.914216
0.292484
-0.133265
0.096222
-0.186798
0.669075
0.371681
0.028279
0.472183
0.551304
0.277447
-0.543062
0.585310
0.312437
-0.817332
0.646054
1.206853
0.157700
1.346496
0.185593
-0.335880
0.276655
-0.090058
-0.103900
0.094144
0.186315
-0.148062
0.364262
0.411921
0.463202
-0.424504
-0.730146
-0.347881
-0.118732
-0.191703
-0.459418
0.335789
0.190444
0.392004
-0.429467
-0.084084
-0.239947
0.857752
-0.315242
-0.024210
0.717755
0.491753
-0.445831
0.454351
-0.685348
-1.168276
-0.018788
0.121569
0.627939
1.048808
0.115663
0.383375
0.294688
0.019774
0.280785
-0.985216
0.913133
-0.455209
0.388639
0.947369
-0.595824
0.050770
0.559213
0.126845
0.300575
0.732061
-0.312750
1.150247
-0.143723
-0.621600
-0.199456
0.724656
0.408254
0.258493
0.309198
-0.069896
0.445104
-0.111260
0.392515
-0.198833
0.380921
-1.334230
0.578228
0.830363
0.286037
0.120756
0.502959
0.773505
-0.789613
0.214126
1.086007
0.209583
0.144249
-0.564491
0.232169
-0.540983
-1.054511
-0.683479
0.497545
-0.072076
-1.835611
-0.614827
0.979762
0.078597
0.383486
-0.647934
0.454369
-0.027931
-0.363058
-0.490637
-0.089927
-0.650039
0.119108
0.084280
-0.302193
0.037756
-0.474986
-0.349764
-0.574560
0.157791
1.061166
-0.118818
0.331137
1.701619
0.465301
0.371407
-0.207717
0.534587
-0.151131
-0.225692
0.027360
-0.315474
-0.635600
-0.617397
-0.417125
-0.079326
-0.628142
-0.296216
0.432929
-0.056641
0.045937
0.497021
-0.132311
-0.044578
0.294576
-0.395584
-0.392476
-0.313793
-0.236455
-0.649075
0.840171
-0.195019
-0.059779
0.046735
0.019612
0.785553
0.414440
-0.582073
0.064597
-0.812214
-0.441248
-0.500418
0.322945
0.248726
0.435618
-0.761965
1.221457
-1.811054
0.915376
0.650076
-0.537354
-0.294693
1.108109
0.562641
0.338282
-0.169826
-0.210138
-0.811225
0.243281
-0.246493
-0.397792
-0.172611
0.349735
-0.239025
-0.392700
0.311943
-0.511981
-1.315053
0.265380
-0.515148
-0.231976
0.011951
0.883897
-0.159228
-0.030798
-0.515738
0.436656
0.478599
0.918400
-0.251643
-0.502492
-0.371832
-0.469164
-0.131736
0.289279
0.164024
-1.325979
0.084267
-0.632376
1.152937
-1.407453
-0.405064
-0.350050
-0.339917
-0.407281
-1.194780
0.197987
0.524874
-0.477839
0.256827
0.217157
-0.481001
-0.099241
-0.402389
0.533142
0.341856
-0.674101
-0.385369
0.002464
-0.010176
0.435150
-0.159342
0.635711
0.252229
-0.118022
-0.602579
-0.709684
0.870381
-0.237836
-0.651327
0.375524
-0.990687
0.640871
-0.272895
0.222999
-0.524722
0.145580
0.055872
-0.378493
0.540040
0.177358
-0.059066
-0.546505
0.349917
-0.023860
-0.091350
0.338434
-0.557890
-0.220596
0.232451
0.711925
0.380415
0.053365
0.074655
-0.273453
-0.016433
0.421827
-0.837556
0.191830
0.741005
0.633264
0.495151
-0.272594
0.619082
0.522612
-0.186606
0.019367
0.259835
0.670010
0.028131
0.207047
0.491230
-0.473910
-0.022010
0.173558
0.855673
0.050868
0.458345
0.514637
-0.050236
-0.151471
-0.255824
0.357099
-0.550448
-0.009999
-0.816545
0.177896
-1.511512
0.433639
0.685123
-0.168696
1.159980
0.796084
0.123213
-0.639673
-0.445241
-0.080478
0.050085
-0.484196
-0.156206
-0.394176
-1.299041
-0.700764
-0.381861
-0.110988
0.226655
-0.317317
-0.437187
-0.182044
0.120879
-0.088421
0.126389
-0.452195
0.152257
0.047651
0.351134
0.686857
0.397624
-0.066360
0.247855
-0.225375
0.739253
-0.645142
0.184905
0.977934
0.230355
0.106157
0.692707
-1.241463
0.156048
0.119272
0.669949
0.487475
-0.360461
0.345299
0.588886
-1.521002
0.263729
0.230200
-0.122369
-0.427087
0.580409
0.232492
0.353329
0.118125
0.006079
0.532745
-0.522336
0.506948
-0.632192
0.159549
-0.250929
-0.482413
-0.351891
-0.393800
0.257883
0.465118
0.353793
-0.081013
-0.890821
0.320558
-0.337967
1.277335
-0.455906
0.278391
-0.147161
1.148165
0.373003
-0.395065
1.526585
0.404878
-0.294543
0.878431
-0.113232
0.617730
-0.407835
0.308181
-0.453729
0.110825
0.101221
-0.400851
0.578377
-0.533132
-0.284575
0.394965
-0.102745
-0.674963
0.338164
-0.195930
0.304141
-0.396820
0.062149
-0.521307
0.096648
0.226055
-0.128316
-0.695124
0.385840
-0.504725
-0.734476
-0.146833
-0.667270
-0.372874
-0.283457
-0.143680
0.367243
0.191155
0.291712
0.137562
-0.420859
-0.539193
0.391099
-0.388892
-0.150853
0.116711
-1.012041
0.690208
-1.078147
-0.132415
0.409847
-0.037151
-0.568363
-1.123309
-0.406981
0.221624
1.026566
-0.417587
-0.063470
-0.337179
-0.362972
0.820579
-0.349639
-0.148581
-0.037067
-1.183310
0.173072
-0.228446
0.435012
-0.394213
0.185716
0.160158
0.768880
-0.524586
0.111669
0.536086
-0.501751
-0.339743
0.391018
-0.626309
-1.662614
0.916576
0.504084
0.386221
1.428533
-0.217990
-0.694613
-0.207563
0.397862
-0.387923
0.299776
-0.573974
-0.882517
0.720342
0.817104
-0.595551
0.098527
-0.357676
0.407413
0.532833
-0.131135
-0.100458
0.195387
-0.051192
-0.225157
0.076995
-0.491328
-0.753201
0.462897
0.367563
-0.833795
0.488543
-0.069265
0.903952
0.981366
-0.097967
0.109635
-0.437345
-1.054462
0.812908
-0.164019
0.302771
-0.794530
0.339296
-1.103256
0.392812
-0.050116
1.051254
-0.247812
0.244981
0.277371
-1.207586
0.478583
0.185325
-0.702139
0.227757
0.126905
0.025685
0.630001
0.379924
-0.336490
0.254102
-0.835875
-0.065983
0.080845
-0.494327
-0.444063
-0.241999
-0.138431
0.266652
0.619449
-0.018822
0.295292
0.265383
-0.100634
-0.097961
0.172574
-0.245275
0.315106
0.187490
-0.509933
0.411131
-0.374077
-0.413015
0.460056
-0.120275
1.295826
-0.228585
-0.204148
-0.416395
0.641290
-0.239150
-0.938445
-0.812159
0.613680
-0.173111
0.035870
-0.096058
0.885616
0.627835
0.282743
0.260062
0.363000
0.806164
-0.836027
0.522202
-0.106711
-0.682550
0.191269
0.358543
-0.370806
-0.280018
0.131937
-0.365323
-0.587445
0.370652
-0.732158
-0.942979
0.416656
-0.374191
-0.184279
0.446234
0.940243
-0.537262
-0.387422
0.655053
-0.076898
0.961254
-0.378535
-0.185227
-0.315875
0.447756
0.226795
0.594442
1.439272
0.885043
0.400061
0.480979
-0.630577
-0.209977
0.295586
0.782059
0.539208
0.280238
-0.570861
-0.307311
-0.006917
-0.303311
-0.307209
0.507002
0.027933
-0.730853
0.445045
-0.462512
0.051291
-0.371087
-0.037528
0.359428
-0.706478
0.494963
-0.154006
0.867466
0.599093
0.842636
-0.130576
-0.640185
-0.065965
0.248297
0.521600
0.116131
0.347241
0.529620
-0.021527
0.180656
1.025796
-0.048197
-0.068953
0.306902
0.769081
1.129096
-0.669360
0.475307
0.248422
0.212670
-0.091953
0.422071
-0.464028
0.240851
-0.322178
0.037174
0.236656
-0.604654
0.268438
-0.643283
-0.282222
-0.233871
-0.460867
-0.689628
0.922824
-0.316663
1.060835
-0.059057
-0.141985
0.044069
-0.109798
-0.394172
0.085600
0.392882
-0.217428
-0.938211
-0.571424
-0.759551
-0.498960
-0.032293
1.140757
0.751588
0.048602
0.062180
-0.769877
0.222684
-0.362551
-1.194194
0.868767
-0.484589
-0.062629
0.640381
-0.141014
0.361290
-0.637750
0.226025
0.502357
-0.250867
-0.436694
-0.716745
0.968374
0.392291
0.323663
0.034282
-0.827872
-0.636875
0.035676
-0.733388
-0.685955
0.246162
0.121096
0.217860
-0.291689
1.411965
0.165331
-0.162719
-0.406993
0.758175
0.610988
-0.672097
-0.132258
-0.783078
0.987439
0.052690
0.638784
0.426872
-0.329111
-0.273481
-0.752306
0.016427
-0.820076
0.550980
0.597159
-0.999075
-0.071527
-0.895400
-0.492258
-0.066647
-0.077158
-0.165968
-0.336305
-0.050832
0.309840
-0.355663
0.069140
0.424939
-1.171358
0.190441
0.512711
-0.280738
-0.221301
-0.084217
1.119225
0.167974
0.486562
0.461763
-0.085903
0.902705
0.730644
-1.187339
0.263554
-0.952776
0.142196
1.422633
-0.483332
-0.156143
0.149575
0.137693
-0.613877
0.279494
-0.617117
-0.589699
-1.028242
-0.223848
0.009887
-0.466340
0.068998
0.271759
-0.351244
1.032835
-0.449388
0.484357
-0.368214
0.695200
-0.034833
0.436189
-0.493589
0.434969
-0.671724
-0.221652
0.549003
0.744583
-0.159722
0.086471
-1.506557
-0.192222
-1.123075
-0.036311
-0.247195
0.389464
1.071253
0.067845
0.341757
0.131375
-0.571305
0.658817
-0.367863
0.161747
-0.219160
0.229869
-0.131729
-0.154402
-0.186683
0.005282
-0.388566
0.212800
-0.980116
-0.500629
-0.254319
0.569309
0.121188
-0.600325
-0.447467
-0.249516
-0.449358
-0.049972
0.176611
0.199841
-0.218991
0.149001
-0.008126
0.192617
-0.401446
0.206190
0.427606
-0.175623
0.315870
0.349279
0.334160
0.074369
-0.686703
-0.050762
-0.636315
-0.154509
-0.229374
-1.310146
0.587229
0.322284
1.000589
-0.612277
0.410293
-0.416708
0.892983
0.481998
-0.359876
0.312244
0.838442
-0.246861
0.563771
0.239486
0.291187
1.141584
0.961577
-0.483856
0.511888
-1.148089
1.330556
-0.042840
-0.208272
-0.726937
0.318495
-0.095313
0.066323
-0.125581
-0.263553
0.594801
-0.967942
-0.794524
-0.459597
-0.133529
0.169294
-0.207669
1.830940
0.208285
0.830097
0.296818
-0.181927
0.458458
0.109053
0.145485
0.407958
-0.933667
0.817028
1.501387
0.045326
-0.250119
0.606192
-0.098881
0.481400
-0.702448
0.773063
-0.233334
0.924748
-0.886193
-0.371406
0.261443
-0.750418
-0.103184
-0.017263
-0.792041
-0.212582
-0.123292
1.532379
-0.847634
-0.531393
-0.322474
-0.163331
-0.660975
0.684072
0.397838
0.052308
-0.511892
0.904813
-0.842400
0.751735
-0.413047
0.738557
0.512533
-0.919821
-1.112724
0.167061
0.671606
0.383666
-0.019239
0.088045
0.904299
-0.913122
0.312209
-0.458041
-0.126887
-0.363174
-0.843869
-1.103181
-0.756701
0.721007
-0.441272
-0.129369
-0.300201
-0.511128
0.679884
-0.123010
0.329642
0.578259
-0.360136
-0.195707
-0.000961
0.127436
1.000862
-0.136579
0.460247
-0.490041
0.419131
-0.747284
0.076640
0.393971
-0.923317
-1.012259
-0.170866
0.402546
0.174580
0.009864
0.077696
-0.266324
0.395485
-0.554254
0.556443
0.513425
-1.003522
-0.729877
-0.292422
0.548859
-0.041714
0.238491
0.458851
0.713167
0.501527
-0.159315
-0.231845
-0.014459
0.364145
-0.396837
0.724153
0.236965
-0.235847
-0.409305
0.249083
0.767600
-0.064819
0.178429
-0.511454
-0.148405
-0.382667
0.266060
0.378449
-0.129546
-0.062141
0.603203
0.230965
0.351603
0.200060
-0.313637
-0.577135
0.220537
-0.985373
0.086484
0.533680
0.471052
0.411115
-1.058755
1.310941
-0.496049
-0.278850
-0.805709
0.307276
-0.707739
-0.581762
-0.315331
-0.870912
0.068866
0.323958
-0.505226
0.201963
-1.096689
-0.504156
-0.686940
0.585469
0.622059
0.176115
-0.680231
0.730099
0.511710
0.310823
0.365480
0.001153
0.579580
1.013020
-0.305443
-0.025005
0.288126
-0.098561
-0.172181
1.111514
-0.151835
0.221578
0.042903
-0.180586
0.121369
0.065673
0.261942
0.215732
0.271320
0.445208
0.231930
-0.831211
0.345788
-0.670433
0.752508
-0.196103
-0.286764
0.461282
0.124226
0.924693
-0.201192
-0.020419
-0.599509
-0.316092
0.173759
-0.506138
0.292774
0.539216
0.353115
0.031766
0.033759
0.935594
0.267509
-0.631325
0.277556
0.140030
0.605335
-0.403629
0.142146
0.862927
1.088251
-0.606357
-0.082892
-0.355793
-0.580238
0.733381
-0.478108
-0.911889
-0.128177
-0.142290
0.062923
-0.344027
-0.163411
0.676617
-0.918162
0.744298
0.460788
-0.013166
0.650373
0.968301
0.601783
0.836357
-0.515316
0.373249
0.873388
-0.553128
-0.031325
0.227937
-0.890634
-0.096509
0.467334
0.664089
0.821413
-0.112417
0.037538
0.389172
-0.302792
-0.491840
-0.307765
-0.078816
-0.576430
-1.066864
-0.622587
0.311458
-0.027972
0.046650
-1.425057
-0.569563
-0.235015
-0.006368
0.306143
0.487430
1.606318
0.678443
-0.773265
-0.437996
0.431101
-0.641754
0.906951
-0.189867
0.374656
-0.200344
-0.526599
-0.421782
-0.346564
0.330830
-0.228213
-0.103181
-0.347383
-1.235371
0.635173
0.629688
-0.646282
0.580489
-0.383223
-1.459558
0.605774
0.205774
0.243510
-0.104440
0.453919
-0.392653
0.027621
-0.407701
-0.025707
0.031573
-0.255747
-0.890547
-0.157107
-0.709748
0.292137
-0.173107
-0.020034
0.377660
0.273467
0.193998
0.847653
0.740624
0.804755
0.429079
-0.594710
-0.149332
-1.588372
0.695191
0.247097
-0.349601
-0.175086
-0.670501
-0.498660
0.582642
0.130498
-0.012505
0.505409
0.670320
0.132216
-0.268271
-0.804812
0.124036
0.145602
-0.405311
0.201569
-0.617937
-0.464525
0.283561
0.864241
0.530943
-0.888990
0.022927
-0.783568
0.534169
-0.005003
-0.067724
-0.279786
-0.369707
-0.577254
-0.194418
-0.942847
-0.372705
0.775676
-0.087514
-0.506155
-0.358188
0.335168
-0.677793
0.555112
-0.606567
