-0.032608
-0.529216
0.307996
-0.237633
-0.020266
-0.328058
0.891485
-0.083011
-0.528297
0.116207
0.420574
-0.268239
0.259497
-0.457969
0.468841
-0.036084
-0.051147
0.161706
0.567738
0.764951
-0.912321
-0.473076
0.812807
-0.931036
-0.186754
0.545346
1.142427
0.343941
-0.474113
-1.279706
1.424644
-0.323637
-0.384531
0.506138
-0.543243
0.081781
-0.232648
0.065226
-0.204228
-0.232385
-0.513670
0.844347
-0.011484
-0.419195
0.216372
0.049954
-0.185596
0.254975
0.361259
-0.798453
-0.854667
0.312453
-0.148387
0.262849
-0.078324
-0.305072
0.269102
0.262301
-0.166227
0.241751
-0.873550
0.071998
0.711373
0.564297
-1.000461
0.863102
0.306489
-0.452025
-0.681077
0.450315
-0.772906
0.399035
0.199681
-0.728368
-0.207691
0.611311
0.169621
-0.501061
0.066601
0.722441
-0.697217
0.940255
0.275267
-0.883641
-0.051929
0.076888
0.286016
-0.437929
0.253895
-0.231627
0.762223
-0.136734
-1.348827
1.164623
-0.753661
-0.442933
-1.353726
-0.548375
-0.559288
-0.487673
0.121289
0.105245
-0.860782
1.292901
0.424073
0.551989
0.127362
0.678281
-0.129781
-0.113401
-0.437119
0.373488
-0.445686
-0.767993
0.106531
0.150931
0.167000
0.561020
-0.397072
-0.277710
-0.821825
-0.061028
0.130402
-0.772832
-0.480681
0.714234
0.098903
0.203431
0.417783
-0.320237
-1.024072
-0.431091
-0.147104
-1.309461
-0.743254
0.661857
-0.047208
-0.575132
-0.388166
0.796420
-0.416781
-0.709644
-0.071892
-0.493714
0.358551
0.764325
-0.521760
-0.342983
-0.071727
0.428140
0.401827
-0.236890
0.001764
0.515266
0.700150
-0.709351
-0.652324
0.053150
0.642386
-0.265851
0.012416
1.023566
0.198298
0.423407
-0.204710
-0.563007
-0.305284
0.117426
0.082486
0.738137
0.143509
-0.083225
-0.877902
0.186612
0.265318
-0.469056
-0.510920
0.333294
0.690427
0.737817
0.820240
0.299653
0.599007
-0.413243
0.164068
0.503891
-0.367450
-0.411257
0.059729
0.033615
-0.058435
-0.187667
-0.114624
0.407879
-0.431336
0.696376
0.027860
0.074104
-0.032601
0.098533
0.365415
-0.567602
-0.686320
-0.216179
-0.131841
-0.095841
0.767291
0.553268
0.823578
0.868091
-0.463945
-0.174232
0.164550
0.070594
-1.227793
0.185050
-0.687294
0.019942
-0.323618
-0.056218
0.577257
0.965294
0.120445
0.233665
-0.006261
-0.119077
-0.300993
-0.388702
0.000658
-0.330735
-0.296673
0.209152
0.071700
-0.571009
0.350838
-0.383356
-0.560214
0.050991
-0.223443
-0.065345
-1.029432
-0.298816
-0.181719
0.248376
0.350370
0.197229
0.885870
0.777473
-0.616186
0.333966
-0.286413
-0.813194
0.137472
-0.303882
-0.322865
0.540832
-0.733130
-0.765543
0.715620
0.964735
0.430147
-0.200550
1.178370
-0.230019
-0.417480
-0.002470
0.567264
-0.112194
0.554985
-0.381289
0.219274
0.236290
0.075083
0.140487
-0.004994
-0.419370
-0.194286
-0.282354
0.352439
0.348430
0.104386
-0.362521
0.381890
0.846868
0.137636
-0.205544
0.403276
-0.201255
-0.857509
0.403459
-0.223867
-0.229799
-0.072654
-0.191564
0.917003
-0.380085
-0.686055
0.075787
0.078790
0.073312
0.370211
-0.360270
0.167565
-0.068141
1.156998
0.464213
0.300776
0.369268
0.548433
-0.659089
-0.208026
-0.106785
-0.273729
0.099029
0.052517
0.835863
-0.568401
-0.769715
0.499774
0.601959
0.530892
-0.270124
0.118906
-0.488835
0.731273
-0.441103
-0.752568
-1.090697
0.504946
0.145675
-0.872023
-0.584666
-0.142693
0.107534
-0.653720
-0.639876
-0.017376
0.092241
0.160734
-0.960459
0.296690
0.354017
-0.249584
0.042475
-0.125716
1.142582
-0.018096
-0.210959
-0.280575
-0.204089
-0.779905
0.354271
0.358706
-0.221091
0.203026
0.759897
-0.079813
-0.811470
-0.784044
-0.417275
-0.626911
-0.005492
0.360894
0.726340
-0.714870
-0.500583
0.225599
0.333588
0.284780
1.572602
-0.075587
0.585079
-0.157103
-0.138376
-0.150437
0.468156
0.407724
0.693416
0.113878
0.084112
1.190786
0.526528
-0.373711
-0.066811
-0.152401
0.189062
-0.186340
0.363998
0.145744
-0.119717
0.108692
-0.462091
-0.021158
-0.560651
-0.184579
-0.193430
-0.432913
-0.824598
0.154454
0.413927
0.054422
0.464441
0.006119
-1.253542
-0.187389
0.176149
-0.347461
-0.553251
-0.499532
0.101977
0.716774
0.249855
0.755792
-0.184740
0.661418
0.544586
0.701552
0.053831
-1.000723
0.653525
-0.049424
-0.686292
0.289760
-0.148609
-0.700422
-0.565767
-0.290091
0.378144
0.313709
0.240488
-0.703926
1.595119
0.601965
-0.214174
0.758407
-0.920647
0.646857
0.239054
-0.658830
0.394819
0.160898
0.407981
0.514214
-0.561372
0.148243
-0.465932
0.081457
1.090626
0.016588
0.725176
0.795465
-0.185696
0.716138
-0.223306
0.665193
0.642723
-0.281464
-0.416270
-0.036527
0.254311
0.396806
0.724303
0.166749
-0.403227
0.215676
-0.787289
0.496099
-0.107036
0.055359
0.130968
0.166080
0.272042
-0.204344
0.053868
-0.732618
0.764191
-0.537134
-0.377612
0.947505
0.387390
0.199788
0.575453
-0.042925
0.023402
-0.468969
-0.410356
0.574613
0.418097
0.133290
0.105709
0.483393
0.329356
0.269212
-0.814369
-0.267898
0.654542
-0.163930
0.472550
0.685546
-0.434548
-0.256839
-0.542123
0.482285
0.672107
-0.608794
-0.419545
-0.619206
0.130107
0.106354
-0.281021
0.755431
-1.210289
-0.823563
0.801836
-0.738271
0.219782
-0.387546
0.026518
-0.087162
-1.044865
-0.123402
0.770156
0.689044
0.846899
0.285731
-0.698810
0.708384
0.260179
-0.788599
-0.287089
0.178240
0.015015
0.097521
0.079433
0.455755
0.476810
0.018152
-1.091773
0.489474
0.285034
0.019397
-0.104090
1.368099
-0.629016
0.149307
-0.225752
-0.008101
0.531473
0.534913
0.347460
0.451334
0.379712
-0.323070
0.748658
-0.880427
-0.496523
0.095739
-0.279572
0.655839
0.440746
-1.340410
1.350538
0.143935
0.223398
0.662311
0.336024
0.572704
-0.614332
0.691213
-1.120490
0.059229
0.907611
-0.222446
-0.272544
0.918624
-0.036501
-0.751124
0.045672
0.235765
-0.237460
-0.060292
-0.092605
0.318564
-0.558940
0.807841
0.263236
-0.066115
0.201487
0.047328
0.209035
-0.411086
-0.285636
-0.615351
0.125675
-1.127139
-0.770756
-0.350264
-0.061536
0.110361
-0.430741
-0.198178
0.103531
0.317616
-0.701039
-0.288263
-0.686118
1.149698
0.369294
-0.847037
0.365340
-1.248061
0.800744
1.130210
-0.105649
-0.359076
-0.387140
0.911768
-0.131601
-0.607252
0.303329
-0.115573
0.542571
0.446695
-0.697628
-0.663348
0.215539
0.784842
-0.001799
0.342355
0.385190
0.381792
-0.056170
-0.374886
-0.702802
0.359108
1.069229
-0.090927
0.080906
-0.127267
0.807274
-0.466302
-0.904042
-0.159302
0.449207
-0.325063
0.671364
-0.190158
0.163807
0.998648
-0.081788
0.109308
0.537227
-0.509029
-0.178326
0.165009
-0.374592
0.036873
-0.991747
1.000137
-0.134446
0.705597
-0.553263
-1.490707
-0.533605
-0.092336
0.035792
-0.957441
0.298700
0.068045
0.473324
-0.178040
0.191211
0.303303
0.075888
-0.736786
0.562088
-0.042021
0.159615
-0.240801
-0.237301
-0.584382
-0.102484
-1.038855
1.367349
-0.624278
0.972129
0.238213
-0.019361
-0.540873
-0.033024
-0.716691
-0.080234
-0.005197
0.974230
0.480389
-0.534471
-0.221859
0.051772
-0.459554
0.479466
0.658567
-0.382771
0.190245
-1.391510
0.617335
0.304452
0.227828
0.116878
0.590264
-0.118241
0.070194
0.233928
-0.346047
0.401890
0.219846
0.151148
-0.472524
-0.311061
0.612194
-0.431573
-0.138905
0.360799
0.016031
-0.130868
-0.066709
-0.014896
0.639865
1.092190
-0.086499
0.503323
0.041778
0.152254
-0.406919
-0.248102
0.875305
0.675538
0.379460
-0.866779
-0.183389
-0.236914
-0.268721
-0.067177
0.093807
0.159978
0.083512
-1.327374
-0.484638
-0.278736
-0.918082
0.324908
-0.069262
-0.292467
0.091506
0.139950
-0.049051
-0.189802
0.151995
0.115264
0.286042
-0.618881
-1.173828
0.283782
0.880053
0.088785
-0.084512
-0.360997
-0.497159
0.499871
-0.999604
-0.271281
-0.017390
0.011770
-0.863531
-0.555162
0.550996
1.276122
0.055025
-0.057876
-0.486553
-0.197988
0.393697
-0.386585
-0.818435
-0.852594
-0.718110
-0.178626
0.070207
0.210976
-0.549275
-0.176973
0.028690
-0.113650
-1.135020
0.044440
-0.492622
0.580612
-0.129637
0.260323
-1.099538
-0.228733
-1.209068
0.031720
-0.216021
-0.087736
1.197652
0.406032
-1.123392
0.527572
0.019757
-0.106864
-0.570813
-0.262796
-0.383760
0.969113
0.790158
0.062652
-0.494394
0.048889
0.570560
-1.195844
-0.559348
0.487669
0.786198
0.292491
-0.212643
-0.057300
0.804099
-0.502882
-0.262957
0.488637
-0.381175
-0.028647
0.661461
-1.058399
0.465557
0.074139
0.069218
0.336212
0.012439
-0.359862
-0.955758
-0.221264
-0.124345
0.366948
1.221815
-0.112787
-0.431497
0.010424
-0.334081
0.430576
-0.674616
0.417117
0.487527
-0.140960
0.427688
-0.884110
0.437116
-0.054589
-0.420056
-0.788818
0.583266
-0.735733
0.315941
0.444021
-0.175792
0.663877
-0.801469
0.034190
0.296635
-0.156315
0.310891
-0.582230
0.439400
0.443161
0.756720
0.245415
-0.359735
0.227128
-0.202022
-0.030927
0.118665
-0.376075
-0.093411
-0.807928
0.180808
0.141421
0.147759
-0.646469
-0.925638
0.555345
-0.570408
-0.089640
-0.509713
-0.043482
0.562055
0.229808
-0.437554
-0.297628
0.147766
0.609942
-0.411896
0.837996
-0.115984
-0.997748
0.104575
-0.417775
0.276602
-0.376341
0.618163
0.483140
0.528846
-0.212875
1.296229
-0.024538
0.399308
0.084798
0.551674
-0.207478
-1.131245
-0.811760
-0.785531
-0.324722
0.184963
-0.145530
-1.027326
-0.781884
-0.154565
0.868544
0.344431
0.614600
-0.047524
0.207435
-0.364846
0.208401
-0.243839
-0.964488
-0.596830
-0.189063
-0.797293
0.162447
-0.096937
0.460593
-0.327836
0.132359
-0.213605
0.595763
0.141051
0.243832
-0.564571
0.130205
0.216076
0.739753
-0.438745
-0.523134
-0.201079
-0.588697
-0.234394
0.780538
0.307980
-0.172418
0.249576
-0.325427
0.421255
0.279300
0.029595
0.547783
0.455769
-0.369916
-0.708542
0.534703
-0.397248
0.333101
0.735715
-0.870970
0.721906
-0.078001
-0.910572
-0.199927
0.715674
0.592360
-0.397952
-0.368183
0.359643
0.829596
0.415275
-0.823306
-1.203426
0.133401
-1.475780
0.083049
0.493282
0.399707
0.095297
0.078526
0.051457
-0.957191
0.942100
0.223944
-0.217511
0.131327
-0.127898
-0.571028
-0.734846
0.788600
0.494272
-0.646370
-0.171674
-0.236185
0.599547
-0.419728
-0.801790
0.090080
-0.360247
-0.226678
0.816329
-1.073468
0.625664
0.074114
-0.717317
0.576052
0.590303
0.181972
0.289181
-1.101757
-0.361648
0.130219
-0.719985
0.321677
0.397492
0.207570
0.099371
0.191066
-0.791644
-0.573317
0.238334
0.757762
0.262969
-0.522775
-1.195953
0.106456
-0.334109
-0.659713
-0.529728
-0.012794
0.572777
-0.383447
0.480270
1.052643
0.743810
-0.097403
0.419490
-0.183334
-0.681699
0.947838
-0.980811
-0.637429
0.862329
0.169301
0.612995
0.519641
-0.280215
0.585152
0.111451
-0.590956
0.129086
-0.629683
-1.014789
0.877524
-0.288630
-0.448708
-0.456840
-0.802359
0.101860
1.003320
-0.979287
-0.148873
0.418190
0.437476
0.549988
-0.379694
-0.211839
-0.214000
0.512380
0.123456
-0.000978
0.618262
-0.386963
0.070953
-0.897108
-0.443483
-0.125490
0.544056
-0.287450
-0.106129
0.663330
-1.483754
-0.293487
0.281972
0.605782
-1.275126
0.038180
-0.311115
0.231272
0.000128
0.877546
-0.506427
0.279704
0.078592
-0.860702
-0.389834
-0.967612
-1.070447
0.364205
0.019169
0.512261
0.104779
0.357473
0.052189
0.028807
0.140364
0.352207
-0.006612
0.065869
0.280487
-0.760039
0.235751
0.141816
-0.110172
-0.278315
-0.267641
0.181417
-0.607336
0.399751
0.320972
-0.693678
0.180063
-1.003156
-0.124571
-0.377952
0.375500
-0.340985
-0.007212
-0.253745
-0.159074
0.449328
0.015906
-0.021444
0.147358
1.316831
1.142705
0.144625
-0.160000
-0.116045
0.054650
-0.271533
0.944160
0.546989
-0.285554
0.579144
-0.098970
-0.704441
-1.043191
-0.013749
-0.809632
-0.872593
0.104945
-0.464988
-0.267143
-1.131001
0.181286
-0.296440
-0.337716
-0.678735
-0.910850
-0.340036
-0.284468
-1.353026
-1.061043
-0.603204
-0.062027
0.099512
-1.987014
-0.765227
-1.762753
-0.700294
-0.120408
-0.008343
-0.890040
0.410585
-0.431379
0.329962
0.343730
1.214457
0.146883
0.632118
-0.322043
0.748214
0.397655
0.743814
0.701190
1.593010
0.169188
0.267848
1.097569
0.487701
0.741163
1.323307
0.698902
1.259886
1.490697
0.524748
0.623495
1.317428
1.040092
-0.194204
-0.055812
0.838550
0.983537
-0.018245
0.132696
-0.583618
0.070246
0.971996
-0.276982
-0.858065
-0.893407
-0.246269
-0.240519
-0.628049
-1.020614
-0.133689
-0.607750
-0.163132
-0.415209
0.971056
0.074085
-0.566413
0.357389
-0.297192
-0.421439
0.419613
0.246157
-0.699759
-0.009155
-0.293619
0.058509
-0.416282
0.020843
0.813660
0.267703
0.702133
-0.336616
-0.208342
0.928888
0.930300
0.445155
-0.454484
0.277840
0.397468
-0.576414
-0.499271
0.537361
-0.465887
-0.743304
-0.066954
-0.589584
-0.420351
-0.214431
0.759683
0.363670
0.010895
0.386140
0.210249
-0.738225
-0.853015
-0.440526
0.174531
-0.257818
-0.244291
0.133711
0.446730
-0.250629
0.576053
-0.355424
-0.188696
0.615675
0.206951
0.229793
-0.311742
0.580736
-0.113986
0.324259
-0.579891
0.214791
-0.423148
-0.449402
0.457192
0.179930
1.287672
0.049995
0.016012
0.131456
-0.388654
-0.436186
0.454507
-0.154530
-0.648303
0.342166
0.332489
-0.504002
-0.298278
-1.211624
-0.100695
-0.898935
-0.751396
-0.026152
0.277987
-0.046913
-0.056546
-0.554514
0.534600
0.783838
0.324062
0.214222
0.300175
0.556511
-0.108111
-0.410767
-0.431923
-0.207903
-0.522791
0.264253
-0.519557
-0.369361
0.371409
0.432072
-0.540581
-0.746951
-0.597989
0.415910
-0.185380
0.222437
-1.075720
1.297527
0.112548
-0.021869
0.108671
0.005983
-0.761766
-0.324052
0.302865
0.675515
-0.022168
-0.286918
0.125577
0.795884
0.129176
-0.298789
0.290657
0.365933
0.263794
-0.627470
-0.284564
-0.364705
0.389269
0.121751
-0.440625
0.911998
-0.104466
-1.002075
0.236455
-0.625559
-1.422385
0.328143
0.522958
1.137631
-1.003891
0.157752
-0.608382
-0.727979
0.630771
-0.331714
-0.396171
0.136957
0.012732
0.050446
-0.113327
0.481816
-0.164999
0.016792
0.921345
-0.499115
0.955893
-0.236805
0.444895
0.389416
-0.798475
-0.214756
0.806140
0.536874
0.678965
-0.209670
-0.949302
-0.596930
-0.362902
0.471785
-0.359838
0.044014
-0.594699
-0.394563
-0.114024
0.258946
0.855596
-0.071929
-1.270956
0.136125
-0.324427
0.317437
0.122777
-0.115442
-0.021212
-0.093925
-0.160221
-0.535157
1.666182
0.401121
0.620760
0.747207
1.241663
-0.426240
-0.451216
-0.710839
-0.139305
-0.903117
0.172725
-1.246603
-1.136549
1.042257
-0.712079
0.800214
-0.132125
0.357907
-0.961654
0.739096
-0.461528
-1.440028
0.201779
-0.102576
-1.509727
0.903879
0.039158
-0.412130
-0.429226
0.396605
-0.619618
-0.168822
0.466619
0.582641
0.859609
0.045963
-0.558400
-0.404416
0.403641
0.069690
0.910338
-1.654927
-0.015163
0.190283
-0.832400
0.064196
-0.329985
-0.264926
-0.026322
0.534001
0.234636
-0.845743
-1.162957
-0.231861
-0.114079
-0.188856
-0.039394
-0.119569
0.759236
-0.083502
0.167050
-0.374606
0.458007
0.129158
0.100788
-0.166303
-0.028586
0.311685
0.386605
0.301961
-0.221851
0.336285
0.443564
0.287830
-0.066476
-0.293649
0.043722
-0.283639
-0.128500
-0.681926
-0.172760
0.653612
0.589654
0.534813
-0.480001
-0.184358
-0.202436
-0.728866
-0.168936
0.201654
-1.314536
0.243527
-0.435162
0.313996
0.594366
0.401944
1.056219
-0.175348
0.227991
0.819212
0.174019
0.891211
0.577104
-0.412482
-0.513097
0.365747
0.346939
-0.320659
0.270236
0.422904
0.230732
-0.306570
0.178399
-0.286209
0.275569
1.267552
-0.267818
-0.118350
-1.071334
0.636461
0.620135
0.864696
-0.075027
0.121696
-0.546521
-0.027466
-1.054487
-0.098514
1.167596
0.092315
-0.347867
-0.342401
0.710314
0.367335
-0.031470
0.256447
0.120532
-1.004991
0.079252
-0.167108
0.568110
0.445300
0.213030
0.788408
-0.292967
-0.362476
-0.870448
0.600729
1.528530
-0.153856
-0.404063
0.458828
0.458355
0.570355
-0.321983
-0.041548
0.374117
-0.460424
0.387604
0.259990
-0.333303
0.873982
-1.083234
-0.887908
-0.772546
-0.027796
-0.806317
1.007673
-0.610533
0.727982
-0.504824
0.136153
0.118014
0.238275
0.416257
0.136879
-0.075833
-0.735720
0.101217
-0.173891
-0.341414
-0.121555
1.092092
0.166340
-0.541023
-0.441809
0.716811
-0.494055
0.289856
-0.221873
-0.214161
0.214198
0.074748
-0.658860
0.248493
0.079802
-0.974002
0.416489
0.477056
0.279228
0.483580
0.174705
0.069262
0.606198
-1.196793
-0.522360
-0.224067
0.229605
-0.567769
-0.601826
0.170897
-0.043897
-0.070022
-0.843973
0.018701
0.268902
0.101323
-1.187261
0.508397
-0.246297
0.799423
-0.512039
-0.162652
-0.505635
0.346023
0.305823
0.136524
0.406285
-0.946054
0.664788
0.060194
0.547804
0.343805
0.108067
-1.178819
0.787176
-0.145529
0.312680
-0.664596
-0.129722
-0.205982
0.680204
-0.398033
0.263930
0.283422
0.375154
-0.976884
-0.013550
-0.356636
0.165319
-0.438216
0.029307
0.360515
1.020801
0.558734
-0.060596
-0.276750
-0.589066
-0.385000
-0.853021
-0.087277
0.724261
0.858784
0.921920
-0.207645
-0.193217
0.024165
-0.276540
0.043332
1.469044
-0.058661
0.088567
0.155606
1.005180
0.623312
-0.601905
0.246039
-0.353713
0.239860
0.455651
-0.639786
-0.656740
-0.837091
1.091153
0.307422
0.476393
0.307558
-0.200959
0.301062
-0.195046
0.340559
0.054868
0.274664
0.356050
0.667234
0.215242
1.452113
0.352807
0.828459
0.261454
-0.582750
0.451554
0.763376
0.227089
-0.676887
-0.719377
-0.032466
0.848263
0.230916
0.448387
-0.662164
-0.362795
0.361479
-1.146475
-0.247336
-0.177313
0.010874
-0.009874
-0.411035
-0.175464
-0.368809
-0.611611
-0.823136
-0.248607
0.555317
-0.560167
0.642213
-0.635903
0.857066
-0.082847
-0.531853
-1.163210
-0.448339
-0.889164
0.542110
1.222672
0.540026
0.106482
0.769988
0.378169
-0.370234
-0.098217
0.212331
-0.494124
-0.291482
1.170879
-0.127235
0.571233
0.543327
-0.751804
0.154387
-0.485063
-1.055122
-0.135787
-0.386271
-0.726901
-0.755612
0.837688
-0.320732
-0.567190
-0.264577
0.526931
1.317700
0.348815
0.154636
-0.126009
0.045804
-0.289432
-0.424528
-0.023153
0.740849
-0.109977
-0.505108
-1.029017
-0.511409
-1.434832
0.341862
0.490547
-0.771258
0.251531
0.701588
0.114441
0.595472
0.275337
-0.130433
-0.119038
0.905042
-1.123481
-0.005555
0.746133
0.077821
-0.446300
0.522338
0.243868
-1.049189
0.694002
0.534737
-0.034857
-0.992950
0.761809
1.003744
0.718984
0.078687
-1.172192
-0.995435
0.731472
0.334389
0.513722
-0.972119
0.129985
-0.206995
-0.513748
-0.616626
-0.265677
-0.465808
-0.919999
-0.027976
0.098361
0.339605
-0.914813
-1.225565
0.556174
-0.499509
-0.149832
0.411539
-0.007295
-0.141537
0.369895
-0.153079
0.214601
0.360020
-0.282717
-0.355592
-0.412094
-0.322516
0.026953
1.043661
-0.356753
-0.086915
0.223920
-0.626368
0.049258
-0.526280
0.174363
0.544110
-0.610896
0.416972
-1.049690
-0.528615
0.021404
-0.021955
-0.444899
-0.208263
0.454521
0.469415
0.516960
0.514929
0.366524
-0.055625
-0.310966
-0.500445
0.104089
-0.194408
-0.139189
-0.214398
0.128342
0.295263
-0.495740
0.445502
-1.013344
0.566136
0.049858
0.659605
-0.397363
-0.076803
-0.569043
-0.116475
0.353872
0.980641
1.143786
1.261737
0.072225
0.094731
-0.659008
0.117848
-0.350671
0.292508
1.163987
0.136561
-0.258019
0.327289
0.186280
-0.682242
-0.477281
-0.191001
-0.419675
0.084116
-0.498245
0.295556
-0.829602
0.595449
-0.003700
-1.569303
-0.267858
-1.036655
0.494764
1.243290
-1.257165
0.231236
0.085256
1.306547
0.116903
1.218601
0.177180
0.561502
-0.422452
-0.805372
0.164787
0.847563
0.189651
-0.181785
0.626182
-0.416060
0.258513
0.486486
0.087288
-0.266392
0.176477
0.114273
-0.627950
-0.399584
-0.795669
-1.146932
0.851595
0.076316
-0.263110
-0.843196
0.225188
0.089776
0.148621
-1.125699
0.126846
0.761559
-0.639772
-0.281305
-0.166527
0.101866
0.768141
0.135715
-0.680837
-0.138906
-0.234546
0.919312
-0.243251
1.365971
0.513138
-0.303407
0.342480
-0.388170
0.357930
0.522477
-1.347020
0.366323
0.331751
0.344597
-0.955290
0.411495
-0.294682
-0.323201
-0.436701
0.746424
-0.399870
0.705943
-0.687977
0.088459
-0.066723
0.065810
0.592100
-0.561065
-0.234410
-0.654398
0.293595
-0.813407
0.415710
-0.211086
-0.369054
0.107406
-0.142826
0.724669
-0.249497
-0.131397
-0.975142
-0.729314
0.466407
0.267195
-0.769823
-0.251018
-0.402553
0.614178
-0.176952
0.333205
0.254396
0.418344
0.343279
-0.727612
0.012931
-0.016049
0.268305
-1.142345
0.220011
0.732383
0.508509
0.407448
0.064980
0.265234
0.103295
-0.483096
-0.497456
0.153234
0.224752
0.749335
-0.431091
0.847562
0.610004
-0.125375
-0.893172
-0.198766
-1.313047
-0.368356
0.473033
0.547918
-0.232065
-0.819185
0.640151
0.738723
-0.138134
0.456385
0.558736
-0.147892
-0.240996
0.481342
0.356190
0.106711
0.533894
0.274359
-0.626572
-0.550118
-0.147895
-0.066932
-0.919988
-0.541548
0.678607
-0.595289
-0.356892
-0.069851
0.646803
0.248464
0.046693
-0.530083
-0.013805
-0.107010
0.514341
-0.676337
0.499892
0.024234
0.229514
-0.037778
0.109862
-0.547631
-0.148884
0.816581
0.395781
-0.959832
-0.416426
-0.016341
0.949440
-0.747078
1.228817
-0.786855
0.346926
0.034356
0.559268
0.011177
0.022428
0.004259
0.321952
-0.613384
-0.467345
0.708301
-0.013471
-0.269648
-0.476418
-0.056516
-1.019288
0.411403
1.327038
0.079437
-0.239446
0.449701
0.454496
-0.124435
0.493620
0.361568
-0.254802
-0.337904
0.418539
-0.874167
0.993573
0.902450
0.043870
0.673892
0.247426
0.741135
0.459709
-0.543234
0.301609
0.090440
0.716421
0.008385
-0.494763
-0.358117
0.262396
-0.387398
-0.443995
0.406685
0.040936
0.685768
-0.300450
-0.124404
-1.554220
0.180581
-0.783315
-0.203614
0.517960
-0.224993
0.081621
0.674069
-0.612601
-0.205142
0.137685
-0.056323
0.064265
0.691533
0.312623
0.076397
-0.464706
-0.032398
0.094849
-0.046565
0.789726
-0.389763
0.752224
-0.819339
-0.439739
0.061815
-0.158640
-0.480119
0.328674
0.981963
0.119647
0.183378
0.263747
0.188548
-0.941733
0.170786
0.584659
0.262765
-0.109146
-0.189661
0.149901
0.023306
0.278233
-0.382651
0.373329
0.184443
0.335061
-1.012518
0.981464
0.175149
0.408646
1.022252
0.645872
0.440517
-0.334284
0.476972
0.544707
0.618314
0.431014
0.701787
-0.728556
0.323415
0.560764
-0.426575
-0.479991
0.518108
-0.552433
0.897640
-0.396246
0.053589
0.167559
0.604333
0.483820
-0.456399
-0.550005
0.072466
0.394902
-0.319085
0.458253
-0.324177
0.112214
-0.573517
-0.208770
-0.356284
0.051750
0.638044
0.484694
-0.278265
-0.152946
0.938699
0.439225
-0.660868
0.161651
0.171708
-0.475771
0.052507
-0.851003
0.576401
0.980294
-0.274172
-0.245516
0.326658
-0.121384
-0.202577
0.098449
-0.001849
0.424062
0.902109
0.465966
-0.333064
-0.556393
0.142859
0.020989
0.106247
0.053010
-0.039132
-0.624960
0.060288
-0.773465
-0.204109
-0.396866
-0.858544
0.202350
-0.520799
-0.909581
0.390525
-0.928540
-0.062618
-0.665161
-0.361331
-0.660809
0.685373
0.297929
-1.200041
0.778691
1.135352
-0.235652
0.116934
-0.008861
0.858481
0.517186
-0.855345
0.690955
-0.355386
0.071501
0.090337
-0.221128
-0.136541
-0.222089
-0.735110
-0.753287
-0.496618
-0.424112
-0.096433
-0.402827
-0.192887
-0.518832
-0.030759
0.709424
-0.372002
-0.188310
0.077189
-0.272173
0.522497
-0.238084
0.081124
0.571143
0.271668
-0.594487
0.078755
-0.155657
-0.013187
0.800658
0.331006
-0.246771
0.375556
-0.393016
-1.136434
0.000488
0.474186
-0.129482
0.213184
-0.111868
-0.478614
-0.357277
-0.745261
0.015318
0.284306
0.373203
0.198464
0.678873
-0.369718
0.032502
0.296159
0.210495
-0.327748
0.039497
-0.451771
0.770057
0.163773
-0.328326
0.314104
0.483270
0.118177
-0.022523
-0.457922
0.047728
0.065925
0.485902
-1.077030
0.817802
-0.174859
-0.864391
0.670674
-0.888378
0.696949
0.270028
-0.017999
-0.244939
-0.466300
-0.446873
-0.643062
-0.068406
0.496545
0.952987
-1.002662
-0.493798
-0.125752
0.223629
-0.186992
0.690529
-0.054342
0.372769
0.443692
-1.185216
0.316443
0.527278
1.033530
0.519596
0.474234
0.728940
-0.064208
-0.661580
-0.031819
-0.364465
0.253217
0.243554
0.451947
-0.711176
0.569772
0.508289
0.039322
0.880494
1.282921
-0.041406
-0.089126
-0.173296
0.386600
0.218417
-0.329709
-0.079888
-0.409503
0.789340
0.345143
-0.051080
0.661733
-0.325654
0.221480
0.590583
-0.484357
0.500493
0.617050
0.042975
-0.287977
0.438863
-0.065740
-1.407933
-0.765403
0.094729
0.171590
-0.154674
0.314404
-0.215769
0.475935
-0.242050
0.878880
-0.353591
0.262595
0.193377
-0.114054
-0.133003
0.217706
-0.227466
0.547168
0.296125
0.250945
0.460661
0.341653
-0.380114
0.301261
-0.179463
-1.027934
0.212270
-0.706169
-0.180256
-0.075466
0.460694
0.258532
-0.077901
0.541015
0.716868
1.255247
0.103239
-0.537966
1.027717
-0.539012
-0.720996
-0.052793
0.829256
-0.833552
-0.298153
-0.484048
0.966966
-0.354926
0.480586
0.134963
0.216352
-0.352553
0.448935
0.231956
0.763625
1.056211
0.668177
0.211615
0.448121
0.527433
0.252242
0.072598
-0.232927
-0.012118
0.318540
-0.005730
-0.145133
0.142946
0.356285
-0.177728
0.599441
0.595083
0.180076
0.016298
-0.006229
0.252158
-0.156298
0.353674
0.120381
-0.190516
0.022638
0.110012
0.906249
0.113964
-0.240345
-0.526310
0.023724
0.216716
-0.179041
-0.155565
0.004254
0.253200
0.661006
-0.187748
0.784214
-0.020261
-0.216909
0.083557
0.078494
-0.110584
-0.116847
-0.775575
-0.697159
0.922168
-0.170505
-0.219812
0.547319
0.106821
0.144107
-0.609074
-0.037094
-0.179158
-0.379324
-0.414946
-0.388656
0.511796
-0.288912
0.179061
-0.857140
0.422374
-0.115012
0.688222
0.005900
0.607597
-0.480380
-0.248233
-0.452990
1.011417
0.088555
1.147489
0.327957
0.302094
-1.320824
-0.215412
0.148150
-0.826500
-0.817222
0.918381
1.735339
0.458493
0.794445
-0.343799
-0.060499
-0.470975
-1.567844
0.155180
-0.520982
-1.064246
-0.634364
-0.149170
-0.404929
0.100310
0.540474
-0.416917
0.231562
-1.382752
-0.409865
0.413863
-0.807401
-0.595581
0.067885
-0.312773
1.184654
-0.976955
-0.581618
0.420598
-0.807755
-0.128656
0.603810
-0.030591
-0.351801
-1.210933
0.146171
-0.285201
-0.169818
-0.152892
-0.596941
1.127345
-0.011670
0.193572
0.173051
0.415507
-0.801180
0.083999
-0.492779
0.304780
-0.523318
0.786614
-0.467066
-0.689851
1.254263
-0.287961
0.514937
-0.318661
-0.700489
-0.352221
0.111571
0.208549
0.445102
-0.117512
0.229006
-0.454697
0.210028
-0.442428
1.125385
-0.394744
0.214388
0.011084
-0.878768
-0.510787
0.037812
0.761611
-0.307592
0.387929
-0.821459
0.060678
0.562304
0.534230
1.080736
-0.911498
0.508254
-0.325004
0.230926
-0.050491
-0.280637
0.290749
0.401213
-0.120567
0.332832
-0.181652
-0.196664
-0.395771
-0.044326
0.019773
0.940098
-0.341220
0.132630
0.744512
-0.630893
-0.435815
0.315424
0.042231
-0.065482
-0.473896
-0.349460
-0.236613
-0.871618
0.464412
0.600310
0.078316
-0.361759
0.018456
-0.575968
0.626717
-0.354742
-0.532076
0.238514
1.303488
-0.606088
1.241359
0.123001
0.329169
0.391920
0.601168
0.354794
-0.842183
-0.076912
-0.151836
-1.122265
0.264991
0.183345
-0.082634
-0.456944
-0.508667
-2.431739
0.165519
0.579495
-0.944141
0.173451
-0.497476
-0.491327
0.148451
-0.529133
0.038060
0.088211
-0.147840
-0.621965
-0.125578
0.030038
0.034244
0.598517
-0.025509
0.033528
-0.090330
0.180229
-0.897532
0.237129
0.061582
-0.446724
0.262749
-0.438660
0.254231
-0.169896
-0.747964
0.776686
1.030386
0.725539
-0.434328
-0.574206
-1.477906
-0.040993
-0.386339
-0.187815
0.372370
0.038057
0.025629
0.556733
0.025347
-0.689749
-0.012991
-0.852505
0.012523
0.228496
-0.787143
0.844926
0.408252
-0.554354
0.842283
-0.578704
0.134365
-0.144170
-0.290973
-0.497396
0.211547
-0.092651
0.206905
-0.849347
-1.374987
0.384156
-1.069729
0.403494
-0.166326
0.182823
0.826681
0.362835
-0.368460
0.036413
0.117122
0.087261
0.449592
-0.313670
0.589426
0.620173
1.089790
0.241314
0.939116
-0.378964
0.424043
-0.038252
0.605253
-0.889877
0.015601
-0.467431
-0.175547
0.489653
0.017478
-0.760277
-0.201322
-0.787022
0.206729
0.160061
0.460964
-0.632003
-0.343136
-0.012536
0.571025
1.224823
-0.202790
0.269887
0.271349
-0.682144
-2.239045
-0.524384
0.090259
-0.807171
-0.056218
-0.650826
-0.519056
-1.198022
0.841270
-0.323648
-0.371019
0.295506
-0.487789
-0.357501
0.281966
0.414586
0.567300
0.313117
-0.610476
-0.434574
-1.019490
-0.125962
0.125187
-0.000619
0.511606
-0.100583
1.159385
-0.087593
0.367189
-0.486177
0.570826
-0.721462
0.115896
0.369362
0.514918
0.425707
-0.426311
0.326057
-0.636688
0.983276
0.461467
-0.319033
-0.530114
0.537211
0.475571
1.009868
-0.661561
0.456762
0.066758
0.300023
0.105716
0.884932
0.353355
0.838510
-0.412157
-0.310386
-0.458961
0.998059
1.068467
0.544866
-0.510655
-0.268621
-0.999496
-0.587134
-0.263876
0.459757
-0.195476
-0.618655
0.583004
-0.345459
0.082677
0.230345
0.109762
0.210874
0.371608
0.420343
0.665763
-0.163555
-0.195823
0.721796
0.518315
-1.001079
0.108547
-0.428410
-0.342632
0.119607
-0.518182
-0.583857
0.674331
-0.543264
0.329367
0.276647
-0.698708
0.733314
0.238798
0.616728
0.007141
0.398123
0.284157
-0.386922
0.761817
-0.347426
0.157365
0.201726
0.440027
1.056574
0.620685
-0.003582
-1.090887
0.306944
-0.694286
-0.151164
-0.786056
0.683004
-0.486048
0.208365
0.820493
0.665752
-0.869888
0.900384
0.343653
0.319722
0.353901
-0.295294
-0.434858
0.551269
-0.439551
1.047058
-0.639578
-0.581570
0.099105
0.257381
0.001023
0.171413
0.757627
-0.081853
-0.626547
0.954909
-0.664898
0.013957
-0.519819
0.606720
-0.473759
0.586503
0.324919
0.290573
0.187491
-0.111362
0.535782
-1.314622
-0.637981
-0.237175
-0.066260
0.365302
-0.825486
-0.196847
-0.179678
0.263960
-0.011379
0.207858
0.372971
-0.269043
-0.163753
-0.180204
-0.884913
-0.087725
0.274098
0.162428
-0.860421
0.303624
0.202396
-0.169931
0.325322
0.352862
-0.035364
0.378664
0.963366
0.017910
-0.356811
0.430785
-0.468113
0.562794
1.139269
0.656241
-0.460184
0.386116
0.619040
0.711845
0.125273
-0.271668
-0.331576
-1.046483
-0.360219
0.104889
-0.063457
0.422866
-0.625696
0.153298
0.164787
-0.350190
-0.543885
0.575092
-0.409934
0.797438
0.448819
-1.243291
0.223595
-0.459396
1.033293
-0.004163
-0.405965
0.066686
-0.004497
-0.863895
0.179430
-0.192659
0.288753
-0.503904
-0.003687
0.027940
0.269219
0.727276
-0.871635
-0.627009
0.138226
0.575094
0.306272
0.496821
0.113393
0.735220
-0.016749
-0.153156
0.371418
-0.713667
-0.466103
-0.722151
-0.525837
0.954185
-0.310388
0.809018
1.281498
0.662167
0.169558
0.498919
0.342865
-0.925146
0.145766
-0.051433
0.179818
-0.028240
0.003103
-0.602285
0.006036
-0.721482
-1.243525
-0.573696
0.322933
-0.316944
0.303003
-0.387860
0.425792
0.811418
-0.028441
-1.088317
-0.442352
0.032317
-0.800746
-0.218413
0.183928
0.515614
-0.624770
0.033991
-0.400735
0.490260
-0.338983
0.896907
-0.119029
0.055359
-0.889001
-0.960040
-0.548332
0.247851
0.241556
-0.882360
0.847902
0.129138
-0.135714
-0.217383
-0.059861
0.686137
0.387265
0.147974
-0.022427
-0.670444
0.378107
0.691655
-0.011844
0.577438
-0.048220
0.284210
1.565457
-0.629901
0.246962
-0.377380
-0.645315
-0.423058
0.225803
-0.433134
0.450322
-0.419678
0.705179
-0.259846
-0.745796
0.499158
0.236354
0.941910
-1.095848
0.736326
-0.178717
-0.653009
0.098297
0.606686
-0.700282
0.541361
-0.075465
-0.232286
-0.963080
0.178709
0.556470
0.717046
0.786959
-0.207174
-0.519510
0.451727
-1.403245
0.445811
-0.068854
0.134599
0.156401
-0.353354
0.004389
0.151114
-0.636635
-0.469890
0.445838
-1.000096
1.514373
0.712158
-0.078691
0.173692
-0.426004
-0.028966
-1.011365
-0.696404
-0.089013
0.217353
-0.226109
0.789471
-0.938438
-0.811796
0.112703
0.629441
-0.608930
-0.275577
-0.715523
0.577379
-0.108199
0.888321
-0.719035
0.826921
0.902225
-0.303396
0.368746
-0.410876
-0.382163
0.417393
0.438840
-1.423544
0.134416
-0.164717
-0.813267
-0.087696
-0.634329
-0.476887
0.023833
1.474433
-0.614244
0.383385
-0.443590
1.193802
0.294489
-0.850099
0.763579
0.202995
-0.666908
-0.041742
-0.464588
-0.255809
-0.603962
-0.195265
0.197364
-0.312588
0.138772
0.882954
-0.382250
-0.126802
0.673245
0.445696
-0.053436
0.187329
0.490683
-0.213656
0.262190
0.217869
-0.586611
-0.273942
0.220170
0.136070
-0.279052
-0.317210
-0.134955
0.590459
0.246984
-0.012803
0.294052
0.678741
0.493963
0.544284
0.034622
-0.105785
-0.462567
0.632886
-0.516427
-0.667376
0.124411
0.649060
0.239510
-0.935916
0.607989
-0.957806
0.585909
0.792708
-0.258530
-0.636598
-0.656599
0.128890
-0.419004
0.083956
0.429898
0.205927
0.356597
-0.051109
0.671761
-0.835253
0.399250
0.861946
-1.077863
0.448323
-0.386257
0.796781
-1.147148
0.688808
-0.686298
0.113683
-0.421233
-0.497506
-0.379118
-0.577739
0.006301
0.372101
0.382333
0.518938
1.081816
-0.417479
0.122806
-0.431895
-0.122897
0.705561
0.049697
-0.961203
0.746940
1.450581
0.126440
-0.286712
0.589605
0.672159
0.087611
-0.773979
-0.226862
0.339866
-0.712589
0.286543
-0.242989
-0.450308
0.215540
-1.194108
0.857257
-0.513225
0.074221
-1.114353
-0.725536
0.217010
0.497172
-0.343593
-0.435131
-0.005945
0.153463
0.975689
0.467100
-0.292046
-0.587780
-0.035805
0.393241
-0.360625
0.665901
0.139335
0.458309
0.012040
-0.929123
0.800860
0.347846
0.446392
0.271931
-0.175613
-0.317745
-0.826246
-0.574791
-0.158418
-1.133139
-0.312668
0.710829
-0.108537
-1.166814
0.023072
0.749767
-0.020294
-0.051414
-0.674184
0.237737
0.388544
-0.125639
0.801253
0.389128
-0.558072
0.504154
-0.094242
1.094251
0.320394
1.137753
0.401031
0.406646
0.206524
0.465032
0.450140
-0.196141
-0.355569
0.097473
-0.376010
-0.960589
0.147875
0.511633
-0.152708
0.878138
1.069827
-0.050011
-0.012266
0.482919
-0.029169
-0.021521
0.578871
0.216826
0.936023
0.523179
-0.267350
-0.012000
-0.443028
-0.317596
-0.418976
0.415055
0.310145
0.143973
-0.340795
-0.949348
-0.093471
0.027992
0.204605
-0.664054
0.158075
0.083644
0.262951
-0.019287
1.369664
0.274374
0.348229
0.155094
0.070804
0.369289
-0.331457
-0.459136
-0.477230
-0.131122
0.630837
-0.097935
-0.442910
-0.268284
-1.213224
0.368529
0.132342
-0.210883
0.263373
0.688783
0.197221
0.111076
0.687418
-0.047032
0.359272
0.595059
0.795130
1.181203
-0.125885
0.589348
0.626905
-0.054212
-0.224249
0.009450
0.505182
-0.198989
-0.953453
0.277304
0.452268
0.510843
-0.975372
-0.426604
-0.172313
-0.823658
0.702026
-0.409943
0.131110
0.184951
0.979195
-0.745719
0.393894
0.200983
0.388379
0.245031
0.023329
-0.026291
-0.600773
-0.891011
-0.150108
-0.471292
0.697440
-0.192031
-0.513181
0.282514
-0.354728
0.932570
0.956902
0.213779
-0.306088
0.407007
0.237560
0.384675
0.162418
-0.196173
-0.195668
-0.467348
0.001346
0.161093
-0.871180
-0.404204
-0.048584
0.507870
0.863240
0.876017
0.139530
0.491384
0.088370
-0.279063
0.131997
0.689253
0.534018
-0.540094
-0.153440
0.239642
0.520055
0.046540
0.867660
0.093918
-0.623842
-0.197972
0.019674
-0.320098
0.461599
-0.317538
0.180773
0.646793
1.322705
1.331176
0.074247
-0.207072
0.595294
-0.411817
0.070567
0.083352
0.550404
-0.212321
-0.429794
0.175653
0.140381
0.514687
0.248865
-0.670596
-0.418048
-0.126884
-0.548498
-0.296715
-1.384011
-0.120911
-0.294075
-0.379292
0.049647
0.051247
-0.083777
-0.836208
-0.224544
0.379260
-0.443485
0.408693
-0.292595
-0.116061
0.296547
0.296517
0.351780
0.024695
0.296638
-0.093133
0.345287
0.971312
-0.025053
-0.237875
-0.179442
-0.157450
0.098265
0.526187
0.441026
-0.744058
-0.058699
-0.552649
-0.655208
1.037347
0.242986
-0.222906
-0.468315
-0.083829
0.206934
-0.715511
0.274561
0.770723
0.878826
0.508131
0.431262
-0.116027
0.209061
0.586042
0.014192
-0.042982
0.359471
0.053631
-0.101753
-1.030929
0.592489
0.185237
1.061763
-0.051268
-0.055287
0.457408
-0.232140
-0.090488
0.303958
0.469228
0.919483
-0.920810
0.661247
0.176069
-0.335613
0.689405
-0.287837
0.042231
-0.657968
0.181349
-0.452984
0.752409
0.691533
0.441175
0.434022
-0.378388
0.523994
0.541496
-0.058095
0.353026
0.128958
0.424820
-0.393777
-1.391460
-0.182419
0.549944
-0.973534
-0.247205
0.294619
-0.058299
-0.346103
0.218365
0.061927
0.526574
0.292110
0.249694
0.293561
0.357746
0.033814
0.027650
0.358194
-0.176069
0.208020
-0.573205
-0.408319
0.448432
0.643290
-0.353961
0.716730
0.487728
0.072353
-0.251951
-0.851270
-0.447892
-0.321217
0.295329
0.321011
-0.392679
-1.309756
0.555294
0.336270
0.425631
-0.419741
0.196891
0.259779
0.414264
-0.659530
-0.114188
0.318397
-0.013728
-1.029920
-0.663814
0.751186
0.021347
-0.749891
-0.911323
0.242192
0.033963
-0.008363
-0.760198
-0.042055
-0.994025
-0.397582
0.470856
0.090570
0.514804
-0.109605
1.086376
0.075177
-0.372227
-0.169992
0.920027
-0.207078
-0.921079
-0.079867
-0.309209
0.138830
0.352852
-0.314624
0.266337
-0.480903
0.236827
0.383856
0.383847
-0.193485
-0.293246
-0.354538
0.565396
-0.229183
-0.649916
0.168014
-0.903668
-0.161324
-0.240737
-0.398761
0.001146
0.428023
0.338809
0.372244
-0.474359
-0.190581
0.583005
-0.048854
-0.088925
0.050519
-0.112614
-0.286136
0.080247
0.043048
0.224509
0.312749
0.499629
-0.638722
0.388144
0.118667
-0.038702
0.021615
-0.396818
-0.298778
-0.180110
0.432201
-0.573939
0.726179
-0.053433
0.177872
-0.104178
-0.607665
0.389433
-0.436795
-0.978468
-0.156124
0.420212
-0.212709
0.011312
0.693416
-0.321117
-0.598313
-0.302755
-0.417691
-1.197241
0.399045
-0.916584
0.965764
0.138611
0.496230
-0.378011
-0.692797
-0.087766
-0.265971
-0.836919
-0.629002
0.280916
-0.460498
-0.518341
0.653285
-0.731938
0.454390
0.241803
0.629637
-0.062955
-0.512819
-0.767719
-0.532380
0.278085
-0.669136
0.365249
-1.468396
-0.289498
0.128435
0.525826
-0.416796
0.429114
0.726251
-0.700882
0.113532
-0.450365
0.160131
0.747943
-0.615114
-0.238425
1.133642
0.731385
-0.422606
-0.750720
0.113779
-0.722242
-0.188134
1.188071
-0.219012
-0.499637
-0.356326
-0.080189
1.127698
0.022447
0.871897
-0.653361
0.053845
0.066320
-0.138315
0.148487
0.493364
-0.613231
0.605604
0.398505
-0.770346
0.299032
0.198171
-0.125666
-0.625806
-0.062289
-0.436138
0.435751
-0.887985
0.579269
-0.759918
0.361187
0.069701
-0.514834
0.983085
0.182779
-1.110774
-0.314629
-0.245152
0.511012
-0.996907
0.114508
-0.576410
0.590581
-0.024900
-0.344409
-0.627603
0.708046
-0.110199
-0.113587
0.464090
0.754079
0.587530
0.023147
-0.795895
0.109463
0.219590
-0.451699
1.415705
-0.189736
0.184310
-0.732942
-0.029598
-0.927085
1.099291
1.166242
0.546451
-0.295654
-0.341738
0.380624
-0.120487
-0.746588
0.366760
0.718496
0.561664
0.456188
0.023709
0.621029
-0.383431
-0.427537
0.148656
-0.524861
0.176482
-0.811404
0.627315
0.408154
-0.310839
0.564930
-0.307041
-0.492119
-0.748006
0.356718
0.031298
-0.653343
-0.585988
0.080292
-0.467119
0.564100
0.675574
0.269849
-0.476305
-0.047339
-0.443269
0.168050
0.741198
0.355514
0.045812
0.648647
0.481395
-0.695456
0.419859
-1.032130
0.448470
-0.444367
-0.276319
0.341277
0.455534
1.840484
0.032309
-0.413254
-0.886623
-0.013004
-0.229176
-0.907718
0.200089
-0.593104
0.234167
-0.144234
-0.213175
-0.226487
-1.171706
0.089576
0.443495
-0.183906
0.044996
0.246344
-0.084587
-1.150686
0.464645
0.431983
-0.071469
-0.997581
-0.691848
0.090350
0.500368
0.067077
-0.214672
0.489019
-0.244267
0.867839
-0.175774
-0.289984
0.261832
0.567694
0.274562
0.035036
-0.391522
-0.699988
0.211172
0.553459
-0.167574
-0.505940
0.215503
0.348816
0.416358
1.131504
0.697046
-0.153131
-0.199394
-0.174806
-0.417445
-0.328886
-0.274577
-1.015940
-0.076419
-0.213838
-0.227021
0.558012
0.880755
-0.245170
-0.207780
0.303477
-0.907875
-0.305348
-0.168706
0.442974
0.039816
-0.450009
-0.035671
0.313131
-0.501219
-0.679421
-0.504191
0.479435
0.904578
-0.266119
0.032870
0.478918
-0.693401
-0.077015
-0.729374
-0.133189
-0.619847
0.196855
0.439816
-0.084416
-0.247123
0.428866
0.790681
-0.640931
0.689139
-2.102261
0.123165
-0.780426
-0.888365
0.569628
0.193031
-0.901392
-0.227496
-0.541937
0.321069
0.601099
0.143492
-0.675710
-0.049025
0.461044
-0.221308
0.347037
-0.300720
-0.842217
0.276709
1.195188
0.428377
-0.503482
-1.406920
-0.725111
0.013185
0.619915
-0.436359
-0.988235
-0.171965
0.524393
0.303519
0.017848
0.186774
0.158223
-0.271747
0.177236
0.603959
-0.237819
0.495704
0.551103
-0.710676
0.511145
0.206871
-0.221830
-0.101612
-0.067131
-0.971144
-0.160580
-0.592339
0.199223
-0.132118
0.299348
0.993260
0.460883
-0.363029
-0.321946
1.124589
-0.518039
-0.138780
-0.207232
1.350898
-0.663143
-0.386036
-0.158349
1.550211
0.015859
0.007578
0.173455
-0.359542
0.352214
-0.319801
-0.029125
0.639162
-0.325116
-0.379627
-1.003245
-0.023043
-0.511936
1.333051
-0.234136
0.604384
0.021763
-1.246966
-0.930744
1.308257
0.882840
0.262509
-0.296759
-0.180890
