-0.177685
-0.271572
-0.274143
0.658015
0.355891
-1.414763
0.835643
0.651016
1.078383
-0.835322
-0.644648
1.035893
-0.426792
0.931061
0.031967
-0.867185
-1.337476
0.683709
-0.400532
-2.256489
1.737654
0.215860
1.058607
0.707013
-1.463807
-0.171194
-0.206758
0.469259
0.496637
0.313223
1.414262
-0.550284
2.779365
0.531959
0.599779
-1.035253
0.760626
0.348937
-1.421644
-0.292998
-0.621057
0.663663
0.613747
-0.158915
0.633591
0.624723
0.030381
-0.058744
-0.190454
0.432102
-0.161906
-1.996095
0.165704
1.605692
0.198435
-1.321977
-0.226919
-0.642396
-1.034073
-1.360460
1.424857
-0.723220
0.325774
0.992418
0.676350
-0.385142
0.642138
0.833752
1.143688
1.053227
-0.187897
0.532334
-0.493905
0.137650
-2.173702
0.584257
1.425862
1.238980
-0.041345
-0.368698
1.677153
1.837663
0.605252
0.708678
1.495298
-0.891725
0.392228
1.881675
-0.768808
-0.611981
0.367698
-0.389235
-0.758348
-0.629863
-0.300806
-0.332039
1.851649
-0.941247
-0.334208
-0.196046
0.350122
0.110070
-0.429300
1.425108
0.227325
0.519435
-0.194662
-0.196999
-0.930489
0.286764
0.876513
-0.227865
1.050813
-1.095084
-0.606786
-0.564702
-1.103165
1.118489
-0.924027
-0.085509
-0.443551
-1.296930
-0.973505
-1.322994
0.420596
1.153786
0.742788
-0.647809
-0.227181
-1.363652
-0.212868
0.037817
0.919014
-0.037985
-0.755554
1.595079
0.280585
-0.147590
0.471032
-0.660436
1.104305
-0.279263
0.587085
-0.282093
-0.536149
1.765451
-1.063262
-0.706279
0.163303
-1.469682
-0.613563
-0.667024
0.429949
-0.092064
-0.072567
-0.847116
0.885482
-0.944977
-0.039017
-1.839667
-0.287920
0.351163
-0.535639
0.128649
-0.369391
0.260723
1.480950
0.470731
-0.218207
-0.866244
0.100971
0.125896
1.130947
-0.686385
-1.105618
0.782415
0.564251
-0.171260
-0.844551
-1.740744
-0.705739
0.052150
0.202731
-0.257421
0.453746
-1.349106
-0.188634
0.505717
-0.834753
-0.328339
-0.210641
-1.682547
-1.842493
-0.493883
-0.699576
0.259523
0.124069
-0.186646
0.614126
-1.141526
-0.116889
0.447022
0.073984
-0.435653
-0.869596
-0.788770
0.236999
1.490743
-0.519022
-0.325941
1.322992
-1.247048
0.096630
0.084989
0.178297
0.178916
-0.462988
-0.844645
0.515640
0.944711
-2.007187
-0.380307
-0.749173
-0.580962
-0.864895
-0.273177
0.188592
-1.075199
0.403357
0.972066
1.226822
0.029821
0.420072
-0.242212
-0.252119
0.869918
1.038200
-1.606059
-1.322358
0.648928
1.643539
-0.192694
-1.411343
-1.679312
-0.136398
-0.382058
1.805099
-0.382364
-0.230494
1.740605
-0.425890
0.303973
0.891168
0.866857
1.795164
-1.514767
-0.561489
0.882464
0.106543
-0.877977
-0.633573
-0.290807
-0.951642
-1.221539
1.079721
0.191874
0.627059
0.834164
-1.630907
-0.562366
-0.505054
-0.467293
-1.736966
-0.474321
0.513487
-1.232769
0.390313
0.690788
0.306147
-0.374969
-0.208208
1.603344
1.207914
-1.141672
-0.872074
0.248250
0.588766
-0.584908
-0.811084
2.036458
0.251931
0.649492
1.134611
0.932078
0.260554
0.088915
1.078739
0.356185
-0.066650
-0.356626
0.745030
0.367567
0.084540
-0.992504
-0.968630
1.343510
-0.039998
0.347738
-0.849664
0.311208
0.257289
-0.207425
-0.964857
0.205941
-1.542954
-0.201770
-0.972274
0.196011
-0.528931
0.497101
-1.500494
0.180107
0.204360
-1.429252
0.297731
1.170480
-0.805872
-0.765840
0.632360
1.988435
1.476235
0.039227
0.821409
0.201211
-0.625583
0.186754
1.368740
-0.086062
-0.812175
-0.144367
-0.025425
1.336814
1.726316
-1.089425
-0.429529
-0.805083
-1.048351
-0.788557
1.284818
0.467447
-1.706156
0.272617
0.363371
1.085661
1.930193
-0.073045
0.431344
-0.038681
0.260701
0.273798
-0.153219
0.077890
0.051145
0.208925
0.134974
1.217190
1.246651
-0.614725
0.146549
0.243284
-0.592643
0.925134
0.347758
1.920194
0.052335
0.011632
0.241133
0.384152
0.904971
0.019165
0.254653
-1.560634
-0.214755
0.247804
1.066690
0.755638
-1.150090
-0.172572
-0.571939
0.749086
1.173238
-1.332851
-1.874677
1.782040
-0.049759
-0.332595
1.124960
2.388878
1.142681
-1.462164
0.717465
-0.375707
1.077829
1.106406
0.723537
0.247498
-0.943467
0.460146
-0.305743
0.217806
1.018604
1.659985
0.372658
0.010994
0.420877
0.125341
-0.743404
0.581434
0.052776
1.012925
-1.030580
-0.599446
-0.255577
0.414202
1.173851
-0.440642
-0.398970
-0.768952
-0.764161
0.386924
-0.335025
-0.777812
-0.404728
-0.500641
-0.303074
0.989467
0.595678
0.551807
-0.484880
0.373778
0.942969
-0.920314
-0.082993
1.692457
-0.395752
-0.088495
-0.367409
-0.499039
0.156783
0.972972
1.329478
-0.592449
-0.352119
-0.502293
-0.247430
-0.993872
0.388647
-1.068572
-0.235382
0.047875
-0.726117
0.927960
0.298865
-0.030632
0.364647
-0.728505
-0.130580
-0.073370
-0.253574
0.574411
0.456644
-0.270557
0.107445
-0.234009
0.119169
-0.514372
0.052351
-0.264357
0.216214
0.820127
-0.616744
0.036700
-0.402334
0.657423
-2.143721
0.294851
0.955866
0.304635
0.904938
-1.395491
-0.088875
-0.479659
-1.836519
-0.329151
-0.243536
0.441067
2.265666
0.505035
-2.245211
-0.253159
-0.314455
-1.056895
-0.902529
0.511692
0.763497
0.283924
-0.276144
0.906160
-0.236068
0.400419
-1.078452
-1.320004
0.292729
-1.145455
-0.774784
-0.591027
-1.201660
0.912581
-0.426327
-2.030449
0.723385
0.032477
-0.504329
-0.390707
-1.287322
-1.947640
-0.558989
0.153230
1.756022
-0.105896
1.111262
-1.279071
0.021514
1.228612
0.143210
-1.286834
-0.897723
-1.538845
1.069785
0.134900
-1.154997
-0.743065
-0.552493
0.768985
1.399447
0.302638
0.787273
0.751825
-0.953822
0.694047
0.475989
0.317286
-1.498524
0.659343
-1.809478
1.479877
-1.912190
-0.596594
1.084813
1.039807
0.900853
-1.227278
-0.403195
0.869228
-0.869728
1.151488
1.138060
-0.407938
0.966233
-0.069799
-0.618928
-0.498822
0.028333
-0.364856
1.119525
0.797385
0.146857
1.131743
-0.959850
-0.669008
1.929282
0.587781
-0.798202
-0.468983
0.189054
-0.484694
-0.650616
-0.424853
-1.946677
-0.112046
0.784483
1.069581
1.133477
-0.949102
-1.513402
0.278078
1.194780
-0.865847
1.072587
0.746929
-0.877376
0.017969
0.042614
-0.363578
1.285482
0.144594
-0.235206
-1.309111
0.374106
0.220078
1.264428
1.079749
-2.062712
0.139176
0.447469
-0.026883
1.528047
-0.221954
0.923705
0.326201
-0.453085
-1.077397
-0.738000
-1.456757
-0.011317
-0.505941
1.598026
-0.513339
-0.741546
0.821709
1.199535
0.993541
0.235758
-1.451309
-0.453762
0.164751
-0.405253
-0.437857
-1.337044
-0.068015
-1.619977
0.500193
-0.687876
-0.987810
1.529511
0.075380
-0.420967
1.593419
-0.162725
1.943022
1.301352
0.243977
-0.815368
-1.763597
1.308745
-0.641709
-0.276347
-0.833410
1.776659
-1.689226
-0.290552
-0.863497
0.756403
1.331423
1.943257
-1.655331
0.672051
0.021437
-1.096958
0.052465
0.313682
-1.689330
0.853379
-1.307722
0.031121
-0.156866
0.886128
0.563068
0.380897
-0.957639
1.576456
1.383393
-1.836112
1.232371
1.340399
-0.455787
-0.150385
0.929691
-0.762626
1.228830
1.095009
-1.975844
-0.900729
1.492877
0.691653
0.428754
0.972645
-0.013923
-0.382018
-0.058180
0.113053
0.339296
-0.248675
0.100925
0.426044
1.265564
0.376766
1.010612
0.408287
-0.524535
-0.110509
0.509404
0.387218
0.364107
-0.849400
0.285273
0.635256
1.824714
0.505359
0.383147
0.378369
-0.208849
-0.689484
-0.214373
1.555108
0.450303
0.567774
-1.200995
0.472574
-0.160140
0.798683
0.204528
-0.324713
0.852815
0.062600
-0.409276
0.815615
1.001922
-2.186156
1.120018
-0.795632
-0.206986
-1.192365
0.376654
0.432634
0.682355
1.822224
-0.970826
-0.143595
1.458136
-0.556324
0.410340
0.287134
-0.795110
1.278288
-0.243491
-1.121708
-0.493701
-0.933845
-1.044440
-0.788190
0.426269
-0.892674
-1.345228
1.791400
0.956171
-1.773713
0.133461
0.154062
-0.112874
0.775995
0.204364
-0.385331
1.322002
-0.316570
-0.841605
-0.935327
-0.217059
0.528377
-0.288808
-1.109196
-1.159818
0.352800
-0.236350
0.330923
0.979902
-0.866970
0.383636
1.570255
0.050562
-1.226925
-1.928005
0.934274
-0.765806
-0.603174
-0.648328
0.508329
-0.821768
1.411768
-1.172915
1.660348
0.386161
0.359828
1.264315
-0.496843
0.280644
-0.153866
0.719461
-0.831885
-0.866737
0.830847
-0.132556
-0.874864
1.898736
0.635386
0.647632
-0.352992
-0.617295
0.890570
0.465520
-0.382404
0.439625
2.025552
-1.567818
-1.048724
0.772436
2.092910
-0.304238
0.150882
0.630195
-0.433573
-0.072859
0.760185
-0.546688
0.915789
-0.254489
-1.073048
1.303153
-0.401438
1.260662
-1.796029
0.338571
-0.076400
-0.122776
-0.792698
-1.184865
1.120193
1.409618
-0.001136
0.436674
1.314749
-2.335779
0.348792
-0.160150
-0.429629
-0.583135
-0.557643
-0.624000
0.009183
-0.756442
0.121167
-0.240183
-1.060429
1.899963
0.233202
-1.042507
-0.286320
-1.625386
-1.202062
0.018119
0.222315
0.076505
0.131343
-0.290866
-1.375397
1.233240
-0.272002
-0.389003
-2.701826
0.501306
-0.130250
-1.513103
1.537586
-1.102912
0.845971
1.319293
0.151584
1.185617
-0.562407
0.044135
0.855229
-0.344779
-0.153623
-0.659898
0.272799
-1.038188
-1.642284
0.891198
0.292406
0.561862
0.337116
0.672948
0.238676
-1.839124
1.669458
-0.432991
0.381975
0.754139
-0.887562
-0.335318
-0.353119
-0.234440
0.643231
0.714402
-1.116091
-0.610043
-1.473583
0.423988
-0.800421
1.136864
0.481390
-0.569661
-0.180680
0.322661
0.036642
-0.059147
0.102717
0.136532
1.104670
1.009316
1.945343
0.395498
-0.604031
2.040160
-1.495801
0.712925
-1.417875
0.209119
-0.089579
-0.529549
-0.919248
0.530118
-0.198245
0.290443
-0.678250
2.163231
-0.144911
-1.966088
-1.528173
2.133607
-0.022369
-0.124469
0.126997
-1.826349
-0.284539
0.506359
0.365328
1.017716
0.048763
-1.585247
-1.249900
0.370514
-0.190698
-0.236463
-0.037364
-0.280318
1.232443
-0.123608
0.022347
-0.200651
0.449994
-0.092540
1.489576
0.125823
1.018987
0.088234
-0.382367
1.375225
-0.762431
-1.093574
0.324921
0.525859
-0.182429
-0.530465
-0.767417
1.054114
0.042997
-0.545180
-0.845243
-0.328173
0.259334
-1.862994
-0.251195
-1.451406
-2.111040
1.985833
-0.232157
-1.354881
-0.750954
1.244743
0.549927
0.660353
-0.142577
0.679364
0.885648
0.342331
-1.172530
1.888855
0.063087
0.226588
-1.282533
-0.345027
-0.985369
1.311781
0.866943
0.127740
0.209347
-0.330059
1.438869
-0.311551
0.191018
-0.108459
-0.369822
-0.304535
-0.164630
-0.231252
-0.424952
0.498564
0.355063
0.100616
2.268894
-1.005310
1.796147
2.514350
-0.768464
-0.860944
-0.116050
0.007188
0.700239
0.814296
-0.224401
-0.031840
0.539281
-0.008017
0.199722
-0.447625
0.184709
0.262773
0.372086
-1.404962
1.755865
0.945116
0.286048
1.137288
-0.294250
1.315796
0.019208
-0.880013
0.685737
0.875987
-0.019055
0.081422
0.449450
0.476031
-0.287105
-1.167249
1.492828
-1.860208
0.298712
-0.418221
0.511243
-0.798807
-0.847615
0.063230
-0.308105
-0.091290
0.255257
0.824038
0.492273
0.631155
0.331152
1.291919
-0.185521
0.586354
-0.752709
-1.319885
-1.056025
-0.385882
-0.454985
-0.175165
-2.474529
0.188648
0.302619
-0.692148
0.845785
0.112814
1.886523
0.554661
0.314242
-0.792731
0.436211
0.844975
-0.024051
0.762904
-0.179716
0.764723
0.740421
2.160202
-0.375357
0.764591
-0.839853
-1.575489
-1.410733
-1.093508
1.080050
-0.269110
-2.612346
0.009757
-0.859527
-0.247833
-0.235292
-1.815289
-0.825804
-1.862698
-1.486002
-1.192576
-0.648542
-2.668200
-1.557766
-2.202314
-1.238599
-0.139897
-0.521755
-0.476357
-1.206694
-1.324314
-1.450440
-0.395155
-0.789567
-0.049939
0.046955
-0.079433
-0.426753
0.021439
-0.709707
-0.198744
0.397961
2.446360
-0.433232
1.280985
1.725917
1.329917
1.603198
0.087712
3.144106
3.011817
1.533350
1.368901
2.903562
3.500570
0.655306
3.024742
0.529488
0.918988
2.084123
1.282790
-0.062016
1.380344
0.650555
0.072303
-1.462380
-0.313363
-0.262743
-1.044359
-0.796686
-1.360469
-2.181029
-0.032267
0.801888
-1.310180
-0.374332
-0.527020
-1.137701
-2.486713
-0.844578
-1.035236
-1.837673
-3.057240
0.304050
0.284357
-1.457625
-0.351910
-1.679701
0.436802
-1.236512
-0.497633
0.374379
0.680918
-0.490291
0.534391
1.050330
2.103419
1.391882
0.549065
0.813570
-0.925821
0.511710
2.068524
1.476536
1.218029
-0.007698
-0.523235
-1.567003
1.069388
-1.999658
-0.468101
-0.454836
2.046672
0.410015
0.399323
-0.795659
0.340814
0.376010
-0.367787
-0.409304
-0.619325
0.056655
0.535453
-0.172811
-0.379334
0.971775
0.177181
-0.488270
-1.017959
0.239188
-0.791056
0.519310
0.429847
0.621648
-0.594971
0.402961
0.416895
0.050027
1.734317
-1.672489
-0.883168
-0.299944
-0.167286
0.107991
-0.152497
-0.405810
-0.245212
0.916189
1.181896
-0.121135
0.376560
-2.746012
-0.259589
0.604834
-1.018030
0.150316
1.408913
0.095122
0.702739
0.639261
0.734921
0.048454
-0.487569
0.330159
-0.414458
-0.451678
0.684953
0.050739
1.502445
0.776357
0.673400
-1.411611
-0.918458
-1.013190
-0.947070
0.220235
-1.507657
-0.987681
1.320479
0.891791
0.051361
-1.090621
-0.422780
-0.679789
-0.893833
-1.144815
-1.511693
-0.136200
0.676078
0.125692
-0.817358
-0.262863
-1.656188
0.996060
0.237380
0.517953
0.174296
-0.071166
-0.654538
0.693404
-0.373672
1.141912
0.536154
-1.640789
0.220308
-0.002836
1.606301
-0.599732
1.191987
-0.465717
0.387431
0.383285
-0.137426
-1.211600
-0.587987
-1.309926
0.514520
-0.448604
-0.088562
0.227297
0.874722
-0.297574
-0.840062
-0.296940
-0.041547
-0.398406
-0.279570
-1.434531
-1.557827
-0.555044
-0.886869
0.566800
1.194223
0.783370
1.241055
0.082536
0.474547
1.717760
-1.440756
-0.574882
0.080216
-0.851801
0.946535
-0.684928
0.450455
0.059067
-0.346515
-0.745843
-0.099070
0.709590
1.345098
0.259323
-1.548651
1.794253
0.472631
-1.113275
0.890223
0.288943
-0.911289
-0.321003
0.662511
-0.031287
-0.747268
-0.846744
0.463077
-0.562750
-0.000156
1.437030
-0.316534
-1.329566
0.145635
-1.311390
0.035021
1.296701
-0.174745
-0.307170
-1.310790
-0.429921
0.219751
-0.120485
1.007735
1.683362
-0.279109
0.396598
0.099409
-1.123109
-0.225577
0.177715
0.874892
-1.744107
-0.011604
1.032133
0.979617
-1.009695
0.329245
0.379920
-0.821739
-0.188680
-1.516214
-0.405767
0.794269
1.789859
0.373797
-1.633305
1.827200
0.362071
1.304376
-0.008526
-0.412659
0.229660
-1.059226
0.308030
0.838123
-0.558540
0.981288
0.834034
-0.008959
0.236396
-2.027504
0.015466
-0.190084
-1.861354
-0.190975
-0.816866
-0.159185
0.791426
0.569082
-0.703380
1.160295
-0.457726
-0.164561
0.019296
1.144067
-0.531371
1.670140
-0.602213
-1.762878
0.647104
-0.206318
0.815658
-0.662174
-0.999846
-0.572546
0.203155
-1.359628
-1.465492
0.741148
-0.068945
-0.322271
2.400003
0.596001
-0.394499
-0.008975
0.471332
0.130142
-1.342869
-0.184327
0.040890
0.067764
-1.135451
0.517892
0.161327
-1.220828
-0.131645
-0.726366
0.188187
1.553284
0.172083
-0.394005
-0.379005
-0.381404
0.027027
0.408148
-0.629336
1.324083
-1.109660
0.893248
-1.105639
0.010631
0.176987
0.288375
-0.851812
-1.075763
0.734895
1.086284
-0.345829
0.489017
2.497446
-0.385431
-0.707392
0.501431
0.056393
-1.288276
0.212336
0.323994
-0.936258
0.827060
0.685199
0.113562
2.172012
-0.606745
1.179763
0.364374
0.390547
0.464442
0.147703
0.237490
-0.765645
-0.262396
0.598491
-0.986233
2.257036
-2.239156
0.706321
0.755631
-0.968837
-1.240794
0.351020
-0.782607
-1.067550
-0.880178
-0.036382
0.529796
-0.789716
-0.382286
1.002595
-0.137002
0.814055
-0.236753
-1.474281
0.775060
0.397684
-1.284797
-0.096898
-0.596644
0.393295
-0.895444
0.456352
-0.482931
0.913160
0.108609
1.553204
-0.392539
0.842188
-1.229267
0.560080
2.576924
0.766189
0.760593
0.536321
1.184406
-0.245347
1.322776
-0.352880
0.199503
0.017864
0.949354
0.183619
-1.557727
0.137426
0.380074
1.252721
-0.491489
-0.509868
-0.229626
2.611057
0.206306
-0.664771
-0.365085
-1.517120
-0.350227
1.331825
-0.508078
0.244942
-0.810550
0.095987
0.154596
-0.524651
0.857428
0.261548
0.234959
0.484295
-1.243748
0.110221
-0.288066
-0.489014
-0.403265
-1.302934
-0.306965
0.846555
1.004338
0.138046
-1.013665
0.327498
0.559852
-0.165413
-0.148165
-0.500808
0.808418
-0.859290
0.536787
0.803041
-0.913976
0.336913
-0.365564
-0.627209
-0.854281
-0.724269
-1.957512
0.316778
-0.294941
-0.499560
-1.293477
0.388695
-0.335987
0.303857
1.257118
2.069627
1.087770
0.528515
-0.793254
-0.141486
-0.774546
0.042988
0.255715
0.377559
-0.777296
-1.038039
0.003586
1.227530
-0.312902
1.257061
-0.351023
0.997862
-0.381178
-0.418528
-0.567507
0.034254
-0.403253
-0.144811
0.020626
-0.573392
-1.893389
-0.426344
0.345129
-0.552752
0.597270
-0.398539
-1.955989
0.049336
-0.862143
1.377485
0.241923
0.096355
-0.208032
1.702376
-0.597992
0.850487
-0.845471
-0.004795
-1.727492
-0.486038
0.692976
0.760693
0.173379
-0.934021
-1.748616
1.043057
0.775199
0.842597
0.353606
-2.240746
1.290777
-0.073861
-0.386410
0.456815
-0.432557
0.533688
-1.323282
0.382367
2.131906
-1.100470
-0.877015
0.349044
0.272812
-0.639759
-0.747099
0.344648
2.158749
-0.050859
-0.238968
-1.450267
-1.176614
0.775387
-0.186547
-0.327707
-0.754654
-0.246996
0.181003
-0.060331
-0.324281
-0.382580
0.639070
-1.112734
0.224148
-1.193347
0.778194
-0.207849
-0.159257
0.510325
0.617391
0.231598
-0.528571
-2.210152
0.659413
-0.221483
0.230242
-0.681733
0.816947
0.100614
-0.010128
-1.079750
-0.319021
-0.186866
-0.157113
-1.740944
-0.142952
0.242652
-0.124698
1.508622
-0.442366
-0.667032
-0.746551
0.424195
0.535659
-0.917798
-0.453783
-0.846396
1.299446
0.951573
-0.795899
0.767050
-1.223765
1.405859
0.983787
-0.347973
1.019163
-0.185957
-1.564143
-0.969553
-0.693160
-0.892259
-0.063602
-0.186818
1.796101
0.430998
-1.297070
-1.148842
0.575888
-0.073953
1.351458
-0.749079
1.153899
-0.429995
-1.598371
-0.706960
-0.111882
-0.339483
-0.361506
0.032298
0.035576
-1.661382
-1.363783
-0.128736
0.290728
0.096224
-0.135505
-0.130038
-0.580036
-1.156934
0.060672
-1.159952
-0.325891
0.060002
0.146613
-0.692969
1.141174
0.335951
1.034535
-0.566523
-1.456289
-0.817268
-1.643945
-0.005894
0.517104
-0.640709
-1.249271
0.103283
-0.849423
-0.441642
-0.445929
-0.799158
-0.074559
0.875027
-1.147815
-1.646446
0.275553
-1.018114
-2.030042
-0.299619
0.404792
-0.176002
1.409811
0.685834
-0.672899
0.223743
-0.157982
-1.028538
-0.263920
0.809509
-0.360546
1.943139
0.471845
-0.018486
-1.123020
0.349296
0.571670
0.935241
-0.281908
0.647841
0.936970
1.156970
0.238347
0.470595
-0.808412
0.192742
-2.028070
1.115646
0.661177
1.455932
0.683372
-0.428324
0.150564
-0.953627
0.749481
-1.133000
0.179383
-0.913359
-0.095533
-0.172796
-0.533812
-0.659054
1.004188
-0.293942
0.728754
1.022324
0.018032
-1.590942
0.836260
1.057591
-0.221945
1.204621
1.609717
0.004710
0.196880
-0.258726
0.030425
0.898826
1.283727
0.176702
-1.247194
1.331284
-0.643812
0.423113
1.815035
-0.153298
2.259349
-0.110961
-0.436934
-0.440169
0.338038
-0.559834
0.725393
-0.203605
1.346661
0.666782
-0.055296
0.808431
-1.364842
0.406651
0.995744
-0.805389
1.381253
-0.715735
-0.233255
1.010018
-0.685785
-0.388086
-0.094072
-0.812771
0.054886
1.138346
-0.435891
-0.978123
-0.559899
1.073226
0.278157
1.246151
0.224323
0.344992
-0.088178
1.971359
0.668273
-0.452133
-0.219421
-0.504836
-0.959160
0.365820
-0.183935
-0.182746
0.548762
-0.792938
0.810741
0.308970
-0.522866
0.632003
0.574414
0.406771
-0.554999
1.319497
0.193758
-0.008388
0.607743
-0.403994
1.718245
2.195955
-1.264397
-0.478341
0.824302
-1.786821
-0.435147
-0.724445
-0.100433
-1.236915
-0.627418
0.778756
2.039495
0.977158
-0.436651
0.304311
0.542116
-1.033021
0.582281
0.242270
2.743519
-1.071822
-0.379112
-1.449134
0.239128
2.125721
1.308859
-0.135337
-0.175210
-0.162859
-0.015400
-1.123776
-0.798231
-0.617552
-0.382200
-1.765271
0.469967
-0.935187
0.085878
0.263771
-1.622823
-0.365439
0.139795
1.643636
-0.656336
-0.027859
0.442405
0.451062
2.253682
-0.040261
-0.367265
-0.036667
0.514692
0.543205
1.090339
-0.865903
-1.004104
-0.883980
0.643242
-0.433745
0.477716
-0.135747
-0.592871
-0.525829
0.671683
-1.005374
0.687806
0.754092
1.844264
1.656641
0.020375
-1.361545
-0.762901
1.802409
-0.262471
0.207756
1.099244
-1.827790
-0.501051
-0.013330
0.685863
-0.588372
-0.389085
0.549290
0.544034
-0.676230
0.037356
0.571300
1.462502
1.714158
0.196040
0.502823
0.865098
-0.743759
-0.482199
0.252354
-1.053974
0.424433
2.197026
0.848346
0.069278
-0.801351
-1.299331
-0.162901
1.988809
-0.831874
1.083350
1.189415
-0.907552
-1.137279
0.143721
-1.728788
0.910406
-0.848369
-0.394338
1.858903
-0.192750
1.991999
-0.513436
0.849627
-0.542929
1.992900
0.925196
2.052497
-0.347590
0.994521
-0.038609
0.990789
1.331704
1.317595
0.406893
-1.680381
-0.255561
-0.406281
-0.164486
-0.285655
-0.261860
1.798295
0.315128
1.417813
0.578379
-2.243369
0.397488
0.760575
1.202483
-0.403093
0.141978
-0.820347
-0.894259
-0.344826
-1.209488
0.516237
0.477242
0.320694
2.386481
0.294826
-0.397241
-1.644131
-1.380166
-1.808686
1.521626
0.616464
0.490674
-0.768980
1.014785
0.419065
-0.426951
0.295918
-0.805495
-0.084266
-0.336880
-1.569012
-0.041342
0.031158
-0.850180
-0.474501
-0.303642
2.530055
-0.894182
-1.400867
0.270136
-1.195258
-0.391295
0.845499
-1.376879
0.658654
0.861226
-0.054462
-0.013594
-1.385210
0.117583
-0.344922
-2.157971
0.093151
0.393553
0.653801
1.786001
0.287399
0.494995
-0.410680
0.857918
0.546232
0.250796
1.245050
-0.108842
0.666326
-0.229771
-1.590209
-1.969219
-0.124417
1.234435
-1.893958
-1.334567
1.038457
-0.291872
1.462121
0.308409
-0.631543
-0.298843
-0.580288
2.632204
1.073761
-0.651950
-1.076658
1.005147
0.840211
-0.351327
0.557870
0.410659
0.417586
-0.161710
-1.361138
-1.470306
0.430674
-1.357150
-0.193917
0.183887
-0.172323
-1.145826
0.143388
-0.167779
-1.073568
-0.764153
0.342117
0.951380
-0.589407
-1.355186
-0.749986
-0.215587
-0.298774
1.102993
-1.838608
0.231848
0.319021
0.652531
-0.026655
-1.093555
-0.416648
0.250073
-0.738665
1.140874
0.419926
-1.478132
0.149265
-0.196989
-0.454959
0.808292
0.076017
-0.507429
0.852574
-1.590398
1.584475
0.287917
-0.384796
1.137195
0.149006
0.404159
0.050538
0.062474
0.408875
0.644738
1.231713
0.044609
-0.303913
0.741829
0.493815
-1.255611
0.112194
-1.918771
-0.839118
-0.407197
0.478838
-0.787046
-0.422624
0.341798
0.897064
-0.016075
-0.048349
0.307695
-0.443386
0.201610
-0.675492
-1.608665
-0.046359
-0.549138
-2.132071
-1.107301
-0.551299
-0.336115
0.968643
-0.594876
0.046851
-2.326876
-0.503256
0.419334
0.727112
-0.313023
1.093806
0.790955
-1.775933
-0.521435
0.515648
-2.006012
0.067573
1.547447
-0.713038
-0.496504
1.863747
0.673685
1.205255
1.685285
2.429004
-0.022907
0.828171
-2.066683
0.804529
-0.299307
-1.225616
-0.668584
-0.404924
0.854814
0.844041
-1.180571
0.294918
-0.423697
0.070367
-1.539435
-0.089888
-0.223819
1.423950
0.872026
0.057727
1.406365
-1.761277
0.939657
0.704886
0.057694
0.476353
-0.464287
0.554102
-0.359127
0.221707
1.198640
1.047928
0.025292
0.267712
-0.938790
0.352805
-0.356060
0.598534
0.372130
1.622498
0.256280
1.136479
0.912980
0.187640
-0.045068
-0.610098
0.291435
0.091080
0.526133
0.113512
0.807249
-1.168996
-0.453975
-0.281680
0.230808
-0.853857
-0.360303
-0.207930
3.174852
1.246536
-0.345851
0.712633
-0.161460
0.649637
-1.492468
-1.500190
-0.404925
1.370076
0.196103
-0.559150
-0.523202
0.589078
-1.149053
-0.031714
2.361612
0.505589
-0.496359
-0.708433
-0.509141
1.009354
0.948808
0.422099
0.351139
0.238743
1.958538
1.469592
0.613019
0.678398
-0.483556
-0.087040
-0.031632
0.129243
-2.639925
1.291623
-1.687118
0.295073
-0.808081
-1.723784
0.561693
-1.386982
-1.187025
-1.016818
0.020405
1.002830
-0.028606
-0.055250
1.472065
-1.285719
-0.107411
0.888095
-0.125842
-0.230939
0.714164
-1.170910
0.340159
0.648213
0.909038
-0.436551
-0.816628
-0.039314
-1.302127
1.436227
-0.078968
-0.350944
1.334704
1.106130
-1.493811
0.609495
-0.085904
0.900363
0.908802
0.500911
-0.387175
0.015717
0.968815
-1.233718
1.032739
-0.527626
0.682381
0.117934
-0.624680
0.690895
0.298541
1.787156
0.164339
-1.401006
0.048598
1.538469
0.369106
1.313564
0.608077
0.301156
-0.979516
-0.497804
-0.126047
0.093279
0.683157
-0.948045
-0.333033
-0.368844
-0.150017
-0.534402
-1.026662
0.861606
0.307112
1.799892
1.478175
0.189074
0.117946
-0.140067
0.703919
-0.709505
-0.992867
0.795253
0.672027
-0.983940
-0.839716
-0.216069
-0.524140
1.269498
0.860142
0.816412
-1.188474
0.250225
-1.785775
0.904966
0.093281
-0.624351
0.564457
-0.012736
-1.503757
0.360513
-0.506798
0.732259
0.818046
-0.584331
-0.566650
0.604593
0.420856
-1.933291
0.931584
0.793297
0.120015
0.428157
-0.446206
0.789455
-0.212345
-1.815637
0.508335
-0.256250
0.369156
0.952672
0.630298
0.728581
-1.117753
-0.186360
0.228030
0.140843
0.087195
-1.115012
-0.556470
-1.539575
-0.373985
-1.619633
-0.029680
1.300366
-0.562373
0.471847
0.286170
-0.887722
-0.273022
-0.481446
0.745502
0.255541
0.502015
0.831200
0.743938
1.353413
-1.724354
0.611855
-1.308685
-2.812893
0.577563
-0.355772
-1.619071
-1.640810
-0.051454
-0.268508
-0.089359
0.270996
-0.794577
1.207197
1.107754
-0.244005
0.725840
-0.918829
-0.459905
-0.975494
0.371144
-0.068849
1.065317
-0.045637
2.035524
0.197176
-0.236356
0.615752
0.289688
-0.910909
-1.461963
0.513918
0.933709
-0.029600
-0.201282
0.455917
0.592422
0.405222
-0.441143
0.851668
0.482062
-0.704958
0.689821
-0.165245
-1.304982
0.719805
0.566418
0.001854
-1.497738
1.709517
-0.444842
-1.012287
0.941299
1.465755
1.301513
0.006976
1.427002
-0.072416
1.286886
0.196167
-0.583046
0.369501
-2.177885
-1.194011
0.217679
1.683549
0.214751
0.868916
1.069161
-0.223726
1.227875
1.581632
0.304984
1.249708
-0.770032
-0.719980
0.823138
-0.064113
2.675309
-0.847922
0.830688
-0.480206
1.147587
0.897611
0.159579
0.057409
-2.029145
0.543047
-0.100560
0.814824
0.503076
-1.209685
0.711348
-0.355666
1.209547
-1.183693
0.361193
0.895137
-1.538030
-0.138781
-0.122812
0.315244
0.736402
-0.699591
0.754608
-0.705744
0.414637
0.745804
1.441886
0.084768
0.784193
0.200899
-0.573620
0.604932
0.294744
0.984686
1.327560
0.337778
-0.480511
0.661653
1.336638
2.753421
-1.410099
0.540529
-0.375289
2.269057
-0.018145
0.131900
-0.773892
1.184764
0.405164
-1.344938
-0.680547
-0.807210
1.315643
0.501484
-0.835646
-0.209034
0.175197
-0.001869
-0.173682
0.095109
0.181075
0.839432
1.130565
0.084943
1.318459
0.696714
-0.834736
-0.868641
0.021769
1.022670
0.648861
-0.704718
-0.097397
0.394067
1.706683
-0.972425
-0.226252
1.286386
-0.155941
0.117749
-0.587287
0.490330
0.131206
-0.669402
0.699628
1.110732
-1.468306
-1.303028
0.836539
-0.167077
0.061994
-1.939669
0.272341
0.568013
0.150380
0.138231
-0.920259
0.012624
-1.463558
-0.496260
-0.827554
-0.017823
0.621051
-1.251343
0.085635
-1.124828
-0.999203
0.240708
-0.088890
-0.222406
-0.619431
-1.021008
-0.371520
1.623027
0.953879
0.011553
-0.969719
1.472773
0.056398
0.873534
-0.088613
-1.293241
-0.369656
-0.212201
0.190778
0.618680
0.285795
0.005945
0.445671
0.688664
-0.520386
-0.812577
-0.112748
-0.681188
-0.200468
-1.673581
-0.813452
-0.564358
1.202175
-0.305403
0.820155
0.014204
0.300146
-0.135098
-1.409604
0.175790
0.379008
0.185813
0.662337
-1.180174
-1.534175
-0.046124
0.344249
-2.111418
-2.079354
0.331242
0.540461
1.452545
-1.068732
0.343060
-0.362242
0.491559
0.370531
1.638597
-0.181335
0.622044
-0.003557
2.119051
-0.862572
1.719498
-0.140799
-0.039199
0.476816
-0.322337
-0.090811
-0.565774
0.290428
0.058089
0.261521
-0.666370
0.062219
0.627386
0.643824
0.765883
-0.065215
-0.971260
0.072269
-0.708111
0.317279
-0.450691
0.104772
1.753931
0.403610
1.021630
-0.792214
-0.772293
2.220192
1.070819
0.523864
0.640408
-0.403075
0.254687
0.830039
-0.262646
0.446538
2.497760
0.223172
-1.438022
-0.391783
-0.649107
1.061323
-0.690248
0.763609
0.784861
2.036675
-0.261515
0.481189
-0.073480
-0.394694
-0.616578
-0.753919
0.243783
1.109519
-0.339436
0.560175
1.046731
2.462770
0.287989
0.626612
0.148552
-1.137995
0.844737
-1.041380
-1.221345
-0.597022
1.492531
0.822645
-1.728619
-1.522042
-0.986746
-0.223236
-0.683633
0.054735
0.342352
-1.265812
-0.433801
0.647495
0.522071
1.509767
-1.376196
0.103584
1.097703
0.187912
1.098056
2.066756
1.351107
-1.313251
-0.206014
1.444604
-1.048406
-0.082029
-0.701506
1.273384
0.749580
-0.070562
-0.306481
0.184941
-1.675692
0.724736
0.138227
-0.020849
0.225893
-0.132522
0.229944
-1.166740
1.551322
-2.313959
3.054529
-1.365359
-0.451891
-0.410240
0.294048
0.086637
-1.362036
-0.444939
-0.086499
-0.416967
0.530071
-1.844778
-0.372557
-0.718060
0.819847
-0.179115
0.404157
-1.824002
-0.610816
-0.211915
0.838378
-1.406980
0.465929
-0.286045
1.012122
-0.150994
-0.291406
-1.061208
-0.466374
-0.116015
2.088753
1.735867
0.446546
-1.538808
0.998893
-0.269465
-0.512825
-0.312503
0.610141
-0.175829
-1.443588
0.526738
1.174517
1.727323
0.884569
-1.690188
2.463161
-2.300670
1.080093
0.427992
0.027093
0.235110
1.987020
-0.221014
-0.819645
-0.720534
-1.445692
-0.014006
-1.856355
-0.615504
-1.275855
-0.942531
0.839719
-1.130920
-1.068604
-0.991451
-0.685316
-0.476298
0.435080
-0.115398
0.076384
-1.342736
-1.163754
-1.015255
0.831628
0.670010
-0.339578
-0.832569
-1.636563
-0.265793
-0.157873
0.811490
0.789609
-1.876271
-0.115791
0.023600
1.366724
0.854676
-0.688654
-0.169042
0.537002
0.477982
0.303450
-1.640395
-1.064248
0.937153
0.412261
0.103011
-0.293991
0.579968
1.064621
-0.759386
1.778388
-0.429307
0.513577
1.270258
2.642086
1.305077
0.490903
-0.060062
-0.437803
0.591626
-0.801634
-0.038365
0.673444
-1.156618
0.136229
-0.907699
-1.351699
-0.019123
1.083359
-0.291766
1.174717
0.331536
-0.522789
0.228234
-0.419634
-0.509006
-0.056414
-0.974400
-0.456440
1.488455
-0.013531
0.308758
-1.952339
-1.885044
0.950630
-1.014666
-1.475599
1.108221
1.146835
-1.153925
0.769664
-0.478297
0.622515
0.530873
0.257250
-1.376601
0.652783
0.621622
-0.320697
-0.168163
-1.016619
0.529239
-0.240720
0.245773
0.507600
-0.048203
0.232133
0.836337
0.126666
-0.452695
0.409670
0.342888
-0.506396
1.243312
-0.707891
1.717379
-0.218128
0.986509
-1.230486
-0.742853
1.019522
0.838994
0.684891
-0.649778
0.704490
1.377770
0.164257
-0.898563
-0.541776
-0.298176
0.296941
0.672950
2.481369
0.237948
0.767068
1.137954
1.432545
0.715607
-1.802068
1.286735
-0.044753
0.159242
-0.756365
-0.199960
-1.131855
-0.530559
-1.177821
0.145715
-0.722543
0.981405
0.534536
1.458644
0.460686
0.678679
-0.841294
1.251454
0.399559
1.049059
0.224457
1.681274
-3.243298
-1.013702
0.318348
0.074224
0.636347
0.134671
-0.761263
-0.767499
-1.078884
-0.209460
-1.665426
-0.351840
0.111284
-1.072044
-1.839447
0.129631
0.123687
1.489210
0.387562
1.050864
0.973333
-0.326109
0.106849
-0.875392
-1.381636
-1.212531
-1.565796
1.099918
0.095689
-0.251363
0.608136
0.176945
1.207457
-0.605356
0.288108
-0.725160
2.092409
-1.724511
-0.857862
0.338135
0.308952
-0.185120
-0.465306
-1.510089
1.038982
1.132770
-0.044843
-1.076218
1.075069
-1.305652
-2.011667
1.689565
-1.487143
-1.626323
0.597216
-1.692987
-0.369616
-0.052401
-0.982232
0.884291
0.947909
-0.811186
1.148709
-0.090429
-1.404610
0.032956
0.610677
1.482767
-0.272583
-0.312303
-0.268665
-0.093471
0.066019
0.464068
-0.172312
-0.711228
0.852311
0.663769
-0.715662
-0.005918
0.346204
0.673901
0.529998
0.202723
1.709844
1.287100
-0.707190
-0.598392
-0.806753
-1.546384
1.522464
0.170300
1.032842
-1.725598
0.258327
0.049272
0.548790
-0.361883
0.997985
1.129588
-0.516079
1.364660
0.338370
-0.613220
-0.865047
0.324434
0.705987
-1.048579
0.096326
-1.042049
0.835015
-0.442001
-0.688420
-0.080124
0.332016
1.600134
0.167225
0.618538
-0.274642
-1.376648
0.169961
-0.120550
-0.310636
-2.169105
-1.179674
-0.138013
0.553383
-0.016811
0.659473
0.001513
-1.246078
1.365669
0.173375
-1.795105
0.525895
0.295686
-0.943827
-1.583327
0.517414
0.161655
-0.041493
-0.579514
-0.170725
-1.099259
0.240425
0.575688
-0.133733
-0.958555
-0.105701
0.329771
0.264830
-0.019439
-1.491751
0.881972
-0.224440
0.942287
0.181921
1.183778
-0.538478
-0.525431
1.020465
0.346489
0.595344
-1.160416
0.381805
0.136611
1.474132
0.967031
1.233225
-0.919342
-0.741017
-0.628991
-0.051512
-1.030937
0.700622
1.008405
-0.744180
1.167177
0.965014
-2.092178
0.042381
1.507580
-1.270375
-1.296754
-0.083184
-1.467224
-0.373544
0.767858
0.811261
-0.725718
-1.802582
0.746591
0.343517
0.619448
0.213515
1.275396
1.581242
-2.022055
0.131608
0.250364
0.408301
0.073526
0.382097
0.478444
-0.139363
-1.074963
-0.430953
0.575034
-0.787429
1.196613
0.178462
0.673833
-0.339501
-0.701061
0.518233
-0.684043
-0.578100
0.077727
0.094121
-0.154492
-0.815756
0.529625
-0.540573
-1.151011
-0.772185
1.065795
-0.216760
0.726789
0.745643
2.011195
-0.389449
0.250349
0.768525
0.291272
0.730464
-0.241431
-0.177813
1.395056
-1.232446
-0.667771
1.481029
1.151998
-0.115785
-0.634221
0.655182
0.141375
-0.294272
-0.407691
0.175036
-1.675344
-0.751689
0.111673
0.549594
0.803001
0.407767
-0.592594
2.361095
-0.957160
-0.772756
0.628621
0.682179
0.022278
1.107757
1.705888
1.598751
0.216917
-1.009967
0.736534
-0.884290
0.408958
0.103744
-0.726053
0.816743
-1.391888
-0.987281
-0.017113
0.487061
-0.080162
-2.104322
-1.365825
0.835080
-0.740097
-3.221909
-0.414704
0.909980
0.681896
-0.369574
-0.568234
-0.437423
1.033044
1.008508
0.408835
0.582967
0.153849
0.056869
-0.277700
-1.159798
-0.813370
-1.185491
-0.645596
0.410294
-0.371466
0.835248
-0.022548
-0.278773
0.076425
1.428246
0.043378
-0.763300
-0.567858
1.347776
-0.966977
-0.058443
-0.916078
-0.715729
1.023106
1.449838
0.959246
-0.078286
-1.544556
-0.221480
0.274057
-0.085974
0.024309
-1.332856
-2.026593
-0.344124
0.574231
0.293729
-1.614443
1.262565
1.353411
-0.346485
-0.627660
1.482871
0.489116
-0.094592
0.620513
-1.281101
0.865566
-0.435736
-0.037909
0.151081
-0.324245
-1.436926
1.837597
0.389592
0.073310
0.232674
0.194523
-0.923916
-0.664661
-2.147467
-0.614406
0.001555
-0.089873
0.449293
0.784691
-0.713274
-0.505457
-1.363304
0.914215
0.295522
-1.253824
-0.830493
0.695685
-0.177657
-0.212294
0.155278
0.453332
0.891869
2.033465
0.839498
-0.437734
-0.364993
1.379378
-1.113688
1.200190
-0.635000
-0.369703
-0.513927
-0.509930
-0.004658
0.339618
-0.674374
1.417308
-0.123083
-1.346021
-0.511439
-0.913147
1.120365
0.139593
0.063634
-0.965565
1.031652
0.524917
1.150872
0.290264
0.076547
-0.082675
1.635759
0.402013
-0.544317
-0.141170
0.709324
-1.313666
0.998235
0.593049
-0.396787
0.939552
-0.631708
-0.533900
-0.177879
1.213096
1.477390
-2.046964
-0.544430
-0.431309
0.165688
-0.181438
1.567471
1.153957
0.112822
-0.521103
-0.127939
0.718990
0.191290
-1.321723
0.317015
0.722807
-0.577900
-1.613909
1.159442
-2.013596
-0.700207
-1.252370
-1.099763
-0.603858
1.144069
0.332199
0.262710
-0.611154
0.976065
0.048988
0.036350
-1.513822
0.120642
-0.830358
0.035121
-0.496214
0.116335
0.506958
0.284991
0.967951
1.281678
-0.053342
-0.592965
0.189884
0.301632
0.449232
-0.945185
0.748550
-0.182318
-0.326433
1.739214
-0.461826
0.861174
-1.437451
0.492467
-0.111490
-0.307126
0.120124
0.041826
1.082261
-0.759236
0.447955
0.651966
0.083706
-0.519058
0.003196
0.621564
-0.090130
-0.136983
0.918701
-0.122635
-0.818470
-1.828305
-0.681211
-0.928931
-0.821919
0.496941
-0.027919
-2.202498
-0.952397
-0.948274
1.430552
1.274010
0.355690
0.560352
1.229743
-1.159524
0.547553
-0.535688
-1.421151
0.574556
-0.665772
-1.960234
-1.584232
0.253685
-0.405686
0.793719
0.771015
1.343850
0.692536
-0.780181
-0.117784
-0.415597
-0.610245
1.499627
-0.179053
0.379298
0.938520
0.129520
0.704646
1.005636
-0.469025
2.147238
0.931517
-0.630873
-1.763343
0.470961
-0.971680
1.252790
0.323920
-0.321658
-0.186252
-2.065178
0.455576
-1.569767
-0.356821
1.088970
0.499670
-0.390064
-1.089006
-1.318226
-0.766364
1.659230
-1.546063
-0.597387
-1.157055
-1.498326
-1.055051
-0.210921
0.954246
1.232208
-0.033141
0.073199
-0.445781
1.200700
0.990825
-0.346275
0.870430
-1.718831
1.004381
0.087460
0.052198
-1.205154
-0.693566
-0.910821
0.035347
0.938558
0.843889
-1.120798
0.650741
-1.072108
-0.729527
0.841134
-0.134825
-0.734247
-1.275364
-0.900944
2.214622
-0.519418
-0.395254
-0.127196
-1.038228
0.300251
0.068395
-0.206857
0.414067
0.241059
-0.887499
-1.790967
0.235532
-0.697654
0.300953
0.363291
-0.814036
-2.119078
0.569711
0.320835
0.907403
1.492979
0.275216
-1.057808
-1.245596
0.161714
-0.432202
-0.153501
-1.439512
-0.330020
-0.288280
0.037788
-0.993172
1.623804
-0.606557
-0.133771
-1.448995
0.300896
-0.068024
1.528595
0.517024
-0.082662
0.009540
-1.233015
0.337893
0.302765
-0.991445
0.265019
-1.096299
0.345388
-0.258801
0.716165
1.455684
1.476857
0.116072
-0.465827
0.154683
-1.289252
2.139998
0.067479
0.780711
0.455749
0.636793
0.849454
-0.970581
-2.083160
-1.352678
0.116844
-0.114000
-0.124354
-0.128106
0.624298
1.156282
1.359986
0.192070
0.054002
-0.358967
0.400996
-0.687947
0.091685
0.890416
0.746831
-0.330660
0.134548
-0.019079
0.905380
0.993343
2.904478
-1.290586
-0.058391
0.395817
-0.031904
-0.904219
-1.748211
-0.565505
0.267039
-1.284412
-0.361821
-1.226881
0.449526
-0.286629
0.022776
0.318889
0.508054
-0.533882
-0.265963
0.606840
-0.278920
0.654486
-0.829317
1.326810
-1.476667
1.299088
0.299464
-0.410557
0.615620
-3.353563
1.301954
0.023790
-0.548689
-0.194874
-0.446762
0.034579
-0.364429
-0.658363
0.770842
0.263142
-0.649012
-1.407313
0.361057
-0.686500
0.260696
-0.792682
-0.185716
0.589259
-0.001190
-0.919127
0.777881
0.327058
-1.782069
-0.208622
-1.272138
-1.100174
-1.234514
1.502707
-1.174006
0.096708
-0.649231
-0.382675
0.236250
0.485331
-0.404695
0.496408
-1.050711
0.162309
1.615086
0.001769
0.643885
0.917581
-0.147725
0.237896
-0.664202
-0.219067
-1.321153
0.502139
0.351797
0.299985
1.354097
0.024167
0.147979
-0.361922
1.715571
-1.511960
-1.389078
-1.569862
0.179655
1.049574
-0.923146
0.789191
-0.250038
-1.258175
0.237631
-3.115932
-3.177205
0.165807
-0.927440
0.574955
-1.197407
-0.571719
0.205820
-0.970822
0.670287
-0.955762
1.941388
1.278825
1.098598
-0.218503
0.613365
-0.930974
0.218695
-1.136202
2.054045
-2.306884
-0.324713
2.379045
-1.251708
0.577422
0.224667
0.027764
0.784741
-1.753608
0.022740
1.098569
-0.286733
-0.538213
-0.228265
0.388297
-0.993119
-1.407181
0.061430
0.451493
0.487179
-0.787263
-0.400183
-1.051495
-1.001090
-0.142696
0.380786
-1.829824
-0.111157
1.417203
0.251468
-0.336362
-0.063910
0.709368
-0.539459
1.728462
0.752050
-0.804100
0.089456
-0.127297
0.763254
-0.682981
1.102864
-0.673089
0.064161
0.464101
0.694442
-0.741702
-0.430971
1.835635
0.117987
1.075992
1.517854
1.022337
-0.457082
-0.814654
-1.220249
0.662991
-0.800769
-0.398195
-0.869110
0.881110
0.631564
0.381837
0.801294
1.001438
-0.494780
2.243386
-1.862922
-0.640227
0.041755
0.212353
1.202583
0.484348
0.345054
0.594862
1.698523
0.699493
0.291817
-0.456463
2.097937
-0.476223
-0.363466
-0.266487
1.911566
-0.050271
-0.168500
-0.818362
-0.168231
-0.835470
0.326339
0.418649
0.183644
0.158410
-0.947689
0.739610
0.447884
0.131041
-0.195990
-0.995156
-0.694993
-0.805437
-0.745717
-1.262792
-0.110236
0.117910
-0.448226
0.506474
1.069522
-2.571156
0.066209
-0.381254
-0.796096
-0.539214
0.983667
-0.234542
-0.376037
-0.857241
1.633518
-1.142760
0.544297
-0.582807
-0.865185
-0.357546
-0.391579
-0.154247
1.464611
-1.213935
-0.033697
-1.307042
-1.448598
-1.845840
-0.594421
-1.580640
0.822277
0.308725
0.518226
0.783665
1.219943
0.723924
0.743318
0.688302
0.399743
1.827245
-1.272384
-0.632682
-0.589188
1.227376
0.350090
-0.566501
-0.256085
0.288421
-0.342000
-0.988594
3.096779
-0.296088
-1.763922
-0.925625
-0.708109
-0.391926
-0.474189
2.094108
-0.501359
0.066737
-0.821732
0.356540
-1.617843
1.645091
-0.135087
-0.230740
-0.286368
0.490749
-0.120707
-1.176546
-0.517203
1.279147
0.563354
1.503264
-0.897458
-1.091239
0.242105
0.099918
0.437342
-0.068809
-1.265625
0.431665
-1.756344
0.290987
0.627955
-0.600175
-0.578912
0.549338
-0.856999
1.100520
-1.605778
-0.291963
-0.033411
0.203579
0.302421
-1.035664
-0.483023
-1.146450
0.996000
0.361219
2.338856
-0.426215
-0.222930
0.381746
0.967589
0.799186
1.121880
-1.105196
-1.873258
1.182574
-0.094589
-0.601473
-1.374388
-0.718268
-2.021933
0.477104
-0.175621
1.510445
1.166942
-0.176700
1.019294
0.448201
-0.564423
-0.112939
0.278159
-1.178891
-0.483407
0.508299
0.211923
-1.503193
