0.659133
-0.665501
-0.399816
-0.879614
-0.633482
0.582332
0.119807
0.232447
-0.555484
-0.080090
0.343760
-0.750688
-0.887653
0.517207
-0.688338
-0.256188
0.210980
-0.443518
0.017465
-0.482606
-0.122995
0.713409
-0.766239
0.196405
-0.615623
0.121088
0.103646
0.183515
0.294289
0.931836
0.002583
0.077218
0.764471
1.032992
0.364083
-0.563989
-0.181375
0.149886
-0.106593
-0.573624
0.652549
1.341335
-0.550711
0.239489
0.188778
0.370127
0.233391
-0.329953
-0.161786
0.673582
0.243186
-0.204335
0.466449
0.065213
-0.024245
-0.397872
0.343452
-0.110949
0.030066
-0.011096
-0.731853
-0.155493
-0.330598
0.486124
0.535500
1.081106
-0.005714
-0.181437
-0.750851
-0.188513
0.505686
-1.014485
-0.672974
-0.827397
-0.850458
-0.832651
0.995159
0.481050
-0.720339
0.480753
-0.676928
0.152289
-0.175601
1.068476
0.407167
0.016316
-0.207621
1.023041
0.065198
0.070485
0.554313
0.668583
-0.016059
-0.317503
-0.791510
0.235153
-1.529023
-0.034079
0.786884
0.127216
-0.794127
0.277021
0.779077
-0.570010
-0.265515
0.689994
0.176224
0.730648
-0.571972
0.730154
-0.715700
0.404316
-0.025852
1.336984
-0.578935
0.508261
0.233487
0.078266
0.463036
0.350588
-0.965091
0.868504
0.513098
0.461727
-0.855977
0.472597
-0.093765
0.532337
0.792918
-0.054759
-0.845326
0.262290
0.518969
-0.349371
-0.383596
0.779231
-0.228530
0.929181
0.290097
0.201133
-0.032868
0.747755
-0.171734
0.204060
-0.089319
-0.090620
-0.116908
0.246631
-0.108517
-0.179693
0.401491
-0.106530
-0.266755
-0.446145
-0.561400
-0.676976
0.366371
0.995368
0.219305
-0.235090
-0.695575
0.202116
0.127825
-0.091092
-0.033907
0.669850
0.305717
0.183230
-0.304479
0.188764
0.265234
0.587199
0.206410
0.155549
0.212203
0.729930
-0.087130
-0.596554
-0.242953
-0.280416
0.045339
-0.161238
-0.242708
-0.698509
0.042729
0.495906
0.780595
0.359824
0.650220
-1.061826
-0.409264
-0.371461
0.614468
-0.030685
-0.577000
-0.637911
-0.070239
-0.737825
-0.533494
-0.489866
0.462382
0.345953
0.145254
-0.202342
0.788545
-0.372884
0.491937
-0.435328
-0.158447
-0.647668
0.272346
-0.545060
-0.339404
-0.280165
0.392686
0.349490
0.702514
-0.289698
0.502184
0.036209
0.195942
0.640307
0.043458
0.701846
0.246703
-0.604229
-0.088567
0.471826
0.736764
-0.624754
0.348220
0.059772
-0.118252
-0.460890
0.048527
0.782554
0.036937
0.561181
0.354494
-0.269160
0.195844
-0.393098
0.532122
-0.048276
-0.270556
-0.338899
-0.128313
0.149446
-0.080081
-0.510334
-0.044685
-0.138891
0.452227
-0.488799
0.128743
-0.594833
-0.453137
-0.759292
0.157672
0.406811
-0.038929
0.274127
-0.097098
-0.089411
0.066597
-0.482431
0.440477
0.044723
-0.195551
0.754099
-1.348492
-0.799206
0.446222
-0.688373
-0.219584
0.184804
0.122121
0.857296
0.881206
0.998580
0.621573
0.058616
0.307810
0.000841
0.460333
-0.014216
-0.324646
-0.712162
-0.681229
-0.026046
-0.492135
0.019645
-0.149647
-1.046147
-0.307801
-0.349591
-0.927289
-0.469600
-1.120510
0.317739
0.783370
-0.362792
-0.629567
0.024444
-1.352424
0.533671
0.674474
0.333638
-1.556132
-0.927774
-0.240918
0.087263
-0.312488
-0.459015
-0.343998
-0.666535
-0.224815
-0.288226
-0.057273
0.664913
0.684593
0.793024
0.617323
-0.578481
0.196253
-0.325471
-0.371168
0.047021
-0.310435
-0.428201
-0.184902
-0.697227
-0.610362
-1.048684
-0.637127
-0.008766
0.013071
-0.066170
-0.763226
0.133751
0.243369
-0.987141
-0.962922
-0.425378
0.365576
-0.541685
-0.451220
0.141396
-0.274936
0.282647
-0.327525
-0.129821
-0.050775
-0.232216
0.467656
0.440418
-0.505878
0.628277
0.270161
-0.776589
-0.808797
0.256502
0.548913
-0.875631
-0.309082
0.012741
-0.994969
0.103575
-0.447052
0.246336
-0.433277
-0.819517
-0.277455
0.261074
1.054808
0.710589
0.325353
-0.885646
0.702843
-0.339416
-0.168672
0.167531
-0.228203
0.846926
-0.133745
-0.796840
-0.443795
-0.069308
-0.100779
-0.665542
-0.209250
0.023391
0.012602
-0.154040
-0.367257
0.366079
-0.425376
-0.100502
0.027152
-0.363705
1.757754
-0.389447
0.477289
-0.515656
-0.214967
-0.687911
0.807708
-0.214175
-0.094575
-0.442512
-0.522402
0.641905
0.192973
-0.289040
-0.859949
0.112274
-0.113063
-0.434418
-0.508759
-0.529282
0.196517
-0.145797
0.153504
0.308266
1.515985
-0.006208
0.462354
0.095335
-0.482523
-0.281521
-0.222694
0.178337
0.451837
0.537665
-0.141714
-0.125686
-0.443874
-0.035352
-0.898092
0.967424
-1.011756
0.406548
1.044030
0.132640
-1.042700
1.363904
0.062447
0.616007
-0.793169
0.191005
-0.231022
-0.530469
0.098774
0.444707
-0.326524
0.376929
0.408391
0.586720
0.048638
-0.155400
-0.270750
-0.760630
0.351506
-0.055980
0.330805
-0.670351
-0.195145
-0.035066
0.231453
0.869196
0.484247
-0.420224
-0.029372
1.168038
-0.586255
0.550921
0.061872
0.196178
0.092280
0.533511
-0.116792
-0.014463
-0.488307
-0.686793
0.429921
0.709426
-0.496913
-0.174028
0.560750
0.421710
0.185547
-0.093966
-0.168885
-0.175898
-0.214204
0.713467
0.690582
0.938553
0.500872
0.318201
0.299436
0.185654
0.045514
0.356354
-0.101905
0.273567
0.277053
-0.903175
0.308423
-0.208851
-0.286274
-0.247117
-0.700538
0.305226
-0.489450
1.428411
-0.366683
0.263097
0.696152
-0.034352
0.508574
0.502976
-0.439580
-0.394938
0.768758
-0.029114
-0.506497
-0.338383
0.585229
0.037989
-0.190371
0.210740
-0.683707
-1.227068
1.112162
-0.029474
0.374777
-0.130313
-0.306556
0.076627
-0.636899
0.364022
-0.060419
-1.361112
-0.572430
0.406809
0.910924
-0.289331
-0.887131
0.397344
-0.726059
0.714657
-0.235494
-0.477000
0.301714
0.045760
-0.058862
0.529600
-0.716345
0.572326
-0.560062
-0.568009
0.266387
0.549754
0.091612
-0.609844
-0.280271
-0.143624
0.004333
-0.876403
-0.759969
-0.071422
-0.245532
-0.085559
0.093251
-0.299247
-1.192458
-0.146561
-0.066015
-0.701908
0.564283
0.889835
-0.051199
0.644041
-0.770890
0.599870
-0.126552
0.291230
-1.602662
-0.737849
-0.267761
0.297049
-0.311929
0.563520
-0.206966
-0.332470
-0.284021
0.179857
0.030750
0.193074
-0.864479
0.359520
0.624878
0.003413
-0.676107
-0.635610
0.809814
0.018761
0.107974
0.253227
-0.031301
-0.508233
1.103479
0.029148
-0.219286
0.224252
-0.126191
0.877285
0.379670
0.550957
-0.476017
0.755888
0.419050
-0.208166
0.227707
-0.391631
-0.714069
0.307885
-1.082147
-0.789179
1.001069
0.084602
0.159082
-0.374816
-0.227708
-0.005350
0.534872
0.380509
-0.421034
0.386185
-0.221660
0.253247
0.327980
0.544520
-0.244776
1.006829
0.360425
-0.453802
0.865269
-0.713246
0.108081
0.089558
-0.992154
0.102628
0.264146
0.348067
0.521062
0.437843
-0.660128
0.646084
1.332965
-0.304544
0.368102
-1.020946
-0.561161
0.452568
0.545858
-0.436950
0.675024
-1.064053
0.765781
1.133392
-0.507578
0.288245
0.403517
-0.144790
0.184224
0.474887
0.260840
-0.295604
0.025538
0.693601
-0.720064
-0.502319
-0.749405
-0.347278
0.593703
0.017209
-0.097231
0.827343
-0.075770
0.121907
0.435539
0.351786
-0.413941
-0.406031
0.481848
-0.571275
0.253194
0.114837
-0.079983
0.701926
-0.009786
0.444774
-0.012151
-0.550375
-0.772021
0.155541
0.777938
0.873949
0.212809
-0.528704
-0.337744
0.236104
-0.274405
-0.622187
-0.330214
0.395701
-0.172763
-0.022592
-0.402400
0.447854
-0.071551
0.646620
-0.231453
0.313652
-0.065987
-0.843311
0.213740
0.424084
-0.221449
0.497443
0.207034
-0.290666
0.275212
-0.608063
-0.146361
-0.601592
-0.993031
-0.523462
-0.274975
-0.309714
0.973155
-0.672470
-0.115041
-0.008164
-0.519992
-0.476556
0.384835
-0.246550
0.518875
0.333605
0.666439
0.687830
0.551068
0.173912
-0.373795
-0.665572
0.526119
0.010736
0.379958
-0.672450
0.221667
0.720265
-0.154003
0.069808
0.204152
-0.185858
-0.648470
-0.721117
0.193272
1.184260
-0.893768
-0.661907
0.739149
0.344323
0.135881
0.331462
-0.400958
-0.254081
0.049851
-1.067336
0.833926
0.564145
-0.151998
0.208440
0.041997
-0.347954
-0.713936
1.405324
-0.405179
-0.244133
0.227239
0.377181
0.527967
-0.290165
0.288214
1.487287
0.414548
0.040417
-0.471052
-0.085646
-0.559503
-0.369771
-0.690104
0.165814
-0.112961
0.697790
0.097775
0.489440
-0.180848
0.193913
-0.549398
-0.471707
-0.152049
-0.534878
0.526425
-0.106002
0.351114
0.606888
0.369104
-0.855598
0.100341
-0.219724
0.355237
0.565003
-0.849401
0.073457
-0.156108
-0.443607
-0.112168
-0.144504
0.667296
0.619915
-0.380771
-0.090022
-0.295171
0.271360
0.546707
-0.122157
0.000878
0.318412
-0.852725
0.465889
1.156986
-0.428228
0.769462
0.444560
0.679168
-0.491514
0.034741
0.400676
0.160336
0.809563
0.567243
0.637846
-0.281155
-0.231496
-0.226728
-0.514596
-0.144457
-0.003815
0.351327
0.542984
0.290890
-0.667272
-0.184136
1.008057
-0.336189
-0.340346
0.139476
0.396083
-0.098726
-0.344287
0.739399
0.169371
0.100770
-0.342370
-0.284108
-0.903002
-0.363964
0.072238
0.121542
-0.076975
-0.725449
0.300507
0.933350
0.497837
-0.253100
0.915547
0.084943
-1.262551
0.276534
0.350821
0.429291
0.089296
0.270981
0.527801
0.995385
1.665142
-0.410433
0.154685
0.122574
0.365721
-1.010050
0.026857
0.167263
0.164192
-0.456574
0.174211
0.360429
-0.151172
0.193261
-0.664419
-0.041686
-0.576309
-0.518194
0.141710
-0.259652
-0.714921
-0.289554
-0.044932
0.437465
-0.633512
0.073358
0.684274
0.584038
0.382344
0.554643
-0.148694
0.453843
0.772492
0.329108
-0.374911
-0.772553
0.520229
0.761578
-0.036265
-0.347945
-0.074999
-0.831189
0.168083
0.264743
0.385849
-0.701133
-0.818665
0.112355
-0.297560
-0.372189
0.274194
0.411843
-0.476552
0.083100
-0.406743
0.103573
0.193979
0.462331
-0.512593
0.957239
-0.777179
0.737392
0.209076
-1.113650
-0.529616
0.006904
-0.536498
0.706564
0.036241
-0.177058
-0.261351
0.760817
-0.280583
-0.356533
0.770569
0.222595
0.726005
-0.850912
-0.337956
0.197404
0.184437
0.546154
-0.235221
-0.396647
0.902410
-0.392674
0.493719
-0.233323
0.975892
0.187270
0.915922
-0.587180
0.076560
-0.011481
-0.755082
0.585008
-0.629550
0.356564
0.257306
0.365959
0.530170
-0.197518
-1.181202
-0.011235
0.225702
0.037840
0.665316
-0.367995
0.990306
-0.141721
0.221074
0.142762
-0.287470
-1.163167
0.299316
-0.341458
-1.017853
0.266572
-0.239980
0.702579
-0.140708
-0.491221
-0.226725
-0.402085
0.006018
-1.267772
0.486659
0.457092
-0.205757
0.591221
0.736293
-0.845764
-0.187590
0.254842
-0.165835
-0.853967
0.298764
-0.592499
-0.669721
0.451881
0.754592
-0.605654
-0.358660
0.131797
0.251360
-0.766909
1.177505
-0.343073
-0.271376
0.551387
0.141936
-0.124227
0.512652
-1.428749
-0.122074
-1.166775
0.804333
0.034871
0.100322
0.084010
0.024701
-0.710924
0.634987
-0.487016
0.078433
-0.087163
-0.593356
-0.824812
-0.478572
0.876223
0.196489
-0.144938
0.053231
-0.139707
0.456980
0.219552
-0.492650
-0.500956
0.427230
-0.379894
0.668988
0.588048
0.147028
0.667712
-1.269493
0.332762
-0.586627
-0.465050
0.062970
-0.617735
-0.086344
0.080550
-0.509936
-0.150528
0.587995
0.089954
-0.315391
-0.251671
0.277820
-0.980005
-0.171392
-0.084566
0.180144
-1.140981
-0.165803
0.849263
0.046892
-0.380564
0.441370
-0.346434
-0.160415
0.072592
-0.037473
-0.250459
0.518125
0.431009
0.304598
0.236096
0.222732
0.426635
0.842695
0.113606
0.272773
-0.755914
0.239325
-0.544970
0.121073
-0.073904
0.293575
-0.085879
-0.382879
-0.302525
-0.143219
0.023190
0.047908
1.011049
-0.042081
0.700372
-1.381581
-0.661368
-0.344463
0.899352
0.015442
0.508050
0.120570
0.847155
0.515209
-0.431976
-0.334295
0.480539
-0.121824
0.603666
0.246251
0.443556
0.042299
-0.176109
0.273044
0.239392
0.094526
-0.468181
-0.621552
1.465912
0.807420
0.440526
-0.639687
0.915248
-0.546325
-0.395777
1.356169
-1.241749
-0.452083
0.063545
0.133422
-0.597343
-0.874932
-1.806121
-0.313316
0.651205
-1.378074
-0.307477
-1.458420
-0.540253
-0.661141
-0.074943
-0.309158
-1.510708
-0.891859
-0.206432
-0.647385
-0.060087
-1.267261
-0.762919
0.099412
-0.712306
-1.014033
-0.828955
0.718254
-0.346395
-0.009363
-0.434376
0.461700
-0.232153
0.231243
0.714269
1.144398
0.413896
1.091036
0.224581
0.929565
0.458978
1.128448
2.162158
1.029563
1.567540
1.139483
0.631993
0.427418
0.646998
0.809790
1.336639
1.468691
1.619246
0.363329
-0.100283
-0.421891
-0.043325
-0.076279
0.095703
-1.289019
-0.161398
-0.891466
-0.645164
-0.822005
-1.302699
-1.071395
-1.132020
-0.470063
-0.396915
-0.990561
0.136123
0.520565
-0.532749
0.541333
-1.125006
-0.879705
0.037715
-0.499297
-0.139474
0.277190
0.364746
-0.209098
0.357108
0.824624
0.453832
-0.084352
-0.388351
-0.569259
-0.793080
0.774360
1.308227
0.268246
-0.148224
0.279051
0.406261
0.115271
-0.072670
0.834511
0.441343
0.423428
-1.383372
0.209581
-0.364786
0.194285
-0.547607
-0.562076
-0.903104
-0.260483
-0.937043
-0.265788
-0.957801
0.383705
-0.928486
0.015785
-0.677227
0.348162
0.474611
-0.325452
0.126782
-0.164488
-0.196048
-0.821646
0.072369
0.504446
-0.008513
0.676917
0.625077
0.937087
1.028406
-0.438777
-0.630941
-0.169717
-0.426597
0.081507
0.724010
0.426311
-0.922525
-0.485189
0.209215
-0.383911
0.284829
-0.434026
-0.199571
0.221994
0.043177
0.604081
-1.166923
-0.652997
0.536310
-1.520153
-0.385849
0.705265
1.206550
0.950570
-0.474510
0.404970
0.025149
0.112133
0.056992
0.290155
-0.815279
0.030475
0.637279
-0.513054
0.251406
-0.098905
-0.230825
0.558238
0.007530
-0.812026
-0.379403
-0.163566
0.780496
0.007374
-0.363083
0.123493
-0.853584
-0.380876
-0.486404
0.050852
0.863251
-0.510887
0.408644
0.049566
-0.407612
0.348318
-0.031153
0.267729
0.118185
-0.110700
0.610020
-0.106932
0.101889
0.251711
0.228840
-0.100584
-0.718930
0.470426
0.090190
-0.087206
-0.758396
-0.708970
0.393941
0.272265
-0.435738
0.553347
-0.802404
-0.228637
0.375706
-0.328933
-0.450465
-0.564605
-0.224275
0.318308
0.282222
-0.760448
-0.404250
0.211230
-0.176357
-0.829937
-0.359616
-0.197619
-0.092873
0.193628
0.794539
-0.137288
-0.558188
1.040552
0.778692
1.017083
0.093167
0.923289
-0.835590
-0.432585
0.194787
-0.108829
1.227403
-0.090108
0.924210
-0.389271
0.062562
0.541826
0.385061
-0.773294
-0.223383
0.129722
-0.157518
0.116686
-0.314340
-0.062896
-0.156088
0.681194
-0.405891
-0.012703
1.117839
-0.666951
-0.436189
-0.238820
0.646109
0.199823
0.620951
0.570755
-0.044351
0.788047
-0.915313
0.893720
-0.228234
-0.640724
0.163371
-0.177927
-0.035110
-0.580551
0.592293
0.393811
0.403054
0.489782
-0.756694
0.254090
-0.116467
-1.435756
-0.685215
-0.134186
0.245764
0.032271
0.220733
-0.163625
-0.053807
0.277988
0.503187
-0.331644
-0.120602
-0.415268
-0.612937
-0.034581
0.610099
0.628742
0.094695
-0.331237
-0.610412
-0.248611
0.083078
0.222070
0.534145
-0.571513
0.445799
0.261045
-0.030215
-0.545261
0.199343
0.373987
0.112900
0.355109
-0.003027
0.313141
0.573609
0.423996
-0.598474
-0.342698
-0.242660
0.354937
-0.610746
0.284018
0.363121
-0.390056
0.723234
0.580290
0.797140
-0.205441
-0.111637
-0.028191
1.019678
0.665889
-0.293451
-0.953363
-0.935110
-0.505871
0.175504
-0.334482
0.270771
0.084975
-0.212376
0.321704
-0.069921
0.922206
0.571762
0.290515
-0.206357
-0.308220
0.455909
0.060218
-1.340511
0.094354
0.046270
0.235190
-0.644007
0.213518
0.152278
0.408767
0.588855
0.130608
0.177377
1.406550
0.526522
0.609990
0.122191
-1.740376
-0.074846
0.623802
-0.370878
0.264883
0.955968
0.830781
-0.291869
-0.170400
-0.602635
-0.441051
0.109915
-0.250474
-0.031220
-0.210036
0.238279
-0.332737
0.117790
-0.132088
1.264845
0.006417
0.369363
1.082405
0.406046
0.112594
-0.400279
-0.064702
-0.812627
0.123608
-0.051413
0.487989
-0.523741
0.935881
1.134765
-0.028054
0.745290
0.621168
0.354079
0.496091
-0.347275
0.955981
-0.015028
0.643174
0.260566
1.185025
0.764550
-0.188642
-0.251374
-0.063014
-0.756089
0.097615
-0.807768
-0.220771
0.769858
1.667818
-0.166277
0.103295
0.781583
0.529770
-0.234774
0.864378
0.505865
0.240340
-0.412679
-0.473589
0.439028
0.746669
0.214129
-0.673732
-0.220239
-0.771952
-0.410932
0.113178
-0.754404
-0.782226
-0.017596
0.235688
-0.839941
0.168879
0.333180
-0.747972
-0.435839
0.253349
0.342778
-0.180088
-0.354829
-0.238593
0.951427
-0.124219
0.055116
0.457125
-0.676239
0.331311
0.015578
0.469729
-0.092674
0.567553
1.229808
-0.318593
0.197872
0.624994
-0.903055
0.102979
0.643890
0.169486
-0.576703
0.334090
0.734257
1.033673
-1.006210
-0.339692
0.711123
-0.373976
-0.274578
1.059145
-1.232806
-0.244370
-0.464178
1.199795
-0.576680
0.732006
-0.154304
0.405582
0.314045
0.362624
-0.543402
-0.278201
-0.599225
-0.353122
-0.150313
0.058193
0.465737
-0.090543
-0.719901
0.614052
-0.106286
0.373075
-0.120243
-0.208656
0.175997
0.303904
-0.363012
0.219102
0.275225
0.390823
0.059352
0.335907
-0.529337
-0.445322
0.550228
-0.656277
-0.725932
0.434987
0.037160
-0.403252
0.901776
-0.787249
0.350343
-0.624055
-0.053691
0.322249
-0.592879
0.248679
0.207145
0.549450
-0.172409
0.707263
0.955231
-0.307169
-0.824062
-0.094828
-0.070086
-1.150597
-0.411915
-0.347467
0.033875
0.225995
-0.231704
-1.389939
0.782188
-0.344563
-0.341150
0.535022
-0.159731
-0.752604
0.446231
-0.034672
-0.335680
-1.484622
0.462237
0.062501
0.740491
0.364744
0.321601
0.550743
0.914191
-0.355697
0.502051
0.125702
-0.165770
0.680178
-0.023933
-0.854729
0.499505
-1.497379
0.559329
-0.453340
-0.922926
-0.497765
0.535037
-0.486703
-0.204496
-1.045127
-0.685440
-0.910837
-0.269775
0.361433
-0.452130
0.721682
0.046125
-0.075577
0.672059
0.245121
-0.516669
0.969741
-0.047255
-0.485017
0.146918
-0.373801
-0.254112
0.550140
-0.278714
-0.118659
-0.294259
-1.041003
0.514236
0.563740
-0.320304
-0.278564
-0.295790
0.004823
0.509209
0.057796
1.380288
-0.595432
-0.188210
1.059767
0.478779
0.843450
0.337404
-0.243228
-0.420006
-0.734042
0.192168
0.248203
-0.051873
-0.996197
0.979820
0.033764
0.339039
0.394102
0.054972
0.203195
-0.581628
-0.040320
0.049409
0.102139
0.114199
-0.601536
0.483625
0.855039
0.004212
0.911767
-1.453539
-0.288681
0.029655
0.960818
-0.592096
0.008335
0.017694
0.153666
0.828154
1.199061
0.159576
0.100050
0.701598
0.346418
0.638481
-0.152118
-0.663324
0.999963
0.372152
-0.732460
0.763322
0.076998
-0.217707
-0.123933
-0.516202
0.837220
1.233414
0.682635
-0.268591
0.105476
-0.309605
0.357719
0.016717
-0.414163
-0.187069
0.025391
0.170748
-0.108244
-0.457157
-0.265373
-0.416861
-0.035855
0.008094
0.151623
-0.328836
-0.506826
0.325945
-0.316866
-0.297675
-0.270604
0.471365
-0.245597
0.129747
0.378000
-0.385490
-0.484949
-0.027820
-0.390731
0.328321
0.755534
0.158994
0.016894
0.515273
-0.399019
-0.182670
-0.281692
0.124460
-0.705128
-0.622095
-0.089774
0.837037
0.889464
0.149235
0.009232
0.087343
0.569310
-0.539860
0.057321
0.113760
0.599417
0.087891
-0.557490
0.315552
0.079106
0.646670
-0.476252
0.974296
0.372982
-1.403909
-0.460091
-0.582515
-0.042762
0.569190
-0.202323
0.475314
0.451781
-0.399015
-0.189953
-0.485790
0.732655
-0.396213
-0.030334
0.767610
-0.479150
-0.227214
-0.511136
-0.118881
0.615668
-0.759325
-0.296718
-0.228715
0.309481
-0.114289
-0.317303
-0.783633
-0.057166
-0.815928
0.298846
-0.508420
0.132382
0.070595
-0.068269
-0.200800
0.929279
0.475064
-0.455684
-0.846311
0.774642
-0.280945
0.157533
-0.012596
-0.477930
-1.455158
0.410325
0.010531
-0.257115
0.052809
1.387880
-0.418314
-0.820327
0.461202
-0.134222
-0.083598
0.232244
0.105577
0.492039
0.335582
-0.628750
-0.237846
-0.244205
1.372294
0.588122
0.446802
-0.185519
-0.261380
0.034061
-0.819758
0.649520
0.361691
0.070614
-0.116708
0.110124
0.140300
0.463846
0.729584
-0.042316
0.676402
0.162159
-0.214559
-0.175969
0.684208
0.901335
0.495578
0.456570
-0.041715
0.421809
0.271726
-0.022430
-0.242911
0.277019
-0.143913
1.425830
-0.221455
0.700931
0.804935
0.150348
-1.007350
-0.214204
-0.902736
0.079697
-0.135098
-0.131366
0.668984
-0.102799
-1.298482
0.421559
0.135514
-0.595608
0.658339
-0.507517
-0.196619
0.056647
1.511694
0.992927
-0.003863
0.549541
-0.135544
-0.504351
-0.229524
-0.032831
0.605838
0.057605
0.515554
-0.097713
0.090550
-0.208653
-0.632725
-0.551047
-0.132719
0.159683
-0.763288
0.229635
-0.200960
-0.700217
0.692488
0.104782
0.336498
-0.172801
0.161336
-0.494356
-0.179056
0.068704
0.674172
0.505654
0.681500
0.031031
0.076281
0.853203
0.497650
-0.290871
0.132166
-0.309774
-0.249067
0.136394
0.139075
1.185363
-0.304805
-0.056366
-0.853204
-1.529382
0.097348
0.088231
0.216559
0.990391
-0.571595
0.210085
0.386208
0.373736
0.181055
1.119441
-0.025421
0.571317
0.587976
-0.242542
1.022291
0.734968
0.438875
-0.061915
0.012364
-0.661453
-0.938071
-0.169834
-0.355626
-0.669955
0.060185
0.942293
-0.671471
0.609087
-0.034739
0.769389
-0.040713
-0.407938
-0.301084
-0.414196
-0.120568
1.245110
0.461558
-0.247260
0.287587
-0.387874
0.100392
-0.326527
-0.079505
-0.805451
-0.208616
-0.602855
-0.509753
-0.282735
0.209056
0.693956
0.455994
1.401634
0.061805
0.394059
-0.886610
-1.226339
0.216059
0.378717
-0.653878
-0.524114
-2.091377
-0.200309
0.004431
0.777980
1.269546
-0.256328
0.280062
0.699605
-0.227597
-0.059698
-0.241882
0.505249
0.272751
0.336186
0.428876
0.060569
-0.860934
0.042574
-0.613365
1.031337
0.013940
-0.416124
-1.496992
-0.184267
-0.018511
0.219681
-0.231674
0.617085
0.535480
0.048552
0.014951
0.009838
-0.234880
0.352793
-0.016760
-0.157288
-0.112438
-0.936798
0.676471
0.171464
-0.003303
0.408648
-0.160580
-0.224429
-0.281429
-0.632349
-0.231536
-0.030634
0.973241
0.046977
-0.914501
0.903120
-0.289556
0.701487
-0.012320
0.559874
0.062885
-0.265688
0.875643
-0.900556
-0.138205
-0.101145
-0.590791
1.033309
-0.061118
-0.910929
0.052701
0.411213
-0.041648
0.723163
0.253409
-0.952380
1.170656
0.369011
-0.256151
0.422592
0.102629
-0.318865
0.252375
-0.492611
0.287911
0.282785
0.162461
-0.460223
-0.035197
0.360160
-0.154736
0.013443
0.011478
0.097264
0.297494
-0.063850
-0.782707
0.176278
0.581581
-1.003929
-0.670239
-1.007643
-0.314909
0.123111
-0.261375
-0.566524
1.187867
-0.479148
0.363142
0.275914
0.529185
-0.027899
-0.074570
0.229655
0.104345
-0.274980
0.938466
0.406772
-0.022417
0.277337
-0.120357
-0.501380
0.668473
-0.087208
0.216562
0.252617
-0.232457
0.211399
-0.717025
-0.226598
-0.103357
0.806786
0.071228
-0.144694
0.582166
-0.779108
0.899416
-0.854489
0.573696
0.637211
-0.113450
1.107378
-0.184370
0.880135
-0.459995
-0.408376
0.531789
0.659599
0.012743
-0.402468
0.048357
-0.692858
-0.556386
0.691019
0.650724
0.105100
0.265323
0.180051
0.034720
0.010856
-0.455189
0.064513
-0.340717
-0.010106
0.334549
-0.335936
-0.779140
0.035080
-0.655600
0.805650
-0.093525
-0.255005
-0.255908
0.169270
0.777907
-1.292545
-0.296813
-0.486302
0.037299
0.296365
0.846937
0.474661
-0.197357
0.523599
-0.682223
0.287778
-0.611195
-0.492584
0.548745
-0.359204
-0.021425
0.577403
0.318876
-0.110189
-0.684388
-0.279259
0.351050
-0.289142
-0.508413
-1.383804
0.134054
-0.795743
-0.332980
0.490333
-0.116253
-0.228717
-0.186032
-0.041644
-0.017981
-0.421730
-0.510367
0.711923
0.098838
0.418215
0.429223
0.663409
0.301800
0.071260
-0.100249
-0.240570
0.567372
0.051855
-0.258084
-0.283441
-0.625401
0.128316
0.341986
0.104045
-0.256023
-0.332175
-0.999038
0.054620
0.718596
0.769475
0.433675
-0.132769
-0.933540
-0.182430
0.763022
-0.243254
-0.026591
-0.255539
-0.011959
-0.249213
-0.226878
0.756459
-0.753782
-0.534531
0.267189
0.469759
0.220798
-0.132750
0.219772
0.733346
-0.333908
0.761565
-0.299033
0.059187
-1.017332
0.308863
0.450419
-0.227463
-0.324593
-0.253328
-0.150308
-0.943466
0.600780
-0.526222
-0.225629
0.760137
0.364303
-0.314495
-0.073778
0.609218
1.053177
0.605995
0.070112
-0.239658
-0.064670
-0.755109
0.444350
-0.733349
-0.189752
-0.557527
0.551190
-0.385960
0.034791
0.487583
0.023527
-0.341421
-0.837360
-0.130100
0.746319
0.018472
-0.359014
0.445921
0.109391
-0.572024
0.487483
0.004489
0.628522
0.439496
-0.015022
-0.758127
0.135530
0.062978
0.140792
0.683724
-0.591866
-0.775086
-0.204514
-0.181006
0.142400
0.249964
0.688012
0.357595
-1.720365
-0.066657
0.286429
0.107014
0.662162
0.243013
-0.582598
-0.263449
-0.019302
0.441829
-0.443984
0.535033
-0.230541
-0.128470
-0.183563
-1.051941
-0.025556
0.732071
0.364965
0.052887
0.012978
0.056533
-0.007634
0.023410
-0.108310
0.055800
0.319028
-1.087119
0.118251
-0.395752
0.106841
0.123091
-0.393098
0.223900
0.138616
-0.729826
-0.547112
0.001379
0.399656
-0.368037
0.126139
-0.037094
0.170880
0.035967
0.421762
0.386015
0.457807
-0.567521
0.975773
0.010821
0.009201
-0.413821
0.736302
-0.107055
-0.279577
-0.027566
-0.822644
0.220252
0.118300
-0.524525
0.213878
-0.771538
0.178877
-0.427272
0.022180
-0.773558
-0.197257
0.221797
0.164691
-0.048545
-0.747654
0.186020
-1.078026
-0.391889
-0.472707
-0.328422
-0.630317
-0.682082
0.324621
-0.492387
0.696983
0.605724
-0.486725
0.271250
1.164794
0.391242
0.377380
0.063907
1.149497
0.817716
0.640298
-0.218546
0.369947
0.434955
-0.137980
-0.029659
0.563957
-0.156887
0.352878
-0.397618
-0.936119
0.183829
0.515975
0.001482
-1.754782
-0.908079
0.182525
0.734909
-0.164128
1.080249
-0.154815
-0.503690
-0.681165
0.942590
0.297486
-1.370941
-0.617281
-0.257419
1.253533
0.929019
-0.224691
-0.412053
-0.125449
0.477487
-0.218203
-0.402035
-0.426773
-0.482569
1.112530
-0.313072
0.383730
0.017675
-1.104568
-0.099181
0.241229
-0.586967
0.427283
-0.281486
-0.096755
0.059965
0.687005
-0.525358
-0.369196
-0.341020
-0.303122
0.203097
-0.641972
-0.909042
-0.442964
-0.171540
0.681610
-0.350650
-0.228897
0.070844
-0.103585
-0.425324
-0.589703
-0.589555
0.516284
-0.099236
-0.410917
0.089441
-1.155841
0.400093
-0.280584
0.055609
-0.547034
-0.155028
0.514065
0.628612
0.691544
0.204952
-0.516800
-0.176105
-0.366115
-0.292966
0.286825
0.071275
0.267587
-0.374957
-0.526332
0.244126
-0.063918
0.655465
-0.488368
-0.116801
-0.248624
-0.355950
-0.483456
0.227475
-0.406032
-0.647410
-0.043525
0.016492
-0.244324
-0.108670
-1.064287
0.135343
-0.620477
-0.309853
0.301016
0.450333
-0.378097
0.119341
1.112258
0.278044
0.384507
0.627505
-0.440432
-0.231471
-0.669178
0.426123
-0.018653
-0.965955
-0.183877
0.349476
0.112844
-0.772245
-0.187039
0.312763
-0.236052
0.488893
0.222694
0.595227
0.509955
0.519833
-0.306684
-0.100390
0.208019
-0.267367
-0.242098
-0.559016
-0.198222
-0.487693
-1.168670
-0.568133
-0.745165
0.116504
-0.692351
0.907830
-0.087508
-0.678464
-0.025601
-0.685995
0.076978
0.327720
0.918000
-0.702948
-0.071224
-0.164291
-0.054829
0.278663
0.045551
0.112607
1.007362
-0.089767
0.444418
-0.941445
0.072480
0.069308
0.984134
-0.107314
-0.055867
-0.177397
0.152802
-1.154371
0.239886
-0.303303
0.484868
0.281183
-0.461778
-0.267495
-0.007128
0.208688
-0.540122
0.178866
0.656740
-0.354534
0.697037
0.538179
-0.987080
-0.146492
0.239020
-0.788453
0.492913
-0.435185
-0.313745
0.285089
-0.206393
0.493177
0.093601
0.856597
-0.723341
1.005373
0.504717
-0.070322
1.041043
0.132482
0.103558
0.729327
0.294365
0.286801
-0.043878
0.480794
0.681498
1.442271
0.563085
0.489768
0.071629
-0.011748
0.392096
0.618140
-0.523711
-0.250654
-0.042105
1.228092
-0.242887
-0.848549
0.588747
-0.461621
-0.323723
-0.332764
0.313063
0.752557
0.410250
0.115764
0.595424
0.607746
-0.178090
-0.169715
-0.578438
0.202456
-0.019985
0.251955
-0.054896
0.078138
-1.507052
0.553493
-0.735771
0.859318
-0.104431
-0.874068
-0.370729
-0.602327
-0.161411
0.221405
1.131275
0.535683
0.321933
-0.615298
-0.880087
-0.920680
-0.806501
0.443167
0.697872
-0.242120
-0.418766
0.786159
-0.740610
0.840049
0.014297
0.443925
0.199717
-0.481498
0.394991
-1.333933
-0.711499
-1.537756
-0.147212
-0.321497
-0.190419
0.689781
0.342623
-0.427039
0.195825
-0.824037
-0.502771
-0.126853
1.359497
0.259144
1.336066
-0.281865
0.322591
0.400199
0.018228
0.514752
-0.054289
0.417618
-0.293490
1.048822
0.214558
-0.608723
0.020511
0.687165
-0.790812
-0.222140
1.555219
-0.149192
0.837540
-0.308201
-0.076444
-1.292068
0.304818
-0.215765
-0.664991
-0.071311
0.665235
0.612693
0.444296
-0.319552
-0.555083
0.483137
-1.451960
0.796346
-0.542957
0.424023
0.116520
0.496209
-0.023967
-0.982193
1.096907
0.192102
0.363393
-0.571966
-1.132034
-0.350203
-0.196764
-0.270095
-0.022543
-0.827403
-0.076737
0.836701
0.444598
0.414082
0.334189
0.780303
0.700827
0.020075
0.393159
-0.356774
-0.666110
0.379929
-0.747237
-0.862580
-0.926913
-0.551817
0.237958
0.095827
0.179362
-0.514800
-0.097803
0.515747
-1.038082
0.136298
0.441584
-0.288562
0.101665
-0.410360
-0.147918
0.036424
0.345974
-0.720720
0.455336
-0.031628
-0.047778
0.357117
-0.249275
-0.425790
0.238410
-1.035075
0.373189
0.149923
0.517199
0.897432
0.269927
0.660760
0.302304
-0.406317
0.099968
0.291133
-0.603154
0.168086
-0.158639
-0.507336
0.035130
-0.442318
0.783165
0.238103
-0.558756
-0.108131
0.048726
0.010420
-0.120633
0.705523
-0.102807
-0.708819
0.359983
-0.377562
0.336170
-0.092941
0.298805
0.141676
0.401463
0.198301
-0.356408
-0.537466
-0.997042
0.560187
-0.464967
0.011300
1.003779
-0.248860
-0.545361
-0.627889
-0.326261
-0.828339
-0.352628
0.245987
0.477852
0.110677
0.815749
0.661141
0.374243
0.687417
0.292280
0.740579
-0.204706
-0.018867
0.078915
-0.417991
-0.783837
0.284861
-0.069639
-0.221524
-0.135108
0.270699
0.366106
-0.762407
0.104080
-0.271501
-0.029982
-0.438615
-1.051637
-0.370342
-0.434130
0.124286
0.450754
1.244189
-0.699496
1.193377
0.908788
0.139833
0.114231
-0.134761
0.518820
-0.967234
-0.556862
-0.218715
-0.350315
-0.947363
0.818654
0.529515
0.869451
0.672637
-0.476379
-0.512850
0.454019
0.535944
0.510530
-0.084810
0.591746
0.493465
-0.234917
0.200506
0.335031
-0.261414
0.065478
-0.000504
0.507092
0.766255
0.041257
0.039917
0.601637
0.407987
-0.058113
0.620377
-1.429209
-0.381369
-0.609833
-0.831085
0.597576
1.001111
-0.325800
-0.298086
0.245132
0.033741
0.795117
-0.355987
-1.039997
0.900173
-0.319418
-0.519020
-0.807617
-0.132120
-0.150718
-0.158544
-0.614538
0.859762
-0.285409
0.070926
-0.357117
0.382832
-0.145937
-0.130160
0.086930
-0.186670
0.419277
1.296231
-0.122424
0.783828
-0.194982
-0.488133
0.678507
-0.072569
0.550056
0.373521
-0.798864
-0.892577
-0.359001
-0.365981
-0.421560
-0.185424
-0.221923
0.319965
1.259401
0.148847
-0.308074
-0.784652
-0.881022
-0.188791
1.100017
0.006126
0.418271
-0.907021
0.951927
0.094496
-0.184819
-0.068114
0.082605
-0.012920
-0.589372
-0.332378
-0.139456
-0.275828
-1.182099
0.687889
-0.056674
0.021101
0.094521
-0.156331
-0.197659
0.546177
0.486221
0.129769
-0.146952
-0.227807
-0.292669
-0.064254
0.171886
0.637432
-0.149133
0.045104
-0.048173
-0.346875
0.498068
-1.251234
0.632141
1.345605
0.150968
0.045879
0.397557
0.709255
0.744931
-0.562038
0.122385
-0.555898
-0.057619
0.214001
-0.674625
-0.970423
-0.347671
0.739060
-0.011034
0.123403
-0.095672
-0.714906
0.017297
-0.315376
0.189738
-0.328269
0.510547
-0.502030
0.142613
-0.660209
0.255924
-1.048516
-0.445519
-0.456722
-0.758012
0.466408
0.439487
1.372534
-0.863833
-0.111753
-0.204591
-0.056437
-0.450386
-0.105653
-1.190131
0.096080
-0.011684
0.420180
-0.171311
0.568457
-0.441208
-0.747185
0.656100
-0.134453
0.584991
0.482985
0.006379
0.511861
0.279228
0.199830
-0.184712
-1.132812
-0.248367
0.300125
0.863118
-0.098582
-0.023851
0.348979
0.603626
-0.004134
-0.593444
-0.170526
-0.136846
-0.764159
0.256779
0.261178
0.103494
-0.416841
0.008288
-0.559346
-0.268209
0.433896
0.468622
0.427259
0.744027
0.016171
-1.073608
0.961595
0.368230
0.100562
-0.136027
-0.714355
0.747487
-0.142866
-0.945671
-0.089882
-0.363736
0.080605
0.065114
0.393617
-0.933117
-0.362319
-0.319039
0.021903
0.501304
-0.862863
0.015633
1.145518
-0.145700
-0.248185
-1.013158
0.161656
0.291861
-0.764336
-0.054869
-0.355976
0.266863
-0.281576
-0.347287
0.270622
-0.170881
-1.536395
0.236621
-0.576698
-0.808181
-0.388187
0.037832
0.645632
-0.990296
0.186532
0.017563
-0.439478
0.407975
0.574760
-0.427313
0.079845
-0.810916
-0.577172
0.078847
-0.076770
-0.847400
-0.530280
-0.293704
0.937425
-0.078060
0.625210
0.421059
-0.313075
0.307213
0.165357
-0.995764
-1.124025
-0.312449
-0.121640
-0.821130
0.207517
1.157603
0.487845
0.688859
1.173518
-0.077694
-0.080103
-0.124335
0.439365
0.242985
0.643167
-0.967645
-0.171013
-0.497533
-0.656444
-0.221534
-0.422487
0.208786
0.510875
0.329971
0.191990
0.085689
-0.515063
0.368952
-0.425764
-1.002066
-0.176785
-0.170620
-0.577479
0.205980
1.064843
-0.415167
-1.189922
0.083061
0.334514
0.842485
-0.500716
-0.561207
-0.497147
-0.166434
0.300081
-0.487369
-0.627065
-0.303844
0.062006
-0.273330
-0.230647
-0.818923
-0.424548
1.154707
0.452911
-0.360884
0.659800
1.002200
0.195763
0.856371
0.685154
-0.527034
-0.021539
0.382038
-0.659601
-0.012941
-0.174546
-1.310381
0.234436
0.164156
-0.034222
-1.316169
0.166541
-0.592377
0.164097
0.147234
0.657774
0.204510
-0.854837
1.149004
0.062297
0.336077
-0.052567
-0.186272
-0.396349
-0.233107
-0.637631
-0.333561
-0.017687
0.165183
0.899678
0.209152
-1.070676
0.472991
0.327843
-0.742131
-0.154794
0.671202
0.135030
0.600600
-0.362992
-0.115855
0.464887
-0.156360
-0.870686
0.002177
-0.562199
-0.087707
-0.519785
0.598378
0.030918
0.338507
0.510066
-0.539363
-0.008981
0.671956
-0.102945
0.380046
-0.515376
0.569060
-0.410545
-0.020011
-0.668364
-0.728599
-1.051468
0.319410
-0.236179
-0.168786
0.438816
-1.355794
-0.493155
0.818300
-1.060015
-0.108979
0.658858
-0.137234
-0.170308
0.947704
-0.671032
-0.012111
0.842096
0.032437
0.687624
-0.801385
-0.741390
0.713085
-0.198367
0.496833
0.118269
0.230017
-0.418711
0.054794
0.267036
0.568565
-0.256422
-1.192399
-0.300389
-0.387145
1.577847
0.160055
0.380343
0.016629
-0.184284
-0.468498
-0.195327
0.011981
0.213184
-0.660153
-0.531071
-0.150061
0.284907
-0.843980
-1.088074
-0.317180
-0.616080
0.657567
0.428372
0.544536
0.477814
-0.295235
0.961915
-0.379149
-0.559863
0.765853
1.163931
-0.127800
0.396310
-0.664899
-0.692956
-0.019276
-0.312075
0.084266
-0.007507
-0.180300
0.359138
0.661661
0.894901
-0.021850
0.217877
0.253849
0.774326
-0.417238
0.032868
-0.539015
0.473252
0.889268
0.199872
0.525208
-0.399022
1.068339
-0.139211
0.871112
0.228655
0.265754
0.844300
0.136540
-0.789722
0.140435
-0.788164
0.267613
-0.895947
0.340332
0.064097
-0.140377
0.044632
0.154611
-1.538154
-0.869857
-0.074979
-0.489297
0.186718
0.145685
-0.326402
-0.333093
0.029371
-0.045519
0.130642
-0.099577
0.355064
-0.358635
0.604993
-0.347691
0.456796
0.141657
1.245157
-0.346241
0.551975
-0.272049
0.967200
0.143351
0.096242
-0.634425
-0.215160
0.356031
0.175424
-0.580715
-0.068911
-0.039718
0.070463
-0.426111
0.727495
0.601054
-0.187288
0.222307
-0.447638
0.574006
-0.175799
-0.435718
0.155519
0.038901
0.230896
-0.279944
-0.417073
0.607776
-0.677821
-0.285132
-0.789400
0.480120
-0.490724
0.683185
-0.473647
-0.081703
-0.231701
0.158535
-0.186109
0.313528
0.452170
-0.220249
0.747141
0.158583
-0.608249
-0.312493
-0.110638
-0.373101
-0.531544
0.013026
-0.376197
0.423006
0.054858
0.941344
0.249470
-1.602881
0.243243
-0.277421
-0.595700
-0.023655
0.313358
0.283794
-0.748909
1.169623
-0.409634
0.114934
-0.438526
-0.571669
-0.492357
-0.047315
0.264683
-0.227101
-0.501085
0.764550
0.603805
0.910457
0.157327
0.276285
-0.284096
0.124389
-0.250143
0.566524
0.136008
-0.438626
0.089437
0.001142
0.533790
0.715159
0.525372
-0.049917
-0.328062
-0.249944
-0.685674
0.078374
-0.190825
-0.541487
-0.011489
0.292878
0.527633
-0.360224
-0.067067
0.865675
0.262241
-0.717553
-0.062567
0.889539
-0.641153
0.253907
1.003693
0.677947
-0.050092
-0.179620
0.947558
0.151996
0.367152
0.123311
-0.702815
-0.122201
0.589083
0.007179
-0.556493
-0.204041
0.258765
-0.527475
-0.033958
-0.805065
0.610003
-0.491405
-0.276969
0.269156
-0.593578
0.988840
0.880826
0.648224
0.127782
-0.728068
0.426686
-0.020845
0.061352
0.001907
-0.207785
0.580612
-1.014142
0.486631
0.008473
-0.923143
0.028774
0.656259
0.042140
-0.314500
-0.395291
-0.279776
1.087289
0.081990
0.478316
1.011671
-0.525848
0.445515
-1.036574
0.019180
0.524732
0.269254
0.746433
0.040159
0.790015
-0.301518
0.418699
0.927181
-0.138786
-0.674229
0.191913
-0.787273
0.083305
-1.072462
0.405701
-1.565755
-0.527396
0.086544
0.307621
0.126956
0.077958
-0.214279
-0.075215
-0.584803
-0.017267
-0.370919
1.245096
0.751321
-0.805502
-0.589635
0.192331
0.532739
0.354050
0.689688
0.135090
-0.978687
-0.361338
-0.088209
-0.860693
-0.000351
0.489164
0.143463
-1.010549
-0.376733
0.605339
-0.716504
-0.606166
0.873162
0.582359
-0.311824
0.304971
0.168742
0.246263
0.733575
0.093751
-0.568156
-0.553838
0.126623
-0.196504
-0.011281
-0.510501
0.639796
0.280203
-0.359115
1.182310
-0.216501
0.094427
-0.608653
0.764378
-0.744106
0.515624
0.562938
0.731505
0.480927
0.514322
-0.317798
0.964727
0.883490
-0.504475
0.067433
-0.213931
0.198644
0.395506
-0.407115
0.396807
0.434828
0.258872
0.071990
-0.667740
-0.434655
0.435256
-0.019006
-0.722961
-0.532691
-0.334763
-0.580220
0.888501
0.091606
0.235781
-0.514588
-0.286383
0.407158
0.659804
1.050921
0.458714
0.238833
0.109778
-0.376499
0.275055
-0.987653
0.397200
-1.083082
0.248601
-1.014271
-0.436143
-0.265570
-0.272471
-0.168671
0.937986
0.410303
0.069766
0.080157
-1.336007
-0.444495
-0.562053
0.202040
0.476621
0.512558
-0.855076
0.715002
0.290863
-0.082138
-1.204558
-0.280392
-0.064871
-0.234985
-1.513681
0.436412
0.417990
-0.182160
-0.601352
0.017676
0.224641
-0.161309
-0.896293
0.867054
0.380782
0.051684
-0.578168
0.372817
-0.183306
-0.303106
-0.064641
1.633755
0.324887
-0.045010
0.426512
0.431403
-1.217579
0.492127
0.325336
-0.051522
0.935706
0.148844
0.681331
-1.061836
0.297511
0.234266
0.521579
0.661408
-0.368312
-0.669003
-0.058184
0.178551
0.268071
0.419895
0.010203
1.222408
-0.396101
0.776259
0.137895
0.024058
-0.504381
-0.115240
-0.662108
-0.999659
0.114524
0.180505
-0.227072
-0.302767
-0.132748
0.125368
-0.096096
0.021828
-0.399886
-0.896393
0.274771
0.476384
-0.690044
0.135495
-0.033266
-0.053298
-0.288575
0.111832
-0.946988
0.267438
0.403381
0.031351
0.334548
0.495030
-0.482346
0.217182
-0.328351
0.254795
-0.075002
0.331426
-0.082165
-0.341964
-0.398395
-0.956766
0.018466
-0.434981
-0.386683
-0.464692
0.165663
-0.241346
0.315074
-0.363249
-0.667031
-0.329964
-0.262268
0.794480
-0.019598
-0.228563
0.237830
0.674989
-0.789788
-0.218440
0.538574
0.328661
0.234477
-0.430373
0.788029
0.348626
-0.391088
-0.335872
1.159275
0.000816
-0.300898
0.299776
-0.025896
0.516190
-0.976464
-0.534560
0.118938
-0.010448
0.205950
-0.116163
-0.391058
0.052711
0.739896
-0.197628
0.025628
0.173291
0.178767
0.147241
-0.715268
0.134251
0.043916
-0.248642
-0.486109
0.395552
-0.041831
0.022261
-1.165429
-0.016996
0.568704
-0.017412
-0.264005
0.003290
0.795243
0.932664
0.841375
0.394421
-0.114015
0.178845
-0.352626
0.624422
0.295080
0.490618
0.113634
0.801661
0.317460
0.284095
0.762154
0.254933
0.602853
0.265155
-0.523307
-0.252695
0.096881
-0.361190
0.381754
-0.611878
-0.525574
0.681391
-0.281421
-0.189527
0.639295
0.429436
-0.335864
0.930916
-0.344301
-0.441364
-1.091128
0.244836
-0.829886
0.168354
-0.652712
0.252604
0.952359
-0.848712
0.111102
-0.384104
-0.267806
0.205259
0.137966
0.679421
0.575324
-0.299803
0.284898
-0.211494
0.252285
0.280832
-0.045604
-0.295450
0.133748
-0.474582
-0.689918
-0.039025
-0.269946
1.007016
-0.043676
-0.445261
0.135710
-0.886866
-0.292590
0.792201
-0.373237
0.953880
0.700499
-1.241104
-0.148146
0.539496
-0.933627
-1.160847
0.492025
-0.234432
-0.302054
-0.599597
-0.840309
0.910533
1.157516
-0.483158
0.295397
0.906364
-0.362228
-0.036408
-0.037704
-0.212835
0.093602
-0.704669
0.163979
1.379702
-0.323694
0.471601
-0.090849
0.178725
0.079488
0.561101
-0.082986
-0.446512
0.067010
-0.583970
0.637948
-1.109626
0.864500
-0.250442
1.145398
0.065875
-0.343924
-0.388407
-0.154227
0.297014
0.680791
-1.366995
-1.049680
0.618105
-0.023265
0.126190
-0.040087
-0.163863
-0.572407
0.604555
0.344617
0.304475
-0.434723
0.236900
0.426663
1.112512
-0.216921
-0.535295
0.244837
-0.870235
-0.134026
-0.527014
-0.994177
-0.284763
0.781020
-0.348291
-0.419821
-0.116356
0.148354
-1.282292
0.316554
0.369043
-0.144293
-0.318441
-0.639053
-0.297999
0.263338
0.612396
-0.393429
0.436973
-0.359732
0.169990
-1.815214
