-0.044352
0.896799
0.217271
0.292632
-0.306673
0.677738
1.447238
-0.374142
0.965041
0.034893
-0.285744
-0.013063
0.476378
0.421498
0.148413
-0.207254
-0.859258
-0.057222
-0.239540
0.583835
-0.625329
-0.119371
1.060409
-0.594794
-0.609832
0.620604
-0.356623
-0.178252
0.097940
0.546954
0.501602
0.730224
0.951084
0.597221
0.249439
0.338043
0.963963
0.316619
0.030228
0.193977
0.133231
0.977421
-1.226132
-0.074665
-0.935420
-0.377761
-0.642903
0.053872
-0.993282
-0.147962
-0.084178
0.011708
0.026871
-0.496335
-0.826415
0.633047
0.083261
0.094684
0.223749
-0.243747
1.130037
-0.598403
-0.178908
-0.031068
0.182626
0.317477
0.214635
-0.389742
0.018469
1.174509
-0.613049
-0.341882
0.094444
-0.142065
0.945186
-0.226872
-0.062596
0.376365
0.227583
-0.943944
0.506161
0.511420
0.303262
0.307584
-0.333995
-0.090356
-0.368516
-0.773643
-0.543827
-1.044681
0.851539
0.299654
-0.412449
-0.223170
0.493842
-0.841275
0.749376
-0.265363
0.513017
-0.880639
-0.735915
0.428210
-0.562431
0.085939
-0.198285
0.004670
-0.139954
0.147002
0.378406
-0.136007
-0.708470
-0.354665
0.174132
0.155959
0.379832
1.070874
-0.178685
-0.833868
0.268128
-0.525533
0.029688
0.985527
0.604744
0.475027
-0.601303
0.623075
0.650448
-0.707234
0.123677
-0.514941
0.047443
-0.454720
0.126925
0.078590
0.124841
0.075932
-0.098336
-0.245503
-0.288633
1.149504
0.501255
-0.361865
0.206506
-0.956459
-0.688714
0.182158
-0.186219
-0.025402
-0.350284
1.265715
0.150926
-0.168224
-0.400917
-0.153983
0.512620
-0.644926
1.155141
-0.219555
-0.482619
-0.739178
0.612571
-1.213390
0.031179
-0.300404
0.134156
0.491378
-0.223304
0.152184
0.687569
-0.487439
0.091744
0.102056
-0.039557
-0.471337
0.103574
0.720799
0.190861
-0.438737
-0.000503
0.282737
0.330030
-0.147833
0.786713
-0.077538
-0.020532
0.205671
1.385348
0.326414
0.064314
0.304756
-0.004763
0.354439
0.844190
-0.591811
-1.205283
-0.342423
-0.172874
-0.239547
0.197367
-0.167784
-0.106070
0.423686
-0.245129
-0.018395
0.515845
-0.317233
-0.139419
0.626720
0.443226
-0.751509
0.701670
-0.005157
0.330296
-0.249098
-0.550938
-0.280740
-0.298567
1.086547
0.549656
0.040576
1.039676
1.626433
0.805940
-0.089154
0.306237
0.066887
-0.071772
0.310467
-0.733400
-0.304584
-0.554634
-0.575507
-0.451742
-0.133059
0.207387
0.110691
0.644302
0.668266
-0.817022
-0.636911
0.013283
-0.238776
0.960838
0.323879
-0.094848
0.597639
-0.974084
-0.474865
-0.599379
1.111002
-1.117323
0.126734
-0.593139
-0.754500
0.586879
-0.497211
0.825904
-0.619438
-0.264992
1.262015
0.161892
0.020165
0.509759
0.423263
-0.411265
0.869982
0.560592
-1.051908
-0.113093
0.732450
0.243568
-0.434545
-0.471608
0.559437
0.243363
0.346261
-0.138029
-0.185899
-0.185517
0.081381
-0.458221
-0.461803
0.180905
-0.089265
-0.994301
-0.463720
0.721001
-0.895691
0.011664
-0.340160
0.109936
-0.668222
-0.287608
-0.161859
-0.425374
-0.415738
-0.427751
-0.312393
-0.289375
0.318663
-0.051915
0.097359
0.363040
0.322644
0.457452
0.405713
0.648933
-0.335468
1.068407
0.311660
-0.027208
0.328641
-0.587106
0.829750
0.038631
1.093170
0.092262
-0.305142
-0.268791
-0.526700
0.199830
-0.274130
1.007816
0.046373
-0.398876
-0.810633
-1.238548
0.216328
-0.075608
0.227408
-0.923439
-0.595715
0.284929
0.042414
0.381686
-1.075763
1.067165
0.301358
-0.555256
0.325445
-0.022145
-0.002655
-0.401656
-0.215011
-0.255935
-0.137807
-0.299897
-0.481655
-0.589976
-0.198471
-0.235775
0.772798
-0.297285
-0.233189
0.336121
-0.839559
-0.466097
-0.288679
0.005426
-0.128583
-0.994663
1.202497
-1.294001
-0.891445
0.277653
0.296660
-0.047306
-0.818714
-0.799704
-0.146313
-0.779707
0.258647
0.114108
-0.238339
0.364292
0.438215
0.019372
-0.414310
0.952088
0.053068
0.455255
0.036705
-0.126103
0.764647
0.580922
-0.167785
-0.250041
-0.412076
0.894492
-0.583633
0.540770
-0.301229
-0.054555
-0.950018
0.156046
-0.435580
-0.488942
0.996828
0.169605
0.382089
-0.097599
-0.276486
0.528016
-0.696765
-0.313692
-0.770661
-0.479075
0.090010
0.497285
-0.469328
0.252204
-0.447950
-0.146964
0.006390
-0.394703
-0.166233
0.275238
0.167891
-0.286809
0.249719
0.270479
0.326410
-1.229806
0.271378
-0.251059
-0.132589
-0.457075
-0.261938
-0.746337
-0.403541
0.661776
0.533009
0.082177
-0.788173
-0.681121
0.077627
-1.363672
0.015976
0.413659
0.609335
0.424175
-0.646032
-0.278906
0.587610
-0.168752
0.102064
0.360976
0.013200
0.905041
0.127595
-0.385968
0.021691
-0.998141
-0.770024
0.302104
-0.589586
-1.004167
0.502926
-0.787563
-0.759361
-0.305514
-1.699926
-0.654009
-0.890149
0.228374
0.059104
0.340692
-0.495163
-1.537165
0.061207
-1.489594
-0.292208
0.392526
0.020837
0.666864
-0.492774
-1.224592
-0.215825
-0.024879
0.017892
0.092945
-0.336645
0.016853
0.233056
-0.527911
0.056913
0.503812
1.143993
-0.816967
0.647516
-1.114669
0.622160
-0.352396
-0.125053
0.426930
-0.496747
-0.244281
0.318400
0.327402
-0.025783
0.563390
-0.453759
-0.622719
0.425181
0.356451
-0.649529
0.357886
-0.220548
0.015974
-0.131974
0.073626
-0.310414
0.235631
0.342409
-0.023567
0.664429
-1.011952
-0.444624
-0.139358
-0.264909
0.802984
0.351684
0.668311
0.577749
-0.555437
0.441432
0.180512
0.606775
-0.837012
-0.083053
-0.845033
-0.094436
0.408433
-0.022790
0.241979
0.662694
0.039876
0.539942
-0.326984
-0.644963
0.133497
0.251668
-0.113729
-0.707522
0.153574
-0.036299
0.080844
0.743820
-0.792558
0.602566
-0.118082
1.179890
0.498930
-0.426566
-0.034305
-0.317279
0.312905
-1.033004
-0.351567
0.713769
-0.142837
-0.029618
-1.233412
-0.574085
0.038968
0.974568
-0.493140
-0.037937
0.437929
-0.290275
0.221542
-0.439341
0.445830
-0.064672
-0.455240
0.378471
-0.164501
0.562502
0.346575
-0.680628
0.215810
1.042555
0.252758
0.381836
0.485754
-0.553270
0.781498
0.666560
-0.668954
-0.022707
0.534966
0.833121
0.853327
0.055082
0.021453
0.768718
0.229799
0.592217
0.355173
0.384475
-0.001579
-0.240676
-0.163581
0.429378
0.219665
-0.136262
0.209786
-0.228495
1.071005
0.004967
0.135162
-0.031180
0.285158
-0.506258
0.130042
0.546728
0.668424
-1.030046
0.711073
-0.450198
0.455617
-0.015418
-0.800266
-1.229357
-0.517770
-0.520621
0.009705
0.184503
-0.396426
-0.960509
0.115528
-0.298422
-0.064958
-0.249325
-0.495573
0.022122
0.133878
-0.440138
0.070563
-0.143755
0.528087
0.410492
-0.375998
-0.753216
-0.632972
0.408624
1.064033
-0.357514
0.377021
0.066728
1.268774
-0.222875
-1.052929
-0.135047
-0.019694
-1.579596
0.499992
-0.223252
0.522649
0.027225
0.025965
0.602803
-0.579612
0.305888
-0.741095
0.157899
0.444417
1.402109
0.136985
0.286549
-0.616073
-0.681822
0.202807
0.567415
0.856167
0.455296
0.550093
-0.359596
0.488237
0.211476
-0.073731
-0.114451
0.472308
-0.177155
0.418269
0.170521
-0.539247
-0.182557
-0.718474
0.531376
0.124558
0.192828
0.464855
-0.391718
-0.113900
0.615212
0.659857
0.019966
-0.920083
-0.562823
-0.446578
-0.441095
-0.501539
0.472821
0.278142
-0.921168
0.803948
-0.485385
0.193381
-0.761235
0.250599
-0.550157
-0.639729
-0.055444
1.338002
-0.269544
-0.186495
0.143281
0.808650
0.536932
0.400410
0.150864
-0.520732
0.679543
0.593892
0.010322
-0.477854
-0.746699
0.168652
0.261340
-0.048855
-0.020223
0.539452
-0.303212
-0.654712
-0.109593
0.500871
0.332526
-0.091538
-0.826422
-0.079367
-0.458168
0.470157
0.234586
0.218069
-0.021207
0.300887
0.490244
-0.245426
-0.060906
0.544352
-0.666536
0.226105
-0.792809
0.079798
1.233631
-0.266121
-0.780201
0.155338
-0.245407
0.261283
-0.567188
0.997191
0.473176
0.588568
-0.090264
0.459647
-0.971370
-0.159861
0.654743
-0.299774
-0.091373
-0.207453
-0.718479
0.636956
0.513327
-0.076442
0.396791
-0.563301
-0.747057
0.404882
0.757271
0.053404
-0.700131
0.221529
-0.070147
0.953496
-1.072251
-0.500334
0.084411
0.338309
0.634348
-0.171347
0.204423
-0.422805
0.163949
-0.861117
0.134819
-0.399589
-0.244690
-0.034898
-0.310754
-1.263086
-0.707817
0.659179
0.037295
0.176959
0.576477
-0.076382
-0.422265
0.139932
-0.107701
0.348845
0.266597
-0.171505
-0.360028
-0.400473
0.114931
0.382639
-0.007080
0.289716
-0.743278
0.676752
0.250478
-0.102835
0.212793
-0.441269
-0.489976
0.420572
-0.167792
0.368339
-0.497125
-0.053872
-1.745990
-0.129585
-0.938803
-1.141782
0.403408
-0.885677
0.450666
0.458809
0.154241
-0.247439
0.302036
-0.529031
-0.840046
-0.053692
0.051584
-0.661496
-1.105615
-0.452956
0.169922
0.839371
-0.176861
0.009798
-0.637308
-0.081318
-0.983662
-0.009328
-0.313558
-0.075543
-0.432266
0.638140
0.962836
-0.293246
0.413294
0.603994
0.079293
-0.156973
-0.127001
0.402652
-0.378395
-0.283525
-0.463886
-0.443307
0.560934
0.931885
0.681257
-0.110927
-0.683912
-0.661354
-0.106854
0.340513
0.727744
0.455138
0.782321
0.587624
-0.756892
-0.388370
-0.391581
-0.489076
-0.145481
-0.091124
0.759750
0.005457
0.073274
0.633600
-0.083980
-0.613073
-0.433221
0.208668
-0.522913
0.187723
-0.414726
-0.187588
-0.273727
0.001777
0.955186
-0.380472
0.370674
0.295138
0.601336
-0.066874
-0.151670
-0.776130
0.033272
0.615248
-1.105826
-0.287283
0.095230
-0.603051
-0.384849
-1.191330
-0.549880
0.071142
0.156815
-0.477275
0.631232
0.229811
0.200652
-1.069795
-0.725485
-0.539269
0.803587
-0.355619
0.012719
0.300934
-0.458150
0.221027
0.346643
0.110090
0.597632
-0.688909
-0.070993
-0.665038
0.018916
0.431962
0.374964
0.707496
-0.458655
0.779460
0.625437
-0.225548
-0.708335
0.204256
0.253199
-0.789544
-0.459306
0.248549
0.403941
0.166989
-0.541722
-0.425034
-1.092439
0.238567
0.595606
-0.105228
-1.353075
0.485311
-0.392692
0.335681
0.152253
-0.075832
0.334701
0.540699
0.401457
-0.835182
0.003766
-0.202298
0.610633
1.228091
-0.330369
0.265569
0.626593
0.514130
-0.108337
0.569031
0.297596
-0.506424
-0.251349
-0.524491
-0.167136
0.083249
0.002178
-0.061276
0.484861
-0.289911
-0.212286
-0.611028
-0.177534
0.425516
-0.348707
-0.027626
-0.934314
0.442975
0.397716
-0.820990
-0.087044
-0.019409
-0.659139
-0.626172
-0.691449
-0.110085
0.609436
-0.086186
-0.045508
0.662379
0.869289
-0.799189
1.347527
-0.466030
0.100717
-0.396443
-0.277553
0.084593
1.817629
1.126240
-0.380582
0.419637
-0.022698
-0.790771
-0.175727
0.156315
0.199759
0.195253
0.222204
-0.349345
0.777894
-0.306713
0.316394
-0.361913
0.179073
-0.032253
-0.493014
-0.720185
0.075895
0.199777
-0.585861
0.214474
-0.104907
-0.143455
0.700890
0.120980
0.112787
-0.493045
-0.491176
-0.525410
0.073431
0.693258
-0.289626
-0.412326
0.498829
-1.062736
0.292944
1.246308
-0.251408
0.607495
0.653191
0.328930
-0.151808
-0.197203
-0.714164
-0.129882
0.839440
0.718901
-0.429753
0.253827
0.189915
1.173864
-0.365746
-0.920397
0.351202
-0.672523
-0.435409
0.680715
-0.843417
0.093813
-0.361375
0.314396
0.375809
0.138943
1.057237
-0.230369
0.875626
-0.100940
-0.305683
0.934999
0.287113
0.285602
0.477793
-0.225028
-0.154002
-0.033666
0.575182
-0.075627
1.071346
0.417250
0.046698
0.094498
0.047757
0.414962
-0.509056
-0.320235
-0.132242
0.420957
0.259539
-0.181740
0.290485
0.385862
0.965879
0.000850
0.285027
-0.596261
-0.207279
-1.189294
-0.015256
0.877511
0.940271
-0.064003
0.861074
-0.298578
-0.017933
-0.306340
-0.004610
0.323768
0.386474
0.452707
0.204710
-0.557123
-0.410420
1.278235
-0.004742
0.472267
-0.395641
-0.453670
0.243744
-0.600207
0.332408
0.461094
-0.331963
0.061905
-0.702632
0.473441
-0.310014
-0.117993
0.512275
0.269210
-0.226562
0.680056
0.180302
0.782908
-0.000375
-0.512351
0.743732
1.138343
0.034007
0.823319
0.255047
-0.335096
0.895951
0.694790
0.889125
0.494815
-0.305971
0.309649
0.507320
-0.388003
-0.173998
-0.720426
0.208517
0.261057
-0.371011
-0.229123
-1.122607
-0.381485
-0.350025
-0.667435
-1.257165
-1.118281
0.191322
-0.394700
-1.597436
-0.267305
-0.503293
-0.621806
-0.806727
-0.305162
-1.308145
-0.923911
-0.969296
-0.640217
-0.117946
-0.279744
-1.130603
-1.475190
-0.775656
-0.559958
0.218382
-0.929245
-0.036944
1.072825
-0.208220
0.813808
0.257335
-0.052916
0.611748
0.651877
1.221755
1.258859
0.578824
1.686297
2.100500
1.544248
2.126521
0.836476
0.306017
1.660316
1.787009
1.432548
-0.054922
-0.357203
0.461017
0.470903
-0.459969
0.204906
-0.132825
0.123683
-0.763192
0.425017
-0.583778
-1.126349
0.035923
-1.251158
-0.557498
-1.162498
-0.443976
-0.775146
-1.870815
-0.049692
-0.380786
-0.212279
-1.746011
0.041287
0.616648
0.558592
-0.583014
0.668359
-0.243559
0.434327
-0.380702
0.460396
-0.714620
1.140301
-0.060411
1.051352
0.444846
0.426273
0.849499
-0.691786
-0.379578
1.154790
0.028685
0.164721
-0.522745
0.395112
-1.281375
0.452575
-0.419496
-0.504282
0.092105
0.169387
-0.550066
-0.881063
-0.562543
0.152121
-1.361266
0.523450
-0.369655
-0.123417
0.557986
0.284875
-0.418077
0.167358
-0.422566
0.578416
0.615380
0.576712
-0.957272
0.653992
-0.774892
0.990565
0.625733
-0.028613
-0.173867
1.481926
0.097911
0.371342
0.458031
0.734351
0.347745
-0.122019
-0.383114
-0.232367
-0.901151
-0.154329
-0.383413
-0.077790
0.294339
0.905907
0.047442
-0.356833
0.495518
-0.799665
-0.701586
-0.736640
-0.273721
0.584628
-0.681242
-0.380966
0.273355
0.539769
-0.042111
0.246831
-0.853759
-0.531421
0.161590
-0.029050
1.316683
0.444547
0.232451
0.285162
0.982273
-0.410921
0.218775
-0.055448
-1.051028
-0.097349
0.162144
-1.096762
-0.173534
-0.483077
-0.488747
0.008344
-0.557451
-0.066423
0.160594
-0.373340
0.705617
-1.228682
0.061848
0.186989
0.276810
-0.340857
-0.813765
0.348382
0.175885
-0.015103
0.084865
0.114052
-0.712548
-0.125735
-0.373414
-0.647714
-0.506572
0.835524
0.909424
-0.122796
-0.187911
-0.285534
0.215682
0.301602
0.194005
-0.616146
0.147174
0.518848
-0.160751
0.100827
-0.547530
-0.832548
-0.387829
0.323686
0.176085
-0.044911
-0.829589
-0.334731
-0.192675
0.650591
0.085663
-0.363248
0.580336
0.282392
-0.196646
-0.363272
0.926661
0.568578
0.296180
0.451116
0.315320
0.770674
-0.617662
-0.141349
-0.251260
-0.236708
0.074525
0.104459
0.465865
-0.321174
0.215173
-0.227508
0.111144
-1.405601
-0.550315
0.576182
0.241131
0.311845
-0.039570
0.248824
-0.162900
1.365347
-1.215585
-1.214972
-0.017465
-0.812462
0.718448
-0.406805
-0.180028
-0.049674
0.971682
-1.051979
0.257712
0.369837
0.412043
-0.094796
1.038157
-0.575235
0.099697
1.058872
-0.311311
0.269409
0.660671
0.046750
0.498588
-0.366801
-0.622116
-0.209738
-0.668966
0.835780
-0.003009
-0.949791
0.130959
0.585463
0.535173
0.296973
0.886442
0.092067
0.297926
-0.024991
-0.355538
-0.638742
0.047331
1.258700
0.503368
0.833415
-0.326692
0.071455
1.375012
0.278502
-0.469785
-0.532000
-0.465765
0.573935
0.262764
0.211032
-0.411104
0.172571
-1.056348
0.559170
0.474872
-0.800282
0.516426
0.433766
-0.267724
0.997515
0.524513
-0.103080
0.230357
-0.766216
-0.176461
-0.107981
-0.586715
-0.304108
0.597755
0.605741
-0.308609
-0.338342
0.192200
0.262208
0.285997
0.133147
0.155419
0.844880
-0.668410
-0.404166
-0.313083
-0.120920
0.381732
0.143282
-0.062844
0.009365
0.355858
-1.102655
0.706296
0.376163
0.235063
0.662979
1.186685
-0.917042
-0.725369
-0.077659
0.122308
0.971780
-1.020775
-1.117312
-0.231274
-0.064089
0.432711
0.763226
1.074950
-0.617281
-0.495229
-0.265248
0.382419
0.098406
0.120555
-0.732027
0.285725
-0.293527
0.082235
0.115799
0.637960
0.452359
-0.680470
-0.080588
-0.144414
0.053918
0.846051
0.341646
1.117080
-0.522883
0.309542
0.000780
-0.212226
-0.030947
0.289126
-0.702698
0.150530
-0.625356
-0.378067
-0.347986
0.008172
-0.135888
0.351803
-0.967434
0.558869
-0.060860
0.145791
0.034053
0.591296
-0.205151
0.819840
-0.102967
0.370878
-0.201825
-0.740217
0.067961
-0.519584
-0.463363
-0.993733
-0.099664
-0.302922
0.191417
-0.335456
-0.600171
0.301979
-0.916239
-0.471500
-0.663201
-0.690471
-0.323608
-0.720628
0.263237
-0.784537
-0.099000
-0.486959
0.271862
-0.120773
0.540703
-0.842796
-0.049792
0.028963
0.856504
-0.749137
0.413942
0.489664
-0.274418
-0.389566
-0.222240
-0.272032
-0.086067
-0.652731
-0.420226
-0.057485
0.809596
-0.346471
0.516343
0.065727
0.446958
0.246479
-0.497027
-0.329711
0.397556
-0.186328
1.018422
-0.080071
-0.639103
0.360099
-0.412264
-0.188933
-0.191027
0.591821
-0.701690
-0.734015
-0.064161
0.153483
0.194987
-0.760642
-0.342669
0.749665
-0.168170
0.267948
0.216461
0.695802
0.195860
0.159702
-1.429991
0.204523
0.503763
0.076749
0.571248
0.921609
-0.260665
-0.944717
-0.577837
0.277137
-0.430552
0.229608
-0.551965
0.308931
-0.168277
0.152984
0.214909
0.195882
-0.830973
-0.185997
0.607640
0.324634
0.916286
-0.501025
-0.348072
-0.682689
0.085302
0.049030
-0.031263
-0.574756
-0.765532
-0.049933
-0.805175
-0.571276
0.174359
-0.063100
0.247139
-0.102637
-0.073343
0.048245
-0.267243
-1.277023
0.040861
-0.734628
-0.683449
0.988286
0.240925
0.574924
0.935113
-0.486465
-0.007067
0.685878
-0.771979
0.318168
-0.374769
0.013932
-0.051011
-1.004987
0.067124
-0.754756
0.435095
0.409148
-0.014655
-0.139943
0.040892
0.074801
-0.730860
0.162785
0.023309
-0.653187
0.710811
0.252762
0.525324
0.281032
-0.881092
-0.033175
0.419563
-1.184961
0.315178
-0.213107
0.125737
-0.192530
-0.319458
0.114503
-1.485116
-0.801840
1.111705
-0.546179
-0.958367
0.265183
1.466218
-0.129707
0.002718
0.072588
0.115905
-0.068872
-0.431774
-0.378294
0.458123
0.017746
-0.265177
0.283397
-0.499549
0.880878
-0.337883
0.035738
0.406305
0.136533
0.035373
-0.379465
0.374011
0.487214
-0.062616
0.534141
-0.153685
-0.538032
0.290986
-0.540432
-0.534355
-1.285988
1.160035
-0.625443
0.471756
-0.120423
-0.697561
-0.486224
0.490653
0.002153
0.213343
-0.675258
-0.183700
0.106472
-0.261662
-0.592905
0.244514
-0.411393
0.559740
-0.593884
-0.294830
0.054896
0.342505
-0.024459
0.009251
-0.223515
0.027313
-0.206507
1.012592
-0.034980
0.112658
0.718717
-0.487212
-0.458249
0.341860
-0.637104
-0.819775
0.535171
0.012351
0.222747
-0.210517
-0.258447
0.023312
-0.902168
-0.205115
-0.377437
0.048917
0.068849
0.302921
0.166221
-0.409534
0.609954
-0.623078
-0.893658
-0.353677
-0.793311
0.156418
0.238318
0.163248
0.138643
0.009285
-0.410282
-0.071646
-0.348640
0.022369
0.043448
0.554056
0.702683
-0.850471
0.859080
-0.082886
0.557919
1.336962
-0.704235
0.564303
0.471246
-0.000773
0.199046
0.803511
0.956269
0.340946
0.702690
0.122860
0.403598
-0.184968
-0.450114
-0.021186
-0.686262
-0.033111
-1.150965
-0.980160
-0.644793
-0.689524
-0.101177
-1.117255
-0.919261
-0.302232
-0.017180
0.281614
-0.362289
0.036015
0.479130
-0.026123
-0.402740
0.235982
0.108053
0.454174
0.603475
1.003250
0.063545
-0.090565
-0.114720
0.403799
0.091276
-0.829883
-0.189856
-0.537482
0.908606
-1.201458
-0.134061
-0.942167
-0.771983
-0.189903
0.068411
0.103242
0.524938
-0.872507
-0.512294
0.461358
-0.320783
-0.271620
-0.162835
-0.063194
-0.257609
-1.081048
-0.199469
-0.299471
-0.428211
-0.665795
-0.132004
0.288683
-0.158232
1.107531
0.125727
0.473698
-1.033509
-0.699635
0.415149
0.381827
0.408323
0.518371
-0.304178
0.174227
-1.061631
0.016927
0.083492
-0.986170
0.263395
0.117817
0.497915
0.523323
-1.055006
-0.640823
-0.703831
0.206825
-0.809449
0.343008
0.085380
0.041776
-0.032022
0.408657
-0.075035
0.237451
0.293447
0.367615
-1.064386
0.246543
0.375302
0.601760
0.789730
0.701108
-0.882914
-0.268012
-0.545099
-1.085835
0.485535
0.705005
-0.627810
0.570659
-0.942306
-0.041181
-0.072452
0.317390
-0.458680
-0.215574
-0.788273
0.555467
0.278931
-0.102875
0.940770
0.069333
-0.652708
-0.030322
0.318643
-0.382794
-0.018705
-0.828183
-0.767549
-0.634097
-0.029052
0.830639
-0.997530
0.294450
-1.494794
0.379896
0.437092
0.312963
0.082558
-0.469446
0.427454
0.359695
-0.951656
-0.635345
0.811616
-0.181917
0.411885
0.224766
-0.109392
0.676788
-0.623895
-1.052832
-0.229186
-0.437170
0.165497
0.510647
0.326086
0.990402
0.567310
-0.013854
0.289494
-0.413454
-0.056418
-0.297952
-0.925141
0.637897
-0.771611
-0.176476
-0.852866
0.865851
-0.143724
-0.186619
0.229768
0.630471
-0.712359
-0.056596
0.797102
0.808219
-0.473938
-0.889182
0.579029
-0.149834
0.916965
-0.284742
0.209921
0.712447
0.626045
-1.070828
-0.367970
0.017406
-1.117195
0.111257
0.471939
-0.582147
-0.507156
-0.867006
0.110908
0.049508
-0.190540
-0.223805
-0.553524
0.346724
0.218721
-0.362397
0.255357
-0.510305
0.158118
-0.857783
0.830244
-0.438737
0.745455
1.133489
-0.694315
0.055967
0.277966
-0.395074
0.518329
-0.499772
0.379805
0.344709
-1.008127
0.039033
0.259682
-0.075991
0.150890
0.734153
0.635393
0.129150
-0.075741
0.164023
0.888887
0.385421
1.284838
-0.163798
0.294396
-0.633590
0.288796
0.436207
0.462320
-1.672964
0.139269
-0.121885
-0.228329
0.017242
-1.308779
0.177684
0.332317
0.181193
0.378001
-0.632245
0.211970
0.114118
0.593309
0.004292
-0.745662
-0.416630
-0.186606
-0.971005
-0.528700
-0.008408
-0.847947
0.456012
1.333898
-0.466405
-0.131365
0.762079
-1.102118
-0.506775
0.196973
-0.503370
0.093405
-0.081966
-0.663174
-0.725516
0.046971
-0.296758
0.292021
1.012568
-1.162774
0.885641
-0.197393
0.170075
0.233398
-0.435829
0.030910
-0.119224
0.206224
-0.173249
-0.359071
-0.109079
-0.715151
-0.401288
-0.955512
-0.400275
0.325382
0.885272
-0.576320
-0.045373
0.884362
-0.472168
0.206339
0.110181
0.032314
0.359653
-0.161294
-0.108534
-0.347577
1.469905
0.158167
-0.938816
-0.904426
0.486300
-0.279019
-0.344923
1.711285
-0.344438
-0.002097
-0.973285
-0.045262
-0.039521
-0.217563
-0.465082
0.705910
0.741689
-0.601223
-0.023887
0.909843
0.502288
0.377139
1.097616
-0.813794
0.395927
0.521614
0.039254
-0.105201
-0.175558
0.820516
-0.101973
-0.081311
-0.068598
-0.845758
0.823583
-0.215691
-0.296169
-0.373092
-0.030310
0.889252
0.089836
0.668822
0.031461
0.456824
0.095117
0.634132
-0.765307
0.022360
-0.310157
-0.357326
-0.419849
-0.009599
-0.222158
0.211006
-0.586968
-0.449081
0.523083
-0.012603
0.747752
-0.471954
0.073183
-0.326102
-0.318694
0.379172
0.503975
-0.116297
-1.051877
0.519892
0.211960
-0.278537
1.079482
-0.201194
-0.086172
0.120128
0.506025
0.460861
0.321741
0.080274
-0.919783
-0.121550
-0.124869
-0.696456
0.081365
-0.081104
0.043392
-0.338012
0.181006
0.555478
0.127161
-0.521044
0.415792
-0.839854
-1.165397
0.063118
0.351454
-1.339341
-0.737201
0.928367
-0.178969
0.292098
0.499133
0.187218
0.401074
-0.408738
-0.491290
-0.844591
-0.162492
-0.030681
0.072717
0.123292
-0.551774
-0.320021
0.216715
0.684792
-0.496722
0.070749
-0.069579
0.136411
-0.198528
-0.569021
-0.992477
0.161619
-0.380006
0.030974
1.981633
-0.097290
-0.519499
0.227095
-0.087741
0.200874
-0.065399
0.267865
-0.818706
0.908304
-0.374539
0.705751
-0.220068
-0.064670
-0.267218
0.198571
-0.166898
0.064701
-0.391261
-0.630924
-0.330808
-0.413085
-0.663643
0.151195
0.612851
0.167095
0.129651
-0.211131
-0.067558
-0.451004
0.012845
-0.257581
0.978250
0.272135
0.157911
0.824357
-0.570242
-0.802991
-1.137954
-0.384891
0.491193
0.308356
-0.400772
0.793245
0.323449
-0.178264
-1.642595
-0.675208
-0.323638
0.088703
-0.028657
0.350731
-0.409348
0.244633
-0.409814
0.619743
-0.227799
0.290883
0.720869
-0.266800
0.324260
0.433577
0.262171
0.359346
-0.614160
-0.292361
0.394236
-0.302605
-0.072925
-0.417648
0.215791
-0.512429
-0.562908
-0.209284
0.642217
0.019626
1.098579
0.588978
1.608092
0.454968
0.019736
-0.499504
0.795726
-0.593196
-0.481715
1.029851
0.969454
0.860067
0.241565
0.530675
-0.382322
-0.432492
0.333887
-0.147071
-0.370488
0.134645
0.134439
0.395675
-0.325860
-0.723096
0.110883
-0.284316
0.474800
-0.548520
-0.302944
-0.135476
0.027801
-0.377335
-0.072568
0.971447
-0.148682
-0.131702
-0.839339
0.503618
-0.050613
0.479088
0.405832
0.285882
-1.131765
-0.236765
-0.572214
-0.162564
-0.167516
0.962275
-0.370491
0.414839
-1.174332
-0.121816
-0.164696
-0.244514
-0.206878
-0.569319
-0.084564
-0.084605
-1.168632
0.313028
-0.266013
0.669000
-0.241175
0.475430
0.129927
0.094989
-0.340218
1.108743
-0.159123
-0.774405
-0.641607
-0.126363
0.333978
0.112921
-0.157072
0.052379
1.025060
-1.085948
0.200931
-0.604533
-0.522937
-0.471280
0.226091
-0.628477
-0.305327
-0.992502
1.202610
-0.873088
-0.071679
0.477713
0.281152
-0.004453
0.810593
-0.046642
0.071252
0.375023
-0.408592
0.254312
-0.313912
0.330007
0.655599
0.006322
-2.122184
0.037233
0.127728
1.112262
0.822204
0.089245
-0.274783
0.388587
-0.319813
-0.450023
0.286807
-0.708402
0.449073
-0.000604
0.476828
0.147538
-0.344481
0.627539
0.064439
-0.122641
0.639632
-0.015259
0.444063
-0.901674
0.857562
0.796700
0.676187
0.204125
-0.693300
-0.528066
-0.127571
0.179971
0.243072
0.920994
0.009195
-0.407894
-0.187881
0.146438
0.104659
-0.498487
-0.005511
0.137275
-0.669868
0.286847
0.551815
0.061198
0.985813
1.014885
1.098728
0.341167
-0.118295
0.071109
0.497160
-0.586540
-0.719491
-1.083552
0.106356
-0.193671
0.023016
-0.170337
-0.047864
-0.723257
-0.642202
-0.150632
0.916599
1.425014
-0.518260
-0.134854
-0.423416
-0.564098
-0.360936
-0.025720
-0.318564
0.173582
0.360574
0.815312
0.151981
0.213935
-0.153005
-0.727259
0.041211
-0.262591
0.283427
-0.223879
0.137615
0.061238
0.402019
-0.026518
-0.465609
0.144490
-0.049199
0.514180
0.200328
0.748490
-0.145768
0.179188
0.604207
0.158289
0.366087
0.153638
0.458592
0.321156
0.290673
1.045580
-1.047665
0.712441
0.072758
0.337559
0.206456
-0.350399
0.072878
-0.174012
-0.531933
0.282260
0.755108
0.349089
0.510689
0.106120
0.994716
-0.308558
-0.675013
-0.345091
-0.069912
0.454952
1.034016
-0.338562
0.159318
0.156159
-0.288175
-0.518190
0.467895
-0.562338
-0.325312
-0.277731
0.283977
0.164836
-0.282039
-0.183758
-0.199142
-0.100473
0.165312
1.190297
-0.170374
0.294194
-0.035674
0.202375
0.338121
-0.018880
0.129708
0.069602
-0.681952
-0.715081
0.191700
1.008328
-0.966121
0.327299
-0.082531
-0.254056
0.119787
-0.333141
0.727938
-0.137667
0.723664
0.227779
0.849409
0.367869
0.271047
-0.158102
0.671029
0.081282
2.135291
-0.044426
0.387322
0.871233
0.313767
0.960559
-0.868239
-0.579135
0.640222
0.835121
-0.483151
-0.636606
0.872508
-0.950339
-0.659195
0.457422
-0.494586
-0.551049
0.386559
0.463864
-0.233066
-0.359322
0.235170
0.325271
-0.410723
-0.185040
-0.759571
-0.202781
0.315382
0.892054
0.206586
0.082359
0.400983
0.071614
-0.727041
0.066169
0.676866
-0.251844
-0.023451
-0.505278
0.237960
0.437384
0.077327
0.023633
1.391365
0.443647
0.471711
-0.022720
-0.425997
-0.600322
0.079548
0.438469
0.015864
-0.381311
-0.325382
0.433115
0.019606
0.597132
0.200585
0.106672
-0.158237
-0.428037
-0.586790
0.570356
0.837194
0.207396
0.650212
1.198745
-0.435375
-0.519196
1.026031
-0.101096
0.808006
-0.419460
-0.380881
-0.051636
-0.037740
0.420474
0.498251
-0.247148
0.246332
-0.060135
0.536311
-0.757735
0.133850
-0.299469
-0.776052
-0.466826
0.129532
-0.525314
-0.137936
-0.625564
-0.559512
-0.522613
0.059341
0.127197
-0.301193
0.158970
0.310611
0.898567
0.287678
-0.928736
0.949133
0.720070
0.867127
0.259258
0.609318
0.388375
0.114171
0.103118
0.972411
1.353739
0.666901
0.094105
-0.910546
0.169170
-0.628561
-1.128713
0.427235
0.195409
0.295780
0.285975
-0.283564
0.697407
0.753428
0.636969
0.255654
-0.168004
0.377918
-0.177556
0.661080
0.285061
-0.813969
0.843779
0.015805
-0.391552
0.311399
-0.220685
-0.216876
-0.138825
-0.920222
0.436228
0.593356
-0.635750
0.558281
-1.057289
0.180866
-0.022399
-0.256756
0.570148
-0.716086
-0.395792
-0.712079
-0.655682
0.049125
-0.634818
-0.660653
0.084663
-0.220565
-0.555485
1.156844
0.141023
0.124928
0.226527
0.729744
0.289581
0.142924
0.093863
-0.121634
0.668529
0.616346
0.277432
-0.069316
-0.118267
-0.060513
-0.659651
0.600417
0.026335
0.467027
-0.010303
-0.729857
-0.417637
-0.505201
0.768979
0.056777
-0.130199
-0.264733
0.168500
-0.318695
-0.158092
0.081083
-0.970909
-0.786109
-0.691113
-0.393997
-0.048565
0.594736
0.534003
0.310081
-0.216216
-0.002455
0.458170
0.156668
0.422570
-1.150505
0.465072
0.271338
0.529146
-0.520984
-0.397160
-0.271018
-0.155409
-0.179117
0.561198
-0.434201
0.684558
0.446888
-0.709248
0.203453
-0.050922
-0.425151
-0.749813
-0.343407
0.252938
0.526768
0.316737
0.965249
-0.682885
-0.783748
-0.724887
-0.222024
-0.271638
-0.107918
0.128415
-0.146739
0.083604
-0.097450
0.127165
-0.696809
0.254201
0.141325
0.444820
-0.577096
0.257025
0.295024
-0.070884
-0.375742
0.424029
-1.591247
0.125255
-0.820970
-0.158783
0.158996
0.092015
0.267238
0.218427
-0.368124
0.100904
-0.282045
0.300416
-0.122427
0.434166
-0.148605
0.296973
-0.052587
0.231785
0.184716
-0.320107
-0.021334
0.144897
0.015662
-0.186305
-0.628115
0.103842
0.226180
0.543087
-0.754317
-1.030736
-0.557393
-0.362416
-0.760623
-0.252600
-0.537637
0.223523
-0.579018
-0.757562
-0.573734
-0.454538
-0.215608
0.127932
-0.577494
-0.214433
0.512675
-0.217104
0.414289
0.569335
0.379018
0.623390
-0.160910
-0.459269
0.208373
1.456216
0.064169
0.312673
0.204989
-1.123557
0.151034
0.208678
0.121181
0.045201
0.451490
-0.408574
-0.672848
-0.361646
0.049424
0.166734
-0.214726
-0.839918
-1.053583
0.880301
0.634824
0.275469
0.095015
-0.600024
-0.155537
0.124398
0.258293
0.357997
0.364105
-0.266663
1.051285
0.213273
-0.433974
0.017843
-0.264510
0.346369
0.558560
-0.204203
-0.160576
-0.520772
-0.603008
-0.331128
-0.066874
-0.409797
0.283682
-0.284731
-0.349557
0.346666
-0.557294
-0.144505
0.017712
0.943331
0.090072
0.193027
0.788673
0.069830
0.362733
0.332537
-0.423576
0.729037
-0.487299
0.711245
0.250892
0.004153
-0.739296
0.038375
1.041793
0.629420
0.008735
-0.391300
0.447572
-0.344723
0.324836
-1.120498
0.240265
0.959968
-1.012804
-0.371500
0.269597
-0.768417
-1.111962
0.215371
0.701364
0.590764
-0.173305
-0.126053
-0.347485
0.334585
0.728381
0.263016
0.189377
-0.740263
-0.140501
-0.323073
-0.988579
0.423014
-0.539201
-0.287899
-0.251959
-0.259721
-0.508705
-0.438806
1.034007
-0.713442
0.086842
-0.686772
0.060703
0.480440
0.043719
-0.257301
-0.079715
-0.048100
-0.434593
-0.404564
0.641374
-0.553582
0.573142
0.297216
0.209515
-0.453224
0.506661
-0.687833
-0.048871
0.095899
0.690789
-0.238186
-0.380480
-0.335273
-0.320047
0.584743
0.334410
-0.911868
-0.435711
0.851376
1.286540
0.296884
-0.467642
-0.298709
0.085667
-0.633396
-0.225980
-0.693945
0.295194
-0.775347
0.416460
1.358526
0.196655
-1.036882
-0.344257
0.449244
-0.443108
1.162911
0.260018
0.361249
-1.317729
0.795434
0.817458
0.358187
-0.767384
-0.305412
-0.731611
0.072756
0.310450
-0.403167
0.600485
0.152056
0.347448
-0.341204
-0.560802
-0.789924
0.363069
0.456935
-0.185202
0.151252
-0.084880
-0.355743
0.070168
-0.184029
-0.471511
0.102311
-0.150276
0.148190
0.962931
-0.039595
-0.426746
-0.229311
0.147674
-0.590368
-0.077600
-0.320839
1.110970
-0.467124
0.255111
0.571473
-0.976566
-0.498295
-0.125364
-0.192198
-0.053208
-0.119686
-0.270189
-0.646999
-0.098015
0.379412
0.021781
-0.163974
0.123203
-0.158139
1.363577
0.518009
1.081287
1.176952
0.861798
-0.342723
0.024940
0.593846
0.541510
-0.762838
0.631304
-0.560241
0.097690
0.238488
0.757042
-0.237229
-0.830079
0.189393
0.662769
0.154720
-0.192657
0.685506
0.362748
-0.528258
-0.599247
0.534577
0.095701
0.202852
0.485347
-0.252455
-0.461061
0.202996
0.761336
-0.139916
0.447647
0.086303
-0.274110
0.402523
-0.835015
-0.388455
-0.266393
0.411893
-0.181670
-0.121419
0.300743
0.175380
0.138664
-0.220976
1.300931
-0.208239
-0.695912
-0.012743
-0.270281
-0.628012
0.779608
-0.405190
-0.050141
-0.154823
-0.775639
-0.307743
-0.074495
0.172729
-0.420651
-0.505977
0.147627
-0.556085
0.274429
0.536736
-0.484025
0.611079
-0.153761
0.950772
-0.596010
-0.453461
-0.433101
-1.562144
0.664919
0.167632
-0.383116
0.299859
0.577179
-0.410690
-0.306004
-0.909711
0.358264
-0.267280
-0.131481
0.056297
-0.231220
0.970110
0.563559
0.724776
-0.170240
0.474568
-0.102683
-0.894418
0.963084
0.284387
0.305562
-0.841066
1.073057
-1.190999
-0.185541
0.439975
-1.226763
0.552248
0.584545
0.656804
0.042810
-0.208269
-0.741130
0.883766
1.298505
-0.450703
0.928264
-0.586346
0.905062
0.657420
0.231300
0.029048
0.287154
0.512597
-0.147694
-0.280157
-0.058586
0.808825
0.205701
-0.387159
0.084523
-0.350869
0.429809
0.083237
-0.966045
-0.442962
0.091380
-0.312752
0.253464
-0.160005
0.348362
0.150541
0.636735
-0.173660
0.798596
0.187334
-0.012107
0.794305
-0.150381
-0.761560
-0.101865
-0.085041
0.515704
0.242183
0.396376
-0.199876
-0.005480
0.318664
0.219856
0.135050
0.282955
0.357586
-0.346479
0.270611
0.241301
0.148174
-0.820391
0.477618
0.568281
0.471202
0.830767
0.616909
0.184221
0.132065
0.918114
-0.023666
-0.017399
0.531410
1.559752
0.403115
0.026107
-0.394537
0.290036
0.898674
0.098149
-0.211597
0.345748
-0.136890
0.072095
1.195132
-0.158779
-0.173543
0.211393
-0.122826
0.363480
0.233033
0.522362
-0.231053
0.205075
-0.098859
-0.767650
-0.680089
-0.821379
0.661869
0.700254
0.940700
0.955134
-0.104058
0.465014
0.259262
0.649890
0.440100
0.403620
0.756653
0.045603
0.202980
-0.042466
0.639242
-0.188877
-0.041752
-0.576590
1.171448
-1.195430
-0.609116
0.653379
0.391028
-0.039805
0.027379
-0.226923
-0.372381
0.150670
-0.098245
0.397441
-0.228276
0.613827
-0.471561
0.737645
-0.320134
-0.026757
-0.018216
0.056563
-0.971336
0.115118
-0.197459
0.752435
0.168411
-0.311554
0.115030
0.680121
-0.073267
-0.602526
-0.590176
1.459255
-0.494676
0.108228
-0.798178
0.282533
0.260447
0.142491
0.649391
0.127555
-1.105893
-0.225542
-0.109411
0.500738
0.777965
-0.049451
0.562908
0.311863
0.669760
-0.019152
0.483150
-0.247614
-0.483650
0.261284
1.088065
0.111340
-0.711379
-0.523389
0.441089
-0.149498
0.794356
-0.725828
0.424658
-0.370299
-0.225131
0.135784
-0.154147
-0.561808
0.111465
0.214440
0.216124
0.554934
-0.369610
-0.277122
0.146444
-0.443001
-0.258094
0.033877
0.057870
0.875629
-0.420126
0.063981
0.327909
0.306293
0.174029
0.398718
0.873890
0.682264
0.363134
-0.407370
0.190098
0.046776
-0.084809
-0.345704
-0.846755
-0.682453
-0.536069
0.315199
-0.026437
-0.048625
0.405565
-1.169911
-0.469104
0.466336
-0.303664
-0.169119
-0.029488
-0.187679
-0.480216
-0.188593
1.040316
-0.608832
0.264761
0.014326
-0.249111
-0.726554
-0.067728
-0.080627
0.132396
-0.232841
-0.274510
0.068674
0.710429
0.334962
0.683508
-0.450654
0.812190
-0.747932
0.280830
0.417317
-0.934831
-0.235050
-0.702909
0.347278
-0.206327
0.167685
-0.498523
-0.756444
-0.559771
0.349239
0.871188
0.214515
-0.155411
0.272400
0.840451
0.862906
0.246715
0.779996
0.139034
0.117621
1.004665
-0.381118
0.463879
0.336338
-0.297410
-0.714134
-0.581567
-0.679812
0.268067
0.735705
0.517159
-0.132436
0.355521
-0.259228
0.489681
-0.131455
-0.422838
0.286637
-0.483124
-0.073014
0.827842
0.442491
0.108325
0.259972
-0.818943
0.017608
-0.189775
-0.399272
0.285521
0.139540
-0.201188
0.759152
-0.372306
-0.528546
-0.391894
0.520827
0.086136
0.110816
-0.623655
0.716145
-0.733473
-0.088978
-0.587679
-0.001408
-0.186689
0.516138
0.151806
-1.158900
-0.138544
0.271741
-0.120004
0.140275
0.086468
0.239934
-0.080966
1.338015
-0.014034
0.447180
-0.641709
-0.923357
0.461112
-0.258187
-0.209010
0.566295
1.072501
0.738283
-0.160008
-0.439648
-0.670242
-0.068210
0.424128
0.395811
0.273872
-0.014902
0.341610
0.832909
-0.530377
0.476303
-0.696271
-0.253957
-0.304870
0.453944
-0.593544
0.420451
-0.450709
-0.438768
0.368887
-0.386218
0.481489
0.213001
0.605406
-0.236244
1.001730
0.497947
-0.627880
0.163402
0.379928
-0.838237
1.111574
0.568053
-0.379344
0.623009
-0.626562
-0.866428
0.045756
0.392841
0.141196
-0.108773
0.602799
0.980969
0.094770
0.207338
-0.348225
0.883930
-0.679638
-0.184723
0.071160
0.296115
-0.535832
0.449728
0.535876
0.003568
0.347549
0.793571
-0.137680
0.295327
-0.630247
-0.332464
-0.370974
0.320239
-0.420053
-0.447160
-0.441574
-0.896929
0.218492
0.944864
-0.300452
-0.262847
1.650956
-0.731964
-0.346982
-0.807588
-0.020568
-0.732764
0.227952
0.373695
-0.274917
-0.056002
0.411271
0.125214
0.340718
-0.501766
0.197900
0.789237
-0.146882
-0.397603
-0.712804
-0.319108
0.405438
0.204416
-0.054954
-0.330764
-0.868960
-0.103365
-1.146840
0.579563
-0.419151
-0.638667
0.170445
1.078333
-0.233872
0.778394
-0.328727
0.248259
0.163333
-0.733619
0.649978
-0.066873
0.008304
-0.286936
0.309215
-0.801860
-0.702248
-0.070463
-0.788938
-0.168697
-0.355715
-0.444705
-0.826386
0.709825
0.459673
0.416448
0.321835
-0.191768
0.574158
-0.285772
0.066303
-0.384901
-0.286455
-0.481855
1.129760
-0.260228
0.125261
-0.771462
-0.048104
0.742802
-0.461077
-0.116983
0.261720
-0.314778
-0.346124
0.045785
-0.531344
0.794035
-0.428035
1.023021
0.936070
0.812592
-0.078406
0.394232
0.525831
-0.580195
-0.179586
-0.040107
0.037138
0.499915
-0.284547
-0.093624
0.312979
-0.407305
0.352001
-0.221115
0.342197
0.040105
-0.706797
0.212305
0.149164
-0.934811
-0.079604
1.298004
-0.849131
0.185457
-0.419892
0.277869
-0.481425
-0.271881
0.258872
0.606062
0.020481
0.439203
-0.125370
-0.086913
0.374230
-0.392288
-0.894885
-0.263151
0.251177
0.719450
-1.073677
-0.362587
-0.420605
-0.478709
0.391413
0.009179
0.111053
-0.148494
-0.796030
1.070407
-0.231017
-0.076965
-0.670766
-0.174063
0.486001
0.255313
0.748361
0.049419
0.303549
-0.169818
1.052471
0.257676
0.272847
-0.340880
0.356132
0.769426
-0.835718
0.160474
-0.447000
0.198053
-0.259414
-0.765855
-0.004478
1.045060
-0.300650
0.764840
0.148515
-0.273901
0.827748
-0.730242
-0.213105
-0.550023
0.058894
-0.513295
-0.441003
-0.092664
-0.012606
0.606203
-0.807054
-0.548178
-0.786981
-0.137286
1.323214
-0.203144
0.703152
0.652655
-0.677539
-0.852119
0.003315
0.049506
-0.772418
-0.059189
0.675593
-0.426789
1.516630
0.083675
-0.518091
0.696254
0.452021
0.249166
0.181914
0.305338
-0.401428
0.316037
-0.336670
-0.033283
-0.162733
-0.171222
-1.045814
0.125277
0.286578
0.406991
-0.438521
-0.141911
0.647164
-0.806161
-0.320056
-0.325999
0.073779
-0.421902
-0.654701
-0.577352
-0.469955
0.479404
0.237160
0.363527
-0.258370
0.254861
-0.194412
0.156636
0.548378
0.059762
-0.339526
-0.544066
-0.494994
-0.302898
0.540309
0.271102
-0.764687
1.083059
0.225996
0.680612
0.593566
-0.468818
0.195745
-0.082416
0.108106
0.344053
-0.385985
0.274027
-0.106281
1.066698
0.088295
-0.246095
-0.365583
0.499792
0.864752
-0.228955
0.527467
-0.426486
1.032801
0.342508
-1.107956
0.204119
-0.877788
-0.237422
0.708854
-0.022543
0.559181
-0.053521
0.329181
1.212870
-0.135893
-0.345565
-0.241860
0.681539
-0.277117
-0.274099
0.111878
0.917079
1.056707
0.325965
0.229064
0.381981
0.634895
-0.132839
0.073791
-1.631927
-0.217154
0.476216
-0.363547
0.539180
-0.261090
-0.492700
0.217214
0.270780
-0.481974
0.857179
-0.337973
0.050683
-0.471628
0.752750
0.422214
0.067500
0.062626
-0.765923
-0.411059
-0.453572
0.342585
-0.758171
-0.194929
0.358061
-0.105810
0.853735
0.262164
0.378959
0.389943
-0.350887
0.578509
-0.353143
0.709777
-0.640116
0.159342
-0.120320
0.272126
-0.518223
-0.275068
-0.001447
-0.358196
0.158766
-0.400156
-0.138320
-0.449010
-0.619452
-0.635539
-0.394726
-0.069075
-0.172124
-1.007815
0.115347
-0.792502
-0.560862
0.713089
0.056339
-0.269907
-0.305429
-0.145393
-0.024749
-0.501936
-0.160530
1.050518
0.620495
-0.199668
-0.102726
-0.046433
0.201591
-0.311486
0.639657
-0.508990
0.084699
-0.070337
0.260776
-0.281043
0.118174
-0.326430
0.921172
0.017125
-0.344969
-0.285350
-0.323942
0.265487
-0.399716
-0.053211
-0.434391
-0.059029
0.346867
0.085961
0.400023
-0.268646
-0.427263
0.131671
-0.800467
-0.090232
0.336477
0.395894
0.457573
-0.801112
-0.070810
0.309755
1.129063
0.490630
-0.590715
-0.487145
0.532839
-0.131048
0.308277
0.179148
0.458304
-0.169875
0.746305
-0.098825
0.638418
0.226603
-0.246368
0.329893
0.434952
0.173755
-0.102044
-0.263962
0.162521
0.288181
0.040485
0.053023
0.059086
0.635817
0.156332
-0.247558
-0.669578
0.328663
0.440253
-0.012095
0.282264
-0.444923
-0.180576
0.439424
0.348781
0.017990
-0.246084
-0.342414
0.157039
0.135743
0.319815
0.112136
0.079078
-0.695564
0.849517
-0.288958
-0.371492
-0.014213
0.004743
0.128590
0.091260
-0.219903
0.087002
-0.436919
0.632141
0.092172
-0.040961
-0.460311
-0.301720
-0.905056
-0.454277
-0.098583
-0.440965
-1.133912
0.433547
-0.621868
0.326400
0.258589
0.390191
0.317288
