-0.637012
-0.045027
-0.669066
-0.845705
-0.021561
0.698856
0.792934
0.810773
-0.356504
0.068180
-0.639499
-0.539297
0.941235
0.000345
-0.778358
-0.454582
-0.545231
0.144308
-0.478045
0.210082
-0.811012
-0.295850
-0.122791
0.234154
0.540911
0.156899
-0.023406
0.222982
-0.288346
-0.566078
0.190789
-0.010782
-0.272126
-0.743248
-0.168316
0.577809
0.184164
-0.606090
0.150538
0.683032
0.439466
-0.658557
0.619898
-0.383873
-0.363605
0.084197
-0.052261
-1.003783
-0.245895
-0.824487
0.295439
0.285131
0.849320
-0.562497
0.186233
-1.752216
0.131350
0.234475
-0.245501
0.950451
-0.378459
0.179364
0.253260
0.271174
-0.022583
0.915879
-0.846607
-0.679519
0.060812
0.077301
0.220723
-0.170733
-0.019973
0.484663
0.055174
-0.739970
-0.000073
-0.569084
0.486644
-0.697941
0.623608
-0.455488
-0.629439
-0.125315
-0.112467
-0.776371
-0.354810
0.184287
0.667112
0.138910
0.138432
0.520828
-0.533411
-0.271953
-0.784060
0.138055
0.013408
0.523114
0.312872
-0.329827
-0.167646
0.476812
-0.011841
0.368592
-0.245351
-0.262118
0.251593
-0.743878
0.127519
0.924560
0.644367
-0.692446
0.310103
-1.023376
-0.254459
0.557434
0.283647
0.666457
0.315054
0.007673
0.850774
-0.175644
-0.551684
0.262669
0.060636
0.322795
0.215618
-0.294361
0.268496
0.442497
-0.054063
0.108518
0.070051
0.044909
0.123503
-0.731581
0.121559
-0.368819
0.918946
-0.317628
0.463101
0.901240
-0.263998
0.269290
-0.391034
0.382936
0.849862
-0.217178
0.979654
0.753447
0.114984
0.560229
0.309201
-1.058345
-0.038051
0.033360
-0.557597
0.259116
-0.068153
0.396532
0.005759
-0.909398
0.360833
-0.190614
-0.490448
0.135530
-0.264127
1.029547
-0.148382
-0.203052
0.404122
-1.124128
-0.229022
0.996623
0.195081
0.305505
-0.150017
0.166440
0.378365
-0.390599
-0.082980
-0.041431
0.099686
0.216864
-0.071484
-0.012381
0.078681
0.689047
0.258986
-0.364066
0.982501
-0.260905
-0.038513
0.174303
0.910580
0.041197
0.230444
0.406727
-0.326098
-0.552173
-0.755779
-0.435206
-0.260271
-0.445609
0.215503
-0.611409
0.218259
0.044898
0.379303
0.665957
0.348837
-0.489927
0.942888
0.159976
-0.533952
1.136111
-0.486161
0.076807
0.308227
0.318606
0.655754
-0.144216
-0.165355
0.461367
0.364316
-0.226179
-0.384933
0.110145
0.268423
0.158789
-0.653405
-0.213420
0.051879
-0.766112
-0.067037
-0.104207
-0.554530
1.155768
0.778856
0.081079
-0.375829
-0.124374
-0.083392
-1.267620
1.011046
0.320385
-0.110073
-0.135875
-0.835326
0.580957
0.200640
0.365570
-1.129687
0.551705
-0.368181
-0.063215
0.234842
-0.468041
-0.103565
-0.757339
-0.840006
0.375630
-0.365708
-0.069652
-0.358961
-0.298343
0.713256
1.112025
-0.687484
0.895816
-0.144411
0.138729
0.545345
0.069565
0.195689
0.654692
0.038794
0.210604
0.525672
1.127958
-0.001093
-0.460831
0.027415
-0.639812
-0.633707
0.199292
0.763475
0.635357
-0.234111
-0.141646
0.030952
0.011204
-0.415428
-0.297798
0.701073
-1.180766
0.865400
0.235625
0.680267
-0.485633
-0.055725
-0.387905
-0.351409
-1.117439
-0.274320
0.000943
-0.078274
-0.719639
0.392925
0.020527
-0.362345
-0.634999
0.074781
-0.040989
-0.295313
0.168992
-0.266786
-1.265586
-0.603515
0.128822
0.266095
-0.267439
0.179899
-0.473802
-0.172704
-0.418258
0.600338
-0.963083
0.335558
1.022915
0.604559
1.422918
0.554182
0.254077
0.122376
-0.469187
-0.548534
-0.268024
-0.542469
0.116042
-0.808162
-0.204029
-0.433037
-0.201790
-0.461174
0.603962
-0.041722
0.786877
-0.184850
-0.224408
-0.894908
0.105898
-0.554518
0.650132
-0.087753
-0.631010
-1.403770
-0.801513
0.282739
-0.020555
-0.444340
0.184935
0.439880
0.964517
-0.495921
0.460998
0.141673
-0.043859
0.232464
-0.583471
0.248112
-0.444229
-0.518804
0.133032
0.164093
-1.220427
-0.445964
0.345340
-0.018037
0.503371
-0.234186
0.465483
-0.691912
-0.413503
-0.346063
-0.195825
0.444182
-0.560329
0.108464
0.052527
0.657267
-0.699360
0.116088
-0.687691
-0.116048
0.025296
0.216766
-1.163337
0.117512
0.449270
-0.849464
-0.237766
0.485886
-0.830511
-0.241202
0.298268
-0.122066
-0.430332
-0.041598
-0.765205
-0.932846
0.459266
0.074414
-0.508734
-0.527283
0.118644
-0.265961
0.377945
0.281416
-0.097321
1.133114
-0.644176
-0.024709
1.114260
-0.284772
0.907410
-0.424852
-0.203654
0.619806
0.305377
-0.641512
0.068347
-0.318817
-0.322732
0.466975
-0.353180
0.383191
0.602150
-0.885452
0.193805
-0.092674
0.230747
-0.327547
-0.015507
1.148039
0.565033
0.041095
-0.394059
0.064612
-0.190861
0.896637
0.414876
-0.332019
-0.243338
-0.511427
0.493110
0.230756
0.227343
-0.075266
0.435186
0.598817
-0.833019
0.955771
-0.680554
-0.063378
0.683272
-0.113724
-0.354795
0.443494
0.548706
0.901906
-0.478134
0.066199
0.869659
0.277776
-0.864597
-0.311665
0.294740
0.327403
0.841579
0.125824
-0.164126
0.782261
0.387533
0.569407
0.186745
-0.354491
1.032958
-0.598589
-0.369947
-0.537160
0.258195
0.321720
-0.454608
-0.014539
-0.791768
0.193326
0.088001
-0.126679
0.295122
-0.113270
-0.355758
-0.600214
-1.009279
0.046527
0.255437
-0.153801
-0.299321
-0.422677
0.675402
-0.541564
0.000540
0.762783
-0.503474
-1.315832
-0.012418
-0.579525
-0.303009
0.718725
-0.206817
-0.041879
0.930049
-0.092609
0.437379
0.505370
-1.258340
0.476495
-0.072701
-0.188089
0.720921
0.004663
0.184203
0.130988
-0.780714
-0.037222
0.238773
-0.362723
-0.789127
0.458962
-0.087566
0.957797
0.152820
-0.498337
-0.151656
-0.447693
0.502745
-0.404202
-0.364612
-0.308959
-0.139505
0.649225
-0.452065
-0.141115
-0.000732
0.998801
-0.553914
-0.037736
0.310471
-0.143866
0.618031
0.526060
-0.118466
0.207145
-0.102211
0.348593
0.138137
-0.684434
1.676887
-0.086018
-1.356947
0.205918
-0.965534
-0.377936
-0.179710
0.789293
-0.149194
0.250262
-0.139491
-0.212406
-0.637413
0.216893
1.010773
-0.548727
-0.656172
-1.114687
-0.082807
0.684972
0.330479
-0.600828
-0.032317
-0.355626
-0.282745
0.412944
-0.049363
-0.826033
0.226936
-0.300456
0.178401
-0.064576
-0.183534
-0.270350
1.002558
0.619603
0.664247
-0.926268
-0.701077
-0.707127
-0.033217
-0.160120
-0.366161
-0.103993
-0.040996
0.447991
-0.011113
-0.364660
0.284259
-0.233904
-0.562177
-0.554385
-0.016410
0.114787
-0.861372
-1.083595
0.934507
0.866193
0.171979
-0.109304
-0.058066
-0.931284
-0.391539
-0.000518
-0.334976
0.716467
0.854490
0.359892
0.364294
0.026470
-0.570828
-0.686843
0.041502
0.565749
1.899713
-0.772979
1.099604
-0.064351
-0.020580
0.057726
-0.830958
-0.143346
0.480491
0.192834
-0.164145
0.290256
-0.496083
0.491073
0.067876
-0.105605
0.152925
0.643971
0.768016
-0.184694
-0.440306
0.622450
-0.178147
0.243151
-0.564499
0.367255
-0.255719
0.245388
-0.666266
-0.427469
0.095462
0.756053
0.349729
-0.028730
0.821819
-0.456362
-0.230361
-0.752378
-0.526298
-0.336973
0.690722
0.163511
0.218906
0.191261
0.281666
-0.242403
-0.487984
0.847949
-0.780365
0.138647
-0.563290
-0.768891
-0.292938
-0.431127
-0.865143
-0.650809
-0.154580
-0.611586
0.457184
0.736970
-0.286125
-0.314364
-0.169944
0.527995
0.183436
0.538942
-0.426154
-0.391049
0.046498
0.272662
0.252495
0.791249
0.289994
-0.180242
0.655920
-0.660139
0.309502
0.479660
-0.431429
0.661447
0.894048
-0.717636
-0.052288
0.085406
0.065263
0.368531
-0.397484
0.380996
0.074754
0.566323
0.332921
0.106821
-0.253724
-0.882110
-0.188473
0.514484
-0.325184
-0.034451
-0.954914
-1.065371
0.480603
0.479864
0.572755
0.171067
-0.472564
0.053814
0.682427
-0.294540
-0.089953
-0.761209
-0.139770
0.125337
0.330551
0.478195
0.002469
0.151177
-0.412969
0.317096
0.338389
-0.235017
-1.105163
-0.182105
0.139685
-0.222166
-0.699642
0.080080
0.872561
0.275237
-0.055071
0.245247
-0.049686
-0.208739
-0.391796
-0.185702
-0.099085
0.005579
0.606189
0.872674
0.746330
0.647845
-0.334336
-1.545492
-0.650892
-0.057836
0.524696
0.278101
-0.009579
-0.432790
0.956777
-0.271346
0.015971
0.452114
-1.016307
-0.460761
0.874949
-0.096311
-0.211668
-0.784382
0.133773
0.200368
-0.433432
-1.334498
-0.963508
-0.497156
0.429865
-0.122321
0.644753
0.528857
-0.131868
0.081535
0.247582
-0.471061
-0.245951
0.446453
0.663049
-0.196684
-0.514676
-0.479466
0.373532
0.770463
-0.707624
-0.538960
0.770625
-0.208360
0.436748
0.306424
0.442478
0.835292
0.221278
0.761120
-0.594230
0.727218
-0.099230
0.923367
-0.405741
0.025562
-0.149258
1.132603
1.212253
-0.317856
-0.210200
0.195144
-0.356932
-0.272245
-0.003429
0.277767
0.643962
0.669906
-0.289105
-0.320090
-0.421121
0.403189
-0.174489
0.105709
-0.313720
-0.451155
0.605068
0.046472
0.714576
0.983240
-1.044811
-0.296852
-0.241658
0.134002
-0.516823
-0.139647
-0.445775
0.844110
0.405541
-0.240678
0.156097
0.021363
-0.669420
-0.373510
0.301969
1.119732
0.833766
0.608783
-0.072406
-0.411723
-0.486213
0.562552
0.433547
-0.495626
0.515342
-1.245111
-0.225743
-0.435832
-0.327183
0.404204
-1.248214
-0.818241
0.323610
0.760323
-1.034440
0.591833
-0.309793
0.705437
0.249493
0.265810
0.732913
-0.430355
0.638990
-0.072499
0.870958
0.158361
-1.157764
0.667037
-0.065394
0.127823
0.463776
1.212340
-0.218109
-0.327048
-0.231365
-0.283888
-0.251447
0.783628
-0.261198
0.191362
-0.062087
-1.377863
-0.371830
-0.141579
-0.331965
-0.282914
0.422663
0.695377
-0.822062
-0.486083
-0.188797
-0.300265
-0.495608
-0.180384
0.251415
0.398483
0.689827
-0.566827
-0.165834
-0.146226
-0.404220
-0.219944
0.503540
0.599983
-0.093876
0.590323
-1.055698
-0.000274
-0.573957
0.229000
0.593821
-0.393073
-0.053913
-0.444915
-0.191601
-0.033670
0.088534
-0.112598
-0.667830
0.595893
0.337655
-0.208413
-0.760655
-0.237566
0.399463
-0.076483
-0.474285
0.247589
-0.184910
-0.882951
-0.086842
-0.526193
0.270698
0.523282
0.387663
-0.571909
-0.308574
0.479001
-1.089081
0.305371
-0.123533
0.969918
0.577846
-0.461134
0.037106
0.187048
0.288936
1.565827
-0.361649
-0.086131
0.884868
0.301450
-0.239328
0.617179
-0.193316
-0.385499
-0.163744
0.288545
-0.491807
0.386718
-0.282863
-0.377087
0.238397
0.472427
-0.693704
1.152980
0.514578
-0.260285
0.178383
-0.061667
-0.269902
-0.015068
-0.984563
0.107396
0.181229
-1.258280
0.467919
-0.850240
-0.476034
0.419650
1.065183
0.524437
0.609377
0.194429
0.142191
-0.562007
0.418168
0.168760
-0.565389
-1.129101
-0.382047
0.251456
-0.751889
0.033095
-0.019819
0.440064
0.333671
0.028485
0.581846
-0.106239
-0.002223
-0.377616
-0.146252
-0.140938
-0.235375
-0.259595
-0.307787
0.936004
-0.476446
-0.481148
-0.747905
-0.989465
0.307159
-0.274544
-0.285590
-0.012813
0.470702
0.088853
-0.258042
0.202921
-0.247309
0.580105
0.095238
-0.154125
-0.244208
0.062104
-0.327879
-0.015369
0.237336
0.297481
-0.320522
0.288622
0.162300
-0.724950
0.051443
-0.328428
-0.228851
-0.672457
-0.425809
0.250137
0.986175
0.126535
-0.084379
-0.175791
0.187426
-0.259254
-0.726789
0.906352
1.160494
0.282967
0.493455
-0.911350
-0.128404
0.098907
-0.757581
0.295259
0.986319
0.319186
0.597804
1.202528
0.285884
0.154685
-0.288531
-0.083946
0.149014
-0.483438
0.244247
0.055740
-0.309708
0.043939
0.177407
-0.555369
-1.373899
-0.545704
-0.113609
-0.055061
0.029041
0.769668
-0.146883
-0.292945
0.643817
0.059148
-0.789498
-0.056498
-0.201398
-0.833749
-0.198135
0.083659
1.163728
0.026535
0.121414
-0.549073
0.798240
-1.001350
0.664768
0.290518
0.532031
-0.205832
0.330660
-0.162604
0.485567
-0.021562
-0.358310
-0.123695
-0.496079
-0.107764
-0.048515
-0.841654
0.158597
0.312645
-1.128533
-1.405769
0.293868
-0.268093
0.203461
0.674831
0.335233
-0.137019
-0.048415
0.027411
0.098421
0.588293
-0.266508
-0.509132
-0.066339
-0.537910
0.002948
0.565121
0.410365
-0.278667
0.564142
-0.282850
-0.011640
0.296384
0.268822
-0.405151
0.450014
1.049532
0.810639
-0.492418
0.816439
1.290293
-0.224503
-0.078840
-0.615034
-0.059099
-0.924001
0.102087
0.685557
0.862557
-0.224568
-0.649343
-0.299095
-0.213897
-0.821387
-0.553148
-0.945499
-0.318993
-1.141825
-0.773251
0.041487
-1.243033
-0.712490
0.449292
-1.020732
-0.228423
-0.178124
-0.293782
-0.987154
-0.758487
-0.734296
-0.764314
-0.564035
-0.364258
-0.351029
-0.326418
-0.936145
-0.324592
0.338885
-0.053068
0.273350
-0.854106
0.674177
0.368264
0.978492
0.310887
1.963410
0.755735
1.806931
0.724970
1.420086
0.667219
0.706707
0.318800
0.273260
0.082418
1.214649
1.477927
0.985872
0.206204
-0.157906
-0.286955
1.095872
1.245871
0.028291
-0.655433
-1.086291
-0.626809
0.870503
-0.337352
-0.786190
-0.197652
-0.522227
0.336980
-0.969358
-2.506730
-0.711785
-0.214434
-0.761673
-0.195235
-0.511750
-1.728733
-2.074855
-0.644656
-0.121777
-0.481113
-0.085671
-0.799473
-0.547788
0.040496
0.311188
1.227960
0.343048
-0.096530
-0.067046
0.702647
0.134955
0.635990
0.165417
-0.009795
0.143042
0.801511
0.312387
-0.510823
0.421574
-0.242332
0.540534
-0.166330
-0.159810
-0.359881
0.193588
0.080682
-0.384262
-0.276757
-0.493988
-0.466998
-0.140005
-0.550372
0.128731
-0.570446
0.954297
0.142099
0.148931
-0.603384
0.065928
0.393763
0.114406
-0.498731
0.205276
0.045296
-0.365189
0.963177
-0.767470
0.087849
0.302595
0.270716
-0.067233
0.165628
0.095834
-0.211647
0.324370
-0.746367
0.124291
-0.050757
-0.061357
-0.954503
-0.178704
0.352052
0.696383
0.576611
0.724331
0.684406
-0.422193
1.239913
-0.571630
0.019041
-0.430685
-0.053522
-0.745398
0.244586
0.123942
-0.171191
-0.234518
-0.532882
0.468336
-0.188337
0.680983
0.853126
-0.362669
-0.388676
-0.328959
-0.878274
-0.153895
-0.043949
-0.597431
0.249969
0.792736
0.179646
0.472373
0.084216
-0.552068
-0.299145
0.405108
0.326612
0.218246
-0.633425
0.653983
-0.841285
-0.024828
0.030047
-0.442923
-1.164876
0.470330
-0.616980
0.316469
0.035938
0.431969
-0.032853
0.491381
0.728537
-0.405320
-0.281152
-0.019015
0.942443
0.794973
-0.543626
-0.769444
-0.001071
-0.500996
0.354536
0.738501
0.287897
-0.519078
0.171183
-0.736760
-0.529978
-0.203885
0.200411
-0.497471
-0.719146
0.046464
-0.588727
-0.207509
-0.538352
-0.571823
0.848036
-0.772723
0.433388
0.538541
0.857060
-0.335520
-0.646845
0.922000
-1.085751
0.239653
-0.279308
0.450434
0.452621
0.468395
1.040205
0.271524
0.593521
-0.326078
-0.592089
-0.478000
-0.004025
0.234555
-0.493861
-0.628059
-0.366800
-0.849459
0.363632
-0.043352
-1.235814
-0.417997
0.223218
0.434131
0.011698
-0.185191
-0.452881
-0.381404
0.168011
0.676832
0.641446
-0.867536
0.234660
0.479023
-0.300929
0.226689
0.834994
-0.651260
-0.419656
0.394444
0.046451
0.604770
-0.006251
-0.287084
-0.442118
1.027032
0.556689
-0.030012
0.646452
-0.494284
0.475140
0.245453
0.440221
-0.442759
0.344598
-1.165654
-0.222289
-1.353738
0.889226
-0.506702
-0.079617
0.432707
-0.082410
0.219937
0.714728
0.624038
-0.183032
-0.480625
-0.988686
-0.647722
0.237178
0.078724
0.949333
0.313939
0.227727
-0.156332
-0.115492
-0.238631
-0.385031
-0.749106
-0.145158
0.297894
0.380531
0.638145
0.174196
-0.835289
-0.031711
-0.289758
0.321317
-0.806869
0.502107
-0.866433
0.189242
-0.427920
-0.050210
0.669063
-0.516211
0.905866
0.739001
-0.094181
-0.005075
-0.106680
-0.151149
-0.255029
-0.113074
-0.880286
0.077774
0.184691
0.055005
-0.300542
-0.275797
-0.293896
0.446113
0.324381
-0.604367
0.182153
-0.270790
-0.900867
-0.640219
-0.119186
0.571139
0.002982
-0.894147
0.115047
-0.063929
-1.035289
-0.531678
0.274163
0.824762
0.003285
-0.710470
-0.199897
0.319307
-1.195675
0.634491
-0.286773
0.450359
-0.294705
0.425258
0.096088
0.619206
-0.373478
-0.055601
-0.153618
-0.027908
0.337920
0.198556
0.561552
0.136325
-0.673078
-0.273774
-0.731313
0.162933
-0.079707
0.569175
-0.185499
0.032553
-0.166747
-0.124462
0.752420
0.116367
0.324256
0.341502
0.100747
0.896967
-0.361147
-0.623282
0.607794
0.812165
-0.042169
0.596793
0.171686
0.175562
0.957572
0.458234
-0.087162
0.418220
0.540892
0.612691
-0.160967
-0.300751
0.022493
0.069955
-0.117356
0.283766
-0.096391
0.450428
-0.301930
0.134808
-0.914629
-0.278778
0.954640
0.257686
-0.215221
-0.623560
0.143007
0.351564
-0.222453
0.207592
0.466400
-0.790629
0.564843
0.989331
0.610773
-0.303238
-0.004978
0.417889
0.508811
0.025497
0.198527
0.348471
0.073189
0.157261
-0.066762
-0.650952
-0.117793
0.616227
0.157815
-0.174252
0.363652
0.115082
0.010967
-0.183276
0.166228
0.545961
-0.383924
-0.111931
1.386509
-0.466560
0.663469
-0.691216
0.178965
0.458307
-0.544442
0.744958
0.787271
1.342613
-0.591316
0.478146
-0.143945
-0.353754
-0.327487
-0.320707
-0.213444
0.149189
-0.156261
0.277869
0.351871
0.144595
0.037385
0.113249
0.409185
0.425450
0.496336
-0.233908
0.246893
-0.136625
-0.685487
-0.273662
0.220583
0.294215
-0.146627
0.148179
0.312208
0.657522
0.903258
-0.692171
0.059645
0.159353
-0.144691
-0.296134
0.001017
0.338034
0.069813
-0.611188
-0.621728
0.067726
0.409334
-0.322043
0.057373
-0.119678
0.290602
-0.229173
0.725849
0.120731
0.205610
0.363976
-0.002413
-0.690699
0.717051
1.063703
0.409696
-0.038733
-0.436869
0.889322
-0.220200
-0.051240
-0.582734
0.875561
0.093452
0.289064
0.105915
0.259405
-0.180353
-0.593550
0.135399
0.580353
-0.235069
-0.160457
-0.033018
-0.974711
0.119715
-1.542693
0.316976
-0.271418
0.103251
-0.454463
0.314460
0.885169
-0.492234
0.505331
0.082793
-0.355304
-0.316332
0.275501
-0.342895
0.308228
0.057534
-0.425538
0.439106
0.014013
-0.431140
-1.166471
-0.100581
0.045853
-0.550955
0.547622
0.379481
-0.849000
-0.010033
0.118759
0.088130
0.006875
0.005809
0.120713
-0.035948
0.336523
-0.704249
0.569622
-0.506204
-0.287361
-0.439268
-0.164845
-0.221920
0.382086
0.095942
-0.716321
0.813463
-0.133285
0.948967
-0.328654
1.014786
0.118600
0.240019
-0.892239
0.072574
-0.148876
0.114157
0.426534
0.003806
0.121974
-0.266688
0.183867
0.067219
-0.100791
-0.586318
-0.123358
-0.634886
-0.136008
0.096331
-0.106811
-0.091272
-0.330128
-0.194571
-0.633800
-0.189136
-0.078856
0.134651
-0.164938
0.439971
0.071420
-0.001743
0.557433
0.446991
0.064611
0.273696
0.602715
0.232463
0.105147
-1.487801
0.155962
-0.356829
0.362680
0.029510
-0.197475
0.271477
-0.094654
-0.157189
-0.698037
-0.797241
0.324215
0.708419
-0.637227
-0.159682
-0.601455
0.386569
0.629567
0.363662
-0.429748
0.789282
-0.086267
-0.440230
-0.190335
1.361939
-0.602637
-1.277944
0.062764
-0.704385
-0.196950
-0.284525
0.736953
0.224063
-0.005361
-0.828727
1.014053
0.630664
-0.125400
-0.491543
-0.639647
-0.702253
-0.825327
-0.063707
0.287007
-1.608449
0.285928
0.269722
0.885504
0.541363
0.477251
0.369120
-0.197671
-0.015893
0.886759
0.405303
0.393174
-0.013808
-0.177919
-0.624005
-0.345550
0.402004
0.431304
0.960171
-0.164996
-0.461327
-0.872270
-1.122861
0.646208
-0.088993
-0.941014
0.738100
-0.651634
0.189266
0.606830
-0.132161
0.152679
0.225291
-0.149225
0.685250
-0.367358
-0.721231
-0.867438
0.218677
0.230221
0.470939
0.081104
0.589026
0.089096
-0.178744
-0.488456
1.463787
0.415001
-0.380404
0.648968
0.839493
-0.259537
0.355741
-0.318435
0.083706
0.087177
-0.422112
0.207293
-0.410316
1.093330
-0.740472
0.396113
-0.433452
-0.118010
0.243290
0.012899
0.301981
0.465104
0.051691
0.683819
-1.096396
-0.528754
0.221185
0.311875
0.752959
-0.211044
0.574789
0.096126
0.187842
0.562487
0.065178
0.586940
-0.229629
0.307087
-0.318070
-0.603425
0.685978
0.497260
-0.226465
-0.380278
0.628126
0.502858
-0.577601
-0.262978
-0.353437
-0.487416
0.445803
1.002333
0.439600
0.792151
0.686413
0.564918
0.322043
0.979227
0.051043
0.647356
0.238515
0.306901
-0.264648
0.970322
0.138879
-0.567804
0.432263
0.092206
0.307289
-0.406972
0.120110
0.220060
0.129752
-0.691896
0.217950
-0.118292
1.369159
0.070273
0.726122
-0.042482
-0.544531
0.602198
-0.308248
-0.064329
0.401629
-0.018733
0.345787
0.095865
0.119301
0.708035
-0.025230
-0.466220
0.128707
0.500754
0.079481
-1.142530
-0.517596
-0.127699
-0.352367
-0.822251
0.246897
0.230824
-0.113304
0.660878
0.426576
0.579919
-0.505527
-0.855502
-0.125764
-0.317550
0.163417
0.136796
0.337596
0.309553
0.269586
-0.046068
0.246726
-0.724960
-0.061885
-1.079000
0.667640
0.022124
0.872511
-0.248961
-0.573190
0.332326
-0.475628
-1.109184
0.486173
0.059566
-0.407790
0.837424
-0.125970
0.110161
0.282085
0.046881
0.040649
-0.757482
1.034169
0.168309
-0.699400
0.512755
-0.667096
-0.623781
0.019348
-0.796841
0.555216
0.198835
0.725879
0.272564
0.184162
0.377758
-0.153600
0.289643
0.393408
-1.487698
0.021460
0.379741
-0.294053
-0.353470
0.829060
-0.876598
-0.144226
0.747736
0.432209
-0.257599
-0.538772
-0.839992
-0.586340
-0.256560
0.120773
-0.196423
1.223639
-0.129863
0.077558
-0.059692
-0.044164
-0.270769
0.219018
-0.057646
-0.411231
0.708900
-0.231917
-0.069029
0.478153
0.134108
-0.095071
-0.715041
-0.605067
0.760221
1.101687
0.024325
-0.207356
-0.340684
-0.975868
0.559499
0.661339
0.118832
0.081176
0.010360
-0.331693
0.089563
-0.528066
0.010662
-0.519329
-0.210990
-0.263360
-0.076706
-0.471638
0.609584
0.235185
-0.549057
1.191512
0.243226
-0.332398
0.733892
0.389108
0.434693
-0.281868
-0.222852
-0.254933
-0.216472
0.313525
-0.795885
-0.425625
1.163352
0.287574
-0.454026
-0.287774
-0.720127
0.369775
-0.487990
0.087853
0.368864
-0.010782
-1.374641
-0.181445
-0.908957
0.367671
-1.078867
0.311143
0.187951
0.091897
-0.545289
0.175670
0.574365
-0.609294
0.439718
-0.267273
0.622538
-0.327555
0.260001
-0.255492
1.045555
-0.507703
1.645709
0.289782
0.437135
1.155174
-0.349968
-0.332866
0.019239
-0.765277
0.312570
-0.474632
-0.017427
-0.635019
-0.783256
-0.098210
0.106291
0.192701
0.011745
0.211740
0.445571
0.565572
0.508681
0.478680
0.858188
0.384406
-0.395753
0.811775
-0.352830
0.240458
-1.097533
0.334765
-0.118380
0.810884
-0.069134
0.245691
-0.264487
-0.067523
0.015661
-0.458690
0.005577
-0.519065
0.224313
0.200819
-0.164379
0.491121
0.529015
0.172986
-0.400502
-0.801932
1.118618
0.138549
-0.401969
0.163259
0.368260
-0.519672
-0.710494
-0.146932
0.548310
-0.246893
-0.792549
-0.874024
-0.455195
-0.145402
-0.089625
-0.761354
0.781552
0.312527
0.550493
-0.117534
-1.417784
-0.306723
-0.153399
0.643444
-0.208600
-0.031782
0.577552
-0.965043
-0.474807
0.873037
0.572627
-0.295779
-0.294219
-1.178395
0.738479
-0.920853
0.110875
0.816824
-0.026890
0.315849
0.228796
0.959985
-0.043542
0.151189
-0.521256
0.581728
0.073925
0.001468
-0.809176
0.261633
-0.699684
0.307030
-0.789053
0.280129
-0.123763
0.584714
-0.771829
-0.930581
0.375719
-0.067058
0.371548
0.379157
0.276065
0.148018
1.033823
0.969821
0.013405
-0.235228
-1.177636
-0.162898
-0.406152
0.381470
-1.033196
0.377815
0.921136
0.284918
-0.477580
-0.356795
0.226393
0.884269
-0.184161
0.779165
-0.226332
0.135344
0.759629
1.175808
0.788164
0.059700
-0.068920
-0.573743
0.593922
0.813139
0.188125
0.407027
0.056035
-0.376207
1.163796
0.359732
0.111384
0.421521
0.078046
-0.698131
0.022671
-1.140545
-0.028486
-0.322434
-0.374061
1.815506
-0.207467
0.136776
-0.187469
0.039679
-0.205851
-0.414301
0.674150
0.923412
-0.148543
0.615583
-0.036604
-1.409411
0.504030
0.425016
-0.110733
0.638827
-0.257806
0.743503
0.598307
-0.131657
0.674393
0.573238
0.424127
-0.688194
-0.304585
-0.241609
-0.017676
-0.709168
-0.209885
0.502760
1.077266
0.130847
0.586967
0.613233
0.299919
0.088379
-1.156213
-1.000658
-0.490058
-0.315842
0.512449
0.197366
0.166181
-0.424939
-0.105205
-0.637995
0.034815
-1.006553
0.248812
0.102439
0.262069
-0.640959
0.097320
-0.997602
-0.655981
-0.533686
-0.187133
-0.775829
-0.482017
0.228290
0.978182
-0.449984
-0.858300
0.969244
-0.388120
-0.144715
0.275804
0.565917
0.629768
0.068055
1.136173
-0.343835
0.412224
-0.604192
0.498545
0.060339
0.037281
-0.398012
-0.324812
-0.813892
0.172777
-0.133262
-1.279458
-0.070418
0.048264
0.163426
0.216357
0.160174
-0.829402
0.908504
-0.151400
0.399725
0.109271
0.165238
-0.910810
0.663053
-0.358141
-0.480268
-0.495581
-0.246542
-0.417859
0.501774
0.059924
0.278781
-0.205408
0.413653
0.139451
0.262881
0.281877
0.337981
0.395116
0.754653
1.024266
-0.008103
-0.508346
0.453957
-0.175113
1.161143
-0.658903
0.496609
0.008105
0.219919
-0.702321
0.013636
0.406675
0.057473
0.069390
-0.044438
0.562828
-0.149331
-0.419104
0.028104
-0.143003
0.473641
0.425320
0.205247
-0.220921
0.247943
-0.020562
-0.485649
-0.251391
-0.041870
-0.157574
-1.065440
0.381888
0.410971
0.914774
-0.485515
-0.333355
0.097881
0.394540
-0.066457
1.350633
0.132972
0.163144
0.455973
0.709671
0.892698
-0.014218
-0.050902
-0.467565
-0.198725
-1.028412
-0.078542
0.108166
1.080159
0.120225
-0.309613
-0.264672
0.389753
-0.948466
-0.650921
-0.273315
-0.278872
0.521071
-0.822651
0.046731
0.569509
-0.682838
0.430099
0.953992
0.695392
-0.716138
0.326612
0.154964
-0.526254
0.329223
-0.144136
0.639598
-0.615442
0.210390
-0.789846
-0.196599
-0.455913
0.564793
0.379580
0.015241
-0.221241
-0.601172
0.894651
0.013493
-0.962235
0.089465
0.184449
-0.263327
1.112552
-0.468773
-0.093422
-0.705473
0.521187
0.014013
0.014323
-0.224775
-0.405108
0.403679
-0.787497
0.365036
-0.161766
0.429354
0.092833
-0.551184
0.511787
0.179478
0.277004
1.072960
0.379643
0.389938
0.669282
0.026640
0.715171
-0.176137
-1.147713
-0.230369
0.184805
-1.245914
-0.139528
0.411188
-0.531885
0.633763
0.481079
-0.689962
-0.835066
-0.415074
-1.050157
-0.174732
-0.135424
0.473639
0.071137
0.182171
0.700225
-0.629089
1.137200
0.644465
0.647373
-0.044980
0.083942
0.018153
0.330070
0.300634
0.761829
0.193700
0.333618
0.144817
0.811534
0.091091
-0.217827
0.534219
-0.973124
0.256216
0.333417
-0.107650
0.242917
0.523611
-1.075959
0.063590
-0.030431
0.297296
0.028438
0.360479
0.031437
-0.257883
0.617270
-0.928131
0.649784
0.105486
-0.449241
0.217313
0.204587
-0.725831
0.073287
-0.020319
0.408609
0.451322
-0.431574
0.234520
-0.648501
-0.276088
0.297864
0.155046
-0.404889
-0.358675
-0.481451
0.407363
-0.498269
0.490057
0.089055
-0.652569
0.385862
0.615230
-0.525903
-0.358111
-0.186234
1.158722
-0.267064
-0.127820
-0.215830
0.425000
-0.828084
-0.331978
0.345501
0.546249
0.128039
0.286474
-0.366262
-0.612968
-0.443708
-0.144668
-0.725709
0.386634
0.159485
0.022462
0.183631
-0.574414
0.482470
-0.432106
-1.347113
-0.074822
-0.406047
-0.274051
-0.584674
-0.078867
0.507129
0.454831
0.598000
-0.652522
0.471495
-0.008277
0.390165
-0.388255
-0.812897
-0.460200
-0.674921
-0.528303
-0.285624
-0.377120
-0.905328
0.470058
0.369221
-0.241226
-0.323783
-0.012361
0.322627
0.749579
0.419565
0.854940
0.111133
-0.038149
-0.508112
0.660383
-0.328366
-0.064991
-0.118503
-0.008070
0.117267
0.353614
-0.196083
0.113108
0.718050
0.336151
-0.661280
-0.887918
-0.697773
-0.254069
0.157296
-0.098921
-0.405757
1.670951
0.299361
-0.553826
-0.252061
-0.029157
0.593228
0.689949
0.688395
0.108091
0.620305
0.343999
0.163083
0.362776
-0.067877
-0.690694
0.111446
0.384020
0.318409
-0.155982
0.152000
-0.494600
-0.020110
-0.045912
-0.488240
0.330142
-0.184233
0.580099
-0.158533
-0.143579
0.759566
-0.767410
0.384384
0.625870
-0.520081
-0.641618
0.139241
-0.090716
-0.880064
0.633682
0.328403
0.273717
-0.587801
0.220499
0.513973
-0.288381
-0.276271
-0.063418
-0.239357
-0.121056
0.573421
-0.575153
0.352834
-0.587465
0.931909
0.458492
0.139216
0.324990
1.019611
-0.452608
-0.943883
0.942940
-0.104966
-0.483260
0.278138
-0.555920
-0.043161
-0.244636
-0.147645
-0.028604
1.047770
0.090401
-0.457823
-0.397881
0.124649
-1.154854
0.524203
-0.150237
-0.116934
-0.402903
0.043048
0.309162
-0.406112
0.051853
-0.543579
-0.076268
0.980253
0.345050
0.337925
0.469652
-0.122769
-0.803130
-0.445251
-1.264083
1.230346
-0.071351
-0.507997
-0.227027
1.124027
0.786392
-0.429444
1.288781
0.650083
0.510480
0.529524
0.697532
0.194830
-0.118174
0.229209
-0.586866
-0.931500
-0.494476
0.282052
0.339496
-0.617359
-0.297865
0.171438
0.333890
-0.812947
0.115204
0.036484
0.178707
0.043650
0.786032
-0.156091
0.298276
0.294177
0.546381
-0.288326
0.657539
-0.565909
0.968242
-0.605485
-0.993813
0.248999
-0.079867
-0.761887
-0.730157
0.574959
-1.414759
0.029593
0.425271
0.189176
-0.102368
0.750237
0.125016
0.697239
1.478427
-0.330069
-0.962222
0.278254
-0.178564
-1.121503
0.081239
-0.371329
-0.144390
0.451547
-0.332950
-0.192583
0.188149
-0.554818
0.194278
0.127826
-0.660482
0.066899
-0.255176
0.536497
-0.269759
0.013261
0.354144
-0.184867
-0.434267
0.059408
0.063684
0.368920
-0.821842
0.266087
0.282235
0.085661
0.811181
0.283391
0.051004
-0.036330
0.019742
-0.061836
-0.459307
0.697704
-0.421363
-0.345523
0.614500
-0.134364
-0.479348
-0.214727
-0.459397
0.006949
0.503219
-0.340617
0.295597
0.568227
0.730612
-0.898069
0.186970
-0.429797
-0.065386
0.063787
-0.168747
-0.914132
-0.152037
0.414910
-1.356034
-0.752065
-1.242987
-0.452689
0.059751
0.160058
-0.247001
0.072596
0.579060
0.162788
-0.140767
-0.565942
-0.510010
-0.002518
-0.361362
0.262707
0.280808
-0.392716
0.251895
0.303505
-0.316762
-0.256418
-1.394360
-0.863916
0.700010
0.093530
0.674793
-0.349755
-0.004787
-0.309183
0.063624
0.697940
0.068650
-0.074530
-1.232866
-0.200693
0.850689
0.269818
0.198673
0.438850
0.411017
0.057395
-0.006040
0.288034
1.296861
1.656118
-0.004759
-0.304546
0.245043
0.147730
0.441882
-0.218113
0.294073
0.134175
0.155643
0.428306
-0.626444
0.073014
-0.125817
1.089855
1.319381
-0.011569
-0.002127
0.142407
-1.246004
0.632160
0.123756
-0.389123
1.326836
-0.145097
0.230242
-0.212703
-0.293780
0.798116
-0.442338
-0.341229
0.000557
0.296038
-0.354066
-0.516525
-0.295810
-0.105359
-1.262589
-0.299044
-0.013704
0.750434
-0.234279
0.145904
1.041221
0.454017
-0.071442
0.200877
-0.445208
-0.597759
-0.446537
-0.090002
0.981717
-0.556341
-0.789316
0.714225
0.482463
0.259718
0.253035
-0.016610
-0.498722
0.205639
-0.496407
-0.333430
0.339154
0.080619
-0.755847
0.065978
-1.013842
0.714835
-0.608999
0.195333
-0.442177
0.317380
-0.362749
-0.520216
0.005111
-0.155157
-0.068377
-0.017982
0.011353
-0.708931
0.406081
-0.659445
0.262174
0.028741
0.345728
0.499147
-0.543043
0.526657
-0.981038
0.881898
-0.273229
0.228988
0.123402
-0.248789
-0.463467
-0.531802
0.911294
0.095612
-0.691418
0.132553
-0.039313
-0.567720
0.968622
0.001775
-1.007013
-1.017442
0.348100
0.837815
0.072142
-0.461588
0.347963
0.039366
0.300652
0.244872
0.626151
-0.088655
-0.043195
-0.170015
-0.324400
0.482376
-0.642967
0.601071
0.482171
0.311245
0.047187
0.567264
-0.063726
-0.482051
-0.499520
0.650970
0.145083
-1.050240
-0.679949
0.020412
1.418542
0.469061
0.378274
-1.359072
0.473197
-0.279080
0.198054
0.023273
0.371745
0.338227
0.136634
0.586601
0.558603
0.262002
0.120606
-0.266410
0.216480
1.113278
-0.308219
0.600331
-0.192756
-0.284971
-0.628938
0.523894
-0.290944
1.013962
0.574365
-0.715524
-0.445400
0.169571
1.380491
-0.164264
-0.529247
0.441225
-0.527702
-0.016507
-0.850673
-0.144477
-0.224590
0.280290
0.050819
-0.963635
0.803891
-0.459578
0.122829
0.098196
-0.626581
-0.512520
0.472806
-1.188081
0.440324
1.210504
-0.133687
0.932586
-0.133467
-0.137921
0.304335
-0.355587
0.809633
-0.096617
-0.354273
-0.448051
-0.614947
-0.280814
0.143416
-0.097501
1.188247
-0.792520
0.850239
-0.953782
-0.182716
0.054359
-1.002703
0.157682
-1.060329
-0.730765
0.168061
-0.804555
0.037676
0.290673
0.660484
0.131776
-0.860766
0.723619
0.874083
-0.275703
-0.746468
0.009428
-1.287729
-0.835292
-0.014565
-0.186831
0.252017
-0.055266
-0.462314
0.119591
-0.089730
0.067721
-1.179042
0.497909
0.267001
0.313626
0.152090
-0.039548
-0.427750
0.553215
0.508362
1.366149
0.631084
0.749994
-0.061076
0.688130
0.114934
0.297558
-0.040559
-0.280267
0.036297
-0.569841
-0.296364
-0.331646
0.566805
0.094934
-0.019214
0.792350
0.549403
0.442728
-0.528337
0.559549
-0.269883
0.302048
0.554399
-0.427873
-0.245406
0.254847
-0.525008
-0.094106
-0.561176
-0.002798
0.426168
-0.083460
-0.341029
-0.231576
-0.888280
0.314534
-0.835248
0.030981
0.366606
-0.506595
-0.720697
0.193118
0.050721
-0.349404
0.857727
0.295002
-0.109544
0.644339
0.519283
0.380346
0.317146
-0.580647
0.383363
-0.830219
0.852452
-0.225064
-1.039573
0.072735
-0.015849
-0.904738
-0.012898
-0.223328
-0.177248
-0.061868
-0.457461
-0.097742
0.665891
0.828956
-1.345218
-0.611353
0.820098
-0.441005
0.467705
-0.487284
0.418887
-0.029752
0.831406
-0.503195
-0.843733
-0.503908
0.259471
0.653321
0.916413
0.160777
0.131564
-0.165569
0.184620
0.108332
-0.494850
0.124756
-0.706529
-0.433473
0.765179
0.534677
0.404849
-0.103844
-0.517210
-0.723100
0.375263
-0.353046
0.334679
-0.191023
-0.936130
-0.223613
-0.102239
-0.095166
-0.052742
0.393711
0.576972
-0.017734
0.428615
0.062725
1.024708
-0.305055
0.286641
-0.470806
0.349029
-0.695337
-0.470193
0.532836
0.413658
-0.018723
0.383048
-0.701490
-0.297805
-0.077376
0.370736
-0.834879
-0.367006
0.531170
-1.146102
-0.832203
1.772260
-0.241458
0.326543
-0.106125
0.011594
0.266591
-0.647408
-0.389596
0.395959
-0.336941
-0.174892
-0.221551
0.641228
-0.201284
-0.682670
-0.228607
-0.479955
0.437767
0.149961
0.523005
-1.359169
0.099269
0.085193
0.021237
-0.080031
0.841140
0.946735
-0.634415
0.021603
-0.043035
0.289876
-0.483617
-0.232269
-0.011197
0.336073
0.130100
-1.230447
-0.400666
-0.583080
-0.596519
0.086232
-0.136889
0.520030
-0.983029
0.023823
-0.377606
0.179663
1.154339
-0.200934
0.747068
-0.410488
0.362885
1.547510
-0.527420
-0.475970
0.991208
-0.736203
0.265884
-0.114518
0.202937
1.281876
0.843600
-0.615710
0.978244
-0.087291
-0.065526
-0.005918
-0.156178
0.567419
-0.594135
-0.334442
0.093739
-0.060739
0.469173
0.136338
0.918269
1.011590
0.358319
0.524747
1.011343
-0.692543
-0.206446
-0.291339
-0.650417
0.232733
-0.203236
-0.263881
-0.304831
-0.503750
0.500061
0.448342
0.115589
-0.007042
0.234945
0.423920
0.218423
-0.660546
0.042658
-0.025118
-0.195992
-0.512737
-0.041739
-0.389322
0.085895
-0.325262
-0.640922
0.122478
-0.624172
0.182254
0.898934
0.379473
0.268272
-0.462751
0.470287
-0.075162
-0.656577
0.705735
0.527036
0.128891
0.255254
0.195211
0.083344
0.122562
-0.685665
-0.540553
0.030882
0.252308
-0.446798
-0.362963
-1.288150
-0.515968
-0.294056
-0.209126
-1.222945
-0.495647
0.842101
0.174465
0.433613
0.114471
0.867578
-0.623927
0.400580
-0.857216
0.903263
0.407224
-0.066983
-0.647422
-0.427705
0.271235
0.660508
0.745255
-0.108562
0.054426
-0.650225
-0.354058
-0.070417
0.065528
-0.197121
0.048874
-0.530469
0.457205
-0.704569
0.022426
-0.739942
0.773291
-0.350833
0.021338
0.089115
0.807616
0.759462
0.582068
-0.459397
-0.862608
-0.283403
0.597013
-0.434848
0.460718
-0.556020
-0.617493
-0.460367
-0.331769
-0.373312
-0.662929
-0.237919
0.802420
-0.044579
0.738613
0.221177
-0.417420
-0.189445
-0.391551
-1.184337
-0.156675
-0.137988
-0.144116
0.330264
0.085198
-0.672136
0.203496
0.022587
0.725003
0.082901
0.030048
0.407226
-0.031680
0.313448
-0.771515
-0.762236
-0.002953
-0.105968
0.826211
0.110188
0.345280
-0.233541
-0.202919
-1.048962
-0.494473
-0.147052
0.975029
1.294336
0.803370
-0.150859
0.062061
-0.740741
0.588059
-0.202412
0.488341
0.170685
-0.915904
0.942149
0.093455
-1.150716
0.072326
0.453132
0.034047
-0.469390
-0.109945
0.379677
-0.529657
0.674410
0.010168
0.505331
-0.108717
-0.090497
-0.127142
0.049031
0.072175
0.601719
-0.828740
-0.197206
0.230455
0.032624
-0.558143
0.267443
1.075286
0.536155
-0.328935
0.894991
-0.524360
-0.318344
-0.499892
-0.736922
-0.526133
0.741881
1.269934
0.095102
0.179885
0.480021
1.035879
0.347507
0.750260
1.216471
0.365897
1.542997
0.046810
-0.424385
-0.885011
-0.404244
0.010836
0.036360
-0.305750
-0.046038
0.388050
0.193543
-0.556253
-0.568736
0.673768
-0.222408
0.274555
0.457723
-0.151879
-0.619518
0.420057
-0.171566
-0.442407
0.375331
1.001724
0.297540
0.336270
-0.009764
-0.031873
-0.104276
-0.286018
0.869438
0.176654
-0.647106
-0.778025
-0.253382
-0.184688
-0.329947
-0.420524
0.130586
0.099278
0.268704
-0.689417
-0.414878
-0.119666
0.555148
-0.129050
0.632891
-0.146410
-0.344145
0.214720
-0.053836
0.531422
-0.111757
-0.277155
0.049268
-0.052107
-0.233412
0.394320
0.677795
-0.061098
0.184361
0.049767
0.663666
-0.527033
0.230329
-1.095742
0.578326
0.518414
0.649128
0.162632
-0.802225
-0.064036
0.582131
-0.177029
0.146522
0.334363
0.357370
-0.211623
-0.675308
-0.623553
-0.208253
0.267837
0.108261
0.305138
0.750375
0.049020
0.226298
0.620369
-0.526651
-0.224608
0.705306
-0.953405
0.623809
-0.219958
0.064175
-0.573314
0.054235
0.053566
-0.435224
-0.563010
-0.964823
-0.223856
0.081824
-0.221886
-0.159183
-0.653652
0.117898
0.169123
-0.347406
0.606607
0.158312
-0.501198
-1.201568
0.370006
-0.023704
-1.327668
-0.019481
0.412184
0.766469
0.421036
-0.265641
-0.275687
-0.448573
-0.861133
-1.107231
-0.390454
0.177387
0.084421
1.183503
1.088608
0.044933
-0.039055
-0.274940
0.711182
-0.394334
0.048482
0.288494
-0.387176
-0.245129
-0.486355
0.329407
0.176611
-0.136277
0.345176
0.060975
0.112966
0.158777
-0.350055
-0.279906
0.123274
-0.373325
0.814030
-0.538050
-0.286211
0.390562
-0.759726
0.847812
-0.441010
1.117969
0.453752
-0.168164
-0.153031
0.297978
0.347620
0.102818
0.015170
0.000797
0.683566
0.240385
0.136428
-0.404778
-0.360955
-0.872034
-0.419707
-0.471634
0.191748
0.683172
0.076040
0.499329
0.869306
-0.813739
0.159632
-0.306444
0.141287
-0.791420
-0.183062
-0.227517
-0.090854
-0.508633
-0.215230
0.155282
-0.402553
0.448057
0.129446
-0.147359
-0.612152
0.183770
-0.132823
-0.128720
1.148260
0.049405
-0.133743
0.443447
0.183208
0.158542
-0.892749
0.671053
0.315249
-0.094399
0.407955
-0.329684
-0.845178
-0.157300
0.077781
0.099219
-0.567602
-0.220811
0.706111
0.061348
0.409555
0.087354
-0.786788
0.052470
0.264595
-0.141525
0.034541
-0.205896
-0.211620
0.121873
-0.094856
0.975371
-0.882622
-0.068253
-0.104361
-0.678933
0.234403
-0.064644
-0.155086
-0.233260
-0.308087
-0.470697
0.383952
0.425531
-0.595462
-0.845638
-0.365800
0.470599
0.394148
0.129159
0.150641
1.103959
0.235165
-0.033270
0.371262
-0.776979
0.036333
-0.759199
-0.789413
-0.122706
0.222432
0.120524
0.000337
-0.173330
0.028260
0.853603
-0.256795
0.559243
0.181432
0.243001
-0.693725
0.027386
0.311804
-0.312794
0.369801
-0.989196
0.184367
-0.801063
-0.047710
-0.549022
0.253729
-1.403638
1.002699
0.509610
-1.099733
-0.053927
-0.027298
0.148574
-0.283749
0.369703
-0.279848
-0.342352
0.824795
0.521128
0.134467
-0.184889
-0.785622
-0.256593
-1.066246
-0.158493
0.071209
0.079498
0.340136
-0.105248
-1.019646
0.050808
-0.167644
-0.429057
-0.027779
-0.489181
-0.078607
-0.030180
-0.462156
-0.220505
0.196365
-0.064239
-0.380548
-0.059246
-0.001548
-0.000991
0.229474
-0.203410
0.362294
-0.096175
-0.981263
-0.577698
0.552959
0.524614
0.006440
-0.320719
-0.323945
0.916476
-0.229525
0.508144
0.404799
0.446059
-0.405368
0.336341
0.479537
0.477666
-0.175702
1.843033
-0.103283
-0.296104
0.024516
0.626334
0.112213
-0.198523
0.409003
0.656276
0.960052
0.584407
0.163712
-0.047391
-0.381154
0.648994
0.438022
-0.034155
-0.521134
0.175684
-0.221451
0.103613
0.534487
0.993587
0.417529
-1.347124
0.164702
0.757859
0.117738
0.955966
0.234871
-0.447548
-0.902095
-0.085297
0.350989
-0.213576
0.106900
-0.389296
0.228835
0.550010
-0.677512
0.034699
0.176492
0.645649
0.304143
1.086545
-0.267902
-0.112759
-0.332663
-0.058299
1.465881
0.048349
0.612762
0.381149
0.602217
-0.413451
1.042505
-0.543366
-0.066152
0.266193
-1.041834
0.251300
0.711188
-1.286043
-1.120240
0.762569
0.126644
-0.362340
-0.534359
0.293035
-0.285039
-0.813106
0.738196
-0.796669
-0.416909
-0.295011
0.325959
0.589726
-0.004087
-0.142708
0.654254
-0.366643
-0.247181
0.247980
-0.968198
-0.644017
-0.367851
-0.021073
0.105637
-0.055173
-0.177937
-1.199151
1.077481
-0.805741
-0.270643
-0.148864
-0.435610
-0.968597
-0.528659
0.234018
0.154908
-0.195021
-0.612939
-0.414969
0.513019
-0.461853
0.770812
-0.863253
-0.361785
-0.745750
-0.491990
-0.504248
-0.527343
0.031723
-0.481710
-0.275425
0.034956
0.401126
-0.708354
-0.451285
0.493444
-0.348476
0.089331
-0.371190
0.958935
0.082747
-0.093019
-0.142939
-0.111429
-0.687516
0.287477
0.047138
0.017712
-0.096998
0.738653
0.575130
-0.085781
0.233394
0.657744
0.074465
-0.047052
0.525655
-0.054122
-0.480412
0.553867
0.444716
0.078784
-0.085102
0.200397
0.059929
-0.270165
-0.360516
-0.253152
1.181935
-0.364900
0.118837
