0.518913
0.181225
-0.589889
0.123382
-0.795081
-0.153846
0.690419
-0.020268
0.056937
-0.682828
-0.827455
0.001556
0.286992
-0.386506
-0.268883
-0.288108
0.724782
0.202467
-0.976001
-0.736456
1.194167
0.424548
-0.603848
0.349019
0.788990
0.088670
0.396548
0.361997
0.428979
-0.248155
0.810262
-0.327937
0.084657
-0.350884
-0.326710
-0.827837
1.196885
-0.525828
-1.006976
0.519564
0.648600
-0.827052
-0.265326
-0.532485
1.156714
0.314627
-0.478940
0.662529
0.424291
0.066090
1.219763
-0.205138
0.081725
-0.925064
0.247559
-0.358111
-0.344283
-0.297130
0.258981
-1.610647
0.273793
0.146944
0.237892
-0.040921
0.677247
-0.581235
-0.724905
-0.188408
-0.861490
-0.138225
1.222619
0.187080
-0.141070
0.320381
-0.273330
-0.201073
0.436429
0.285385
-1.145731
-0.543284
-0.363488
0.307460
-0.437933
-0.725161
0.141198
0.156574
-0.301540
-0.758106
-0.599660
-0.421604
0.563948
-0.190945
0.010335
0.415499
-0.088278
-0.475102
0.666053
-0.592562
0.543021
-0.460583
0.107636
0.374940
0.070443
0.702372
-0.131016
0.233263
-0.272480
-0.368356
0.268940
-0.293613
0.058627
0.164700
0.287173
0.233010
-0.660648
0.484327
0.688793
-0.600957
0.195316
-0.515098
-0.112247
0.505152
0.389791
-0.537728
0.210844
0.039955
-0.603233
0.310697
-0.131407
0.553982
0.517931
-0.034891
-0.353088
-0.314167
-0.097242
0.342750
0.232171
0.283148
-0.158881
0.074339
-0.090288
0.079648
-0.939133
-0.442545
0.066014
-0.802685
-0.292341
-0.640184
-0.172091
0.837396
0.827757
0.259306
-0.438044
0.453619
1.020366
0.697210
0.912003
-0.057464
0.161230
0.082448
-0.453484
0.515312
0.126262
-0.087450
-0.549988
0.869822
-0.343926
-0.078401
-0.233771
-0.078732
-0.113045
-0.442581
0.042267
0.428796
-0.478085
0.038312
-0.354112
-0.449084
0.490640
0.124388
0.383399
-0.045848
0.148111
-0.436839
-0.647432
-0.040158
0.492490
0.397690
0.402472
-0.301902
0.341819
0.922148
-0.647123
-0.187496
0.483503
-0.151123
-0.296480
-0.039924
0.141875
-0.187157
-0.791849
-0.395851
0.025919
-0.066566
-0.397827
-0.504659
0.614083
-0.031242
-0.724765
0.054930
0.068486
-0.810688
-0.265625
-0.053177
0.276298
0.277933
-0.718705
0.307306
0.788962
0.267857
-0.228222
0.519533
-0.018491
0.440385
-0.264497
-0.140231
-0.367975
0.008413
-0.476397
0.591991
0.623419
0.011348
-0.525578
0.682011
0.452190
-0.690644
0.398254
0.190596
1.265588
-0.147602
0.277457
0.036904
-0.082874
0.021737
-0.407684
-0.835815
0.381409
0.046512
-0.644364
-0.159151
0.793062
-0.156266
-0.661167
0.803272
-0.069498
0.933848
0.456138
-1.431114
-0.339622
-0.717944
-0.201620
0.347516
0.306125
-0.320161
0.001692
0.553072
0.270057
0.215790
0.360628
-0.286361
-0.291270
0.199033
-0.121320
-0.173516
-0.604366
-0.046522
-0.192844
-0.276311
0.213937
-0.232127
-0.354664
0.202096
-0.639540
0.280752
-0.024893
-0.314825
-0.093710
0.359034
-0.591589
-0.546134
-0.117827
-0.141605
0.355086
0.703950
-0.552481
-0.300634
0.162862
-0.458546
0.077756
-0.411448
-0.285625
-0.604717
-0.059395
0.104673
0.629771
-0.226344
-0.036211
0.424011
1.642765
0.330511
1.236460
-0.063915
0.666785
-0.581195
0.411906
0.270508
-0.408902
0.278646
-0.570504
-0.734026
0.098714
0.663874
-0.141560
-0.020706
0.845287
0.229103
0.159330
-0.541413
0.347322
-0.347663
0.278650
0.370592
0.272293
-0.226159
0.696148
0.084505
0.950182
-0.577040
-1.001420
0.126168
-0.330640
-0.201514
-0.824636
0.092633
0.225508
0.600242
-1.071920
-0.051063
0.396040
-0.050362
0.730096
0.072335
-0.560294
-0.351699
0.702040
0.421752
1.240699
-0.481923
0.061822
-0.050402
-0.923711
0.444334
-0.137623
0.436843
0.010443
0.044922
1.006056
-0.243213
0.966603
0.363691
-0.348827
0.713810
0.166776
-0.247315
0.239030
0.099338
0.169464
-0.421016
-0.223191
0.535998
0.031937
-0.086582
-1.128135
0.247895
-0.002870
-0.288190
0.909222
-0.585068
0.158098
0.325696
-0.343326
-1.050448
0.464835
-0.842724
-0.336562
0.320685
-1.063820
-0.208236
-1.252809
-0.292104
0.759868
0.104239
0.356669
-0.433697
0.743780
-0.121321
0.385958
-0.106172
-0.052797
0.009951
-0.365476
-0.120388
0.810974
0.468847
-0.252955
0.499225
0.141508
-0.422742
0.508420
0.180557
0.951358
-0.351615
-0.414553
0.136549
-0.420425
-0.175734
0.095449
0.134512
0.329205
-0.494487
0.881421
0.484207
-0.161558
0.293833
0.000730
-0.650421
-0.128452
1.053265
0.109641
-0.774065
0.192454
0.387506
-0.837014
0.510332
0.067791
0.183470
1.051369
0.350688
-0.122570
0.133552
0.390359
0.012237
0.128807
0.219837
-0.716207
-0.284521
0.488087
0.363604
0.002099
0.293800
0.203709
-0.200769
0.297765
0.342941
-0.751264
0.188882
-0.759109
-1.060532
-0.448901
-0.198091
-0.307696
0.760581
-0.327319
0.138772
0.383592
-0.016449
0.017123
0.989140
-0.008485
0.013514
-0.520179
-0.107741
0.610589
0.197587
0.101815
0.672684
-0.042795
-0.264628
0.426533
-0.559190
1.127816
-0.886649
-1.499085
0.285045
-0.489187
0.251933
-0.143963
-0.600392
0.175539
-0.315119
0.551945
-0.396976
0.381678
0.601109
-0.426636
0.368389
0.045226
-0.091788
0.103546
-0.222378
-0.784848
-1.141649
-0.001554
0.911617
0.244729
-0.513526
-0.216575
-0.818472
0.458503
-0.171128
-0.533961
-0.301164
0.585764
0.124187
-0.636609
-0.548345
0.142271
0.670223
1.194905
0.603614
-0.561916
-0.023170
-0.328395
0.729069
-0.805499
0.540492
0.094175
-0.844612
0.603075
0.403173
0.890459
0.579346
-0.462859
1.103903
-0.430248
0.325452
-0.314867
-0.874647
-0.621378
0.033205
0.094935
0.945126
0.801137
-0.236447
0.050285
-0.545085
-0.195707
-0.328922
-0.109317
1.202364
-0.173076
0.028507
-0.498387
-0.020863
-0.125082
-0.435849
0.219091
-0.686377
-0.172091
0.053263
-0.087285
0.007914
-0.766507
-0.138943
0.858111
-0.959767
0.657349
0.080374
0.635254
-0.231314
0.701343
0.327517
-0.981836
0.060638
0.946581
1.368147
-0.227995
0.209264
1.033451
-0.901092
0.054093
-0.778933
-0.340732
0.107224
-0.613053
0.076163
-0.159520
-0.003041
0.230248
0.890766
-0.716110
-0.440344
-0.314977
-0.064135
0.095455
-0.766525
0.828978
-0.031953
-0.301536
-0.330584
0.027200
0.347130
-0.688344
0.126425
-0.087308
0.580561
0.179676
-0.507569
-0.910770
-1.332412
0.234231
-0.459408
-0.269746
0.460759
-0.262926
-0.110338
-0.502515
0.721902
0.152540
-0.112356
0.505438
-0.169099
-0.062266
0.560793
-0.316629
-0.607679
-0.916963
0.233805
-0.143900
0.132261
0.315253
-0.406458
0.502701
-0.783786
-1.268976
-0.094046
-0.290777
-0.478684
0.823482
-0.514190
0.515676
-0.119440
-0.206664
-0.118187
-0.174280
0.664181
0.380542
-0.121304
0.269973
0.600253
0.300326
0.036168
-0.266771
0.797358
0.285324
-0.014758
-0.016179
0.413333
-0.003779
0.177082
0.557131
0.143414
0.544993
0.412303
-1.184637
0.912347
0.057530
0.044022
0.277316
-0.476861
0.205591
0.120169
-0.298712
-0.302435
-0.346047
-0.617866
0.237664
-0.056517
0.399744
0.190150
-0.264046
-0.048429
-0.571666
0.786406
-0.736844
-0.741981
-0.670137
0.100939
-0.148928
0.473594
-0.441070
0.237395
0.027429
0.651515
0.100311
0.477719
-0.579083
0.508648
0.590169
0.992553
0.135992
1.028551
0.110186
0.958336
-0.449596
0.328581
0.013752
0.276877
-0.142281
0.219004
-0.501970
-0.038599
0.177127
0.225182
-0.543687
0.883082
0.191691
-0.776081
-0.301027
0.082039
0.504403
-0.201884
-0.646149
0.116931
0.026974
1.049568
0.305781
-0.447288
-0.139981
-0.105437
-0.740586
0.047460
0.457300
-0.298306
-0.228790
-1.239411
-0.233888
0.313791
0.754999
-0.036310
0.055004
-0.072221
0.328494
0.184230
0.516816
0.613214
0.437761
-0.127995
-0.706411
-0.351597
0.375991
0.214356
-0.553248
-0.712245
-0.386094
0.132198
0.728960
0.106195
0.229368
-0.008225
0.560793
0.944408
-0.167353
0.058141
0.228140
-0.684746
0.160968
-0.951098
0.575959
0.625113
0.093326
0.040941
-0.395559
0.289139
1.116696
-0.150767
-0.270054
-0.619752
0.073186
0.579870
0.668138
0.738867
-0.502909
-0.444047
0.679943
-0.397591
-0.218042
0.107826
0.294979
-0.643470
-0.329655
0.056861
0.991576
0.174713
1.149525
-1.112857
-0.794009
-0.033737
-0.541525
-0.647586
0.101802
0.319612
0.279687
0.909145
0.829063
0.045623
-0.133131
-0.283516
0.413473
0.072825
-1.297295
-1.139388
-0.314708
0.291059
-0.160355
-0.170758
-0.516683
0.817317
-0.451874
-1.030312
-0.760531
0.157548
0.197861
0.704567
0.514763
-0.119534
0.330967
0.654590
0.169194
0.193392
-0.231462
-0.014331
-0.127712
0.535487
-0.031881
-0.647553
0.548792
-0.180020
-0.502151
0.373438
-0.538494
0.022804
-0.229477
0.245964
-0.263505
0.609736
-0.290160
-0.405950
-0.717030
0.732768
-0.234270
0.441997
0.324953
-0.485070
0.637805
0.789468
-0.636331
-0.061015
0.140033
0.658348
-0.278978
0.476947
-0.332512
0.623435
-0.067667
-0.280020
-0.241533
-0.465101
0.079741
-0.602667
0.324389
0.042152
0.774508
-0.881563
0.062452
-0.013030
-0.028913
0.325655
0.198875
-0.475320
-0.571021
0.257621
-0.482312
-0.472552
-0.117219
0.779190
-0.397463
0.199874
-0.671352
0.091056
-0.573594
1.058635
0.783147
-0.009578
0.599057
0.510208
-0.200354
0.557930
-0.183731
-0.360776
-0.061951
0.477344
0.088560
0.215024
0.772212
-0.373698
-0.194313
0.122415
-0.624608
-0.306645
-0.255327
1.083472
-0.240972
-0.684589
-0.816626
-0.306862
0.161545
1.524542
-1.164545
0.564005
-0.729817
-0.012709
-0.246120
-0.302183
0.042113
-0.033450
0.025262
-0.446596
0.155686
0.527736
0.711446
-0.197263
0.318715
0.031762
0.504933
-0.543547
0.234914
-0.544815
-0.083068
0.231039
0.347019
-0.298492
-0.571700
-0.860377
0.450297
0.149228
0.388016
0.132500
-0.369218
-0.070496
-0.124922
0.391320
0.119194
0.062971
-0.046068
0.734535
0.473370
-0.280389
0.767586
-0.138130
0.130048
0.657768
-0.068662
-0.050164
-0.276120
-0.172747
0.983053
-0.385726
-0.947953
-0.531881
-0.048374
0.129768
-0.355432
-0.609607
0.810781
-0.797299
-0.010084
0.011566
0.170875
-0.598825
0.409782
-0.033620
-0.553681
0.238181
0.034878
0.006922
0.532125
0.029036
-0.080154
-0.306988
0.033813
-0.332589
0.154030
0.461372
0.541562
-0.299121
0.924573
-0.097446
0.278838
-0.695723
0.436370
0.100304
0.017215
0.807541
-0.903732
0.371009
0.504088
0.407332
-0.046405
-0.098973
-1.100843
0.128767
-0.049756
0.034081
0.339230
0.090605
-0.857076
-0.137339
0.178167
-0.243151
-0.826329
0.748405
-0.085171
0.176876
1.067855
-0.262780
-0.986894
0.065895
0.257711
0.614672
0.389803
-0.874228
-0.101541
-0.207594
-0.344041
-0.799722
-0.247893
-0.640997
0.600880
-0.649560
0.394398
0.057529
0.371200
0.018220
0.245416
-0.391801
-0.695106
0.261862
0.141536
0.139443
0.546409
0.032415
0.094940
-0.076227
-0.266120
-0.344796
-0.751478
-0.721334
0.120009
-0.454709
-0.189924
0.048368
-0.058092
-0.120329
-0.064675
0.210256
0.529760
-0.827162
-0.218550
-0.245055
0.387541
0.112587
0.171581
0.095053
-0.607961
-0.253623
-0.061271
-0.783705
0.218377
-0.050567
0.364086
0.608369
0.040662
-0.047049
-0.256330
0.033373
-0.173940
-0.348879
-0.284751
0.678469
-0.145924
0.548943
0.131319
-0.078836
-0.156103
0.805442
-0.533798
0.177125
0.501286
0.460373
-0.329313
0.663080
-0.205101
0.712814
0.045714
0.336813
0.803470
0.570215
-0.555253
-0.023039
-0.070858
-0.041238
0.486030
-0.059326
0.094524
-0.146260
0.345010
-0.130348
0.127731
0.285626
-0.346130
0.022812
-0.235436
0.082652
-0.153138
-0.720728
0.102903
-0.206425
0.686765
-0.236218
0.148126
-0.473993
0.080220
0.238895
0.499813
-0.066551
0.161170
0.798698
0.176212
-0.708487
0.636068
-1.112717
-0.192230
0.133968
1.065455
0.414677
0.223226
0.066324
-0.921631
-0.410711
0.364632
-0.294399
-0.528204
-0.188084
0.793822
0.524927
-0.321665
0.264042
-0.529680
-1.034940
-0.115427
-0.375972
-0.486763
0.779758
0.337804
0.198790
-0.072356
0.271948
-0.588076
0.513988
-0.055425
0.632531
-0.530775
0.314191
0.365643
-0.276194
0.247163
1.188379
-0.965911
-0.369802
0.122954
-0.372992
0.128713
-0.293723
0.822361
-0.211890
-0.138498
-0.169224
1.135377
-0.626792
-0.315696
0.803634
-0.289529
-0.340341
0.842577
-0.453180
0.192466
-1.000307
0.536969
0.470386
-0.657370
-0.071205
0.436226
0.089943
-0.842626
0.508536
0.921338
0.108662
0.267867
-0.481389
-0.598956
-0.520029
-0.119999
0.277714
0.553868
0.332361
1.214602
0.692860
-0.280783
0.546589
0.230426
0.319218
0.005840
0.004404
-0.383507
-0.085483
0.381373
-0.492455
-1.300929
0.257423
-0.794760
0.135157
-0.105148
-0.860837
-0.779450
-0.993895
-0.881578
-0.809390
-1.422034
-0.859711
-1.036970
-0.817254
-0.147007
-1.192179
-1.043639
-1.265408
-0.498412
-1.197741
0.220595
-0.871110
-0.424318
-0.121982
0.629951
0.151856
0.475081
-0.423366
0.790777
-0.090929
0.916128
0.803223
0.530250
0.224555
0.809657
0.923630
1.010913
0.947678
0.979937
2.297474
0.993954
0.693364
0.608836
-0.037830
0.526876
0.638453
0.061278
0.395412
0.067695
-0.386008
0.997728
0.604396
-0.702843
-0.484037
-0.528055
-0.120925
-0.286296
-0.337991
0.073785
-0.304538
-1.069589
-1.177018
-1.045726
-1.214081
-0.976329
0.383288
-1.560317
-0.477491
0.125356
-0.447605
-0.470341
-0.145690
0.159924
0.243793
0.296845
-0.089696
0.543084
0.247132
0.618048
0.177527
0.283682
0.351853
0.397554
0.652843
-0.333027
1.013936
0.256373
-0.294093
-0.173859
0.480257
0.095534
-0.328012
0.757131
0.208440
0.151272
-0.095560
-0.202507
-0.632878
-0.111708
0.023944
0.721052
-0.307444
-0.492228
-0.216259
0.614936
0.335304
-0.758290
0.051979
-0.320555
1.156738
0.938427
0.238155
-0.179123
0.167579
0.307956
0.317339
0.801002
0.521600
0.377611
0.654749
0.696508
0.840637
0.921239
-0.710557
-0.645264
0.188338
-0.263323
-0.112522
-0.751491
0.429181
0.149426
-1.030201
-1.193778
-0.477662
0.330758
-0.666566
0.106137
0.014967
-1.364178
0.190298
-0.211786
-0.734128
-1.014503
0.379208
0.529046
-0.303730
-0.513963
0.562378
0.650127
0.206376
0.442223
0.291778
0.926030
-0.128247
0.014795
0.462318
0.139185
1.080630
-0.093628
-0.040092
-0.568442
-0.200445
0.763747
0.135331
0.098162
0.930588
0.315877
-0.461755
-0.460974
-0.015106
-0.623026
0.089273
-0.533400
0.211600
-0.462839
-0.545366
0.466145
0.296462
-0.055190
-0.264337
1.012720
0.261160
0.035128
-0.699061
0.274889
0.414864
-0.357247
0.275588
0.828028
-0.819331
-0.264922
-0.189113
0.276217
0.985724
0.542522
0.989301
-1.119523
-0.350542
-0.547166
0.072488
-0.047670
0.293597
-1.137640
-0.361148
-0.526449
-0.082979
-0.074673
-0.572960
0.088327
-0.441250
-1.788514
-0.715212
-0.092968
0.446854
-0.484280
-0.018445
-0.474682
0.439897
-0.018891
0.084636
-0.925371
-0.327356
0.657104
0.344182
-0.312089
0.433927
-0.121140
0.807312
-0.483824
0.273066
0.590459
0.162613
-0.273551
0.321641
-1.270230
-0.969250
-0.117174
-0.450583
-0.640752
-0.053301
0.469623
-0.893595
-0.441501
-1.279893
-0.528879
0.197073
0.031926
0.099910
-0.811969
0.645297
0.371484
-0.657209
-0.321598
-0.122588
0.186855
0.856442
-0.257028
-0.354082
0.406884
0.587872
0.189719
-0.545526
-0.356101
-0.542039
-0.349526
-0.167200
-0.857717
0.535789
-0.471199
-0.099169
-0.137450
-0.061905
-0.475505
0.053177
-0.595061
-0.543089
0.036444
-0.624168
-0.414142
-0.410064
-0.598182
-0.413737
-0.253362
0.639442
-0.965612
0.041356
0.520527
1.051442
0.001481
0.304023
-0.501789
0.538725
-0.213525
1.026009
-0.734759
-0.519823
0.953611
-0.185475
0.189110
0.454600
0.952729
-0.086770
-0.199161
-0.315014
-0.478767
-0.218696
-0.511739
-0.196099
-0.028571
-0.638101
-0.187638
0.731338
1.378008
-0.398677
-0.651159
0.313220
-0.019067
0.359553
-0.146724
0.015917
-0.133388
-0.396738
0.623341
0.812052
-0.156334
-0.168448
0.649123
0.252525
-0.039081
0.234783
-0.395622
-0.101511
0.003481
-0.023057
0.786911
-0.102146
0.315580
0.062744
0.162551
-0.226660
-0.181528
0.599862
0.059870
1.059993
0.513350
0.779538
0.555566
0.026446
-0.297130
-0.135408
0.105154
-0.456884
0.474585
0.466888
0.615435
0.561962
0.351881
0.243363
0.755391
0.311300
0.004508
-0.612873
0.260612
0.089918
-0.550826
0.283024
0.257734
-0.179300
0.141143
0.374479
0.335765
-0.105920
0.142783
1.163930
0.000349
0.563192
0.058949
0.185959
0.029869
-0.136136
-0.279497
0.928373
0.086702
-0.142396
0.482327
0.115090
0.335225
0.136962
0.048296
-0.192239
0.689047
-0.033560
0.718540
0.426652
0.081985
0.044600
-0.278941
0.258033
0.525122
-0.255031
0.162411
0.805947
0.475529
0.213192
0.320590
-0.071048
-0.240855
-0.792140
-0.660270
-0.024824
-0.274540
-0.519881
-0.114938
0.736349
-0.065280
-0.154218
0.386448
-0.107832
-0.663453
0.737392
0.707460
-0.010941
0.651636
0.004781
-0.141274
0.381923
0.121869
-0.204728
-0.444767
-0.103980
-0.291761
-0.871598
-0.854144
-0.684100
-0.455039
-0.967059
0.582214
-0.041798
0.018323
-0.527454
0.249976
0.008891
-0.616845
-0.913297
0.530421
0.998276
1.071347
-0.787731
-0.238758
-0.238013
0.030239
0.172660
0.239720
0.165331
-0.198400
0.018225
0.609945
0.052482
-0.530567
0.218893
-0.353256
0.543735
-0.452073
0.138341
-0.206611
0.642537
0.078547
-1.086556
0.422045
0.821834
0.858862
-0.706524
0.955496
-0.280809
-0.144924
-0.258538
1.156429
0.354119
0.487804
0.746605
-0.048336
0.455125
-0.242999
-0.301890
-0.828902
0.922745
0.444516
0.055933
0.381486
-0.041003
-0.510059
-0.127506
0.248751
0.303712
0.162009
-0.495077
1.050690
0.747641
0.541560
0.497379
-0.167203
-0.407388
-0.192654
0.883670
0.574960
-0.345705
-0.742822
0.020953
0.559766
-0.121125
0.471908
-0.758257
0.418336
-0.104736
-0.105424
-0.027895
0.264144
-0.063201
0.539837
0.318067
-0.810475
-0.473449
-0.251086
-0.444730
-0.263401
-0.410358
0.893514
-0.241398
-0.481105
-0.243819
-0.714023
0.352486
0.055988
0.015133
-0.830113
0.011715
-0.385975
-0.259885
-0.971283
-0.976163
-0.074660
-0.290855
-0.369704
-0.237652
-0.354932
-0.536840
-0.260760
-0.722865
-0.195112
-0.934314
-0.656268
0.008608
0.159090
-0.175975
-0.280391
-0.572509
-0.037430
-0.304877
-0.499070
-0.087743
0.758441
0.863087
-0.179809
-0.383203
0.650794
-0.614199
0.331883
0.158712
-0.387877
0.540664
0.538852
0.015196
-0.148319
0.948212
0.366923
0.175298
-0.378843
0.315325
0.947821
-0.278607
-0.572811
1.032060
-0.649560
-0.674634
0.108598
0.082471
0.812013
-0.977240
0.524662
-0.214218
-0.323000
-0.397422
0.186603
0.430653
0.938544
0.672849
-0.089332
0.059087
-0.650944
0.680747
0.532571
0.666781
0.639084
-0.036248
-0.662730
-0.287307
-0.916809
-0.097600
-0.417412
-0.079712
-0.060346
-0.707060
-0.563204
0.103464
0.611565
-0.639102
0.633347
-0.157514
0.062044
-0.060373
-1.070824
0.431953
1.073557
-0.567676
-0.592549
-0.093869
-1.289387
0.637608
-1.254801
-0.391913
-0.142545
0.017868
-0.238708
-0.780922
-0.381373
0.186815
-0.389119
-0.792286
-0.153192
-0.129894
0.626275
-0.285215
-0.146461
0.418751
0.912198
0.232672
-0.231290
0.239944
-0.598501
0.181339
0.675447
0.471224
0.529163
-0.201385
-0.422068
0.303293
0.581323
0.144236
-0.904435
-0.277862
-0.014642
-0.444974
-0.305091
-0.734860
-0.003795
0.176898
0.618548
-0.581583
0.170136
0.169902
0.274113
0.093961
0.178815
-0.190596
-0.160215
-1.260043
-0.457997
-0.405153
0.247038
-0.748961
-0.596467
0.016647
0.346078
0.466821
-0.906088
-1.127643
0.761708
0.074583
-0.476260
0.369833
0.051884
0.406911
0.130791
-0.300320
-0.323037
-0.004475
0.263573
-0.341260
0.724305
0.273639
-0.617847
-0.333857
1.029159
0.744489
-0.072320
-0.291493
1.116663
0.422789
0.036614
-0.336682
-0.574923
0.323273
0.360382
-0.262376
-0.990885
0.020381
0.232874
0.147951
-0.671871
-0.284877
0.533848
0.717689
0.279506
0.456467
-0.190791
0.227660
-0.701707
0.563520
-0.565012
0.142127
0.190723
0.095505
-0.546413
-0.679107
-0.365157
-0.214104
-0.384472
-1.037733
0.312242
0.707857
0.207223
-0.219523
-0.817758
-0.950290
0.490757
-0.187610
-0.491061
0.532984
-0.694232
-0.012940
0.198110
0.811372
-0.527272
1.354824
-0.805337
0.187271
-0.550484
-0.097701
0.223601
-0.009275
1.140889
-0.217568
0.344702
-0.055822
0.067144
-0.054112
-0.964647
0.358644
0.714519
0.236551
-0.132240
-0.513462
0.190802
-0.512240
-0.114929
-0.602948
-0.396630
0.673392
-0.386163
-0.151955
-0.403499
0.010684
0.019420
0.316288
-0.838820
0.782740
0.202325
0.352681
-0.126771
-0.812327
0.356016
0.596614
-0.344172
0.288080
-0.816856
1.001952
0.165174
-0.274243
-0.245050
0.631605
-0.294875
0.195496
0.063947
0.273928
-0.052004
-0.760689
-0.586084
-0.787043
-0.001592
0.846057
-0.340226
0.471688
0.211195
-0.598504
-0.083325
-0.376342
-0.089802
0.112566
0.596051
0.445888
0.248217
-0.266413
0.291077
-0.467439
0.301740
0.201666
0.181249
0.938562
-0.296482
-0.987864
-0.255628
-0.067521
-0.623328
0.584967
-0.933906
0.718446
-0.138452
-0.028800
-0.194919
0.160011
-0.907247
-0.429308
0.222596
1.006621
0.131471
0.640285
0.086349
-0.323134
-0.073716
-0.591445
0.134170
0.120578
0.081485
-0.426616
-0.296709
-0.027358
0.927087
0.746325
-0.443720
-0.651364
-0.700436
0.620379
0.396598
-0.006136
-0.363195
0.655180
0.057993
-0.892722
-0.140620
0.120841
0.676046
-0.034679
0.153040
0.171999
0.427412
-0.067014
-0.307445
0.196689
0.434573
-0.229801
1.003653
-0.272998
0.156474
-0.717630
-0.491593
-0.124823
-0.374162
0.047879
-0.057961
-0.178501
0.303832
0.386481
-0.667115
-0.388564
-0.130834
0.153127
-0.158086
0.347030
0.294123
0.373008
-0.668633
-0.454154
0.379814
-0.786888
0.366374
0.018457
0.992900
-0.076305
-0.515562
0.960959
0.150766
0.251949
0.600465
0.604151
-1.062602
-0.249229
0.524694
1.080008
0.260627
-0.098651
0.264715
0.537696
-0.102084
-0.368679
-0.310919
0.252681
0.119147
-0.306350
0.199129
-0.436553
1.142927
0.233941
-0.588219
-0.640944
0.120313
-0.172638
-0.131860
-0.702979
0.893637
0.021339
0.886263
-0.572938
0.072201
-0.450607
-1.184172
0.335574
0.576495
-0.409617
0.580588
-0.643716
0.105452
0.953542
-0.392110
-0.172149
-0.190395
-0.048652
0.488168
0.298108
0.431421
0.787592
0.347742
-0.370772
0.299034
0.712809
0.413489
0.766927
0.086178
-0.140599
1.038992
-0.256710
-0.581138
-0.228786
1.379232
-0.319764
0.627458
0.520765
-0.467878
0.017759
-0.081957
0.162688
-0.799849
0.171929
0.185290
-0.584247
-0.193373
-0.014595
-0.848634
-0.037475
-0.942446
-0.047791
-0.146930
0.170321
-0.551504
0.726508
-0.331717
0.448963
-0.305938
0.060481
0.093595
-1.489492
-0.184909
0.142046
0.692483
-0.568731
-0.330062
-0.178305
0.091284
-0.019145
-0.459785
-0.088595
-1.043347
0.471524
0.302610
-0.626298
-0.225871
-0.808730
0.092857
0.930560
0.130509
0.579128
-0.226443
0.318800
0.307571
0.353591
-0.259315
-0.074572
-0.545159
0.151976
-0.748949
-0.091052
-0.720050
-0.396145
-0.412832
-0.162788
0.529555
0.722783
-0.013960
-0.031408
0.492116
0.760667
-0.431682
-0.393342
-0.803237
-0.154415
0.468166
0.244891
0.039287
0.675354
0.199724
-0.417476
1.127159
-0.315010
-0.548005
-1.068021
-0.780397
-0.182702
0.185377
-0.166698
-0.135974
-0.101465
0.475081
0.576649
0.582658
0.072886
-0.293276
0.589891
0.455662
0.033504
0.431580
-0.958964
-0.539276
0.045378
0.335489
0.077634
-0.061493
-0.251023
0.207455
-1.460833
0.412476
0.089445
0.718056
0.136216
0.373507
0.863103
-0.568884
0.824420
0.624549
-1.043831
0.529518
0.521871
-0.226747
0.205304
-0.057395
-0.595445
-0.272465
0.250568
0.354709
-0.115722
0.292536
-0.488840
-0.009238
-0.269107
0.441848
0.762332
-0.481409
0.573092
-0.496018
0.007316
0.270314
-0.189013
0.132222
-0.249931
-0.891012
0.262749
1.325566
-0.095565
0.003452
-0.037310
0.698866
0.675923
-0.862339
-0.510049
-0.636364
-0.824461
0.230644
-0.421224
-0.421708
0.211576
-0.241633
0.292431
0.000150
-1.296865
0.425306
-0.896343
0.448364
0.185466
0.654519
-0.207354
0.365547
-0.145894
0.107410
-0.334258
-0.343951
-0.245248
-0.197013
-0.370965
-0.318877
0.157228
0.153922
0.029460
0.161052
0.492266
0.324593
0.302362
-0.081979
0.236036
-0.419586
0.228913
0.534313
-0.260738
0.142505
0.592997
-0.019836
-0.232973
0.195379
-0.056061
-0.516650
0.489003
-0.062437
0.555882
0.164147
-0.410038
0.001661
-0.151872
0.412728
-0.307211
0.365571
-0.280810
-1.131505
-0.234335
-0.253551
-0.903922
0.863574
0.743295
0.231708
0.425151
-0.038404
-0.457279
-0.309277
0.461885
-0.040142
0.589020
-0.052587
-0.216036
0.246382
-0.302857
0.383835
0.690260
0.106705
-0.196860
-0.155437
0.325310
0.389587
-0.229025
-0.204444
0.459342
-0.377497
-0.096930
-0.087848
-0.683632
-0.349740
-0.109866
-0.148274
-0.824031
0.125770
-0.255551
0.928999
0.240335
-0.092438
0.024619
-0.362431
-0.283577
-0.676430
-0.686455
-0.294327
-0.064988
0.242167
0.733507
-0.490944
-0.108930
0.047071
0.159164
0.212680
0.287189
0.490228
-0.007764
0.620692
-0.449309
-0.746543
-0.643651
-0.183002
-0.076297
-0.362147
0.090584
-0.525290
-0.234247
-0.209864
-0.258887
-0.555984
0.416524
0.364651
0.284808
0.244062
-0.297101
-0.484721
0.580940
0.422408
-1.023290
-0.269742
0.470393
0.671225
-0.332418
0.194052
-0.709159
-0.047486
-0.322994
-0.754073
0.870498
0.666988
-0.062678
0.759517
-0.133197
-1.004657
-0.407826
-0.124954
-0.764082
-0.367214
-0.410386
-0.444665
0.357764
-0.993833
-0.044858
-0.470618
0.133172
0.015184
0.646824
-0.094292
-0.058744
-0.280103
0.352254
-0.432553
-0.106340
1.276584
0.388925
-0.756306
0.554385
-0.782939
-0.675365
0.485280
0.040054
-0.432514
0.064548
0.015824
-0.505341
-0.777334
-0.359778
-0.020199
-0.118773
-0.518947
0.007616
0.497266
-0.250873
0.272892
0.161842
0.923540
0.440174
0.036419
-0.294632
1.453582
0.099949
0.029131
-0.119753
-0.511686
-0.094176
0.283973
-0.697035
-0.540199
0.239693
-0.055064
-0.224327
0.166856
-0.426868
-0.734786
-0.355848
0.335005
-0.096197
0.172979
0.224151
-0.084449
-1.254849
0.494568
-0.373584
-0.343315
1.158502
0.183163
-0.480123
0.512897
-0.147622
-0.134277
-0.518412
-0.525053
-0.303981
-0.304983
0.497600
-0.195918
0.603016
-0.208157
0.421414
0.487347
-0.063213
0.162335
0.094449
0.485639
-0.553005
-0.213640
-0.348429
-0.269575
0.206194
0.759626
-0.153902
0.492824
0.202504
0.126726
0.901211
1.008834
-0.270477
0.232955
0.471814
-1.402416
0.400718
-0.281745
0.142693
-0.390167
-0.684861
0.194791
-0.093006
0.183268
0.736395
0.046238
-0.081991
-0.049648
-0.814617
-0.812045
-0.491300
-0.184632
-0.450514
-0.384198
0.872812
0.449352
-0.131069
0.012135
-0.660186
-0.607120
0.273080
-0.310291
0.744801
0.057035
-0.166318
0.378803
-0.070786
-0.818886
0.335751
-0.774174
-0.508910
0.572549
0.229672
0.750654
-0.974208
-1.211441
0.009773
-0.676271
0.330901
-0.193766
-0.185068
-0.362305
0.000623
-0.899778
0.045167
0.409282
-0.306068
0.248103
-0.423043
-0.682168
-0.880028
0.649259
0.425886
-0.696275
0.590876
-1.017118
0.276481
-0.732320
-0.112391
-0.159089
0.031552
-0.610577
-0.895839
-0.325520
0.003418
0.449372
-1.103763
0.156020
-0.773785
-0.626578
0.216930
0.017144
0.540284
0.430050
0.518047
0.146324
0.664759
-0.001261
0.364288
-0.185783
0.005362
1.059442
0.496907
-0.967663
-0.198385
-0.359407
-0.538037
0.369815
0.686592
-0.239579
0.486559
0.495080
0.636389
-0.011034
0.457931
0.405685
0.736712
-0.133805
-0.328122
0.032776
0.217181
-0.459464
0.078149
-0.261073
-0.747508
-0.133392
-1.348808
0.195968
-0.122920
0.145218
-0.526394
0.483723
-0.405317
0.435673
-0.886778
-0.097665
-0.075616
-0.014458
0.643494
-0.438661
-0.567188
0.319897
0.535048
0.315951
-0.732886
0.487181
-0.031448
0.421583
-0.169076
-1.147935
-0.675451
-0.887055
-0.462576
0.405214
-0.389633
0.428735
0.374368
0.137727
-0.252175
0.678607
0.375252
0.464236
-0.241680
0.082628
0.352106
-0.292461
1.108164
-0.730851
-0.795013
0.294907
-0.869673
-0.046242
0.617845
-0.015645
0.435280
0.438582
0.000028
0.001883
-0.717282
0.020874
0.550348
-0.043228
-0.171587
-0.051099
0.438353
0.310319
0.555959
-0.413768
0.348009
0.394025
-0.072652
-0.306113
0.073225
-0.551037
0.259093
0.048732
-0.025265
-0.457937
-0.154235
-0.745966
-0.137605
-0.812231
-0.049529
0.144690
0.630027
-0.310112
-0.518319
0.282328
0.889578
-0.279475
0.702167
-0.742272
0.019925
-0.169655
0.554109
0.041505
0.029813
0.228334
-0.330991
0.572903
-0.337581
-0.024099
0.205175
-0.261192
-0.446803
0.133380
0.242689
0.175697
-0.236627
0.042111
-0.068197
0.656378
-0.936639
0.742463
-0.092585
-0.177731
-0.659794
0.168695
0.176677
0.404298
0.436089
1.042232
0.196026
-0.378808
0.169946
0.157843
-0.586160
0.024793
-0.337840
0.066268
0.566744
-0.681164
-0.037816
0.125407
-0.454210
-0.108479
0.663972
0.310462
-0.188035
0.501941
0.287307
0.086190
0.987763
0.340394
0.688690
-0.900686
0.176807
0.255570
-0.569523
0.410472
0.522965
-0.250476
0.165415
0.481784
0.765891
0.025014
-0.603782
0.904368
-0.618371
0.244409
0.677658
0.043455
0.488386
-0.039812
0.080269
-0.856810
-0.137189
-0.311708
-0.303916
0.116363
0.152377
0.467518
-0.352580
-0.287900
-0.531892
-0.016884
-0.458403
0.462973
-0.377133
0.341993
0.092068
-0.159012
0.035225
0.061243
0.345030
-0.171671
-0.137466
-0.129663
-0.714365
-0.830402
0.524452
0.020578
-0.171879
0.086151
0.091112
0.803027
-0.081837
-0.093312
-0.533748
0.304474
-0.535720
-0.214669
-0.068036
-0.379827
-0.673420
0.258146
0.195208
0.463417
1.232538
0.656141
0.066081
-0.350874
0.286903
0.650706
-0.415228
-0.047676
0.224252
0.143517
0.905764
-0.076382
0.059432
-0.389832
-0.561307
0.405908
0.042369
1.400519
-0.440464
-0.050931
0.296123
-0.284872
0.300186
-0.637734
-0.639249
-0.673176
0.539035
0.075457
1.032756
-0.088930
0.598912
0.317628
-0.174950
0.216247
-0.820377
-0.313533
-0.992794
-0.288643
0.872144
0.757299
-0.039367
0.700265
-0.033316
-0.912446
0.048089
-0.221939
0.302640
-0.218354
-0.653819
-0.115424
-0.382799
0.506855
0.205591
-0.435989
0.958638
0.181354
-0.415208
-0.475209
-0.036661
0.130666
0.717653
0.390197
0.671488
-0.376012
0.039314
-0.183423
0.173281
-0.402753
-0.188343
-0.272519
0.674476
0.362956
0.115270
0.883227
0.479771
-0.178034
-0.060875
0.366243
-0.785092
-0.386066
-1.060446
-0.501606
0.006250
0.096139
-0.253728
-0.641676
-0.261698
0.282420
1.359561
0.300315
-0.264448
0.265722
-0.237084
0.646041
0.641707
-0.721068
0.486614
0.402149
-0.147648
0.562904
1.087162
0.879179
0.006517
0.559635
-0.481110
-0.322335
-0.811275
-0.148194
-0.713643
-0.244674
0.337582
0.286140
-0.360439
-0.320669
-0.125606
-0.554418
0.110209
-0.272480
0.971788
-0.163410
-0.348601
0.882330
0.101658
0.045697
-0.523930
0.311562
-0.065890
-0.204280
0.052921
-0.115366
-0.312448
0.188960
-0.616458
0.700316
-0.341585
0.971497
0.877923
0.004359
0.360861
-0.183337
-0.431029
-0.409546
-0.331891
-1.020254
-0.232254
0.005911
0.153477
-0.364448
-0.272626
0.037410
-0.496986
-0.431865
-0.558327
0.606772
0.021710
0.636528
-0.250444
-0.820753
0.136500
0.146800
-0.802778
-0.106691
-0.133467
-0.241834
1.208791
0.113908
0.170649
1.094263
-0.546796
0.088942
-0.378214
0.727020
0.018779
0.333233
0.543000
0.134923
0.197632
-0.082086
-0.749838
-0.214115
0.291943
0.502110
1.609012
-0.069709
0.361201
0.326113
0.329433
-0.262227
0.452736
-1.129214
-0.174864
-0.338601
-0.111448
0.164606
-0.284837
-0.900899
-0.289143
0.053505
-0.819147
0.688120
-0.262203
-0.208357
1.292649
0.352840
-0.027031
-0.224865
-0.501386
0.193173
0.353463
-1.054856
0.259012
0.025405
0.408586
-0.051640
1.062898
-0.223688
0.645903
0.108014
0.085840
-1.045381
0.652828
0.546357
0.465236
0.514028
0.294674
-0.390226
-0.372636
0.272765
-0.167875
0.215515
0.006742
0.301665
1.077576
0.216131
-0.798692
0.259275
0.818317
-1.091104
0.082069
0.366647
0.617612
-0.288357
0.169854
0.676515
-0.336409
1.406293
-1.181099
0.466094
0.564518
0.233440
-0.232932
0.364623
0.231106
-0.423526
0.239465
0.549562
0.400893
0.971800
0.699614
0.289801
0.572205
-0.092385
-0.050992
-0.440286
-0.534459
0.148488
0.253124
0.700862
-1.005194
-0.644660
-0.008716
0.895627
0.023137
0.296217
0.088869
0.026414
-0.120192
-0.005942
0.407318
0.222852
-0.409450
-0.242345
-0.120593
0.431227
0.341102
0.108374
0.940738
-0.739722
-0.803615
-0.065498
-0.442039
0.402852
0.156383
0.129115
0.262692
-0.800514
0.038588
-0.084230
-0.347714
-0.267292
0.007368
-0.900945
0.125747
-0.036847
-0.501829
0.061768
0.110023
-0.387222
-0.195280
0.044431
-0.588081
0.686287
-0.311244
-0.323137
-0.855189
0.310471
0.495223
0.220278
-0.316700
-1.307403
0.249276
0.285265
-0.351678
0.536395
-0.270729
0.317484
-0.335578
0.033461
0.524086
0.539582
0.602021
-0.061167
0.750240
0.138482
0.721492
0.488503
-0.846865
-0.098593
-0.207817
-0.564265
-0.307495
-0.296143
-0.174724
-0.101010
0.355754
0.710417
0.352812
0.301887
0.331399
0.271986
-0.039979
0.635831
-0.307455
-0.106701
-0.241189
-0.167905
0.765441
0.390774
0.046727
-0.189709
0.382955
0.384765
-0.110595
0.739179
-0.123931
-0.207115
0.426959
-0.104457
-0.202011
-0.093085
0.869063
-0.394804
0.189637
0.601949
-0.078649
-0.105770
-0.328769
0.468394
-0.144474
-0.569403
0.574447
0.278249
0.121851
-0.119614
-0.630367
-0.433100
-0.604101
-0.352432
0.105610
-0.018593
-0.397346
0.191073
-0.152534
0.637235
0.173775
-0.576339
0.218333
0.047544
0.107063
-0.827552
-0.037928
0.184794
-0.402283
0.354482
-0.179718
0.555034
0.156467
-0.219982
0.341507
0.395297
-0.524290
0.662371
0.325000
-0.313949
0.155640
-0.212234
-0.215175
-0.323415
-0.144187
0.500338
0.025143
-1.073247
0.461430
-0.565341
-0.343922
-0.235289
0.700894
-0.060608
0.814624
-1.081823
-0.194279
-0.249716
-0.511386
-0.103919
-0.442828
0.145044
-0.218221
-0.320493
1.504326
0.609677
0.130569
-0.627428
-0.649597
0.016514
0.343821
0.509965
0.268239
-1.136673
-0.378871
-0.589875
-0.280153
0.427114
-0.905295
0.197788
-0.528763
0.104702
0.331184
0.347150
0.193924
-0.069018
0.803044
-0.147131
-0.240240
-0.748413
0.513904
0.245942
0.160795
-0.360831
0.718845
0.368527
0.004094
0.086940
1.089827
0.244681
-0.446860
-0.772647
-0.459191
0.260627
-0.273927
-1.350410
0.282469
-0.774674
0.940899
-0.068371
0.287933
0.390682
-0.586961
0.897462
0.438686
-0.126231
-0.532230
-0.507134
-0.138740
0.275185
-0.328902
0.479825
-0.224981
0.045078
0.614264
-0.354384
-0.499082
0.062443
0.522632
-0.012175
1.009857
-0.278936
0.387946
0.024671
-0.198931
-0.685380
-0.112344
0.595048
1.238553
0.061447
-0.173840
-0.145270
0.503261
0.109771
-0.128830
0.417657
-0.879777
0.159896
0.217434
0.555014
-0.433494
0.448789
0.007974
1.439661
-0.659204
0.078683
-0.491675
-0.651640
-0.438300
-0.496449
-0.173226
-0.030004
-0.132503
0.317079
0.505922
-0.861772
0.260376
0.550683
0.058403
0.047775
0.189992
0.038795
-0.884989
-0.141553
-0.037333
-0.058047
-0.031952
-0.401341
-0.803564
-0.617853
0.472326
-0.178316
0.130692
0.239132
-0.149788
0.504153
-0.043521
0.202475
0.637516
-0.052443
-0.653486
0.126279
-0.123221
-0.015791
1.049326
-0.147941
-0.614182
0.655647
-0.018801
-0.006301
0.242384
-0.946823
-0.581955
0.013800
0.218838
0.361973
-0.932766
-0.086983
-1.182374
0.440154
0.374114
0.337440
-0.303081
-0.357218
-0.322486
0.506523
0.311865
-0.813899
0.055242
0.057281
-0.530491
-0.406786
-0.055009
-0.083319
-0.508450
0.089804
0.045619
0.106362
0.737484
0.364958
0.377236
0.286544
0.502709
-0.440674
-0.513263
-0.410170
0.002033
0.281309
-0.190119
0.295859
-0.054990
-0.346450
0.015190
0.198577
-0.377273
0.528114
0.256160
0.105946
0.911335
1.065486
0.067908
0.482793
0.600677
-1.084823
-0.416977
-0.057632
0.598034
-0.307523
1.398718
0.107623
-0.651925
0.517150
-0.026349
0.295162
-0.434496
-0.126736
0.986713
-0.565864
0.122481
0.054606
-0.594110
0.937713
0.714556
-0.403022
-0.775017
0.759353
-0.061204
-0.493343
-0.142317
0.250473
-0.474046
-0.317676
-0.208416
0.940065
0.013050
-0.641149
0.940359
0.035348
-0.122580
-0.311035
-0.303563
-0.017508
0.201840
-0.466909
-0.000240
-0.292562
0.454601
-0.868758
0.377151
-0.348306
0.535513
-0.272867
-0.168898
0.218024
-1.259739
-0.855912
0.159204
-0.822525
-0.943584
0.223836
0.348259
0.391604
-0.165136
-0.189602
-0.963477
-0.242217
-0.079928
0.195115
-0.320444
0.311945
0.014799
-0.112945
0.378576
-0.283472
-0.349851
-0.507374
-0.667534
-0.061065
-0.023886
0.059997
0.369962
-0.195164
-0.064883
0.211268
0.173288
0.176619
-0.235438
-0.111046
-0.472925
0.331791
0.081659
0.517685
-0.709890
-0.830394
-0.365666
0.194069
-0.468690
-0.513836
0.184320
0.107044
-0.512443
0.221833
0.215933
-0.675429
0.206158
-0.199058
-0.919364
-1.141499
-0.557676
0.390841
0.580455
-0.323403
0.093565
0.007475
-0.177906
0.899984
0.395200
0.251093
0.334847
-0.081905
0.016205
0.021257
-0.674598
-0.448750
0.280646
0.293181
0.401635
-0.315886
-0.367226
-0.137019
-0.673742
-0.002968
-0.047316
-0.445137
0.501529
0.024454
0.162001
-0.380385
-0.723423
-0.222642
0.046706
0.069292
-0.414901
0.460503
-0.426937
-0.207989
0.100642
0.389365
0.437615
0.175394
-0.024358
-0.046407
-0.168638
0.487089
0.040477
-0.597206
-0.098454
0.067727
-0.008031
-0.275095
0.129887
-1.261043
0.939338
0.316039
0.423898
0.013375
0.133271
0.374373
0.057288
0.432850
-0.119640
-0.242543
0.964602
-0.525491
0.478845
0.099180
-0.323573
0.668698
-0.129779
-0.780325
0.451664
0.041193
-1.341592
0.403882
-0.160163
0.955747
0.253545
-0.302752
0.585847
0.203763
-0.339530
0.590675
1.095768
0.451165
-0.436247
1.465634
-0.505243
-0.162116
0.524316
-0.086911
0.350219
0.011768
0.587571
-0.503594
-0.026140
0.621394
0.601687
0.212890
-0.265040
0.468832
-0.163690
-0.841371
1.291244
-0.556563
0.321344
0.165655
0.044159
0.112958
0.557605
-0.203535
0.701473
0.145647
-0.599255
0.665515
0.652366
-0.131591
-0.181636
-0.076425
0.847266
0.231396
0.260574
-0.506877
-0.585439
-0.204315
0.301084
0.706999
0.702084
-0.398373
0.095491
-0.425709
-0.255763
-0.293762
0.538047
-0.578597
0.379986
-0.418225
0.222353
-0.796804
-0.506801
0.215767
1.070915
-0.072560
0.184676
0.495441
-0.699356
-0.118843
0.051686
0.817366
-0.443015
-0.407766
-1.084947
1.171554
-0.949552
-0.508419
0.708485
-0.340396
1.033795
-0.323284
-0.601153
-0.003513
1.079186
0.704602
-0.595599
0.595386
0.023904
0.924914
-0.499120
-0.738818
-1.543383
-0.064286
-0.194935
-0.096703
-0.435515
0.676628
0.456434
-0.064657
0.047022
0.047098
0.136384
-0.005572
-0.380918
-0.755811
-0.180372
-0.059798
0.339517
-0.170355
0.551762
0.026284
0.100183
-0.409677
-0.161899
0.228153
0.333583
-0.380945
-0.089400
-0.086657
0.855791
0.247944
0.239005
0.387926
-0.146705
-0.763523
0.515971
0.806994
-0.753396
0.509948
0.057399
-0.219015
-0.147299
-0.025986
0.813630
0.156649
-0.265095
-0.163775
0.174733
-0.922716
0.016532
0.023023
-0.849885
0.297410
-0.409549
0.067591
-1.073211
0.026296
0.225956
-0.485652
0.141427
-0.449468
0.310450
-0.310330
-0.387963
0.519381
-0.362533
-0.133473
0.166893
0.061996
0.964119
-0.543734
-0.482571
-0.538656
-0.473530
0.209476
0.493515
0.034506
-1.073057
-0.078269
0.446444
0.049366
0.163872
0.241092
0.311383
-0.209709
0.274449
0.165404
0.310736
0.037082
-0.423394
-0.908037
1.132400
0.243698
-0.643333
-0.147123
-0.471851
-0.101071
0.510370
-0.189634
0.974300
0.824167
-0.000645
1.383595
0.485298
-0.499036
-0.325091
-0.376291
0.778290
0.318582
0.111146
0.007486
1.097699
-0.981377
0.066744
0.107364
0.253794
-0.130984
0.557100
-0.575589
0.434684
0.204161
0.579341
0.259985
0.096501
-0.919685
0.396384
0.305223
-0.131463
1.075984
0.175657
0.365935
-0.519726
-0.021054
0.158499
0.381926
-0.461380
-0.379010
-0.626551
-0.123264
0.161902
-0.643865
-0.077913
-0.053649
0.561080
-0.286645
0.041719
-0.362267
-0.762153
0.410493
0.706043
1.078370
-0.326224
0.024955
0.553162
-0.474178
0.035397
0.280557
-0.206315
1.050290
0.163803
0.113651
0.584473
0.565272
0.383529
0.581862
-0.511866
0.086763
0.510858
-1.034556
-0.429448
-0.281421
-0.834592
0.700644
0.222885
0.042864
0.507918
0.028337
0.021034
0.143280
0.044854
-0.420181
0.260825
0.026908
0.612232
0.166865
1.055841
0.105051
0.729635
0.370515
-0.162990
-0.102356
0.333954
0.497897
0.115816
-0.525126
0.766733
-0.951135
-0.792636
-0.589269
-0.152208
-0.661215
-0.111819
0.356032
-0.208835
-0.686412
-0.247603
-0.542596
0.746341
-1.026412
0.316714
0.562610
-0.294486
-0.731546
0.335140
-0.582721
-0.392896
0.528073
-0.091142
-1.330516
0.175333
-0.141922
-0.006833
-0.679836
-0.312746
-0.042919
-0.397329
0.234874
0.415759
0.334914
-1.011074
-0.680685
-0.218872
0.201900
0.163001
-0.170220
0.084563
0.726941
0.237765
0.214740
0.072481
0.014506
0.161722
0.600748
1.011779
-0.488360
0.705668
0.298408
0.246725
0.064790
0.627167
1.122508
-0.187136
0.109360
0.265245
0.018057
-0.676249
0.401922
-1.046703
0.236068
-0.183343
-0.800647
-0.185276
-0.035639
0.042604
0.409381
-0.070822
