-0.179654
0.485648
-0.490490
0.281806
-0.698362
-0.373308
0.144762
0.656349
-0.520639
0.568929
-0.800084
-0.723160
0.416189
0.410439
0.004294
-0.051255
0.215631
-0.452805
0.027807
0.002567
-0.094250
0.199406
-0.036419
-0.011334
0.111331
-0.140943
0.068773
0.023746
0.712734
-0.243659
0.143025
0.725492
-0.067105
0.080708
0.025441
-0.717030
0.171464
-0.555217
-0.084269
0.074563
-0.090365
0.644205
0.001508
-0.048882
-0.123789
0.044081
-0.634466
-0.806754
0.649125
-0.016609
0.379882
-0.289112
0.083345
0.376297
0.048915
-0.484386
0.309541
-0.189426
0.022595
-0.052106
0.384616
0.068210
-0.106860
-0.721320
-0.250968
-0.164472
0.089619
0.636290
-0.845567
-0.588091
-0.300922
0.465724
0.581441
0.395343
0.243846
-0.483393
0.957211
-0.466506
0.418402
0.267061
-0.761172
0.438823
-0.064837
0.445985
-0.062280
-0.531276
-0.174444
0.375327
-0.301453
1.028875
-0.070664
0.056958
-0.670799
-0.581468
-0.102363
-0.128126
-0.322665
-0.215936
-0.842260
0.313687
-0.169333
0.292807
-0.274002
-0.741320
-0.430368
0.056732
-0.304467
0.225414
0.186227
-0.557395
-0.623194
0.195681
-0.277529
0.422854
-0.861821
-0.132155
0.446133
0.775223
0.268774
0.377194
-0.203483
0.047450
-0.134112
-0.317495
0.437877
0.195413
0.320229
0.569746
-0.610429
-0.288555
-0.429902
0.023049
-0.549657
0.176048
0.185764
0.220028
0.128126
-0.243149
0.082877
-0.263425
0.214941
-0.034962
-0.783975
-0.221955
-0.239002
-0.120536
0.215348
0.072228
0.310025
-0.094689
0.053161
0.021389
0.147799
-0.200147
0.071665
0.679495
1.239215
0.500903
-0.431342
0.058913
0.380668
0.286742
-0.813876
-0.331267
0.042603
0.075320
-0.383335
-0.327560
-0.403266
-0.169803
-0.262811
-0.346648
-0.484153
0.360924
0.391133
0.621472
-0.480404
-0.115903
0.272225
0.278517
-0.437843
1.148400
-0.029804
-0.610580
-0.691925
-0.073014
0.323591
-0.328274
-0.283055
-0.188375
-0.255083
-0.146640
0.352255
-0.417112
-0.040008
-0.011930
0.345874
0.071821
0.352317
-0.026664
0.260302
0.351641
-0.057106
-0.063278
-0.203465
0.393880
-0.062812
0.458791
0.315876
0.403822
0.725734
0.977255
-0.107057
0.352556
-0.013224
-0.547541
0.292765
1.198924
0.642559
0.958618
-0.092537
0.396592
-0.095869
0.183899
-0.215739
-0.289722
-0.270230
0.033535
1.142245
0.501273
0.225297
-0.119010
-1.002480
-0.206916
0.552249
-0.121246
0.143553
0.034809
0.187710
0.421491
0.305092
-0.035956
0.147578
0.403599
0.058638
0.498260
-0.214381
-0.220764
0.138019
-0.136646
0.264163
-0.194838
0.074838
-0.360094
0.055023
-0.731086
-0.201583
0.422488
0.396036
-0.324877
0.061190
-0.053714
0.055914
0.245685
0.283347
-0.206478
-0.119983
0.069315
-0.008616
-0.957992
-0.074288
0.182189
0.125814
-0.276565
-0.112057
0.411130
-0.182890
0.388308
-0.434419
-0.937755
-0.153083
-0.355911
-0.221826
0.348868
0.020546
0.181418
0.194474
0.202316
-0.139010
-0.016555
0.076654
0.175692
-0.161344
-0.546954
-1.129995
-0.452617
0.397775
-0.121267
0.247565
-0.919384
0.942905
0.131505
-0.060588
-0.054730
-0.430232
0.384356
-0.222340
0.465426
0.271158
0.767503
-0.151192
0.269220
0.060346
0.143740
0.588990
0.368916
0.588057
-0.406413
0.644110
-0.335928
0.672309
0.366858
-0.005084
-0.840605
-0.149627
-0.082863
-0.112729
1.277473
0.124916
-0.380000
0.022446
-0.050702
0.130659
-0.726766
-0.592952
-0.658220
0.478101
0.130946
-0.674054
0.151752
0.182993
-0.034340
0.269528
0.551109
-0.192433
-0.095176
0.429622
0.239175
-0.372436
1.029770
-0.484063
0.143253
0.282968
0.845974
0.056247
0.402969
-0.363983
-0.458571
0.185964
-0.148443
-0.069639
0.434026
-0.159871
0.265517
0.676115
-0.156378
-0.007529
0.442485
0.000220
-0.150389
0.033111
-0.562677
0.671628
-0.648304
0.241030
-0.110037
-0.489623
0.310957
-0.142514
-0.103885
-0.186715
-0.177118
-0.171747
-0.217728
1.032341
-0.426658
-0.671430
-0.150107
-0.235429
-0.238793
-0.594736
-0.164551
-0.155396
-0.003558
-0.415029
-0.644058
0.700186
0.566414
-0.330132
-0.344133
-0.164335
-0.783726
0.129704
-0.425779
0.010711
-0.360067
-0.785694
-0.157111
0.243476
-0.059407
0.903451
-0.551723
0.055425
0.514630
-0.548698
0.387724
-0.277599
-0.454824
-0.092463
0.277187
0.430625
-0.219459
-0.208541
-0.383353
-0.070969
-0.179838
-0.012219
-0.053147
1.196029
-0.022987
-0.425003
-0.543974
-0.283172
0.273225
-0.352025
-0.281461
-0.348541
-0.116619
-1.045631
-0.051858
0.159027
1.213785
0.022100
-0.326508
0.069007
0.403682
-0.826131
0.689863
0.525722
0.363982
0.240766
-0.097559
-0.105526
0.108581
-0.153464
0.807171
-0.840895
-0.272029
-0.699096
-0.148206
0.161038
-0.071150
0.390319
0.395789
0.516392
-0.247975
-0.900534
0.124959
0.294425
-0.174839
-0.676305
0.113092
-1.031059
0.126834
0.470645
0.729663
0.064650
-0.485025
0.306053
0.085381
0.957088
0.097766
0.185328
0.068454
-0.446310
0.131638
-0.491661
0.172662
0.109590
-0.532732
0.376144
-0.039843
-0.142724
-0.493653
0.631550
-0.603838
0.563536
0.365040
0.155163
0.770706
0.514420
-0.523894
0.304892
-0.076019
0.085623
0.920525
0.928348
0.144486
-0.701979
0.237520
-0.581974
-0.118675
0.034292
-0.393750
-0.262671
0.488800
-0.091467
0.172406
-0.478187
1.335048
0.332468
-0.202505
0.081023
0.344667
0.076472
0.209558
-0.346558
0.675090
-0.438312
0.445537
-0.332595
-0.187160
0.317265
-0.404627
0.561568
0.443317
-0.448295
0.046150
0.117569
-0.156470
-0.429512
0.367338
-0.378814
0.512771
0.262390
0.603364
0.776376
0.188704
-0.193615
0.170678
-0.128818
0.350803
0.152733
-0.697624
-0.178128
-0.048078
0.646039
-0.420982
0.122636
-0.714387
0.113191
-0.403945
-0.342216
-0.538864
0.579854
-0.023114
-0.120150
-0.237684
-0.261697
0.283342
-0.013082
0.119424
0.203662
-0.454762
-0.821021
-0.081243
0.292446
-0.143468
0.262897
0.131185
0.186771
-0.501270
0.348619
0.802111
-0.693899
-0.251651
-0.400214
-0.466827
0.187763
-0.806099
0.243211
-0.384327
-0.037744
-0.145475
-0.241565
0.183778
-1.169381
-0.111070
0.200328
-0.670126
0.123903
-0.147182
0.208132
-0.351082
-0.166019
0.068993
0.048703
-0.045880
0.017867
-0.315509
-0.387974
0.167210
-0.509948
0.330090
-0.243844
-0.551226
-0.762466
0.132739
-0.097678
-0.179215
-0.227198
-0.047434
-0.490374
-0.010446
0.015560
-0.699409
0.529082
0.041286
0.883568
-0.058056
-0.149885
1.026005
-0.010955
0.260232
-0.645504
-0.412826
-0.496570
-0.952392
0.544133
0.607664
0.567697
0.096602
-0.305782
-0.292841
0.229655
0.076794
0.680232
-0.042932
0.129348
-0.307030
0.486146
-0.120787
-0.115932
-0.006184
-0.103380
0.617610
0.409738
-0.029077
-0.015535
-0.075756
0.347777
1.274323
0.134377
0.135845
-0.212599
0.216154
-0.218291
-0.623880
0.061403
0.812003
0.215830
0.288151
-0.815276
-0.315620
0.289391
-0.239303
0.637583
0.393775
-0.116820
0.281251
-0.211981
-0.072121
-0.005955
-0.166514
-0.254280
-0.234510
-0.832320
-0.507456
0.204542
-0.472004
0.345718
-0.377160
0.562317
-0.497728
0.674858
0.689533
0.559695
0.209128
-0.125163
-0.127406
-0.067266
0.587575
0.399369
0.845292
0.248966
0.991522
-0.549994
0.249992
0.063498
-0.294532
-0.763357
0.122671
-0.107944
-0.163448
-1.529253
0.432394
-0.587417
0.308881
0.274650
0.314949
-0.005538
-0.388479
0.559162
0.464091
-0.611180
0.174474
-0.064462
-0.168330
-0.097990
0.119717
0.273743
0.002126
-0.349885
-0.167683
-0.018195
0.282827
0.467714
0.113998
-0.107894
0.304232
0.858661
-0.062096
-0.291585
-0.055947
-0.401812
-0.074522
-0.778293
-0.935739
0.248254
0.253394
-0.032706
0.049361
-0.324865
-0.467119
0.281966
-0.347894
-0.377014
0.158424
0.430792
0.156310
0.095185
-1.055189
-0.210005
-0.071139
0.357049
-0.544366
0.128286
0.064641
-0.139105
-0.116452
0.155378
0.358317
-0.206813
0.593797
0.487798
-0.375441
-0.260475
0.545336
0.688083
-0.567066
-0.053430
-0.064346
0.243683
0.489527
0.268122
-0.145621
0.000604
-0.062313
-0.027637
0.192049
0.673121
0.039345
0.269671
0.138634
-0.033228
-0.240656
0.762620
-0.029397
0.112972
-0.475321
0.293553
0.755762
0.037297
-0.186159
-0.408861
-0.253162
-0.226528
0.242471
-0.182995
0.242671
-0.538015
0.096330
-0.559623
0.489749
-0.239538
-0.272603
-0.177963
0.048290
0.007430
0.415607
-0.245243
-0.436984
-0.064426
0.918416
-0.014812
-0.229415
-0.112445
-0.103671
0.108553
1.049964
0.273753
-0.716476
-0.460797
-0.096115
0.064027
0.014218
-0.366390
-0.531072
0.528815
-1.289512
-0.226128
-0.849450
0.085866
0.166374
0.400214
0.759694
-0.165730
-0.244405
0.329908
1.004479
0.023606
0.682206
-0.168726
0.293219
-0.874834
0.301415
-0.550453
0.297522
0.114561
-0.651508
-0.578274
-1.097793
-0.193261
0.042611
-0.319964
-0.353788
0.132715
-0.411365
0.171983
0.376101
0.115023
0.167208
-0.179093
-0.430558
-0.267400
0.433765
-0.680799
-0.773816
-0.760653
-0.165894
-0.378133
-0.322421
0.387325
-1.017620
0.288667
-0.220112
-0.199145
-0.596257
-0.128783
1.405250
-0.255610
-0.257731
0.017520
0.148216
-0.175640
0.361055
0.700621
-0.068453
-0.636895
-1.071245
0.355823
0.676779
-0.075870
-0.476571
0.376252
0.369743
-0.359512
0.062085
-0.726656
-0.224427
-0.620046
0.156212
-0.264740
-0.393148
0.215284
0.333491
-0.684037
1.315386
0.507006
-0.092953
0.250212
0.078764
-0.228178
0.151293
-0.335195
-0.141149
-0.287944
-0.287297
0.054569
-0.615039
0.298425
0.393196
0.024307
0.294557
0.243108
0.278858
-0.299075
-0.772782
0.511696
0.054169
-0.857292
-0.688759
-0.562328
-0.264749
0.354131
0.643030
-0.772239
-0.664070
0.409291
-0.431974
0.292753
0.031482
-0.224479
-0.812519
0.108062
-0.170051
-0.547216
0.325907
0.396782
0.249939
0.218644
-0.060285
0.119515
0.382718
0.133983
0.335214
0.245086
-0.231648
0.130786
0.084979
0.221929
-0.060273
-0.473732
-0.527929
0.252801
0.266767
-0.500570
-0.576513
-0.397444
0.126245
0.595974
0.991581
-0.513553
1.024345
-1.151021
0.242889
-0.452373
-0.307782
0.608467
-0.050675
-0.910978
-0.189032
-0.367171
-0.534048
-0.000889
0.031428
0.258178
0.607580
0.746500
-0.247081
0.014830
-0.157421
0.622249
-0.129307
-0.133945
-0.333352
0.683692
-0.152046
0.157644
-0.265242
-0.002459
-0.540809
0.005365
0.233629
-1.472079
-0.345669
-0.138069
-0.449598
0.150908
-0.227827
-0.291739
0.067287
-0.198533
0.606317
-0.286598
0.246756
0.207721
-0.397484
-0.402765
-1.414986
0.158192
0.540835
-0.594635
-0.657877
-0.524962
-0.467531
0.530737
-0.237460
-0.198977
-0.197662
-0.755167
-0.112381
0.172631
-0.430987
-0.164726
0.401322
0.213424
0.063292
-0.580761
0.631317
-0.138182
-0.003327
0.246232
-0.381388
-0.229729
-0.032596
0.082603
-0.242113
0.624514
0.198152
-0.500581
-0.432858
-0.682404
-0.398907
-0.510793
0.650926
0.047198
0.343766
-0.231904
0.554072
-0.162165
0.931642
-0.438619
-1.165994
-0.281575
-0.185580
0.425140
0.399904
-0.353126
0.113608
0.581971
-0.157923
0.104525
-0.019719
0.567846
0.534008
1.231062
0.452568
-0.356737
0.147766
0.493151
0.727509
-0.139482
0.373767
-0.431597
0.312919
-0.011866
-0.640225
0.438798
0.253001
0.131236
0.339833
0.424855
0.290389
0.316036
-0.306323
-0.201417
0.554954
-0.193362
0.547549
0.024274
0.134623
0.030865
0.319582
0.829393
0.255352
0.748541
0.165110
-0.073000
-0.258719
0.505402
0.575726
-1.021657
0.016278
-0.133447
0.892925
0.389327
0.003423
-0.409728
-0.197747
-0.093069
0.678036
-0.038368
-0.132990
0.247353
0.977258
-0.060307
-0.189827
0.278053
-0.074260
-0.038587
-0.870953
-0.174761
0.222502
0.228935
0.109242
-0.270258
-0.115107
-0.773790
0.199890
0.178956
0.316698
0.495097
0.489909
0.416802
-0.038419
-0.219834
0.509347
1.096531
0.077615
-0.501818
-0.043038
0.008595
-0.452139
-0.502303
-0.474990
-0.924140
0.654444
0.113715
-0.307502
-0.291666
-0.641172
0.178597
0.165919
-0.340168
-0.038418
0.625934
0.345777
0.240364
-0.021542
-0.357070
-0.805007
0.560960
0.623095
0.104276
-0.309284
0.806307
-0.309535
0.411950
0.151462
-0.497001
0.160318
0.071561
-0.297978
0.106124
-0.136487
-0.321293
-0.297847
0.880714
-0.616177
0.476278
-0.796497
0.647847
0.554629
0.068447
-0.065739
-0.015773
-0.972514
0.783879
0.788953
0.557022
-0.474499
-0.235042
-0.377621
-0.231141
-0.811974
0.480395
0.467437
-0.179913
0.435516
-0.748330
-0.371294
0.022189
-0.103182
-0.174798
-0.503070
-0.073223
-0.205572
-0.349673
0.491832
-0.012837
0.472648
-0.393664
0.121468
0.334992
0.333101
0.173213
0.025206
-0.831475
0.343299
0.300580
-0.014519
0.070434
0.331895
-0.607038
-0.400419
0.148033
0.552953
0.277259
-0.311435
-0.575528
0.258761
0.197806
-0.854826
-0.496569
0.154662
-0.095126
-0.008298
-0.074900
0.643804
-0.506954
-0.616958
-0.898641
-0.713201
0.421304
-0.025510
-0.361182
0.630033
-0.305639
0.291550
0.320138
-0.184734
0.673574
-0.324580
0.235806
-0.091337
0.533209
-0.083773
-0.015082
0.024320
-0.488457
0.330589
-0.209934
0.244283
0.149082
-0.385896
0.013440
0.051290
0.179162
0.495686
-0.022069
0.648226
-0.140572
0.209137
0.580804
0.214345
-0.144370
-1.054753
-0.259805
-0.212116
0.068346
0.962432
0.372668
0.458234
0.902526
0.101426
0.302192
0.617369
0.151785
0.448920
0.340231
0.536379
0.514523
0.143641
-0.173974
1.044692
0.231608
-0.071130
0.199144
0.032001
-0.237469
0.455915
0.612325
-0.123208
0.180784
-0.220531
-0.230962
-0.294939
-0.103695
-0.739355
-0.848128
-1.141908
-1.395668
-0.719767
-0.623054
-0.987823
-0.136257
-0.071397
-0.549041
-0.284408
-0.423309
-0.174375
-0.872770
-1.281406
-0.432958
0.068557
-0.382155
0.818396
-0.279130
0.570759
0.206729
0.267014
0.275326
0.176356
1.237511
0.615982
0.679173
0.940719
1.596773
0.751157
0.049547
1.113943
1.203727
1.517902
0.752345
0.567580
1.191763
0.093494
0.758211
-0.234617
-0.081044
-0.432990
0.186849
-0.062353
-0.486666
0.567102
-0.576636
0.276508
0.232311
-0.660147
-0.065932
-0.854550
-1.016206
-0.249899
-0.296260
0.254121
-0.636067
-0.896465
-0.204219
-0.548712
-0.197739
-0.282710
-1.363594
-0.655742
0.037931
0.302200
0.823300
0.625543
-0.008268
0.410493
0.932621
-0.144717
-0.023000
0.342204
0.665905
0.148595
-0.193688
0.212107
-0.266436
0.621436
0.711994
0.350479
0.396746
0.791672
-0.846472
0.395406
-0.404974
-0.232945
-0.176347
-0.619151
-0.318023
0.380519
0.008787
-0.425724
-0.146762
-0.373836
-0.520403
0.349214
-0.146662
-0.376402
0.034920
-0.626075
0.583146
-0.206272
0.292597
-0.418192
0.085344
0.133569
1.190809
0.745431
0.106463
0.594254
0.409244
0.760663
0.023239
0.410733
0.279363
0.082755
-0.408984
1.211490
0.087754
0.639043
0.231835
0.315769
-0.672093
-0.541781
-0.957013
0.631404
-0.016952
0.108037
-0.314325
0.083120
0.981915
0.821993
0.308900
-0.639946
-0.384763
0.309713
-0.392622
-0.017413
0.645870
-0.148803
0.090567
-0.286694
-0.421246
-0.532656
0.297524
0.033077
-0.162486
-0.645473
0.251881
-0.002229
0.312135
-0.083609
0.491966
0.105758
0.645965
-0.174842
0.660345
0.390533
-0.291909
0.276409
-0.058084
0.216991
0.397091
0.632267
-0.187250
-0.817074
0.478833
-0.386609
0.296558
0.880830
0.619938
1.109392
0.414469
0.376163
0.470231
0.198929
0.274278
-0.337644
0.165895
0.414879
-0.600455
-0.092229
0.467034
0.326605
0.133759
-0.316686
-0.088213
-0.434139
0.405266
0.228364
0.709384
-0.127784
0.010757
0.088787
0.376157
-0.710194
0.459558
0.351147
0.004836
-0.035342
-0.157527
-0.821591
0.409313
0.365250
0.811228
0.245096
0.532739
0.596043
-0.134469
-0.166612
-0.254726
0.214049
-0.271197
0.547491
-0.096533
0.210034
0.280117
0.509497
0.439372
0.462077
1.057840
-0.199035
0.199775
-0.280663
-0.054688
-0.748362
-0.427977
-0.733583
-0.028569
-0.271411
0.063479
0.327509
0.039141
-0.486783
-0.086567
0.702706
-0.600687
-0.280470
0.630304
-0.721921
-0.302567
0.069036
-0.267409
-0.005266
0.098738
-0.727171
0.288553
0.536508
-0.592032
0.679241
-0.212524
-0.523706
-0.084478
0.078728
-0.640570
-0.296511
0.591115
0.187771
0.154516
-0.321896
-0.347146
0.510689
0.344964
0.051024
0.246112
0.731630
-0.791363
0.063825
0.145193
0.023263
-0.704603
-0.673073
-0.047259
-1.075179
0.015183
-0.059115
0.633388
-0.280655
0.161857
-0.118543
-0.610446
0.165519
0.125540
-0.637381
-0.405721
-0.337644
0.079556
-0.546828
-0.292659
-0.675560
0.449978
-0.225120
0.043878
0.300446
0.265956
-0.997446
-0.328021
0.534202
0.017684
0.298694
-0.635616
-0.430758
-0.158794
0.810509
0.027086
-0.586707
-0.080782
-0.232092
-0.197931
0.493314
-0.852983
-0.460609
0.537339
0.028014
0.246809
-0.504546
-0.192605
0.503588
-1.068937
0.831150
-0.872589
-0.111229
-0.114279
0.143127
0.082939
0.294190
-0.616281
0.306398
-0.282741
0.250127
0.156930
-0.229830
0.509229
0.512822
-0.311419
0.509355
0.004748
0.053676
-0.206194
0.562565
-0.195308
-0.292477
0.121283
-0.926312
-0.072420
-0.024205
0.157642
-0.431955
-0.277476
-0.496283
0.355120
-0.440140
-0.430973
-0.453562
-0.984818
0.259909
0.371620
-0.124443
0.369121
-0.225745
-0.675901
0.293859
-0.107058
0.151845
0.073038
-0.178662
0.633473
0.678339
0.252701
0.547324
-0.426073
0.575024
0.146029
0.373284
-0.229623
-0.140359
-0.241212
0.261090
0.050364
-0.029277
-0.442082
0.145063
-0.134283
-0.628062
-0.471888
-0.186287
-0.297715
0.881560
-0.022276
-0.175005
-0.353828
-0.191348
-0.199014
0.238762
0.025991
-0.413755
0.090032
-0.544141
0.349745
-0.405228
-0.108010
0.023952
0.052240
0.139111
-0.966647
-0.509617
-0.204391
-0.552488
-0.977527
-0.194901
0.172323
-0.417892
-0.357359
0.316650
0.489916
-0.332011
-0.199373
0.081944
-0.204256
-0.646059
0.483950
-0.556797
0.496435
0.338277
-0.420927
0.265372
0.118953
0.150436
0.405724
-0.022566
0.257013
0.223685
-0.196258
0.322410
-0.266426
0.199656
0.338401
0.512666
0.942942
0.384120
-0.029355
-0.129181
-0.048067
0.141061
0.659978
-0.532711
0.229669
-0.076294
-0.756267
0.906380
0.503220
0.076802
0.234265
-0.000587
-0.568515
-0.273222
-0.493639
-0.481016
-0.220437
0.557320
0.318545
0.211582
-0.154713
-0.496829
-0.609742
-0.563359
0.022655
-0.321002
0.049040
-0.087929
0.267604
-0.311854
0.214378
-0.373596
-0.205376
0.481747
-0.032949
-0.229519
-0.289319
-0.039421
0.087150
0.413313
0.472060
0.032505
0.693117
0.398887
-0.209267
-0.250536
-0.055115
-0.113817
0.422687
-0.317556
0.321378
-0.000982
-0.093273
-0.405162
-0.517411
-0.319874
0.818152
0.282451
-0.817601
-0.751736
-0.117446
-0.600579
0.821349
-0.454354
-0.467319
0.298946
0.074466
-0.684587
-0.669222
0.522581
0.520411
-0.565983
0.253859
0.631356
-0.190987
-0.513244
-0.041918
0.483041
0.345454
0.235029
0.352150
-0.455313
0.802532
-0.688775
0.804257
0.018214
-0.440787
0.293184
0.879813
-0.470770
0.065189
0.289276
-0.928178
0.006700
0.156283
0.699099
0.121209
0.344624
0.653742
-0.567733
0.126223
0.046860
-0.341365
-1.081611
0.067437
-0.710066
0.466757
0.344467
-0.533895
0.136967
-0.322706
0.345664
0.044817
0.373918
0.182037
-0.013440
0.161008
0.071128
-0.366458
-0.613483
-0.102707
0.301094
0.179044
-0.391074
-0.699131
-0.602793
0.011903
-0.354586
-0.967854
-0.221058
-0.537613
-0.727669
-0.008412
-0.113408
0.385017
-0.348398
-0.629196
0.431011
-0.014674
0.556284
-0.134545
-0.482912
0.118459
0.400427
0.314587
-0.015734
-0.062079
0.541638
0.540999
-0.495713
0.401024
1.037533
0.034961
-1.318410
0.620994
-0.502041
0.963970
0.138244
-0.427627
1.199389
-0.131762
-0.189475
0.257435
-0.411522
-0.490781
-0.577318
-0.017422
-0.015176
-0.024105
0.411309
-0.252367
0.483493
0.207087
0.482775
-0.324851
0.436471
0.035069
-0.163039
-0.337250
-0.393252
0.491311
0.399448
0.020621
-0.171287
0.252974
-0.204131
0.375155
-0.302177
0.276312
0.045543
-0.047323
0.287249
-0.173603
-0.452695
-0.281957
-0.159206
-0.088265
-0.378091
-0.007346
0.446565
0.014368
-0.814359
-0.514802
-0.597961
-0.291651
0.687106
0.183483
0.401255
0.393477
0.109638
-0.617706
-0.438972
-0.365524
-0.135584
-0.862183
-0.184167
0.379833
-0.343663
-0.095378
-0.304283
-0.465629
-0.862938
-0.560937
-0.310729
0.245892
0.631668
0.732712
-0.452344
-0.174288
0.442137
0.366998
-0.142896
-0.732686
0.652649
0.588145
0.148640
-0.237231
0.612899
-0.173739
0.065583
-0.475368
0.143350
-0.347467
0.134321
-0.853600
0.397907
0.172731
0.904005
-0.105365
-0.160344
0.204719
0.108256
0.201878
-0.097825
-0.262139
-1.160475
-0.310972
-0.128938
-0.596245
-0.566882
0.302992
0.861331
0.363271
-0.060419
-0.191719
0.058927
-0.489758
-0.745795
0.994226
0.402438
-0.039958
0.040163
0.239300
-0.167487
-0.035581
-0.468240
-0.100988
-0.147540
0.667872
-0.165789
-1.034837
-0.114635
0.408102
0.376922
0.412093
-0.603602
-0.341352
-1.017585
0.347470
0.255949
0.403248
-0.539829
-0.620037
-0.081354
-0.129872
-0.203857
0.374343
-0.543156
-0.635339
-0.205520
-0.638750
0.193832
-0.069249
0.641975
0.281438
-0.365446
-0.569420
-0.599127
-0.228309
0.547755
-0.885848
-0.780332
-0.332350
-0.583458
0.357302
-0.674571
-0.038000
-0.425621
-0.439016
0.106678
0.064062
-0.301476
0.497721
0.082866
-0.162226
0.232400
0.935304
0.204764
1.013954
0.164798
0.633854
-0.864530
-0.102562
0.254096
0.337612
-0.146285
0.270558
0.304146
0.243631
-0.463277
-0.288474
0.088981
-0.062057
0.006495
0.650590
-0.359914
-0.185958
-0.062753
0.397243
0.149989
0.383969
0.853172
0.689966
0.610949
0.611134
-0.118081
0.365119
0.882834
0.594910
-0.353767
-0.216569
-0.360375
-0.586853
0.756999
-0.010967
0.359861
0.304855
0.698465
-0.356146
-0.219202
0.212989
0.053826
-0.168480
-0.715670
-0.113070
0.365207
-0.398610
-0.514320
0.255174
0.198687
0.738052
-0.454678
0.286354
-0.224232
0.314406
0.759207
-0.478906
-0.124152
-0.055550
0.299011
-0.035764
-0.018531
0.886988
0.505489
-0.579680
-0.374104
-0.002041
0.108315
-0.293170
0.181134
-0.392180
-0.571115
-0.170442
-0.412377
0.686114
-0.532910
-0.210247
-0.422462
0.524317
0.468103
-0.043522
-0.549345
0.162053
0.272530
-0.314405
-1.314923
-0.075501
0.617506
0.030926
-0.098537
-0.129819
-1.372054
-0.588302
-0.510049
0.100178
-0.002208
-0.526917
0.413166
0.065233
0.308414
-0.375779
-0.467626
0.743041
-0.683249
0.200152
-0.009919
-0.095400
-0.056460
0.613879
-0.379516
0.042008
-0.259485
0.215040
0.285992
-0.193416
1.092120
0.021196
-0.084477
0.632510
1.258814
0.348153
0.926972
-0.388442
-0.265652
-0.555642
0.368601
0.614327
-0.437047
-0.147764
0.316806
-0.585795
0.006269
0.286346
-0.279076
0.165930
-0.068216
-0.071185
0.303901
0.093687
-0.770041
-0.389022
-0.102793
-1.243391
0.565167
0.378320
-0.125462
0.521807
0.565107
-0.939405
0.343275
0.079571
-0.914874
-0.868459
-0.151476
-0.131765
-0.595402
0.116613
-0.382709
-0.112656
0.011193
0.142474
0.244113
-0.044953
-0.505016
0.121331
-0.467167
0.018003
-0.033619
0.326418
0.626312
-0.153639
-0.224475
0.298887
0.119880
-0.058949
-0.100381
0.160650
0.611436
-0.412603
-0.619901
0.225662
-0.389290
-0.432541
0.170312
0.295687
-0.018359
0.520137
0.118166
-0.511744
-0.106391
-0.704979
-0.055788
-0.036650
0.080742
0.623352
0.550418
-0.204867
0.516362
0.754706
-0.561830
-0.505714
-0.272597
-0.016025
0.708008
0.153119
0.073652
0.429484
-0.253892
0.113895
0.090853
-0.161539
-0.186955
0.028247
-0.385311
-0.225162
-0.241626
-0.266349
-0.366941
-0.105548
-0.755153
-0.255225
0.164953
-0.155953
-0.608793
0.745544
0.271156
-0.980205
0.211072
0.102906
-0.284027
0.358109
-1.017920
-0.155484
-0.008172
0.312084
-0.311711
0.017928
-0.696260
0.509830
-0.064243
-0.404677
-0.076834
-0.130763
0.131935
0.289277
1.097267
0.166502
0.263267
-0.551106
0.690426
0.049863
0.268227
0.334497
0.827688
-0.477656
-0.479154
0.191286
0.315007
0.108254
-0.427624
-0.023608
0.102595
0.407370
0.467685
-0.255086
-0.836261
0.528328
-0.994379
-0.092107
0.138119
-0.297677
-0.679934
0.949173
0.427914
-0.117273
-0.173017
-0.513296
-0.427050
0.344260
0.419153
0.106163
-0.480674
0.507249
-0.081109
0.081935
-0.482076
0.282185
0.393338
-0.476742
-0.106346
0.498162
-0.053560
-0.373611
0.315180
0.514243
-1.067765
-0.714783
-0.354566
-0.260632
-0.450169
-0.011887
-0.090247
0.201295
-0.253624
-0.033348
-0.077711
-0.093360
0.342285
0.288065
-0.020790
-0.158368
0.221399
0.480347
-0.617595
-0.435801
-0.526345
0.221999
-0.544081
-0.199436
-0.916857
0.497744
0.713330
-0.177383
-0.118579
0.428189
0.005385
0.489985
-0.228121
-0.909143
-0.870968
-0.043689
0.422374
-0.019609
-0.220701
-0.410712
0.100688
-0.326879
-0.108151
0.731202
0.144725
-0.428622
-0.524812
0.550989
1.119890
0.220530
0.017966
0.164327
-0.274553
0.195698
0.315272
-0.329008
-0.020350
0.403632
0.261921
0.173375
0.209193
0.574021
-0.000368
0.640346
-0.125723
0.175668
-0.383783
0.321320
0.047887
-0.346186
-0.151864
0.095946
0.115239
0.475737
0.143870
0.772838
-0.040190
0.216123
-0.083493
0.145637
-0.329311
-0.107834
0.017312
0.100764
0.464057
0.094762
1.313100
0.418616
-0.330752
0.870574
-0.188746
-1.198761
-0.158632
0.245866
-0.170164
-0.491807
-0.450043
0.212666
-0.002949
-0.291871
-0.117005
0.038387
0.123604
-0.493190
0.143413
-0.473791
0.812345
0.116343
-0.639656
-0.218825
0.288418
0.861265
0.520124
-0.311690
-0.159160
0.177876
0.092885
-0.192487
0.359223
0.112375
0.071700
-0.035341
-0.732806
-0.045290
-0.533784
0.429739
-0.564886
-0.332292
-0.534543
0.112852
0.359588
0.106744
-0.793472
-0.299179
-0.207215
-1.251911
-0.040185
-0.203383
0.328253
-0.355541
0.377719
0.355622
-0.537091
0.419262
0.433864
0.396429
-0.463188
-0.046993
0.379814
-0.199367
0.112321
-0.132720
-0.311081
0.599034
0.209915
0.050117
0.364040
-0.056072
0.032205
0.311332
0.042170
0.340063
-0.100177
0.092862
-0.408059
0.330397
0.652701
0.411407
-0.954630
0.325578
0.462032
-0.025235
0.978582
-0.303500
0.514032
-0.652541
0.314950
0.672925
0.952960
0.074521
-0.320848
-0.666812
0.198374
0.103105
-0.105854
-0.080471
1.112527
-0.164778
0.224045
-0.405500
1.061319
0.034734
0.809210
-0.138065
0.146307
-0.104457
0.246736
-0.088499
0.001797
-0.473348
-0.068670
0.090816
-0.497744
0.612282
0.533884
0.035415
0.275864
0.395467
-0.224531
-0.521436
0.337386
-0.265678
0.408283
-0.248075
-0.449705
0.348346
-0.078318
-0.061200
0.094062
0.813036
0.388948
0.133026
0.174201
0.288539
0.068707
-0.302008
-0.537078
-0.117588
0.155553
0.098237
0.648822
-0.538069
-0.346403
0.181691
0.124575
0.198324
-0.365420
-0.754926
-0.128109
-0.768029
0.612726
0.026110
0.308581
0.179889
-0.084120
1.010605
-0.123001
0.058682
-0.622284
-0.343468
0.111948
-0.547517
-0.708021
-0.178331
-0.337793
0.628991
-0.273944
0.159744
-0.078913
0.509731
-0.194774
1.079837
0.240613
0.021994
-0.173553
0.412193
-0.144519
0.373633
-0.206054
-0.056247
-0.319634
0.078397
-0.018387
0.185809
-0.231634
0.580241
0.443145
0.078901
-0.351822
-0.131451
-0.807674
-0.180003
0.163703
0.537379
0.683718
0.056228
-0.118850
0.308679
0.096047
-0.097686
0.176526
1.533315
-0.042334
0.888769
0.171917
0.332591
-0.372131
-0.921407
-0.501951
-0.338749
0.295759
-0.535333
-0.316444
0.526701
0.736490
-0.619992
-0.475446
0.022727
0.569120
-0.149507
0.115557
-0.364854
-0.574407
0.497441
0.363177
0.725996
0.442134
-0.398701
-0.191659
0.307346
-0.970057
0.044952
0.386467
-0.383888
0.061696
0.603521
-0.884238
0.490725
-0.012767
-0.508578
-0.266471
0.027625
0.726172
0.336235
-0.142204
-0.199949
-0.196177
0.080465
-0.325868
0.818885
-0.344382
0.231878
0.212298
-0.034604
-0.319507
-0.445690
-0.222192
0.894639
0.102556
-0.007330
0.212584
-0.060057
0.511565
0.812015
-0.416129
0.003967
-0.566477
0.575110
0.174374
-0.391567
0.815456
-0.023433
0.476738
0.390706
-0.005867
0.233750
-0.277479
1.162232
-0.258497
0.230266
0.106930
0.043870
0.527480
-0.084422
0.149816
-0.113140
-0.233331
-0.426918
-0.369253
-0.004743
0.114573
-0.826349
0.326609
0.223446
-0.429612
-0.192910
-0.957874
-0.361544
0.288250
-0.928600
-0.146994
-0.112376
0.344120
0.027224
0.071319
-0.212827
-0.591324
0.520566
0.386558
-0.798565
0.141810
0.489141
0.042570
-0.647830
0.198018
0.222789
0.006464
-0.176357
0.216305
0.299213
-0.635723
-0.021599
-0.029646
0.607941
-0.244564
0.351069
-0.058356
-0.108700
-0.803884
0.237681
0.636361
-1.244650
0.161930
0.218890
-0.336298
0.534349
-0.106843
0.167931
-1.082549
-1.037783
-0.110087
-0.020569
0.579393
0.373286
-0.171144
0.161053
-0.191990
0.440552
0.088952
-0.635019
-0.479607
0.182776
0.182482
0.955145
-0.211802
-0.158863
0.959921
0.064175
0.324482
-0.746951
-0.200638
-0.321124
0.622505
0.357190
0.125518
0.660218
-0.789967
-0.130019
0.958384
0.357055
-0.238032
0.102001
0.085450
0.203080
0.242251
0.341598
-0.472588
0.257935
0.063202
-0.215549
-0.140389
0.158750
-0.500850
0.094249
-0.531212
0.052690
-0.580337
-0.390784
0.544050
0.541540
0.409155
-0.374218
0.855326
0.299837
-0.841386
0.080106
-0.697231
-0.237089
-0.803412
0.868964
0.350886
0.253508
-0.300154
0.282876
0.002072
-0.379872
-0.238364
0.386849
-1.047070
0.312122
-0.395690
0.255295
-0.225637
0.231761
-0.369245
0.293093
-0.365234
0.435037
0.226437
0.300132
-0.341649
0.185774
0.948292
-0.541895
-0.242164
0.096979
-0.638443
1.265857
-0.235210
-0.999701
0.443676
-0.341227
0.149012
-0.247971
-0.312934
-0.129385
0.307574
0.436872
-0.472422
0.534836
-0.053527
-0.485937
0.034979
0.007740
-0.598652
-0.093386
0.067981
-0.265443
0.526507
0.023198
-0.215304
0.496435
-0.153950
1.122591
-0.078583
0.550440
0.159331
0.000986
0.402804
-0.754393
-0.647016
-0.316525
0.492436
-0.355853
0.031698
-1.366464
-0.186294
0.330925
-0.582609
0.532664
0.416230
0.288283
0.219146
-0.928774
-0.576629
-0.088409
0.152693
-0.152395
-0.049997
-0.379812
0.738015
0.368312
0.068618
0.080123
0.066293
0.659214
-0.440793
-0.334496
0.485892
0.620018
0.202696
0.187365
-0.311644
-0.149774
0.118295
0.163835
0.376550
0.416462
-0.258237
0.772792
-0.216466
-0.358431
1.207299
0.040137
0.282345
0.083654
0.688390
0.162535
0.516894
0.355334
0.396894
-0.155182
-0.013990
0.301339
-0.258847
-0.283170
-0.030341
-0.119059
-0.118432
0.683908
0.595264
-0.347194
-0.547566
0.193077
0.592847
0.025474
-0.063230
0.136191
0.135660
-0.420996
-0.434924
0.003470
-0.252822
0.422639
0.079034
-0.235665
0.213796
-0.105624
-0.015343
0.628957
-0.206082
-0.579621
0.336745
0.045649
0.032220
0.220520
0.307151
0.218326
0.314752
0.099088
-0.011821
-0.545089
0.269996
-0.326220
-0.533290
0.071828
-0.638846
-0.163661
-0.373056
0.412151
0.044539
-0.540789
-1.121315
0.673269
-0.808456
0.689132
-0.176911
-0.669557
-0.036554
0.224126
-0.365711
0.100148
0.420735
-0.192655
0.987593
0.485144
0.476273
-0.534132
-0.805267
-0.349731
0.461196
0.174928
-0.340058
0.507707
-0.026607
-0.618651
0.956904
-0.020423
-0.433726
0.502926
0.323612
-0.274972
-1.347660
0.200924
0.037165
-0.296381
-0.657597
0.510551
-0.114439
-0.750761
-0.284212
0.850489
0.184681
0.006556
0.003286
0.187345
-0.499061
-0.440149
0.097323
-0.553280
0.515659
0.355130
-0.310855
0.331707
0.596101
0.200284
0.218470
0.257666
-0.118505
0.478050
-0.060315
0.557761
-0.286388
0.506699
-0.252772
0.292157
0.758853
0.098609
0.539843
0.749497
0.029324
-0.342732
-0.122918
-0.214890
-0.037351
-0.650745
-0.313885
-0.434765
-0.547566
-0.499324
0.134683
-0.411823
-0.743938
0.004568
0.179176
-0.051480
-0.553383
1.086923
-0.401373
-0.387662
1.046359
-0.280209
-0.182271
-0.129994
0.131803
-0.664884
-0.212745
-0.489621
-0.122380
0.011210
-0.538326
0.666397
0.050430
-0.114700
0.326477
0.612680
-0.548715
-0.891882
-0.942195
0.316800
0.626107
0.047931
-0.058731
0.911700
0.620652
-0.355503
-0.274717
0.134726
-0.564206
0.518512
0.044172
0.209589
-0.547064
-0.445303
0.014129
0.308003
-0.273076
0.059911
0.699422
-0.301286
0.180174
-0.125746
0.217901
-0.479856
0.606724
0.404594
0.199341
-0.046790
0.337482
0.622997
-0.022419
-0.181431
0.155922
-0.408472
0.182514
-0.756180
-0.417630
0.414629
-0.302106
-0.247160
-0.400502
0.261624
-0.212232
-0.689867
-0.433884
0.080079
-0.544637
0.399211
0.301918
-0.794794
-0.603276
0.231618
0.056491
0.268055
-0.380758
-0.459374
0.176958
0.189295
0.614402
0.495898
-0.201338
-1.170778
0.537570
-0.038680
-0.583488
-0.868855
0.385085
-0.224750
-0.066042
-0.056916
-0.330119
-0.837952
0.250579
0.120041
-0.100972
0.070429
-0.450868
-0.110871
-0.344255
0.203729
0.235386
-0.194795
0.036143
0.092734
0.480829
0.829287
0.018287
0.854515
-0.440490
1.210746
0.018862
0.733230
0.688185
-0.345572
-0.074429
-0.266546
0.071037
-0.325553
0.610022
0.867979
-0.100989
-0.002057
-0.014762
-0.116199
0.168148
-0.548646
-0.181501
-0.107014
0.427824
0.109098
0.727132
-0.082957
0.821806
0.136252
-0.364623
-0.188850
0.276752
-0.184639
0.532965
0.111529
-0.322742
-0.848075
0.135499
0.685547
0.772872
-0.666407
-0.501337
-1.088269
0.295394
-0.052919
0.425458
0.241479
-0.626374
-0.190802
0.364636
-0.568062
-0.727392
-0.225151
0.417509
-0.522480
-0.039238
0.279847
-0.042298
-0.158054
0.344586
0.000190
-0.367090
0.031375
0.249150
-0.617352
-0.484687
-0.546494
-0.125545
-0.183557
-0.666600
-0.177130
-0.332484
0.427711
0.332769
0.085641
0.667991
0.123491
0.050451
0.467460
0.020974
-0.569341
-0.483483
0.110181
-0.279713
0.214833
0.188651
0.239350
-0.505888
0.080534
-0.404178
-0.159058
-0.377674
-0.067647
0.352842
-0.215364
0.525634
0.119149
-0.324090
-0.186078
0.854816
-0.475269
-0.150302
-0.408565
0.399066
-0.328309
-0.181595
-0.820179
0.127567
-0.247033
-0.233749
0.684431
-0.369332
0.676560
-0.044415
-0.456434
0.305552
0.283134
0.765664
0.325185
0.252822
0.311427
-0.133414
-0.573741
-0.538108
0.121461
-1.011187
0.580845
0.181157
0.583853
-0.214181
-0.963505
-0.218291
-0.529910
-0.176206
-0.536770
-0.042683
0.601843
1.041523
0.192336
-0.627087
0.774686
0.507560
-0.487678
0.454738
-0.233099
0.914372
0.321765
0.555686
0.250688
-0.240002
0.768084
0.214120
-0.265095
-0.094973
0.505578
0.083635
-0.449109
0.388709
-0.229714
1.356788
0.319123
0.259261
0.414538
-0.345084
-0.223954
0.402557
0.097265
0.586590
-0.172249
0.186335
-0.044602
-0.499316
-0.290688
-0.019239
-0.092333
-0.325164
0.091698
0.108509
-0.424406
0.205713
0.224644
-0.346788
0.427077
0.301505
-0.113285
0.548043
0.287444
-0.265548
0.271033
-0.173499
-0.348221
0.187432
-0.490408
-1.018510
-0.707551
0.463465
-0.010438
0.042832
0.056098
0.888419
0.116956
-0.053668
0.828698
0.165972
0.024348
0.655209
0.270568
-0.147783
-0.038511
0.921221
-0.344999
0.271221
-0.365103
-0.770740
0.575154
0.318041
0.415976
-0.570088
-0.000771
-0.106916
-0.030518
0.647499
-0.040995
0.106077
-0.088203
0.396757
0.167705
-0.452249
-0.591152
-0.284753
0.528832
0.392783
-0.099973
-0.711461
0.638532
-0.355918
-0.116614
-0.034564
0.886721
-0.363749
0.582289
-0.047032
0.015576
-0.154408
0.174107
0.631300
0.835077
0.170378
0.672862
-0.165937
-0.494594
0.862125
-0.126597
-0.535118
0.255333
-0.353580
0.266809
0.592054
-0.382487
-0.522332
0.627893
-0.735926
0.073839
0.630894
-0.339121
-0.706913
-0.134220
-0.149299
-0.229871
0.379630
0.567059
0.503152
0.433721
0.640220
-0.443866
-0.175131
0.199149
0.140583
0.325046
0.234469
0.225837
-0.271337
-0.197626
0.171014
0.182698
0.287732
-0.499659
0.077400
-0.553639
0.033276
0.369642
-0.386465
-0.638138
-0.182028
-0.917524
0.291466
0.817292
0.005400
0.077192
0.524153
0.093492
-0.335523
-0.198995
-0.422202
-0.234030
-0.165553
-0.266894
0.950367
0.150724
-0.090238
-0.461143
-0.400843
0.297850
-0.244993
-0.242684
0.048098
0.306869
0.632214
-0.107992
0.003270
-0.330845
-0.094928
0.588361
0.432201
0.370212
-0.320534
-0.322938
-0.061770
0.416660
-0.194972
0.186772
-0.063736
-0.096450
-0.326382
0.186597
0.399913
-0.417269
-0.629941
0.351968
-0.071354
0.164361
0.295769
0.987909
0.278626
0.565055
0.410893
0.223804
0.118706
-0.352371
-0.078826
0.492283
0.118999
-0.261589
-0.139056
0.311388
0.786347
-0.592892
-0.508792
-0.399305
-0.523042
0.249117
0.050378
0.340707
-0.243561
-0.578576
0.101503
0.085959
-0.420155
0.372571
-0.059087
0.938335
0.019383
0.437087
0.044167
-0.099276
0.395956
0.214067
0.336417
0.599442
-0.194381
-0.134810
-0.066901
-0.317843
0.215389
0.527903
-0.762468
0.010309
0.071493
0.030819
0.838665
-0.335914
-0.399804
-0.441004
0.202312
0.001374
-0.260452
-0.175348
0.280132
0.952917
-0.265882
0.583721
-0.154537
0.415121
0.074067
0.226086
0.193714
0.704464
-0.076093
0.022006
-0.652206
-0.230819
-0.492743
0.635947
0.834934
-0.048188
-0.162045
0.463844
-0.721902
-0.462443
-0.624586
0.499459
-0.098984
-0.482261
0.079902
-0.159351
-1.033404
0.199587
-0.185094
0.615413
0.178627
-0.920636
-0.221680
-0.038715
-0.447171
-0.204004
0.020844
0.317326
-0.213941
-0.027345
0.101258
-0.323214
-0.455932
-0.010412
-1.088922
0.184216
-0.316679
-0.040756
-0.349473
0.464458
0.241828
-0.045807
-0.255387
-0.939440
-0.096068
0.352035
0.377231
-0.471712
0.910737
-0.342262
0.009203
0.070929
-0.454247
0.611017
-0.251983
0.322031
-0.627816
0.116736
-0.289620
-0.228225
-0.086904
-0.241791
0.088280
0.808990
-0.274567
-0.290120
-0.202097
-0.455279
-0.950592
-0.612548
-0.297706
-0.273424
0.622547
-0.274932
-0.492070
0.014736
-0.369000
0.285372
0.207883
0.554930
-0.340186
-0.324232
-0.883802
-0.535485
-0.819077
-0.115739
0.257002
0.279607
-0.846270
0.818824
-0.024487
0.628497
-0.873133
-0.302851
0.114963
0.195169
0.155085
-1.101197
0.437531
-0.920819
-0.143622
0.602288
0.244254
0.418978
0.461153
-0.343869
-0.139154
-0.340567
0.498025
0.920136
0.616344
0.021953
-0.060867
-0.168235
-0.761797
0.258631
-0.112204
0.712353
-0.313017
0.383903
0.416642
-0.016440
0.213997
-0.357400
0.226833
-0.189967
-0.495276
-0.381195
-0.022094
-0.060401
0.575341
0.321730
0.112560
0.502206
0.296686
-1.061900
-0.332941
-0.451508
-0.536898
-0.721992
0.253757
0.309675
0.416610
-0.194576
-0.144815
0.100638
-0.338199
0.469618
-0.022374
0.705233
-0.180600
0.042816
0.656477
0.198277
0.545540
-0.077001
-0.355229
0.336416
0.113740
0.386645
-0.565543
-0.071948
-0.598907
0.518220
-0.405791
0.351462
0.245217
-0.101709
-1.205282
0.462028
0.352150
-0.967694
0.381899
-0.261570
0.395548
0.103702
-0.015855
-0.562874
-0.710643
-0.434111
-0.139388
0.156244
0.478508
0.424231
-0.309329
-0.119903
-0.090669
0.163970
0.115867
0.656107
0.116210
-0.596254
0.331320
-0.229855
-1.147168
0.628357
-0.734288
-0.683135
-0.629137
0.011405
-0.567426
0.083743
-0.041048
0.598753
0.187041
-0.054441
-0.328626
0.051927
-0.208857
-0.041053
-0.038624
0.540515
0.340165
0.136249
0.307234
-0.049698
-0.838767
-0.251455
0.263452
-0.701182
0.176164
-0.293329
0.303192
0.438948
-0.139410
-0.270667
0.186516
0.898759
-0.238916
0.185589
0.963336
-0.165753
0.056951
-0.518811
0.167189
0.261714
-0.419517
0.154708
0.327603
-0.695627
0.202412
0.537235
0.260616
-0.583251
0.501685
0.624430
0.256137
0.210718
0.166471
0.040051
-0.036286
-0.281313
0.196501
0.110933
-0.200995
0.181009
-0.280180
0.372239
-0.720511
-0.290634
-0.555213
-0.096487
-0.807187
-0.451739
0.416361
-0.104230
-0.936919
-0.142951
0.357833
-0.116100
0.240268
0.288489
-0.416038
0.471882
0.123115
-0.205540
-0.179111
1.106137
-1.322979
-0.526202
0.235780
-0.449389
-0.201870
-0.507048
0.179295
0.023008
-0.192991
-0.788421
-0.387227
0.504582
-0.227072
-0.014513
0.630059
-0.857775
0.138411
-0.186355
0.555814
0.332378
-0.102513
0.041884
0.011776
0.230504
-0.259568
0.148030
-0.160598
-0.217294
-0.329154
-0.366502
0.344004
0.512875
-0.453901
-0.177049
0.038441
0.350378
0.485743
-0.617909
-0.120398
-0.031813
-0.135740
0.118572
-0.175662
-0.600852
0.736278
-0.910271
-0.282988
0.545600
-0.270920
0.199878
-0.656104
0.172474
0.303505
-0.461223
0.103148
-0.149024
1.024064
-0.624592
-0.252079
0.421659
0.012976
-0.384844
-0.336534
0.014053
-0.422382
-0.333357
-0.143558
0.195487
-0.326112
0.084112
0.288194
0.564954
0.439954
-0.362896
-0.468119
0.550344
0.737818
0.294126
0.815407
-0.826115
0.698245
-0.280905
0.154972
-0.330708
-0.642885
0.034992
0.029906
0.632486
0.316193
0.333568
-0.415293
-0.563598
0.599294
-0.166558
-0.172025
0.365784
0.582279
0.565807
-0.122211
0.804763
0.400367
0.035347
0.260996
-0.650952
-0.123446
-0.277457
-0.007532
-0.431882
-0.006140
0.578754
-0.049029
-0.042163
0.039350
0.483658
0.056237
-0.495318
0.047012
0.006311
0.181667
0.503170
-0.161531
0.695217
-0.358526
0.366508
0.123343
-0.074494
-0.391119
-0.383220
0.374040
-0.168076
0.145754
0.277321
0.421101
-0.033798
-0.326377
-0.183318
0.110426
0.077651
0.379960
0.143955
-0.217266
0.008862
-0.597909
-0.377605
0.073028
-0.162988
0.582444
0.620586
0.711884
0.431739
-0.197747
0.303783
-0.153038
0.121908
-0.298115
0.084983
0.210043
-0.356903
0.745424
0.402449
0.124947
-0.147140
0.267334
-0.419510
0.708065
