-0.476930
-0.087233
0.213364
-0.386697
0.293658
-0.605314
-0.105428
-0.595275
-0.522910
0.132403
0.496063
-0.041280
0.145623
0.372282
0.290876
0.232287
0.310559
0.107354
-0.110136
0.340027
0.091786
-0.135157
0.564452
0.058524
-0.369246
0.325383
0.063149
0.043144
0.434970
0.335037
0.085866
0.258028
-0.341603
0.078262
0.193594
-0.595743
0.056903
-0.438723
0.092100
-0.101282
-0.821444
-0.289281
-0.885665
0.351891
-0.212382
0.124265
0.650488
-0.651736
-0.568277
0.544313
0.344625
-0.373500
-0.058738
0.629673
0.003312
0.286442
-0.164301
0.193307
-0.026168
0.435937
0.083734
0.151352
-0.368616
-0.244257
-0.221383
0.021784
-0.541755
0.183255
0.292714
-0.207859
-0.342334
0.471270
0.214683
-0.271568
0.144470
0.041443
-0.713331
-0.076113
0.498202
-0.071755
0.068298
-0.393364
0.234279
0.107905
0.046266
-0.024825
0.247158
0.094336
0.427698
0.481179
0.033114
0.146343
-0.362480
0.212151
0.049544
-0.009369
0.145330
-0.042592
0.249944
0.253617
0.171579
-0.275299
-0.007991
0.145949
0.299462
-0.722750
-0.136897
0.517425
0.145677
-1.108322
-0.479987
-0.497385
-0.518453
-0.768556
0.325282
-0.750157
0.644606
-0.396909
-0.033756
-0.018561
-0.267889
-0.741134
-0.255768
0.334173
0.041068
0.393999
-0.420375
0.041375
-0.129299
-0.401852
-0.079190
0.311390
-0.565164
0.282939
-0.589804
-0.345312
0.434680
0.357832
0.122459
-0.248686
0.352376
-0.174844
0.142090
0.073221
-0.101515
-0.003270
0.248341
0.622440
0.379064
-0.213004
0.096914
-0.076379
-0.487870
0.018113
-0.546325
0.291717
-0.212761
-0.046608
-0.243508
-0.522585
-0.233124
-0.259883
-0.176842
-0.259049
0.481506
0.242483
-0.438858
-0.876318
0.017026
0.655217
-0.034981
-0.105207
-0.103653
0.196381
-0.008500
-0.521886
0.141492
-0.289754
-0.085771
0.152561
0.551543
0.102230
0.644839
0.296235
0.289948
0.127159
0.286070
-0.414477
-0.473677
-0.486280
0.051812
0.828678
-0.318822
0.201646
-0.340462
0.656694
0.410478
0.990048
0.375588
0.618571
0.083254
-0.230382
-0.028630
-0.064278
-0.060685
0.360084
0.438947
-0.008474
0.368884
-0.281178
-0.437743
0.410382
-0.147739
-0.167729
-0.520942
0.504477
-0.137188
-0.053474
-0.078903
0.660779
0.273505
-0.173619
-0.227535
0.080104
0.375082
0.223215
-0.166441
0.146990
-0.165182
0.634881
0.164166
0.110194
-0.097494
0.553835
-0.311341
0.199087
0.370531
0.746967
-0.133817
0.455185
0.100688
0.077435
0.147272
0.052260
0.568857
-0.399377
0.328574
-0.081927
0.371300
-0.024448
-0.070579
-0.210637
0.954622
-0.279462
-0.122880
0.457335
0.230771
-0.628719
-0.144015
0.258251
0.642696
0.098232
0.641014
-0.116961
-0.075295
0.209048
0.040490
0.442481
0.263250
0.053780
0.506025
0.172457
0.351628
-0.292332
0.585209
0.205544
0.315406
0.136434
0.048177
-0.233190
-0.514999
-0.471148
0.431260
0.210111
-0.330825
0.166585
0.117084
0.065415
-0.001859
-0.923037
0.356783
0.171432
-0.431953
0.374048
0.225976
-0.314519
0.381668
0.432869
0.127314
0.048590
-0.216041
0.342428
0.412929
0.713552
-0.542211
0.016378
-0.653148
-0.508063
0.395252
0.242457
-0.316829
0.473867
-0.162242
-0.653744
-0.273504
0.224386
-0.753872
0.318237
0.845107
-0.001043
-0.098580
-0.127196
-0.140116
-0.467245
0.234571
-0.089854
0.122975
0.053156
-0.368809
0.318445
0.253075
-0.570691
0.333837
0.329286
0.742869
0.561767
0.125378
-0.290364
-0.859540
-0.210269
0.669801
0.122230
-0.203050
-0.157364
0.353607
0.525169
-0.221715
-0.326249
-0.233199
-0.043630
-0.257878
0.147389
0.126068
0.697087
0.113912
-0.614209
-0.012009
-0.539664
0.545728
0.604753
-0.366317
-0.288445
-0.055588
0.016506
0.115012
0.057666
0.061099
0.277931
0.194797
-0.627274
0.579145
-0.577441
-0.535017
0.049090
0.154874
0.196539
-0.098741
-0.148258
-0.562663
0.187908
-0.456654
0.229267
0.267053
0.396937
0.012299
-0.363472
0.084168
-0.077397
-0.669605
0.406484
0.302987
0.193137
-0.591507
-0.409166
-0.325673
-0.162446
0.179355
0.094735
0.177685
-0.093180
0.199637
0.023014
-0.078551
0.563920
0.393216
-0.610390
0.167510
0.286756
0.186913
-0.168848
-0.131548
-0.228861
-0.235659
-0.560414
0.252919
0.291373
0.320846
0.147857
-0.253943
0.510675
0.196274
0.492311
0.350962
0.991767
-0.384530
0.050812
-0.571877
-0.467745
0.219522
-0.030213
0.241042
-0.258239
0.381033
0.284724
-0.163707
0.035465
0.502993
0.455151
-0.049224
-0.333485
0.090573
0.321550
-0.147458
-0.157201
-0.097879
0.910703
-0.174382
0.069699
-0.772230
0.683696
0.258394
-0.105250
0.001622
-0.249377
-0.270726
-0.451873
0.070220
0.142032
-0.422620
0.008791
-0.649949
-0.288599
0.095658
0.261086
0.413954
-0.625028
0.086315
-0.560476
0.299855
-0.031896
0.004998
-0.581552
-0.216916
-0.396736
-0.087610
0.027216
-0.159493
-0.345402
-0.500215
-0.590003
0.248626
-0.245696
-0.155791
-0.093283
0.411274
-0.324458
0.537417
1.092183
0.351165
0.705404
0.767774
0.170961
-0.061113
0.001087
0.260009
0.170655
-0.082809
0.183021
-0.161705
0.520415
0.154932
0.217319
0.038693
-0.046103
-0.015409
0.479324
0.155059
-0.109310
0.523318
0.254719
-0.166500
0.348932
0.029957
-0.115135
0.110655
-0.448010
0.149004
0.282436
-0.250892
-0.141362
0.016706
0.128038
-0.230544
0.168287
0.032782
0.163357
-0.334982
-0.531970
0.331859
-0.454026
-0.142585
0.210608
-0.172743
-0.120006
-0.457898
0.635832
0.168809
0.353305
-0.611668
-0.439358
-0.306108
0.064854
-0.515442
-0.184241
-0.103699
0.112403
0.362189
-0.127285
0.176626
0.671155
0.130982
0.339329
-0.212099
0.197760
-0.425968
-0.467446
-0.010078
-0.555138
0.076898
0.764375
-0.991176
-0.170049
0.402463
0.007563
-0.189024
-0.297963
0.644506
0.099516
0.083787
-0.568800
-0.561569
-0.609071
0.651660
0.025225
-0.182265
0.245034
0.201637
0.217482
0.004572
0.051753
-0.220599
0.299144
-0.149373
-0.336739
-0.250037
0.018082
-0.289935
-0.171386
-0.595205
-0.178258
-0.454842
-0.104906
0.195249
0.389574
0.218886
0.064765
-0.308850
0.150486
0.006689
-0.040563
-0.367064
0.486315
-0.119650
0.123125
-0.001837
-0.306242
0.402637
-0.062925
-0.176659
0.380496
0.124203
0.049414
0.084196
0.137446
0.144645
-0.255945
-0.049915
0.307035
-0.552724
0.095263
0.120728
0.442369
0.846421
0.104657
0.010401
-0.548712
-0.308350
0.278046
-0.057450
-0.226466
0.129008
0.172187
-0.197359
-0.305837
-0.336548
0.251848
-0.020834
-0.641268
-0.853853
0.518992
0.106685
-0.181493
0.538496
0.359916
0.070925
-0.390617
-0.438533
-0.064554
0.110748
-0.137022
0.285228
-0.538054
-0.548548
-0.260987
-0.113458
-0.715285
-0.161479
-0.095129
0.244069
0.242540
-0.046477
0.249336
-0.519994
-0.128137
0.181626
-0.220598
0.172198
-0.080105
-0.115682
-0.100358
0.533784
0.257134
-0.429285
0.099654
0.184647
-0.234714
0.489145
-0.038358
-0.619268
0.607357
-0.659254
-0.382213
-0.260183
-0.414294
0.438932
-0.058120
-0.066841
-0.126416
-0.408699
-0.024265
0.878821
0.041063
0.090430
0.421202
-0.228895
-0.069329
0.215635
0.410710
0.284936
-0.608895
-0.670094
0.269289
-0.068784
-0.010710
-0.442611
-0.248042
0.327438
-1.044511
-0.562973
0.541521
-0.141297
-0.263274
0.468079
0.006548
0.271182
0.300572
0.202082
-0.791707
0.121054
0.834398
-0.165116
0.252124
0.267347
-0.385834
0.305770
-0.109520
0.506004
0.022920
0.139073
-0.164893
0.169301
0.414751
0.580496
0.371749
-0.031630
0.194836
0.525730
0.327550
-0.315193
-0.167027
-1.048515
-0.057222
-0.427494
0.295098
0.340286
0.019968
-0.075161
0.190925
-0.387645
0.132993
-0.021853
0.466015
-0.108891
0.873671
0.420096
0.426658
0.255881
-0.481262
0.785976
-0.469921
-0.360924
0.254284
-0.480573
-0.178040
-0.480114
-0.048401
-0.329893
0.424890
-0.100361
0.405670
0.260493
-0.354864
0.733637
0.336738
-0.277324
-0.259509
0.489237
0.238533
0.767567
-0.509780
0.054547
0.734741
-0.286261
-0.095403
0.069401
-0.145396
-0.080050
0.119999
-0.332863
0.420590
0.431983
-0.676503
0.281689
-0.233305
0.225421
-0.278730
0.299789
0.461568
-0.450891
-0.155897
0.256730
0.469956
0.663487
-0.007252
-0.722593
-0.088756
-0.628366
-0.043978
0.513100
-0.050109
0.212175
0.536572
0.192627
0.126647
-0.300615
-0.854604
-0.333990
-0.444743
0.167036
-0.391390
-0.345018
-0.269869
-0.242538
-0.558715
0.600731
-0.129559
-0.014644
-0.188217
-0.280529
0.209464
-0.519357
-0.198133
0.239627
-0.126759
0.189321
-0.457847
0.438885
-0.046893
-0.089826
-0.520187
-0.819659
-0.414195
-0.252285
0.590685
-0.105851
0.086154
-0.307970
-0.024463
0.726300
0.768879
-0.315731
-0.115202
0.308761
0.306507
-0.489494
-0.470489
0.133806
-0.191546
0.654089
0.228844
0.396326
-0.319534
0.182348
0.847126
-0.515180
0.197248
-0.052382
0.370253
0.075965
0.101393
0.070669
0.061182
-0.674065
0.499627
0.350493
0.351495
-0.417755
-0.358370
-0.071970
-0.172401
0.116079
-0.525107
-0.223670
-0.101164
0.667191
-0.074549
0.102056
-0.297071
-0.177162
-0.266376
-0.137020
-0.312521
-0.316405
0.251151
-0.153958
0.467213
-0.596919
-0.410600
-0.105540
0.050691
0.032963
-0.158371
-0.455649
-0.657855
0.295874
0.255941
0.113094
0.167553
0.048472
-0.074148
0.233157
0.705291
0.085235
-0.219747
0.397622
-0.306517
-0.233092
-0.302159
-0.210674
0.479339
0.050122
-0.130783
0.044265
-0.120190
0.250607
-0.184848
-0.192172
0.223318
0.164797
0.243030
-0.396064
0.300717
0.115225
0.041654
0.222528
-0.286631
-0.084167
-0.144638
0.197620
-0.891415
0.440082
-0.399924
-0.526989
-0.021172
0.385547
-0.062737
-0.108999
-0.199617
-0.025699
-0.385126
0.197457
-0.147614
0.054348
0.311398
0.121778
-0.219903
-0.062355
0.078612
-0.411863
-0.474309
0.111566
-0.237738
-0.655031
0.331986
0.012796
-0.050590
-0.226208
0.078541
-0.341541
0.091519
0.030521
0.695553
-0.245698
-0.067579
0.040175
0.094342
-0.111778
0.424358
0.020434
0.014814
0.635469
-0.087661
-0.243807
-0.744233
-0.571839
-0.162694
0.136155
-0.026997
0.153748
0.019529
0.074418
0.409902
-0.013731
-0.362176
-0.179467
0.756867
-0.147604
-0.349919
-0.084166
0.265309
-0.371116
-0.560042
-0.034064
-0.383798
0.065635
-0.035653
0.170320
-0.246195
-0.192671
0.232009
0.059950
0.045694
0.437412
0.232799
-0.228672
0.005047
0.232693
-0.164110
-0.118870
-0.010201
0.414779
0.661072
-0.024780
0.309399
0.205137
0.319010
0.253758
-0.240077
0.274737
0.562374
-0.089818
-0.275253
0.690613
0.413034
0.255777
-0.323494
0.428923
-0.123435
0.414937
0.288922
-0.227017
-0.023567
0.396918
0.071929
-0.470255
0.056408
-0.081119
0.309062
0.258852
0.166118
-1.047870
0.081195
-0.178452
0.073443
-0.244555
-0.043151
0.609405
-0.014996
-0.374937
-0.166149
0.400573
0.012739
-0.780500
-0.221700
-0.331731
0.138181
0.467506
-0.571375
0.138887
-0.466272
-0.449846
-0.302212
0.889634
-0.386080
0.650443
-0.468426
-0.726138
-0.166563
0.162863
-0.049767
-0.527054
0.021785
0.871909
-0.095252
-0.000824
0.347961
0.384759
-0.004702
0.360598
0.188635
0.070754
0.121875
0.277667
0.046359
0.340113
-0.481204
-0.338303
-0.516994
-0.304374
0.319525
-0.145413
-0.486591
-0.285053
-0.231702
0.043988
-0.143345
-0.009259
0.224574
-0.192388
-0.347029
0.094736
-0.048791
0.462382
-0.219369
0.063763
0.787936
0.676792
0.366678
0.004776
-0.489319
0.223475
-0.425705
-0.377985
-0.161344
0.354819
-0.318587
0.223764
-0.707422
0.237404
-0.504457
0.532755
0.449069
0.208114
-0.513976
0.046634
0.099075
0.089288
-0.273526
0.164867
-0.327353
-0.314882
0.416895
0.240416
0.292614
-0.131546
-0.209579
-0.542338
0.557960
-0.061192
-0.286230
-0.086792
0.093794
0.034715
0.338528
-0.383364
0.336967
-0.156831
0.123654
-0.855754
-0.209588
0.475934
-0.406122
0.323251
-0.142259
-0.786130
-0.084508
0.240658
0.124466
-0.042117
0.225726
0.327479
0.024472
-0.145508
-0.386266
-0.321804
-0.307370
0.333802
-0.071421
0.145621
-0.075625
0.048497
0.073337
0.395307
-0.134857
-0.038095
-0.333314
0.377531
0.266335
0.123368
-0.280442
0.004161
-0.565542
-0.711661
0.148979
0.001186
-0.240803
0.274922
0.316231
-0.423487
-0.038881
0.206588
-0.200521
-0.517506
-0.499240
-0.230835
0.272826
0.001502
-0.012674
-0.112001
0.115383
-0.113384
-0.007810
0.530219
-0.078682
-0.322603
0.224630
0.266865
0.097222
-0.157871
1.464231
0.076865
0.585999
-0.225627
-0.257195
-0.139636
-0.139004
-0.384404
0.331503
-0.241236
-0.120899
0.292292
0.324392
0.335263
0.271373
0.259070
0.222172
0.535375
0.044361
-0.352348
-0.642911
0.085593
0.080920
-0.408793
-0.250308
-0.230637
-0.097492
-0.040587
0.253638
-0.280273
-0.104446
-0.021042
0.016516
-0.309574
0.150938
-0.232661
-0.038344
-0.010108
0.219043
0.275897
-0.441619
0.022831
-0.140980
-0.007373
0.255734
-0.106614
0.100718
-0.300864
0.345782
-0.372145
-0.105239
-0.143745
-0.564449
0.046036
0.469109
0.546041
0.117003
0.586160
-0.052164
0.642838
0.208677
-0.205151
0.470712
-0.206576
-0.322265
-0.195506
-0.363272
-0.387735
-0.117831
0.666998
-0.084642
-0.408544
0.083838
0.853089
-0.026460
-0.019574
0.112775
-0.301537
-0.166134
0.246512
0.138988
-0.255429
-0.043396
-0.100730
0.420388
-0.411023
0.249372
-0.016136
0.407928
-0.041255
-0.077360
0.016021
-0.505556
0.171656
0.365660
-0.248918
0.585003
0.314506
-0.155588
0.192772
-0.346816
-0.122702
-0.418442
-0.610726
-0.318146
0.608640
-0.480646
0.270738
-0.099906
0.509925
0.042395
0.565163
-0.127570
0.204872
-0.288124
0.673693
0.261551
-0.238237
0.441709
0.367210
0.017461
0.477394
0.543918
-0.352417
-0.091414
0.317654
-0.170194
-0.091388
-0.300922
-0.367545
0.958825
0.026286
-0.217799
-0.296803
-0.212253
0.454918
0.240801
-0.293818
-0.096052
-0.005354
0.061625
-0.032389
0.352997
-0.285021
0.645939
-0.405461
0.110472
-0.207182
-0.257897
0.010914
-0.407130
-0.399619
0.139305
-0.252379
0.258516
-0.078327
0.020938
-0.315921
-0.380111
0.148218
-0.504138
-0.221321
0.125389
-0.366030
-0.629787
-0.175634
-0.392314
0.206312
0.010095
-0.830872
0.219747
0.136759
0.162614
0.333173
0.658975
-0.342079
0.135894
0.989299
0.007757
-0.078984
0.416921
0.286023
0.164051
0.239151
0.028546
0.955149
-0.019918
0.665515
0.748401
0.536566
0.487830
-0.474617
-0.657997
-0.216435
-0.032092
-0.324434
-0.086367
-0.037634
-0.471208
-0.397545
-0.189365
-0.259043
-0.776071
-0.855070
-0.126648
-0.503301
-1.107293
0.092047
-0.539634
-1.106388
-0.925890
-0.301909
-0.927163
-0.461214
-0.327164
-0.761392
-0.578413
-0.427406
-0.503263
0.402242
-0.136882
-0.066804
-0.473479
0.448961
0.768109
0.696936
0.779382
0.674408
1.128297
0.216650
0.911704
0.380631
1.047467
0.823690
0.739914
0.921745
0.842180
0.481397
0.729238
0.458189
0.933667
0.898497
0.488119
0.135956
0.827548
0.646930
0.484741
0.157859
-0.232390
-0.475604
-0.548183
0.115410
-0.914139
0.057074
-0.146091
-0.064743
-1.117485
0.114222
-1.196200
-0.434235
-1.134422
-0.343366
-0.267369
-0.183105
0.007424
-0.372234
-0.407115
-0.631903
-0.167761
-0.534807
0.586247
0.368702
0.321268
0.567581
0.579029
-0.455148
-0.346189
0.136896
-0.588457
0.205843
0.728688
0.130649
-0.082776
-0.710951
0.052944
-0.512886
0.311716
0.225227
0.448095
-0.029469
0.351094
0.252234
-0.819626
-0.156097
0.123401
0.350646
0.444079
0.156501
0.599038
-0.361202
0.160252
0.293466
-0.019919
0.127474
-0.230848
-0.369338
-0.038846
0.103839
0.171737
0.199948
0.392179
-0.073004
-0.597064
0.555171
0.008957
-0.379933
0.081920
-0.526425
0.108561
-0.315738
0.128596
0.260900
-0.292440
-0.217794
-0.278312
-0.377551
0.432560
0.034857
0.226786
0.036777
-0.284148
-0.089809
0.078857
0.035604
-0.068776
0.717772
-0.249834
0.508249
-0.005745
-0.387660
-0.519353
-0.002053
0.166884
-0.259068
0.293329
0.050135
-0.095157
-0.036641
-0.277823
-0.686951
0.001148
-0.152731
-0.942751
0.487048
-0.473865
0.067110
-0.680793
0.849641
-0.541399
-0.633038
-0.209804
0.428969
0.108084
-0.391723
-0.352695
-0.070166
0.158084
-0.679356
-0.574098
0.366719
0.451427
-0.606904
-0.354023
-0.218880
-0.025928
-0.757727
0.710634
0.175764
0.119374
-0.022586
-0.205844
0.526642
-0.083187
-0.347860
0.938294
-0.361885
-0.342826
-0.502970
-0.320654
0.761204
0.517965
-0.014418
-0.831306
0.686170
-0.109530
-0.368152
0.016058
-0.223980
0.058863
-0.187088
0.479800
0.225004
0.292520
-0.442308
0.284270
-0.418022
0.524982
0.334491
0.381853
-0.239690
0.282067
-0.248229
0.077072
-0.242119
0.051392
-0.208466
0.101391
-0.312863
-0.326285
-0.241630
0.571821
-0.103070
-0.255072
-0.234775
0.068119
-0.013184
-0.236105
-0.210408
0.260154
0.284067
-0.997350
0.199578
-0.165144
0.015939
0.103343
0.186317
0.391160
0.017204
0.585052
-0.161974
-0.317944
-0.449203
-0.394919
0.622744
0.729366
0.015796
0.016774
0.645242
-0.012134
-0.124579
0.061026
0.284414
0.243974
-0.254388
0.445952
-0.108041
0.410650
-0.226430
-0.402465
-0.150666
0.062602
0.043712
-0.195296
-0.422728
-0.373541
-0.032075
-0.964254
0.011807
0.268282
-0.364062
-0.405210
-0.043589
-0.200171
-0.371969
-0.159415
-0.264557
-0.085215
0.759636
-0.458355
-0.335514
-0.099673
-0.323891
-0.281106
0.287685
-0.284613
0.093168
-0.227308
0.356052
0.201768
-0.440784
0.446428
0.095327
0.206784
-0.425507
0.028984
-0.097872
0.085420
-0.049891
-0.301561
-0.686045
-0.448920
-0.436363
0.169406
0.223758
0.074545
0.134871
0.523919
-0.462772
0.193452
-0.658349
-0.184573
0.050212
0.685373
-0.009299
-0.026202
0.751163
-0.188041
0.113158
-0.023668
-0.479839
-0.000458
0.118338
-0.038499
0.144096
0.123195
-0.251962
0.591868
0.302831
-0.158299
0.135116
-0.058890
0.167321
0.300459
-0.690973
0.167470
-0.142320
-0.116402
0.013618
-0.225508
-0.491915
0.274147
-0.441791
0.066062
-0.601035
-0.663106
0.574449
-0.089089
0.195223
-0.396757
0.093236
-0.097584
-0.220925
-0.153106
0.014980
0.009564
-0.214506
-0.273960
0.275403
-0.009064
-0.162875
-0.565619
0.285663
0.453306
-0.461265
0.089598
-0.001837
0.061488
0.064849
0.154836
-0.088224
-0.211423
-0.575660
0.226378
-0.176320
0.153918
0.244798
-0.807769
-0.266695
-0.574432
0.446861
0.190792
-0.370479
-0.233260
0.335955
-0.405006
0.391887
-0.252159
-0.852848
0.255752
0.308278
0.354437
0.284540
0.026501
0.032633
0.044698
0.156726
-0.304561
-0.404829
-0.215021
0.162346
-0.575607
-0.496026
-0.157363
0.552299
0.661025
-0.051633
0.106612
-0.837828
0.107307
0.291603
0.189923
0.052801
-0.305185
-0.021174
0.550857
-1.307603
0.936315
0.131998
-0.494631
0.169255
0.110569
-0.397548
0.231988
0.417411
-0.099634
-0.354876
-0.083597
0.153676
0.083301
-0.115820
-0.126536
-0.037952
-0.440653
-0.508455
0.280098
-0.137879
0.519078
0.287328
0.145859
0.315598
-0.278373
0.115604
0.389405
-0.537843
0.414932
0.166155
0.157631
-0.393641
-0.369232
-0.041339
0.440197
0.368500
-0.340433
0.147479
-0.957119
-0.175115
-0.037288
0.654976
0.077957
0.189651
0.154674
-0.472158
-0.192664
-0.519144
-0.080577
-0.222308
-0.291152
0.030689
0.035118
0.263198
0.181195
0.152633
0.135719
-0.062873
-0.318448
-0.022588
0.244174
-0.095858
0.014663
-0.315913
0.253490
0.250078
0.034530
0.106656
-0.177760
-0.354329
0.843821
-0.424577
0.303724
-0.100507
0.557531
-0.355803
-0.224058
0.146901
-0.702830
-0.225304
-0.308473
-0.326317
-0.249626
-0.214491
-0.217425
-0.171358
-0.192848
-0.147141
-0.051256
-0.118023
0.152464
0.621216
-0.406080
0.127612
0.283004
0.146227
-0.186990
-0.065821
-0.272182
0.471543
0.396668
0.530721
0.124281
-0.074716
0.097180
0.148029
0.239636
-0.276702
0.636242
-0.638185
0.170471
-0.476021
0.220403
0.284949
0.758057
-0.576175
0.247159
-0.149204
-0.166120
-0.008394
-0.015129
-0.028537
-0.412286
-0.195267
-0.371226
-0.314746
0.469179
0.718742
-0.598654
0.044659
0.207486
0.094927
0.080755
0.422251
0.090405
0.413253
0.296347
-0.456168
0.309071
0.216141
-0.525260
-0.240071
0.473175
-0.249160
-0.401679
0.085692
0.406001
-0.454215
-0.278151
-0.285724
-0.638705
0.483474
0.553209
0.246239
0.784751
0.329049
-0.004740
0.224119
0.112832
0.400308
-0.301649
-0.261991
-0.481285
-0.225082
-0.556668
0.085331
0.430466
0.129253
0.043049
-0.047312
0.287118
-0.895428
0.435515
-0.553150
0.333053
-0.432952
-0.499631
0.624709
0.030170
-0.256846
0.353820
0.307086
0.363163
-0.185135
0.236286
0.346571
0.631583
-0.795657
-0.108799
0.040373
-0.138755
0.719931
-0.337788
0.270145
-0.085911
0.289249
0.126840
0.498742
-0.012900
-0.842344
-0.497742
-0.253932
0.132512
-0.523983
0.129673
-0.416605
-0.178521
-0.441283
0.402166
-0.532219
0.313333
0.251592
0.060551
0.339360
0.441303
-0.544598
0.136936
-0.094535
-0.643802
0.366629
-0.068038
-0.445034
-0.126372
-0.435735
0.466318
0.064236
-0.184416
0.534555
0.135278
0.033316
-0.581733
0.446380
0.349535
0.537258
0.068294
0.466203
0.442557
0.252870
0.372405
-0.172139
0.624622
0.185424
-0.211884
-0.083475
0.583192
0.060451
-0.090052
-0.662052
-0.134461
0.684711
-0.095721
-0.502802
0.256109
0.160335
0.107310
0.701136
0.053559
0.116479
1.023352
0.311996
0.347158
0.689286
-0.095321
0.253855
0.092433
-0.375779
-0.853245
0.104032
0.301081
-0.454188
-0.605332
0.689207
-0.444550
-0.652833
-0.334532
-0.169388
-0.218606
-0.366925
0.023309
-0.237836
-0.108034
0.251215
-0.034938
1.097215
-0.390541
-0.065276
0.197005
0.088397
0.202178
0.094211
-0.772886
-0.077512
0.049196
0.088634
0.505059
-0.004203
-0.632001
0.499208
0.192179
0.370262
0.089876
0.198924
-0.158186
0.688661
-0.216559
-0.055080
0.174573
0.279910
0.029777
0.622055
0.028158
-0.152225
-0.117980
0.566080
-0.101494
0.149374
-0.103274
0.035437
-0.563043
0.041773
0.062738
0.370725
0.217990
-0.019523
0.601245
0.419289
-0.076775
0.089627
-0.190153
0.047310
-0.228784
-0.192676
0.294681
0.334942
0.353399
-0.238115
-0.179797
0.705816
0.949830
0.348984
0.189641
-0.321737
0.171107
0.712971
-0.388856
-0.775588
0.300471
-0.767506
-0.148558
-0.060975
0.082526
-0.163905
0.452420
-0.012691
-0.061532
0.000610
0.005516
0.034476
-0.261583
0.156363
0.127076
-0.099560
-0.773557
-0.442868
0.318724
-0.310308
-0.183012
-0.059025
-0.044451
0.129903
-0.718751
0.423119
-0.486525
0.063772
-0.082268
0.308213
-0.155073
-0.391120
0.091822
-0.300542
-0.072313
0.415717
0.214909
0.654614
0.347545
0.367330
-0.655661
0.489042
0.072596
0.855235
0.302361
-0.442237
-0.115094
-0.161695
-0.470416
-0.167849
-0.341899
0.043171
-0.302474
0.790344
-0.428236
-0.690539
-0.179731
0.219973
-0.007066
0.272840
-0.469778
-0.081805
-0.187814
-0.071669
-0.614289
0.128849
-0.586024
-0.721840
0.441097
-0.196948
-0.208791
0.038910
-0.340134
-0.602170
-0.111464
0.427011
-0.299303
-0.069839
-0.098198
0.298566
0.068919
0.068593
-0.484463
0.209925
-0.387946
-0.564417
-0.310844
-0.065547
0.111658
0.091303
-0.333829
0.032339
-0.510638
0.344974
0.619269
0.190116
0.694912
0.086667
-0.516452
0.096586
-0.401330
0.377390
0.569128
0.051834
-0.691183
-0.294085
0.399482
-0.095428
0.167950
0.108085
-1.136800
-0.899414
0.264958
0.017465
0.330027
-0.207538
0.830887
0.064217
-0.805708
0.108398
-0.173811
0.110897
-0.123680
0.202016
0.032732
0.234565
-0.527319
0.553905
0.112489
-0.195534
-0.154697
-0.075070
-0.234392
0.674815
0.449864
0.578253
-0.122836
-0.194764
-0.745678
0.051584
-0.042750
0.864994
-0.175702
0.091949
-0.391500
-0.011293
-0.311563
-0.147681
-0.032413
-0.276956
-0.286936
0.392832
0.172508
-0.201600
-0.610975
0.392082
0.183224
0.354849
-0.454457
0.375129
0.065136
0.659495
0.004614
-0.973489
0.375018
0.410978
-0.327627
-0.410318
-0.226161
0.279496
0.005614
-0.264146
0.743098
0.193307
0.874791
-0.333472
0.480160
-0.607572
0.485293
-0.637312
0.245833
-0.483472
-0.375902
0.211143
-0.322625
-0.141155
0.324732
-0.155145
0.146640
-0.099424
0.430288
0.725646
0.144620
0.716254
-0.538895
0.457815
0.153954
0.700555
-0.774879
0.663783
-0.217989
-0.658453
-0.058411
-0.178967
0.160918
-0.870559
0.513480
0.792261
0.043624
0.256074
0.094620
0.104919
0.093436
-0.153622
0.224866
-0.297073
0.104180
0.358967
0.248852
-0.358645
0.506405
-0.644543
0.107970
0.524408
0.426838
-0.342111
0.315274
-0.048849
-0.749346
-0.387203
0.327763
-0.226301
0.185811
0.571991
-0.217683
-0.381486
0.273631
0.268110
-0.308580
-0.254445
-0.117131
-0.764919
-0.438062
-0.364331
0.541791
-0.086466
0.562561
-0.261134
-0.062265
0.453454
-0.348451
0.174731
-0.115157
0.207973
0.319332
-0.358957
-0.140094
0.180914
-0.877731
0.463817
-0.481216
0.077907
0.805276
-0.045030
-0.234046
-0.041882
-0.934369
-0.566240
-0.999370
-0.093382
-0.397197
-0.416077
-0.054768
0.471498
0.066188
0.194011
-0.177505
0.443277
0.099023
0.100655
-0.227614
-0.347595
-0.270260
0.731292
-0.644253
0.329591
0.073385
0.468167
-0.627086
0.398103
0.090732
-0.149095
0.550173
-0.534235
0.016081
-0.438749
0.364810
-0.407750
0.574723
0.074654
-0.158200
0.649950
-0.150425
0.008754
0.183610
-0.155134
-0.016706
0.299888
0.346955
-0.196419
-0.250926
0.134909
-0.614159
0.147024
0.751602
0.133362
-0.504082
0.902926
0.166427
0.578690
0.026728
-0.428710
0.172811
0.124998
-0.118072
0.455678
0.239382
0.189438
-0.130751
0.302211
0.137392
-0.196798
0.146072
-0.550981
-0.192413
0.146248
-0.163848
0.659514
0.309642
-0.937420
0.274139
0.672925
0.346528
0.432840
-0.185690
0.245864
-0.347252
0.708254
-1.012198
0.404774
0.461559
0.204201
1.135422
0.050657
0.080722
0.269007
0.576582
-0.063375
-0.028760
-0.427493
0.357727
0.152835
0.525041
-0.408918
-0.293926
0.393775
-0.237517
-0.217454
0.022084
0.458110
0.381272
0.034619
0.002817
-0.137824
0.222071
0.410316
0.395478
-0.167604
0.292117
0.027778
-0.161154
-0.039339
0.246422
0.323685
-0.149681
0.002009
-0.308961
0.808020
0.091684
-0.357345
0.401206
-0.389128
-0.164672
-0.407509
0.079828
0.054738
0.063218
-0.129997
0.472727
-0.446104
0.116443
0.225417
0.124559
-0.428469
-0.893974
0.293456
-0.073268
0.341362
0.650290
0.373620
-0.433713
-0.039233
0.056443
-0.222536
0.365705
0.146294
0.100737
0.242633
-0.366568
0.186087
-0.218433
-0.199056
0.563087
-0.455043
0.075415
-0.191803
0.548342
-0.279281
-0.461805
-0.057767
0.028510
0.057323
0.513001
0.503701
0.269571
0.069049
0.055754
0.311004
0.003246
0.278527
0.351875
0.039543
-0.512694
0.100592
-0.361441
-0.389841
0.341569
0.423534
0.205234
-0.084179
0.159950
-0.355688
-0.191996
0.002184
-0.727174
0.046330
-0.043708
0.647364
-0.164944
-0.795411
-0.408721
0.188436
-1.228463
-0.020805
0.279524
-0.040956
-0.070251
0.259827
-0.119335
-0.141793
0.552842
-0.446204
-0.041093
0.142226
0.300945
0.543685
0.542190
-0.018015
0.308986
-0.514072
-0.031431
-0.118187
-0.466553
0.233754
0.284834
0.148196
-0.640756
-0.104317
-0.070650
-0.104723
-0.444017
-0.514130
-0.557575
-0.333629
0.056555
0.548774
0.351386
-0.187055
-0.151312
-0.382650
0.113087
-0.254670
-0.084260
0.384260
-0.439844
0.027048
-0.617277
-0.319393
0.194639
0.205253
-0.033608
0.017018
-0.515009
0.145006
0.507741
0.102222
0.535593
0.528969
-0.485415
-0.275296
0.057392
0.468032
0.000485
-0.286730
-0.497162
-0.459523
0.436190
-0.196404
0.020821
-0.407343
-0.685850
-0.234118
0.344010
0.113364
-0.157448
0.288343
-0.252812
0.204482
-0.209847
0.098147
-0.042094
0.034928
0.145957
0.399783
-0.481042
0.458145
0.263485
0.135415
-0.145125
0.093833
0.150731
0.142880
0.420022
-0.136493
0.006010
0.188893
-0.578803
1.057898
-0.408404
0.109342
-0.717491
-0.129121
-0.020811
0.001635
-0.122966
0.471322
-0.003943
-0.120238
-0.048784
-0.431355
0.086414
-0.198786
-0.834479
0.326562
0.282390
-0.135505
0.462470
-0.015901
0.461910
0.326940
0.046685
-0.932727
-0.231303
-0.225370
0.024482
-0.422069
-0.393718
-0.282002
0.584263
0.052213
-0.293657
-0.140405
0.216888
0.475509
0.270993
-0.197648
0.461568
0.046195
-0.621458
0.175761
0.633216
-0.169177
0.719211
0.365931
0.243772
-0.033080
-0.025016
-0.256043
0.573294
-0.052950
-0.104259
0.703458
-0.182890
-0.023163
0.561997
-0.506010
-0.119270
-0.682146
-0.545703
0.309856
0.399730
0.045763
-0.608112
-0.423303
0.622439
-0.292894
0.245333
-0.083523
0.539419
-0.347496
0.059218
-0.273098
0.124474
0.004267
0.309410
-0.062965
-0.092689
0.065472
0.243835
-0.082884
-0.253306
-0.524877
0.401281
0.078729
-0.184542
-0.260717
-0.471758
0.111981
-0.996219
0.026427
-0.661260
-0.120415
0.320458
-0.164345
-0.450005
-0.364051
-0.229236
-0.100997
0.293495
-0.349854
-0.340403
-0.217126
-0.190735
-0.265096
-0.374831
0.266858
-0.488836
-0.077082
-0.249757
0.172771
0.113665
-0.231969
0.175159
-0.770261
0.042560
-0.463543
0.144896
0.351483
-0.336089
0.214426
-0.556275
-0.221930
-0.176582
0.479088
-0.141802
0.644252
0.401567
-0.612231
-0.329280
1.204197
-0.301237
-0.199907
0.021553
-0.160280
-0.172742
0.020101
-0.380891
0.058985
-0.256109
0.003862
0.346649
-0.183633
0.425028
-0.061123
0.214295
0.142962
-0.109318
0.961118
0.345980
0.337599
0.506700
0.295387
0.070487
-0.013955
-0.013986
0.495679
-0.081380
0.323845
-0.751462
0.211285
-0.145221
0.181084
0.031738
0.285476
0.438188
-0.228176
-0.457991
0.266120
-0.538232
-0.232442
0.355244
-0.084964
0.041734
-0.597490
0.081343
0.030620
-0.555540
-0.117202
0.231674
0.420609
-0.180272
0.343998
-0.189519
0.378014
-0.047856
-0.050550
0.598339
0.281633
-0.044232
0.011723
-0.215552
0.077284
-0.073101
0.545219
-0.229242
0.170288
0.073502
-0.028019
-0.509874
0.426997
0.539412
0.112100
-0.057804
0.085528
0.670116
-0.533993
0.031103
-0.030457
0.405819
0.512310
0.268824
-0.079716
-0.414461
-0.138726
-0.425557
0.297447
-0.087475
0.429459
-0.193744
0.061948
0.023790
0.024072
0.207784
0.288366
-0.295674
-0.602369
-0.147667
0.105071
0.227131
-0.790557
0.403344
-0.451068
-0.842547
-0.003319
-0.211162
0.441764
0.340088
0.499957
-0.781781
0.290830
0.473332
-0.327351
0.123110
-0.241247
-0.198451
0.165377
0.354219
0.147316
-0.622741
0.142430
-0.248638
0.154048
-0.014348
-0.305626
0.460024
-0.262509
-0.191685
-0.379982
-0.119316
0.088558
0.140584
0.314447
0.313174
-0.543750
0.441147
-0.040073
0.097537
0.244735
0.212987
0.119874
-0.097212
-0.940971
0.381966
-0.436208
0.484561
0.592950
-0.011329
0.251694
0.531176
0.682012
-0.644952
0.129594
0.162389
-0.761307
0.623634
0.237703
0.078621
-0.480626
-0.492792
-0.321012
-0.154168
0.403584
-0.792196
-0.470628
-0.000274
0.416301
0.587218
0.021329
0.104065
0.482042
0.304416
0.181850
0.016250
0.283511
-0.532402
0.194624
0.400618
-0.457956
0.371112
0.713206
-0.125370
-0.175231
0.378140
0.324424
-0.142554
-0.176440
0.168781
0.188308
0.291421
-0.512569
-0.110685
-0.131642
-0.236992
-0.176581
0.221812
-0.191522
-0.504477
0.423298
0.318941
0.008580
0.336612
-0.294129
-0.090581
0.245014
0.092351
-0.800011
-0.162489
0.310538
-0.466477
-0.122673
-0.048370
-0.659074
-0.268843
0.286555
-0.185327
-0.205762
-0.136011
0.038253
0.055401
0.449729
-0.017291
0.624066
-0.173782
-0.543186
0.381061
-0.036343
-0.157600
-0.544308
0.008012
-0.019378
-0.269788
-0.350891
0.351123
-0.181937
-0.057470
0.330101
0.532415
-0.212863
-0.072031
-0.711964
-0.004319
-0.511603
0.108559
0.053928
0.028575
0.468559
0.073446
-0.234743
0.424565
-0.060071
0.115737
0.385430
0.749983
-0.202589
0.203429
0.851114
-0.204203
0.067572
0.152806
-0.490930
0.728584
-0.006619
-0.756968
-0.112590
0.118785
-0.281186
0.650316
-0.065655
-0.563661
0.639617
0.138553
-0.552165
-0.005875
-0.527416
-0.350260
-0.054841
-0.690525
0.542784
-0.034988
0.302164
-0.239584
-0.196897
-0.284367
0.527492
-0.420902
-0.492521
0.620989
-0.046266
0.308086
0.042169
0.648576
0.785389
-0.515496
0.002687
0.578483
-0.196598
-0.243653
-0.615669
-0.679798
-0.537049
0.115945
-0.191931
0.226038
-0.243370
0.768071
-0.481416
-0.103082
0.009208
-0.094416
-0.317470
0.293405
0.157153
-0.010328
0.192266
-0.868912
-0.243724
0.294998
-0.357639
-0.192129
-0.193557
0.050978
-0.311988
-0.138665
-0.025976
0.096379
0.222995
-0.735651
0.394601
0.318413
-0.057157
0.303720
-0.388643
-0.470131
0.003197
0.959858
-0.345078
0.001754
0.174610
-0.479189
0.209002
-0.171771
0.084764
-0.161642
-0.130402
0.037031
-0.257074
-0.419057
0.282939
0.002125
0.237364
0.088060
0.092335
0.255119
0.997450
0.324514
0.126495
-0.005062
-0.264066
0.085720
-0.162699
-0.465232
0.505766
-0.257425
-0.104874
-0.109339
0.447545
0.317030
0.624430
0.326235
-0.331036
0.259903
-0.359527
0.485971
-0.260776
0.268652
0.601209
-0.725378
-0.309873
0.106007
0.533475
-0.148384
0.196917
0.202136
0.346095
0.050209
0.050205
0.484029
-0.277192
0.179752
-0.096057
0.678100
0.287480
-0.685507
-0.515628
-0.033334
0.623009
0.158872
-0.193249
-0.013792
-0.500555
0.157226
-0.196810
-0.532051
-0.308725
-0.166357
-0.193532
0.042905
-0.048055
-0.186798
0.567062
0.454157
-0.358091
0.253638
0.149125
-0.395759
0.413067
-0.466625
0.130466
-0.223812
-0.267287
-0.011450
-0.391689
-0.165551
-0.089171
0.534184
0.392260
0.305568
-0.109705
-0.196327
-0.363031
0.379502
0.133915
-0.053324
-0.278816
0.417366
-0.443855
-0.007652
0.198544
0.133284
0.285245
0.301987
0.017816
0.629518
0.105976
-0.778508
-0.551227
0.329662
-0.174168
-0.597276
0.107191
-0.800887
0.069343
-0.370544
0.136217
0.071308
0.081456
0.449363
0.720992
-0.301386
0.140268
0.016336
-0.445427
0.047272
-0.104657
-0.541066
-0.509550
-0.440189
0.011335
-0.632936
0.314624
0.185747
-0.318749
-0.312894
-0.225983
-0.177462
0.055225
0.312372
0.055172
-0.008549
-0.052736
-0.011722
-0.099606
0.047372
-0.185752
0.319988
-0.182961
-0.108990
-0.175353
-0.491865
-0.078503
0.113144
0.135838
0.709619
-0.500730
0.436875
-0.476418
-0.097893
0.072319
-0.114987
-0.522728
-0.421486
-0.626197
0.089407
-0.180533
0.517835
0.789895
0.532330
-0.383324
0.032540
0.178478
-0.681417
-0.860385
-0.230235
0.332449
-0.349768
-0.212132
0.052855
0.139327
0.529861
-0.198447
0.387667
0.137499
0.365802
0.129508
0.825469
0.205809
-0.451902
0.016481
0.371940
0.481878
-0.596379
0.336186
-0.200801
-0.122088
0.013914
0.211900
0.391249
0.046572
-0.441167
-0.115155
-0.113803
-0.193839
-0.105481
0.170651
0.016471
-0.762494
-0.042566
0.359000
-0.686922
0.492673
0.367258
0.216563
-0.180597
0.087675
-0.057262
-0.007985
0.080366
-0.411206
-0.244062
-0.226552
0.400852
0.478243
0.187217
0.087975
0.514731
0.684791
0.268589
-0.288223
0.340162
0.245247
0.039117
-0.072130
-0.319471
-0.146370
-0.198418
-0.352898
-0.037236
-0.348611
0.015410
0.037656
0.267319
-0.161759
0.228755
-0.173870
-0.002181
0.127823
-0.268615
-0.378889
-0.095866
-0.238777
0.080968
-0.185484
-0.314376
-0.387733
-0.158099
0.108733
0.574959
0.014330
0.049113
-0.167583
-0.037041
-0.320066
-0.480876
-0.187081
-0.283402
0.438900
0.214072
-0.008356
0.044019
-0.144134
0.137557
-0.276897
0.153066
-0.213391
-0.055207
-0.192202
0.170088
0.277100
0.376313
-0.706238
-0.310342
-0.003433
-0.352295
-0.341699
0.454590
0.436057
-0.825361
-0.243298
-0.186967
0.079219
-0.382759
0.176388
0.051178
0.561175
0.086482
0.345943
-0.165663
0.325733
0.043636
-0.265530
-0.625975
-0.470340
0.345737
-0.748191
-0.048436
0.006388
-0.288896
0.394480
0.053031
0.155206
-0.217845
-0.235787
0.113217
0.192807
-0.017006
-0.246876
-0.176532
0.698866
0.291133
0.662653
-0.290428
-0.157317
0.449444
-0.540490
0.216441
-0.079384
-0.137442
0.180338
0.690057
-0.037327
0.227929
0.226779
0.322754
0.686535
0.325308
0.068704
-0.093420
-0.131737
0.602545
0.541111
-0.031733
0.101102
-0.155329
0.232894
-0.128879
-0.396990
-0.200209
0.500818
0.068824
-0.373244
0.814950
0.139712
-0.503586
-0.343952
0.309060
-0.216166
0.113288
0.361302
-0.129336
-0.109559
-0.685380
0.588725
0.396469
-0.128619
0.020533
0.093516
0.018620
-0.040916
0.926244
-0.273167
0.030638
-0.394746
0.091540
0.243535
-0.360203
0.437823
-0.186699
0.603026
-0.224917
0.302660
0.099186
-0.634595
0.756569
0.279418
-0.495158
-0.030627
-0.427664
0.399024
-0.371408
1.208925
-0.301138
0.033085
-0.521651
-0.397429
0.013770
0.227123
0.316020
0.126342
0.297144
-0.386565
0.111508
-0.409234
-0.490053
0.214937
0.182758
-0.557247
0.104273
-0.246363
-0.802950
0.635615
0.563257
-0.348623
0.271620
-0.115350
-0.526134
0.065162
0.283227
-0.013560
-0.151885
-0.140963
0.084540
0.198612
-0.035437
-0.460806
0.008213
0.657520
0.291706
0.056960
0.370242
-0.261231
0.204032
0.025171
-0.704128
-0.570899
0.267862
-0.058371
-0.320067
0.294621
0.907094
-0.414689
-0.333888
-0.789088
-0.161191
0.388688
0.064813
-0.155987
0.175468
-0.322923
0.219647
-0.123909
-0.165622
0.150151
-0.034244
-0.506065
-0.550507
-0.100221
-0.172875
0.584876
-0.065921
-0.826123
0.162771
-0.341589
-0.388856
0.039122
-0.352735
0.240332
-0.118449
0.165696
0.024280
0.076539
0.203110
-0.540669
-0.101583
0.109256
-0.679678
-0.203012
-0.507068
-0.205835
0.416486
-0.219983
0.106896
0.657532
-0.424032
0.313436
0.347333
0.821291
0.024989
0.124828
-0.061412
-0.187273
0.006446
-0.088026
0.672158
0.331709
0.012908
0.111812
0.040662
0.057268
-0.167782
-0.266169
0.067817
0.551279
0.029292
-0.114545
-0.167380
-0.022284
-0.524126
-0.305105
-0.355485
0.166096
-0.423184
0.155037
0.850019
-0.397497
0.153717
0.439727
0.855439
-0.243359
-0.462918
-0.126554
-0.304261
0.215642
0.874074
0.815368
-0.213507
-0.360853
-0.180404
0.442477
0.034968
0.315823
-0.401355
0.323191
-0.494449
-0.492405
-1.161080
-0.068242
0.304379
-0.038731
-0.155271
-0.333941
0.080312
-0.224806
0.260070
-0.216075
0.223680
0.043163
0.102615
0.268668
0.115991
-0.105141
0.219775
0.332526
-0.163168
-0.378538
0.395240
-0.035190
-0.266819
0.670597
0.158323
-0.124951
-0.299539
-0.494622
0.397561
-0.237912
0.231079
0.105112
-0.497456
-0.403178
0.571978
-0.088418
-0.227459
-0.299400
-0.310057
-0.204581
-0.734000
0.291952
0.353768
0.685626
0.966461
-0.172916
-0.155212
-0.476522
0.311436
0.383639
-0.308122
-0.183458
0.381599
0.222656
0.549654
-0.420571
0.857849
-0.071027
-0.633637
0.579798
0.010936
-0.110330
-0.090709
-0.554435
0.463267
0.207071
0.196670
-0.114059
-0.207050
-0.090340
1.115637
0.270891
0.120064
0.057613
0.107385
-0.603915
-0.840518
-0.602617
-0.467547
-0.135830
0.184994
-0.034641
-0.403110
-0.261609
0.808893
-0.207301
0.081905
-0.015870
0.568424
-0.410629
-0.333600
0.121513
0.127444
0.620795
-0.159730
0.586428
-0.247378
0.313757
0.231717
-0.109465
-0.035107
-0.343233
-1.041888
0.566744
-0.456522
0.219705
0.039174
-0.520753
0.160739
-0.415944
-0.361646
0.426692
-0.213321
0.453873
-0.521991
0.046053
0.419079
-0.245522
-0.116841
0.553958
-0.247027
0.178397
-0.485401
-0.143790
0.747047
0.522572
0.002297
-0.099254
-0.263385
0.046443
-0.275845
0.211438
0.333919
0.034029
-0.265366
0.160415
0.401171
0.211150
-0.106847
0.617480
0.140417
0.561012
0.036952
0.127538
-0.042336
0.930131
0.157593
0.435601
-0.012048
-0.205139
-0.390934
-0.206839
0.172645
-0.211348
-0.004436
0.098825
0.592712
0.171265
0.052326
0.034468
-0.172853
-0.043206
0.521307
0.240126
0.045125
0.227282
0.499210
-0.311866
-0.743752
0.125821
0.046017
-0.156001
-0.329127
-0.047020
-0.471133
-0.010206
0.515680
0.168121
-0.518921
0.195610
0.166470
-0.173149
-0.052802
0.430621
0.331218
0.175812
0.004884
-0.272119
-0.179706
0.503256
0.279785
-0.021850
-0.310155
-0.129017
0.361317
-0.347598
-0.080160
-0.282277
0.383983
-0.195988
-0.229903
0.109266
0.060416
-0.030807
-0.032503
0.180910
-0.189934
-0.220492
-0.962168
-0.057018
0.360032
0.320871
0.044591
0.385504
0.235856
0.052886
-0.294272
-0.833775
-0.649408
0.020775
-0.037870
0.053223
0.167225
-0.627162
0.424843
0.421700
0.347847
0.438698
-0.122940
-0.348548
-0.221900
0.042042
-0.240920
0.430445
-0.566054
-0.027741
0.489947
0.266575
-0.078140
-0.444317
-0.317464
0.922091
-0.252439
-0.053388
0.785013
0.455758
0.353148
0.024694
-0.146567
-0.538217
-0.008729
0.492028
0.520374
0.187863
0.294397
0.335287
0.133651
0.212721
0.471297
0.404881
-0.018709
-0.275627
-0.906695
-0.507096
-0.164737
-0.385412
-0.446393
0.362217
-0.064848
0.317020
-0.053982
-0.103837
-0.008956
-0.363330
0.085765
0.174470
0.419496
-0.058903
-0.120670
0.062608
0.730266
-0.445119
-0.819557
-0.256918
-0.065875
0.144167
-0.073523
0.024068
0.060481
0.386182
-0.497966
0.040908
-0.368932
-0.184302
0.515665
-0.055847
-0.176711
0.456681
0.206664
-0.217566
0.530950
0.121128
-0.483993
-0.320724
0.282057
0.100771
0.154139
-0.615491
0.322186
-0.582756
-0.251023
0.419953
0.349840
0.254198
-0.538070
-0.096710
0.157205
-0.025145
-0.322192
0.339895
0.372766
-0.737482
-0.460909
-0.040518
0.070833
0.947474
-0.366466
0.005431
0.157418
-0.256430
-0.213844
-0.347435
0.030479
0.052717
0.236314
0.285509
-0.362999
-0.009256
-0.385087
0.317479
-0.208609
0.099175
0.582390
-0.156744
0.544209
0.490100
0.578765
-0.067730
0.302161
-0.298558
-0.172588
