0.070066
0.250212
-0.417425
-0.386014
0.699515
0.324299
-0.119625
-0.032530
-0.144257
0.323197
-0.637682
-0.186777
0.007670
-0.770916
0.133246
0.088071
0.105601
0.574050
0.059380
-0.518654
-0.345147
-0.089453
0.020674
0.168534
-0.355183
0.348030
0.052469
-0.484684
0.231275
0.045945
-0.351296
-0.619750
0.047259
0.250269
-0.313431
-0.104661
-0.002129
-0.005659
0.132909
0.341011
0.215094
-0.615050
-0.488687
0.292413
-0.411690
0.069571
0.045629
0.027880
0.161210
0.215744
-0.489005
-0.115130
-0.204488
-0.319505
-0.198769
0.329295
-0.404963
0.414645
0.068760
-0.215420
-0.049679
-0.230986
-0.334929
0.171270
0.037472
0.471144
0.202042
0.036713
0.118254
-0.178718
0.015938
-0.101994
-0.020201
0.108881
-0.215981
0.000769
0.004966
-0.335295
-0.146337
0.136052
0.618892
0.539003
-0.104914
0.153537
0.352605
0.289592
0.250552
0.189184
-0.102428
0.610807
-0.402421
-0.396951
0.191510
0.076952
0.359168
0.518570
0.278266
0.075853
0.138559
-0.353782
0.352319
0.249278
0.491561
0.258547
-0.293833
0.283771
0.530184
0.016788
-0.267692
-0.039342
0.103521
-0.319455
0.148675
0.011522
0.382479
0.157776
0.066324
0.049334
-0.137848
0.327997
-0.235474
0.181313
-0.144295
0.175023
0.122535
0.001178
-0.454409
0.188206
0.024374
-0.281019
-0.104786
0.076613
0.053216
-0.331918
0.261043
0.355974
0.700439
0.270304
-0.113554
-0.578788
-0.374316
-0.588490
-0.280147
0.086629
0.355880
0.056803
0.143606
-0.124566
0.557958
0.524725
0.370641
-0.629502
0.471093
-0.043687
0.290101
0.563562
0.205453
0.457774
0.037143
-0.174497
-0.094734
0.450336
-0.324321
0.414873
0.063114
0.849278
-0.073213
0.010859
0.107388
0.288207
-0.122172
0.681989
-0.099045
-0.084525
0.280321
-0.237069
0.082006
-0.057221
-0.371768
-0.138980
-0.469537
0.364257
0.217275
-0.264232
0.413147
-0.119756
-0.205799
-0.190318
0.192895
0.243602
-0.079349
0.302190
-0.213295
0.151075
-0.033108
-0.773637
-0.335375
0.145922
-0.403855
-0.202345
0.083487
-0.056938
0.229507
0.322539
-0.034523
0.291025
-0.221606
0.003284
-0.169374
0.129619
0.045317
0.075725
0.261442
0.147319
0.375216
-0.105186
-0.149939
0.003078
-0.130171
-0.493884
-0.115612
0.297616
-0.070868
-0.388741
-0.366679
-0.082309
-0.099649
0.099556
-0.169706
0.180143
0.329595
-0.380958
-0.473518
0.131982
-0.166281
-0.215942
0.318891
-0.339122
0.097468
-0.045111
0.079306
0.113268
-0.029526
0.011811
0.245181
0.118677
0.078397
0.106124
0.379888
0.401732
0.065428
0.066944
0.006202
0.239110
0.363412
-0.452589
-0.403692
0.025310
-0.119900
0.270201
-0.155810
0.061355
-0.094302
-0.130430
0.196350
-0.352108
-0.540833
0.062398
0.010997
0.456540
-0.322646
0.202923
-0.398710
-0.468166
-0.113973
-0.199314
0.013116
-0.517058
0.171953
0.276685
0.041402
0.196323
0.127886
-0.054557
0.344106
-0.173028
-0.124607
-0.460150
-0.358366
-0.302876
-0.157568
0.004531
-0.262136
0.038886
0.048251
-0.667115
-0.173239
0.373352
-0.600515
-0.025027
-0.240512
-0.297006
-0.061744
-0.374071
-0.192300
-0.270637
0.004746
-0.548664
0.150935
0.130633
-0.171804
-0.763622
0.123042
-0.166793
0.411162
0.392551
0.613420
-0.044467
-0.460949
0.458231
0.006085
0.286193
0.199812
-0.105116
0.517146
0.305302
0.005048
-0.079454
0.365721
-0.079902
-0.093876
-0.288206
0.643917
0.425945
-0.189425
-0.502331
0.394381
0.210664
0.119651
-0.083431
-0.120455
-0.337717
-0.119751
0.186995
-0.201311
0.147604
-0.191574
-0.417611
-0.178925
0.314430
0.065065
-0.316038
-0.042909
-0.030458
0.106746
0.427914
-0.279488
0.210877
0.211451
-0.197845
0.479961
0.332066
0.312208
0.549978
-0.069796
-0.576478
0.149109
0.083913
0.032657
-0.039229
0.100004
0.330899
0.130670
-0.156431
0.163152
-0.364411
-0.150610
0.171195
-0.117776
0.169371
-0.383766
-0.046896
0.065802
-0.084823
0.097157
-0.319158
0.129865
-0.078029
0.172360
0.283326
-0.242730
0.434687
0.571470
-0.274409
0.221838
0.069860
-0.035255
-0.064537
0.438237
-0.237751
0.106980
0.157066
-0.391322
-0.421072
-0.240067
0.051650
0.342252
-0.038863
0.671763
-0.282800
-0.019615
-0.268693
-0.101432
-0.189008
-0.219920
-0.190807
-0.028311
-0.098791
0.376374
-0.570575
0.282115
0.170695
0.141438
-0.043542
-0.065761
0.639608
-0.071380
0.080672
-0.475859
0.157874
-0.058829
0.174141
0.087236
-0.060879
0.270366
0.220560
-0.387986
0.076442
0.158965
0.209287
-0.125043
-0.117187
-0.389644
0.271194
-0.346540
-0.335493
0.089898
0.195506
-0.026172
0.296689
0.211811
0.287545
-0.008799
0.363029
-0.057973
0.287286
0.172931
-0.341946
-0.084632
0.388056
-0.488039
-0.002325
0.165030
-0.421976
0.177318
-0.101964
-0.249043
0.041433
0.138172
-0.184815
-0.200545
0.082594
0.093111
-0.110981
-0.144823
-0.163421
-0.077051
0.134191
0.164835
0.132243
-0.620811
0.196117
-0.320446
0.681275
0.157025
-0.151327
-0.642373
0.150697
-0.440978
0.433640
0.564580
0.223862
-0.068774
-0.252589
0.301064
-0.217890
0.270224
0.510758
0.197509
0.021771
-0.169895
-0.098084
0.536698
0.462486
0.410089
-0.289069
0.128172
0.585994
-0.232163
0.305945
-0.513677
-0.362628
-0.435524
-0.032435
-0.188273
0.220926
-0.155020
0.404238
-0.249951
0.474660
0.305410
0.003596
0.489752
-0.086302
-0.295642
0.252634
0.339914
0.828969
0.065743
-0.255016
0.296604
0.101903
-0.348742
-0.000348
-0.188636
0.286726
-0.251113
-0.007396
-0.317407
0.331585
-0.407368
0.214372
-0.004772
-0.062924
-0.346457
-0.246360
0.389039
-0.069149
-0.024449
-0.092914
-0.448801
-0.573561
0.647430
-0.378749
0.221503
0.321385
-0.227677
0.101536
0.472891
-0.346997
-0.484626
0.099873
0.301230
-0.910824
0.273366
0.223136
0.105126
0.015907
0.049744
0.288093
0.446587
-0.443415
0.118140
0.488109
-0.170022
-0.087091
0.452527
0.134724
0.314144
0.139559
-0.021667
0.508632
-0.186928
0.042110
0.370049
0.169494
-0.296370
-0.152347
-0.154320
0.038133
-0.000909
-0.331920
-0.208880
-0.238007
0.100509
0.259440
0.175888
0.256111
-0.513652
-0.468215
0.414763
0.403556
0.414044
-0.451726
0.102777
-0.189233
0.086260
0.041820
0.069475
-0.649691
0.182903
0.651756
0.020137
0.220648
-0.148411
-0.350605
-0.333092
-0.207245
0.177763
-0.123135
0.474954
0.026447
-0.364896
0.570844
0.026224
0.207559
-0.070530
-0.346363
-0.283896
0.301828
-0.091665
-0.171319
-0.031849
-0.083691
0.706659
-0.099608
0.384023
0.254415
0.250518
-0.028307
-0.144876
0.063281
-0.601011
-0.190502
-0.525180
0.183057
-0.190870
0.120004
0.124294
0.269486
-0.320423
0.176013
0.099455
0.246310
0.000994
0.038469
0.295656
0.251120
0.381226
0.133565
-0.147111
0.085282
0.159074
-0.163433
-0.089330
-0.658068
-0.321203
0.257929
0.073648
-0.008615
0.092634
0.469543
-0.268154
0.010258
0.095303
-0.033470
0.658569
-0.287396
-0.548648
-0.235733
-0.166306
0.246954
0.046414
-0.118424
-0.272389
0.099607
0.145937
-0.324230
-0.245456
0.031110
0.650190
-0.276772
-0.148069
-0.039364
-0.059510
-0.147053
0.031207
0.435703
-0.512781
0.075302
-0.076924
-0.421501
-0.150943
0.099558
-0.087727
-0.031638
0.144150
0.185019
-0.441037
-0.301217
0.344564
0.081631
0.077651
0.169468
0.700241
-0.229271
-0.211251
-0.141494
-0.135533
-0.087192
-0.347271
0.684633
0.072921
-0.181907
0.273305
-0.161378
0.136610
0.004815
0.524491
-0.065985
-0.320446
-0.422655
-0.131948
-0.766282
0.498686
0.403541
0.310188
-0.332775
0.105870
-0.197881
-0.040423
-0.048911
0.656953
0.107724
0.054983
0.431377
0.202381
0.687535
0.140961
0.531489
-0.176925
-0.150131
-0.077313
0.113176
-0.015960
0.005328
-0.075855
-0.070357
0.330668
0.342012
-0.174249
0.473538
-0.440396
0.092444
0.110620
0.087484
0.334601
-0.028604
0.739748
-0.157526
0.274343
0.294630
0.335090
0.390049
0.348983
0.262016
-0.305635
0.534563
0.121134
0.144570
-0.646048
-0.054552
-0.153604
-0.301422
-0.140797
-0.029075
0.153052
-0.195302
0.007547
0.424465
-0.153574
-0.575617
-0.254553
0.230390
-0.134300
-0.295010
-0.087707
0.064861
-0.377640
0.232305
0.058010
0.218267
0.086968
-0.141391
-0.399808
0.236951
-0.085649
0.166420
-0.278491
0.173573
-0.031763
0.014141
0.130181
0.477952
0.065892
-0.004481
-0.215552
0.263463
-0.068927
0.027947
-0.204305
0.138431
-0.241135
-0.098657
-0.141429
0.194133
0.072798
0.082907
0.069864
0.308133
0.145565
0.187974
-0.110165
-0.171190
0.411905
-0.202624
-0.535699
-0.356114
-0.044848
0.421250
-0.046445
0.259527
0.040949
0.033112
0.131984
0.334779
0.047049
0.204559
-0.051998
-0.012894
-0.097745
-0.152101
0.198446
-0.036937
-0.271361
0.060454
-0.428752
0.174542
0.372975
0.223279
0.114724
0.214068
0.732494
0.570437
0.065707
0.075795
-0.345170
-0.169755
0.090878
0.292287
0.709109
-0.110185
-0.047545
0.131428
0.297292
0.133269
0.485687
-0.084624
-0.349238
-0.450230
0.149941
0.245235
-0.053580
-0.276382
0.371659
-0.041615
-0.119468
0.019634
-0.019655
-0.056315
-0.072792
0.185752
-0.394265
0.321383
-0.122168
0.532620
-0.337701
0.239517
0.383878
0.563985
0.437921
-0.046377
-0.073453
0.355099
0.388948
0.340725
0.098558
-0.079086
-0.205549
-0.023785
0.447727
0.053885
-0.044037
-0.680189
-0.183405
0.026997
-0.508481
0.114033
-0.146043
-0.425261
0.236829
-0.017580
0.310481
-0.231676
0.019350
0.095138
0.043939
0.105976
0.030001
-0.017861
0.566401
0.147915
0.402712
-0.426712
-0.615903
-0.256863
-0.115722
0.110970
-0.228587
-0.090993
-0.290723
-0.181044
-0.060022
0.011019
-0.321541
0.077400
0.008964
-0.347825
0.288507
0.250126
-0.596681
0.127623
0.211019
-0.379224
-0.756253
0.179021
0.566489
-0.172817
0.304831
0.486397
-0.155902
-0.033062
-0.000090
0.160034
-0.542822
-0.021727
-0.424754
0.076171
0.478864
0.318302
-0.092191
0.116693
-0.751044
0.085748
0.331298
0.305760
-0.443946
-0.458418
-0.135522
-0.102834
0.220919
-0.537651
0.322585
-0.039740
-0.796972
-0.748188
-0.503059
0.222558
0.282519
0.297546
-0.064232
-0.070983
0.039749
0.155648
0.223201
-0.042274
0.758681
-0.132420
0.256893
0.068034
-0.197076
-0.279689
0.277464
0.231915
-0.677344
-0.431664
0.074689
0.269632
-0.246486
0.202237
0.453580
-0.673260
-0.489266
-0.105281
0.042923
0.030936
-0.107992
-0.428232
0.274420
-0.390893
0.505069
0.101013
-0.152538
0.412431
0.264054
0.439832
-0.152296
-0.088049
-0.148553
-0.529806
-0.672136
0.477231
0.100665
0.218187
0.349765
0.155873
-0.176476
-0.054574
-0.307665
0.059986
-0.207159
0.135846
0.007669
0.087890
0.011302
-0.213147
-0.259460
-0.139968
0.345823
-0.000038
0.212816
0.654642
-0.141421
0.072648
0.094325
0.003729
0.145977
0.355679
-0.081231
0.082019
-0.200836
-0.068615
-0.124386
0.182921
0.666087
-0.048066
-0.565831
0.584919
-0.328770
-0.283497
-0.058383
-0.230496
-0.020501
0.759570
0.119827
0.053394
-0.096024
-0.140204
-0.020424
0.094501
0.458679
-0.131202
0.332908
-0.235200
0.240683
-0.504592
0.272242
-0.077018
0.227914
-0.042907
-0.125673
0.255632
0.319174
-0.245855
0.850263
-0.124841
0.243635
-0.438896
0.565074
-0.386488
0.011281
0.195109
-0.056421
0.233988
0.449178
0.076599
0.098928
-0.336702
-0.210033
0.020947
-0.428057
-0.098695
0.114955
-0.889133
0.698819
0.024366
0.257539
-0.248103
-0.263010
0.163052
-0.031262
0.197172
0.184411
0.703613
0.174417
0.195905
0.144536
-0.178445
0.322340
0.236639
0.343759
0.412875
-0.078412
0.218307
-0.476032
-0.199613
0.379955
-0.332727
-0.236216
0.194844
-0.178119
-0.195178
-0.287319
0.085030
-0.211255
0.031673
0.252210
0.381952
-0.197985
0.257634
-0.189772
-0.375338
-0.547956
-0.304541
-0.371606
0.089292
0.357549
0.161294
0.438314
0.063566
-0.160802
0.219814
0.113655
-0.296117
-0.095089
-0.303447
0.412224
0.115664
0.105360
-0.135304
0.485160
0.072779
0.381578
-0.614820
0.554803
0.416795
0.062124
0.428099
-0.296765
0.158061
0.213722
0.523560
0.206006
0.370465
0.385574
-0.286437
-0.222318
0.264149
0.233236
-0.416929
0.063299
-0.110396
0.167593
0.232138
0.471250
-0.457019
-0.208460
0.465964
0.028154
0.133936
0.224476
0.273755
-0.346449
0.258737
-0.221640
-0.027806
0.394900
0.219346
0.598258
-0.079213
0.232306
-0.202883
-0.317005
0.029378
-0.275226
0.192014
-0.215139
-0.265304
-0.148203
0.355456
-0.011290
-0.122815
0.104224
0.350971
0.277444
0.087433
-0.230083
0.011023
-0.665792
0.203483
0.271059
0.017538
-0.452619
-0.136826
-0.292274
0.025878
-0.203692
-0.395976
0.193920
-0.408199
0.015711
0.742476
-0.054644
0.018667
-0.245296
0.258375
0.134389
-0.176833
0.525842
-0.084388
-0.365823
-0.152156
-0.160455
0.200834
0.006839
-0.231460
0.200692
-0.034242
0.189282
-0.511558
-0.163512
0.438244
0.483454
0.218905
0.148155
-0.044329
-0.271961
-0.446817
-0.158842
0.073347
-0.014940
0.203333
0.263910
0.200337
-0.225017
0.090583
-0.577195
0.187081
-0.062124
0.197159
0.177946
0.186502
0.361521
0.120539
0.526152
-0.053472
0.243662
0.171792
0.037552
-0.607802
-0.169763
0.146145
-0.268397
0.010749
-0.146263
-0.075545
-0.078854
-0.648294
-0.127917
0.166162
-0.362690
-0.021507
-0.356247
0.050386
0.421150
0.446699
-0.134865
-0.319357
-0.261624
-0.442816
0.129663
0.062092
-0.510664
-0.467630
-0.073139
0.130109
-0.716911
-0.003921
-0.131946
0.293977
0.237536
0.385657
0.336553
-0.366818
-0.198253
0.283777
-0.269923
0.178228
-0.023816
-0.369512
-0.400593
0.382940
0.272249
-0.307912
0.388436
0.297012
0.402862
0.342209
0.363822
-0.136614
-0.017267
0.428138
-0.164282
0.198285
-0.268514
-0.157891
-0.588720
0.020459
0.086702
-0.321294
0.085801
0.014110
-0.056728
-0.085038
0.072366
0.178894
0.329143
0.099122
-0.021021
0.145118
0.394796
0.125770
-0.114402
0.085520
-0.062241
0.241863
0.496264
0.077641
0.165526
0.386731
-0.431417
-0.273458
-0.463988
-0.387759
-0.132523
-0.101233
-0.137791
-0.284385
0.530837
-0.064766
0.398654
0.157694
-0.224608
-0.063655
0.027898
-0.145007
0.112818
0.100396
0.205289
-0.238890
-0.599879
0.589949
0.352731
-0.041956
0.298346
0.461598
0.096640
0.039396
-0.396799
0.077974
0.037124
-0.210442
0.121703
0.033776
-0.341489
-0.001177
-0.378274
-0.071808
-0.304118
0.047584
-0.395509
0.327866
0.494702
-0.207922
-0.750317
-0.220644
0.395928
0.483005
-0.628319
0.500477
0.146271
0.096862
0.151265
-0.187551
-0.358998
-0.143134
-0.337087
0.117268
0.117621
0.242638
0.561510
-0.015288
0.526012
-0.082387
-0.117641
0.087302
-0.108888
0.031716
0.487218
0.051583
-0.037404
0.190482
0.081663
-0.489101
-0.143334
0.138954
0.074190
-0.082614
-0.471777
0.245601
-0.041248
0.113749
0.206069
-0.241662
0.105831
-0.156523
0.035807
0.067096
0.515579
0.022820
0.070222
-0.141435
-0.169033
-0.324266
-0.050569
-0.218530
-0.564103
-0.011660
-0.517281
0.143791
-0.132684
0.264700
0.224524
0.021407
-0.492870
-0.388306
0.036759
-0.122772
0.116413
0.330089
-0.323144
0.421634
-0.143772
0.376145
0.112047
-0.160962
0.378123
0.473465
0.329896
0.279346
-0.038820
0.498101
0.582310
0.457820
-0.627155
0.013269
-0.037537
-0.589683
0.579981
-0.006560
-0.004418
-0.345547
-0.533151
-0.491890
-0.410366
-0.553963
-0.000504
-0.776818
-0.399983
-0.769864
-0.515443
-0.888099
-0.784936
-0.366042
-0.759621
-0.272484
-0.385675
-0.276837
-0.193998
-0.054236
-0.095066
-0.344076
0.214768
0.304259
0.494782
0.047941
-0.137477
0.742418
0.511650
0.626052
-0.438064
0.360669
0.391012
0.791711
0.706346
0.894623
0.320785
0.764310
0.506932
0.300238
0.443635
0.695077
0.399806
0.020200
0.728997
0.184621
0.119536
0.265578
-0.106453
-0.028883
-0.004905
-0.216122
-0.193555
-0.426274
-0.532452
-0.522857
-0.468550
-0.428467
-0.804140
0.257809
-0.071738
-0.586169
-0.442998
0.118484
-0.292271
-0.086653
-0.335616
-0.174739
0.128299
-0.346786
0.089638
-0.500129
-0.007027
-0.291539
0.178117
0.036062
-0.394541
0.170562
0.395717
-0.285587
0.475352
-0.322804
0.321694
-0.052710
0.126920
-0.037823
0.100279
-0.228468
-0.063623
0.179041
-0.018993
-0.493461
-0.066615
-0.056880
-0.452094
-0.174415
-0.348145
0.019473
0.089501
0.334222
0.143322
-0.359726
0.000836
-0.143631
0.014858
0.073103
0.378722
0.237183
-0.091183
-0.334196
0.228658
-0.348756
-0.522605
-0.098297
0.303991
0.319075
-0.238195
-0.101148
0.446932
0.256249
0.053389
-0.378162
0.157509
-0.316792
0.198132
-0.231380
-0.331746
0.603205
-0.270857
-0.102166
-0.086337
-0.057696
-0.217064
0.510053
-0.116926
-0.224463
-0.054797
-0.625556
0.408895
0.543369
0.358560
0.585432
-0.075261
0.421467
-0.284021
0.138958
0.063736
0.260897
0.009799
0.053283
-0.035166
0.152754
0.181225
0.220159
0.391431
-0.581978
0.114423
0.413498
0.125220
-0.088860
-0.252118
0.070987
0.213726
-0.211391
-0.041289
-0.170575
0.132713
-0.179196
0.384494
0.213479
-0.068616
-0.027082
-0.146834
-0.460574
-0.296957
0.198530
0.199709
0.534156
0.201579
0.128484
0.360517
-0.631452
-0.189977
0.373464
0.283795
-0.024924
-0.174553
0.030436
0.216895
0.638464
0.635327
-0.520492
-0.503910
-0.175373
0.063073
0.026442
0.238461
-0.648178
-0.267940
-0.181387
-0.561776
0.000198
-0.439463
-0.324757
-0.017669
0.237243
0.133955
0.087093
-0.308298
0.524876
-0.116336
-0.093479
0.397194
0.573416
0.114209
-0.069062
-0.560806
0.145412
0.417565
-0.134256
0.487276
0.603428
0.096665
0.280795
-0.291488
-0.104660
0.493766
-0.802596
-0.361656
0.207060
0.298957
0.318966
-0.016956
-0.021048
0.004753
0.015040
-0.082320
-0.245166
-0.208321
-0.291265
0.552749
-0.238249
0.469811
-0.437227
-0.133651
0.374120
-0.327195
-0.378633
0.166664
0.167133
-0.177764
-0.436919
-0.130825
0.272084
0.042700
0.153650
-0.162395
-0.491280
0.018302
-0.667372
0.472438
0.155778
0.338368
-0.100157
-0.059318
0.402710
0.254769
0.163981
-0.143610
-0.201333
-0.282033
0.126408
0.223811
0.039450
-0.306714
-0.025641
-0.243525
0.578845
-0.079909
0.401447
0.351725
-0.340438
0.332209
0.314176
0.142851
-0.210443
0.273492
0.107210
0.117886
-0.546623
0.083327
-0.004957
0.325203
0.538575
0.249790
-0.395180
0.083195
-0.240254
0.084052
0.439338
-0.221165
-0.101130
-0.507244
0.305676
0.247742
-0.297988
-0.003045
0.163697
-0.202787
-0.017053
0.010177
-0.071715
-0.247787
-0.365616
-0.059689
0.092965
-0.041981
-0.115123
0.360928
0.221285
0.416800
0.175405
0.227860
0.253507
0.002505
-0.476921
0.415701
0.098980
0.044768
0.477922
-0.546852
0.063618
0.124385
0.301709
0.133055
0.347970
0.155397
-0.397354
-0.249552
0.087140
-0.021581
-0.202885
-0.015167
0.328363
-0.123759
-0.353398
0.713687
-0.373542
-0.236137
0.372865
-0.052617
-0.041892
-0.070010
-0.520876
-0.028932
-0.246921
-0.064832
-0.608408
0.450889
0.257636
-0.516172
-0.196195
-0.170837
-0.007922
0.386175
-0.011092
-0.553117
0.175390
-0.121377
-0.568310
0.297938
-0.344605
0.228331
-0.012318
-0.510518
-0.037135
-0.022387
0.058799
-0.478182
0.443085
-0.331441
0.253354
0.147890
0.363332
-0.124869
0.211520
-0.432421
-0.208114
0.386706
0.221622
-0.107246
0.269189
-0.278485
-0.037012
-0.254692
0.006171
0.076707
-0.102929
-0.523756
0.551050
0.023621
0.006991
-0.233175
0.405248
-0.159538
-0.557184
-0.227100
-0.472195
0.036907
-0.385375
0.018268
0.171249
0.154001
-0.190742
0.252271
0.201168
-0.330520
0.143380
0.581135
0.030431
0.143944
-0.034302
-0.487996
0.275791
-0.545875
0.347268
-0.127806
0.161095
0.391990
-0.264754
-0.229975
0.499789
-0.405031
-0.185821
-0.203434
-0.219829
0.593193
-0.278848
-0.069033
0.325166
0.200921
-0.082412
-1.020548
-0.131298
0.013961
-0.107149
0.356813
-0.381829
0.165363
0.097593
0.135159
-0.400021
0.010621
-0.434657
0.251474
-0.112904
-0.003699
-0.089033
-0.126235
-0.102702
0.304212
0.337110
-0.291900
-0.151632
-0.167202
-0.719519
0.187029
-0.336276
-0.013677
-0.336536
-0.014220
-0.280148
0.290422
-0.051825
-0.032964
-0.077729
-0.176273
0.047087
0.318762
0.823656
0.061727
0.447241
0.172543
0.497017
0.259720
0.550108
0.305030
-0.636867
-0.074651
-0.737659
0.193359
-0.066574
-0.705430
1.047462
-0.076036
-0.183201
0.182853
0.000907
-0.108804
-0.080797
0.061330
-0.238837
-0.249848
-0.118466
-0.567387
-0.397385
0.122730
-0.187781
-0.218739
-0.101226
0.118647
0.633660
0.273852
0.148215
0.157771
-0.218048
0.500416
-0.060491
-0.060089
0.111871
-0.326135
0.288547
0.347512
0.050786
-0.096874
-0.281732
-0.046831
-0.355699
-0.244346
-0.001605
-0.134451
-0.063023
0.092541
-0.094746
-0.001536
0.012025
-0.573357
0.119224
-0.430496
0.198804
-0.417633
0.011847
0.114692
0.479640
0.465085
0.184870
-0.036469
0.226579
-0.143116
-0.214073
0.002008
-0.391816
0.006838
0.377236
-0.178370
0.118435
0.083108
0.290290
-0.024117
-0.298554
0.180308
-0.683571
-0.158977
0.541277
0.216303
-0.170358
-0.388604
-0.025590
-0.076765
0.154703
0.462450
0.151284
0.161735
-0.005747
-0.128312
-0.120018
-0.360578
0.280560
-0.183874
-0.288490
0.289790
-0.002639
0.134411
-0.188356
-0.085966
-0.004575
0.139353
0.344397
0.070496
0.419409
-0.217028
0.098234
0.192788
0.230006
-0.235963
0.053122
0.239352
0.203866
0.327372
0.454857
-0.108180
0.125616
-0.221148
-0.329560
-0.451626
-0.099001
0.040401
-0.012671
-0.022127
-0.090311
0.135899
0.160957
-0.219198
-0.280704
0.145513
0.263325
-0.553071
-0.172887
-0.076011
-0.035440
-0.215786
-0.384109
-0.022592
-0.009007
0.531279
0.259801
0.089523
0.454954
0.268488
0.373428
-0.106879
0.132929
0.329779
-0.638586
0.402210
0.004153
-0.328613
0.227915
0.034087
-0.302089
-0.111205
0.035189
-0.247355
-0.049111
-0.259380
-0.472978
-0.172478
-0.115090
-0.069639
-0.078376
0.059372
-0.476476
-0.030896
-0.202619
0.267582
-0.262823
0.382667
-0.159988
-0.157859
-0.048263
-0.277294
-0.030566
0.371063
0.118722
-0.134792
-0.257163
0.108471
-0.335514
-0.407537
0.092812
0.438049
-0.374182
0.048474
-0.354398
0.319925
-0.484219
-0.131431
0.607766
0.208066
-0.327154
0.210384
-0.278580
0.280960
-0.337285
-0.615083
-0.261861
-0.541537
0.024848
-0.277335
0.338547
-0.726327
0.111618
0.192851
-0.335004
0.236009
0.338632
0.337950
0.284557
0.280140
-0.365972
-0.178664
-0.137517
-0.033669
-0.302886
0.065319
0.022272
0.369632
0.033375
-0.082594
0.293532
-0.248245
-0.151635
0.029027
0.097786
0.118540
0.000837
-0.426888
-0.088205
-0.584909
-0.359460
-0.468974
-0.068691
-0.161995
0.596029
-0.237458
0.350809
0.384166
-0.206743
0.459516
-0.356052
-0.262630
0.095893
-0.202788
-0.004628
0.431633
0.443896
-0.189292
0.186275
-0.488123
0.080475
-0.000462
0.492688
0.049869
0.417800
0.350178
-0.326583
0.104506
-0.163779
-0.517657
-0.279041
0.245751
-0.119451
0.210578
0.146177
-0.008985
0.423937
0.282773
-0.319830
-0.322560
0.139083
-0.157321
-0.821655
-0.153667
-1.166719
-0.140917
0.249202
0.140763
-0.543579
0.237792
0.035316
-0.269428
0.503569
0.223784
-0.462692
-0.236558
-0.355132
-0.049099
0.166740
-0.252059
-0.042397
-0.060492
-0.181493
-0.065249
-0.500421
0.046862
0.039833
-0.200111
-0.114776
0.262940
-0.126440
0.161896
0.257962
-0.374438
-0.058325
-0.215842
-0.002163
-0.293068
0.180628
0.253766
0.145352
0.239534
-0.120032
0.150919
-0.085072
-0.010255
-0.172389
0.216618
-0.382093
-0.246329
0.350994
0.151472
0.605868
-0.102169
-0.021987
-0.249219
-0.035892
0.192332
0.818024
0.017469
-0.230527
0.254195
-0.251977
-0.051673
-0.046157
-0.044094
-0.270874
-0.537506
0.161201
-0.159390
0.452379
-0.290491
-0.035392
0.144180
0.053224
0.288935
-0.107409
0.281498
-0.220764
-0.112303
-0.654678
-0.288194
0.408137
-0.233323
0.267099
0.112238
0.155861
0.471811
-0.088077
-0.162924
0.133618
0.151523
-0.003076
-0.166224
-0.509723
-0.256360
-0.328521
0.293043
-0.078159
-0.303136
0.040091
0.339468
0.157476
0.035727
0.058398
0.091148
0.632015
-0.106633
0.420987
0.412492
-0.111720
-0.012275
0.308336
-0.058783
-0.307482
-0.294354
0.242652
0.031337
0.525338
0.378820
-0.527980
0.225286
-0.204867
0.119005
-0.102854
0.161180
-0.392447
-0.168226
-0.143068
-0.213302
0.476438
0.145620
0.024299
0.196970
0.435029
0.278437
-0.181220
-0.552895
0.039215
-0.309813
0.360770
0.400459
0.342202
-0.080893
0.208909
0.327530
-0.257034
0.176997
-0.101349
0.174409
0.038210
-0.310482
-0.269709
0.345388
-0.250213
0.027974
0.188996
0.071330
0.264550
0.432743
-0.206495
0.013812
-0.212887
0.365865
-0.222563
0.015531
-0.119033
0.072735
-0.042765
0.245519
0.441759
-0.100587
0.327896
0.249064
-0.181725
-0.331502
-0.310887
0.355211
-0.072744
-0.405803
-0.074612
0.139746
-0.119764
-0.243963
0.254532
-0.423806
0.349723
-0.262946
-0.010440
0.086284
0.264915
-0.132412
-0.166601
0.121615
-0.238581
-0.614936
-0.009027
-0.242166
0.118934
0.147229
0.362251
0.445295
-0.297362
0.306440
0.596501
-0.227899
-0.480206
-0.577481
-0.075479
-0.155959
-0.226034
-0.197280
0.262867
-0.117824
0.256119
0.266062
0.257387
-0.301901
-0.783563
0.168890
-0.050578
-0.281260
-0.062794
0.222070
-0.097692
-0.280080
-0.205452
0.279687
0.434984
-0.019803
0.069797
-0.084554
-0.351015
0.330891
-0.031147
0.185450
0.153669
0.010523
-0.124042
-0.280094
-0.307506
-0.545176
-0.087623
0.031764
-0.057418
-0.068105
0.082173
0.084982
0.065759
-0.512353
-0.072976
0.198633
-0.074011
0.234007
-0.114223
0.041587
-0.322867
-0.386222
-0.102146
0.313436
-0.122890
0.059792
0.281406
-0.168377
0.098615
-0.179287
0.142797
0.231259
-0.171151
-0.126057
0.275623
0.553926
0.527464
-0.107798
0.085072
0.050181
-0.674489
-0.056364
-0.190169
-0.197029
-0.376981
0.204815
-0.114891
-0.306979
0.330334
-0.197588
0.293112
0.248809
-0.039198
0.349833
0.170812
-0.363490
-0.406536
0.010452
-0.017510
-0.174641
0.125078
-0.177099
0.018790
0.503967
0.296774
-0.221894
-0.165323
-0.166357
0.131578
-0.150882
-0.052844
0.104775
0.173534
0.299686
-0.380384
0.198435
-0.159350
-0.652650
-0.475398
0.137047
-0.353104
-0.355332
-0.119025
0.052634
0.331950
0.475566
-0.202797
0.072812
0.246311
0.050071
-0.129111
0.049371
-0.101764
-0.299949
0.517826
-0.186601
-0.065407
0.181882
0.009146
0.453575
-0.186213
0.391352
-0.429476
-0.310339
-0.008050
0.423928
0.706563
0.409614
-0.004771
0.003545
-0.074473
0.206436
-0.370212
0.424789
-0.068920
0.289746
-0.486846
0.094276
-0.442138
0.140100
0.206020
0.312091
0.335071
-0.767043
-0.327581
-0.161582
0.076439
0.108264
-0.160042
-0.427705
-0.343255
0.014015
0.240246
0.049387
0.400522
-0.359576
-0.027254
0.000282
-0.087100
-0.286591
-0.377073
0.334368
-0.635489
0.027602
0.195863
0.188078
0.634408
-0.458088
0.359118
0.111262
0.293401
-0.201251
0.123985
0.082521
-0.407469
-0.365509
-0.266779
0.119837
-0.162889
0.032052
0.277931
-0.075863
-0.396290
0.405997
0.115505
-0.217217
-0.004444
0.160039
-0.790084
0.113250
0.259281
0.104641
0.440200
0.069126
-0.285931
0.109858
0.561461
-0.220719
0.527914
0.231878
0.119957
0.439003
0.210857
0.145548
-0.148217
-0.448742
0.402871
-0.300735
-0.504146
0.298383
-0.045227
-0.033155
0.092580
-0.238594
0.270116
0.148078
0.153029
0.187475
0.178808
0.398816
0.243825
-0.250153
-0.239878
0.036155
0.282978
0.179535
-0.277026
0.305495
-0.244816
-0.607286
0.761684
-0.122398
-0.778746
0.584233
0.501866
0.097795
-0.377428
-0.162029
0.039220
-0.116972
-0.589628
-0.014434
0.270016
0.074555
-0.207992
0.184785
-0.511180
-0.300587
-0.207741
0.203684
-0.265200
0.265756
0.430912
-0.326128
0.378352
-0.548865
0.424719
0.091978
-0.277479
0.433100
-0.467536
-0.297113
0.272599
0.033754
0.307393
0.037052
0.493164
0.102952
0.331016
-0.114038
-0.235873
-0.044246
0.075563
0.087234
0.651973
-0.095062
-0.174455
-0.344126
-0.049631
-0.145168
-0.540120
0.408036
0.217567
-0.578982
-0.017086
-0.229421
-0.653427
-0.311463
-0.382864
-0.223282
-0.209941
-0.400000
0.314731
-0.004793
0.126891
0.089467
0.267525
0.073189
0.431317
-0.019239
-0.293909
0.025209
-0.257307
0.163785
0.216838
-0.360725
0.606215
0.253871
-0.579414
-0.211501
-0.061927
-0.072832
-0.300598
-0.486349
0.439146
-0.369790
-0.330776
-0.544847
0.386137
-0.664335
-0.093856
0.445712
0.214570
-0.228989
-0.233890
-0.166951
-0.290194
0.035199
0.478782
0.262978
0.125317
-0.199676
0.344712
0.315576
-0.292254
-0.095975
-0.132211
-0.653346
-0.173261
-0.347376
-0.577895
-0.267613
-0.336489
0.394777
-0.047178
-0.160820
-0.445818
-0.290007
0.299234
0.037071
0.366849
0.207797
0.176342
0.123644
-0.508688
-0.428672
-0.006379
0.124283
0.457177
-0.333836
0.269243
0.026862
-0.078378
-0.547163
0.139988
0.218714
-0.780145
-0.555916
0.213454
-0.186243
-0.080679
0.309643
-0.211451
0.262127
0.007080
-0.078907
-0.097537
0.198571
0.409204
-0.263624
-0.047192
0.164308
-0.167328
-0.117583
0.073801
-0.219328
-0.206064
0.041944
-0.103012
0.013025
0.414125
-0.302772
0.007335
0.377167
0.223785
-0.201439
0.184780
-0.314417
0.123768
0.427776
-0.481259
-0.123744
-0.048591
0.444220
-0.108532
0.259117
-0.051560
0.056474
-0.079232
0.139520
0.485357
0.533741
-0.280992
-0.202501
0.201484
0.199193
-0.330147
-0.176809
0.023325
0.097936
-0.289964
-0.050254
-0.471882
-0.270428
-0.268568
-0.101149
-0.157955
-0.000400
0.002297
0.494689
-0.479784
0.255882
-0.325660
-0.158535
-0.268406
0.161517
0.065776
-0.650012
0.204749
0.567486
-0.103508
-0.295613
0.115476
-0.528045
0.305308
-0.150789
-0.329843
-0.207651
-0.032285
0.150990
0.204675
-0.083116
-0.198111
0.503507
0.039034
0.593734
0.006102
-0.052577
-0.021525
0.145390
0.110924
0.424862
0.171639
-0.234091
-0.506699
-0.051141
-0.432154
0.241476
-0.202621
-0.841075
0.037245
0.170601
0.232854
0.197344
-0.077083
0.418942
0.002998
-0.039910
0.303453
-0.188494
0.032814
0.326134
0.470018
-0.058302
0.377045
0.334461
-0.418962
0.265425
0.012852
-0.676579
0.354389
0.007148
0.263163
-0.032180
-0.340725
0.000779
0.150770
0.434994
0.092248
-0.207398
0.290913
-0.409725
0.157603
-0.609102
-0.048897
-0.172892
0.258274
-0.154547
-0.069565
0.508941
-0.001021
0.047277
0.145017
0.375274
-0.716930
-0.242466
-0.247104
0.537172
0.657431
0.424506
-0.027567
0.314435
0.460044
0.083014
-0.219035
-0.152821
-0.451418
-0.378487
-0.314624
0.271688
0.000281
0.395571
-0.224211
-0.081577
-0.066834
-0.239031
-0.326137
-0.155826
0.226439
0.072088
0.526640
0.047106
0.123005
0.258730
0.352308
-0.059685
-0.040337
-0.023492
0.011682
0.647565
0.164978
0.252493
-0.267534
0.119327
0.610244
0.071124
-0.085689
1.152614
-0.073868
-0.438767
0.107133
0.299026
-0.259433
-0.515405
-0.079491
0.414521
-0.206590
-0.170599
0.139510
-0.027403
0.337305
0.434784
-0.118925
-0.094027
-0.053448
-0.554793
-0.680990
0.155431
-0.136193
-0.140550
-0.366935
0.108494
0.070210
0.329194
-0.136549
0.451799
0.396915
-0.051679
0.041102
0.239350
-0.121692
0.206109
0.368967
-0.039550
-0.249846
0.255148
0.650416
0.304772
-0.271695
0.026797
-0.279722
0.292507
0.208893
0.158088
-0.347564
0.185754
-0.420948
0.058365
-0.271169
0.246537
-0.220342
-0.271966
0.221911
-0.165747
0.010138
-0.256183
-0.004564
-0.068197
0.178602
0.215700
0.369980
-0.200266
-0.215470
-0.199136
0.479228
0.020204
-0.085650
-0.158699
-0.313501
-0.553328
-0.070112
0.344497
0.099546
-0.206161
0.395628
0.543923
0.035255
-0.016754
0.012477
-0.308090
0.337294
0.676979
0.281982
0.256109
0.045180
0.080796
-0.016532
0.369922
-0.232442
-0.653459
-0.027151
-0.225854
0.175286
0.307747
0.108151
-0.132047
0.275890
0.093823
0.265278
0.471132
0.174652
-0.355879
-0.349325
0.177991
-0.700597
0.091551
-0.065211
-0.407312
0.287453
-0.276367
-0.220043
-0.094403
-0.077059
-0.166241
0.159776
-0.170550
-0.387305
0.170806
-0.255309
0.228605
0.193107
-0.090408
-0.201892
0.169832
0.193907
-0.113312
0.156763
-0.143392
0.081474
-0.070686
-0.037515
0.324741
-0.015897
-0.171966
0.295838
-0.105079
0.418123
-0.377314
0.305428
-0.151284
0.290505
0.171436
0.324545
0.168694
-0.203265
0.016824
-0.057664
0.100290
-0.873747
-0.185967
-0.555669
-0.237479
0.360609
0.136804
0.072057
-0.439115
0.134294
-0.682100
0.295506
0.219025
0.444903
0.178707
-0.236237
0.128333
-0.267557
0.223557
-0.398638
0.141958
0.014301
0.123970
0.196980
-0.171036
-0.291342
-0.271889
0.328342
-0.291974
-0.411371
-0.092195
-0.207161
0.276968
0.311716
0.139845
0.353151
0.019887
-0.140231
0.175857
-0.099498
0.544994
0.024557
-0.178809
0.236832
0.121378
0.002276
0.029098
-0.051776
-0.521633
0.071313
-0.317193
-0.017046
0.011421
-0.109097
-0.424826
0.236620
-0.217406
0.582625
0.033982
-0.361768
-0.910071
-0.160812
0.201900
0.068188
0.151738
0.163903
-0.171828
0.400392
-0.209973
0.090310
-0.037219
0.306784
0.206989
-0.442479
0.104439
-0.009405
-0.098472
-0.327162
1.096628
0.025650
0.238515
0.304515
0.261703
-0.171410
-0.278595
-0.176599
-0.217905
0.103267
-0.110091
-0.612639
-0.455161
0.130316
-0.186190
0.158476
-0.179442
-0.271575
-0.016678
0.570911
-0.118911
0.027134
-0.035684
0.181681
0.178330
0.027653
-0.131079
-0.078996
0.459371
0.162414
0.449206
0.315622
0.050181
-0.313839
0.676024
-0.220488
-0.138779
0.104120
0.094928
0.177607
-0.250475
-0.152224
0.101739
0.435517
-0.053564
0.081568
-0.209062
0.239359
-0.337233
0.313343
-0.083527
-0.360233
-0.441711
0.181917
0.184069
0.029242
-0.110658
-0.140052
-0.157102
-0.079399
-0.272322
-0.268093
0.063163
-0.117023
0.128032
-0.190150
0.067993
0.010962
0.203196
0.233780
0.135846
-0.228362
0.182223
-0.191281
0.385283
0.249628
-0.073645
0.084963
-0.601431
0.016381
-0.146703
0.005395
0.514577
0.203420
-0.531659
0.323013
0.138126
-0.351342
0.153965
-0.282140
-0.725319
0.273400
0.113088
-0.267328
-0.609513
-0.282607
-0.530859
0.551981
-0.201957
-0.541977
-0.057524
-0.141384
0.775580
-0.049872
-0.076352
-0.255248
-0.223025
0.493135
0.390781
0.439992
0.664019
0.648212
-0.006713
-0.448485
-0.500067
-0.147137
-0.019015
0.207139
0.105574
0.250444
-0.218626
-0.272444
-0.149274
0.446411
-0.215662
-0.134482
-0.092428
-0.241854
-0.084904
-0.167031
-0.006797
0.024152
0.173711
0.781866
-0.444120
-0.125598
-0.012491
0.485265
-0.323368
0.049083
0.185459
0.809559
0.157522
-0.823643
-0.121159
0.011062
0.239448
0.009567
-0.534734
0.193764
-0.296023
0.031676
-0.066015
0.365259
-0.147676
0.030538
0.045045
0.203500
0.497320
0.117795
0.427977
0.507307
0.039534
-0.077440
-0.164368
-0.062273
0.006463
0.003127
-0.165345
0.282942
0.436883
0.443098
0.050319
-0.067828
0.017991
0.241419
-0.979269
0.175900
-0.399390
0.072458
-0.612902
-0.277113
-0.167345
0.602588
0.420864
-0.123963
-0.372870
-0.671323
-0.503119
-0.353797
0.109658
0.682249
-0.089933
-0.430892
0.310964
-0.603139
0.220582
0.203544
0.299156
-0.016170
0.280277
-0.216637
-0.234409
-0.139841
-0.590182
-0.085541
0.372806
-0.063540
0.454694
0.261444
0.125123
-0.260713
-0.135487
-0.527825
-0.677960
0.120058
-0.128361
0.823596
0.346575
-0.153883
-0.023887
0.242439
-0.003194
0.116661
0.409683
0.097075
-0.084402
-0.082192
-0.001487
-0.236318
-0.263525
-0.084989
0.422958
-0.350428
-0.803797
-0.213913
-0.178179
-0.274549
-0.100904
-0.128522
-0.307078
-0.454590
0.355822
0.255807
-0.030959
-0.135903
-0.185880
-0.210167
-0.047692
0.500079
-0.291837
-0.167161
-0.025934
-0.377270
0.118896
-0.273281
-0.222046
-0.220476
0.153804
0.384015
-0.027784
0.073840
-0.485432
-0.108177
0.574630
0.406966
-0.215171
-0.043407
-0.172682
-0.220075
-0.316924
0.002604
-1.213269
0.275740
-0.121100
0.203542
-0.416415
0.282235
-0.249522
-0.238912
-0.318557
-0.046249
-0.442214
-0.504289
-0.209290
0.239503
0.387004
0.181487
-0.308271
0.243630
0.402471
-0.280074
-0.126077
0.159113
0.036508
0.038753
0.383434
0.094270
-0.088609
0.291309
-0.451391
-0.593491
0.378050
0.222155
-0.100186
0.074627
-0.569211
-0.384911
-0.053370
0.253240
-0.405411
0.610036
-0.515185
0.003567
0.207891
-0.183292
0.146001
0.127112
-0.023862
0.191854
-0.098146
0.538401
-0.058033
0.165938
0.275642
0.171650
0.510223
-0.256164
0.712919
0.218879
0.098113
0.298450
-0.253512
0.037460
0.078003
0.252079
-0.337325
-0.140332
-0.082399
0.088482
-0.108458
0.445054
0.135182
0.163230
0.097056
0.129307
0.128389
-0.255460
-0.366140
-0.245085
-0.158696
-0.052806
-0.445346
-0.227038
-0.181303
-0.444999
0.553846
-0.498053
0.113181
0.105787
-0.650937
-0.005312
0.301444
0.091414
-0.111183
-0.120212
0.251979
-0.275928
-0.117892
0.052962
0.026737
0.056293
-0.049637
-0.454903
-0.147917
-0.248258
-0.260057
0.067681
0.267971
0.017101
-0.018873
-0.564807
0.187422
0.127994
-0.080277
0.332391
0.045443
-0.255432
-0.628099
0.092481
0.298936
0.477016
0.038718
-0.054346
0.123686
0.139504
0.398746
-0.095971
0.030501
-0.561978
0.050232
-0.064811
-0.494959
-0.040599
-0.517643
0.228507
-0.361795
0.448238
-0.484017
0.208504
-0.344380
0.236004
0.206065
-0.124748
-0.073252
-0.422985
0.366552
-0.449699
-0.303814
-0.039327
-0.182913
0.469892
-0.413362
0.330715
-0.196255
-0.386301
-0.127668
0.003479
-0.134971
0.097856
-0.089194
0.164408
-0.448537
-0.367183
-0.008667
0.270208
-0.309477
-0.434767
0.334427
-0.022271
-0.272026
0.262646
0.095855
0.228717
-0.269754
-0.298653
-0.070862
-0.101781
-0.270761
0.010950
-0.333974
0.071273
-0.405313
0.391617
0.561157
-0.061329
-0.239590
0.095974
0.438917
0.205763
0.448990
-0.312370
-0.288654
0.159699
0.010309
-0.233027
-0.060178
-0.092233
-0.249742
-0.329794
0.062438
0.004702
-0.140441
0.108158
-0.190435
0.185519
0.433111
-0.287248
0.673592
0.609875
0.011009
0.133022
-0.004478
0.293238
-0.162077
0.237275
0.296290
-0.352336
0.225880
0.043430
-0.264827
0.079051
-0.019417
-0.349933
-0.066793
-0.196495
-0.190579
-0.004523
-0.309552
0.445658
0.008282
-0.240719
0.199501
0.104148
-0.105353
0.174928
-0.139756
0.436587
0.090518
-0.104774
-0.252152
0.059853
-0.171315
0.224418
-0.222453
-0.011611
-0.319350
0.122539
-0.312871
-0.266705
-0.159112
0.322132
-0.212572
0.084376
-0.025492
-0.308427
0.091747
-0.093162
0.395375
-0.589785
0.670414
-0.582049
0.001471
-0.424970
0.059722
0.303638
0.105199
-0.150182
0.115392
-0.130589
-0.071658
0.485114
-0.353942
0.080779
0.223023
-0.382758
-0.110165
-0.245242
0.227338
0.020622
0.083620
0.540441
-1.027906
0.055925
-0.287941
0.131113
0.202794
0.030534
0.234765
0.281081
0.328788
0.085100
-0.363346
0.040503
0.189625
0.107533
0.171246
-0.065289
-0.492164
-0.189247
-0.024419
-0.074908
-0.016747
-0.101226
-0.242445
-0.630087
0.364950
0.102034
-0.016611
0.599696
-0.001479
0.327824
-0.199788
0.044098
-0.062778
0.247850
0.101937
-0.241818
0.333653
0.161159
0.429031
0.395087
-0.121709
0.404668
-0.029197
0.530202
0.159221
-0.044780
-0.065659
-0.323332
-0.164381
0.111298
-0.172735
0.042072
-0.476574
0.126284
0.121416
-0.278258
0.301474
0.209778
-0.040959
-0.320092
0.868492
0.212476
0.089726
0.037463
-0.300787
-0.369915
-0.273089
-0.079675
-0.103195
-0.304578
-0.538576
0.251230
-0.118746
0.198038
0.220542
0.150994
-0.051706
-0.151073
0.087472
-0.552153
0.157282
-0.260537
-0.077775
-0.280924
-0.415821
0.053363
-0.089581
0.191724
-0.008556
0.670342
-0.084556
0.230942
0.170884
-0.043776
-0.473231
-0.136126
-0.321935
0.166723
-0.217357
0.475600
-0.380430
-0.079119
-0.052551
0.097630
-0.079453
-0.228856
-0.518751
-0.252637
0.054327
-0.092528
0.066207
-0.495345
-0.376571
0.452856
-0.068866
0.302697
0.336703
0.217007
-0.198237
0.089024
0.212203
0.211050
0.503194
-0.134452
-0.076002
0.172203
0.196003
-0.412719
0.406412
-0.281814
-0.292777
-0.218768
0.142989
-0.051098
-0.118222
-0.168464
-0.162395
-0.570916
0.273691
0.205649
-0.026688
0.043727
-0.160544
-0.447498
-0.234439
-0.057389
0.421065
0.320350
0.482312
0.251775
0.497818
0.463415
0.698314
0.391944
-0.018219
0.122427
0.591929
-0.147272
-0.081380
0.303448
0.046351
-0.087371
0.203232
-0.282207
-0.071735
0.471375
-0.671254
-0.368406
-0.371333
-0.423680
-0.094325
-0.029577
0.587328
0.403633
0.535006
0.208504
-0.190933
-0.361672
0.628145
-0.230315
0.069527
0.175297
0.084580
-0.250573
0.228130
-0.186021
-0.132350
-0.162082
-0.094360
-0.640494
0.071747
0.299763
-0.371368
0.510615
-0.146118
-0.141208
0.516382
-0.134767
0.297614
-0.048259
-0.082921
0.206051
0.589335
-0.068327
-0.394093
0.277248
0.453187
0.037770
0.175704
-0.628985
-0.290511
-0.135128
0.235628
-0.646146
-0.476416
0.477499
0.201148
0.254525
-0.188544
-0.016536
-0.112148
-0.568259
-0.083035
0.025067
-0.599406
-0.194324
-0.152452
-0.472326
0.361051
0.112736
-0.309957
-0.038204
-0.100056
-0.665529
-0.170038
0.282744
0.240612
0.343121
-0.293067
-0.180988
0.556138
0.155074
-0.409669
0.358465
0.229535
0.245117
-0.047185
-0.333634
0.197865
0.106668
-0.083443
0.054217
0.324319
-0.300411
0.331802
0.198782
0.253208
-0.267662
0.034376
0.179412
-0.611116
0.585843
0.017578
0.052464
0.078708
0.214501
-0.124500
0.139836
0.495553
-0.525154
-0.166723
0.390745
-0.020641
-0.221708
0.151701
-0.110890
0.299324
0.357326
0.260451
-0.672973
-0.267431
0.477461
-0.057363
-0.173466
