0.041312
0.081066
0.100226
-0.327656
0.496102
0.323224
-0.026273
0.199271
0.060069
0.053333
0.118365
-0.198062
0.217546
0.489735
0.086068
-0.276160
-0.084247
-0.082284
0.056606
-0.632959
-0.070207
-0.418167
0.240749
-0.337699
-0.119461
-0.229381
-0.130354
0.081882
0.735496
0.242119
0.010105
0.480501
0.550610
0.077035
0.292775
-0.332396
-0.175241
0.086859
0.023850
0.136531
-0.122226
-0.250257
0.409116
-0.187175
-0.123467
0.031934
0.189936
0.189373
0.031686
-0.156184
-0.120097
-0.184528
-0.385953
-0.262981
-0.013305
0.140648
0.152849
0.428517
0.143860
-0.253020
0.035448
-0.284314
0.286970
0.483838
-0.266356
-0.235765
0.215006
-0.043927
0.189502
-0.039053
0.226657
0.343329
-0.167475
-0.262100
0.058788
0.113556
0.028582
0.420986
0.092978
0.159758
-0.245769
0.034629
-0.131347
0.137855
-0.276752
-0.332829
-0.082622
-0.008490
-0.133605
-0.304676
0.231049
-0.332980
-0.047260
0.202664
0.450790
-0.319518
-0.377247
-0.046709
0.199832
-0.160035
-0.020694
0.140406
-0.369953
0.468285
-0.122284
0.002945
0.578943
-0.092701
-0.369429
-0.108110
-0.075935
-0.000830
-0.499005
0.276344
-0.457775
0.133471
-0.355405
-0.098281
-0.052128
-0.045938
0.721419
-0.272880
0.489910
0.267921
0.181603
0.127049
0.400595
-0.437662
0.049329
0.089092
-0.049205
-0.189365
-0.124080
0.209469
-0.080825
-0.471372
-0.284821
-0.275085
-0.657190
-0.043319
0.405238
-0.004426
-0.138833
0.065061
0.053451
-0.095201
-0.193665
-0.157573
-0.052227
0.225576
-0.541395
0.013654
-0.214120
-0.139619
-0.652751
0.282244
-0.568088
-0.341503
0.233987
0.342383
0.022963
0.478601
-0.239543
-0.030446
0.406027
-0.030792
-0.422315
0.161268
0.190806
0.406929
-0.176259
0.085128
-0.337546
-0.077037
-0.091130
-0.039719
-0.285597
0.137252
0.296683
-0.278957
0.104857
0.117432
-0.209217
0.225112
0.731261
0.142461
0.274419
-0.333952
0.115007
0.114689
0.186351
0.112793
-0.123277
0.010138
-0.184076
0.027447
-0.440382
-0.255103
-0.123543
0.030416
-0.384377
0.280776
-0.390100
0.234443
0.517813
-0.019282
-0.501352
0.276204
-0.022103
-0.016286
0.047617
-0.159769
-0.069216
-0.023427
0.130298
0.284366
0.282454
-0.070993
-0.063096
0.108157
0.144456
0.152068
0.402894
0.264185
0.121087
0.481204
0.274950
0.125278
-0.213065
-0.175488
0.174829
0.152193
0.065772
0.481748
0.014876
0.041617
-0.231746
-0.380118
0.024029
0.336925
-0.571132
0.176486
0.089676
0.766816
-0.267740
0.366276
0.203445
-0.221258
0.539781
-0.513942
-0.210881
0.306490
0.008326
0.268834
-0.154167
0.052304
0.127342
-0.505962
-0.095682
0.220970
0.095222
-0.360957
-0.434712
0.291994
-0.360947
-0.274240
-0.184824
0.074099
-0.294441
0.017749
-0.295999
0.041637
0.276062
-0.314482
-0.009642
-0.247704
-0.069144
-0.018906
-0.225535
0.197092
0.077654
-0.160065
-0.112936
0.137321
-0.055862
-0.248652
-0.309335
0.390599
0.073273
-0.064943
-0.020205
-0.078128
-0.244380
-0.007834
-0.493048
0.022868
0.111658
0.000750
-0.447183
-0.214112
0.049125
-0.310400
0.538481
0.497654
-0.499941
-0.002228
-0.198110
0.135546
-0.107853
0.165260
0.440939
0.361221
0.041157
0.034798
-0.002849
-0.557753
0.072557
-0.307056
-0.082311
0.037059
-0.369650
-0.234601
0.146755
-0.244834
0.270525
-0.003913
-0.361205
0.226448
-0.499558
0.257452
0.239472
-0.100918
-0.231000
-0.169735
0.080971
-0.482766
0.094578
0.107820
0.171414
0.153041
0.291164
0.230260
0.408933
-0.342694
-0.218883
0.022320
0.146902
0.517137
-0.311382
-0.051920
0.056468
0.019361
0.018144
0.118700
0.256342
-0.049153
0.299360
0.181116
0.421177
-0.014577
0.016037
-0.318275
-0.213686
0.337823
0.123694
-0.025932
-0.186691
-0.054281
0.042698
-0.103044
-0.084846
0.284880
0.018490
0.146220
-0.005648
0.045589
0.101203
-0.040842
0.408459
0.295984
-0.095861
-0.064612
-0.033987
-0.084673
-0.044727
-0.155326
0.300414
0.048725
-0.121638
-0.159837
0.519903
-0.002707
0.109813
-0.018933
0.424806
-0.480008
0.000648
-0.446003
-0.461350
-0.082597
0.108085
0.014906
-0.666151
0.746010
0.219516
-0.125816
0.132172
0.225552
-0.040788
-0.275695
-0.157010
0.079996
-0.341688
-0.016036
0.517485
0.462131
-0.158212
0.089953
0.373970
-0.042722
0.041281
-0.120944
0.296604
-0.130682
0.049321
-0.534911
0.058707
0.148675
0.060968
-0.260533
0.536999
-0.121370
-0.008606
-0.084673
0.156318
0.267270
-0.223646
0.090579
0.143998
-0.069788
-0.456353
-0.016544
-0.101412
0.119487
0.054525
0.200995
-0.035140
0.173466
-0.535852
-0.175925
-0.175060
0.220880
0.111822
0.788985
0.179073
-0.250487
0.022685
0.128372
-0.038417
0.404726
0.194518
-0.099008
0.153903
0.182632
0.236647
0.013506
-0.256480
0.002687
-0.106511
-0.267972
-0.037060
0.118662
-0.496979
-0.065830
-0.140369
0.216245
-0.200258
-0.091044
-0.001151
-0.120439
0.294063
0.358913
0.119456
-0.066337
-0.100281
0.362692
0.020065
-0.183006
-0.019266
0.224750
-0.148782
0.676472
0.445351
0.277803
0.325566
-0.455377
0.325867
0.329548
-0.032415
0.172709
-0.186625
-0.165354
0.331202
0.051774
-0.112258
0.418205
0.028133
-0.184284
0.261425
-0.226641
0.015160
0.433397
-0.150716
-0.261612
0.025185
0.235900
0.088586
0.487493
-0.081264
-0.159719
0.057032
0.367004
0.045175
0.578164
-0.135337
0.193459
0.681854
0.266584
0.476845
-0.199278
-0.048119
-0.302965
0.294894
-0.157705
0.352842
0.125884
0.363860
0.219520
0.158570
-0.225627
0.597512
0.422565
0.458780
0.011910
-0.659345
0.160707
0.033769
0.159578
0.283029
-0.165453
-0.026133
-0.040418
0.308966
-0.177334
-0.521019
-0.295915
-0.210918
0.064867
0.439177
0.121673
-0.094981
0.256229
0.012057
-0.309589
-0.299583
-0.204810
0.026108
0.151227
-0.158028
-0.203907
0.321146
-0.288251
-0.129028
-0.411849
-0.207952
-0.324573
-0.314758
0.039721
0.196983
-0.344926
0.098757
0.067357
-0.602196
0.511571
-0.350476
0.101331
-0.037209
-0.226434
-0.224229
0.144222
-0.087345
-0.020779
0.265346
0.180506
0.030959
-0.140481
-0.064955
-0.360751
-0.107962
0.138753
0.598362
0.073013
-0.095752
0.065657
-0.094512
0.340494
0.091461
0.088621
-0.485761
-0.503501
-0.187724
-0.070921
0.228043
0.326864
-0.298454
0.505670
0.021973
0.405463
-0.055149
0.123462
-0.331104
0.330435
-0.058981
0.327373
-0.333245
-0.366685
0.127703
0.354991
-0.117283
-0.114312
0.080585
-0.142226
0.204256
-0.297621
-0.415288
0.065289
-0.075523
-0.171586
0.081360
-0.168670
0.179268
0.072769
-0.091296
0.108321
-0.228780
-0.364902
-0.336528
0.326233
0.270485
0.104489
0.457407
0.113418
-0.290503
0.260076
0.031381
-0.357222
0.041639
0.273807
0.067235
-0.025332
-0.051795
0.151124
0.391713
-0.374981
-0.075800
0.046439
0.031412
-0.507704
0.144569
-0.115008
-0.465495
0.122194
-0.172959
0.337173
-0.250328
0.417514
0.224402
-0.032233
-0.038050
-0.255331
-0.095008
-0.209254
-0.185919
0.367097
0.077416
-0.421359
-0.223906
-0.136938
-0.325935
0.091655
0.096960
-0.591438
0.066799
0.022012
0.208408
-0.210167
-0.036220
-0.213087
-0.437361
0.165995
0.039858
0.086054
0.356181
-0.062157
-0.207437
-0.133051
0.085075
0.158410
0.123125
0.014831
0.100688
0.049368
-0.402719
-0.266202
-0.092951
0.047417
0.099659
0.004339
0.039157
0.057486
0.193702
0.121375
-0.019795
-0.167190
0.124916
0.492592
0.154339
-0.285723
0.298052
-0.040806
0.094443
0.223345
-0.093846
-0.269459
-0.512835
0.176430
-0.259000
-0.739012
-0.003749
-0.171762
0.144947
0.317909
0.301764
0.030204
-0.108788
-0.068077
-0.399508
-0.669787
-0.209512
-0.394282
-0.309405
0.473509
-0.394813
0.191099
-0.103924
0.414713
-0.360511
0.401055
-0.107723
0.282749
0.177562
0.010956
0.316261
-0.141919
-0.195437
-0.032736
0.074661
-0.594537
-0.185087
-0.010894
0.244606
0.506454
-0.310944
-0.014994
-0.224907
0.164354
0.069271
-0.159016
0.081922
-0.041793
0.145626
-0.089686
-0.007436
0.007841
0.269945
-0.055893
0.250348
-0.347492
0.155395
-0.405067
-0.372485
0.139190
0.241084
0.073036
-0.094558
-0.010494
0.180196
0.477178
0.097105
-0.283677
-0.143693
-0.028867
0.106581
-0.090588
-0.108892
-0.214115
0.207649
-0.021750
0.154570
0.171757
0.118564
0.557716
0.311473
-0.071916
-0.080632
0.307154
0.214946
0.252123
-0.046277
0.138983
0.031920
-0.135311
0.237175
0.016464
0.199815
0.044191
-0.051177
0.637061
0.263474
0.354337
-0.341102
0.168797
-0.208217
0.087176
0.101507
-0.421240
-0.131800
0.103816
0.144735
-0.343709
-0.188805
0.508052
-0.065529
0.645805
-0.020929
-0.236300
0.441505
-0.039357
0.165701
-0.229920
0.265338
-0.627855
0.032193
-0.156644
0.116743
0.234584
-0.330907
0.155331
0.103426
0.125250
-0.262750
0.169945
-0.060458
-0.234732
0.257367
-0.118073
-0.309299
-0.058086
0.301080
0.178187
0.370998
0.140449
-0.286225
0.375521
0.004385
-0.156294
0.490801
-0.289383
-0.391175
0.108983
0.260827
-0.034100
-0.366246
0.035553
-0.112380
-0.208325
0.076221
0.256018
-0.089169
-0.523028
-0.276472
-0.331951
0.571575
-0.199427
-0.637083
-0.190375
0.195210
0.131666
-0.033001
-0.090717
0.281921
0.403375
-0.159745
0.122933
0.357740
-0.513381
0.004625
0.482793
-0.242368
0.372363
-0.076011
0.133836
0.430704
0.162803
0.375499
0.284762
-0.032128
-0.276458
-0.034400
0.211894
-0.291046
0.049292
0.023164
-0.009553
-0.095225
-0.063687
0.198223
0.327857
0.056353
-0.029472
-0.393331
0.084585
0.157475
0.278029
0.107817
0.219491
-0.180844
0.397286
-0.216079
0.234248
-0.068640
0.048227
-0.149100
-0.013009
-0.212482
-0.009844
-0.165501
0.333696
0.018462
-0.241918
-0.220479
0.156208
-0.402585
-0.399730
-0.377154
0.672424
0.005662
-0.126053
0.059229
-0.725414
0.122227
-0.380220
-0.061217
0.132256
-0.070646
0.238992
-0.402114
0.430829
-0.200979
0.045760
0.146311
-0.068972
-0.411790
-0.101112
-0.117112
-0.055154
0.477896
-0.053474
0.278121
0.022614
0.281588
-0.060826
0.455796
0.238279
0.030066
-0.506986
-0.232587
-0.337459
0.048691
0.123329
0.237075
-0.121834
0.194496
-0.149421
0.053533
0.417846
0.188995
-0.074127
-0.268189
-0.154768
0.215302
-0.013242
0.064458
-0.051228
0.171139
0.053215
0.033683
0.006031
0.098190
0.044017
0.040802
-0.283199
0.044943
0.288723
0.347407
-0.068049
0.060669
-0.051115
0.846319
-0.041149
-0.202882
0.021981
0.127143
0.054292
-0.206815
0.226696
0.312805
0.222988
0.189115
0.028052
0.026125
-0.169570
-0.029071
0.048277
-0.229898
-0.003442
-0.061213
-0.162546
-0.286346
-0.067713
0.026523
-0.469867
0.024644
0.114576
-0.024334
0.078191
0.228398
-0.104202
0.570128
-0.424294
0.364263
-0.271486
-0.317513
0.268859
-0.043560
-0.056738
-0.250086
-0.126303
-0.154830
0.548804
0.252940
-0.097694
-0.446999
0.101936
-0.169561
-0.477515
0.286554
-0.229032
0.065741
-0.259227
0.407391
0.193153
0.325472
-0.213401
0.260477
-0.065619
-0.285461
-0.026623
-0.055987
0.038792
-0.048658
0.232779
0.041636
0.021391
-0.088993
0.151374
0.069097
0.129081
-0.069370
0.345189
-0.212594
-0.509595
0.536782
0.542076
-0.247107
0.381787
-0.319849
0.434421
-0.002199
0.170815
0.295966
-0.185931
0.091849
0.269650
0.291985
-0.187235
-0.238685
-0.257696
-0.130479
-0.166841
0.141143
-0.027735
-0.129837
-0.059820
-0.346860
-0.157795
-0.185080
-0.220793
0.035482
0.017582
0.226874
-0.184511
-0.142080
-0.230472
0.098667
-0.485741
-0.093252
-0.290631
-0.189889
0.806190
-0.232563
0.352336
0.009997
-0.294262
0.223320
0.001124
0.355466
0.068824
0.214037
0.246522
-0.243460
0.255563
-0.096091
0.281544
-0.566889
0.045158
-0.126799
0.169393
-0.484986
0.207016
0.379300
0.032895
-0.184659
0.339750
-0.044814
0.171364
-0.007672
0.288583
0.232119
0.130913
0.060490
0.091834
0.275841
0.051139
0.434662
-0.188577
0.059347
0.168116
-0.153151
0.232706
-0.256544
-0.145861
0.038897
-0.296572
0.038115
-0.154210
0.056044
-0.226255
-0.440660
0.151434
-0.334897
0.406244
-0.348118
0.013993
-0.270595
0.212200
-0.258185
0.039598
-0.333899
0.201676
0.220148
-0.314689
-0.036272
-0.007683
-0.282673
0.081889
-0.158552
0.024959
0.138239
-0.065464
-0.263641
0.357232
-0.021547
0.280182
-0.020522
-0.139987
0.231074
-0.299745
-0.002500
0.187831
0.077365
-0.123291
0.526180
-0.009034
-0.164332
-0.384570
-0.241905
-0.049491
-0.034773
-0.566200
-0.349357
0.064004
0.121743
-0.238421
-0.221653
0.922374
0.120495
0.175195
-0.170314
0.369708
0.357502
0.149771
0.388355
-0.249241
-0.382505
0.086575
0.157010
-0.013836
-0.156919
0.375881
0.071544
0.043084
-0.089694
0.075813
0.323414
0.173398
-0.235089
-0.137088
0.036618
-0.097509
0.068899
0.083197
-0.220223
0.295474
0.340144
-0.240549
0.475216
-0.406210
-0.458476
0.178302
-0.171700
-0.139026
-0.061689
0.615206
0.162206
-0.306248
-0.277209
0.039587
0.040108
-0.063457
0.258333
0.106505
-0.618571
0.186097
0.048884
0.141218
0.413906
-0.464954
-0.167133
0.237161
-0.037660
0.071010
-0.395059
-0.149578
0.273283
0.516765
-0.459777
0.246726
-0.408765
-0.089284
0.244665
0.426260
0.198393
-0.079349
-0.135827
0.255015
0.220292
0.127054
0.153343
0.181541
0.051573
0.072912
-0.114175
0.196198
-0.053978
0.009215
-0.205757
-0.546152
-0.045063
0.089269
-0.476868
-0.433852
-0.125696
-0.170887
0.058031
0.287140
0.082404
-0.090552
-0.020659
-0.180303
-0.086531
-0.046695
0.342725
-0.230147
0.704365
-0.214350
-0.060074
-0.140340
-0.090527
-0.014724
-0.138999
0.021442
0.022468
0.407318
0.052572
-0.353725
-0.057599
0.200970
-0.108099
0.168959
0.164878
-0.432487
-0.077378
0.158108
-0.301545
-0.532734
-0.378853
0.404619
-0.097785
-0.346679
0.129998
0.186683
0.120508
-0.084603
-0.374685
-0.471753
0.340632
-0.440873
0.095941
-0.093075
-0.201491
-0.382158
-0.173442
-0.054207
0.119373
-0.016846
-0.039782
-0.059895
-0.189925
-0.075608
-0.052990
0.117996
-0.200743
-0.483594
-0.319595
0.114289
0.104805
0.006443
0.237699
-0.005978
0.270384
-0.062274
-0.028123
-0.260638
0.171469
0.119354
-0.435322
0.183254
-0.135592
-0.051172
0.050601
-0.201601
-0.153995
-0.121033
0.028769
-0.315494
-0.085213
0.037630
-0.117179
-0.141838
-0.073531
0.138927
0.588826
-0.344996
0.004173
-0.115641
-0.252132
-0.219504
0.262702
-0.384115
0.251560
-0.024707
0.272305
-0.037088
-0.349224
0.140148
0.049843
-0.298279
-0.076048
-0.126586
0.077813
-0.102434
-0.201219
0.355035
-0.087571
-0.173959
0.419292
-0.335060
-0.251133
0.212574
0.257866
-0.363387
-0.111058
0.313728
-0.032417
0.314326
-0.083730
0.348453
0.310784
0.137582
-0.079817
0.225533
0.204139
-0.046394
0.508440
-0.418452
-0.156893
-0.134747
-0.421462
0.182764
0.171774
-0.090033
0.019394
-0.089485
0.189776
0.501598
0.132209
0.266483
0.321902
0.161982
-0.328269
0.298632
0.074123
-0.734617
-0.102934
0.037783
0.316614
0.346243
-0.135876
-0.132732
-0.090049
-0.194634
-0.411892
-0.325506
-0.376813
-0.187601
0.002232
0.226992
0.023254
-0.394431
-0.202760
-0.481240
0.573602
0.324799
0.494205
-0.145870
0.297878
0.472007
0.020642
0.339696
0.234933
0.179591
0.023263
0.026972
0.387568
0.286550
-0.262575
0.008282
0.490386
0.093954
-0.097573
0.168781
0.059211
-0.298882
-0.048954
0.122608
0.155403
-0.186755
-0.076991
0.016358
-0.003116
-0.543726
-0.107246
0.133368
-0.543255
-0.084480
0.074992
0.082746
-0.053357
-0.100788
-0.003091
0.452290
0.008422
0.061393
0.387398
0.301707
0.208298
0.270666
-0.255706
0.056994
-0.325598
0.263200
-0.270446
0.505012
0.101873
-0.120066
-0.031916
0.063944
0.023894
0.006429
-0.111030
-0.069018
0.033222
0.299313
-0.013183
-0.053884
0.380943
-0.049356
0.350407
0.110951
0.550040
0.025904
0.304167
0.155517
0.079591
-0.188202
0.000949
-0.203064
-0.272339
-0.240881
-0.496189
-0.253210
-0.478647
-0.112324
-0.698880
-0.361942
-0.583914
-0.236588
-0.657428
-0.636473
-0.276375
-0.217192
-0.231540
-0.185742
0.057557
0.069042
-0.320117
0.038898
-0.017444
0.124419
0.214850
0.091289
0.217575
-0.029748
-0.374047
0.322267
0.450753
0.680030
0.961561
0.256224
0.506298
0.231411
0.614394
0.509270
0.809596
0.812809
0.343168
0.727253
0.330716
0.400442
0.005684
0.020268
-0.299071
0.444565
-0.079376
0.622009
0.027681
-0.215939
-0.186171
-0.093142
-0.178809
-0.452857
-0.622529
-0.129134
0.012252
-0.214961
-0.270903
-0.229355
-0.194176
-0.266344
-0.230003
0.266532
-0.422367
0.203544
-0.218504
-0.340963
-0.073474
0.110812
0.236986
0.039072
0.090734
0.113417
0.086970
-0.113611
-0.354794
0.101834
0.074482
-0.065319
0.294907
-0.261963
0.437970
-0.165053
-0.182148
-0.193837
0.259949
0.074789
-0.130326
0.161342
0.488603
-0.488772
-0.310113
-0.699999
0.158167
0.168422
0.093821
0.640857
0.348418
0.195883
-0.019130
-0.457805
0.269108
-0.201643
-0.042792
0.064294
0.180466
0.001788
-0.095322
0.431657
0.004014
0.271934
0.040568
0.031310
-0.069719
-0.245309
0.062330
0.222389
-0.318878
-0.369828
-0.218196
-0.326219
0.128686
-0.054853
-0.343064
0.181043
-0.457848
-0.443293
0.005019
0.104798
0.351660
0.179302
0.213691
0.601078
-0.233595
-0.157488
-0.507483
0.136177
0.215836
-0.169271
-0.422227
-0.215466
-0.067012
-0.067380
0.706104
-0.361637
-0.304967
0.124369
-0.236190
0.008155
0.201205
-0.293768
0.044950
0.001223
-0.554403
0.146143
0.134630
-0.085698
0.063116
0.263142
-0.057909
-0.030196
-0.195937
-0.320755
-0.035658
0.315077
-0.016508
-0.114823
0.314577
0.123951
-0.287984
0.091010
-0.002866
-0.216090
-0.070268
0.027891
0.339493
0.221960
0.021796
0.306185
-0.066939
-0.220728
-0.120478
-0.070085
-0.135132
-0.297084
-0.306950
-0.120281
-0.195971
0.028280
0.358813
-0.330156
-0.134709
-0.555452
0.068378
0.153493
0.020322
0.072293
0.022938
0.025510
0.272410
0.025361
-0.035973
0.412818
0.450295
0.048181
-0.046978
-0.009542
0.349771
-0.138738
-0.101828
0.262523
0.017541
0.274001
0.513395
-0.064215
0.108127
0.166728
-0.363432
0.071449
-0.175301
-0.268822
-0.292777
-0.315406
-0.444497
-0.060638
-0.021881
0.155095
-0.247163
0.144862
-0.507453
0.196360
-0.164220
0.082024
0.127656
-0.356463
0.089701
0.452417
0.000410
0.178690
-0.342066
0.061202
-0.325217
-0.274890
0.539670
-0.184404
-0.333916
-0.037799
-0.176799
-0.178512
-0.398376
0.398607
-0.309669
-0.175018
-0.022630
-0.023530
0.045360
-0.229649
0.131929
0.138674
0.030056
-0.089743
-0.328094
-0.274745
-0.128617
0.107466
0.190646
-0.024519
0.066340
-0.149744
-0.227166
0.102847
-0.603643
0.028652
-0.268339
0.062617
-0.186665
0.225538
-0.177812
-0.021200
0.393952
0.219327
-0.288770
-0.227142
0.014147
0.150207
0.192200
0.136595
-0.221988
0.424485
-0.116918
-0.169365
0.259739
0.241215
-0.240561
0.326662
0.085724
0.604362
-0.051941
-0.051772
0.076643
-0.144772
-0.145536
-0.353294
-0.165909
0.059911
0.120846
-0.246054
0.339525
-0.337517
-0.099944
0.103923
0.392161
-0.374053
-0.256297
0.008017
-0.001883
-0.145000
0.436848
0.361080
0.258220
-0.194071
-0.471966
0.248528
-0.083649
-0.289234
-0.425356
0.496332
-0.102515
-0.130813
-0.098467
0.485893
0.022884
-0.299683
-0.148040
0.411713
0.127968
-0.110880
-0.399896
-0.044299
0.135131
0.216513
0.250983
0.030965
-0.130401
-0.088117
0.005867
-0.055933
-0.024073
-0.409202
0.254868
0.224283
0.597496
0.282768
-0.596289
-0.391566
-0.174541
-0.101439
-0.116399
0.407163
-0.119268
-0.238005
0.146817
-0.050219
-0.117449
-0.065601
-0.001562
-0.030751
0.025779
-0.206301
0.188862
-0.096482
0.004578
0.142284
-0.424071
0.073231
-0.141138
-0.092163
-0.026212
0.414456
0.538134
0.150941
0.353540
-0.089546
0.447720
0.156933
-0.079822
-0.203597
0.278903
0.317125
0.090514
-0.256241
-0.172563
0.299402
0.207017
-0.021924
-0.348294
-0.329534
0.135208
-0.174626
0.225630
-0.222713
-0.153194
0.157508
-0.338521
0.485359
0.222903
-0.077804
0.317962
-0.219099
-0.044518
0.273428
0.253276
-0.262165
0.566730
-0.144934
0.481510
0.121446
0.369745
0.189461
0.343610
-0.355521
-0.029559
0.243806
0.088176
0.247281
-0.129341
0.075730
-0.151590
-0.214889
0.291092
-0.246047
-0.435349
-0.038557
0.138848
-0.254021
0.126018
0.088442
-0.090208
0.121567
0.175748
0.538640
-0.241544
0.113959
0.028240
-0.209216
-0.364864
-0.069031
-0.151455
0.038010
-0.017522
0.209321
-0.302143
0.322898
-0.109799
0.094537
0.245501
0.218864
0.320098
0.328459
0.057774
0.199926
0.055190
0.301376
0.177983
0.367232
0.497148
0.245809
-0.431783
0.269351
0.257841
-0.155965
0.149170
-0.280311
-0.449203
-0.005892
0.060676
0.201677
0.170678
0.002002
0.038095
0.258021
0.431419
0.262499
0.480123
-0.076186
0.347669
-0.183556
0.352698
-0.113117
-0.143176
0.303921
0.033476
0.115319
-0.372572
-0.068084
-0.079905
-0.057227
-0.766954
0.049344
-0.113338
0.573956
0.174267
0.162633
-0.307632
0.134234
-0.286139
0.032233
0.034541
0.594712
-0.282917
-0.337426
-0.095029
0.120401
-0.100264
-0.296029
0.299451
-0.425676
0.115986
-0.385806
0.014352
0.121274
-0.098898
-0.045331
0.146667
0.274922
-0.446303
0.303859
0.187602
-0.349644
0.346405
-0.174746
0.121650
0.038862
-0.180531
-0.190616
0.432318
0.094846
-0.070895
0.143370
0.544315
0.241512
0.400175
0.003068
-0.405531
-0.566491
-0.364121
0.305645
-0.027855
-0.223942
0.309394
0.110349
0.364879
-0.287630
-0.442390
-0.163667
-0.286147
-0.093449
0.226748
-0.015329
0.297999
-0.061772
0.223653
-0.252900
-0.223519
0.452165
-0.295018
0.078909
-0.203259
-0.074570
-0.205853
0.153283
-0.740463
-0.452836
-0.290806
-0.017812
0.237324
0.228497
0.004145
0.223495
-0.353991
-0.122692
-0.038971
-0.095903
-0.000520
-0.213968
0.204673
0.281206
0.236080
0.493902
-0.464545
-0.060396
0.098865
0.599249
-0.114011
0.335521
0.291052
-0.148134
0.019165
0.013599
0.206508
-0.606865
0.501745
-0.271244
0.199485
-0.525500
0.159295
-0.016856
0.502156
0.332810
-0.176861
-0.015732
0.265834
-0.070401
-0.320782
-0.275543
-0.356657
0.128816
0.073056
-0.020660
-0.243038
-0.496577
-0.149136
-0.031602
0.152959
-0.014124
-0.377510
-0.083616
0.101023
-0.188247
0.025004
-0.124594
0.031785
-0.041351
0.189681
-0.075720
-0.154399
-0.166855
-0.320318
-0.046738
0.689724
-0.123915
-0.262915
-0.488653
0.127997
0.232810
-0.008547
0.265800
-0.333754
0.137404
0.778086
-0.378645
0.348357
0.156504
-0.323201
-0.407012
0.349085
-0.035583
0.203972
-0.594867
0.086678
0.469050
-0.418512
0.202034
0.104529
-0.018847
-0.420491
-0.715588
0.008189
-0.010414
0.079672
-0.064997
0.157804
0.045716
0.107369
0.006626
0.142549
-0.366318
0.002263
0.038193
-0.111769
0.222342
-0.055182
-0.349503
0.283527
0.006573
-0.244253
-0.390667
0.443287
-0.226084
0.107999
-0.243980
-0.128483
-0.165442
0.309658
-0.023970
-0.003302
-0.261460
-0.071780
-0.308452
-0.078695
0.529643
-0.095530
0.199462
-0.463426
-0.112468
-0.016584
0.179170
-0.276666
-0.408123
0.286208
-0.354290
-0.223310
0.229610
-0.363750
-0.084801
0.403152
-0.183062
-0.136331
-0.303860
-0.122495
0.400234
-0.219542
0.182116
0.373256
-0.009807
-0.108535
0.284264
-0.186086
0.053517
0.357877
-0.134322
0.233792
-0.173945
0.226507
-0.267411
0.025163
0.064219
0.019849
-0.112878
-0.267324
0.035697
-0.558806
-0.148614
-0.176734
-0.015273
-0.104079
-0.083613
-0.278439
-0.257807
-0.037734
0.019034
-0.115041
0.066255
0.059177
0.111120
0.226811
-0.245704
0.519705
-0.274225
-0.348261
-0.018995
0.117946
-0.350775
0.413790
0.300830
-0.412123
-0.278067
-0.361370
-0.099983
-0.077874
0.284177
-0.004030
0.204982
0.070631
-0.287473
0.227986
0.018737
-0.379569
0.028207
-0.245908
0.383027
-0.119878
0.245312
0.139177
-0.186672
0.161936
0.157046
-0.221738
-0.066789
-0.160950
-0.116543
-0.605707
0.174983
0.633145
0.175546
-0.506058
-0.238672
-0.437958
-0.233876
-0.119784
-0.441488
0.479548
-0.063817
0.130788
0.111793
-0.298348
0.012490
0.064804
-0.072798
0.014214
-0.041702
0.111587
-0.150099
0.110755
0.146606
-0.030491
-0.139484
0.133649
0.188718
0.080943
0.033742
-0.092579
-0.515113
-0.097339
-0.226387
-0.079788
0.198290
-0.110189
0.179182
0.350870
0.256237
0.457363
0.124613
0.089748
-0.155465
0.297515
0.049602
-0.009739
-0.301298
-0.191085
-0.489588
0.184007
-0.155418
0.117070
-0.042880
0.462077
-0.008129
-0.100792
0.073814
0.233782
-0.093623
0.341742
0.018727
-0.162252
-0.267619
-0.261668
-0.032166
0.368226
0.060465
-0.137487
-0.346676
0.113304
0.184369
-0.007484
0.095611
-0.124342
-0.415076
0.036152
-0.346424
-0.191756
-0.154215
0.040657
-0.263884
-0.010037
0.608831
0.077702
-0.086828
-0.610414
0.151921
-0.406778
0.387030
-0.029315
-0.015745
-0.163938
0.155314
-0.051997
-0.199624
-0.037960
-0.129693
0.158693
-0.241977
0.065218
0.373419
0.189465
0.278030
0.075073
0.023976
-0.228874
-0.265746
-0.019771
-0.055252
0.205402
0.035708
0.182739
0.109864
-0.069231
-0.199817
-0.273493
-0.115482
-0.032312
0.362878
0.478285
-0.235262
-0.064052
0.462091
0.209566
-0.300096
0.128948
0.574790
0.148733
-0.050183
-0.123871
0.064578
-0.070341
-0.122419
-0.077288
0.140331
0.302563
-0.368947
-0.108554
-0.352024
-0.255385
-0.384048
-0.109070
0.432206
0.312148
-0.541487
0.066361
-0.230060
-0.191709
-0.181557
0.360303
-0.064490
0.030712
0.000345
0.362449
-0.459864
0.138143
0.546213
-0.230751
0.080466
-0.027108
-0.499749
-0.057574
0.106760
-0.339129
0.329486
0.351650
0.048556
0.129238
-0.131554
-0.040286
-0.007992
-0.606953
-0.048861
0.499169
-0.338170
-0.405153
0.365327
-0.072353
0.087857
-0.251485
0.401152
-0.230826
-0.665500
-0.282326
-0.176317
-0.433148
-0.171865
0.385467
0.182001
-0.025487
0.307695
0.182225
0.234574
0.290220
0.614311
-0.169322
0.010289
-0.087941
0.149180
0.175717
-0.436152
0.050258
0.272156
0.258277
-0.087675
-0.264449
-0.455636
0.175106
-0.039550
-0.003939
0.056952
0.153914
-0.151638
0.341256
0.330111
0.049553
0.288434
0.063869
0.345469
-0.019718
0.406848
0.047825
0.079790
0.267622
0.013706
-0.128073
0.100650
0.180799
-0.258057
-0.161475
0.252146
0.046883
-0.449449
-0.235647
0.016634
-0.069478
-0.243500
-0.363102
0.070680
-0.388962
0.530298
0.374352
-0.027388
0.001259
0.282907
0.054264
-0.007957
0.188638
-0.307760
-0.150096
0.158882
0.172410
0.082305
-0.118792
-0.199825
-0.458060
0.004940
0.517418
0.077705
0.121054
-0.488403
0.140009
-0.062014
0.174088
-0.122776
0.174572
-0.054405
-0.022145
-0.211330
0.040052
-0.165706
-0.455538
0.285571
0.083065
0.355563
-0.474300
0.002516
-0.092498
-0.429424
-0.033472
-0.061061
-0.166456
-0.247018
0.133121
-0.554660
0.123613
0.214488
0.274686
0.215599
-0.419677
-0.461654
0.490273
0.261080
0.043659
-0.075573
-0.359660
-0.099124
0.471014
0.006418
0.065519
-0.606065
-0.139794
0.048580
0.338639
0.309396
0.001510
0.446636
0.464640
-0.523826
0.148343
-0.042039
-0.345752
-0.286878
-0.357804
-0.307325
0.082065
0.166038
-0.080666
0.153092
-0.100161
0.016004
0.310159
-0.120618
0.130412
-0.054368
0.186021
-0.068931
0.241035
0.068420
0.204010
0.169654
0.557438
-0.311594
0.033256
-0.004295
-0.573424
-0.290691
-0.296067
0.177442
0.251876
-0.177494
0.470547
0.394631
0.215972
-0.048704
0.347780
-0.021882
-0.143232
-0.109688
0.009537
-0.145907
-0.107564
-0.069243
-0.067827
-0.098585
-0.088884
-0.144558
-0.431112
0.005282
-0.056751
-0.125269
-0.159867
-0.258361
-0.149547
-0.160525
0.227471
-0.273452
-0.105361
-0.303390
0.154013
-0.413095
0.230109
0.003769
0.162465
0.030867
-0.057119
-0.232821
-0.146158
0.087000
-0.141794
0.000194
0.243751
0.042949
-0.095388
-0.380174
-0.049403
-0.506182
0.269786
0.108992
-0.124401
-0.113426
-0.349972
-0.099104
-0.160605
0.074686
0.030260
0.205549
-0.179131
0.004885
0.271652
0.281867
0.399282
-0.277322
-0.107091
0.104004
0.001920
-0.058730
-0.226819
0.145264
0.392192
0.022618
0.193543
0.210892
0.100542
0.096746
-0.115731
0.190833
0.006429
0.070678
0.082467
0.217661
0.348608
-0.497938
0.472665
0.394821
-0.551543
-0.227820
-0.166203
0.000180
0.006194
-0.016928
-0.042406
-0.167420
-0.066131
0.290298
-0.060130
0.391922
-0.318996
0.404979
-0.221135
-0.230122
0.599403
-0.004519
-0.198663
-0.228082
0.170541
-0.278136
0.180684
-0.046528
-0.250330
0.221321
-0.022478
0.045217
0.233787
0.145843
0.029647
0.040310
-0.062787
-0.063823
0.277408
0.343877
0.574137
0.034241
0.066221
0.081629
-0.394581
-0.245326
-0.096553
-0.233831
0.707365
-0.109371
-0.127521
-0.158505
0.365616
-0.029558
-0.239356
0.145501
-0.079269
0.064986
-0.363315
-0.029612
0.202094
-0.392563
0.177902
-0.640902
0.332055
-0.306906
0.089595
0.323986
-0.206832
0.325463
0.160011
-0.150286
0.093913
-0.027380
0.021213
-0.508411
0.386911
0.114912
-0.342921
-0.291635
-0.026269
-0.258107
-0.060845
0.093062
-0.025120
0.022844
-0.173144
-0.640881
-0.048977
0.514956
0.229430
0.280862
0.222670
0.315480
0.426452
-0.300485
0.200053
-0.238555
-0.351671
-0.052245
0.097074
0.427471
-0.837098
-0.491165
0.090865
0.262698
-0.701248
-0.056983
-0.072385
0.119745
-0.020114
0.334648
0.289491
-0.120670
-0.128135
-0.350290
-0.174279
0.102480
0.142210
-0.532138
-0.276057
0.304202
0.010702
0.240368
-0.241924
-0.412434
-0.175253
-0.012149
-0.167370
-0.308876
0.174146
0.167050
-0.080639
-0.109220
0.241511
-0.028553
0.215181
0.161716
-0.117476
0.029029
-0.263348
0.154974
-0.185899
-0.303587
-0.128140
-0.211171
0.334731
0.100519
0.367506
-0.636661
-0.104816
-0.033054
-0.481213
-0.082424
-0.003443
-0.181016
-0.231568
-0.057762
-0.224643
-0.315160
-0.218628
-0.263861
-0.218172
0.103433
0.235469
0.016370
0.415764
0.029167
-0.108845
-0.400700
0.133509
-0.240148
0.213475
0.295945
0.139639
0.037861
0.028313
-0.286048
0.027315
-0.034384
-0.230375
0.450854
0.262958
-0.136310
0.280064
-0.100568
0.027799
-0.085543
0.037839
-0.023091
-0.272750
0.112398
0.033364
0.197204
0.168923
0.412598
0.254927
0.267099
-0.085821
-0.001374
0.117103
-0.606436
0.374019
0.035124
-0.050131
-0.363094
-0.447362
-0.329738
-0.033160
0.109869
-0.573389
0.089249
0.252724
0.005211
-0.394149
-0.042839
0.674518
-0.013712
-0.485089
0.090929
0.121461
-0.166638
0.197983
-0.310582
-0.304310
0.442630
0.276871
-0.369740
0.052937
0.070361
0.126429
0.030109
0.169786
-0.011683
-0.201410
-0.187323
-0.086983
-0.065324
0.621375
0.104555
-0.030961
0.354987
0.200058
0.169712
0.121763
-0.403074
-0.255415
0.054972
0.122126
-0.147877
-0.161925
0.247919
0.189372
0.076274
-0.172906
0.118102
-0.060281
-0.013231
0.087545
-0.147809
0.347326
0.163239
-0.027600
-0.289881
-0.133471
-0.137407
0.215898
0.059256
0.015140
0.039572
0.063401
-0.206289
-0.136076
-0.232460
0.081195
-0.051629
-0.102252
-0.049020
-0.167878
0.276688
-0.139984
-0.143042
0.009690
-0.646486
0.329461
0.024061
-0.072350
-0.123525
0.166203
-0.203605
-0.034299
-0.391804
-0.085198
-0.056464
-0.359825
-0.313308
0.189684
0.271062
-0.008680
-0.107447
0.149024
-0.012954
0.042738
0.019252
0.170549
0.098717
0.145645
0.060223
0.125135
0.254311
0.216462
0.034006
0.747684
-0.333066
-0.432760
0.204004
0.111449
0.186226
-0.161873
0.112195
-0.269419
0.101033
0.031509
-0.265619
0.343859
-0.020132
0.083772
0.151746
0.013239
-0.092851
0.307264
-0.194284
0.111758
-0.124507
0.161840
-0.105573
0.098712
-0.051642
0.020351
-0.426896
-0.388028
-0.080942
0.036299
-0.074149
0.053083
-0.027847
-0.168467
0.210407
-0.059650
0.141267
0.029774
0.139747
0.423191
0.079738
-0.104871
0.289847
-0.082591
-0.179594
-0.429381
-0.146372
0.570414
-0.134700
-0.255870
-0.391212
-0.252846
0.167996
0.298647
0.389496
0.027119
0.476641
0.087354
0.063090
-0.544104
-0.636944
-0.064388
0.460670
0.330491
0.087621
0.363750
0.116041
-0.256456
-0.642559
-0.247393
-0.231131
0.135034
-0.463646
-0.191587
-0.269470
-0.121137
0.352512
-0.202273
0.189077
0.312689
0.412984
0.317242
-0.023130
-0.134712
0.598098
-0.178840
0.390585
-0.400944
0.298555
-0.346843
-0.221932
-0.356009
-0.108519
0.081434
-0.174979
-0.093079
0.321509
-0.522828
0.105995
-0.387325
0.432793
0.154178
-0.325507
0.111419
-0.079435
-0.557822
-0.050979
-0.031318
-0.149724
-0.091188
0.129656
-0.235519
-0.248064
0.021550
0.272627
-0.348704
-0.113291
-0.266820
-0.315087
-0.221291
0.133888
-0.145289
-0.079344
-0.279284
-0.203457
-0.101323
-0.139961
0.291818
-0.185187
0.117500
-0.267834
0.148727
-0.266954
0.139884
-0.177256
0.008745
-0.106622
-0.359880
0.106052
-0.240713
-0.267493
0.022584
-0.107930
-0.351691
0.011159
-0.270965
0.149473
0.119744
-0.068619
0.107850
0.138818
0.256468
0.289293
-0.385597
0.381235
0.220596
0.061361
-0.060746
-0.079545
-0.516769
0.021630
0.412196
-0.454885
-0.138662
0.090688
0.046790
0.584736
-0.377654
0.118790
-0.016169
-0.071314
0.440688
0.119311
-0.213186
-0.568542
-0.349788
-0.337001
0.445002
0.038449
-0.073454
0.171892
-0.089686
0.408956
-0.054378
-0.166639
-0.204902
-0.247758
-0.084810
-0.227946
-0.215317
0.516833
-0.053400
-0.099626
0.049497
-0.637675
0.163864
-0.332051
-0.154124
0.189338
0.276383
-0.184695
0.044431
0.151956
0.432537
0.020427
0.014807
-0.043937
-0.167953
-0.220095
-0.463633
-0.167350
-0.264257
-0.343114
0.183513
-0.128565
-0.146847
0.068352
-0.144231
-0.213745
-0.779289
0.279757
-0.172797
0.285734
0.146869
0.097943
-0.292613
-0.161813
0.356906
-0.188934
-0.016747
0.812586
0.225286
-0.471844
-0.064077
-0.321539
0.393334
-0.044284
0.000905
-0.156130
-0.168456
-0.107620
0.251142
0.199957
0.133794
-0.241097
-0.100190
-0.330834
0.158248
-0.206807
-0.038652
-0.142560
0.281330
0.169472
-0.046021
0.431799
0.167059
-0.130750
-0.271539
-0.072683
-0.178884
-0.149301
0.264918
-0.050253
-0.373659
0.230460
-0.295936
-0.221271
0.103391
-0.292197
-0.488714
0.128461
0.009377
-0.103776
0.094646
0.527744
0.269512
-0.104314
-0.044441
0.014153
-0.359394
0.160509
0.039887
-0.381362
0.011652
0.180317
-0.228575
-0.243586
-0.039601
0.268702
0.681208
0.043933
-0.007878
0.226182
-0.050575
-0.369991
0.147852
-0.355631
-0.163988
-0.233658
0.284294
-0.190064
0.016906
-0.300131
-0.105898
0.265076
0.261329
0.207065
-0.072909
0.239866
-0.138048
0.268264
-0.260822
0.438236
-0.001993
-0.176198
-0.107346
0.193182
-0.642011
0.019275
0.100552
0.101900
0.089263
0.167767
-0.004750
-0.029012
-0.114106
0.421423
0.490904
-0.304445
-0.034324
-0.039095
0.154584
0.342385
0.611367
0.040713
0.186941
-0.613784
0.133051
0.172894
0.319777
0.370791
0.062450
0.230586
0.279592
0.079286
-0.120128
0.021755
-0.150095
0.323618
-0.091361
-0.075061
0.019625
0.242633
-0.028259
-0.018913
-0.349966
0.091463
-0.048240
-0.141684
-0.012771
-0.212259
-0.014765
0.004803
0.077676
-0.028997
-0.182514
0.028219
-0.460825
-0.250250
-0.085801
-0.439666
-0.034293
0.043622
0.197580
0.285642
-0.084955
0.280518
0.216282
0.117541
0.390745
-0.012703
0.261757
-0.233601
0.047214
-0.340631
-0.174922
0.106760
0.042358
0.005584
0.253188
0.519335
0.050312
-0.199486
-0.392440
-0.483357
0.532179
0.243680
0.164949
0.016216
-0.145782
0.703794
-0.338260
-0.004236
0.116908
0.015122
0.134921
-0.363080
-0.031632
0.106904
-0.277682
-0.121265
-0.211096
0.245731
-0.052242
0.155147
0.092114
0.010370
-0.041144
-0.253787
-0.067634
-0.349807
-0.241883
-0.393224
-0.403677
-0.425645
-0.056311
-0.257161
-0.140716
-0.306551
-0.182756
0.516348
0.191600
0.171168
0.015408
0.159642
0.453385
0.250536
0.711061
0.118574
0.373646
0.423442
0.114503
0.514738
-0.207903
0.172358
-0.356308
-0.058393
0.254111
0.009021
-0.100379
-0.097690
0.368030
0.130248
0.063101
-0.045575
-0.089067
0.179629
0.122377
-0.271374
-0.216839
-0.205636
0.120856
0.271125
-0.011240
0.855596
-0.087457
-0.128012
-0.284088
-0.334829
0.011547
0.123918
0.144233
0.583097
-0.007031
-0.454979
0.326060
0.361057
-0.105111
0.103488
-0.264523
0.221906
0.065410
-0.156834
-0.231860
-0.005922
-0.007973
-0.087243
0.444741
-0.024547
0.194812
0.013117
0.233151
0.244899
0.026967
0.279801
0.138967
0.328936
-0.014917
0.015232
-0.200667
0.126444
0.367246
0.599700
0.221174
-0.249440
-0.258520
0.339305
0.098853
0.160702
0.027606
0.223778
-0.594881
0.373617
0.142858
0.281244
-0.283048
-0.284871
-0.068332
-0.052132
0.403922
-0.172044
0.193003
-0.181534
-0.112055
-0.808780
0.055213
-0.217903
-0.029029
-0.063298
0.174657
-0.228890
0.044356
-0.034177
0.173457
-0.135366
0.043786
0.360457
0.385654
-0.381518
0.214030
-0.156394
0.201076
0.257532
-0.366766
0.206441
0.126931
-0.311061
0.227393
0.208808
0.025006
-0.068852
0.388623
0.233850
0.352277
0.017112
-0.066392
-0.274187
-0.109171
-0.211083
-0.466593
-0.273196
-0.087989
-0.436468
-0.265796
-0.405254
-0.069697
0.237330
0.111873
-0.462252
-0.182152
-0.272110
0.073913
0.189533
-0.253801
-0.216477
0.237043
0.317781
0.102897
0.218299
-0.016028
0.349428
-0.416275
0.177346
-0.167030
0.464977
0.096610
-0.080390
0.163188
-0.118283
-0.133671
-0.016829
0.213971
0.140611
-0.163908
0.284266
0.185969
0.096091
-0.138156
-0.082396
0.211992
-0.123787
0.173299
-0.103719
-0.307874
0.080982
0.184275
-0.098696
-0.189250
-0.097407
-0.143656
-0.300592
-0.135688
0.030386
-0.139502
-0.275653
-0.055776
0.033479
-0.329008
-0.144269
0.018971
0.008577
0.421803
-0.004556
-0.045618
0.158642
-0.380037
-0.374618
-0.130837
-0.114360
0.035522
-0.054152
-0.006904
-0.219192
-0.149939
0.478588
-0.090250
0.394769
0.151857
0.278187
0.361813
-0.010320
-0.280396
0.312802
0.301552
-0.120483
0.051220
0.103621
0.369354
0.064908
0.297159
0.001303
-0.033202
-0.584550
0.098903
0.005573
-0.475661
0.212699
0.233813
0.039467
-0.216905
0.300348
-0.063990
-0.104481
0.440506
-0.030117
0.178816
-0.111281
0.493825
-0.055007
0.338881
-0.114914
0.145087
0.264134
-0.162848
0.069120
0.064431
-0.204959
0.091757
0.051105
-0.493534
0.182367
0.102893
-0.073969
0.132222
-0.370052
-0.012022
0.083967
-0.227114
0.125514
-0.169727
-0.176744
0.151586
-0.500704
-0.024620
0.108111
-0.002501
0.336226
-0.125257
-0.318815
0.264614
-0.401490
-0.152459
-0.140790
-0.156894
0.199792
0.280789
-0.494297
0.256323
-0.083678
-0.205575
0.725545
0.077038
0.152672
-0.050600
-0.182900
0.104079
-0.309229
0.384207
0.018248
0.335232
-0.000632
0.285221
-0.254270
-0.165391
0.429353
0.116134
0.280044
-0.240981
-0.236229
0.161816
-0.205733
-0.061199
0.368623
-0.422755
-0.331029
0.230163
-0.284547
0.048981
-0.231518
-0.009490
-0.053606
0.102254
0.133792
-0.387979
-0.059830
0.083454
0.182626
0.220210
0.226227
-0.163695
-0.154950
-0.016606
-0.270201
-0.054314
0.050336
-0.234072
-0.271655
-0.217598
-0.123526
-0.097556
0.299461
0.253504
0.172014
-0.009972
-0.199518
0.011923
-0.448999
0.334229
-0.009191
-0.188459
-0.436134
-0.213486
0.252740
0.133341
-0.176096
-0.309291
0.110849
-0.064122
-0.029754
0.060508
-0.432617
-0.354534
0.087047
-0.225281
-0.029870
-0.018661
0.491639
0.211155
-0.176487
0.088861
-0.239554
-0.087349
-0.194045
0.171740
0.462813
0.069750
0.025488
0.099352
0.047243
0.094732
-0.098708
-0.159507
0.181239
-0.097216
-0.226699
-0.081807
0.223905
-0.043084
0.062943
0.086066
-0.070234
-0.017414
-0.167454
-0.015164
0.061160
-0.188318
0.178897
0.146984
0.042871
0.129477
0.082961
-0.417651
0.010690
-0.039217
0.408483
-0.546244
0.251799
-0.185114
0.156444
-0.179740
-0.227550
0.078798
0.196608
-0.257275
0.169924
-0.135233
0.421405
0.010943
-0.063010
-0.024591
0.276055
-0.130514
-0.095254
-0.073833
-0.012584
-0.134124
-0.098578
-0.092698
0.439492
-0.118495
0.303873
-0.013051
0.349164
-0.161253
0.179000
0.452228
0.394175
-0.078259
-0.127941
-0.303565
0.054080
-0.163059
0.026783
-0.105802
-0.280614
-0.090524
1.129315
0.062971
0.135611
-0.037186
0.400098
0.190707
-0.125539
-0.340283
0.298352
-0.050402
0.004314
-0.081874
0.190479
-0.154463
0.102166
0.289984
0.041604
0.301003
-0.103631
0.271695
-0.087390
0.034238
-0.324421
0.566793
-0.238336
-0.359390
0.581727
-0.081893
0.034974
-0.270493
0.223458
-0.049845
-0.078681
0.152599
-0.290299
0.510016
-0.288579
0.204932
-0.018782
-0.194501
0.402914
0.460659
0.387801
0.009411
-0.449405
-0.202380
0.237512
-0.009757
-0.046051
0.157694
0.022233
-0.380688
0.100085
-0.243877
0.110804
0.461198
0.182217
-0.312147
-0.350709
0.169728
0.217388
0.056445
-0.182816
-0.294215
0.029996
0.283699
-0.074033
0.496999
-0.060245
-0.208520
0.027506
0.175642
0.105297
0.456240
-0.200958
-0.414341
-0.126655
-0.030868
-0.021274
-0.214046
0.364092
-0.213945
0.366337
-0.136571
0.277264
0.104943
0.511309
0.285187
-0.229995
-0.224137
0.125819
-0.190135
0.231563
-0.414056
0.372307
0.582153
0.098796
0.061512
-0.030381
-0.115650
-0.131977
-0.298521
-0.175599
0.327698
0.089647
0.252132
-0.147324
-0.414794
0.427442
0.199765
0.084892
-0.017644
0.018638
0.334919
-0.023660
-0.321501
-0.200565
0.630638
-0.019070
-0.141437
0.293043
-0.325441
-0.138409
0.224919
0.102640
0.125661
0.021018
-0.300860
-0.137298
-0.113632
0.194226
0.053913
0.226872
-0.413252
0.033008
0.337107
-0.054325
-0.049865
0.009544
-0.089770
-0.422780
-0.284228
0.324384
0.108013
0.334094
