-0.112705
0.157084
0.181995
0.016943
-0.047865
-0.385913
-0.068452
0.010043
-0.135868
-0.081558
-0.186263
0.293993
-0.102872
0.046744
-0.026340
0.067020
-0.061522
-0.022278
-0.215478
0.199581
0.151857
-0.023970
0.013867
0.004214
-0.142460
-0.179724
-0.103700
0.146510
-0.045498
-0.434711
0.102059
0.087230
-0.222607
0.347727
0.044840
0.190672
-0.156197
0.085622
-0.307175
0.163596
-0.077722
0.071994
-0.084340
-0.337781
0.068378
-0.040162
0.299700
0.117208
-0.217603
0.522477
-0.416427
-0.248672
0.097801
0.193318
0.139538
-0.426791
-0.279064
0.361706
-0.040894
-0.099693
0.163200
0.223935
-0.130749
0.239267
0.053553
-0.020443
0.532264
0.206180
0.126984
-0.165048
0.116828
-0.001798
0.149331
-0.217611
0.042297
0.187803
0.172366
-0.160933
0.083508
-0.128726
0.207137
-0.135267
0.266739
0.004489
-0.153883
0.383285
0.503454
0.181232
-0.305887
0.180756
-0.020306
0.133777
-0.045111
-0.010879
0.126257
-0.021691
0.106254
-0.284362
-0.055518
0.298955
-0.468316
-0.310369
0.220560
-0.053663
-0.146975
0.119415
0.056376
0.286599
0.241832
0.375148
0.057190
-0.072957
0.066299
-0.096575
-0.225994
-0.081060
-0.061742
-0.049549
-0.043391
0.129865
-0.276411
0.165387
0.017238
0.050110
0.048006
0.027599
-0.011322
0.151074
-0.148486
-0.018886
-0.012243
-0.054954
-0.509249
0.533302
-0.464089
0.266900
0.087735
0.047600
-0.099630
0.239091
-0.155190
0.305173
0.064366
-0.015685
0.358719
-0.144835
-0.171516
0.256923
0.053608
0.029760
0.005761
-0.167478
0.044350
-0.129874
-0.092272
-0.337322
-0.280257
-0.265617
-0.033908
-0.250996
0.001507
-0.192562
-0.093342
-0.222983
0.031464
0.374564
0.168985
0.026626
-0.030736
0.036725
-0.723330
-0.172105
0.015148
-0.082485
0.237203
0.038229
-0.573159
-0.224216
-0.116282
0.206658
0.013449
0.074385
0.125243
0.087146
-0.144988
0.017921
0.167040
-0.260680
-0.129353
0.050633
0.159259
-0.287596
-0.287262
0.073471
-0.020581
0.152659
0.127238
-0.109580
-0.019201
0.002632
-0.108749
-0.160529
0.322355
0.287436
-0.105377
0.165682
0.114579
0.544916
0.146081
0.301649
-0.029459
-0.043525
0.169033
0.153590
0.044684
0.080402
-0.159863
0.073061
-0.201997
0.198405
0.261862
0.364901
0.092092
0.188999
0.434760
-0.144192
-0.235674
0.188298
-0.240525
0.023637
-0.262497
0.391326
-0.013053
0.046886
-0.298300
-0.026839
0.442573
-0.047362
0.196473
0.149229
-0.267408
-0.104130
-0.092467
0.101631
-0.095266
0.132929
-0.425856
-0.070067
-0.185145
-0.173887
0.080573
0.015875
0.036208
-0.176085
-0.079721
-0.153518
-0.101780
-0.066923
0.220340
0.065557
-0.253478
0.061237
-0.266553
0.232124
-0.063933
-0.177056
0.018747
-0.270370
-0.117380
-0.258810
-0.078941
0.371367
0.046602
-0.305157
0.127354
0.000235
-0.119710
0.151563
-0.159117
-0.055763
-0.027236
-0.027652
-0.086526
-0.034313
0.197193
0.039162
-0.092728
-0.038448
-0.026888
0.053966
0.084611
-0.129024
0.243960
-0.022256
0.002571
0.354561
-0.032615
0.033693
-0.104175
-0.057707
0.058374
0.033162
0.176073
-0.399537
-0.259319
0.172203
0.241114
0.158643
-0.225629
0.098525
-0.079258
-0.157518
0.029249
0.425199
0.118407
-0.255341
-0.043117
-0.051004
0.220966
0.395657
0.272610
0.176532
-0.363414
0.018799
0.157425
-0.015711
0.165209
-0.141555
0.100618
-0.097082
-0.024027
-0.086965
0.156834
-0.110351
-0.128561
0.022365
0.309891
-0.140879
0.086727
0.283365
-0.144867
-0.535312
0.125278
-0.002329
0.166088
0.122507
-0.025126
0.181492
-0.186644
-0.058909
-0.144596
0.377753
-0.411845
-0.004810
0.213165
0.452051
-0.104156
-0.501834
0.131249
0.391410
0.310184
-0.161368
-0.177564
-0.056430
-0.069348
0.035248
0.265078
0.163212
-0.207726
-0.009147
-0.151897
0.025870
-0.090998
0.158258
-0.152467
0.100283
0.156982
-0.031518
-0.223579
-0.450511
-0.008914
0.217307
-0.058421
0.006926
-0.037883
0.146777
0.017199
-0.180669
0.129091
0.382702
-0.443094
0.118794
0.269889
0.233342
0.010683
0.127361
0.053150
0.205895
0.245212
0.003827
-0.029465
0.146053
0.474730
0.220815
-0.131096
0.161621
0.327474
0.063977
-0.162932
-0.426544
0.035147
0.139357
0.125034
0.144544
-0.238195
0.267383
-0.353953
0.069531
-0.070701
0.547774
-0.017520
-0.264987
-0.021206
0.467542
0.151894
-0.218740
-0.047763
0.028141
-0.271586
-0.122038
0.200172
0.005138
-0.047125
-0.249963
-0.341328
0.168983
-0.214142
0.114902
-0.168912
-0.167341
0.071354
-0.037219
-0.089656
-0.041668
-0.115019
0.082474
0.004459
-0.118925
-0.041844
0.159164
-0.007280
0.062787
-0.005958
-0.048578
-0.059789
0.303278
-0.240122
-0.337669
-0.015720
0.190073
-0.093603
0.136479
0.005309
-0.096709
0.195501
-0.146480
-0.068138
-0.053322
0.279666
0.532542
0.227030
-0.142327
-0.007668
0.032626
-0.039860
0.196840
0.256614
-0.103460
0.060675
-0.257432
-0.088657
-0.396302
-0.231017
-0.040001
-0.065778
-0.260265
0.034153
0.137964
0.086695
0.167041
-0.016036
0.177212
-0.126043
-0.145306
-0.159820
0.016466
0.022591
0.168323
-0.254903
-0.335291
0.122656
-0.064536
0.325200
0.118918
-0.029407
-0.137422
-0.123786
0.132116
0.029276
-0.140839
0.254402
0.116658
-0.093036
0.137701
0.176687
0.042688
-0.035856
0.023025
0.075615
0.306451
-0.222214
-0.145407
-0.549750
0.015210
-0.066287
-0.054144
-0.203440
0.052312
0.114449
0.149296
0.114559
0.014569
-0.043590
0.009250
-0.178471
0.639393
-0.157320
-0.139900
-0.175755
0.111936
-0.218246
0.004642
0.098649
0.037155
-0.197588
0.253556
0.224098
0.054624
-0.229687
-0.156548
-0.139635
0.135937
0.173512
-0.105411
-0.054904
0.209487
0.353131
-0.249925
-0.038553
0.032102
-0.058969
-0.174931
-0.013938
-0.235270
0.168032
0.192371
-0.122249
0.013607
0.003653
-0.138589
-0.339072
0.067088
-0.242342
-0.049241
-0.186980
0.056275
-0.029408
0.054133
0.023462
-0.686597
0.081249
-0.119757
-0.064221
-0.078768
0.078134
-0.276791
0.186771
-0.031739
-0.337931
0.393911
-0.137462
-0.096287
-0.372660
-0.003927
-0.083608
-0.091340
0.038533
0.262663
-0.242846
0.059887
0.079446
-0.151789
0.367909
-0.079830
0.378940
-0.147723
-0.190599
-0.063672
-0.163182
0.232488
0.001377
0.484605
0.291084
0.141702
-0.026099
0.344004
0.053432
-0.019315
-0.071798
-0.046460
0.562994
-0.144664
-0.001147
-0.326109
-0.158541
-0.074523
0.364271
0.161884
0.303653
-0.452851
-0.149475
-0.152948
0.051294
-0.166179
0.119285
0.173179
-0.164124
0.104174
-0.187375
-0.110604
-0.323827
0.063670
0.009817
-0.185569
0.362872
-0.494410
-0.009607
-0.011301
-0.022494
-0.104826
-0.147853
0.264027
0.434199
-0.158675
0.184781
-0.087416
-0.233223
-0.208136
0.206018
0.288966
0.252074
0.471749
0.052733
0.223161
-0.491495
-0.207040
-0.095773
0.028608
0.202709
-0.007132
0.441235
0.115830
-0.288972
0.096653
-0.142272
-0.142559
0.092595
-0.115640
-0.010762
-0.068764
-0.007891
0.454156
-0.111243
-0.044841
0.109906
0.194806
0.469450
-0.315457
-0.121513
-0.287454
0.224820
0.112997
0.258351
-0.294064
-0.051012
-0.080636
-0.041880
-0.095937
0.216517
0.048256
0.018664
-0.163183
0.058201
0.259789
-0.135539
0.226793
0.036862
-0.452650
-0.099320
-0.167367
-0.040652
-0.408524
-0.128076
0.067874
-0.056715
0.208495
0.129334
-0.189814
0.206194
-0.088568
-0.307611
-0.078031
0.272755
-0.185790
0.317137
-0.399206
0.081623
-0.169720
-0.200202
0.157686
0.073823
-0.285178
-0.210153
-0.186691
0.237511
-0.067743
0.130826
0.122013
0.031453
-0.186883
-0.148503
-0.010371
-0.070469
-0.338631
0.024055
-0.001547
-0.160074
0.356676
-0.298113
0.334832
-0.069950
0.236404
0.149351
-0.063072
0.090367
-0.007819
-0.059223
-0.140444
-0.017208
-0.023900
0.218189
0.020855
-0.268262
-0.167204
0.143543
-0.024552
-0.061247
-0.261319
-0.047910
-0.035033
-0.041558
-0.053282
0.035726
-0.039853
-0.060696
0.285972
-0.011626
0.130421
-0.086292
0.135534
0.168768
-0.227898
-0.145932
0.189886
0.037057
0.341545
0.284687
0.347772
-0.071366
0.020938
-0.291515
-0.249139
-0.219937
0.120892
-0.068260
-0.138932
-0.090869
-0.063198
0.168181
0.311731
-0.134561
0.364583
0.175922
-0.061255
0.073865
0.073977
-0.020692
0.020603
-0.013865
0.099840
-0.011566
-0.496267
-0.217328
0.255019
0.047161
0.094196
0.017292
-0.344008
-0.166093
0.036140
-0.438738
0.268107
-0.314946
-0.138302
0.063313
0.046915
-0.382395
-0.288438
-0.000716
-0.081369
0.230855
-0.226513
-0.083850
0.075798
-0.053291
0.250919
0.304979
-0.209094
0.069386
0.058813
-0.181757
-0.327699
-0.063968
-0.114535
0.054088
0.161917
-0.252965
0.094394
0.175593
0.161940
-0.023849
0.189367
-0.160434
0.379078
0.177139
-0.018783
-0.135923
0.022220
0.037246
0.109613
0.285707
0.144201
-0.004890
0.015294
0.018807
0.159826
-0.100167
0.267065
-0.097766
-0.183998
-0.158170
0.358689
0.200896
0.198679
0.044386
0.033238
-0.170966
-0.020462
0.355536
-0.194088
0.170336
-0.001776
-0.231348
-0.006854
0.202949
-0.326667
0.023993
-0.042444
0.121516
-0.100175
-0.087215
-0.119997
0.005010
0.101175
0.193085
0.276576
-0.243754
0.250904
0.270882
-0.123634
0.019872
-0.006568
0.083291
-0.022043
-0.210571
0.297757
0.138723
-0.157277
0.281162
0.049540
-0.104459
-0.082524
-0.013737
-0.178470
-0.079351
0.102277
0.172231
-0.163399
0.093214
0.167552
0.227683
0.100843
0.023753
-0.018743
0.239791
-0.039667
-0.012096
0.105457
-0.183092
-0.226569
-0.128037
-0.193164
0.136175
-0.164665
0.061339
0.322987
-0.007931
0.081062
-0.042772
0.065517
-0.097412
0.056124
-0.317560
0.007956
0.314990
0.133653
-0.085450
0.187342
-0.250221
0.140473
0.017705
-0.096241
-0.026188
-0.041549
-0.318320
-0.416277
-0.071925
0.011483
0.136061
-0.303391
-0.008854
0.080341
0.010673
0.226660
0.058780
0.018990
-0.215505
0.345357
-0.027720
-0.053657
-0.113728
-0.082743
-0.064754
-0.228000
0.417938
0.072981
0.245016
-0.173506
-0.062035
-0.113528
-0.190272
-0.023934
0.505753
-0.090638
-0.215576
-0.059839
-0.192523
0.370308
-0.194756
-0.515464
0.150464
-0.027271
0.029503
-0.553666
0.025331
0.093867
0.012179
0.195635
-0.085661
0.095737
0.148711
0.116444
0.301625
0.081380
-0.167047
-0.139627
0.082867
0.011292
0.121389
0.096530
0.228403
0.046326
-0.072653
0.014818
0.157772
-0.010284
0.560419
0.038355
-0.157041
-0.104509
-0.235138
-0.037517
-0.030186
0.175087
0.085096
0.207017
0.008104
0.117879
-0.265666
0.005979
-0.012885
0.057136
-0.207911
0.209085
0.061490
-0.296183
-0.060573
0.025166
0.162819
-0.139472
-0.150892
-0.468288
0.166253
0.315089
0.254706
0.311062
0.180042
-0.017536
-0.197621
-0.093526
-0.091288
0.113207
-0.259114
0.091381
0.297928
-0.135834
0.046564
-0.577081
0.246116
0.152426
0.173346
-0.251324
-0.094360
-0.003967
0.076459
-0.228747
-0.020491
-0.025154
0.141073
0.128580
0.169922
-0.168001
-0.060228
0.177929
0.087584
0.088233
0.156891
0.088588
-0.060260
-0.256083
0.179192
0.333576
0.159856
0.248275
0.092131
0.372657
-0.033635
0.224144
-0.213939
-0.005098
-0.292003
0.034636
-0.269265
-0.176246
-0.130591
-0.285434
0.340923
0.204784
0.039895
-0.045378
0.107523
-0.144284
-0.018236
-0.085992
0.311150
0.191089
-0.144357
-0.097622
0.062224
-0.130395
0.056921
-0.393464
-0.218545
0.329569
-0.124398
0.030266
-0.184092
-0.184236
-0.180700
-0.181020
0.313759
-0.119944
0.049055
0.268301
0.064532
0.150746
-0.163965
-0.257358
-0.037019
0.096755
-0.191949
-0.015458
-0.234398
0.145087
-0.098918
0.144272
-0.061929
0.027746
-0.159934
0.247463
-0.410253
0.042032
0.046302
-0.072626
-0.093849
0.088256
0.005454
0.056961
-0.060608
-0.170931
0.315559
-0.039930
0.266688
-0.125003
-0.186887
0.161513
0.132419
-0.077487
-0.392604
0.303983
0.126307
-0.103184
-0.039156
-0.099089
-0.334105
0.103782
0.156694
0.097188
-0.132348
0.165855
-0.164471
-0.101658
-0.444547
-0.058565
0.214101
-0.085553
-0.329144
0.245492
-0.033741
0.181168
0.092126
-0.171522
-0.213237
0.146997
0.447371
0.244429
0.106697
0.047397
-0.029020
0.121468
-0.000980
-0.176990
0.100877
0.128361
0.241266
-0.424226
-0.088649
-0.054217
-0.328490
-0.158038
-0.415849
0.162972
-0.252507
-0.131093
-0.190059
-0.062965
-0.003773
-0.192170
-0.104873
0.080968
0.017658
-0.444968
0.083426
-0.469282
-0.171359
0.118528
0.074130
-0.368457
0.415252
-0.237164
-0.204489
0.148676
0.060112
-0.047856
-0.111236
0.034461
0.021418
-0.206583
0.306551
0.071660
0.065260
-0.139618
-0.359510
0.060871
0.037343
-0.066940
0.105968
-0.394304
-0.083328
0.075987
-0.171544
0.029406
-0.217772
-0.186894
-0.247729
0.450543
0.095626
0.097306
-0.024790
0.131051
-0.227934
0.130387
0.080855
-0.004908
0.143622
-0.253729
0.069442
0.223716
0.602307
0.192538
-0.218109
-0.087614
0.308844
0.044415
0.304386
0.123291
-0.278101
0.044730
-0.048839
0.496401
0.087698
-0.182005
0.018035
-0.009884
0.012539
-0.345576
-0.116760
-0.145750
0.018126
0.339208
0.098444
0.098707
-0.074320
0.196937
0.208776
-0.154189
0.127382
-0.222059
0.045756
-0.171268
-0.165470
0.302506
-0.014036
0.147942
0.246915
0.468650
-0.011141
-0.202445
0.036932
0.053022
-0.497079
-0.047385
-0.009514
0.037777
0.104699
0.108549
-0.013285
-0.087041
-0.228784
0.319750
0.108897
0.218528
-0.283075
0.174095
-0.124185
-0.128836
-0.305888
0.132759
0.247914
0.253691
0.137430
-0.072260
-0.018866
-0.028334
-0.079420
-0.145026
0.053393
0.179937
0.109776
0.120234
-0.223804
-0.095316
-0.025520
-0.001014
-0.191468
-0.033638
0.028893
0.171832
-0.188975
0.101572
0.038983
-0.099576
0.199556
-0.283348
0.378541
-0.159245
-0.037501
-0.016141
-0.047679
0.251249
0.142775
-0.110337
0.368842
0.244123
-0.250025
-0.158432
0.518572
0.042604
-0.093299
0.413414
-0.277785
-0.165651
0.133328
-0.196551
0.282711
0.182282
-0.174575
0.069681
0.141316
0.315470
-0.168286
-0.001390
-0.280762
0.138371
-0.048729
0.203517
0.120713
-0.458996
0.366456
-0.048111
-0.005806
0.396592
-0.034814
0.289856
0.065691
0.010314
-0.025723
-0.171681
0.402816
-0.102650
0.077060
0.194414
0.054570
-0.273066
0.099028
-0.436123
-0.189692
0.122038
-0.251475
0.041413
0.229586
-0.587334
0.046774
0.119088
-0.326357
-0.273328
0.037347
-0.152578
0.079080
0.096189
-0.067290
-0.086005
-0.108027
0.063522
0.160529
-0.016240
-0.231371
0.176125
0.143355
0.154213
-0.150835
-0.161516
-0.050099
-0.104896
0.051090
-0.091744
-0.192487
0.372761
0.027915
-0.016489
-0.089561
-0.265666
-0.200832
0.076370
0.019287
0.013723
-0.264975
0.059152
-0.153372
-0.365618
0.162739
0.182050
-0.212702
0.192118
0.121004
0.032216
0.157364
-0.021564
0.253394
0.258863
-0.021230
0.240585
-0.053123
0.546049
0.064939
-0.003672
0.016998
0.231357
-0.243757
-0.211928
-0.153457
0.023867
0.383766
0.115923
0.070378
-0.094661
-0.152197
-0.217575
0.368583
0.038502
0.052024
-0.052671
-0.088467
-0.146916
0.031555
-0.171933
0.080869
-0.239295
-0.010992
0.133491
-0.039976
-0.136003
0.235859
0.070195
-0.114080
-0.508101
-0.087209
0.058678
0.243540
-0.107484
-0.024503
-0.109459
0.292821
-0.124316
-0.202356
-0.050835
-0.211306
0.002114
-0.177599
-0.097335
-0.066100
-0.012192
-0.268130
0.282514
0.122183
0.117992
-0.010051
-0.363383
0.275613
0.185877
-0.239857
0.033516
-0.149627
-0.134275
0.043078
-0.109981
-0.109077
0.109302
-0.225668
0.146940
0.124154
-0.173369
-0.032084
0.313095
-0.249646
-0.086191
0.223581
-0.091821
-0.367945
0.271737
-0.170973
-0.182608
-0.195751
-0.112808
-0.251773
-0.004649
0.069403
-0.080692
-0.129872
0.103878
-0.405025
-0.065752
0.034435
0.022984
-0.123850
-0.329984
0.121617
-0.193916
0.008673
-0.160533
-0.039305
-0.117801
0.303393
-0.035794
0.275411
-0.031562
0.057460
0.173132
0.199399
-0.170186
0.150386
-0.307740
-0.023190
0.354034
-0.117676
-0.192982
0.050446
0.203072
-0.109174
0.042353
0.151501
0.233343
-0.313419
0.272316
0.132793
-0.099904
0.214664
0.100653
-0.046316
-0.256358
0.453315
-0.147981
-0.285812
0.235860
-0.163288
-0.163574
-0.154540
0.023493
0.011665
0.103814
0.105413
0.175417
-0.254845
-0.020867
-0.162240
-0.446142
-0.102823
-0.145605
-0.174390
0.231854
0.070497
0.170076
-0.159198
0.257092
0.102472
-0.196243
0.333801
-0.222499
-0.029407
-0.167858
-0.254863
0.239300
-0.028795
-0.089298
-0.290472
0.074264
0.565944
0.129405
0.412434
0.003469
0.104579
-0.186506
0.090869
0.028483
0.086161
0.116696
0.051453
-0.109713
-0.067905
0.506638
0.100138
-0.115192
-0.256086
-0.357100
-0.312793
0.097813
-0.173155
-0.055554
0.142927
-0.001122
0.153707
0.092909
-0.251888
-0.017354
-0.339991
-0.061486
0.026815
-0.415418
0.103914
-0.066969
-0.118527
0.082326
0.146678
-0.217224
-0.113765
0.191004
-0.167966
-0.097635
-0.271761
0.057943
-0.365102
-0.406135
-0.602847
-0.535341
-0.409181
-0.373857
-0.065524
-0.453136
-0.212631
0.205787
-0.200796
-0.140263
-0.270760
-0.145881
0.124187
0.473562
0.393025
0.327617
0.026794
0.221277
0.323883
0.333615
0.449991
0.244705
0.156847
-0.124134
0.401706
0.578406
0.351150
0.491963
0.323353
0.972630
0.175586
0.803185
0.342829
0.265239
0.265878
-0.227320
0.099141
0.038936
0.003548
0.198871
-0.346715
-0.182948
0.107706
0.044042
-0.164818
-0.276733
-0.586259
-0.293094
-0.317975
0.170584
0.084278
-0.497229
-0.207916
-0.289881
-0.192076
-0.167831
0.249034
-0.179735
-0.000411
-0.085070
-0.381651
-0.045289
0.291483
0.004437
0.280573
-0.029813
0.258132
-0.012769
-0.111914
0.510501
0.154739
-0.037600
0.040419
-0.017648
0.287199
0.018066
-0.197878
0.116118
-0.085246
0.257717
0.391491
0.251602
0.036839
0.038253
0.010671
0.162808
-0.137937
0.092617
-0.110351
-0.159584
0.288365
-0.237705
-0.052134
0.132585
0.016666
-0.401253
0.131409
0.069976
-0.108961
-0.282866
-0.130374
-0.144974
0.379838
0.056486
-0.073857
-0.137403
-0.536682
0.024791
0.170147
0.253997
-0.237219
0.016373
-0.349957
0.136239
0.056103
0.163346
0.223316
-0.114488
0.031990
0.283134
0.030035
-0.216515
-0.078442
0.135855
0.237067
0.071296
0.181871
-0.234100
0.211749
-0.024478
-0.089475
0.152033
-0.261166
0.024473
0.008253
0.187872
-0.043730
0.011503
-0.201221
0.125456
0.205441
-0.028462
0.050545
0.489511
0.048652
0.211308
-0.054222
-0.073145
-0.399166
-0.207832
-0.041973
-0.154102
-0.016751
-0.177269
0.066005
0.145294
-0.014894
-0.059105
-0.095605
0.237807
0.158390
0.088753
-0.080469
0.337347
-0.057335
-0.090852
-0.180500
0.238884
0.218313
0.458224
0.258465
0.081514
0.366276
0.082465
0.171860
-0.086539
-0.317793
-0.587609
-0.085158
0.046832
0.005996
0.151563
0.105498
-0.038140
-0.240320
0.340242
-0.178334
0.467245
0.225962
-0.290404
-0.142094
-0.094493
0.038847
0.079826
0.045765
0.016902
0.133583
-0.251981
-0.163993
-0.163567
0.045049
-0.106437
0.133052
-0.410298
-0.237285
-0.425929
0.473645
0.077042
0.025287
-0.106346
-0.226326
-0.009342
-0.247515
0.159986
-0.089638
0.032164
0.514205
0.418476
-0.093768
-0.155285
-0.062340
-0.148698
0.171254
-0.058778
-0.088381
0.190405
0.057368
0.372850
-0.306176
-0.278646
0.069564
0.277709
0.080047
0.004194
0.040835
-0.527876
0.095692
-0.453293
-0.181503
-0.165270
0.009741
0.001140
0.235473
-0.261156
0.442499
-0.061685
-0.051375
0.135187
0.102586
-0.082066
0.352537
-0.155606
-0.293606
-0.116139
0.120455
0.158146
0.156087
-0.056933
0.022727
-0.306000
0.211525
-0.128461
-0.022492
-0.147229
-0.030032
-0.063985
0.075650
0.370383
0.053971
-0.492824
-0.236954
-0.017476
0.014237
-0.538098
-0.282353
0.056288
0.155592
0.305948
0.042864
0.227729
0.064812
0.069539
0.247485
-0.142104
-0.376708
0.220536
0.078802
-0.050281
-0.063414
0.148008
0.002080
0.128323
-0.085236
0.352077
-0.181411
-0.235934
0.067053
0.105375
0.275736
0.052276
0.164687
0.012466
0.222685
-0.171384
0.013685
-0.196984
0.228677
-0.233512
0.091358
0.158961
-0.080326
0.179451
-0.099793
-0.097434
0.160403
0.144273
-0.027903
0.191147
0.005285
0.182109
-0.210076
0.319639
0.168208
-0.413499
0.195525
-0.214881
0.444971
-0.129169
0.190080
0.208126
0.082358
-0.049307
0.000539
0.027377
-0.147150
-0.205858
-0.030723
0.241522
-0.358372
-0.119557
-0.073305
-0.216296
0.153541
0.075575
-0.193382
0.127419
0.162123
0.094962
0.088594
-0.013036
0.025968
-0.244361
-0.072740
0.228230
0.304154
-0.007470
-0.001846
-0.309881
-0.592521
-0.129156
0.265466
-0.042025
-0.017364
0.188290
0.012406
0.362300
-0.353982
0.096577
0.087125
-0.015865
-0.038600
0.159417
0.064739
0.287402
-0.326296
-0.158347
0.021600
0.075497
0.082857
-0.074755
0.097786
-0.082355
-0.284714
0.065063
-0.265632
0.023373
-0.265814
-0.109705
-0.047814
-0.013958
-0.048541
-0.113395
-0.092982
0.033198
0.376904
0.048358
-0.078081
-0.016077
-0.078703
0.287237
-0.150199
0.399988
0.165306
0.319186
-0.319882
-0.054315
-0.372379
-0.430900
0.087532
-0.061458
-0.088749
-0.157215
0.022346
0.049748
-0.118356
0.241326
-0.368759
-0.194090
-0.149384
-0.184290
-0.106297
0.106210
-0.200814
-0.078641
-0.015521
-0.103866
0.116835
-0.088861
0.168531
0.338049
0.412075
0.339359
0.212812
-0.030269
-0.184663
-0.068407
0.094648
0.289560
-0.013605
0.021378
0.294339
0.008445
0.057148
0.254585
-0.282757
0.203555
-0.075027
0.065745
-0.178788
0.057478
0.205363
-0.405581
-0.007754
-0.267914
-0.321223
0.137477
-0.180575
-0.099001
-0.445022
0.023491
-0.319730
-0.222571
-0.165281
-0.045888
0.195969
0.075733
-0.275711
0.313284
-0.239846
0.353553
-0.036299
-0.153655
0.198533
-0.153358
-0.160252
-0.066171
0.390480
-0.276837
-0.002499
0.399866
-0.212958
-0.246711
-0.043512
0.034760
-0.125190
0.286316
0.363435
-0.046436
-0.097357
-0.022543
0.003708
0.071779
0.096678
-0.217578
0.008867
0.023972
-0.005215
-0.150090
-0.300313
0.091296
0.039913
0.077830
-0.012663
0.051446
0.091395
-0.104417
0.046262
-0.115384
-0.009891
-0.050064
0.015418
-0.029883
0.255169
-0.079872
-0.114472
0.075066
0.024012
-0.230060
-0.024983
-0.266560
-0.137933
-0.207172
0.073161
0.206135
-0.419978
0.152918
-0.144406
-0.064030
-0.058344
0.065919
0.078566
-0.250063
-0.152495
-0.031229
0.205456
-0.102282
-0.082153
0.092705
-0.207691
0.105310
-0.291637
-0.050719
0.266282
-0.158006
-0.088072
0.050364
0.001712
-0.100508
0.165014
-0.397974
-0.283567
-0.246455
0.231671
-0.345146
0.102727
-0.091953
-0.180937
0.055551
0.114612
0.088841
-0.084215
-0.249439
0.321781
-0.112374
0.132531
-0.044401
-0.231905
0.033265
0.017470
0.100418
0.237111
0.242826
-0.061354
0.291010
0.345528
0.424910
-0.181974
0.017143
0.295974
0.416734
-0.228479
-0.095581
0.085890
0.023643
0.090112
-0.146562
0.043919
-0.152266
-0.196656
-0.071657
0.063024
-0.200945
-0.231479
0.314799
-0.251615
0.175519
0.090654
-0.027499
0.133867
-0.023405
0.114669
-0.005907
0.006985
0.042003
0.340959
0.004116
0.123624
0.064333
0.232051
0.173725
0.497655
-0.027716
-0.141020
0.061299
-0.300658
0.302108
0.062524
0.035000
-0.460135
-0.152335
-0.213229
0.234524
0.273625
0.058030
0.356711
-0.013366
-0.000899
0.092608
0.061279
-0.080485
-0.147935
0.307502
0.073177
0.003127
0.115869
-0.277104
0.153453
0.118772
-0.154609
0.278045
0.267851
0.028522
-0.121443
-0.268045
0.017088
0.348539
0.032045
0.129881
0.243234
0.188819
0.047106
-0.473393
-0.122562
0.243598
0.096167
-0.065828
0.103736
0.117567
0.151412
-0.114015
-0.150322
0.293768
0.211457
0.096101
-0.054963
0.075015
0.058665
-0.017779
0.020226
0.096751
-0.121148
0.135606
-0.048245
0.088483
-0.340008
-0.366763
0.053333
0.101410
0.095818
-0.210442
0.144038
0.168396
0.051880
0.100624
0.031197
0.297695
0.075806
-0.292583
-0.113593
0.066980
0.287130
-0.175098
-0.225387
-0.265476
0.099946
-0.001074
-0.181723
0.179038
-0.026873
-0.301166
0.076172
-0.319678
0.060310
0.044828
-0.043827
-0.151398
-0.101026
-0.061980
-0.132092
-0.022938
-0.190267
0.068353
0.118172
-0.088673
-0.027574
0.173349
-0.056422
0.263617
0.088470
0.126226
-0.050911
-0.314292
-0.046728
0.195854
0.026931
0.491158
0.023492
-0.294525
0.027970
0.371136
0.374241
0.383174
-0.211504
0.131740
0.226726
-0.114109
0.290313
0.126146
0.098671
-0.055293
0.152352
-0.114425
0.125305
-0.224941
-0.030936
-0.192957
-0.080421
0.266446
0.007063
-0.205559
-0.191777
-0.002890
0.207037
-0.088613
0.116198
0.168001
-0.076894
0.192073
-0.112659
-0.020268
0.178482
-0.203620
0.146560
-0.117950
0.064442
0.061186
0.211340
0.220680
-0.155607
0.256093
0.286586
0.244159
0.206060
0.000460
0.260586
-0.052257
0.153358
0.166362
0.106138
-0.030198
-0.229044
0.132541
0.107344
-0.183160
0.168166
-0.293728
-0.197274
-0.013312
-0.176821
0.230871
0.258036
0.123663
0.271934
0.024234
-0.114855
-0.491127
-0.581856
-0.123157
-0.326445
-0.009434
-0.015850
0.091277
-0.241627
0.193843
0.261354
0.313374
0.139439
-0.104836
-0.333558
-0.163325
-0.533585
-0.168181
0.262221
-0.133957
0.171984
0.288190
0.085547
0.146813
-0.292611
-0.007228
-0.310193
0.045313
-0.009932
-0.034545
0.208986
0.359949
0.180023
-0.199598
0.068809
-0.331745
-0.044366
0.020947
0.335694
-0.029079
-0.102618
0.397521
0.032001
-0.048100
0.040756
0.036645
0.082878
0.180759
0.406256
-0.036690
-0.297029
0.180931
-0.208251
-0.463786
-0.395409
0.156753
0.084185
-0.034628
0.300129
0.027799
-0.143771
-0.114884
0.400112
-0.042998
0.058530
-0.180372
-0.215709
-0.085363
-0.425630
0.025936
0.153935
0.030935
-0.053720
-0.161777
0.018680
-0.073828
0.212210
-0.040946
-0.017258
-0.153687
0.121077
0.211368
-0.010350
0.318083
-0.580251
-0.096478
0.253840
0.299515
0.091648
0.281421
0.063960
0.199590
-0.074481
-0.051820
-0.260126
0.360733
-0.136656
-0.074189
-0.321921
0.113840
-0.443605
-0.216902
-0.473110
-0.081044
0.049456
0.539724
0.064528
-0.302604
-0.082602
0.118246
0.052914
0.081313
0.175263
0.035333
-0.290731
-0.100371
0.283346
0.127355
-0.195560
0.161306
-0.393777
-0.128252
0.015110
0.083731
0.062775
0.051478
0.066534
0.460979
-0.050475
-0.027836
-0.315763
-0.147833
0.156255
0.163674
-0.067218
0.131701
-0.529086
-0.345564
-0.205049
0.105067
-0.005479
-0.046954
0.199564
-0.223718
-0.019179
0.074769
0.208512
0.270694
0.163512
0.305501
-0.426239
-0.279374
0.318625
0.075610
-0.033974
0.265422
-0.108414
0.146334
-0.032092
-0.285602
-0.040242
0.529428
0.338218
-0.077375
-0.172022
0.118923
0.602797
0.061740
0.032225
0.232644
0.060325
0.043492
-0.454538
-0.129712
-0.385261
-0.200492
0.227383
-0.125028
-0.149782
-0.234535
0.273421
-0.157314
-0.054273
-0.144171
0.091661
0.098669
-0.178166
0.239817
0.166801
-0.224893
-0.189566
0.096990
-0.269731
-0.062949
-0.153246
0.130977
-0.326229
0.160147
0.070431
-0.075846
0.169535
0.247803
0.028864
0.112483
-0.248971
-0.484106
-0.144907
-0.048344
-0.077567
0.234357
0.068890
-0.149692
0.002384
-0.221730
-0.172469
0.117708
0.137043
-0.162094
0.191571
-0.016041
-0.338503
-0.330978
-0.126494
0.164911
-0.037085
-0.264138
-0.076353
0.155329
0.100268
-0.120320
-0.126504
-0.147078
0.297568
-0.341789
-0.307716
-0.006484
-0.190095
-0.126800
0.141297
-0.025919
0.036397
0.219460
-0.008087
-0.122569
0.106295
-0.041502
-0.251151
0.042211
-0.008108
-0.218555
-0.028139
0.254918
-0.030316
0.254700
0.093301
0.202805
-0.012630
0.073641
0.126140
0.126368
0.070370
-0.234523
0.182692
0.583498
-0.170761
-0.341775
-0.046500
0.181399
0.016581
-0.041419
0.041791
0.179983
0.253235
0.092685
-0.031871
0.119989
-0.118780
0.067154
-0.094916
-0.024583
-0.068570
-0.204462
-0.104147
-0.150630
-0.032523
0.135440
-0.082208
-0.235646
0.154232
0.067214
0.044127
0.068315
0.061275
-0.055008
0.129843
0.228729
0.126349
0.213738
-0.044354
0.194293
-0.060365
-0.186636
-0.077241
-0.117852
-0.028063
0.065375
-0.098566
-0.024876
0.078700
0.168567
0.099783
0.166675
-0.128184
-0.030658
0.312421
-0.048631
0.203534
-0.003031
0.120246
-0.141830
0.227464
-0.202475
-0.411088
-0.086091
0.091833
-0.285049
0.025638
0.154985
-0.165367
-0.340540
-0.011541
-0.139397
0.247025
-0.340877
0.150948
0.437793
0.397625
-0.169356
-0.220045
-0.212205
0.384038
-0.094821
0.246598
0.086524
-0.083680
-0.127637
-0.126949
0.047935
-0.025307
-0.091778
0.185023
0.400271
-0.021164
-0.055271
-0.251517
-0.005452
-0.344127
-0.080393
0.032596
-0.147079
0.068845
0.054728
-0.004597
-0.194119
-0.003910
-0.034621
-0.073416
0.121470
0.040410
-0.278276
-0.027641
0.137298
0.187445
-0.195348
-0.098876
-0.344681
-0.079602
-0.227779
-0.083672
-0.137231
-0.296328
-0.025939
0.817828
-0.403625
-0.075583
-0.364855
-0.046543
-0.362874
0.242388
0.341411
0.122137
-0.203214
-0.163631
0.041097
0.204561
-0.177176
0.024746
-0.238187
0.571974
-0.124852
0.223428
-0.024234
0.157524
0.322842
-0.219036
0.019275
0.150496
0.027777
-0.049797
-0.121101
-0.137529
-0.611305
0.100730
-0.110618
-0.199135
-0.429823
-0.048985
-0.127012
-0.334624
0.062969
-0.333823
0.060915
-0.214567
0.149782
0.148872
0.162113
0.524356
0.159951
-0.062943
-0.172787
0.216687
-0.320180
-0.037155
-0.355847
0.009954
-0.072828
-0.225167
-0.181358
-0.064562
-0.238759
-0.200256
-0.042316
0.006820
0.070755
-0.090834
0.049901
-0.198668
-0.434572
-0.148126
0.101480
-0.154082
0.166083
0.194888
0.317427
-0.205685
0.569978
-0.129891
-0.467501
-0.081300
0.006055
-0.038141
-0.113453
0.097998
0.068392
-0.245407
-0.183885
-0.004954
-0.325400
0.085591
0.143999
0.284232
0.220920
-0.138223
0.355946
0.019121
0.252478
0.107170
0.172467
-0.111253
-0.470927
-0.159401
0.106931
0.081933
-0.120254
-0.393046
0.152914
0.199947
0.223449
0.124391
-0.195859
0.214164
0.006678
-0.008682
-0.273168
-0.258377
0.368544
0.327820
-0.132468
-0.006734
0.049141
-0.001538
0.234957
-0.062067
0.230333
0.086510
-0.032448
0.272275
-0.047934
-0.188800
0.111340
-0.002966
-0.057586
-0.090456
-0.100210
-0.049361
-0.050652
-0.105097
-0.266516
0.016341
-0.018023
-0.186668
-0.317902
0.042146
-0.079230
0.072101
-0.192409
0.218492
0.000255
0.178132
0.199620
0.124255
0.162844
-0.346818
0.232231
-0.207352
-0.100055
-0.416745
-0.551575
-0.235314
-0.293268
-0.111504
0.242448
0.365855
-0.168949
-0.005600
0.108594
-0.077482
0.203484
-0.175698
0.024181
0.561037
-0.425621
-0.076345
0.152424
0.349439
-0.207222
-0.136572
0.323676
-0.045600
0.129310
0.112819
-0.017238
-0.178537
-0.057525
-0.179037
0.387805
0.125754
0.084509
0.141556
-0.009467
-0.058929
0.128630
-0.059023
-0.187656
-0.252974
-0.211712
0.076770
0.040190
0.231384
-0.132710
0.328567
-0.067918
0.104681
-0.008980
-0.051199
-0.260065
0.081196
0.306104
0.093089
0.030679
0.071753
-0.113256
0.428725
-0.247694
-0.086484
-0.043800
-0.604375
0.020554
0.108163
-0.032003
-0.082803
-0.043251
-0.337741
-0.218196
0.077174
-0.032437
0.084892
0.068160
-0.043256
0.217230
-0.213132
-0.146890
0.218761
0.058840
-0.169609
0.206272
-0.114093
0.152058
0.178311
-0.032604
-0.044390
0.373984
-0.123227
-0.062351
-0.061102
-0.015341
-0.138931
0.248225
-0.116561
-0.116852
0.265657
0.378718
-0.015360
-0.332566
-0.094129
-0.088382
0.213905
-0.135636
0.041488
-0.118142
0.243373
0.137679
0.118456
0.122551
-0.241089
0.019582
0.043336
0.044963
-0.113573
0.156850
0.146639
0.113892
-0.149493
-0.277583
0.268057
-0.299861
-0.040021
0.239148
-0.200750
0.255486
0.182769
0.096170
0.020480
0.188281
-0.257718
-0.119745
-0.057515
-0.097720
-0.052085
-0.232449
-0.053273
0.104674
0.032093
0.215137
-0.030459
-0.193054
-0.053980
-0.066455
-0.277880
-0.370581
-0.145438
0.180439
-0.179968
0.131291
0.140564
-0.113095
0.021053
-0.156598
-0.198119
-0.247111
0.121956
-0.277628
-0.026491
0.037540
-0.028829
-0.074838
-0.079905
0.417523
0.039282
0.394052
0.302740
-0.051502
0.092444
0.170894
-0.125297
0.149502
0.384840
-0.175512
0.060774
-0.416454
-0.017244
0.214558
-0.121975
0.065985
0.386497
0.215270
-0.205858
0.215427
-0.087116
0.077805
-0.058148
0.111377
-0.090482
-0.030055
0.177515
-0.109256
0.109557
-0.065305
-0.053254
-0.217139
0.099161
0.289570
-0.157540
0.131875
-0.084872
-0.005158
-0.244349
-0.147927
0.005409
0.106419
0.094744
0.041713
-0.292340
-0.056413
-0.037860
-0.118278
0.144788
-0.151941
0.002994
-0.263567
0.075123
-0.030033
-0.167678
-0.214202
0.222727
-0.012938
0.100451
0.035617
-0.289236
-0.047824
0.087945
0.179238
-0.309128
-0.308954
0.003223
0.134213
-0.001609
-0.047350
-0.210453
0.152133
-0.152979
0.080358
-0.079871
0.077954
-0.183653
-0.055410
-0.200981
0.083592
0.028407
-0.039374
0.428961
0.070057
-0.317959
0.168635
-0.322379
0.038521
-0.478704
-0.157478
0.272478
0.125521
0.055178
0.019424
-0.007452
-0.048100
0.139832
0.003665
-0.246480
0.102397
0.209051
-0.001229
-0.062125
0.134149
0.068985
-0.115514
-0.328435
-0.224665
0.172934
0.252890
0.238070
0.050402
0.347906
0.224237
0.058305
-0.165928
0.112040
-0.030246
-0.038060
-0.099479
-0.205051
0.172579
-0.058077
0.182323
-0.202949
-0.352087
0.011606
0.253383
0.421902
-0.517973
-0.232027
-0.008049
-0.165337
0.145897
-0.342988
0.307667
0.056114
-0.147068
-0.384199
0.167287
0.323096
-0.014104
-0.110264
0.340944
0.044533
-0.188493
-0.268214
-0.216057
-0.227634
-0.138041
0.017411
-0.122828
-0.283245
-0.197128
0.226600
0.134518
0.259913
-0.018024
0.175030
0.507536
0.093512
-0.330165
0.259857
-0.076507
0.183090
0.068324
0.090563
0.259350
0.061441
0.126834
0.162661
0.067886
0.146226
-0.110494
-0.125924
0.173403
-0.552781
-0.183661
-0.134110
-0.008349
-0.176021
-0.286116
0.131482
0.265238
-0.107007
-0.063642
-0.090692
0.414370
0.075020
-0.066731
0.222523
-0.148796
0.040249
-0.267518
-0.040620
-0.222136
0.112539
-0.030574
-0.541847
0.283030
-0.200834
-0.281780
-0.416516
0.016156
0.348031
0.262551
-0.312731
0.005349
0.065329
0.183724
0.124346
0.111059
0.142519
-0.082314
-0.121339
-0.090961
-0.132109
-0.130742
0.122222
-0.068645
0.214664
-0.119245
0.190446
-0.365455
0.207129
-0.262404
0.067251
0.000592
-0.194887
0.233745
-0.359204
0.120049
0.076439
-0.043076
-0.214532
0.278931
0.088996
0.085867
-0.162314
0.336554
0.396332
0.258718
-0.055260
0.113980
-0.091947
-0.148090
-0.169472
0.052870
-0.184886
-0.039102
-0.069917
-0.128658
0.010205
0.007970
0.177760
0.152184
-0.272455
-0.101488
-0.105674
0.220221
0.076321
0.152802
0.207553
0.159118
-0.165120
-0.159576
-0.333120
0.319790
-0.176615
0.152957
-0.043619
-0.193082
0.267561
-0.104571
0.060904
-0.020499
0.119648
0.287293
-0.119005
0.160135
0.002120
0.004692
-0.202627
-0.050370
0.013896
0.035274
0.069857
0.037436
0.037891
0.185837
0.110941
0.130818
-0.159664
0.104198
-0.308602
0.197829
-0.058448
-0.021914
-0.164418
0.296425
0.522362
0.062459
0.130950
0.057370
0.123572
0.120719
-0.062805
0.203753
-0.002437
0.052975
-0.007001
-0.234004
0.154043
0.088969
0.010959
0.149212
-0.071168
0.149534
-0.070333
0.253514
0.351263
0.171702
-0.031674
0.080511
-0.088492
0.196844
-0.092341
-0.009529
0.150859
0.052701
0.191343
0.049347
-0.378942
0.138568
0.260900
0.105148
0.330422
0.153162
0.259379
0.082307
-0.070156
0.000843
-0.172936
0.216649
-0.086613
0.353371
0.057772
0.049708
-0.202093
-0.147762
-0.124865
-0.083803
-0.114081
0.076525
0.049433
-0.271399
-0.026762
-0.137895
0.197487
0.324506
-0.649619
-0.262908
0.098553
0.052743
0.153818
0.036472
0.144399
-0.128443
0.261398
-0.010070
-0.041359
0.133115
0.096785
-0.018233
-0.068592
0.251681
-0.144355
-0.040315
-0.238222
0.194385
0.112857
0.229667
0.100964
0.356825
-0.137452
0.007343
0.459743
-0.310288
0.105597
0.078480
0.054032
0.045999
0.056642
0.223293
-0.001165
0.076014
0.023152
-0.010761
-0.365592
0.150541
0.150142
-0.362101
-0.128513
-0.031550
0.052732
0.154785
0.164977
-0.023635
0.274913
0.083996
0.214799
0.096146
0.225248
-0.532727
0.209191
0.097541
0.170691
0.042343
-0.145409
-0.223799
-0.039747
-0.155568
-0.014459
0.372214
0.144493
-0.152256
-0.185409
-0.286669
-0.235150
0.157302
-0.287249
-0.174100
0.267709
-0.333945
-0.461706
-0.186620
0.013825
-0.322665
0.195778
0.172371
-0.316991
0.135442
-0.098887
-0.225830
-0.060532
0.100309
0.182100
-0.096604
-0.259212
0.387040
0.276938
-0.198157
0.110268
-0.083788
-0.197558
0.369566
-0.080978
-0.006953
0.273089
0.095483
-0.126182
0.164117
0.043534
0.193043
0.067610
-0.050814
0.130494
0.282731
0.017054
-0.119183
0.235670
-0.022089
-0.062640
0.016506
0.010945
0.024283
-0.525706
0.047929
0.410014
-0.035700
-0.433747
0.386885
-0.030602
0.165855
0.120776
-0.176000
0.396068
-0.071935
0.110289
-0.213301
0.216989
0.125661
-0.375862
-0.151415
-0.116184
0.218762
0.027909
0.076616
0.165997
-0.230536
0.188677
0.058873
0.323074
-0.407809
0.021286
-0.099192
-0.261198
0.059601
-0.506182
-0.153606
0.064068
0.035579
0.042462
-0.298868
-0.314724
0.004884
-0.204870
-0.072348
-0.115186
-0.009285
-0.214312
0.036811
-0.113066
0.050338
0.198253
0.008431
0.100091
-0.055765
0.033622
0.065311
-0.028135
0.068994
0.167496
-0.100234
-0.177304
0.018072
-0.015030
0.040271
-0.159698
0.156073
-0.163729
-0.022023
-0.026206
-0.221111
-0.166579
0.192280
0.295019
-0.065168
0.128427
0.031784
0.235664
-0.154791
-0.243878
-0.022594
-0.423094
0.034045
-0.361877
0.112946
0.301565
-0.047950
0.112877
-0.040647
-0.130176
-0.194724
0.116439
-0.105465
0.106185
0.017638
0.571842
0.197770
-0.024805
-0.106750
-0.117606
0.264631
0.074482
0.001084
-0.197247
0.071578
-0.005181
0.151567
-0.042885
0.074656
-0.069879
0.073635
0.268326
0.024562
-0.527992
-0.080117
0.013437
-0.098660
-0.165810
-0.248620
-0.137500
0.213387
-0.266442
0.276224
0.026956
0.046813
0.149231
-0.146044
0.326397
0.096640
0.263207
-0.031833
0.050011
-0.265569
0.172426
-0.501147
0.229614
0.138990
0.027872
0.033182
-0.046001
0.325895
0.146447
0.125523
0.083495
0.506584
0.305005
0.333884
-0.123144
0.000281
-0.158021
0.046699
-0.374257
-0.221088
-0.099317
-0.103078
0.035531
-0.306074
-0.023587
0.079973
0.098989
0.072699
-0.139410
-0.185072
0.230496
-0.189197
0.447551
-0.176287
0.020214
-0.098706
0.016819
0.150045
-0.134521
-0.010707
-0.109483
0.029903
-0.020220
-0.066200
0.285017
0.194598
-0.036955
-0.072857
-0.152601
0.039854
-0.014876
-0.164322
0.321520
-0.102494
-0.107273
-0.093658
0.580429
-0.120864
-0.042319
0.315865
-0.250602
-0.030494
-0.224253
-0.073868
0.374857
-0.193797
-0.229825
-0.282272
-0.137779
0.003928
-0.266579
0.223354
0.041087
0.591012
-0.088207
0.062482
0.116123
-0.032829
0.025287
0.251103
-0.026913
0.070334
-0.054273
0.217589
-0.297761
-0.134483
0.205648
-0.022217
-0.254971
0.055081
0.333835
-0.352504
0.053484
-0.082089
-0.021319
-0.062775
0.020578
-0.398661
0.082636
0.152018
0.144147
-0.092740
-0.235745
0.181968
0.261864
-0.213827
0.037262
-0.094915
-0.191136
0.156164
0.000652
-0.106822
0.185970
0.257787
0.098153
0.129317
0.302065
-0.168542
0.187705
0.000671
-0.384684
0.121515
0.388074
0.178679
0.112561
0.114931
-0.293808
0.270073
-0.016200
0.073666
0.072744
0.110821
-0.361877
-0.237104
-0.141647
-0.445667
0.184546
-0.051110
0.013443
-0.308666
0.055489
-0.189056
0.348400
0.458153
0.077000
0.111058
-0.158293
-0.156239
-0.227955
-0.592591
0.296335
0.021996
-0.131545
-0.079082
0.204271
0.112990
0.075987
0.201622
-0.105522
-0.059344
-0.000741
-0.031674
-0.113277
0.131039
0.274387
-0.079293
-0.052120
-0.081353
0.049388
0.282592
-0.130693
0.062920
-0.034246
-0.039144
0.151204
0.299630
0.072244
-0.055924
-0.053002
-0.042518
0.031895
-0.391146
0.095512
-0.139429
-0.204732
-0.233696
0.062789
0.492165
-0.001944
0.150055
-0.472398
0.162303
0.091962
0.185060
0.046755
0.063501
-0.105708
-0.062652
-0.233930
-0.259697
-0.018242
0.187593
0.058830
-0.301320
-0.013885
0.010935
0.041345
0.387884
-0.111770
0.014527
-0.037893
0.068170
0.558912
0.060915
-0.198491
-0.214483
-0.431146
-0.262912
-0.159191
0.036812
0.120879
0.020523
-0.162908
-0.405834
0.025476
0.455246
-0.240947
0.198684
-0.042341
-0.006296
0.056749
-0.077721
0.000601
-0.216460
0.072461
-0.478504
-0.201369
-0.007981
0.288170
0.048889
0.217303
-0.165508
-0.124771
0.283756
0.273956
0.085152
-0.088984
-0.106992
0.149535
0.051253
0.126073
-0.478862
0.041244
-0.320078
0.101406
0.049282
0.246218
-0.190727
-0.066724
0.007674
0.007119
-0.218408
0.247276
0.063551
-0.042103
-0.110870
-0.139528
-0.224899
0.243538
0.281250
-0.032625
-0.136925
-0.399358
0.134986
-0.070645
0.267901
-0.069582
-0.393350
0.154135
0.119055
0.066837
0.011410
-0.007339
0.126754
0.126861
-0.155806
0.053199
0.312763
-0.025544
0.207024
0.070587
0.070416
-0.417680
-0.031709
0.129889
-0.130385
-0.138973
0.074262
-0.089516
-0.185374
-0.021076
0.201347
-0.172176
-0.354080
-0.248292
0.066353
-0.071206
0.049338
0.238381
0.057913
-0.263459
0.112986
-0.219710
-0.274788
-0.061629
0.069174
-0.117602
-0.316040
0.388963
0.103850
-0.076604
0.060608
0.127476
0.132586
0.101707
0.219403
-0.109208
0.135565
0.086348
-0.053316
-0.020166
-0.330106
-0.039021
-0.023324
0.456399
-0.230826
