0.372185
-0.215306
0.025712
-0.243975
-0.055822
-0.150630
0.199486
-0.164373
0.859859
-0.242496
0.114653
0.220162
0.225669
-0.489276
-0.009701
-0.138091
0.096735
0.242731
-0.265893
-0.221070
-0.096217
0.007291
0.311308
0.217187
0.024048
0.008772
-0.013834
-0.130303
-0.069199
-0.125271
0.129003
-0.057181
0.031703
0.073035
0.201696
-0.246242
0.002498
-0.050691
0.324213
-0.319366
-0.000081
-0.227585
0.147208
-0.011365
-0.488879
0.059963
-0.019340
0.071254
0.237273
0.296688
-0.251730
0.184048
0.104905
-0.447405
0.088233
0.155057
-0.169885
-0.417499
0.243300
-0.030521
0.056341
-0.091099
-0.020735
-0.278335
0.044120
-0.072651
-0.061173
-0.273989
-0.145506
-0.175035
-0.122829
0.333930
0.138168
-0.019264
-0.266118
0.162160
0.070231
0.518485
0.053959
0.206544
0.464338
-0.006784
0.342564
-0.337780
0.013682
-0.202710
0.011680
-0.360333
0.111080
0.305180
0.057636
0.082164
-0.276424
0.019152
-0.089799
-0.294731
-0.143919
0.050290
-0.203464
-0.055510
-0.048460
0.325706
0.005473
-0.075612
-0.150594
0.329002
-0.051566
0.372631
-0.076643
-0.034635
-0.134093
-0.185924
0.179752
0.016071
0.242850
0.405045
0.225522
0.027611
0.059275
-0.185877
-0.086455
0.167214
-0.206106
0.005790
-0.308880
0.185489
0.071812
-0.112986
-0.318619
-0.141806
-0.152983
-0.147499
-0.252282
0.086039
0.162960
0.057031
0.004097
0.226903
-0.260078
0.004672
-0.132810
-0.478940
0.094362
-0.078966
-0.248866
-0.172157
-0.203065
-0.293453
-0.238932
-0.090145
-0.279099
0.193560
-0.156121
0.203213
-0.151060
-0.006344
0.171419
0.034694
-0.259397
0.263136
0.089988
-0.052890
0.218857
-0.334797
-0.068158
0.105406
-0.297941
0.011937
-0.261382
-0.142764
-0.032931
0.007297
0.273707
-0.333303
0.017533
-0.168429
0.209892
-0.246558
-0.033356
-0.013140
0.028892
0.018518
-0.403729
0.433261
-0.448763
-0.138216
-0.120206
0.144596
0.462462
-0.060677
-0.065151
0.275979
0.069913
-0.018038
-0.047502
0.033574
-0.144609
-0.232310
0.258050
-0.104874
0.301023
0.552527
0.114107
0.167441
-0.178880
0.245868
0.228092
0.026626
-0.231262
0.004416
0.076529
0.059585
-0.059637
-0.172425
-0.062764
-0.279599
0.013906
-0.010806
-0.201866
-0.092900
0.289827
-0.106127
0.198159
0.117137
-0.056739
0.152029
-0.002132
-0.019679
-0.083520
0.108924
-0.090599
0.292272
-0.038212
0.064922
0.037185
-0.167537
0.222355
0.234339
-0.377940
0.066073
0.177782
0.070606
0.159034
-0.355062
0.172605
-0.035979
-0.007798
0.175779
0.239020
-0.269492
-0.243118
0.140119
-0.260108
0.130509
0.210429
0.030839
0.114107
-0.215431
-0.023984
0.150943
0.020148
0.002786
-0.206577
-0.058616
0.373701
0.067619
-0.218311
0.205844
-0.304775
-0.293695
0.081284
0.006851
-0.064750
-0.278756
0.374481
-0.066802
0.037609
0.013230
0.001444
0.237940
-0.194552
0.224342
0.158220
-0.099759
-0.385208
0.155491
0.067357
-0.151922
-0.324724
0.236378
0.095724
0.144143
-0.386767
0.017610
0.047967
0.261187
-0.213031
-0.158081
0.269410
-0.066960
-0.094781
-0.044184
-0.019152
0.019282
-0.278418
0.030552
0.234789
-0.067038
0.154303
0.126197
-0.014845
-0.029875
-0.106338
0.012279
-0.108103
0.287325
-0.210092
-0.207555
0.163209
-0.016390
0.199666
-0.253368
0.191649
0.132064
0.074167
-0.136812
0.187545
0.044302
-0.038387
-0.109745
0.103809
-0.027302
0.238593
0.512493
0.071329
0.130805
-0.137250
0.187827
-0.133060
0.215364
0.041483
0.019401
-0.131167
0.014486
-0.314950
-0.308991
0.346322
0.200953
-0.143244
-0.103019
0.270315
-0.199405
-0.132112
-0.180928
0.035672
-0.075379
-0.128054
0.548172
0.232655
0.131123
-0.062978
0.286096
-0.132873
0.330646
0.044880
0.246190
-0.135535
0.152011
0.432619
-0.158670
-0.123187
-0.105103
-0.226700
0.026038
0.210458
-0.255050
-0.334443
0.008111
-0.231175
-0.197306
-0.189916
-0.348636
0.351852
0.256752
-0.172366
-0.351506
-0.421702
0.092042
0.048154
-0.152627
-0.182804
0.219753
-0.073311
0.024740
-0.265533
-0.332564
0.205560
0.035497
0.192618
-0.184924
-0.310583
-0.001170
-0.125634
0.101880
-0.231725
0.097440
0.150738
-0.329493
-0.354970
-0.410675
-0.161580
0.009290
0.417062
0.165409
0.032774
-0.338897
0.222610
-0.303663
-0.083123
0.333017
-0.030966
-0.153823
-0.137227
-0.028144
0.092576
0.129817
-0.183578
-0.086943
-0.147316
-0.209846
0.285857
0.026047
-0.173396
0.213348
-0.040855
-0.180115
0.123590
0.300924
-0.010971
0.040489
-0.185427
-0.014764
-0.268433
0.016438
-0.065718
0.025141
0.269661
0.370529
0.124492
-0.417111
-0.458371
-0.092481
-0.018500
0.107848
-0.125743
-0.026936
0.073961
0.050959
-0.150102
-0.329991
-0.116904
0.079219
-0.034070
0.053496
0.028284
-0.195327
-0.197321
-0.081888
0.245678
0.256172
0.212895
-0.092736
0.076237
-0.001497
0.128494
-0.078019
-0.148496
-0.104520
0.241299
-0.091309
0.053557
0.558800
0.021259
-0.152852
0.023470
-0.142446
-0.144859
-0.009252
0.370382
-0.030825
0.060376
-0.512644
-0.110317
-0.229788
-0.268964
0.117270
-0.034219
-0.186623
-0.130372
-0.237102
-0.011541
-0.035441
0.105017
-0.069634
-0.002865
0.219602
-0.184111
-0.193193
0.216042
0.015438
-0.300341
-0.026191
0.022573
0.128815
0.558050
-0.018351
0.042850
0.274000
-0.063847
-0.041266
0.012954
0.053104
-0.045715
0.131190
0.040586
0.177708
-0.182472
-0.095895
0.015038
-0.080762
0.175915
0.288064
0.011088
-0.097946
-0.179676
-0.081279
-0.039745
-0.166960
0.040100
0.238191
-0.078766
0.146934
-0.171231
-0.175034
0.301743
0.048195
-0.032772
-0.203640
-0.090859
0.395666
0.271566
0.079192
-0.208576
0.220585
0.000709
0.319969
-0.139061
-0.105800
-0.202708
-0.227775
-0.092358
0.267300
0.136668
-0.230617
-0.360396
0.088422
-0.299506
-0.081816
-0.258156
0.110753
0.170226
0.043057
0.450664
0.066354
0.034172
0.268780
-0.073984
-0.152638
0.149170
-0.129737
0.056029
-0.300453
-0.459432
0.149250
-0.103159
-0.313204
0.251524
-0.093896
0.267519
0.276110
0.122817
0.366671
-0.361183
0.149191
0.130462
0.084580
-0.188417
-0.258969
0.138253
-0.226439
-0.110368
-0.313149
0.099515
0.257999
0.056641
-0.133352
0.389257
0.001481
0.015316
0.159645
-0.273236
-0.416500
0.258721
0.155334
0.007831
0.088168
0.201474
0.176947
0.240054
-0.000665
0.129430
-0.143166
0.072214
-0.155784
-0.130288
-0.047768
0.115901
0.061043
-0.131646
-0.060315
0.073369
0.015089
0.267887
0.202068
0.197299
0.082186
-0.082949
-0.384501
0.127122
0.206967
-0.144361
0.071869
-0.124486
0.009611
-0.131462
0.170757
0.021391
-0.255133
-0.029556
0.286886
-0.308815
-0.029778
-0.016589
-0.095574
-0.013410
-0.399681
0.443186
-0.039121
-0.078704
-0.138623
0.097799
-0.266158
-0.195766
0.149969
0.056084
-0.076495
-0.083944
0.076531
-0.137965
0.322303
0.177580
-0.423058
-0.185668
0.103206
-0.112903
-0.114396
0.179026
0.080289
0.205899
0.115361
0.063268
0.080902
-0.086715
0.230562
0.319000
-0.016901
0.005546
0.053911
0.007906
0.110656
0.387834
-0.057938
-0.105392
-0.143809
-0.047481
-0.139487
-0.090914
0.130077
-0.286457
0.142678
0.297727
-0.019810
-0.030735
-0.014719
0.039055
-0.072594
-0.110714
0.053015
0.086392
0.472570
0.157473
0.172283
-0.452541
-0.033774
0.228918
0.041526
0.213400
-0.140262
-0.146899
0.211049
-0.030526
0.018565
-0.032002
0.104052
0.358085
-0.192754
0.170213
-0.047698
0.298910
-0.193130
0.357306
-0.146732
0.087509
-0.122800
0.025175
-0.257929
-0.302334
-0.179668
0.077789
-0.052383
-0.035109
0.119248
0.440555
-0.048382
-0.181322
0.398998
-0.169857
0.115110
0.342508
0.328742
-0.079082
0.307620
0.015990
0.369213
-0.071281
0.028210
-0.252856
0.049069
0.038010
0.030822
-0.127618
0.161546
-0.116008
-0.017586
-0.005237
-0.230659
0.392603
-0.032461
-0.011928
-0.117483
-0.132657
-0.410679
0.003709
0.309468
-0.092781
-0.048657
-0.030665
-0.034010
0.110095
0.152783
-0.275464
0.216377
-0.367970
0.052471
-0.043801
0.158886
0.006530
-0.043270
-0.083551
0.000660
0.028118
0.040595
0.083839
0.151638
-0.390608
-0.047943
-0.085121
0.152275
-0.235883
-0.179925
-0.301431
-0.081161
0.095929
0.050817
0.140320
-0.256835
-0.023861
-0.104120
-0.179306
-0.104628
-0.215287
-0.022463
0.110960
0.045607
-0.251775
-0.263660
0.237830
-0.145737
-0.016460
0.028390
-0.168922
-0.253328
0.196720
-0.179495
-0.331464
-0.090526
-0.155595
-0.036528
-0.115577
-0.065491
0.098492
0.028190
0.197279
-0.051959
-0.440118
-0.265392
-0.077798
0.322932
0.358829
-0.139599
0.432931
0.494240
-0.254941
0.060089
-0.075700
-0.251172
0.000103
-0.062787
0.083510
-0.133746
0.054173
-0.133974
-0.104704
0.165069
0.240564
-0.151016
-0.209967
-0.272239
0.112839
-0.296107
-0.198692
-0.204448
0.052145
-0.142194
-0.015931
-0.128336
-0.205064
0.125535
0.197287
-0.099502
0.185645
-0.266790
0.049905
-0.135293
0.384886
-0.420058
-0.229447
0.081603
-0.352492
0.308011
-0.108916
-0.274991
-0.118470
0.044029
-0.031548
-0.053339
-0.266212
0.074686
0.299204
-0.422585
-0.292743
0.132391
0.007583
0.058014
0.150458
0.123954
0.040436
0.021015
0.171176
0.454195
0.084383
0.421553
0.325021
-0.049247
-0.086433
-0.172249
0.203769
0.002726
-0.006740
0.326492
-0.022402
0.356496
0.016589
-0.109776
-0.005808
-0.212760
0.346716
-0.085512
-0.044779
-0.314050
-0.024131
0.073796
0.553311
0.095747
0.317556
-0.271586
-0.030276
-0.273716
0.029150
0.235385
0.089127
-0.029361
0.195372
0.201493
-0.155581
-0.088709
0.067433
-0.250512
0.199601
-0.078598
-0.157331
-0.129246
-0.138161
-0.028173
0.292194
-0.307875
0.014744
-0.369479
-0.237855
-0.195903
-0.105777
0.097901
-0.187513
-0.167491
0.214111
0.020222
0.038469
-0.125687
0.027033
0.486950
-0.040492
-0.084521
0.114366
-0.244542
-0.089037
0.129980
0.023314
0.133792
0.160116
0.076693
-0.167648
0.223074
-0.058553
0.244012
0.036576
0.124830
0.078508
0.057075
-0.339448
0.179288
0.103269
-0.108414
-0.417959
0.253786
-0.085832
0.254943
0.033428
-0.200258
-0.116822
0.287195
0.079011
0.219868
0.370913
-0.013491
-0.371635
-0.189253
0.284531
-0.606349
-0.271020
0.180655
-0.004503
-0.030105
-0.116440
0.039911
0.248473
-0.083893
-0.289062
-0.173761
0.016192
-0.086370
0.022238
0.083943
0.009620
-0.033512
-0.144671
-0.000101
-0.304750
-0.115990
-0.259702
-0.026326
-0.153366
0.095483
-0.139728
0.117944
-0.003771
0.161911
-0.145104
-0.514057
0.368154
-0.245464
0.040599
0.203895
0.112065
0.344805
-0.288653
-0.312177
0.485045
-0.091385
-0.096545
-0.124235
0.185534
-0.358326
0.122732
0.276227
0.212330
0.226493
-0.009533
-0.115784
-0.073840
-0.349649
-0.196129
-0.226112
-0.233740
0.090292
-0.318146
0.176766
0.364914
-0.019106
0.316847
-0.096384
-0.068044
-0.019922
0.148573
-0.156549
-0.063485
0.485052
0.091230
0.028767
-0.194553
-0.002240
0.093055
-0.125111
-0.015851
-0.004699
0.083318
0.009579
-0.187488
0.266998
0.239979
-0.008171
0.025825
0.028176
0.055853
0.017079
-0.126321
0.263920
-0.008061
0.226695
-0.004771
0.364354
-0.127299
0.370205
-0.105220
0.061172
-0.007347
0.164933
-0.106832
0.067366
-0.098657
-0.043826
-0.179837
-0.057051
0.010061
0.036919
0.144215
-0.236662
0.036369
0.169159
0.124245
-0.023623
0.076720
0.114788
-0.302800
0.305134
-0.115302
0.114188
0.191848
-0.159202
0.013260
0.241751
0.076611
-0.264463
-0.034734
-0.345578
-0.411578
0.086079
0.271532
0.045154
0.374694
-0.039406
-0.053566
-0.059859
0.428690
-0.093862
0.053518
-0.042822
0.047822
-0.040870
-0.008693
-0.111334
-0.135333
0.024763
-0.322013
0.230467
-0.017494
0.146915
0.102703
-0.501107
-0.379457
0.063601
-0.078761
0.147189
0.078103
-0.154943
0.082295
0.034677
-0.036335
-0.039524
-0.116271
0.317217
-0.180349
0.290698
0.179229
-0.030729
-0.060939
-0.050170
0.315594
0.006441
0.053149
-0.039243
0.014478
-0.095360
0.041932
0.381150
0.025765
-0.010590
-0.187618
0.011217
0.040670
0.087662
0.059501
-0.203855
0.142001
-0.056286
-0.183444
-0.036141
0.220842
0.200112
0.039514
0.076416
-0.105229
0.285003
0.001399
0.008266
-0.015417
0.427490
0.291336
-0.419380
-0.405483
0.127517
0.187220
-0.150278
-0.016729
-0.041907
0.031230
0.023086
-0.022897
0.244882
-0.033850
0.101333
-0.227841
0.291289
-0.396770
-0.036316
0.154561
0.196809
-0.081921
-0.169924
0.040570
0.171020
-0.470721
-0.215055
0.098499
0.137177
0.067427
-0.072248
-0.201442
0.209285
-0.029415
0.005929
0.139854
-0.006617
-0.366122
-0.049980
-0.151331
0.121450
0.035348
0.079949
-0.049901
0.307571
0.026785
0.303230
0.626474
-0.112410
-0.097876
0.183305
-0.155466
0.230675
0.200194
0.059676
-0.166756
0.284269
-0.069479
-0.058793
-0.033847
0.111462
0.017396
0.224784
0.265208
0.058296
-0.065828
0.377146
0.008395
-0.233986
-0.247254
0.165982
-0.377199
-0.095765
0.160998
-0.121070
-0.196094
-0.026884
-0.012798
0.051531
-0.059871
0.568841
-0.170339
-0.222843
0.144135
0.106690
-0.129355
-0.306120
-0.202031
-0.184525
0.124599
0.387148
-0.027148
0.199870
0.224280
-0.130718
-0.070188
-0.129796
-0.199185
-0.037413
-0.031672
0.108541
0.022371
-0.059909
0.170682
-0.170272
0.120917
-0.147576
-0.154484
0.032141
0.127662
0.043172
0.064886
0.073785
-0.261307
-0.026540
-0.183913
-0.075422
-0.127541
-0.158472
-0.240050
-0.047270
0.017867
-0.196728
-0.681049
0.137264
-0.121742
0.027473
0.120637
-0.106335
-0.244070
-0.026624
-0.138319
-0.229626
0.498726
0.124040
0.043986
-0.002607
0.111213
-0.302257
-0.236371
-0.148858
-0.202752
-0.013332
-0.250255
-0.026921
-0.181903
0.063299
0.062405
0.167402
-0.014549
0.026820
0.097829
-0.023928
-0.077888
0.198196
-0.064508
0.084139
0.132410
0.077936
-0.024220
-0.231572
-0.033622
0.003906
-0.193474
0.073207
-0.111880
-0.102881
-0.163283
-0.117897
0.103947
-0.012914
0.119786
-0.020934
0.154578
0.055657
0.198377
-0.028720
0.201807
0.131202
-0.279735
0.332441
0.052342
-0.060619
0.196517
0.215073
0.415786
0.210025
0.343056
-0.170097
-0.218447
0.057174
0.001916
-0.317863
0.152627
-0.147708
-0.197316
-0.057429
-0.406349
-0.166052
0.296520
-0.142490
0.032771
0.142619
-0.413300
0.231241
-0.217888
0.103948
0.069580
-0.097284
-0.278916
0.055985
-0.279475
0.115179
-0.241819
-0.002449
0.070654
-0.368465
0.276289
0.106305
0.110351
-0.130875
-0.215273
-0.038329
-0.018410
0.113711
-0.128668
-0.155844
0.295160
0.293422
-0.122450
-0.210978
0.233767
-0.239581
-0.052480
0.003767
-0.277317
0.100229
-0.003997
-0.179578
-0.001931
-0.059191
0.144104
-0.289340
-0.012563
0.167663
-0.075794
-0.253343
0.075034
-0.070312
-0.092816
0.051960
0.415682
0.368735
0.178492
0.067574
-0.037599
-0.080042
-0.074311
-0.117596
0.049682
0.236687
-0.451420
0.104275
0.064524
0.323483
-0.088932
0.210245
-0.294204
-0.050948
0.224183
-0.088079
0.099608
0.099261
0.207517
0.363411
0.219516
-0.269200
-0.171841
0.208183
0.242334
-0.264419
0.261177
0.213116
0.213029
-0.081703
-0.032530
-0.311630
-0.169229
-0.160128
0.148647
-0.121950
-0.041570
0.293642
0.120181
0.249645
0.254591
-0.140495
-0.015799
-0.259001
0.056689
0.567981
0.189834
0.062558
0.248662
-0.039589
0.182666
-0.126398
0.149673
-0.349268
-0.177814
-0.370282
-0.221206
0.093471
-0.257270
0.201784
0.019880
-0.230667
-0.541540
-0.091675
-0.084161
-0.027184
-0.085818
-0.030376
0.100587
-0.004421
-0.055072
0.063949
0.172902
0.256552
0.095959
-0.047197
0.062715
-0.234861
-0.285164
0.189037
0.252116
-0.023496
-0.483149
-0.263904
0.040733
0.286399
-0.218734
0.067534
-0.539475
-0.239028
0.018911
0.212663
-0.030794
0.079314
0.027829
0.161311
-0.273495
-0.018695
-0.067478
-0.323940
-0.155870
0.360273
-0.201868
0.229604
-0.130938
0.370947
0.120515
-0.317317
-0.197312
-0.102902
0.205419
-0.310844
-0.119133
-0.192618
-0.384317
-0.124507
0.420420
0.206613
0.415826
-0.244591
0.108250
-0.345762
0.076639
-0.030832
0.238010
-0.073807
-0.150794
-0.056089
-0.132951
-0.158582
-0.019251
-0.094348
0.243525
0.044265
-0.314396
-0.219763
-0.032356
0.015095
0.135963
0.254460
-0.012862
0.070212
-0.286300
-0.226963
0.208217
0.123354
-0.038890
0.156614
0.124850
0.302793
0.060938
0.057353
-0.338653
0.199881
0.262719
-0.482113
0.018018
0.277632
-0.202899
-0.273922
0.102464
0.025829
0.077887
0.185209
-0.056730
-0.194067
-0.212180
-0.030112
-0.053662
0.188131
0.051521
-0.279130
0.240636
-0.316722
0.059296
-0.162281
0.099955
-0.463921
0.109861
-0.029184
-0.076255
-0.093992
0.006706
0.047621
0.173337
0.138758
0.197504
0.121244
0.125587
0.057655
-0.078708
0.046794
0.123720
0.109031
-0.160536
-0.025516
-0.072849
0.114988
0.210770
0.109916
0.074925
0.020159
0.148736
-0.131464
-0.122097
-0.042848
-0.011462
-0.165131
0.157355
-0.077337
-0.161643
-0.100643
-0.167431
-0.197241
-0.394708
-0.423811
-0.704916
-0.347411
-0.350178
-0.314308
-0.238852
-0.796164
-0.085973
-0.076249
-0.224400
-0.225032
-0.060869
-0.337758
-0.309536
-0.258154
0.165251
0.318582
0.307905
0.200926
0.272138
0.149611
0.320890
0.494636
0.708695
0.373363
0.321871
0.217574
0.134433
0.142370
0.257930
0.277199
0.040345
0.699636
0.399816
0.337286
0.420224
0.199590
0.165743
0.067827
-0.217808
-0.271056
0.145974
-0.341263
-0.292450
-0.030481
-0.390930
-0.046384
0.019156
-0.032195
0.023508
-0.241949
-0.435026
-0.341614
-0.279442
-0.160940
0.028561
-0.282207
-0.084866
-0.082061
-0.009589
0.050195
0.077538
0.118516
0.134621
0.111613
-0.032061
0.102013
0.101766
0.390861
0.294468
-0.228218
0.083553
0.648751
0.091910
0.378806
-0.313749
0.242191
-0.007629
0.414961
0.012660
0.019743
-0.140587
0.019260
-0.350098
-0.205129
-0.114420
-0.450162
-0.095774
-0.035770
0.017981
-0.279046
0.121063
-0.238934
0.008136
-0.027332
-0.028189
-0.146486
0.043610
-0.479819
0.576611
0.308245
-0.097132
0.247826
-0.066640
-0.055302
0.029316
0.215148
0.049934
-0.114983
0.122198
-0.315968
0.273792
-0.159461
-0.135850
-0.301536
-0.079443
-0.106267
-0.148532
-0.252779
0.005699
-0.154284
-0.069490
-0.130619
0.010570
0.091172
0.212300
-0.261349
0.085518
-0.197184
-0.095500
-0.042893
0.208977
-0.196505
-0.015690
-0.186116
-0.073046
-0.068097
0.250925
0.186710
0.364997
-0.194235
-0.123550
0.131340
-0.190915
0.271262
-0.173487
-0.119966
0.089161
-0.145693
0.340862
-0.101808
-0.025997
0.306486
-0.140182
0.053945
0.135350
0.290495
0.075762
-0.297927
0.194182
0.023242
0.187451
-0.010216
0.044408
-0.158362
0.030366
0.201342
-0.132701
-0.143527
-0.190766
0.140367
-0.176672
0.194104
0.084727
0.163406
0.024937
0.441085
-0.122285
0.183506
0.304658
-0.147046
-0.193398
-0.196411
0.009717
0.071490
0.148481
-0.148945
-0.191713
-0.291984
-0.042143
-0.141040
-0.207340
-0.118077
-0.037775
-0.261687
-0.065988
-0.141195
0.043509
-0.305345
-0.100257
0.136681
-0.430601
0.030283
-0.121997
-0.067778
-0.065491
-0.280680
-0.042543
-0.113095
0.122999
-0.199606
0.291852
-0.142771
0.207558
0.022116
0.010943
-0.013155
-0.065630
-0.078347
-0.184888
0.356452
0.214502
0.298770
0.282429
0.093161
-0.037520
0.190461
0.072537
0.014153
0.201054
-0.470733
0.377671
0.201818
-0.014709
0.038256
0.200134
0.220105
0.034567
-0.012678
0.064161
-0.364983
-0.040513
0.271296
-0.114370
-0.166134
0.379419
0.118186
-0.016455
-0.480199
-0.074843
0.347525
0.084301
-0.083935
0.202656
-0.203812
0.163180
-0.007708
0.183295
-0.019878
0.067058
0.245799
-0.130347
0.564735
-0.350235
-0.270888
0.279074
-0.056865
-0.021890
0.066435
0.062656
0.148008
0.071766
0.049675
0.070835
0.199834
-0.315544
-0.225626
-0.037367
0.186301
-0.007198
0.112588
0.445138
-0.076059
0.122844
-0.134911
0.078317
0.158539
0.099781
0.014788
0.071048
-0.050590
0.233904
0.517206
-0.180314
-0.057027
0.030224
-0.045936
0.009702
-0.136984
-0.094995
0.312404
-0.087049
-0.063815
0.127398
-0.012809
-0.255348
0.145346
0.120672
-0.385279
0.039316
0.114324
0.027709
-0.099433
0.328723
-0.067559
-0.103300
-0.117350
-0.222050
-0.033821
0.076551
0.124582
-0.014695
0.138564
0.243476
0.392974
0.146172
-0.133325
0.302441
0.032587
-0.020240
-0.197162
-0.028377
-0.284150
0.074894
-0.318073
0.025050
0.379268
0.104801
0.106525
-0.163987
-0.129598
0.116938
0.182546
0.021596
-0.338415
0.111853
-0.124840
-0.294754
0.187510
0.223675
-0.261721
-0.032773
-0.202278
-0.076285
0.308321
0.083782
0.144338
-0.099524
-0.080433
-0.085108
-0.008717
0.227037
0.447137
-0.264477
0.156649
0.095354
0.023551
0.330812
-0.529770
-0.109275
-0.125874
-0.034011
0.571173
0.350431
0.021487
-0.179569
0.286826
0.011845
-0.091237
0.247491
0.071629
0.110140
0.132711
0.104714
0.447818
0.288842
0.092072
-0.207080
-0.228134
0.479955
0.277963
0.082223
0.307883
0.178586
-0.172407
0.142785
-0.114098
0.112660
-0.024076
0.141529
-0.200701
-0.109214
-0.040902
-0.149169
-0.097536
-0.214856
-0.281584
0.007089
-0.238092
-0.085237
-0.323376
-0.069774
-0.266975
-0.271135
0.034114
0.152051
0.108705
0.250735
0.045718
-0.216758
-0.390622
-0.091018
0.180466
-0.109622
-0.110803
-0.042106
0.172198
-0.057604
0.147692
-0.091423
0.128389
-0.366427
0.061371
0.298806
-0.339882
0.110769
0.288323
0.107885
0.050571
0.136890
0.048073
0.168907
0.119890
0.256481
0.022516
0.098202
0.108617
-0.252435
-0.188779
-0.112232
0.418554
-0.429348
-0.094927
-0.315532
0.026636
-0.118990
0.107550
-0.218113
-0.292950
-0.101730
-0.105093
0.177131
-0.306330
0.127017
-0.012570
0.206889
-0.239846
-0.011968
-0.357269
0.052913
-0.310574
-0.056166
0.159902
-0.001446
-0.083888
-0.035990
0.037323
0.214119
0.244253
0.203688
0.090744
0.154188
-0.028169
0.428918
0.073480
-0.600424
0.015608
0.160140
-0.239121
0.242537
-0.007633
-0.140059
-0.061804
0.114030
0.049327
0.257460
-0.166592
0.083243
0.238786
0.235492
0.096007
-0.109599
0.467776
-0.039918
0.105491
0.265122
-0.013212
0.085088
0.096261
0.133046
-0.121623
0.032322
0.109186
0.297537
0.070816
-0.394429
-0.043911
0.085266
-0.161702
-0.063615
0.129103
0.111682
-0.182615
-0.177004
-0.219320
0.063347
-0.157536
-0.154234
-0.066943
0.403154
-0.037596
0.315355
0.044071
-0.245123
0.394348
-0.079106
-0.226411
-0.212742
0.128011
0.234416
0.308271
0.277615
0.073151
0.258377
-0.080057
-0.061412
0.177081
0.088275
0.083604
-0.123967
-0.436628
-0.021928
0.150403
0.101243
-0.178453
-0.200292
-0.319301
-0.008330
0.042400
-0.095357
-0.000409
-0.443282
0.033321
0.070813
0.096448
0.240574
-0.107985
0.253786
-0.157327
0.330419
-0.180590
0.252788
-0.116503
-0.136626
0.027066
0.107066
0.083508
0.219291
0.048800
0.004218
-0.104986
0.159517
-0.145565
0.098852
-0.316458
-0.007669
-0.242853
0.326279
0.065952
0.385665
0.137578
0.035924
0.367965
-0.100365
-0.130130
0.022511
0.038916
-0.289468
0.042143
-0.122541
0.074073
-0.167456
-0.047913
0.184920
-0.172862
0.187318
0.044381
-0.178359
0.002584
0.239214
0.072412
-0.063737
0.073307
-0.127376
0.243902
-0.198159
0.552382
-0.154064
0.283651
-0.039491
-0.170116
0.215252
0.014900
0.002380
0.290033
0.001338
-0.211253
-0.013832
0.244911
0.288896
-0.116647
0.269674
-0.095924
-0.272817
0.442641
-0.463904
-0.140833
0.191116
-0.287333
-0.001029
-0.280599
0.236088
-0.380767
-0.205610
0.213981
-0.197041
-0.138221
0.132865
-0.075780
0.200353
-0.517579
-0.084988
0.010455
-0.201331
-0.084268
-0.319663
-0.262989
-0.125016
-0.284986
-0.174668
-0.387145
-0.353734
0.321452
0.192285
-0.274306
0.307028
0.184882
0.165573
-0.282992
0.001388
-0.093614
0.019445
-0.012649
0.109077
0.070205
0.298989
0.123913
0.172822
-0.155925
-0.104029
0.188057
-0.045220
-0.028018
0.284431
0.109886
-0.089390
-0.076539
-0.031965
0.395590
-0.016454
0.182437
0.309608
0.175531
0.364492
-0.067673
0.469556
0.066197
0.093740
-0.004795
-0.137353
-0.393317
-0.083907
-0.223983
0.402404
0.377624
-0.239850
-0.394584
-0.278791
-0.104747
0.152303
-0.213456
0.293241
-0.137944
0.119094
0.190779
0.365605
-0.154350
-0.009805
-0.015249
0.037536
-0.137450
0.049071
0.263630
-0.223950
0.080485
0.339198
-0.265949
-0.263994
-0.001497
-0.303632
0.072919
-0.003279
-0.032760
-0.308308
0.048160
-0.248993
0.066375
0.077366
-0.112312
0.313589
-0.214097
-0.276824
0.081561
-0.247402
-0.024134
0.062920
-0.390402
0.234521
0.157086
-0.214233
-0.089362
-0.099984
-0.516427
-0.219118
0.062716
0.171410
-0.160297
-0.256870
0.126386
-0.190809
-0.166425
0.117303
0.319414
-0.200621
0.202500
-0.231874
0.254145
-0.183268
-0.422298
-0.282387
0.176072
-0.024448
-0.195466
-0.076734
0.181814
-0.700607
-0.331323
0.041547
-0.230196
-0.185567
0.111101
-0.268796
0.006990
0.109394
-0.001632
0.374935
0.009101
-0.545323
0.109196
0.175269
0.015573
0.003930
0.482802
-0.119043
0.257351
-0.096305
0.041461
0.157784
0.004501
0.047189
0.095762
-0.410122
0.310630
-0.027069
0.053550
0.079750
0.188044
-0.057329
0.292571
-0.139510
0.183203
-0.240499
-0.028334
-0.128859
0.029733
0.158378
-0.209326
0.472489
-0.383574
-0.222470
-0.069057
-0.032770
0.031719
0.232159
0.004757
-0.134366
0.290244
0.166644
0.429852
-0.051056
-0.175447
-0.127399
0.164767
-0.125198
-0.182390
0.213709
0.021879
0.139711
-0.380742
0.003936
0.260081
0.220495
-0.215444
-0.138147
0.147385
0.299750
0.124828
0.237750
0.010120
-0.281568
-0.249980
0.059274
0.053575
0.020601
0.021577
0.098534
0.197971
-0.150872
-0.131615
0.200801
0.081199
0.433479
0.252140
0.167733
0.187492
-0.150555
0.222060
-0.283432
-0.016647
-0.440577
-0.098916
-0.142803
0.098644
-0.086417
-0.068231
-0.225094
-0.162675
-0.135408
-0.244928
-0.014615
-0.064552
-0.362409
0.677748
-0.367783
-0.291034
0.023204
-0.157975
-0.092095
-0.017335
0.000061
0.155770
-0.343381
0.081178
0.031483
0.225534
0.093165
-0.014973
0.139712
0.282882
0.262988
-0.264401
0.143722
0.203913
-0.178874
-0.169157
0.186790
0.230042
0.109998
-0.204771
-0.198245
0.225833
0.213118
-0.058373
-0.208732
-0.117777
-0.192961
-0.012847
-0.163668
0.169309
-0.052461
-0.189817
0.212506
-0.156389
0.476301
0.221728
-0.131419
0.299288
-0.140193
0.216614
0.043846
0.137357
0.198945
0.222094
-0.004680
0.070995
-0.087701
0.252567
-0.054896
-0.186420
0.151739
0.009386
0.179184
0.209497
-0.211427
0.206199
-0.228799
0.117734
0.250836
0.174288
-0.274015
0.316558
0.077152
-0.319385
0.102392
-0.100276
-0.012098
-0.159027
0.066044
-0.008270
-0.011466
-0.428332
-0.443216
-0.006125
0.030779
0.413081
0.080646
0.216090
-0.332485
0.145257
-0.492502
-0.213471
-0.071735
-0.066222
0.176929
-0.077139
-0.394681
0.164046
-0.087128
0.132409
0.050641
-0.086825
0.248595
-0.128211
0.114906
0.118316
0.191904
0.142337
-0.089316
0.103009
0.004976
-0.322102
-0.032950
0.073634
0.033458
-0.213346
0.092625
0.065668
-0.100967
-0.128079
0.053831
0.038124
0.244039
-0.104932
-0.151881
-0.135016
0.011322
0.317173
0.059351
-0.263640
-0.239052
-0.140413
-0.057648
-0.003247
0.080562
-0.194140
-0.089551
0.122956
0.110259
0.279084
-0.274341
-0.280122
0.128271
-0.059339
0.015274
-0.147740
-0.061906
0.189398
0.434188
0.234850
0.000172
-0.059320
-0.502222
0.212539
-0.232349
-0.259282
-0.229477
-0.362650
0.221746
-0.119634
-0.142007
-0.192245
-0.010827
0.069511
0.071066
0.091556
0.031527
0.116809
-0.310546
-0.289984
0.404902
-0.374696
0.269694
0.124252
-0.026659
0.106699
-0.310092
0.022734
-0.124229
0.334513
-0.316399
0.175528
0.244584
0.159057
0.199798
0.279253
0.101396
-0.086634
-0.179257
-0.242266
-0.022507
-0.071059
-0.162563
0.079777
-0.167241
0.015359
0.258318
0.139339
-0.121405
0.173730
-0.076959
0.099213
-0.228313
-0.213795
-0.042724
-0.200043
-0.376165
-0.194776
-0.163773
0.287065
0.185864
0.384855
-0.103269
-0.048606
0.183351
0.043095
0.056302
0.332455
0.150488
0.110294
0.142567
0.409937
-0.419078
0.136886
-0.060270
0.048699
-0.279042
0.159513
0.366082
0.011085
0.214408
-0.071764
0.155760
-0.073194
0.300650
-0.371930
-0.006998
0.002464
0.027897
0.283936
0.178123
0.058530
-0.197545
-0.020804
0.130113
-0.004820
-0.163947
-0.153861
-0.028232
-0.265031
-0.138565
-0.076577
0.065499
-0.041004
0.528822
-0.174902
-0.005140
-0.125502
-0.083638
-0.122893
-0.014140
0.024762
0.241093
0.097409
-0.149669
-0.030907
0.054640
-0.008323
-0.054166
-0.108226
-0.245467
0.110098
0.071938
0.129878
-0.200437
0.005124
0.093246
0.214618
-0.005844
-0.316789
0.270118
-0.245493
0.190232
0.064600
-0.218177
0.175894
-0.178506
-0.237997
-0.276646
-0.119239
-0.091062
0.230631
-0.086870
0.028439
0.251089
0.001133
0.162500
0.294275
-0.379821
-0.003875
-0.219824
-0.126503
0.069954
0.224192
0.375345
0.035681
0.026652
-0.156128
-0.073989
-0.327487
0.220055
0.146838
-0.102098
0.050406
0.056089
0.135757
0.029409
-0.041593
0.245828
-0.171953
-0.088371
-0.020046
0.289835
0.003170
-0.001562
-0.071791
-0.272117
-0.096100
0.034862
-0.385091
-0.253276
0.297929
0.164032
-0.041999
0.051022
0.322805
0.208932
-0.176466
-0.076823
-0.267949
0.221074
-0.141883
0.342699
0.140669
-0.055748
0.113783
0.243996
-0.249825
0.281558
0.032103
0.235116
0.040563
0.152371
-0.398939
-0.000890
0.099162
-0.136805
-0.252356
-0.055795
0.002543
0.216042
-0.196558
0.197262
-0.169757
-0.029610
0.053243
-0.302913
-0.240583
0.007054
-0.038262
-0.089339
-0.151790
0.172108
-0.124890
-0.152376
-0.292818
-0.088621
0.077131
-0.040056
-0.244277
-0.079036
0.199960
0.438713
0.261905
-0.276922
-0.049881
0.351584
0.069638
-0.160478
0.201909
0.108086
0.222490
0.053848
0.081678
0.246209
0.105519
-0.043527
0.066674
0.013978
0.039945
-0.075061
0.070357
-0.145117
0.412788
-0.065128
-0.270707
-0.191093
0.235862
-0.309254
0.083529
0.180248
-0.020619
-0.143540
0.108506
0.080336
-0.224682
0.297221
0.333225
-0.161476
0.112123
-0.287970
0.176894
-0.073844
-0.141537
0.320754
0.036730
0.122403
-0.067761
0.155333
0.112456
-0.053669
0.086010
-0.271817
-0.091119
0.197985
-0.205721
-0.101443
0.157579
-0.082890
-0.019229
-0.143061
-0.130604
0.218991
0.132596
0.267708
-0.305978
0.081214
0.019391
0.085993
-0.216412
0.109541
-0.204973
-0.058229
0.247453
0.001080
-0.038239
-0.070055
-0.209774
0.296154
0.223998
0.182667
0.016714
-0.059212
0.081427
-0.183698
-0.266553
-0.047862
-0.458847
0.164874
0.031971
0.263545
0.423436
-0.162259
0.303907
-0.043206
0.172096
-0.065506
-0.164287
-0.181813
0.128414
-0.087991
-0.035274
-0.027939
-0.257053
0.330796
-0.055775
-0.227257
0.124453
-0.012594
-0.026739
0.036513
-0.114185
0.250717
0.223911
-0.005744
-0.437783
0.143480
0.073983
-0.023216
0.107546
0.000526
-0.234010
-0.536997
0.547868
0.540790
0.102334
-0.069427
0.139862
-0.113708
-0.065849
0.062110
-0.080265
0.079842
-0.211315
-0.193245
-0.368714
0.084631
-0.014799
-0.097493
0.110360
-0.185914
-0.157921
0.144880
0.255604
0.118953
0.085580
-0.387404
0.253180
-0.076188
-0.204532
-0.186718
-0.120998
-0.056025
0.201671
-0.000026
0.325762
0.086214
-0.062550
0.363421
-0.071292
0.120411
0.009947
-0.012871
0.035328
0.191635
0.044453
-0.299323
0.148009
0.049528
0.061997
0.044727
-0.064795
-0.268933
0.093674
-0.031435
-0.288621
0.252218
-0.270345
-0.035532
0.011931
0.152371
-0.043064
0.275665
0.466764
0.147595
0.048302
0.417842
-0.067795
0.147506
0.051097
0.201525
-0.015244
-0.021342
-0.149459
0.231729
0.412601
-0.046023
-0.359560
-0.136076
-0.225906
-0.093978
-0.009982
0.200313
-0.167938
0.135403
-0.055466
-0.023900
0.128600
0.119805
0.104229
0.092985
-0.049866
-0.022090
-0.267746
0.030231
-0.033385
-0.103257
0.166600
-0.008640
-0.178791
0.028255
-0.271389
0.064265
0.407307
-0.121048
0.243762
0.234364
0.090728
0.151787
-0.072180
-0.095483
-0.022879
0.164547
0.177547
-0.033460
-0.079563
-0.122359
-0.304122
-0.143103
0.399147
-0.274682
0.098148
-0.183071
0.251425
-0.190265
0.067418
0.054555
-0.125581
-0.054304
-0.204970
0.063667
-0.048300
0.158550
-0.134864
0.017419
0.302881
-0.059427
-0.068842
0.178886
-0.110675
0.219700
-0.208826
0.096653
0.133097
-0.213592
-0.011935
0.144112
0.033128
0.034332
0.011082
-0.094173
0.020761
0.081853
0.037598
0.097961
0.074485
0.255076
0.215408
-0.145027
0.215800
-0.381922
0.019481
-0.066445
-0.014990
0.458166
-0.045085
-0.238479
0.342618
-0.052344
-0.199701
-0.024166
-0.216950
0.504190
0.095781
0.191622
-0.052418
0.453250
-0.176332
-0.205053
-0.134607
0.311216
-0.030655
0.085203
-0.029072
0.189809
-0.029651
-0.194468
-0.024948
0.096712
-0.214896
0.152214
0.006051
-0.175850
-0.081440
-0.275482
0.117043
0.066245
-0.090999
0.064032
0.024022
-0.218928
0.027622
0.019619
-0.136104
-0.159449
0.297814
0.047131
-0.041685
-0.323792
0.072298
-0.237093
0.053009
-0.458693
0.056501
-0.003587
0.165634
0.532593
-0.106076
0.122180
-0.304643
0.092341
0.095339
-0.124357
0.211656
0.045693
0.407639
-0.005026
0.070583
-0.144581
-0.075485
0.034889
0.058799
0.183328
0.322929
-0.173204
0.263909
-0.385507
0.050199
0.126427
0.280297
0.398396
0.217638
-0.218760
-0.303943
-0.192805
0.063967
0.159814
0.339469
0.106637
-0.021063
0.041442
0.009077
-0.066422
0.022907
-0.063157
0.210877
-0.387027
-0.252687
-0.048835
0.303560
0.172755
0.166384
-0.276215
0.217888
0.179885
0.041817
0.014980
-0.246633
-0.180573
0.159911
-0.116096
-0.303230
0.131000
-0.205605
0.138668
0.009429
0.076828
0.262036
-0.019805
0.089369
0.179860
-0.112096
-0.077894
0.079132
-0.230442
0.316159
0.245099
-0.170299
0.069357
0.000815
0.234074
-0.046616
0.122827
-0.089216
-0.016238
0.154864
-0.165430
0.182888
-0.022812
-0.082073
0.105640
0.225700
0.027845
-0.352841
-0.164676
-0.027973
-0.320613
-0.189330
-0.475563
-0.200259
-0.121904
0.501433
-0.091657
0.044219
-0.046123
-0.005485
-0.010042
-0.028241
-0.499040
-0.050800
0.400846
-0.298399
0.454543
-0.300626
0.230185
0.266656
-0.268279
0.174205
0.422404
-0.115422
0.086342
-0.071110
0.245441
-0.008120
0.354299
-0.132966
-0.201832
0.003973
-0.122990
-0.105672
-0.275520
0.161233
-0.228433
-0.086912
-0.180420
0.080370
-0.140847
0.159994
0.315408
-0.168673
0.407110
0.029222
-0.288146
-0.401843
-0.517929
-0.228564
-0.010643
-0.018578
0.151845
-0.490554
-0.049138
-0.093166
-0.313752
0.079127
0.137030
-0.092036
0.179022
-0.057871
-0.351338
0.122811
0.067516
-0.086797
0.042902
-0.197777
0.309957
-0.157830
-0.456851
-0.138078
-0.202283
0.068011
-0.103949
-0.101748
0.033778
-0.550674
-0.083399
0.234185
-0.236653
0.053593
0.020972
-0.089572
0.085239
0.037958
-0.029110
0.328380
-0.154758
0.115778
-0.057148
-0.138032
0.119237
-0.232309
0.170581
0.133505
0.187473
-0.050150
-0.284882
0.043397
-0.335467
0.053673
0.287941
0.249127
0.295161
0.145507
0.034230
0.075453
-0.027879
-0.108267
0.110154
-0.007919
0.199955
-0.112737
0.035630
0.231233
0.179099
-0.103605
-0.069536
0.258580
0.002365
-0.409886
0.003597
0.130891
-0.310858
0.123468
0.011229
0.112724
0.062690
-0.138342
-0.337024
-0.165421
0.288077
-0.195335
0.158270
0.252751
-0.093973
0.366129
-0.056264
0.144403
0.000378
-0.057734
-0.176653
-0.183251
0.349906
0.026526
0.165403
-0.028621
0.160899
-0.056222
0.130269
0.023422
-0.022612
0.224781
-0.209238
0.398284
-0.106495
0.144281
0.095864
0.068950
-0.135851
0.025100
-0.290047
-0.279733
0.096714
-0.032049
0.098027
-0.504848
0.135213
-0.445359
-0.237270
0.009676
-0.289578
-0.264559
0.044214
0.040880
-0.162323
0.128589
-0.183923
-0.165148
-0.476523
-0.195584
0.265505
-0.002760
-0.156269
0.154933
-0.081120
-0.050827
-0.200337
0.042353
-0.082121
-0.014837
-0.226246
0.134269
0.300391
-0.013898
-0.183941
0.095816
0.246311
0.253908
-0.034867
0.094077
-0.105361
-0.019113
0.100917
0.320124
-0.008475
-0.141173
0.067704
0.139876
-0.032445
0.051899
0.200115
-0.147366
0.160898
-0.133547
-0.120894
0.059459
-0.110445
0.173924
0.045862
-0.288551
-0.043725
-0.051853
0.253027
-0.046309
0.110218
0.100690
-0.206636
-0.178141
0.121739
-0.051179
0.319949
-0.061043
-0.112892
-0.189407
0.132352
0.037215
-0.163623
0.149028
-0.073340
-0.203737
-0.024430
-0.231206
-0.065449
-0.136090
-0.243057
-0.290717
0.055073
0.045544
-0.062303
0.007615
-0.033345
-0.058319
0.293374
-0.204065
-0.230312
0.328659
0.080203
-0.113962
-0.014615
-0.205675
-0.225933
0.012127
-0.074152
-0.246052
0.109482
-0.050173
0.573722
0.219738
-0.079010
0.405564
-0.031434
0.133306
-0.019116
-0.228510
-0.158077
-0.318308
0.416499
0.004041
-0.143068
0.070753
-0.329778
-0.045623
-0.450561
-0.042831
-0.018881
-0.077516
0.187722
-0.007954
0.075155
0.067252
-0.032132
-0.019026
0.060497
0.062097
0.030234
-0.139809
0.007018
-0.075677
0.069725
0.098038
0.180187
0.362121
0.006206
0.420059
-0.310442
0.239316
-0.006644
0.099979
-0.264376
0.320512
0.128160
0.298868
0.249515
-0.399110
-0.067470
-0.192640
-0.236777
-0.021352
0.139119
-0.005934
-0.158005
0.251549
0.155797
0.100354
0.120689
0.093402
0.312336
0.123812
0.055586
0.116950
0.020285
0.336931
0.257949
0.045310
-0.031192
-0.082261
0.443802
0.542453
0.080387
-0.275052
0.037768
0.071104
0.487688
-0.014169
-0.207738
0.092997
0.123516
-0.251473
-0.335639
0.039809
0.108058
-0.002791
-0.013216
0.099211
0.051101
-0.331738
0.296200
0.000440
-0.066352
0.096623
-0.321727
0.194639
0.287904
0.065324
-0.385026
-0.030209
0.193807
-0.141192
0.097561
0.094387
-0.089499
-0.037139
0.191935
0.012642
0.096526
0.145157
0.182625
-0.245219
0.005511
-0.305690
-0.074642
-0.040857
0.210097
0.661229
-0.069644
-0.098693
-0.028423
0.269802
-0.040757
0.062499
0.020383
-0.023708
0.142605
0.197661
-0.123123
-0.124617
-0.073489
0.127518
-0.203905
0.037270
-0.276829
0.013718
0.194993
0.265915
0.004239
0.033461
0.221240
-0.356984
-0.354391
0.053176
-0.339667
0.046448
0.012617
0.085168
-0.021509
0.164129
-0.047229
-0.274241
0.279614
-0.090088
0.340424
-0.402602
-0.156571
0.255657
0.241923
-0.097452
0.277932
-0.052542
0.288485
-0.144700
-0.060726
-0.325547
-0.094079
-0.166110
-0.323856
-0.143535
-0.246742
-0.214093
-0.170038
0.108535
0.223009
0.176604
0.156369
0.120053
0.413268
0.555742
0.095725
-0.109757
-0.087780
-0.168777
-0.208617
0.061036
-0.054113
-0.232115
-0.060243
0.338834
0.205912
0.082103
-0.042564
0.247640
-0.162036
-0.026718
-0.108221
0.022345
-0.145067
0.262371
0.128288
-0.062588
-0.012126
0.019660
-0.324547
0.293178
0.173458
-0.302003
-0.041624
-0.215053
-0.190925
-0.291777
-0.014982
-0.165347
-0.270672
-0.199037
-0.076127
-0.381430
-0.154086
0.241000
-0.464341
0.111668
-0.007704
-0.263749
0.205713
0.213753
0.149281
0.027114
-0.216695
-0.039142
-0.092085
-0.245942
0.023023
0.041424
-0.039564
-0.017046
0.037933
0.024499
0.120855
-0.209972
-0.318819
-0.058376
0.450879
-0.239144
0.164202
-0.149205
0.101151
0.009990
0.085088
-0.348360
0.564181
-0.015136
0.016885
0.082383
0.029487
-0.512568
0.231733
-0.067744
0.028213
-0.123435
0.259927
-0.031262
0.220925
-0.095195
-0.212705
0.133669
-0.043987
-0.074948
-0.023101
0.093721
0.196096
0.312421
0.125269
0.059189
0.232542
0.175459
0.371932
0.310477
0.059793
-0.062538
-0.072099
-0.168635
0.238597
-0.139274
0.086115
0.067743
0.071677
-0.012727
0.268425
-0.098167
-0.090478
-0.101725
0.152011
-0.274487
-0.022124
-0.193827
0.226006
0.119222
-0.043180
0.067325
-0.297410
0.220691
-0.178686
-0.178323
-0.191703
0.044325
-0.029886
0.318980
-0.037941
0.178142
0.241505
0.097545
0.315874
-0.321791
-0.017068
-0.002307
-0.034119
-0.114061
0.136355
-0.018242
0.053877
-0.126761
0.031759
-0.030652
-0.054467
0.134310
0.138127
0.045779
0.060747
-0.230063
-0.199020
-0.316096
-0.083430
0.023396
-0.469546
-0.441529
0.195556
-0.128125
-0.387391
-0.023837
0.239641
-0.157569
-0.131524
0.350451
-0.135173
-0.083650
0.058887
-0.070055
0.146409
-0.021046
-0.046758
-0.014834
-0.184026
0.137758
-0.071756
-0.002306
0.123286
-0.039841
0.292704
0.103501
-0.033056
0.347785
-0.118946
-0.126282
-0.061431
0.119834
0.322443
0.100047
-0.029723
0.206835
-0.262114
0.037483
-0.156112
-0.325969
-0.007471
-0.112712
0.153524
-0.020075
-0.040268
-0.023331
0.005121
-0.174759
0.043603
-0.184929
-0.167494
0.127902
-0.036189
-0.074684
-0.276651
-0.116955
-0.069522
0.326104
0.150209
-0.028380
0.177499
0.125413
-0.284795
-0.146939
0.026986
0.305199
-0.049304
0.162303
0.058510
0.079580
-0.119674
0.309664
-0.080430
0.048834
0.042417
0.163003
0.083118
-0.290068
0.017238
0.142436
0.075836
-0.104133
0.216097
0.080245
0.108299
0.200952
0.197686
0.087487
-0.026678
0.487486
-0.113910
0.007297
-0.011669
-0.190053
0.116341
-0.026742
0.094102
-0.058414
0.030039
0.065104
0.128031
0.105268
0.156359
-0.055708
-0.144162
0.176045
0.073396
-0.121911
0.161579
-0.211490
0.084410
-0.202608
0.132119
-0.089536
-0.153019
0.198830
-0.447614
-0.100050
-0.037158
-0.174011
0.146069
-0.175094
-0.352093
-0.127962
-0.063910
-0.082270
-0.111415
-0.170938
-0.141782
-0.062584
0.046818
0.043836
0.170523
0.174302
0.417921
-0.086341
-0.082966
-0.237510
-0.092540
-0.053130
0.176906
-0.050234
-0.107805
-0.023227
