-0.123340
0.118081
-0.104594
-0.024446
-0.165181
0.029193
-0.417316
0.036528
-0.200056
0.053407
0.046967
0.249442
0.163564
0.202664
-0.299105
0.031490
-0.246121
0.027786
-0.288988
0.154615
0.028702
0.099256
-0.198974
-0.445168
-0.023054
0.147584
0.331142
-0.290484
-0.097623
-0.049771
-0.023808
-0.051244
0.054984
0.200489
0.164399
0.300511
-0.167780
0.005702
0.024188
-0.015891
0.074399
0.246590
0.126836
-0.036204
0.004276
-0.214372
0.264130
0.257224
-0.105925
-0.201338
0.144190
-0.423687
-0.016403
0.132237
0.221113
0.197286
0.044217
-0.145053
-0.038999
0.131664
-0.276315
0.015226
0.188379
-0.104217
0.049452
0.081059
0.275517
-0.272732
0.105276
-0.044021
0.390030
-0.279101
0.353475
-0.162610
0.123616
-0.050149
0.103264
-0.021862
0.251363
0.100304
0.025996
0.055672
0.013091
-0.266070
-0.028234
-0.051431
0.188362
0.128913
-0.070210
0.119605
-0.105488
-0.017276
0.216243
-0.155136
0.326564
0.028006
-0.155675
0.327630
0.100837
-0.412895
0.168184
0.012709
0.013049
0.276310
-0.218297
-0.175192
0.303386
-0.352224
0.011645
0.134031
-0.075230
-0.004041
0.128944
-0.033243
-0.239109
-0.098838
0.060175
-0.096537
-0.150863
-0.048901
0.350360
0.200986
0.117627
-0.023882
0.115825
0.061539
-0.155371
0.291282
-0.360447
0.085928
0.212007
-0.127065
-0.240919
0.104334
0.175761
-0.018751
-0.081995
0.080680
-0.218918
0.161208
-0.102291
0.168339
-0.192847
0.344515
0.080307
-0.167056
0.124436
-0.312542
-0.054379
-0.217645
0.151901
0.133763
0.375333
0.225536
-0.026114
-0.310009
-0.253612
0.099532
-0.059091
0.209049
-0.255805
-0.278835
0.255834
0.455865
-0.034043
0.111607
-0.079694
0.262539
0.015514
-0.064164
0.291677
0.276785
0.097580
-0.098759
-0.269564
-0.172822
0.058970
0.052250
-0.037066
-0.339058
-0.310570
-0.060615
-0.356774
0.026320
0.013575
-0.173287
-0.064147
0.102464
-0.058853
0.211508
0.010694
-0.010402
-0.001886
0.122748
0.112428
0.030117
0.329565
0.241239
0.117357
0.182896
-0.280189
0.019787
0.053134
-0.163221
0.183425
0.108664
0.132475
-0.228460
-0.110562
0.251139
-0.073042
-0.080829
-0.068719
0.086464
-0.086714
-0.241529
0.232922
-0.157088
0.085154
-0.181475
-0.123877
-0.228720
-0.154541
0.284513
-0.233227
-0.204724
0.056467
-0.007785
-0.116964
0.034932
0.233792
-0.207016
0.053945
0.202750
-0.161727
-0.245065
0.166063
-0.028417
-0.040883
-0.129484
0.185646
0.146271
-0.226481
-0.045790
0.033910
0.149458
-0.091546
-0.065016
0.002067
-0.290572
0.158002
-0.507917
0.181089
-0.342021
-0.097739
-0.132621
0.186443
-0.056099
-0.066639
-0.359705
-0.175544
0.039871
0.091709
0.247800
-0.414889
0.081311
-0.058231
0.096677
0.024118
0.094108
-0.011512
0.053871
-0.188041
-0.195829
0.021119
0.008722
0.052861
0.122004
-0.248316
0.030457
0.189634
-0.074428
0.051136
-0.096192
0.102530
0.030662
-0.159206
-0.268248
0.007015
0.077964
-0.157596
-0.129937
-0.089450
-0.091250
-0.016660
-0.031779
0.110378
-0.020384
0.072645
-0.006685
0.008208
0.084316
0.106478
-0.048664
-0.401992
-0.222276
0.016213
-0.312585
0.068828
0.096650
-0.049524
-0.109621
0.420090
0.223157
-0.158972
0.024537
-0.205020
-0.095819
-0.324146
0.081400
0.091415
-0.190599
0.328187
0.068335
0.019166
-0.204062
-0.172985
0.024821
-0.022118
0.072986
0.021087
0.079254
-0.213931
-0.265411
0.008718
0.068578
0.002265
-0.003969
-0.005014
0.080213
0.360430
0.134387
-0.009891
-0.430028
0.022630
-0.021390
-0.227317
-0.075235
0.249221
-0.132517
-0.154141
0.154072
0.173275
0.144138
-0.008942
0.239257
0.157686
-0.145866
0.069743
0.117680
0.013240
0.173790
-0.197199
0.120463
-0.349804
0.103279
0.331550
0.177986
0.131831
0.261443
0.363873
0.247687
0.179719
0.326250
-0.240127
-0.123561
0.343798
0.346345
0.003326
0.156022
-0.001120
-0.166115
0.143853
-0.037283
0.577305
-0.065008
-0.211165
-0.294066
-0.394362
-0.161555
-0.057545
-0.077747
0.257621
-0.149724
0.034391
-0.025194
-0.083429
-0.086003
0.395603
-0.030745
-0.212158
0.046165
-0.003259
-0.072663
-0.012397
0.078466
0.447098
-0.239770
0.447170
-0.044885
0.337527
0.259525
-0.007170
0.047739
-0.000385
0.390576
-0.199103
-0.239579
-0.358309
0.266183
-0.073120
-0.040653
-0.023991
-0.044517
-0.140843
-0.188336
0.398173
-0.348772
-0.033302
0.269651
-0.112160
0.200029
0.237184
-0.325145
-0.035024
0.092939
-0.241527
0.073403
0.118490
-0.170839
0.044149
-0.150001
0.159626
0.071162
-0.032227
0.352155
-0.358688
0.045783
0.049151
-0.326842
0.060656
0.012476
-0.058017
0.114338
-0.023623
-0.085967
0.072324
-0.270915
-0.250241
0.190524
-0.152982
0.036278
-0.357054
0.000545
0.068614
0.117000
0.004945
0.063444
0.014381
-0.075236
-0.080119
0.203130
0.140098
0.113000
-0.112982
0.319721
0.203504
0.286205
-0.192957
0.099783
0.173942
-0.171639
-0.096272
0.027336
-0.150413
-0.192681
0.245107
0.015108
-0.021068
0.203986
-0.015620
0.179485
-0.167383
-0.016764
-0.364378
-0.339609
0.057740
-0.001705
-0.049192
-0.021471
-0.131332
0.090094
-0.027100
-0.187423
-0.331092
-0.283681
0.162507
0.187519
-0.056797
0.032750
-0.183862
0.004588
0.081184
0.171415
-0.046621
-0.140127
-0.279498
-0.091337
0.029940
0.067377
-0.308828
-0.044527
0.020676
-0.034956
-0.008781
0.116607
-0.156488
0.085625
0.023614
-0.081600
0.047478
-0.078595
0.012832
0.144941
-0.091626
-0.086982
-0.105830
0.128723
0.064544
-0.125140
0.148434
-0.132441
0.025879
-0.099958
0.260097
0.029851
-0.005612
0.202826
-0.216957
0.019006
0.138693
-0.215068
0.044135
-0.053037
-0.075643
0.401571
-0.152895
0.197442
-0.043862
0.192760
0.046297
-0.335045
-0.051745
-0.151578
-0.240935
0.119908
-0.243932
0.020499
0.014127
0.162542
0.189490
0.086750
-0.068498
-0.222967
0.050770
0.043137
0.141768
0.097189
0.055228
-0.034315
-0.483266
-0.082158
0.301759
-0.234847
-0.164813
-0.230075
-0.112083
0.138741
-0.146547
0.098483
-0.081993
-0.144701
-0.236236
0.033658
-0.201608
0.262567
0.076197
-0.301597
-0.389527
0.060366
0.210097
-0.134514
0.049626
0.385345
-0.066246
-0.355588
-0.131809
0.272834
0.356554
-0.160507
0.313920
-0.295935
-0.093876
0.047338
0.094474
0.089745
0.067447
0.125134
-0.089062
-0.166443
0.099491
-0.184884
-0.045535
0.192548
-0.156200
-0.220966
-0.122009
-0.407589
-0.203113
-0.107395
-0.167149
0.080128
-0.185120
0.140300
-0.176223
0.183497
-0.022500
0.263021
0.351462
-0.012088
-0.212867
-0.161184
-0.042974
0.016993
0.090982
0.117728
0.193437
-0.177605
-0.367870
0.248236
0.377042
-0.339007
-0.035098
-0.178300
-0.049317
0.047977
0.002791
0.071097
0.058515
0.018859
0.115214
0.347332
-0.057428
-0.268302
0.161415
0.101862
0.025962
0.285821
-0.305016
0.092443
0.005317
-0.004049
0.035504
-0.324472
-0.084089
-0.210397
0.354004
-0.036989
0.083141
0.100064
-0.051489
-0.099715
0.119193
-0.000299
-0.171230
-0.033046
0.036876
-0.223253
-0.107707
-0.354414
-0.029116
0.274188
-0.016122
0.134887
-0.407484
0.052645
0.138740
-0.230456
0.453262
0.194669
-0.170423
0.214222
0.080214
-0.145118
-0.040388
0.164574
0.200288
-0.410479
0.221719
-0.004427
0.008178
-0.220028
-0.069884
-0.002933
0.166209
0.134489
0.098587
-0.082657
0.017026
-0.056003
-0.164319
-0.061642
0.280375
-0.085842
0.167917
0.052437
-0.085875
0.096221
-0.135763
-0.054778
-0.094438
0.023326
0.243142
0.088920
-0.167814
-0.040377
-0.295825
-0.056066
-0.033401
0.011684
-0.575697
-0.214877
0.159444
-0.305213
-0.352259
0.177451
0.034514
-0.270330
-0.100003
-0.363825
-0.105738
-0.249939
-0.027623
0.224150
0.013529
-0.009010
-0.178770
0.259549
0.087859
0.380173
0.032980
-0.006477
-0.070880
0.214230
-0.049387
-0.112936
0.420562
-0.134050
-0.425302
0.214379
0.335979
-0.176059
0.087540
-0.070184
-0.054223
-0.336395
-0.039823
-0.176670
-0.044156
0.423219
0.040039
-0.023664
0.156427
-0.197350
-0.367115
-0.070978
0.036325
0.024601
0.131491
-0.333829
-0.018821
-0.065787
-0.327175
-0.239430
-0.189852
-0.151687
0.015163
0.003928
0.002693
-0.054907
0.132634
-0.281206
0.179793
-0.219600
0.013389
-0.105009
0.081738
-0.112018
0.439336
-0.137863
-0.134370
-0.665973
0.117610
0.001350
-0.149861
-0.224828
0.037632
-0.018388
0.246997
0.198856
0.054085
0.385138
-0.075292
0.237746
0.293083
-0.059122
-0.031185
0.480391
-0.184215
-0.208699
0.004568
0.151945
-0.050223
-0.138608
-0.218017
-0.248692
-0.348412
-0.417076
0.192220
0.613727
0.301704
0.029328
0.212316
-0.418805
-0.075351
-0.026811
0.218699
0.045462
-0.107277
0.220083
0.040550
-0.067253
-0.167165
0.370029
-0.129522
-0.369325
-0.104522
0.202594
0.323969
0.221772
0.026821
-0.054848
-0.079727
-0.041275
-0.223838
-0.063114
-0.178329
0.086529
0.117672
-0.022625
0.021326
0.425881
0.115912
-0.015114
0.050550
-0.081379
0.076005
-0.317875
-0.190540
0.119990
0.147990
0.346263
0.014127
-0.047553
-0.312443
0.179936
0.326913
-0.147261
0.062414
0.142250
0.097794
-0.034743
-0.171980
0.455215
0.119235
-0.169648
0.396030
-0.013342
-0.031957
0.223969
0.108004
0.188833
0.105591
0.165113
-0.254084
-0.489694
-0.161599
-0.168701
0.199788
-0.101566
-0.039709
-0.042914
-0.153595
0.030869
0.043086
-0.029345
0.038452
0.208562
0.081487
-0.343863
-0.009762
0.152951
-0.245379
0.261843
0.129906
0.211176
0.071734
0.296854
-0.104954
0.126568
-0.032825
-0.012341
0.218055
-0.303936
-0.016682
-0.158927
0.258037
0.082526
0.233781
-0.223275
-0.010652
0.149157
0.058645
-0.131688
0.181030
-0.151013
0.035818
-0.265098
-0.150296
-0.349947
0.031463
-0.053734
0.114608
0.292458
-0.317473
0.023629
-0.363498
-0.054779
-0.178057
-0.025218
0.043686
-0.163178
0.062409
-0.270251
-0.279216
0.406915
-0.191806
-0.561504
-0.336598
-0.124299
0.131749
0.021901
0.052163
-0.158934
-0.323864
-0.102064
-0.075345
0.235871
-0.180414
-0.044548
-0.173414
0.067808
-0.494009
-0.037628
0.082422
0.118765
-0.067565
-0.414196
0.038631
0.176254
0.562802
0.265010
0.097935
-0.093730
0.042782
-0.190594
0.192083
0.244750
0.010744
-0.120352
-0.296338
0.033932
-0.165452
0.059062
0.031952
-0.011970
0.038754
0.181333
-0.134718
0.345474
0.037858
-0.002678
0.286141
-0.067690
-0.229194
-0.167316
-0.197442
0.139565
0.294056
-0.035915
0.027035
0.071135
0.176038
-0.041453
0.131976
-0.268880
0.081042
-0.004501
-0.125087
-0.247700
0.202255
0.544169
0.238707
-0.032655
0.063238
0.060457
-0.136587
-0.116051
0.094604
-0.013799
-0.200713
0.304513
-0.018388
0.119463
0.313136
-0.170284
0.278033
0.138925
-0.089038
-0.336919
-0.284412
-0.286691
-0.076582
0.055753
0.357992
0.422742
-0.122950
-0.239339
0.009026
-0.160446
0.002940
-0.306817
-0.120307
0.143602
0.035712
0.195097
-0.329381
-0.209200
-0.079655
0.263580
-0.038908
-0.450366
0.137833
0.052578
0.024787
-0.498504
-0.066799
0.281611
0.000828
0.075934
0.109494
-0.298951
0.179040
0.259537
0.093882
-0.021457
-0.085348
-0.106825
-0.168518
0.034291
-0.129450
-0.029233
-0.205910
0.261486
0.400579
0.045958
0.199452
0.032893
0.112923
-0.337223
0.178557
0.192940
0.297396
-0.272527
-0.137836
-0.138401
-0.213885
0.112353
-0.139438
0.089572
-0.100219
-0.140150
0.130882
0.225437
0.176142
0.015866
-0.326805
0.305729
0.018338
0.082797
0.287664
-0.048615
-0.421207
-0.150126
0.175438
0.571470
-0.060798
-0.115900
-0.326037
0.197676
0.053329
-0.125991
0.068641
0.431199
-0.252847
0.173112
-0.012165
-0.236288
0.138074
-0.106980
0.078058
0.166076
-0.057772
-0.102734
-0.203332
-0.311785
-0.167530
0.135866
0.279700
0.040668
0.105113
0.037161
-0.007582
0.331380
-0.250383
0.122794
-0.156113
0.280923
-0.363186
-0.124935
0.120389
0.179426
0.065266
0.085119
0.223821
-0.108982
0.062596
-0.020190
0.013875
-0.171267
-0.165875
0.105928
-0.219083
0.115606
-0.109393
-0.010478
-0.074745
-0.100426
0.010705
-0.019927
0.355617
0.288804
-0.442936
-0.086875
-0.268599
0.083970
0.019866
0.149090
0.374120
0.142492
0.182901
0.004059
0.098274
-0.111485
-0.117971
-0.295012
0.311021
-0.187607
0.079504
-0.126657
0.237073
-0.091333
-0.116259
-0.121299
0.001456
0.082481
-0.020458
-0.136050
-0.156483
-0.203081
-0.229986
-0.106289
0.206709
-0.078516
0.179365
-0.094487
-0.102396
-0.331049
0.159383
-0.226759
0.194721
-0.012401
0.084756
-0.151142
0.085949
-0.164239
-0.061432
0.150752
0.551598
-0.011032
-0.073774
-0.003956
-0.062268
-0.208473
0.092259
0.019594
0.434813
0.000478
0.270004
0.114614
-0.005929
0.197866
0.092167
-0.016043
-0.262423
-0.201619
0.030126
0.285024
-0.042627
0.259077
0.195584
-0.052537
-0.009791
-0.187459
-0.192626
-0.043810
-0.080210
0.174105
-0.244532
0.274539
-0.198106
0.067281
0.042283
-0.065186
-0.119224
0.043085
0.096682
-0.163968
0.052492
0.267947
0.031937
-0.114183
-0.393321
0.242767
0.148228
0.115374
-0.167622
-0.246396
-0.023085
0.150443
-0.185594
0.156573
-0.075176
-0.261420
-0.279580
-0.120857
-0.027036
-0.004299
0.055670
-0.006586
0.058998
0.026428
-0.139083
-0.009312
0.076522
-0.022824
-0.161053
0.384022
-0.257397
0.153452
0.079020
-0.005785
-0.149748
0.193076
0.257979
-0.188385
-0.311031
0.198442
-0.369003
-0.028581
0.183118
0.180613
0.288787
-0.115140
-0.087742
0.257796
0.143219
0.076277
-0.076220
0.162853
-0.056056
0.256540
0.030464
0.208376
0.112685
-0.346823
-0.100757
0.035163
0.187946
0.187895
-0.273264
0.335356
-0.259033
-0.172593
0.283308
-0.071484
0.008349
-0.242160
0.249299
0.147343
-0.076672
-0.271147
-0.146000
0.162913
-0.107389
-0.004683
0.020618
0.153869
-0.034876
-0.035928
-0.079416
-0.091367
-0.067530
-0.358797
-0.110231
-0.048392
-0.024700
0.081406
0.163678
0.205309
-0.047408
-0.174512
-0.427705
0.328218
0.015023
-0.385061
0.160789
0.059930
0.158533
0.161224
-0.100330
-0.346480
-0.331721
0.187690
-0.263938
-0.248737
-0.032519
-0.086956
-0.111130
0.179000
0.042876
0.204971
-0.095680
-0.090395
-0.026551
-0.077795
-0.039413
0.031785
0.255698
0.057157
-0.097806
0.034562
0.084954
-0.251407
0.116625
0.044305
-0.073765
0.209279
-0.066384
-0.072322
-0.109462
-0.350747
0.105058
-0.002102
-0.097907
0.132153
0.195975
0.198687
-0.089777
0.261619
0.133642
0.183705
0.143047
-0.240311
0.090175
-0.087384
-0.113752
0.063014
0.115419
-0.345589
0.207600
0.417672
0.073055
0.121682
0.285797
-0.226681
-0.204702
-0.054128
-0.027143
0.184078
-0.607190
0.320078
0.065152
0.252160
0.042396
-0.194378
-0.022902
-0.376365
0.214770
0.101956
0.022792
0.156360
-0.461054
-0.147245
-0.115831
0.113359
0.169846
-0.074833
-0.105011
0.065367
0.197365
0.305832
-0.059595
-0.375510
-0.014630
-0.012429
0.143817
-0.137037
-0.021276
0.051680
0.171149
-0.180387
-0.007359
0.112132
-0.271224
-0.128417
0.004834
0.179606
-0.255082
-0.010062
0.153350
-0.006917
-0.117123
0.351506
-0.268149
0.103474
0.141152
-0.291658
0.149074
-0.030889
-0.118952
-0.084771
0.045681
-0.321862
-0.332191
0.128013
0.138895
-0.157367
-0.151467
0.216498
-0.049331
-0.047058
-0.040251
0.230895
0.344054
0.050879
0.058860
0.071682
-0.028174
0.028902
0.297356
0.140132
-0.047053
-0.349922
-0.070214
-0.003154
-0.065268
0.228433
-0.132622
-0.196040
-0.307845
-0.099726
-0.207263
0.044629
0.064717
-0.052370
-0.051966
0.217590
-0.159389
0.069652
0.252701
0.152719
-0.051018
0.254137
0.137136
0.388953
-0.154143
0.117243
-0.135198
-0.348645
-0.181471
-0.018248
0.081459
0.373375
-0.049399
-0.103128
0.005560
0.160006
-0.243108
0.207873
0.349378
0.059905
-0.140798
-0.034698
0.062509
-0.122021
0.171830
-0.075052
0.028941
0.011259
0.097023
-0.361943
0.048229
0.075155
0.185919
-0.088797
0.124102
-0.148219
0.100037
-0.050995
0.216622
-0.191800
-0.092796
-0.407112
0.048579
-0.078424
-0.230175
0.106819
0.096517
0.077675
-0.160363
-0.202461
-0.039492
0.158026
0.087120
0.073137
-0.245782
-0.014973
0.042385
0.094495
0.198343
0.053161
-0.051609
0.058052
0.168284
-0.136246
0.107410
-0.071390
-0.288916
0.018313
0.002793
0.041228
-0.040625
0.048343
0.093866
-0.123140
0.127261
0.171733
0.115282
0.166116
0.050313
0.160889
0.094353
-0.282576
0.056283
-0.157644
0.010056
-0.267369
0.096258
-0.193238
-0.074784
0.228823
-0.037917
-0.161316
0.255609
-0.194886
0.245729
-0.131742
0.619743
-0.069022
-0.055351
0.209123
0.165098
-0.022916
0.062664
-0.177848
-0.115066
-0.221568
0.095337
0.072574
0.031666
-0.081528
-0.095226
0.125859
-0.271656
0.004226
-0.003361
0.248127
-0.072765
0.020795
0.032355
0.028076
0.212194
0.267037
0.047228
0.149823
0.296327
-0.077352
0.030639
0.224128
0.430006
0.057706
0.197806
-0.144720
-0.272737
0.141051
0.353318
0.285510
0.235708
0.346874
-0.267036
-0.051099
-0.386397
0.199064
-0.241912
0.095261
-0.047564
0.051762
-0.204871
0.174951
-0.197093
0.023106
-0.234228
-0.425256
0.075550
-0.261863
-0.087267
-0.439088
-0.162754
-0.225553
-0.472108
-0.510754
0.055212
-0.316056
-0.585991
-0.463882
-0.157476
-0.630475
-0.170608
-0.512289
-0.447436
-0.380806
-0.206994
-0.292538
-0.112272
0.059066
0.104998
0.515666
0.208608
0.396360
0.017799
0.376534
0.314970
-0.070917
0.245470
0.426071
0.417672
0.437264
0.513614
0.164203
0.301680
0.631867
0.086704
0.298330
0.053332
-0.106703
0.372690
0.301845
-0.056447
-0.202727
-0.112614
0.248646
0.015155
-0.104069
-0.180651
-0.265826
-0.313834
-0.089106
-0.056947
-0.421318
-0.204788
-0.420115
0.137225
0.067090
-0.201148
-0.466502
-0.277052
-0.262296
-0.212408
-0.040994
-0.105824
-0.078479
-0.280938
0.361038
0.087881
-0.199346
0.230709
0.074575
-0.072685
0.093226
0.114511
-0.126665
-0.015337
-0.119819
0.232631
-0.141757
0.343387
0.059170
0.164797
-0.241618
-0.080953
0.072393
0.039270
-0.299573
0.131952
-0.014255
-0.032211
-0.109486
-0.266359
-0.145639
0.478163
-0.339360
-0.207554
-0.186005
0.054493
0.596667
-0.306255
-0.188998
-0.062851
-0.061844
0.030164
-0.151809
0.286495
-0.048029
0.235000
0.139033
0.120468
0.047992
0.063081
-0.003108
-0.004845
-0.185835
0.161569
0.033179
0.298605
-0.280683
-0.299309
0.035927
0.051617
0.025803
0.209943
-0.106531
-0.214006
-0.280188
0.376824
0.209654
-0.202256
-0.267177
0.089941
-0.058735
0.212811
-0.235462
0.126497
0.204672
0.249433
-0.201644
0.081463
0.121923
0.145633
0.053973
0.160040
0.135975
0.336481
0.129669
0.048812
-0.246566
-0.188655
0.197358
-0.058731
0.047290
-0.175618
-0.154012
0.092088
-0.228303
0.030566
0.052701
-0.094823
0.405374
0.026976
0.044272
-0.181377
-0.035183
0.138367
-0.363087
0.010708
-0.183441
-0.160461
0.085354
-0.204014
0.224132
0.285978
0.008059
0.093009
-0.064222
-0.206729
-0.002211
-0.007573
0.141609
-0.005999
-0.060764
-0.224430
-0.050885
-0.217405
0.108140
-0.219223
0.025091
-0.193168
0.149615
-0.269619
0.313853
-0.309432
-0.102299
0.251578
0.183228
-0.038993
-0.017672
-0.141964
-0.021117
-0.530138
-0.060097
0.058981
0.229508
0.103869
-0.108960
-0.072966
-0.175284
0.089620
-0.237600
0.034297
-0.043770
0.153175
0.024874
0.070612
-0.444567
0.011306
-0.082236
-0.128264
-0.142333
-0.202576
-0.153900
0.324130
-0.223549
0.023808
-0.301647
0.015786
0.067886
0.272621
0.052250
0.144355
-0.197529
0.181324
0.026492
0.124282
-0.063453
0.141251
-0.033084
-0.009946
0.106000
0.000748
-0.148342
0.007659
0.046582
0.137512
0.021925
-0.176898
-0.143361
-0.325801
0.091770
-0.280504
-0.136910
0.018821
-0.325149
-0.043640
-0.177133
-0.101100
-0.070011
-0.036084
-0.301381
-0.467277
0.033343
0.393733
0.195259
-0.185252
-0.053574
-0.120264
0.091265
0.079608
-0.283469
0.211738
0.063417
0.124651
0.001270
-0.017763
0.244800
-0.220075
-0.008835
-0.006328
-0.043549
-0.051332
-0.274994
-0.202645
-0.004942
-0.133298
0.264510
-0.103964
-0.242484
-0.087699
-0.140150
-0.072642
-0.360511
0.256929
-0.392340
0.152471
-0.098234
0.051457
-0.016336
-0.038991
0.124448
0.200682
0.134453
-0.155431
0.271498
-0.016241
-0.245977
0.252535
0.307230
-0.133566
-0.010347
-0.237274
0.090056
0.070171
-0.062952
0.029421
-0.093122
-0.009068
0.159710
-0.091628
-0.282861
0.109458
0.040140
-0.181399
0.363072
0.029381
0.132078
-0.083867
0.069961
0.241042
0.088825
-0.085105
-0.279534
-0.270425
0.001345
-0.457695
-0.079936
-0.107924
0.209662
-0.036131
-0.048502
0.059452
0.432587
0.355377
-0.098040
-0.333315
-0.359760
0.171792
-0.129539
-0.067299
-0.052812
-0.141773
-0.101758
-0.045467
-0.066096
0.324624
0.097166
0.130746
-0.018520
0.024994
-0.296312
-0.179712
0.185418
-0.070474
0.039692
-0.124803
0.300424
0.019838
0.029664
-0.226560
0.177747
-0.031755
0.027434
-0.236401
0.063506
-0.254607
0.051742
0.172459
0.140604
-0.194695
0.021502
0.123582
0.165175
0.144277
0.245305
0.188805
0.202395
0.097457
0.278851
0.334867
-0.065341
0.191128
0.038596
0.079059
0.161507
0.079094
-0.050632
0.099923
-0.297466
0.073834
-0.146005
0.052232
-0.051730
-0.245650
0.096026
-0.370350
-0.096118
-0.121620
-0.144844
-0.177924
-0.054359
-0.163540
-0.082979
-0.447610
-0.353493
-0.223676
0.159832
-0.095598
-0.133458
0.088026
-0.099116
-0.045710
-0.365894
-0.118788
0.192257
0.028454
-0.029435
-0.315252
0.101551
0.025505
0.321175
-0.553583
0.264708
-0.133337
0.229359
-0.101242
0.077194
-0.004604
0.249183
0.099724
-0.122271
0.118418
-0.179700
-0.015142
0.087804
0.272662
0.037145
0.098442
-0.054897
0.012534
0.220960
0.187793
0.147071
-0.187467
0.165186
-0.463733
-0.038860
-0.283444
-0.053314
0.023984
-0.166825
-0.617215
-0.304266
-0.028534
0.041423
-0.237984
0.097430
-0.080628
-0.511987
0.271116
-0.189908
0.041985
0.177081
0.140703
0.222093
0.247416
0.118706
0.324616
-0.025052
0.106320
-0.013764
0.128740
0.110245
-0.203612
0.031268
-0.108423
-0.150603
0.360785
-0.315775
-0.123736
-0.334653
0.284757
-0.127672
0.099188
0.156611
-0.127906
0.048041
-0.167646
0.080638
-0.099893
-0.031464
-0.032961
0.252046
-0.011792
0.163660
-0.134311
0.046251
-0.313145
-0.044576
0.162044
-0.006441
0.316504
-0.287413
0.165871
-0.132349
0.119282
0.122506
-0.112353
0.075790
-0.163425
-0.448702
-0.091422
0.008061
-0.351709
0.022968
-0.245472
-0.139036
0.060088
0.052637
-0.066010
0.061726
0.145708
-0.035615
0.334005
-0.052781
0.200534
0.081122
-0.161577
0.032641
-0.047543
0.246775
0.247941
0.338794
0.137441
-0.102144
0.115485
0.138869
-0.057058
-0.462277
-0.098927
-0.064718
-0.157378
0.076288
0.281546
-0.106185
-0.055371
0.168028
-0.141104
0.304225
-0.134019
0.268003
0.082950
-0.018513
-0.004995
-0.094892
-0.015404
-0.261237
0.007080
0.130184
0.001323
0.189901
0.050434
0.162415
-0.044467
0.004327
-0.193958
-0.141128
-0.099365
-0.210035
-0.064767
0.029557
0.012442
0.093661
-0.211246
-0.007352
0.178218
0.241408
-0.218043
0.225540
-0.329734
0.033617
0.380944
-0.195203
0.211040
-0.398570
0.193562
-0.130603
-0.243030
0.153342
0.142677
-0.171215
0.124810
0.060779
0.220300
0.093686
-0.035107
-0.292591
-0.220336
0.328653
0.148331
-0.098280
-0.175764
0.155690
-0.181208
0.012917
0.102796
0.043643
-0.161049
0.082178
-0.028032
-0.013462
0.056366
-0.318292
0.143078
0.132666
-0.000347
-0.108708
-0.029370
0.087604
0.109198
-0.404684
-0.259974
0.362655
0.166235
0.219369
0.011554
-0.020277
0.169524
-0.120315
-0.200345
-0.068556
-0.156854
0.254596
0.150480
-0.518158
0.237278
-0.018842
0.095135
-0.013308
-0.238581
-0.252353
0.119724
-0.233348
0.009988
-0.007829
0.184111
-0.054415
-0.205461
0.084338
0.114227
-0.149831
0.410851
0.090155
0.178020
0.030892
0.214353
-0.023360
0.398481
0.130885
0.065991
0.253808
0.064994
0.059110
-0.076990
0.260944
0.080499
-0.104726
0.008229
0.017401
-0.206150
0.020439
0.098321
0.074599
-0.251969
-0.065308
0.018920
0.173471
0.389331
0.068326
-0.297144
0.155000
-0.042164
-0.019740
-0.220660
0.110465
0.064201
-0.114339
0.186421
-0.066791
0.042943
-0.195975
0.081969
0.193943
0.208972
0.132149
-0.390205
0.149677
-0.102640
0.034901
0.013332
-0.020321
-0.132444
0.220688
0.174405
0.234885
-0.242829
0.068329
-0.046675
0.057384
0.107401
-0.211594
-0.097525
-0.065744
0.016001
0.054547
0.154228
-0.072441
-0.049079
0.095900
0.276465
0.215239
0.027538
-0.301655
0.362022
-0.202185
0.421470
0.017065
0.139276
0.322088
0.019706
0.166941
0.291595
0.111432
-0.266660
-0.117338
0.377566
0.136580
0.281747
0.042413
-0.255267
0.041968
0.001209
-0.198801
0.093186
-0.019232
-0.124188
0.045731
0.096117
-0.083582
-0.208868
0.073068
-0.307977
-0.332000
0.079678
-0.214132
0.343312
0.081163
-0.435050
0.066683
0.124611
-0.266451
0.086742
-0.080617
0.162888
0.053643
0.394233
0.227976
0.330961
0.123561
-0.136001
-0.030798
0.050925
0.063358
-0.094713
0.248408
0.072034
-0.093711
-0.127038
0.013549
0.382975
-0.159052
0.310077
0.119470
0.043606
0.208553
0.068371
0.104385
0.059341
-0.134232
-0.001551
0.162163
0.032216
-0.031399
-0.331755
0.053813
-0.243621
0.112264
0.275334
-0.040039
-0.120319
-0.032923
-0.234054
-0.584598
-0.113427
0.328575
0.200254
-0.134341
0.222240
-0.019761
-0.203515
-0.030563
-0.157037
-0.090983
0.370166
0.044375
-0.134412
0.257388
-0.064309
0.097122
0.098298
-0.011324
-0.018227
0.270717
0.082777
0.071596
-0.013556
0.110017
0.112640
-0.086728
-0.087678
-0.200364
0.166008
0.007765
-0.145809
0.018642
0.172352
0.408688
-0.171579
0.026164
-0.074827
0.129766
-0.223267
-0.175053
0.114042
0.133544
-0.145428
0.214720
-0.059969
0.458934
-0.331034
0.031662
0.207769
-0.022347
-0.008958
0.029305
0.003498
0.466567
0.448087
-0.253570
0.034614
0.226604
0.073343
-0.041549
-0.245714
0.100049
-0.003141
0.125081
0.035449
-0.095482
0.379015
0.054055
-0.028605
0.155379
-0.075143
0.324060
0.376063
0.131562
-0.145173
0.038979
0.375869
-0.030567
0.203427
0.031093
0.114995
0.030803
0.248438
0.196228
0.099609
-0.050718
-0.017932
0.034703
-0.317059
0.231188
-0.054095
-0.051763
0.103643
0.118545
-0.007662
-0.060677
-0.093554
0.008836
-0.102367
-0.049542
-0.076063
0.577839
0.411584
0.172122
0.023776
0.322300
-0.124647
0.170476
0.255471
-0.166963
0.040853
0.102016
0.327039
0.481277
0.240485
-0.054422
-0.013994
0.141341
-0.129618
0.126349
0.036117
0.234354
-0.131479
0.125794
0.105698
-0.232767
-0.165743
-0.082322
0.119751
-0.055121
0.112625
0.327319
0.143103
-0.251559
0.294113
0.183388
-0.279761
-0.254595
-0.136587
0.084495
-0.144245
-0.204200
-0.057358
0.247038
0.321742
0.161530
-0.440429
-0.348925
-0.223647
0.086955
-0.035415
-0.169325
0.152420
-0.211976
-0.266266
0.184013
-0.101299
0.199086
0.057852
-0.203133
0.014372
0.088469
0.154036
0.005626
0.091795
-0.195498
0.179107
0.112011
-0.267499
-0.174111
-0.038973
-0.374659
0.355582
-0.205433
-0.253830
-0.093570
0.133917
0.496164
-0.083394
-0.167393
0.120625
0.225596
-0.198122
0.235857
-0.181171
-0.300304
-0.162824
-0.117407
0.457773
-0.061307
0.157975
0.060377
0.300332
-0.194997
-0.051950
0.062625
0.086608
0.282385
-0.071321
-0.133265
0.229758
0.060142
-0.257877
-0.044212
0.249365
0.155403
-0.276695
0.014592
0.116785
0.042221
-0.298491
-0.134353
-0.134647
-0.092157
-0.031569
0.403775
0.111465
0.372571
0.105004
0.294202
-0.163824
0.075939
0.244378
-0.064443
0.285498
0.289321
0.175569
-0.308545
0.263420
-0.045571
0.065222
-0.391907
-0.001649
0.029502
0.164468
0.098557
0.049859
-0.193049
0.029125
0.019857
-0.200950
-0.195733
-0.556351
-0.059315
-0.184555
0.226262
0.156440
-0.051402
-0.121517
0.081280
0.059624
-0.038485
-0.132350
0.055256
-0.126207
0.056506
-0.116432
-0.204260
0.002949
0.198844
-0.179558
-0.197069
0.016020
0.311569
-0.153626
0.106488
-0.131684
0.335304
0.016186
-0.447974
0.146793
0.205067
-0.062796
0.183997
0.096883
0.156934
-0.076825
-0.442561
0.112308
0.109031
-0.116060
0.141507
-0.102843
-0.066434
-0.081590
0.133990
-0.006374
-0.161455
0.087443
-0.165858
-0.090140
-0.075135
-0.381130
0.022086
-0.110812
-0.380188
-0.167043
0.045445
0.261191
-0.078151
-0.271256
0.257638
-0.090146
0.307689
0.055148
-0.522262
0.057802
0.042266
-0.056435
-0.127736
0.554689
0.008620
0.354695
-0.129440
0.041769
0.052938
0.169930
0.092922
-0.014372
-0.051846
0.091742
0.140110
0.162747
0.300570
0.043533
0.290519
-0.081377
0.103565
0.122274
0.088476
0.174390
0.096379
-0.421430
-0.189267
-0.176041
-0.182854
-0.265676
0.050861
-0.069780
0.077127
0.002710
0.091484
-0.088431
-0.035390
0.080884
0.086770
0.068855
0.118437
0.430657
0.078408
0.047019
-0.096918
-0.166805
-0.507283
0.105215
0.364655
-0.150567
0.309453
0.169137
0.005873
-0.158677
0.138252
0.158531
0.151586
-0.178419
-0.161242
0.261062
0.091160
0.118200
-0.247544
-0.172311
0.229714
0.149154
-0.136262
-0.049135
-0.264411
-0.320210
-0.001929
0.153350
0.116497
-0.211409
-0.084975
-0.262195
0.249430
-0.063740
0.021698
-0.036774
-0.189810
-0.224802
-0.214652
0.146430
0.124206
0.231332
0.530203
0.062844
-0.059974
0.000615
0.343876
-0.073043
-0.223878
-0.156620
-0.087373
0.019733
-0.337349
-0.065170
0.269302
-0.322931
0.013726
-0.288875
-0.036796
-0.298127
0.048102
-0.094737
-0.102997
-0.268084
0.279882
-0.072483
0.126297
0.158763
0.107441
-0.156602
-0.163206
0.391572
-0.086649
0.171144
-0.193940
-0.466678
-0.286759
0.073921
0.301135
0.120806
-0.078078
-0.152597
0.079803
-0.014240
0.024403
-0.012944
-0.154516
-0.109263
0.114778
0.061332
-0.103708
0.091477
-0.221960
-0.195793
-0.112481
0.149263
-0.129173
-0.201094
0.392356
0.249081
0.006280
0.101806
0.045852
0.000045
0.139590
0.119912
0.296819
0.078173
0.534203
-0.204621
-0.174810
-0.167942
-0.498832
0.280495
0.072105
0.183103
-0.006870
-0.431041
0.018066
-0.103167
0.270213
0.126709
-0.043009
-0.106010
-0.045818
-0.395113
-0.329543
-0.070422
0.251974
-0.159722
0.018331
-0.202355
-0.205675
0.268317
-0.201751
0.239396
-0.222125
-0.426783
0.026235
-0.100777
-0.187352
-0.261605
0.090851
0.306381
-0.560361
-0.141528
-0.129799
-0.000344
-0.327141
-0.264948
0.412257
-0.287246
0.214864
-0.205603
0.199425
0.129681
0.126454
0.064718
0.098505
0.043049
0.167826
-0.132688
0.080453
-0.384322
0.191727
0.176944
-0.124310
0.070534
-0.305521
-0.115521
-0.568793
-0.166188
-0.168209
0.157926
-0.039314
-0.015506
-0.156470
-0.321994
-0.334872
-0.006631
-0.195816
0.063975
0.009557
0.021134
0.164603
-0.010064
0.053540
0.082881
-0.111238
-0.150578
0.222613
0.064697
0.200278
0.231039
-0.161672
0.102430
0.358481
-0.020423
-0.093608
0.078171
0.160535
-0.138967
0.144415
0.214588
-0.174474
0.035848
-0.042201
-0.093273
0.153116
0.037483
-0.023722
0.224137
0.029523
-0.160245
0.018440
0.019679
0.076661
-0.138175
0.087214
-0.212549
-0.211053
-0.346524
-0.309427
-0.028691
0.337380
-0.134401
0.056912
-0.000376
-0.013175
0.117022
0.332235
-0.301560
-0.123573
0.043288
-0.132050
0.066075
0.095685
0.245180
-0.230076
0.175518
-0.005974
-0.060889
0.043962
0.429026
0.337427
0.085496
-0.034402
-0.041012
-0.068669
0.013128
0.142082
0.139609
0.060483
-0.059925
-0.105840
0.064812
0.342214
-0.386519
0.105696
-0.344061
0.018384
-0.188272
-0.482812
0.027415
0.197929
0.082862
-0.120454
0.263814
-0.301663
0.001748
-0.010358
0.185193
-0.199174
-0.302016
0.105791
-0.106818
-0.032500
0.161109
0.080752
-0.270055
0.371559
0.052299
-0.154222
0.121708
0.220091
-0.088791
0.430386
-0.127496
0.352432
-0.126487
-0.423013
-0.083081
0.052044
0.078947
-0.136629
0.244279
0.213669
-0.268432
-0.297672
-0.139046
-0.180136
0.079603
-0.047979
-0.021711
-0.130708
-0.064276
-0.080972
-0.247277
-0.001018
-0.097385
-0.113741
0.212843
0.114586
-0.154007
-0.247157
0.049992
0.189400
-0.088797
0.036142
0.059253
0.154327
0.250958
0.090346
0.019237
-0.230361
-0.211189
0.006390
0.114063
0.040298
0.027771
0.076233
-0.102738
-0.011878
0.452128
0.085616
0.108300
0.164488
0.158478
-0.346391
0.148241
-0.244800
-0.007948
-0.025969
-0.170057
-0.009685
0.146979
-0.360422
-0.119418
-0.466649
0.147503
0.222110
0.345822
-0.146405
0.242217
-0.161090
-0.351653
0.144024
-0.156907
0.274745
0.213407
0.095030
-0.182522
0.165408
0.004148
0.298693
0.271286
0.035381
0.550701
-0.066305
0.113558
0.216505
-0.024076
0.160473
-0.207536
-0.199794
-0.394473
0.029914
0.051568
0.115339
0.054033
-0.360583
-0.354696
-0.213949
0.052457
0.115469
0.084003
-0.205589
-0.208453
0.083969
-0.300998
-0.116742
-0.298994
0.320599
-0.127834
0.237884
-0.119517
0.106723
-0.533237
-0.181399
-0.338946
-0.060034
0.127125
-0.052939
0.011482
-0.152447
-0.138320
0.346619
0.133206
0.088495
-0.051718
-0.085960
-0.023757
0.051693
0.080316
0.183705
0.379968
0.293904
0.025487
-0.065316
-0.237436
-0.200826
0.217447
-0.178711
0.273855
0.046131
-0.018144
-0.033193
-0.046006
0.280830
-0.168610
0.024284
0.224843
0.235224
0.018918
0.090818
-0.085962
-0.211646
0.084375
0.277650
-0.194309
0.077400
-0.113897
-0.254485
0.214867
-0.037040
-0.146276
0.232832
0.076826
0.182933
-0.094174
-0.212108
-0.074853
0.260584
-0.402874
-0.165132
0.231997
0.705227
-0.020076
-0.212147
-0.127559
0.012738
-0.248215
-0.000501
0.094397
0.392919
-0.321085
0.225396
0.174755
-0.108963
-0.039009
0.007529
0.017057
0.012099
-0.315551
0.096372
0.142675
-0.103758
0.092210
-0.092498
-0.137930
0.230989
0.169688
0.109015
-0.116902
0.181335
-0.178669
-0.036170
0.018320
0.217833
-0.014773
0.187261
0.030839
-0.112580
0.116796
0.005531
-0.149602
-0.106621
-0.002306
0.033126
-0.089747
0.045376
-0.064204
0.225814
0.192281
-0.010678
-0.169078
0.116917
0.555929
0.311622
0.329762
0.051413
-0.063215
-0.217238
0.018568
0.163252
0.295830
0.085472
0.112064
0.101507
0.057992
0.216577
0.104786
-0.030324
-0.012167
-0.011171
0.160402
0.033053
0.117172
0.442215
0.182575
-0.044759
0.219783
0.210238
0.061321
0.279888
0.008381
-0.115826
0.161263
0.100203
-0.017833
0.099925
-0.220696
-0.164620
0.125584
-0.101228
0.269224
0.085270
0.475526
0.186314
0.066513
0.019654
-0.281513
0.260960
0.084148
0.256928
0.189032
-0.307545
0.078523
0.058471
-0.100857
0.296537
0.052144
-0.288946
-0.127423
-0.079424
-0.119802
-0.356481
0.276102
0.021653
0.260376
0.153649
0.176693
-0.051012
-0.275323
-0.206229
-0.232683
0.000771
0.010893
0.004396
0.053442
-0.165307
0.181926
0.316789
0.265072
-0.010698
0.303735
0.250545
0.015884
0.006387
-0.170222
0.007773
-0.036021
0.283575
0.106278
0.059437
-0.144898
-0.169838
-0.147936
-0.053341
-0.352328
-0.021062
0.225957
0.080500
-0.051581
0.079679
-0.187835
0.378929
-0.041516
-0.188360
0.117044
0.148344
-0.094305
0.026305
0.182328
0.214450
-0.066228
-0.083167
-0.004460
0.325065
-0.105137
-0.000470
-0.118732
0.276107
-0.222775
-0.125545
-0.210307
0.135918
-0.069659
0.086077
-0.004802
0.161636
-0.052769
-0.100700
-0.001595
-0.144455
0.173438
-0.067025
-0.271087
0.078476
0.040058
0.038874
-0.023297
0.298090
-0.149335
0.382010
0.251543
-0.395664
0.090821
-0.108921
-0.007240
0.149895
0.041778
0.120019
0.224826
-0.302972
0.159714
0.069084
-0.340258
-0.032216
-0.092994
0.173011
-0.252159
0.000575
0.140571
0.011306
0.108910
-0.103600
0.020634
0.026126
-0.083780
-0.418113
0.115361
-0.217965
-0.206772
-0.212053
0.059213
0.187538
-0.008682
0.040703
0.087325
-0.047970
-0.392661
-0.114703
0.154551
0.238098
-0.138171
-0.006167
0.298437
-0.072420
-0.087127
-0.013212
0.022546
-0.222682
-0.246517
-0.051844
-0.247797
-0.200683
0.140671
-0.208985
-0.033087
-0.084393
-0.076081
-0.359133
-0.082722
0.166547
0.138496
0.295024
-0.102040
0.226595
-0.292428
-0.032284
-0.107399
0.062404
0.095672
-0.207111
0.010205
-0.081458
0.113735
0.168928
0.201918
-0.002930
-0.228798
0.394253
-0.074502
0.155258
-0.010829
0.041708
-0.127138
0.147450
-0.366503
0.134814
0.132824
0.225182
-0.056583
0.325003
0.030679
0.348671
0.027094
-0.193624
0.123873
-0.050700
-0.193374
-0.093081
0.187460
-0.047531
0.002105
0.034926
0.059818
0.216248
-0.048462
-0.222603
0.240935
0.192304
-0.046773
0.579534
-0.148173
0.215165
0.357554
0.114288
-0.043736
0.043886
-0.068396
0.062113
0.044125
0.062512
0.046677
-0.211156
0.054008
-0.029029
-0.003227
-0.172412
0.141493
0.175821
-0.187015
0.318287
-0.002437
-0.006839
-0.035081
0.161183
0.069648
-0.140802
-0.039556
0.083458
-0.001419
0.218523
0.265601
-0.177681
-0.028354
-0.174386
-0.181618
-0.148453
0.313706
0.162923
0.169840
0.164640
-0.120711
0.090185
-0.376971
-0.050022
-0.263978
0.404200
-0.135427
-0.082031
-0.178084
-0.095507
-0.010840
-0.378716
0.058409
-0.413174
0.435552
-0.038006
0.083882
-0.001570
0.033018
-0.159094
0.134418
-0.014360
0.043095
0.175751
-0.195748
0.112495
-0.301621
0.052745
-0.212430
0.331454
0.303218
-0.194697
-0.107980
-0.263209
-0.098333
0.075884
0.310774
0.046626
-0.071003
0.230963
-0.062469
0.190650
0.111977
0.040699
-0.103507
-0.037895
0.361036
0.094224
-0.008265
0.302301
0.124051
0.016939
-0.214904
0.162604
-0.223337
0.288920
-0.247330
-0.213331
-0.429119
-0.011824
-0.148003
0.147640
0.041864
0.115067
0.065886
-0.024885
0.088215
0.026875
-0.170330
0.366781
0.168827
0.095879
-0.104736
0.075389
0.079339
0.250475
0.051319
0.096999
-0.072381
0.503282
-0.036304
-0.115604
-0.174594
-0.174711
-0.216122
-0.191634
-0.014849
0.043538
-0.100075
0.055880
-0.053696
0.274283
-0.134741
-0.345101
-0.014629
-0.233791
0.110209
0.326495
-0.054217
0.255965
-0.126460
0.103105
0.187710
-0.016580
-0.022882
-0.106287
-0.128020
-0.340164
-0.094116
0.065901
-0.196130
-0.041528
0.208261
0.189154
-0.076213
0.086055
0.187458
-0.446687
-0.064455
-0.017223
0.250521
0.170266
-0.068396
-0.236628
0.261556
0.157482
-0.347126
-0.015805
-0.067781
0.001652
-0.217006
-0.111094
-0.333246
0.239138
0.601542
0.049227
0.051804
-0.103812
0.124101
-0.164600
0.292493
-0.258809
0.077798
-0.158873
-0.099949
0.003752
-0.195018
-0.185833
0.013768
0.010783
-0.327984
-0.114535
0.122528
-0.050807
0.023433
-0.072956
-0.060447
0.177065
-0.195840
0.062390
-0.103806
-0.271832
0.403525
0.485174
0.183052
-0.138722
0.174508
0.064965
0.117456
-0.258036
-0.012608
0.135312
0.097170
-0.088077
-0.133782
0.243525
0.087049
-0.305768
-0.451242
-0.078783
0.147763
-0.100833
-0.165262
-0.104294
0.195767
-0.186432
-0.287267
0.071172
0.290495
-0.095645
0.106406
0.173059
-0.217122
0.212280
-0.174693
-0.093744
-0.002708
-0.455076
0.028346
-0.100515
-0.046973
-0.005509
0.013386
0.017206
0.058049
0.197624
-0.187692
-0.017333
-0.393763
-0.254485
0.137118
-0.261409
-0.101626
0.048429
0.097445
0.223480
0.344822
-0.115999
-0.150889
0.276422
-0.318853
-0.031447
-0.128383
-0.121723
0.194523
0.129640
0.160057
0.021469
0.113272
-0.337750
-0.060246
0.141005
0.101057
-0.079094
0.047057
0.119697
-0.197224
0.075141
0.092234
-0.186809
0.038669
-0.007673
-0.278029
0.033299
-0.018454
-0.101206
0.137715
-0.030307
0.224834
0.674875
-0.241180
0.286923
0.134314
-0.336247
0.371016
0.127374
-0.367062
0.092385
-0.074849
0.278376
-0.034290
-0.212344
0.063953
0.117019
-0.086327
-0.143046
0.150617
0.151278
-0.239528
0.141814
-0.203757
-0.055407
-0.058174
-0.038522
0.195761
-0.102201
-0.143361
0.273544
0.066874
0.096007
0.191209
0.227638
-0.050789
0.147921
-0.176612
-0.011042
-0.004442
0.180479
0.011617
-0.137034
-0.169399
0.234495
0.172709
0.340376
0.019334
-0.099134
-0.325997
-0.264745
-0.384421
0.619786
-0.221130
-0.241649
0.074634
0.204128
-0.084432
-0.074214
-0.145216
0.001607
-0.157279
-0.445678
-0.112350
0.082132
-0.183806
0.158552
-0.021193
0.134691
-0.479441
-0.055823
0.190385
-0.076498
0.040492
0.029720
-0.008534
0.125604
-0.372738
-0.110364
0.361534
0.507783
-0.185279
0.053570
-0.126365
-0.146625
-0.258713
-0.117535
0.137590
-0.009991
0.407350
-0.051851
0.090427
-0.014145
-0.045428
-0.335212
-0.308521
-0.191747
0.061837
-0.172866
-0.127138
0.141449
0.081345
-0.356517
-0.022809
-0.174538
-0.276407
0.237444
-0.096209
0.059712
-0.038893
-0.134646
0.184326
-0.055350
0.332567
0.100235
0.212104
0.231163
0.069934
0.380798
0.136888
0.007911
-0.066034
-0.084455
0.058729
0.007376
0.139305
-0.112794
0.028679
0.507890
-0.032905
-0.181240
-0.047403
0.298572
0.113181
-0.119157
0.313652
-0.248695
-0.034566
-0.143940
-0.385158
0.365330
-0.488444
0.034838
0.308183
-0.330661
0.029945
-0.291702
-0.064261
0.033539
0.410264
0.068715
-0.040621
0.042887
0.101979
-0.093692
-0.389054
0.227221
-0.119195
-0.149060
0.179592
-0.135185
-0.070490
-0.152578
-0.326974
0.089540
0.165487
-0.419841
0.160733
-0.199426
0.160958
0.162531
0.058094
0.153553
-0.064060
-0.168903
0.223845
-0.033535
-0.092146
-0.129030
0.116170
0.035551
0.142767
-0.034417
-0.192850
0.345229
0.071776
-0.132618
-0.234197
-0.420056
0.146268
0.018051
0.291321
-0.033454
-0.137695
0.015730
-0.324666
-0.165779
0.202586
0.245257
-0.083961
0.099556
0.278809
-0.003053
-0.063043
0.066138
-0.061238
0.343920
-0.172387
0.048023
0.508161
-0.114227
0.107191
-0.031289
