-0.101198
0.312044
-0.118674
0.155912
-0.111004
-0.094958
0.067715
0.300645
0.222888
-0.284212
0.087406
0.102750
-0.205181
0.082160
-0.173841
-0.049871
0.124180
0.090368
0.095063
0.231127
-0.083849
-0.286269
0.125265
-0.083978
-0.105699
-0.052090
0.000771
0.084053
-0.124070
0.292096
0.004240
-0.269193
-0.130213
-0.244170
0.092445
-0.267379
-0.202818
0.076806
-0.171801
0.235409
-0.114893
0.073113
-0.178924
-0.115391
-0.049417
-0.292670
-0.022494
0.311370
0.311898
0.016557
-0.101666
-0.125714
0.310816
0.038859
-0.198776
-0.286132
0.051956
-0.041971
-0.139950
-0.170815
-0.023074
0.158807
0.435760
-0.165622
0.104264
0.191023
-0.130150
0.123503
0.070620
-0.167234
-0.108392
-0.080741
-0.019639
-0.241427
0.095272
-0.229259
0.348119
-0.308212
-0.042952
0.252548
0.019450
-0.311668
-0.103166
-0.060911
-0.000544
-0.193078
0.128259
0.016991
-0.022410
0.275713
0.005963
-0.254968
-0.220383
0.028870
0.123838
0.008016
0.327797
-0.300436
0.092090
0.084506
0.163899
0.166436
-0.164898
0.170243
0.000498
0.022618
-0.196165
-0.104451
0.292494
0.092405
0.066948
0.164110
0.057841
-0.011021
-0.206196
-0.027843
0.289939
0.146038
0.309589
-0.264945
0.141285
0.235567
-0.034635
-0.040176
-0.034055
-0.006574
0.281811
-0.132098
-0.150171
0.109640
0.411717
0.332563
-0.174187
0.048870
0.075327
-0.093029
-0.122102
-0.091943
-0.379798
-0.224829
0.211918
0.068822
0.023019
-0.210270
0.014408
0.017682
-0.045229
-0.198092
-0.219280
0.072251
0.093302
-0.283135
-0.074551
0.227897
0.072231
0.064626
-0.156410
-0.161858
0.300100
0.161569
0.177574
0.122110
0.231311
-0.020412
-0.007100
-0.166259
0.123466
0.077443
-0.252349
-0.190770
-0.062921
0.220055
0.106442
0.009122
-0.264488
0.050353
-0.100373
0.144646
0.253064
-0.042596
-0.157168
0.127001
0.172872
0.175953
0.214751
0.025423
0.098279
0.166823
-0.150798
-0.015067
-0.081017
0.040691
-0.056235
-0.161426
0.112483
0.237483
0.136826
-0.177433
-0.471898
-0.002405
0.170909
0.365681
-0.040822
0.351185
0.097782
-0.174754
0.054814
0.054735
0.239801
-0.014934
0.033607
-0.020543
0.090083
0.159744
-0.086155
-0.069399
-0.026978
-0.126286
-0.169450
-0.243236
-0.114912
-0.061066
-0.027273
0.151499
-0.095098
-0.062434
-0.171233
-0.159467
0.206906
0.080204
-0.238441
-0.117532
-0.206507
-0.027504
-0.274127
-0.115109
-0.000600
-0.255674
-0.119679
-0.005848
0.088693
-0.179813
-0.008296
0.023263
-0.003722
0.074947
0.034618
-0.002340
0.147250
-0.060680
-0.106404
0.494995
0.046474
0.035851
0.095722
-0.152123
0.205504
0.023037
-0.119839
0.029576
-0.041305
0.153169
0.041825
-0.014995
0.163547
0.354426
-0.089792
0.342776
0.046275
-0.189828
-0.410236
-0.418107
0.052069
0.058436
-0.241040
-0.197713
-0.582077
-0.147825
0.036502
0.112925
-0.005843
0.302567
0.174186
-0.094773
0.096065
-0.054289
0.051929
-0.249642
-0.160780
-0.060945
-0.301446
0.212455
-0.268301
0.017776
-0.136481
0.305073
-0.206435
0.061963
-0.281618
-0.158635
0.025433
-0.018241
-0.139038
0.053523
0.069198
-0.197148
0.035094
0.062567
0.084255
0.172181
0.165672
-0.099370
-0.103952
0.045492
-0.018511
0.010365
-0.106394
0.158891
-0.095601
-0.274079
0.158416
0.032971
-0.130676
-0.020548
-0.010768
-0.043177
0.140062
-0.039203
-0.102932
-0.196632
-0.084465
0.217770
0.080528
-0.044021
0.025924
-0.171561
-0.104572
-0.086149
0.087423
-0.147266
0.198530
0.099946
-0.265151
-0.323295
-0.021381
-0.215364
0.098969
0.057506
-0.073381
0.036444
0.011312
0.285612
-0.082475
-0.009132
-0.303342
-0.092678
0.049313
-0.145713
0.062313
-0.024630
-0.009507
0.099016
-0.230574
-0.076439
-0.029899
0.160373
0.219214
-0.040627
0.120319
-0.076552
-0.250811
-0.057901
-0.049806
0.110707
-0.158163
0.187789
0.107539
0.077520
-0.035270
-0.041947
0.095150
0.017175
-0.051494
-0.295494
-0.061831
-0.078493
0.214169
-0.127034
0.094308
0.312063
-0.230786
0.297123
-0.113775
0.113441
0.092786
0.023062
-0.281136
-0.156140
0.068411
0.062895
-0.187448
-0.011423
0.163265
-0.112034
0.011870
0.073651
-0.069455
-0.001255
0.036181
0.054838
0.012656
-0.287083
0.096547
0.387567
0.054780
0.116182
0.186217
-0.107830
-0.001841
-0.025527
-0.096778
-0.045416
0.209529
-0.031133
0.098341
-0.227507
-0.067658
-0.101173
0.017191
-0.221860
-0.205203
-0.094516
0.231906
0.293800
-0.061649
0.037477
-0.149742
-0.474870
0.099437
0.288618
-0.126943
-0.026494
-0.084385
-0.128605
-0.013883
-0.099634
0.143554
0.055471
0.073268
-0.160220
-0.147452
0.061313
-0.371096
-0.363854
-0.054148
-0.144345
0.098822
-0.253506
0.124175
0.294311
-0.175723
-0.170040
0.053306
0.315099
0.032732
0.049484
0.279852
0.073016
0.066566
-0.258354
-0.036836
-0.079614
-0.134830
0.105694
0.009865
-0.048047
-0.218771
0.119226
-0.033685
-0.099570
0.033914
-0.050257
0.020655
-0.208687
-0.270545
-0.023958
0.033607
-0.143245
-0.210113
0.158822
-0.035422
-0.012167
0.140413
-0.192577
-0.006589
0.018717
-0.000174
-0.041260
-0.144498
0.065280
-0.083237
0.119007
-0.244951
0.198616
0.039754
-0.088236
-0.158541
0.188142
-0.247533
0.026412
-0.150059
0.057003
-0.249333
0.093043
0.027573
-0.004857
-0.104645
0.240088
0.098745
0.052038
-0.104898
0.322320
0.264910
0.101404
0.232722
0.063107
0.057294
-0.160090
0.015527
-0.262106
0.238733
-0.115770
-0.047058
0.332965
-0.076344
0.087881
0.008112
-0.370014
-0.189979
-0.041011
0.146826
0.074723
0.045902
-0.025341
0.077721
0.161303
0.228048
0.146570
-0.191652
-0.073455
0.108994
0.030573
-0.054404
0.162627
-0.286751
-0.016076
0.134936
0.094259
-0.120432
0.004473
-0.066112
-0.062273
0.140689
-0.044565
-0.054154
0.008753
-0.130082
0.014132
-0.141524
0.083552
0.160993
0.147014
-0.278773
0.263186
0.285633
0.185535
0.067143
0.056086
0.132325
-0.161967
-0.144053
-0.050319
-0.071311
-0.068035
0.137835
-0.067149
-0.012933
-0.144778
-0.139993
0.105196
0.055938
0.060658
-0.050601
0.026584
0.002656
0.142256
-0.098423
-0.147982
0.124773
0.123425
-0.030875
0.174922
-0.129980
-0.169482
-0.346809
-0.005755
0.317848
-0.148999
-0.199900
-0.202006
-0.187624
-0.126259
0.120384
-0.013158
0.151944
0.193175
0.048515
-0.283566
-0.165379
0.113318
-0.156997
-0.281040
0.132605
0.230547
0.396658
-0.011455
0.115646
-0.035295
0.395154
0.100212
0.199859
0.099701
-0.297053
0.260312
0.132621
-0.033661
-0.071515
-0.093016
-0.082165
-0.125283
-0.152402
0.156974
-0.254627
-0.016034
-0.102229
-0.094710
0.123154
0.103863
0.166320
0.143425
-0.052410
0.134137
-0.049570
-0.005312
-0.176963
-0.034394
-0.091133
-0.022383
0.112994
-0.117172
-0.026717
0.252504
0.316848
-0.447607
-0.284315
-0.212393
-0.186782
-0.276758
-0.053366
-0.044990
-0.010360
0.036640
0.107084
-0.234622
0.179098
0.327621
0.113541
0.053186
-0.133797
0.037307
0.100528
0.044631
-0.222165
0.129442
-0.093541
-0.322946
-0.090247
-0.067807
0.033835
0.199052
-0.291367
-0.194151
-0.070744
0.244854
-0.199943
-0.372917
0.103877
-0.028213
-0.276845
0.069372
-0.028106
0.198700
0.200753
-0.220448
-0.078207
-0.138617
0.040647
-0.095083
-0.026601
-0.227247
0.247162
0.062488
-0.000328
-0.034454
-0.150665
0.162992
-0.105193
-0.386809
0.017370
-0.052566
-0.212008
0.108982
-0.242445
0.008164
-0.012553
0.091340
0.361072
-0.183362
0.177286
0.403484
0.071569
-0.016586
0.161721
0.105320
0.106027
0.477553
-0.159894
-0.217319
0.014718
0.076231
-0.095742
-0.047871
0.033227
-0.172977
-0.310107
0.045202
0.241694
0.063365
-0.300408
0.217391
-0.012968
0.358882
0.114037
0.017586
0.151374
-0.360565
0.054828
0.229809
-0.027789
-0.088610
-0.103433
-0.009187
0.009095
0.282549
-0.226090
0.076646
-0.133372
0.226958
-0.006203
0.067144
-0.293671
-0.329355
-0.138842
0.026599
-0.008855
-0.217326
-0.159213
0.252135
-0.178978
0.007968
-0.145796
0.184873
0.078707
-0.163727
-0.014860
-0.059586
0.357764
-0.018558
0.126413
-0.331749
0.205024
-0.045204
0.000769
0.164604
0.088387
-0.123870
-0.272190
-0.033784
0.021336
-0.162228
0.026710
-0.079558
0.287324
-0.101417
-0.032367
-0.043059
0.056484
-0.257362
0.082393
0.100784
0.028636
-0.088246
0.254154
0.132249
0.036654
0.149683
0.148493
-0.247587
-0.226669
-0.149772
-0.162443
-0.150562
-0.011658
-0.177346
-0.302960
0.239537
-0.221920
0.182757
-0.156487
-0.112222
0.384728
0.067052
0.231484
-0.116826
-0.020630
0.240372
0.419493
-0.405288
0.119833
0.098328
-0.173249
0.194308
-0.095133
0.176574
-0.120169
0.023531
-0.428942
-0.009705
0.034208
-0.133303
0.145037
0.404792
-0.076267
0.017629
0.077637
-0.157706
0.058428
0.013838
-0.074871
-0.137497
-0.033660
-0.232841
-0.222420
-0.183994
0.112566
-0.187575
0.330776
-0.012709
0.024450
0.097047
0.301388
0.075238
0.186608
0.275084
-0.247395
0.273490
0.025622
0.306753
-0.447193
-0.199773
-0.033985
0.355851
0.052124
0.031293
-0.076970
0.159901
-0.078733
0.070264
0.035119
0.227607
-0.068209
-0.055765
0.019615
0.132611
-0.154298
-0.275667
-0.049013
-0.220103
-0.033842
-0.049850
0.266433
0.089561
0.104070
-0.036841
0.081022
0.322535
-0.052261
0.246054
-0.138355
-0.124220
0.016453
-0.064107
-0.055228
-0.154254
0.039062
-0.259561
-0.007211
-0.018257
-0.137078
-0.094868
0.065035
-0.082317
-0.082750
-0.165121
0.315621
-0.164194
0.223357
-0.089528
-0.169731
0.416909
0.122794
0.094952
-0.134411
0.104533
-0.121162
0.311002
-0.065874
-0.106487
-0.085653
-0.075257
-0.257132
0.205775
0.251022
-0.280565
0.077013
-0.167753
0.075422
-0.179508
-0.414490
0.065199
0.177446
0.488294
-0.035695
0.307638
-0.079949
-0.190349
0.208161
0.183393
0.345092
-0.094315
-0.091277
-0.117621
-0.296796
-0.033247
0.023220
-0.032145
-0.293119
-0.034438
0.157878
-0.122682
-0.107268
-0.019897
0.119208
0.067415
0.052377
-0.219325
0.007467
-0.117902
-0.028632
0.297018
-0.103727
0.057482
0.155498
0.081274
0.227630
-0.175829
0.214837
-0.027660
-0.305930
-0.084992
-0.141149
0.030117
-0.016113
0.261497
0.164977
-0.353956
0.146756
0.164161
0.184856
-0.062744
-0.115817
0.164289
0.222562
-0.084972
0.361667
-0.124369
-0.051523
0.104226
-0.074751
-0.278047
0.008095
0.124175
0.126351
0.140037
-0.138825
-0.078156
0.277819
-0.059109
0.079077
0.207031
-0.162484
-0.088398
-0.186650
0.058661
0.221399
-0.132657
-0.028593
-0.149609
-0.131748
0.001553
0.299648
0.022946
-0.123245
-0.138742
0.132982
-0.135598
-0.026092
0.016657
0.064693
-0.074212
-0.155164
0.271526
0.198252
0.112392
-0.105885
-0.098512
0.115458
-0.005857
0.062889
-0.059322
-0.055822
-0.294300
0.021349
-0.123568
0.527909
0.103664
0.256663
0.096869
0.236163
-0.228714
-0.340186
0.072466
0.128308
-0.243271
0.206079
-0.122595
0.375521
0.007281
-0.139563
-0.118064
0.137148
-0.159484
-0.228978
-0.089391
-0.117966
-0.120942
-0.142049
0.195666
0.046094
0.082940
-0.297485
-0.188790
-0.045624
-0.193969
0.019472
0.068427
-0.027028
-0.436089
0.307040
-0.034875
-0.139146
-0.154665
0.190577
0.006692
0.040921
0.004872
0.222491
-0.244769
-0.235573
-0.044704
-0.015824
0.332337
0.281204
-0.083116
-0.125191
-0.293266
-0.040095
-0.169101
-0.143484
-0.082439
0.205488
0.183646
-0.082934
0.105795
0.023527
0.481965
0.007411
-0.094564
0.116952
0.004365
-0.011060
0.108825
0.332829
-0.124855
0.008781
0.057967
0.334814
-0.534240
0.209064
0.096255
0.203853
0.303651
0.149035
-0.269954
0.096730
0.422123
0.185693
-0.051145
-0.159444
0.026980
-0.373187
0.337113
0.082536
0.058694
-0.137313
-0.152983
0.037833
-0.219384
-0.166069
0.102667
0.215339
-0.300582
-0.313060
0.192445
-0.079846
0.105256
0.169452
0.258693
-0.259816
-0.022706
0.008998
-0.068496
0.056471
-0.000234
0.142582
0.175545
0.007270
0.012065
0.265138
-0.032326
0.038078
0.085862
-0.101349
0.111205
0.055894
0.140287
-0.109089
-0.184700
0.158992
0.079608
-0.123507
-0.370316
0.149111
0.263601
0.020030
-0.260808
-0.124665
0.260993
0.037986
0.193415
-0.308895
0.077883
-0.156760
-0.120825
-0.235724
-0.101785
-0.143295
-0.165339
0.036084
0.058172
0.070560
0.230749
0.079565
0.179660
-0.088821
0.203586
0.060022
0.222170
0.038158
0.001388
-0.257224
0.286057
0.084047
0.221456
-0.069894
-0.133168
-0.065880
-0.215527
0.177480
-0.126024
0.238022
0.102691
-0.100008
-0.018301
-0.107526
0.137843
-0.239525
0.036399
0.032974
-0.141239
0.299734
-0.203075
0.603011
0.082534
0.143242
-0.116297
-0.128561
-0.053863
0.261442
0.499707
-0.103750
0.050885
0.072886
0.030724
-0.130061
-0.080536
0.106325
-0.179292
0.327273
0.078142
-0.152113
-0.036223
0.017556
-0.003457
0.035424
0.002129
-0.107961
-0.475091
0.096761
-0.150225
0.015148
0.328872
-0.046992
-0.070490
-0.077380
-0.081488
-0.029577
-0.204575
-0.051746
0.046947
0.325226
0.227756
0.036395
-0.023444
-0.126104
0.526957
-0.148884
-0.162878
0.172558
0.143257
0.120686
-0.227821
0.063732
-0.351509
0.274315
0.074885
-0.071392
-0.129504
-0.073000
-0.176294
0.140188
0.092766
-0.065599
-0.002896
0.111148
0.054341
-0.029572
0.132299
-0.070315
-0.250640
0.203109
-0.000293
-0.161772
-0.124141
-0.076739
-0.025835
0.053249
-0.252267
-0.037012
0.298179
-0.004838
-0.198935
0.034557
-0.080859
0.003344
0.407207
-0.169024
0.120635
0.028443
-0.306207
0.067135
-0.250260
0.124830
0.098187
0.034489
-0.131102
-0.049390
-0.246094
0.005443
0.352234
-0.030833
-0.344050
0.142106
-0.287876
0.276418
-0.090272
0.057757
0.354122
0.153210
0.184063
-0.104326
-0.198160
-0.167447
-0.180817
0.004803
0.008229
0.161090
0.075552
0.201922
-0.256033
-0.178550
-0.330011
-0.190691
-0.284231
0.125497
-0.194531
0.013234
-0.186256
-0.092974
0.066074
-0.069274
-0.074705
0.167284
0.126528
0.264129
-0.138979
0.006647
-0.350303
0.301352
0.118327
0.056319
0.374300
-0.180281
0.003919
0.178155
-0.166541
-0.045704
-0.331943
0.129854
-0.052253
0.054649
0.252570
0.114473
0.218367
-0.448212
0.101854
-0.032994
-0.168759
0.051172
-0.105173
-0.053098
-0.210379
0.192126
-0.112315
0.154177
0.062679
0.129702
-0.009464
0.330943
0.128799
-0.222583
0.180415
0.038367
0.126935
-0.078683
-0.130899
-0.010059
0.090687
0.266840
-0.070804
-0.136568
0.041726
-0.358910
0.278651
0.085668
0.106111
0.059590
0.059824
0.005776
0.100764
-0.142383
0.293670
0.381148
0.190113
-0.158174
-0.035085
0.120418
-0.084060
0.243114
-0.142257
-0.249979
0.295995
0.085187
0.320166
-0.299572
0.113975
-0.207742
0.012527
-0.241968
-0.027995
-0.160475
0.194218
-0.031597
0.067299
-0.101674
-0.052707
-0.091933
-0.228667
0.145685
0.059375
-0.111741
0.049787
-0.204763
-0.005011
-0.010357
-0.002780
-0.011477
-0.171430
-0.032808
0.150826
0.177109
-0.093112
0.094087
-0.021697
-0.054370
-0.012003
-0.143144
0.032640
0.246087
-0.269737
-0.064354
0.093125
-0.076321
0.304782
-0.123011
-0.130325
0.173744
0.175765
0.273676
0.428624
-0.193157
-0.016080
0.003362
-0.255176
0.049969
0.258116
-0.281869
-0.008384
0.103411
0.152396
-0.203505
-0.003863
-0.045491
0.164092
-0.023042
-0.172315
-0.022364
-0.041966
0.089008
0.199482
0.419194
0.098396
-0.104474
-0.022890
-0.212764
-0.143557
0.009081
-0.089546
0.067470
0.330664
-0.038924
-0.004455
0.107821
0.131177
0.280432
-0.035805
-0.119579
-0.026112
0.073413
-0.061098
0.028643
0.066837
-0.164383
-0.113500
0.050874
-0.050625
0.003375
0.134078
0.132832
0.136816
0.095379
0.282074
-0.152308
0.235613
-0.037729
-0.055728
0.039253
0.059480
0.126672
0.031816
0.052331
0.181491
0.175078
0.136035
0.150738
-0.077849
0.254163
-0.171313
0.279267
0.101820
0.079115
0.185350
-0.059929
-0.149728
-0.008836
-0.051938
0.152241
-0.078803
-0.112298
-0.393852
0.083787
-0.104154
0.088992
-0.192357
-0.295048
-0.127045
0.220321
0.217288
-0.012904
-0.041573
0.111865
0.244458
0.335086
0.059885
-0.213588
0.227017
0.144919
0.314815
0.062360
-0.010472
0.261283
0.124725
0.128036
0.002471
-0.099318
-0.175993
-0.194455
0.114401
-0.172894
0.076755
0.033723
0.304755
-0.296666
0.235409
0.280138
-0.201571
-0.093767
0.155926
0.229495
-0.161385
0.280769
0.130310
0.326306
0.054835
0.080692
0.101888
0.115617
0.107425
0.025164
-0.025977
-0.042958
0.313539
0.054728
-0.440676
-0.137121
-0.031933
-0.300557
-0.377256
0.146324
-0.017424
-0.058798
0.279857
-0.154147
-0.144856
0.224850
-0.080834
0.144108
0.012003
0.034188
-0.088984
0.069123
0.072592
-0.038688
0.086799
0.038531
0.205818
-0.062236
-0.117587
0.038855
0.207493
0.000371
0.058346
-0.017270
0.212908
-0.025483
0.093307
0.045506
0.177089
-0.031568
0.009109
0.265369
-0.247740
0.133739
-0.078638
0.105909
-0.019407
-0.133801
0.342552
0.093407
0.060073
-0.194435
-0.047123
0.225746
-0.183595
-0.000512
0.410066
-0.049640
0.191866
0.198219
0.077929
0.049003
-0.041782
0.041640
-0.189260
0.039771
0.060093
0.340706
-0.010675
0.378743
0.032247
-0.094314
-0.215657
0.191773
-0.071780
0.197617
0.080912
0.100685
0.109105
0.433195
0.331995
0.170489
0.234017
0.024563
0.241323
0.315590
-0.084530
0.059265
-0.298232
-0.182143
0.092923
-0.320155
0.138326
0.184058
0.089017
0.062672
0.301018
-0.122855
-0.117972
0.036339
-0.059599
-0.147905
-0.211872
0.083558
-0.288695
-0.423570
-0.137146
-0.133561
0.117603
-0.494707
-0.434221
-0.468046
-0.409972
-0.323404
-0.121104
-0.513955
0.147277
0.089030
-0.114787
-0.104617
-0.123599
-0.155456
0.083054
0.040155
-0.040546
0.005626
0.227982
0.329075
-0.010466
0.261238
0.396689
0.275806
0.234224
0.285906
0.163559
0.204292
0.239581
0.118047
0.579658
0.300744
0.314855
0.087628
0.355223
0.654382
0.111564
0.024611
0.100001
0.036229
0.004759
0.064060
-0.402823
-0.393069
-0.400589
0.021019
0.011520
-0.535134
-0.221778
-0.293629
-0.417958
-0.050666
-0.467460
-0.101910
-0.498908
-0.348720
-0.017194
0.056053
0.112717
-0.261130
0.142694
-0.067818
0.029274
-0.047848
0.284151
-0.191954
0.066111
-0.158946
0.015973
-0.328527
-0.007281
0.207935
0.091671
0.124036
0.043655
-0.024147
-0.157427
0.134994
-0.053697
0.194149
-0.152634
0.210774
0.051229
-0.035959
0.119105
0.007878
0.332552
0.326435
-0.206606
0.040265
-0.090265
-0.030395
0.085359
-0.190176
-0.280757
0.022679
-0.483868
-0.003872
-0.028241
0.111537
0.094600
-0.147746
0.231577
0.049717
0.104978
0.131297
0.083050
0.214994
0.044367
-0.135778
0.128212
0.109333
0.197464
-0.186468
0.032168
-0.379782
-0.118171
-0.235497
-0.267957
-0.304978
0.081379
0.088545
0.156427
-0.083819
-0.121390
-0.074757
-0.224882
-0.327241
-0.058750
0.088172
-0.172671
0.175828
0.010704
-0.260656
0.208114
0.060017
0.063701
-0.039589
-0.134900
0.001687
-0.205558
-0.160360
-0.031217
0.128587
-0.356525
0.127454
0.276666
0.252513
-0.176451
-0.446131
0.031657
-0.279333
0.157587
-0.113365
0.257982
-0.130927
0.124633
-0.180347
-0.051764
-0.112509
-0.021222
-0.135288
0.419966
0.071924
0.017010
0.064668
-0.080107
0.036517
-0.038448
0.038220
0.080185
-0.148388
0.210607
0.006195
-0.274429
0.248205
0.004567
0.149047
-0.112157
0.031309
-0.093330
0.196837
-0.112669
-0.032756
-0.138137
-0.080353
0.157813
-0.227189
0.131265
-0.164256
0.089960
0.100490
0.156787
0.080149
0.047371
0.030880
0.140142
-0.046906
0.083661
0.180750
-0.265186
0.198835
-0.113853
-0.024098
0.036490
-0.300650
-0.065673
-0.295463
0.171516
-0.408051
-0.069727
-0.065685
-0.179703
-0.038439
0.070661
0.035197
-0.120095
0.248442
-0.095316
0.233314
0.189509
-0.177233
0.285501
0.014028
0.086285
0.063249
-0.244396
0.026375
0.097744
0.270806
-0.231239
0.155093
-0.087219
-0.233760
0.426233
-0.070499
0.120703
-0.352623
0.354800
-0.086053
-0.146569
0.041506
0.102273
0.041442
-0.121804
0.361906
0.203548
-0.131280
0.258180
-0.424637
-0.199131
-0.393729
-0.428024
-0.032930
-0.018882
-0.309062
-0.149883
0.067269
-0.091066
-0.128732
0.163615
0.217955
-0.289975
-0.240597
-0.020099
-0.041752
0.013481
-0.292920
-0.098037
-0.045123
0.058977
0.003491
-0.142124
0.038011
-0.163507
-0.091926
-0.189635
-0.175250
0.071780
-0.035925
0.023161
-0.157579
-0.145748
0.000865
0.013904
-0.008188
0.036076
-0.001516
-0.034587
0.148478
-0.224853
-0.060510
0.302855
-0.060587
-0.137979
0.221807
-0.216179
0.371816
-0.260707
-0.072483
-0.070684
-0.200611
-0.526521
0.188754
0.001438
-0.464891
0.139992
0.067985
0.097958
-0.354141
0.124349
0.099905
0.116285
-0.087761
0.074390
-0.227880
-0.062542
-0.100076
-0.097069
0.038094
-0.010687
-0.250568
-0.189957
0.000502
0.150601
0.094891
0.202727
0.017195
-0.112333
-0.199135
-0.159584
-0.285698
-0.048017
-0.106906
0.225645
0.194349
0.074319
0.526906
0.025904
-0.064235
-0.164770
0.047869
-0.114877
0.033257
-0.273270
0.012428
-0.161293
0.089730
-0.162264
-0.028844
0.171462
0.075473
0.093248
0.328110
-0.058767
0.005309
-0.178450
-0.100594
-0.084160
0.040783
0.026662
-0.249006
0.081831
-0.266508
-0.302548
-0.037722
0.114198
0.004008
0.061338
0.099436
-0.048243
-0.275596
-0.318100
0.183176
0.168594
0.128479
0.314325
0.107814
0.024605
0.335664
0.133939
0.051445
0.050130
-0.132905
0.038979
0.138353
-0.083302
0.209898
0.347379
0.268330
0.126916
-0.106750
-0.011059
0.122536
-0.078875
-0.003127
-0.069834
0.016397
0.032967
-0.108201
0.056563
-0.257103
0.134372
0.027747
-0.238571
-0.000847
-0.073129
-0.176233
-0.138629
0.008571
0.211930
-0.184514
-0.337286
-0.393999
-0.127721
-0.100591
-0.150926
0.017091
-0.053132
-0.119698
0.133474
0.015381
0.008573
0.111432
0.110748
0.073312
-0.031396
-0.097319
0.222074
0.033475
0.022828
0.012241
-0.242385
0.005513
-0.159351
-0.160257
0.126632
0.220172
-0.063151
0.104125
-0.068996
0.279591
0.157181
-0.037562
-0.278028
0.116784
0.149706
0.118906
0.219319
0.191743
-0.109920
0.324480
0.281365
-0.176374
-0.260167
-0.120807
-0.078919
-0.266839
0.049008
-0.345430
0.247633
-0.249789
0.444382
0.120623
0.200951
0.126237
-0.085758
0.278591
0.065879
0.030625
-0.211988
-0.142960
0.376182
-0.006506
-0.030597
-0.013238
0.250148
0.187088
0.052437
0.184712
0.225254
0.103824
-0.030774
0.184908
-0.306014
-0.125870
-0.003461
0.020775
0.007317
0.365222
0.028139
-0.125515
-0.122608
0.008411
-0.107138
0.173561
0.016177
0.300158
-0.030883
0.143093
0.206889
0.122437
0.123692
-0.462786
0.250161
-0.370096
0.117949
-0.421098
0.205556
0.321085
-0.052677
-0.079541
-0.061068
0.171639
0.115208
-0.243133
-0.023721
-0.007863
-0.295997
-0.172890
-0.327973
-0.373163
0.307703
0.051455
0.025586
0.109575
-0.197257
0.192572
-0.155544
0.160846
-0.215814
0.034915
0.174724
0.058357
0.002994
0.168958
-0.204112
0.164449
0.009463
0.051788
-0.057922
0.093788
-0.035018
0.193734
-0.065812
-0.271485
-0.170318
0.028059
-0.092647
0.139418
-0.045480
0.081768
-0.183681
-0.000656
-0.157281
-0.321604
0.221309
0.052907
-0.044100
-0.135213
-0.031700
0.216975
0.025593
0.083965
0.105021
0.153523
-0.018367
-0.184629
0.033483
-0.118232
0.078901
-0.027520
0.397420
0.197337
-0.309163
-0.069600
-0.197092
-0.033916
0.236113
-0.433379
0.137600
-0.308034
-0.205530
0.104361
0.177479
0.049685
0.238536
0.046029
-0.004103
0.043059
0.148908
0.123672
0.185777
-0.049150
-0.241954
0.000213
0.094171
0.267711
0.086556
0.100329
0.004920
0.148828
0.117992
-0.071014
-0.085636
-0.102524
-0.122954
0.016970
0.153721
0.025796
-0.055606
0.262029
0.244942
0.083263
-0.023602
0.065401
0.151690
0.162344
-0.065504
-0.233337
-0.017830
0.081130
0.137237
0.277988
0.194465
-0.063058
-0.112490
0.245179
-0.337112
-0.157712
-0.041423
-0.263747
-0.030369
-0.024037
-0.093706
0.086706
0.120094
0.099579
0.008656
-0.107900
0.149611
0.123531
-0.107842
-0.051629
-0.282473
-0.338791
0.171341
-0.356772
-0.248146
0.319845
0.108310
0.104727
0.036118
0.084874
-0.217110
0.001543
0.298422
0.118800
-0.203087
0.398501
0.073664
-0.113407
-0.005080
-0.368745
-0.195395
-0.256116
0.197782
0.198422
-0.416347
0.075096
0.076119
0.330656
-0.003157
-0.067528
-0.139576
0.028625
0.186783
0.030539
-0.068676
0.198788
-0.233719
-0.143841
-0.051936
-0.263898
0.293178
-0.096324
-0.058012
0.026790
0.015696
-0.180343
-0.241854
0.152271
-0.298091
0.098983
-0.253301
0.127276
0.012532
0.099818
0.137573
-0.071080
-0.068381
0.253258
0.004893
0.085722
0.196965
0.015036
0.201365
0.044505
-0.108564
0.013319
-0.195395
0.417906
-0.114176
0.067645
-0.002078
-0.222055
0.054212
0.090967
0.237174
-0.147041
-0.067670
-0.096805
-0.022630
0.023054
0.008168
0.114799
0.152835
0.023120
0.044452
-0.081248
0.095143
-0.087170
-0.028076
0.018570
-0.208318
-0.167298
-0.184921
-0.258903
-0.163918
-0.244972
-0.189702
0.027018
-0.179824
-0.197491
0.093270
0.093397
0.009152
-0.002151
0.314637
0.161721
-0.388622
-0.085672
-0.001427
0.045341
0.110520
0.157876
-0.212517
0.053614
0.048142
-0.023215
0.100467
-0.148481
0.188272
-0.186017
0.280754
0.084336
-0.102149
0.020381
0.214698
0.065821
0.150178
0.022196
-0.050909
-0.045181
0.065850
0.167718
-0.315095
0.122467
-0.348450
-0.108737
0.054624
0.056434
-0.235047
0.170853
0.157624
-0.020559
-0.019445
0.194537
-0.474366
0.126981
0.255142
0.615395
0.104874
-0.010549
0.027940
0.112541
0.239929
0.204358
-0.272236
-0.120202
-0.170285
0.112253
0.134845
0.306923
0.120879
0.031739
0.035097
-0.048941
0.078409
0.007137
0.019636
-0.335858
0.069849
0.063273
-0.114213
0.026740
0.021783
0.012788
-0.053083
-0.292907
-0.008312
0.172556
-0.049761
-0.353823
-0.098877
0.234009
-0.122137
0.323751
-0.237877
-0.144163
-0.178888
0.040311
-0.061397
0.107971
-0.227453
0.131690
-0.083697
0.183916
0.312215
-0.249901
0.330339
0.033214
0.202436
0.003713
-0.183031
0.104149
0.137273
0.004695
0.268138
0.108327
-0.047770
0.282045
0.111134
-0.042516
-0.211635
-0.021873
0.029242
-0.105249
-0.095650
-0.000059
0.001289
-0.118163
-0.062638
-0.111958
0.219390
-0.045358
0.051519
-0.021407
0.098134
0.018631
0.041468
-0.030841
-0.182489
0.047024
-0.276353
-0.254661
0.000773
-0.035694
0.189821
0.281019
-0.005306
-0.140127
-0.098263
-0.054775
0.207301
0.383647
-0.343463
-0.155596
0.018774
0.093260
0.108956
0.217684
-0.317514
-0.029067
-0.025932
0.017221
-0.065664
-0.111471
0.030462
0.012054
-0.024285
0.324902
0.137076
-0.071956
0.154690
-0.014383
-0.102145
-0.099720
0.074319
-0.188833
0.104333
0.001447
0.147693
-0.007967
0.269670
-0.034105
0.033992
-0.062197
0.051105
-0.081037
0.144591
0.415100
-0.113747
-0.022363
-0.333637
0.018205
0.004281
0.016237
0.429116
-0.000351
0.082333
-0.033007
0.370319
-0.038088
0.276880
0.167142
0.229865
0.031893
-0.169127
-0.187567
-0.063950
0.237411
0.327788
0.214392
0.108542
0.153949
0.182316
-0.253204
0.074260
-0.282952
0.133356
-0.131421
-0.061755
-0.057516
0.051809
-0.007381
0.010444
-0.143259
-0.205726
0.152293
0.289074
-0.183131
-0.223788
0.018842
-0.279556
-0.406193
-0.225773
-0.151343
0.122666
0.188547
-0.205483
0.133073
0.098901
-0.152791
0.173110
-0.052744
-0.062496
0.204849
0.002625
0.052398
-0.063231
0.118936
-0.036654
0.193325
0.067161
0.405609
0.091124
0.191279
0.183945
-0.230210
0.091047
-0.121426
0.120664
-0.111696
-0.180476
-0.167751
0.121261
0.031367
-0.030667
-0.176006
0.385582
-0.181013
-0.108369
0.253676
0.310762
0.108089
0.081852
-0.105736
-0.009986
-0.224652
-0.028301
0.047295
-0.046145
-0.345071
-0.332905
0.203482
0.124842
0.151755
-0.168582
-0.002349
-0.104537
0.153048
-0.260235
0.038432
-0.082041
-0.191582
-0.160931
0.110928
0.082882
-0.023300
-0.056844
-0.019750
-0.032720
0.147541
0.120315
-0.008071
-0.013821
0.243373
-0.169407
-0.106908
0.045605
-0.221273
-0.045716
-0.138497
-0.082354
0.053077
-0.217906
-0.018484
0.051396
0.283200
-0.167409
-0.015452
0.167389
-0.171931
-0.104100
-0.184371
-0.183498
-0.039010
0.172323
-0.141003
0.195804
-0.065813
0.139086
-0.078668
-0.101626
-0.035114
-0.074098
0.153238
0.349451
0.265943
0.067065
0.158309
0.213008
0.237741
0.339096
-0.083262
-0.142631
-0.208142
0.081614
0.236126
-0.318915
-0.565407
0.235587
0.198543
0.068923
0.055043
-0.007111
-0.093440
0.199706
-0.013387
-0.035583
0.094006
0.035795
0.019289
-0.360487
-0.129372
-0.018523
-0.061693
0.214352
-0.079885
0.004047
-0.036246
0.097155
0.002241
-0.310874
-0.127954
-0.092425
-0.032574
0.148835
0.360384
-0.002381
-0.243362
0.108286
0.091247
-0.169554
-0.324573
-0.129789
0.122984
0.033483
-0.369469
-0.109612
0.235108
-0.147408
0.392711
0.267713
0.134748
-0.102931
0.400629
0.268132
-0.088862
0.202427
0.288568
0.207658
0.039574
-0.227359
-0.029197
-0.048353
0.038130
-0.279755
0.147836
0.152228
-0.368545
-0.241888
-0.097678
0.054933
-0.393980
-0.139580
-0.041163
-0.018861
0.177150
0.186851
0.166320
-0.105281
0.199995
0.050217
0.118078
0.124974
0.082087
-0.382635
-0.157328
-0.090798
-0.086225
0.021253
0.452009
0.071701
-0.066179
0.116650
0.095572
0.226749
0.229836
-0.165829
-0.298895
-0.300281
0.263015
-0.024589
-0.147263
-0.130005
-0.004891
0.293002
-0.015798
-0.219492
-0.027202
0.168071
0.070338
0.234810
0.127127
-0.056086
-0.375494
-0.060436
-0.096406
0.219036
-0.175760
-0.149971
0.243107
0.016909
0.006723
0.048365
0.037162
-0.201031
0.264275
0.040765
0.000792
-0.275454
0.065456
-0.234276
0.379888
0.315215
0.054983
-0.008916
0.181611
-0.043847
0.029255
0.084965
-0.140515
0.096970
0.124864
0.131764
0.016564
-0.050918
-0.002769
0.169155
-0.142544
0.055419
-0.080432
0.086432
-0.048754
-0.122627
-0.086281
0.115310
-0.073448
-0.046093
0.302271
-0.228024
-0.015289
-0.119561
-0.103381
0.147566
0.394485
0.247110
0.046030
0.077534
0.364382
0.036831
-0.047551
-0.286630
-0.041629
0.440931
-0.187793
-0.207464
-0.034429
-0.323375
-0.040930
-0.264684
-0.276685
0.259092
-0.319345
-0.103141
0.164081
-0.164474
0.190129
-0.094166
-0.069380
0.092794
-0.107391
0.000151
-0.589553
0.016417
-0.098120
0.207746
-0.034292
-0.108155
0.070154
0.087790
-0.000479
0.285586
-0.012112
-0.074128
-0.304227
0.328155
-0.128851
-0.004368
-0.098150
0.380926
-0.121781
0.054851
-0.014652
-0.249626
0.317630
0.259997
-0.178436
-0.084782
0.431840
0.243915
-0.140351
-0.039992
0.049969
0.202626
-0.043251
0.094751
-0.190334
-0.137639
0.228076
0.015151
0.163365
0.129354
-0.334381
-0.283821
-0.191300
0.259302
-0.070592
0.147908
0.149362
0.153782
-0.296219
0.078978
0.092473
-0.129120
0.033755
0.111427
0.061497
0.088158
-0.250988
0.103220
0.266010
0.015633
-0.047367
0.225275
0.078978
0.358791
0.207808
-0.206132
-0.237545
-0.193698
-0.000004
-0.164217
-0.293548
-0.083046
-0.248977
0.232463
-0.001367
-0.033451
-0.018530
-0.039200
-0.184519
0.038356
-0.058853
-0.056970
0.012683
-0.165425
0.004009
-0.224243
0.082415
0.016720
0.116403
0.148035
-0.067432
0.233693
0.198460
0.085815
-0.111316
0.120908
-0.038017
0.216384
0.055163
-0.034428
0.248159
0.299042
-0.140053
-0.086035
0.137686
-0.158136
0.210342
0.095765
0.146014
0.061744
0.024802
0.054204
0.043014
-0.246865
0.243401
-0.342327
0.141802
-0.143400
0.087128
-0.115827
0.146639
0.096076
0.247479
-0.366848
-0.170035
0.384391
-0.130386
-0.015065
0.311106
-0.070744
-0.261571
-0.046469
0.189109
-0.146940
0.254290
-0.088650
-0.110534
-0.126363
-0.085344
-0.030748
-0.036248
-0.386141
0.041940
-0.341402
0.195314
0.182659
-0.018571
0.076727
0.050019
0.041515
-0.082724
-0.215676
-0.066310
0.112928
-0.107825
-0.016485
-0.041349
0.345991
-0.146414
0.199231
0.130788
0.246005
0.077210
-0.091057
-0.073438
0.363951
0.034714
-0.158378
0.050618
0.108781
0.257850
-0.005238
-0.239178
0.070071
0.335781
0.065356
-0.036135
0.385218
-0.199652
0.449037
-0.175815
-0.272647
-0.041421
0.020991
-0.190737
0.119287
-0.207687
0.261024
0.056601
-0.018553
-0.164232
0.340761
0.014784
-0.032264
-0.251940
-0.231637
-0.103658
-0.198168
0.138828
-0.077825
0.004836
-0.424739
0.054808
-0.101488
-0.242388
-0.062076
-0.003001
0.069767
0.131105
0.108117
0.198761
0.153507
0.199652
-0.183428
-0.422988
-0.093726
0.220303
-0.047999
-0.015514
0.159254
0.118955
-0.035510
-0.204055
-0.182077
0.092780
-0.395076
-0.004275
-0.014041
0.011216
-0.006931
0.030832
0.089547
-0.123354
-0.107165
0.008480
0.068018
0.269774
-0.085501
0.160276
0.020817
-0.277462
-0.009378
0.022528
0.045638
-0.174617
-0.113857
-0.033661
0.066220
-0.076013
0.162222
-0.125787
-0.231631
0.025720
-0.099950
0.021447
-0.136955
0.065657
0.218618
0.271630
-0.071481
-0.179615
0.403841
0.028109
-0.030043
-0.059812
-0.306595
0.033277
-0.018137
-0.107185
-0.173923
-0.049094
0.031321
-0.171719
-0.129017
-0.159364
-0.131706
-0.221118
-0.040314
-0.016858
-0.160709
-0.133493
-0.279646
0.098820
-0.068290
0.118082
0.149842
0.044611
-0.206173
-0.555587
0.013974
0.026184
-0.117365
-0.084266
-0.193417
0.145686
-0.155731
-0.095619
0.381938
-0.088628
0.027460
0.099855
-0.059432
-0.188488
-0.254947
-0.336676
0.177316
0.091480
0.027126
0.066076
0.127577
0.182724
0.126352
-0.090686
0.245336
0.103089
0.072463
-0.297648
-0.154310
0.001098
-0.087317
-0.003541
0.433820
0.172171
-0.182103
0.042350
-0.005789
-0.199438
-0.170586
-0.227525
0.312498
0.003461
-0.042283
-0.359862
-0.216832
-0.142506
-0.235039
0.186233
0.174369
0.000174
0.178608
-0.227107
0.103450
0.040026
-0.071787
0.007187
-0.065290
0.234085
-0.091717
0.040772
0.011394
-0.126092
0.256679
-0.167466
0.031383
-0.159516
-0.031933
0.075591
0.151234
-0.064456
-0.133206
0.095059
0.058806
0.075805
0.366724
-0.025599
0.275995
-0.054950
0.116068
0.025177
-0.056911
-0.013056
-0.010013
-0.157855
-0.165822
-0.353305
-0.134757
-0.011566
0.087741
0.030903
0.536480
-0.275835
0.053633
-0.100732
-0.039917
-0.227176
0.325187
0.328175
-0.057525
0.002856
0.139825
0.290704
-0.047785
-0.150954
0.097337
-0.152020
0.017677
0.089753
0.121693
-0.231295
-0.057820
0.404087
0.015129
-0.265497
0.073961
0.558583
0.046576
0.061737
0.054555
-0.056099
0.052900
-0.106927
-0.147901
0.029908
0.202862
0.296498
0.173251
-0.152089
-0.169408
0.240621
0.097680
-0.102436
0.146529
-0.211757
-0.206572
-0.131023
-0.156454
0.291485
-0.187123
-0.027045
0.080301
-0.140649
-0.100450
0.188186
0.148915
-0.152510
-0.047318
0.075426
0.112925
-0.170009
-0.187937
0.154042
-0.103561
0.116588
0.042667
-0.142584
0.044143
-0.012655
-0.000897
0.148928
-0.209325
0.256429
0.358030
0.059239
-0.036937
-0.149489
-0.011950
-0.376658
-0.237995
-0.419623
-0.117120
-0.082895
0.180083
-0.192451
0.067068
-0.088702
-0.249769
-0.043797
0.027172
-0.006078
0.179903
-0.242420
0.029901
-0.170789
-0.070544
-0.279583
-0.022522
0.116603
-0.147177
0.086505
-0.061550
-0.075975
0.111491
-0.165207
-0.280641
-0.083304
0.049424
0.076104
0.030865
0.195853
0.222764
0.071005
0.193687
0.288519
0.086059
0.225772
-0.229226
0.061013
0.055994
0.172408
0.274536
0.038334
0.044087
0.123212
-0.175929
-0.012218
0.064223
0.229873
-0.071491
0.103559
0.083854
0.083895
-0.134290
0.054477
-0.091793
-0.128039
-0.131462
0.088454
-0.114210
0.055901
-0.084765
0.143079
-0.045188
-0.074811
0.199211
0.157464
-0.026126
-0.065975
0.139312
0.055130
0.416716
0.008365
0.117480
-0.179047
-0.200052
-0.010757
-0.032072
0.128470
0.139370
0.219998
-0.077521
0.140364
-0.169454
-0.095853
-0.185911
0.023247
0.272134
0.247049
-0.019298
-0.104560
0.066550
-0.041986
0.014374
-0.190395
0.177777
-0.051831
0.026812
0.070815
-0.053378
-0.029252
0.308163
-0.433800
-0.536695
-0.084914
0.156065
-0.200795
-0.074264
0.135117
0.391528
0.061931
-0.069115
0.015363
0.235523
0.084259
0.071766
-0.136140
0.064968
0.221064
-0.353592
-0.037913
-0.274005
-0.275650
0.163036
-0.097498
0.098984
-0.040411
-0.295518
-0.015992
-0.228816
0.234790
0.098704
-0.130143
-0.327750
0.217171
0.437831
-0.268105
0.076357
-0.396579
0.233843
0.052674
0.155526
0.178180
-0.220324
0.019677
-0.109309
0.120950
0.148244
-0.213203
0.005250
-0.165696
0.338396
0.106962
-0.039950
-0.137724
-0.041023
-0.272698
-0.041443
-0.219835
0.083988
0.103930
-0.517561
0.239149
0.169964
0.259455
0.053761
-0.127562
-0.306364
-0.066988
0.214746
-0.046638
-0.002138
0.075890
-0.198745
-0.090588
0.365461
-0.039875
0.194312
0.129040
-0.182230
-0.012572
-0.161035
0.280094
0.139296
-0.135151
-0.093640
-0.004920
0.057285
-0.041880
0.300105
-0.036600
0.026726
0.027026
0.212936
0.059795
0.353021
0.044202
-0.098249
-0.372014
-0.233186
-0.044831
0.043220
-0.020536
0.130444
0.210973
0.019315
0.187444
-0.287836
0.412781
-0.278828
-0.090701
-0.061597
0.085583
-0.048822
-0.196101
-0.187337
-0.196165
0.044703
-0.342602
-0.127867
0.125550
-0.073203
0.070257
-0.073149
0.185369
0.095942
-0.141087
0.114470
0.011867
0.187879
0.086043
0.049034
-0.320563
-0.084325
0.094901
0.031259
-0.095760
0.011350
-0.232833
-0.012287
0.096868
-0.064636
-0.011389
-0.220264
0.345930
0.267849
-0.045761
-0.179227
0.376375
-0.136661
0.120620
0.045371
-0.380866
-0.084849
-0.017526
-0.057786
0.244827
0.061031
0.058269
-0.409565
0.085695
0.323691
0.021606
0.013782
-0.099263
-0.115317
0.124247
-0.492307
-0.005796
-0.264718
-0.209016
0.016439
-0.072991
0.184233
0.069373
0.032998
-0.142683
-0.075402
0.088669
0.089630
-0.247500
0.202215
-0.136923
0.090009
-0.069573
0.195384
0.027880
0.151705
-0.006258
-0.159014
0.075917
0.050147
0.051005
-0.045909
0.158607
0.022983
0.030407
-0.032432
-0.359056
0.073939
-0.042517
0.176845
-0.083736
0.100663
-0.107722
0.107957
0.269379
-0.139262
-0.012240
0.162963
0.152539
-0.078045
-0.227895
-0.099902
0.069515
-0.293746
0.118242
-0.160695
0.116649
0.203387
-0.047123
0.033633
-0.125382
-0.124225
0.162808
-0.121580
0.149517
-0.242484
0.131429
0.157721
0.033260
0.056542
-0.315267
0.116626
-0.110960
0.015525
0.006465
-0.406866
-0.130102
-0.148701
0.055621
0.095213
-0.069080
0.041941
-0.045492
0.177165
0.028939
0.260360
-0.118648
-0.260209
0.295311
-0.009597
0.180894
-0.164192
-0.343864
0.097010
-0.363715
0.229245
-0.080792
0.246527
-0.204259
-0.076016
-0.067478
0.016979
-0.312461
-0.215510
-0.113900
-0.223726
-0.289667
-0.028104
-0.066828
0.161172
-0.161054
0.341181
0.251724
0.184840
-0.313836
0.009394
-0.192024
0.141340
0.380208
-0.271392
-0.097546
-0.111335
0.041962
-0.101309
-0.092526
-0.109564
-0.059095
0.052393
0.054183
-0.068028
-0.087776
-0.314507
-0.209089
-0.203926
0.054884
0.159748
-0.009223
-0.143176
0.010857
-0.068605
0.045800
0.045934
0.117508
0.006253
-0.243394
0.375079
0.161173
0.056683
0.217582
0.195522
0.273475
-0.127582
0.084011
-0.121815
-0.185724
0.167694
-0.290253
-0.182060
-0.237651
0.038255
-0.000644
-0.439916
-0.051282
0.192224
-0.255277
-0.446651
0.080975
0.225775
0.402171
-0.064027
-0.029568
0.127095
0.045710
-0.219550
-0.151730
0.369976
-0.041658
0.053827
-0.168063
-0.221887
-0.025367
0.035215
-0.001185
-0.049385
0.028686
-0.012358
-0.237558
0.247615
-0.111531
0.235940
-0.149643
-0.187225
0.104625
-0.096523
-0.103060
-0.072097
0.194917
-0.106458
-0.099237
-0.142792
-0.052967
0.026373
0.217558
0.268787
0.182479
0.023977
0.045126
0.167346
0.098396
-0.039567
-0.212769
0.092554
0.022104
0.183430
0.117229
0.002418
-0.097378
-0.065866
-0.034684
0.112613
0.210164
-0.413819
0.036279
0.195194
-0.176251
-0.271518
0.095517
0.218716
-0.042388
-0.119659
0.027449
-0.103480
0.106254
-0.009135
0.075852
0.307573
-0.027970
0.014404
0.094706
0.308585
-0.097922
0.160703
0.189575
-0.208114
-0.032522
0.046103
-0.182110
0.168950
0.166037
-0.104809
-0.410212
0.062806
0.106709
-0.233998
-0.043225
0.160064
-0.264456
0.233891
0.319083
0.177608
-0.198427
-0.127412
-0.395144
0.005367
-0.105543
-0.278921
-0.032637
0.037967
-0.144672
0.247536
-0.065083
0.048838
0.026949
0.184200
0.066250
0.156767
0.214509
0.385919
-0.100181
0.001751
0.095598
0.038295
-0.035744
0.108635
-0.250801
0.046284
0.169585
-0.179370
-0.207627
0.031955
0.090301
-0.261667
0.009843
0.076502
-0.016536
0.175207
0.142655
0.091121
0.112462
0.299095
0.049028
-0.246980
-0.042056
0.091166
0.304992
-0.036553
0.071864
-0.175344
0.067082
-0.068596
0.246732
-0.129104
-0.112789
0.168592
-0.035337
-0.360892
-0.037232
-0.487089
0.031203
-0.417642
0.017457
-0.045508
-0.053555
0.038962
0.097530
0.122445
0.201357
0.079798
0.081427
-0.224552
-0.297488
-0.237588
-0.280220
0.019870
0.037996
0.429280
-0.039282
0.058065
-0.124578
-0.111973
-0.137732
0.084646
0.000288
-0.241172
0.144659
0.168759
-0.005481
0.082880
0.135987
-0.280867
-0.053881
-0.435679
-0.202347
-0.096843
0.210845
-0.139584
0.193877
0.003705
-0.336633
0.204385
0.107628
0.137116
0.175392
0.073770
-0.042745
-0.139634
0.068817
0.108947
-0.277206
0.109541
0.107207
0.483921
0.152748
0.002607
-0.009561
-0.053754
-0.077426
-0.077581
-0.037167
0.239728
0.029246
-0.055560
0.142069
-0.051991
-0.081598
-0.136415
-0.134059
-0.136032
0.120990
-0.269907
-0.121645
0.072454
0.356041
-0.033701
