-0.343987
0.125726
0.143479
0.204701
-0.194690
-0.012889
0.076681
0.167662
-0.028000
0.043809
-0.663536
0.146924
0.088506
-0.323958
0.108723
0.157558
0.018719
-0.595415
0.357599
0.526486
-0.099186
0.012039
-0.105397
0.207148
-0.164526
0.193056
0.038482
-0.161020
-0.353086
-0.174312
0.395155
-0.261523
-0.310551
-0.071922
0.316956
0.278283
0.033353
0.297524
0.188340
-0.226069
0.302676
-0.283800
-0.096244
-0.137629
0.549985
0.168591
-0.018474
0.339682
-0.164711
-0.018442
-0.106110
-0.079639
0.147953
0.215824
-0.000325
0.090412
-0.151936
-0.368124
0.018527
0.242574
0.220994
0.363389
-0.356662
0.565345
0.097175
-0.287834
0.003163
0.180731
0.031334
0.014841
-0.133783
0.123569
0.019925
-0.028885
-0.100422
0.340022
-0.013778
-0.003730
-0.163263
-0.066330
-0.102790
0.020378
0.174592
0.597122
0.307889
-0.113560
-0.000675
-0.108587
-0.144697
-0.795476
0.058257
0.363450
0.236747
-0.207418
0.278858
0.523945
-0.156666
-0.071540
0.103943
-0.499852
0.146592
-0.118173
-0.294708
-0.007561
-0.396334
0.001379
0.047009
-0.436925
0.189141
-0.017860
-0.308600
0.190153
-0.009230
-0.285041
0.031073
-0.034189
0.135733
-0.244266
-0.391258
0.257871
0.162009
0.251266
0.082649
0.064518
-0.311594
0.106400
0.257965
-0.021173
-0.367505
-0.075887
-0.533683
0.260404
0.012141
-0.292462
0.131622
0.091920
-0.632034
0.093510
0.391937
0.281002
0.278630
0.154335
0.348376
-0.093133
-0.147889
-0.116346
0.424613
0.190093
0.043657
0.350329
0.003802
0.462618
-0.092820
0.057155
-0.025203
0.208778
0.026404
0.069516
-0.250600
0.156112
0.071443
0.039919
0.232334
0.178871
-0.005430
0.075525
0.260671
-0.413435
-0.170940
-0.204348
-0.071108
-0.093083
-0.037145
0.000248
-0.148660
-0.173456
-0.412266
0.310471
-0.028590
-0.321871
0.502288
-0.232468
0.155021
0.028380
-0.152710
0.580200
-0.319744
0.281838
0.092475
-0.164234
0.025814
-0.335325
0.026407
0.224782
-0.133172
0.229627
-0.009177
0.166812
0.196650
-0.495327
0.186952
-0.071323
0.012010
-0.187244
-0.037774
0.041825
-0.007224
-0.217973
0.248021
-0.170057
-0.099079
-0.216443
-0.236927
-0.358017
-0.031900
-0.187391
-0.113686
-0.175428
0.398498
0.318690
0.033335
-0.030149
-0.637314
0.176724
0.042628
-0.486220
0.204113
-0.189667
0.117722
0.071066
-0.025761
-0.009119
-0.105565
-0.279849
0.195037
0.080446
0.018734
0.025300
0.232437
0.242513
-0.050135
0.333962
-0.405790
-0.267106
-0.051944
0.001211
-0.306611
0.228309
-0.114270
-0.193775
-0.218416
-0.162325
0.122405
0.057057
0.447475
-0.106065
-0.135622
0.132190
0.022583
0.119815
0.273595
0.231823
0.001855
0.093355
0.496228
-0.495039
0.323191
0.257703
-0.341121
-0.306197
0.194141
-0.263875
-0.004510
-0.294555
-0.044027
-0.130606
-0.379723
0.005177
-0.118125
-0.226280
-0.105822
0.023291
0.338647
-0.097697
-0.209685
-0.290291
-0.127636
-0.249798
0.345933
0.043352
-0.180996
-0.287045
-0.099241
-0.038180
0.061513
-0.019999
0.328138
0.194586
-0.121345
0.009061
-0.080354
0.149985
-0.244995
0.209426
-0.040446
0.033616
-0.081648
0.006072
-0.185770
-0.140427
0.105707
-0.128033
0.284777
0.212470
-0.054075
0.189571
-0.144188
0.099481
-0.003723
0.091878
-0.266818
-0.033791
-0.168989
-0.118768
0.316143
-0.069809
0.066934
0.110145
-0.007619
0.044952
0.175875
0.087112
-0.038546
0.167362
-0.344930
0.094234
-0.553057
-0.379685
-0.001561
0.217717
0.182559
0.662043
-0.269938
-0.150000
-0.413978
-0.239967
0.279376
-0.196930
-0.197257
0.020785
0.140102
0.046168
-0.302663
0.023191
-0.065543
0.102840
-0.382788
0.071574
-0.032743
-0.055393
0.146717
0.149073
-0.163472
-0.121394
0.161255
-0.256862
-0.183097
0.160149
0.274252
-0.283178
0.190382
-0.599910
0.263885
-0.127343
0.376995
0.173654
-0.171150
0.081371
-0.217900
-0.241406
0.074022
-0.405008
0.190208
0.001239
0.188612
0.296889
0.027623
-0.224688
-0.068203
0.403143
-0.511375
-0.362046
0.026948
0.196339
-0.021339
0.222170
-0.193499
-0.273631
0.062401
0.336270
-0.119208
-0.054421
-0.082580
0.232014
0.037979
0.051244
0.054981
-0.053615
0.171495
0.129405
0.233678
0.138854
0.319757
0.249233
0.090441
-0.144179
-0.144491
-0.165189
-0.106774
-0.370772
-0.411643
0.126175
0.105294
-0.229547
-0.199903
0.070104
0.068722
-0.224375
-0.125761
-0.314208
-0.029993
-0.193234
-0.402073
-0.352484
-0.209213
0.135480
0.197953
-0.082323
-0.294817
-0.184346
-0.303047
0.044267
0.031972
-0.011569
0.143394
-0.253393
0.079645
-0.176348
0.015428
0.150411
0.089669
0.188963
-0.054717
-0.222154
-0.005064
-0.082345
0.155431
0.253096
-0.008274
0.255440
0.178307
-0.600279
0.034702
-0.064283
0.127415
0.126872
0.014522
-0.187951
-0.233967
0.011749
0.444320
0.076650
-0.018621
-0.438644
0.045687
-0.097265
-0.254657
-0.076281
-0.146013
0.014613
0.064248
0.414635
-0.227034
-0.166773
0.190080
0.175400
-0.167245
0.121372
0.144046
0.537389
-0.078152
-0.219168
0.242330
0.351905
-0.361654
-0.240798
-0.012192
-0.140297
0.219021
-0.165392
-0.339227
-0.350093
0.092547
0.053213
0.161671
-0.139419
0.044892
0.210420
0.093326
0.330133
0.221635
0.139526
0.281320
-0.747468
-0.346855
0.056266
-0.276380
0.215936
0.240354
0.119120
0.382902
0.067409
-0.405514
-0.241032
0.316293
0.284539
-0.156011
0.433833
0.423895
-0.157396
0.314951
0.190890
-0.050338
0.656676
-0.178494
-0.391035
-0.317633
-0.037317
0.216239
-0.016208
0.249680
0.058980
0.142761
0.247393
0.286656
0.186632
-0.318497
0.231691
0.218257
0.286272
-0.091676
-0.192680
-0.084095
0.310337
0.058167
0.317476
-0.169190
0.134877
0.010256
-0.392382
-0.008007
-0.513474
0.166884
-0.365022
-0.064665
-0.060267
-0.224259
0.179427
-0.072900
-0.212879
0.180480
-0.162640
0.187843
-0.213416
0.339036
-0.367027
0.098513
0.492291
0.078409
-0.047902
0.098612
-0.257868
-0.138648
0.268179
0.289007
-0.122668
-0.334577
0.019001
0.061831
0.112657
-0.360315
0.089642
0.253584
-0.077465
0.026752
0.718950
-0.114962
-0.181674
-0.184219
-0.198934
0.047747
-0.259274
0.166147
0.188759
-0.092888
-0.339395
-0.169145
-0.217620
-0.365033
0.175468
-0.061302
0.082994
-0.126952
-0.077663
-0.092271
0.214284
-0.036374
0.480811
0.129375
-0.450236
0.287152
-0.139254
-0.041637
-0.253683
0.025971
-0.498725
-0.005309
0.227231
0.182412
-0.292634
0.548730
0.601922
-0.133117
0.183923
0.039698
-0.101335
0.286751
-0.132422
0.379669
0.345803
0.866348
0.120172
0.369649
-0.094479
-0.115043
-0.177468
-0.016253
-0.264849
0.057568
-0.321429
-0.085578
0.281776
0.206630
0.004295
0.086679
0.055270
-0.121570
0.582616
-0.263882
-0.042621
-0.058217
0.148210
-0.117878
0.104720
-0.211864
-0.128694
-0.088764
0.225682
-0.087664
0.158219
0.283193
-0.261173
-0.021682
-0.103103
-0.055834
0.210989
0.039109
-0.064546
0.028508
-0.153095
0.237883
0.147352
0.425836
0.187544
0.270272
0.238310
-0.231403
0.427804
-0.262939
-0.138398
-0.165071
-0.298153
-0.058495
0.351275
0.272541
0.050019
-0.404833
0.034563
-0.086865
0.044143
-0.060288
-0.378153
0.221686
-0.160261
0.255521
-0.397422
-0.295540
-0.194251
0.046171
0.081424
-0.216880
0.437036
0.016611
0.021404
0.425416
-0.097690
-0.060936
0.347442
-0.414076
-0.351145
-0.024421
0.218208
-0.194528
0.154188
0.247260
-0.063470
-0.646052
0.196128
0.131896
-0.222380
-0.293516
0.626244
-0.292558
-0.325535
0.015964
0.036852
0.418224
-0.174561
-0.148224
0.045376
0.206219
-0.403017
-0.283381
0.166018
0.464434
-0.189434
0.534251
-0.008098
-0.104368
0.110382
0.064308
-0.111117
0.007613
0.106971
0.517106
-0.143852
0.262622
-0.049002
-0.144888
-0.115825
0.157836
-0.053233
0.076371
0.031500
0.277042
0.386900
-0.307799
-0.198128
0.084519
-0.223014
-0.365527
-0.042830
-0.173125
0.041771
0.075249
0.053132
0.021569
0.538126
-0.403695
-0.094153
0.023807
-0.075815
-0.251074
-0.039322
-0.210670
-0.079728
0.147563
0.236975
-0.042241
0.242314
0.022151
-0.062627
0.132425
0.012655
0.081506
0.455668
0.028706
-0.107458
0.182679
-0.032655
0.032231
0.431361
-0.198128
-0.186653
0.471609
-0.000335
0.097863
-0.056437
0.018065
-0.120413
0.073279
-0.011834
0.118831
0.002769
-0.404651
-0.026997
-0.430597
-0.114347
-0.436191
-0.134566
-0.052793
0.124964
-0.034509
-0.073026
0.020922
-0.298212
-0.446360
0.228846
0.237809
0.115717
0.462709
0.152010
0.087725
0.230275
-0.105373
-0.062374
-0.172603
-0.440440
0.437768
-0.530870
-0.114556
-0.280891
0.091793
0.208515
-0.026509
-0.252353
-0.040466
0.093651
0.230922
0.141471
-0.014416
-0.379795
0.228297
0.039881
-0.623843
0.325304
0.119766
0.135225
0.455454
-0.163543
0.080663
0.159099
0.322997
0.113855
-0.219202
-0.056066
-0.120857
0.100353
0.072137
-0.302674
-0.027372
0.224281
-0.377153
-0.214152
0.125686
-0.412354
0.133957
-0.098672
0.204982
0.183062
0.035012
-0.321211
-0.116899
0.683518
-0.130846
-0.158862
-0.176959
0.404374
0.123311
-0.193299
0.139693
-0.097546
0.026641
-0.356869
0.228049
-0.485707
0.173571
0.031840
0.226826
-0.212033
0.015629
-0.039641
0.099051
-0.060043
0.072913
-0.254934
-0.355423
0.110059
0.127953
0.150841
-0.249236
0.121497
-0.139003
0.003540
-0.402021
0.027106
-0.112125
-0.098171
0.290544
0.135711
0.080800
-0.168869
-0.046220
-0.144540
-0.329612
-0.097403
-0.296233
0.038287
-0.141165
-0.354177
-0.262068
-0.427695
-0.298048
0.131169
-0.302991
-0.034871
0.065528
0.234136
-0.234399
0.406863
0.043058
0.113861
-0.286507
0.352065
-0.291483
-0.210258
0.083387
-0.318450
-0.332810
-0.354830
0.386516
0.076031
-0.136978
0.016816
0.043191
-0.062717
0.135195
0.086879
0.099367
0.001771
-0.036289
-0.288059
0.191926
0.043155
-0.030041
0.408589
-0.198044
0.024881
-0.084341
-0.082852
-0.018136
0.228231
-0.031119
0.420645
-0.040107
0.120122
0.005811
-0.222366
0.202357
-0.062000
0.062509
0.014313
-0.251461
0.186802
-0.065560
-0.182249
0.246185
-0.591742
-0.156458
0.198908
-0.048441
0.001753
0.094945
0.285344
0.031170
-0.555344
0.027815
0.161225
0.523696
-0.309157
0.232470
0.111980
-0.024891
-0.283996
0.018986
0.110667
-0.160921
-0.076444
0.127084
0.148373
-0.368178
0.147386
0.171181
0.207341
0.018896
-0.018308
-0.053464
-0.132485
-0.090454
0.067992
-0.088997
-0.094675
-0.037858
0.352368
0.424483
-0.103658
0.154727
0.227736
-0.256193
0.191200
-0.451010
-0.163545
0.242853
0.247732
0.174089
-0.260447
-0.152417
0.196805
0.033030
-0.034717
-0.345019
-0.245709
-0.166620
0.206380
-0.309935
0.307425
0.467427
0.058760
-0.358491
0.068130
-0.180917
-0.223251
-0.285711
-0.039850
-0.278230
-0.096707
-0.275795
0.146153
0.287536
0.085564
-0.059616
-0.064233
-0.174468
-0.166721
0.081681
-0.234964
0.032207
0.247263
0.159141
-0.016717
0.214400
-0.025654
-0.139572
-0.054794
-0.286457
0.161030
-0.296449
-0.045561
-0.096928
0.215665
-0.040895
0.201343
-0.377543
0.150036
0.196867
-0.089775
-0.046836
-0.016187
0.303483
-0.164261
0.317459
-0.129440
-0.267407
-0.015351
-0.023879
-0.103333
0.264165
0.223989
0.502122
-0.070594
0.086231
0.097689
-0.182887
0.465325
-0.205469
-0.170190
0.049210
0.233331
-0.015111
-0.141385
0.134735
-0.039119
0.119483
-0.273710
0.319458
-0.139983
-0.422719
-0.020337
0.080093
-0.002744
0.136478
-0.480187
-0.262334
0.104017
0.172841
0.084225
0.144497
0.322644
0.200446
0.064657
0.378259
0.279131
0.018082
-0.045838
-0.183961
-0.185909
0.171497
-0.128664
0.236692
-0.203657
0.081282
-0.435683
-0.342126
0.174974
0.308702
0.033202
0.427419
-0.004351
0.080222
0.096960
-0.357437
0.376893
0.193511
-0.220085
0.361279
-0.081404
-0.506336
-0.063851
0.473307
-0.328961
-0.079111
-0.551131
-0.124235
0.135072
0.328628
0.008524
-0.038896
0.154129
0.598433
0.437948
0.201955
-0.283581
-0.046982
-0.115633
-0.300364
0.108362
0.083726
-0.251361
-0.191194
-0.458213
-0.035471
0.328931
0.213465
-0.264199
0.251645
-0.327347
-0.053950
0.192493
-0.223450
0.142829
0.381737
-0.242027
-0.104593
-0.062089
0.234504
-0.116607
-0.370819
-0.094785
0.101572
0.190331
0.358184
0.409967
-0.165596
0.275578
-0.274114
-0.002810
-0.068263
0.145867
-0.279647
0.274291
0.385505
0.035756
-0.388743
-0.004685
0.028851
0.240199
-0.124462
0.280723
0.031917
0.008299
0.078355
-0.024536
0.175727
-0.074956
-0.041112
-0.094991
0.692665
0.174115
0.058431
-0.341544
0.180682
-0.179364
0.397801
0.060447
0.044566
-0.156522
0.161664
0.227849
0.053990
-0.116429
0.209331
0.532033
0.303569
-0.149070
-0.191148
0.123268
-0.145462
-0.224011
0.247327
-0.197577
-0.220515
-0.167764
0.635754
0.043908
-0.191344
-0.376837
-0.169190
-0.047829
0.116029
0.111420
0.242571
-0.420784
0.353057
0.096134
0.269161
-0.005692
-0.259909
-0.009034
0.073856
0.293045
0.171020
0.337222
0.074258
-0.299871
-0.339321
0.060128
-0.011181
0.461403
0.237284
-0.152554
-0.010319
0.171282
0.189019
-0.085396
-0.091333
-0.449319
-0.156352
0.297724
-0.504186
-0.128964
-0.000590
-0.216308
-0.130880
0.558486
-0.022909
-0.087751
-0.245747
0.241093
0.323867
0.065320
0.105882
0.224174
0.196905
-0.171875
-0.051625
-0.076749
-0.156403
-0.168589
-0.255638
-0.123375
-0.034554
-0.192067
-0.222243
0.209617
-0.136213
0.455690
-0.246376
0.365981
0.168686
-0.326243
-0.077533
-0.171646
0.103477
0.149345
0.067675
0.132174
0.032898
0.028184
0.275977
0.015923
-0.238309
-0.235693
-0.268875
0.068997
0.096001
-0.346720
-0.103824
-0.513013
0.049836
0.262485
0.267235
-0.271937
0.031123
0.015548
-0.156509
-0.011300
-0.409149
-0.106589
-0.095437
-0.168222
0.093946
-0.056932
-0.268485
-0.409736
0.107290
0.116552
-0.125948
0.157665
0.251486
-0.436797
0.158247
0.549653
-0.424762
-0.428236
-0.305675
0.010408
-0.300501
-0.419673
-0.045524
0.151288
-0.200253
-0.096462
-0.066180
-0.082306
-0.426138
-0.054364
-0.075104
-0.105137
0.319661
-0.015196
0.200087
-0.150775
-0.167614
0.095977
-0.184687
0.096282
-0.101124
0.510421
-0.012243
-0.156506
0.618723
0.070873
0.057129
-0.137857
-0.215368
0.042018
-0.026208
0.037807
0.415870
-0.008906
-0.261148
0.173127
0.178392
0.033744
-0.352599
0.429810
-0.289694
-0.219627
0.341562
-0.005016
-0.631315
-0.053051
0.198437
-0.220064
-0.308437
0.232045
-0.225160
-0.204686
0.067019
0.291747
-0.485992
0.321879
-0.067500
0.131025
0.491597
-0.191342
-0.093128
-0.351302
0.064514
-0.461390
0.216010
0.270447
-0.230437
-0.093577
-0.201043
0.488334
-0.227889
0.059876
-0.397103
0.200948
-0.211446
-0.069752
0.222635
0.184316
0.801365
0.377118
0.049193
0.065051
-0.146015
-0.428287
0.143487
0.377164
0.246362
0.216351
0.223719
0.301495
0.323522
0.073698
0.290996
0.412367
-0.174197
-0.413383
-0.007578
0.063215
-0.014379
0.111629
-0.051693
-0.003588
0.057788
0.155434
0.203091
-0.174686
-0.122520
0.193089
0.056541
0.413070
-0.351629
-0.505039
-0.355978
0.040909
0.120693
-0.357403
0.164053
0.037944
-0.121383
0.087004
-0.256293
-0.146916
0.103883
-0.294591
0.055827
-0.025766
0.238009
-0.328848
0.227238
0.008547
-0.027815
0.145850
-0.023068
0.233354
0.040491
0.136042
0.245917
0.376393
-0.026594
-0.026540
0.424227
-0.027142
0.206909
-0.577120
-0.426409
0.236659
-0.421974
0.031520
-0.219021
-0.245291
-0.422043
-0.151232
-0.221600
-0.475313
0.548189
-0.130166
-0.073501
0.111422
0.142546
0.345546
0.398263
-0.197969
-0.091116
0.262085
-0.065530
-0.386748
0.379106
-0.012565
0.387921
-0.201795
-0.358532
0.020036
-0.036560
-0.251232
0.282120
-0.367566
0.272046
-0.044129
-0.036933
0.100019
-0.108713
-0.094075
0.372176
0.015650
0.133236
0.152545
0.177901
-0.160561
0.211668
-0.319059
0.147454
-0.039310
0.197138
0.395644
-0.047179
-0.203017
-0.264328
-0.368549
-0.025279
0.283444
-0.057485
0.132493
-0.502741
0.553692
0.120338
-0.062534
-0.154645
0.212852
0.139988
-0.073751
-0.119392
0.038146
-0.074943
-0.087360
-0.415028
-0.030598
0.149400
-0.253796
-0.036302
0.013526
0.086005
0.273317
-0.133927
-0.203855
0.060065
-0.042451
-0.132936
-0.310029
-0.016662
-0.211676
-0.156068
0.047755
-0.278146
-0.296586
0.010588
-0.019750
-0.150860
0.245764
-0.184441
-0.016712
-0.431282
-0.399445
0.413848
0.649714
-0.112989
0.279701
0.021649
-0.157389
0.014882
-0.184112
0.454063
-0.323477
-0.276459
-0.270642
-0.157353
-0.343992
0.106983
-0.151954
-0.094558
0.433266
-0.167157
-0.025449
0.027994
-0.396003
-0.231749
0.284769
0.178340
0.021708
-0.068801
-0.111851
-0.343416
-0.239400
0.055575
0.139427
-0.094480
0.135467
-0.303653
0.199339
0.180538
0.124904
0.058806
-0.528030
0.249478
0.048598
0.009054
0.077332
0.002297
0.135084
-0.211256
-0.192348
0.170666
-0.162372
-0.032556
0.210406
0.061920
0.086441
0.182142
-0.060717
0.034829
0.160290
-0.230591
-0.067128
-0.119203
0.312970
-0.183092
0.316548
0.373637
0.148514
0.351800
0.100603
0.044602
0.011562
0.455816
0.036491
-0.101068
-0.083664
0.301023
0.381274
-0.138022
0.339470
0.334021
0.011957
0.406378
0.246248
-0.010279
-0.138864
-0.457970
0.158921
0.011816
-0.034852
-0.052873
-0.100312
-0.143849
0.103776
-0.332339
0.306220
-0.062789
-0.514703
-0.196427
0.027145
0.563759
0.081416
0.116460
-0.009546
0.013075
0.060881
0.188823
0.058238
0.271852
0.417551
0.389539
0.118225
-0.445251
-0.238008
0.357074
-0.351786
0.148299
0.095965
0.259204
0.277202
-0.185537
-0.053497
-0.086176
-0.164834
0.108016
-0.128424
-0.103327
0.188715
-0.085454
-0.029556
0.095939
0.084331
-0.268561
-0.056348
-0.053848
0.103625
0.110458
0.123959
-0.147688
0.211567
-0.211833
0.404316
-0.160989
0.054211
-0.333563
0.140436
-0.370790
-0.062089
-0.168765
0.320133
0.016201
-0.057976
-0.262114
0.185926
0.454974
-0.067261
-0.127483
0.339719
-0.088888
0.168293
0.034325
-0.164397
0.260154
0.580122
0.460847
0.073065
0.155077
0.375484
0.192150
0.034808
0.349120
0.369018
-0.130116
0.297442
0.362858
-0.092978
-0.398752
-0.289142
0.078703
0.137445
-0.119273
-0.301093
-0.163753
-0.264989
-0.602327
-0.388377
-0.108867
-0.198747
-0.404927
0.002632
-0.695259
-0.680147
-0.229781
-0.744204
-0.800643
-0.334967
-0.289151
-0.345401
-0.283215
-0.438933
-0.015166
-0.016774
0.038366
-0.358015
-0.012716
0.130270
-0.135730
-0.045881
0.422874
0.440769
0.501542
0.800231
0.440324
0.444613
0.592349
0.501746
0.391352
0.053635
0.302399
0.260901
0.385405
0.335985
0.147155
0.414348
0.626070
0.818355
0.005313
-0.325748
-0.139563
0.474767
0.165846
0.100062
0.112794
-0.176915
-0.221554
0.067804
-0.470976
0.058791
0.043460
-0.247444
-0.309371
-0.234873
-0.124219
-0.203372
-0.231769
-0.521155
-0.298064
-0.287489
-0.293808
0.055956
0.144215
-0.135297
-0.263198
-0.170964
-0.008495
0.053591
0.022609
0.264298
0.161173
0.054403
-0.005411
-0.271604
0.181310
-0.045063
0.089825
-0.050548
-0.415336
0.737598
-0.229275
0.207765
0.517239
0.048735
0.187414
-0.002795
-0.180176
-0.495039
-0.430925
-0.416366
0.030286
-0.548443
-0.257145
0.513651
-0.276325
-0.028400
-0.369785
0.193751
-0.244666
0.206203
0.260138
0.267088
0.423019
0.246211
-0.587927
0.158026
0.300547
0.155209
-0.105216
-0.085396
0.094581
-0.245163
-0.405999
-0.172614
0.214108
-0.073646
-0.045713
-0.195000
0.262859
-0.400369
0.098349
-0.377057
0.070602
-0.148125
-0.368140
0.473826
0.224477
0.018228
0.298378
-0.703346
-0.326344
0.177065
0.033497
0.104000
0.469080
-0.187379
-0.187586
0.344491
0.115344
0.165323
-0.130298
-0.069872
0.314533
0.347817
-0.077559
0.231225
-0.252715
0.144438
0.161469
-0.066306
0.378589
-0.224296
0.267722
-0.256102
-0.191688
-0.158451
-0.183629
-0.098403
-0.151102
0.106218
0.029324
0.212205
-0.221906
-0.015304
0.472308
0.112879
0.392813
-0.110763
0.304672
-0.528877
0.363694
0.181321
0.067616
0.335396
-0.076684
-0.179499
0.131394
0.343351
-0.084348
0.008441
0.246913
0.254266
0.006709
0.006594
-0.076940
-0.366543
-0.254070
-0.087434
-0.427983
0.515310
-0.118985
-0.098486
0.252085
-0.512134
-0.288976
-0.245710
0.250531
0.356412
-0.146041
0.172991
0.381571
0.120632
0.308867
0.457593
-0.220325
0.188528
-0.105794
0.075655
0.116901
0.228183
0.035635
0.323833
0.408679
0.203096
0.111442
-0.025531
0.109425
-0.089701
0.461609
0.063155
-0.232666
-0.094795
0.411163
-0.128580
-0.051447
0.021943
0.290998
0.589205
0.098215
0.458691
-0.310633
-0.356388
-0.334634
0.297380
-0.180991
0.387424
0.047890
0.123199
0.125839
-0.249506
0.011329
0.009774
0.228617
-0.425727
-0.029921
0.046899
0.013008
-0.039437
-0.452667
-0.114583
-0.499354
0.164343
0.339922
-0.093525
-0.092883
0.402802
-0.135254
-0.183014
0.242037
0.194699
-0.101764
-0.263139
0.134821
-0.218413
0.266185
-0.023040
-0.288124
0.359498
-0.239148
0.003203
0.192822
0.265006
0.200900
-0.128686
0.100044
-0.199130
-0.185526
0.250366
-0.167925
0.068093
-0.279666
-0.213809
0.138194
0.050246
0.095359
-0.200111
0.174597
-0.087047
-0.046525
0.274531
-0.080682
0.133106
-0.209535
0.332428
-0.177213
-0.128996
0.064274
-0.120141
0.315131
0.198006
-0.085405
0.098458
0.367556
0.393896
-0.028969
-0.274118
-0.224548
0.205979
-0.115206
0.392385
0.053303
-0.030328
0.088402
0.239650
-0.423360
0.008571
-0.293153
0.037721
-0.070559
0.033876
0.180192
-0.035937
-0.387085
0.397300
0.465985
0.151829
-0.053072
-0.433542
-0.208491
0.002765
-0.356469
-0.015550
0.160505
0.120986
0.352957
0.249193
-0.141265
-0.111357
0.058110
-0.269119
0.180306
-0.208331
0.086747
-0.070381
-0.094775
0.173680
-0.121637
0.039564
0.024568
-0.281847
-0.356072
-0.055376
0.306701
-0.401225
0.287747
0.057726
0.426254
0.315072
-0.100410
0.110112
-0.332593
0.343266
-0.016780
0.154427
0.195908
-0.399957
-0.013947
0.035052
0.106524
-0.029315
0.425379
-0.059003
-0.003205
-0.424911
-0.230884
-0.129586
-0.043281
-0.486694
0.194841
-0.213995
-0.288789
0.219730
0.116803
-0.443905
0.107773
-0.230582
0.019820
0.032745
0.195269
0.198522
-0.168856
-0.184890
0.267229
-0.167071
0.230295
-0.080073
-0.391234
0.118063
0.005382
0.174822
-0.320902
0.073140
-0.103272
0.352186
-0.010645
-0.212781
-0.182933
-0.111282
-0.113132
-0.166425
0.213847
-0.236885
0.239433
-0.056543
0.071713
0.133556
0.253538
-0.153049
0.364489
-0.251866
0.222737
0.116071
0.427147
0.164231
-0.144786
-0.042311
0.407892
0.381963
-0.024349
-0.196865
-0.248641
-0.189908
0.133390
0.070040
0.149476
-0.138667
0.255367
0.037564
-0.158374
-0.270375
-0.294150
-0.075496
0.072886
-0.058727
-0.028783
0.086307
0.047590
0.141800
-0.278117
-0.320858
-0.113005
-0.233116
0.420228
-0.344756
0.110592
-0.080332
-0.342797
-0.032722
-0.238026
0.093001
-0.214169
0.154291
0.190728
-0.604685
-0.380185
-0.097645
0.095227
0.078135
-0.116263
0.311174
0.077390
-0.022176
0.162105
0.106128
-0.141801
-0.360376
0.089159
-0.076391
0.092927
0.309489
0.500699
0.024645
0.011503
-0.483402
-0.052493
0.078354
-0.046294
-0.055467
-0.327147
0.075913
-0.294789
0.166608
0.337943
-0.182517
-0.273234
0.389402
0.000019
0.066090
-0.684733
0.070013
0.046328
0.087111
0.406624
0.251634
-0.357357
0.326719
-0.001510
0.060190
-0.089441
-0.081213
0.159283
0.074114
-0.006175
-0.088176
0.016514
-0.081951
-0.096584
0.155209
-0.259592
0.004004
-0.235763
0.240695
0.273784
-0.089643
-0.046304
-0.359659
-0.355721
0.066667
-0.083144
-0.246427
0.425751
0.264130
0.149495
0.015320
0.100262
0.470415
0.145576
-0.439248
0.120107
0.443191
0.055963
-0.065260
0.156597
-0.120503
0.042988
-0.078917
-0.174183
0.392547
-0.067920
0.124911
0.912406
0.125803
-0.332652
0.352765
-0.078466
0.500070
-0.108718
-0.379312
-0.101834
0.244108
-0.190375
0.036850
-0.324644
0.130497
-0.191862
-0.041004
-0.218550
0.063709
-0.577293
0.244003
0.081314
0.328380
-0.033166
0.164448
0.027606
0.586162
0.238333
0.118872
-0.316386
-0.189168
0.199417
-0.462334
-0.183168
-0.084193
0.687296
0.479234
-0.115013
-0.039782
-0.326821
0.016728
-0.451482
-0.524626
-0.056297
0.223512
0.024024
0.003650
-0.297491
-0.372990
0.283508
-0.233212
0.034770
-0.125575
0.297259
0.183288
-0.285252
0.166163
-0.074945
-0.009045
0.014253
0.619624
-0.122039
-0.416143
0.161225
0.053074
0.356192
0.479767
0.158744
-0.241912
-0.499451
0.041847
-0.364232
-0.201317
0.580421
-0.005638
0.066153
-0.075962
0.123842
0.081151
0.235040
-0.050179
0.289670
-0.081990
-0.218015
-0.130399
0.013195
-0.039455
0.019782
0.016909
-0.079265
0.094368
-0.408725
0.332569
0.013674
-0.591115
0.005125
-0.028497
0.094867
-0.107909
-0.153597
-0.170268
0.397516
-0.007209
-0.075323
-0.083798
-0.198105
-0.011800
-0.130774
-0.192259
0.173974
0.110268
-0.267356
-0.078394
-0.206421
0.441767
0.009352
0.241048
0.147610
-0.085403
-0.006917
-0.128456
-0.086689
0.265826
-0.781580
0.101779
0.175603
-0.115221
0.082112
-0.066407
0.222009
-0.170879
0.066758
0.049452
0.316181
-0.036680
0.360777
-0.181618
0.550237
0.132107
-0.095827
0.444897
0.031878
-0.276910
-0.155110
0.095379
0.460551
-0.441259
-0.294213
-0.188275
-0.395711
0.280450
-0.354443
-0.043173
-0.281394
0.525193
0.352328
0.152234
-0.027379
-0.466233
0.227390
0.145269
-0.267980
-0.091718
-0.413414
-0.221004
0.400682
0.174711
-0.511873
-0.293130
0.170615
0.117672
0.546277
-0.341044
0.114082
0.144221
-0.083179
-0.098764
-0.012588
-0.070801
-0.347474
-0.329957
-0.375172
-0.161459
0.213095
-0.045990
-0.312868
-0.598590
0.083377
0.231580
0.193711
0.025117
0.103695
-0.025062
-0.074556
0.018331
-0.074714
-0.289804
-0.203223
-0.157717
-0.162664
0.141130
-0.186961
0.162672
0.118026
0.293337
-0.128910
-0.027206
0.070014
-0.338799
0.045344
0.212001
0.008441
-0.113813
0.072442
0.001827
0.128834
0.079465
-0.245669
0.200090
0.011353
0.050286
0.310148
-0.316830
0.023394
-0.222748
-0.141561
0.302754
0.018037
0.410442
-0.365619
-0.097742
-0.070492
0.186647
-0.243514
-0.291813
-0.273628
-0.427877
-0.069950
-0.316550
0.327322
0.152046
0.244271
0.017756
0.009504
-0.103699
-0.102529
0.344413
-0.186697
0.108565
-0.018799
0.320510
0.088476
0.221980
0.172560
0.096369
0.065601
0.269130
0.109027
-0.506269
-0.422255
-0.164866
0.016996
0.471568
-0.046032
-0.404840
0.227173
0.159821
-0.047327
-0.317043
-0.156598
-0.073984
-0.168166
0.087089
-0.112128
-0.320086
-0.209243
0.075091
-0.295352
-0.203442
0.568974
-0.024609
0.027963
-0.457643
0.075430
-0.009948
-0.270351
0.296721
0.169463
0.225981
-0.285701
-0.058668
-0.179773
-0.126625
-0.097710
-0.074895
-0.159844
0.304732
-0.026546
-0.089030
0.278659
0.055456
0.082289
0.097485
0.205493
0.012625
-0.256796
-0.107448
-0.230713
0.464785
-0.509480
0.418052
0.237437
-0.088651
-0.027473
0.349520
-0.463707
0.232899
-0.387922
0.154285
0.105287
0.100595
-0.435665
-0.102742
-0.032747
-0.381335
-0.360405
-0.083435
-0.522329
-0.009900
0.224382
0.080639
0.058590
-0.000833
-0.218186
-0.120594
0.608429
-0.125132
-0.194381
-0.357742
-0.322336
0.071293
0.016008
0.243525
-0.167898
0.127576
0.010675
-0.405512
-0.287495
0.403918
-0.357204
0.392518
-0.076950
0.202241
0.111538
-0.057119
0.207486
0.067693
0.097980
-0.088441
0.059655
0.048721
0.407425
-0.038240
0.152468
0.224432
-0.114868
0.086290
0.066489
0.234204
0.081902
0.450174
-0.206022
0.443502
0.330188
0.577620
0.036067
-0.180167
-0.066722
0.240177
0.135967
-0.228322
-0.062626
0.247902
0.491153
0.098539
-0.088204
-0.068431
0.432846
0.046530
-0.136512
0.130655
0.159372
-0.161466
0.089507
0.020539
0.081531
0.254916
-0.109040
0.014837
0.036183
0.047821
0.134885
0.025303
0.137775
-0.057315
0.021788
0.076521
-0.044349
0.122335
0.331872
-0.012887
0.041203
0.367794
0.125207
-0.153350
-0.060368
0.046940
0.046076
0.079361
-0.091394
0.185617
-0.165535
-0.028019
0.288916
-0.044060
0.100579
0.360151
-0.222602
0.520433
-0.152301
0.074476
-0.705262
-0.106585
-0.151454
0.282816
-0.032956
0.312300
0.227998
0.222005
0.164986
0.199422
0.507479
0.008434
0.010530
0.193277
0.156308
-0.133453
0.214266
0.001706
-0.082060
0.007569
0.576552
0.322619
-0.056110
-0.106360
-0.048231
0.022921
-0.197164
-0.265936
-0.249885
-0.242901
0.377774
-0.114571
-0.110760
0.171888
0.014771
0.404578
-0.187331
0.052162
0.011058
-0.092242
0.046979
-0.192509
-0.356833
0.234030
0.367760
0.049468
0.088912
0.229788
0.199952
0.023176
0.172004
-0.055015
0.363686
0.423648
-0.208005
-0.313596
-0.324799
-0.033270
-0.102792
-0.055418
0.272855
0.155540
-0.002946
-0.007333
-0.087504
0.147226
0.025636
0.026043
-0.440335
-0.249016
-0.340076
-0.167504
0.166013
0.179618
-0.466962
-0.518927
-0.061009
0.261670
-0.083193
0.020718
0.308949
-0.148848
-0.371865
0.037844
0.372127
-0.129184
-0.193847
0.136658
-0.180795
0.294043
-0.396948
-0.108583
-0.071638
-0.171719
-0.035075
0.009369
0.526367
-0.123182
-0.142843
-0.065473
-0.239462
0.260356
-0.018426
0.023277
-0.030587
0.174392
0.120179
0.100653
0.258826
0.011014
0.082388
0.204865
0.357144
0.211160
0.199365
0.367562
-0.393023
0.190882
0.032547
0.132097
-0.081542
0.106365
0.047259
0.177465
-0.244502
0.141962
0.276160
0.261360
0.091043
-0.029713
-0.255483
-0.148813
-0.083448
0.462723
-0.102067
-0.377915
0.108587
0.248775
0.213759
0.223973
0.037812
-0.223850
-0.192324
0.048742
-0.106732
-0.063334
-0.124811
0.008996
-0.224415
-0.215570
0.138269
-0.070390
-0.155102
0.064557
-0.153299
0.270754
-0.341762
-0.039920
-0.181767
0.231605
-0.014912
0.257296
0.132790
0.094611
-0.631517
0.312417
-0.269567
-0.428874
0.017706
0.067185
0.151351
0.187140
-0.193179
0.034192
0.031676
-0.353515
-0.195940
0.568387
-0.009148
0.059512
0.424854
-0.150920
0.026929
0.198961
0.029971
0.139434
-0.018105
-0.063871
-0.522561
-0.143302
-0.282390
0.522631
-0.218768
-0.039029
0.351461
0.191064
-0.255003
0.100445
0.096379
-0.043931
-0.461358
-0.564323
-0.595548
0.452980
-0.192308
-0.084103
0.140463
0.128667
-0.269512
-0.220169
0.075668
0.049408
0.026086
0.091495
-0.430205
0.292880
0.364981
-0.095837
-0.163937
0.181302
-0.052284
-0.339672
0.153988
0.094282
-0.246619
0.280035
0.029291
0.550322
-0.137582
-0.070464
0.249794
-0.051249
-0.179896
-0.027627
-0.310353
-0.126326
-0.086726
-0.380350
-0.121929
-0.065609
-0.028524
0.322387
-0.216024
-0.085899
0.111582
-0.243115
-0.068107
-0.321394
-0.506891
0.061761
0.305206
0.183835
0.013621
-0.102198
0.616710
-0.020451
0.188211
-0.092150
0.218990
0.106499
0.031660
-0.061894
-0.040896
0.301287
-0.269339
0.450557
0.159690
-0.051254
0.097640
0.430254
0.220825
-0.124071
0.143151
-0.178921
0.167599
0.342485
0.090043
-0.153783
0.049745
-0.249654
-0.085073
0.243509
-0.313189
0.464205
0.184267
-0.091134
0.134307
0.555886
-0.013019
0.477090
-0.265757
0.134922
-0.233840
-0.080744
0.703097
-0.104676
-0.003550
0.094804
-0.316389
-0.054073
-0.174753
-0.514173
-0.297652
0.258888
0.122854
0.208882
0.063464
0.039076
-0.036586
-0.341643
-0.068455
0.461944
-0.090890
-0.004396
0.027961
-0.225791
-0.068701
-0.495670
-0.005117
-0.005529
-0.627612
0.020907
-0.145623
0.230259
0.131241
0.496646
0.162553
0.115935
-0.386382
-0.282311
-0.022821
0.251001
-0.133794
0.102992
-0.080909
0.261722
-0.211852
0.320464
0.100678
0.093311
0.252012
-0.094088
0.140928
0.244999
0.257856
-0.206596
0.133584
-0.434125
-0.280890
0.404097
-0.196510
0.197507
-0.167137
0.017548
-0.310663
-0.015712
0.111424
-0.039273
0.110385
-0.298843
0.072302
-0.005081
0.132700
-0.081928
-0.121542
-0.136597
-0.083589
0.262064
0.087949
0.307465
0.208779
-0.080755
-0.192422
0.008180
0.232017
0.276893
0.450857
-0.394482
-0.041348
0.118444
0.111863
-0.260178
-0.189029
-0.126720
0.067810
0.284936
-0.032349
0.454512
-0.268006
-0.115802
-0.217664
-0.310813
0.042551
0.192111
-0.080763
0.008668
-0.184563
-0.218141
-0.213559
-0.000569
0.186999
0.420064
-0.063451
0.033329
-0.276221
-0.207451
-0.211191
-0.178615
-0.213701
-0.566941
-0.510703
0.113792
-0.534950
0.093980
-0.187500
0.148599
0.020907
0.028455
0.023764
0.013043
0.227278
-0.378522
0.252726
0.208765
-0.015017
0.058816
0.008656
-0.093660
-0.200928
0.138569
0.267168
0.183367
0.115972
0.120908
-0.165625
0.201115
-0.275649
-0.202065
0.083570
0.331310
0.056233
0.058042
-0.198688
-0.245967
-0.267547
0.679707
-0.408005
0.196144
0.125135
-0.132117
-0.180666
0.121952
0.087208
0.131211
0.082102
-0.004045
0.014214
0.111530
-0.051488
-0.056164
-0.351039
-0.411522
-0.250106
-0.006506
0.132791
0.388651
0.172035
-0.781125
0.191554
-0.093619
0.255498
0.397818
0.123061
0.178085
0.025462
-0.503048
-0.167843
-0.602143
0.201546
-0.117302
0.238828
-0.180694
-0.087835
0.211734
-0.078513
-0.031465
-0.438556
-0.299914
0.134781
-0.156765
-0.548609
-0.001555
-0.227117
0.207537
0.047960
0.257573
-0.075218
0.268255
-0.053594
0.542275
-0.315069
0.008323
-0.164231
-0.509103
-0.419868
-0.219693
0.099962
-0.046297
0.096394
0.061956
-0.157502
0.227887
0.143280
0.178483
0.164756
-0.044493
0.083223
0.210022
-0.346743
0.031435
-0.412312
0.378815
0.285868
-0.163200
-0.237793
0.174405
-0.003516
0.147881
0.119480
0.218334
-0.192170
-0.108200
-0.302431
0.113419
0.463041
-0.094964
-0.113957
0.263709
0.006411
0.370160
-0.053735
-0.114258
0.053359
0.004316
-0.188569
-0.136404
0.463099
0.266446
-0.085079
-0.307633
0.383298
0.051579
0.270106
0.009501
0.077331
-0.503273
-0.042918
-0.286907
-0.070135
0.139077
-0.096052
-0.369120
0.042735
0.226769
-0.087072
-0.139080
-0.152407
0.111175
0.214480
0.674542
-0.034751
-0.077106
0.380885
-0.298222
0.261486
-0.050341
-0.181325
0.082547
0.034232
0.182910
0.048311
-0.319016
-0.221155
0.042946
-0.085636
-0.265937
-0.038458
0.195794
0.144294
-0.074130
-0.340699
0.394383
0.119757
0.052308
0.043457
0.094048
-0.100516
-0.013961
-0.299944
0.218056
-0.230589
-0.139002
-0.522063
0.234921
-0.164393
0.110228
0.262942
-0.188624
-0.021622
0.199744
-0.347035
-0.093942
0.346220
0.106698
0.642970
-0.007568
-0.198689
-0.171333
0.494482
0.077966
-0.053164
0.007156
0.076153
-0.530124
-0.308868
0.205484
-0.159624
0.204689
-0.166350
0.177706
-0.119654
-0.112164
0.305216
-0.100689
-0.149951
-0.191614
-0.099363
-0.206691
-0.027154
0.101413
-0.126197
-0.037624
-0.117948
-0.140439
-0.137220
-0.245802
0.067314
-0.310830
-0.331004
-0.384867
0.133712
0.438060
-0.044355
-0.073178
-0.073595
0.272298
0.085099
-0.114766
-0.034541
-0.125458
0.273511
0.125503
0.052033
-0.108272
-0.044809
0.369553
-0.263838
0.064285
-0.454184
0.205179
0.107809
-0.039619
0.055438
-0.199284
-0.086036
-0.233564
0.175782
-0.008474
-0.406783
-0.233105
-0.156308
-0.052375
0.051070
-0.080341
0.111749
0.114440
0.088430
0.102959
0.345931
-0.043686
0.104450
-0.071806
-0.221501
-0.239575
-0.271822
0.096195
0.132619
0.195745
0.045567
0.007209
0.097936
0.075879
0.093397
0.080863
0.517961
0.132833
-0.708021
-0.216753
-0.161139
0.640229
0.195626
0.149805
0.059895
-0.264309
-0.202279
0.023236
0.069397
-0.095772
-0.114385
-0.250252
-0.432865
0.337546
-0.210811
-0.300495
-0.275121
-0.058766
-0.266067
-0.167305
0.053094
-0.420258
0.140782
0.053269
-0.193750
0.047419
-0.010506
-0.356186
0.304505
-0.034510
0.200070
-0.070997
0.269139
0.086135
0.046145
-0.041386
-0.563837
0.053512
-0.227248
0.054970
0.031412
-0.185695
0.334051
0.359409
-0.075186
0.391118
0.087487
0.210877
-0.037773
-0.105801
0.054818
-0.108990
0.463147
-0.082727
0.194398
0.036993
0.326111
-0.100733
0.105897
0.115380
-0.147884
-0.043970
-0.073420
0.260338
-0.140970
0.217658
0.041908
-0.505024
0.005328
-0.219307
0.035318
0.104520
0.352814
-0.628155
0.224929
0.027877
0.206988
-0.015748
-0.220292
0.206752
-0.183287
0.181740
0.014898
0.077139
0.102754
-0.037503
0.226330
-0.097586
-0.340852
-0.399127
-0.333028
-0.169399
-0.015011
0.403726
0.078606
-0.209825
0.226160
0.191472
-0.142482
0.329604
0.207777
-0.012030
-0.157932
0.162362
-0.086911
0.094382
0.017661
-0.446381
-0.334507
0.138795
0.355078
-0.284780
0.234643
-0.074852
0.288590
0.016815
0.039254
0.101524
0.508643
0.048433
-0.155507
-0.119914
-0.111792
-0.189859
0.338840
0.198494
0.246563
-0.591084
-0.158786
0.157732
0.287212
0.388429
0.384725
0.082804
-0.261194
0.068590
-0.016932
-0.451232
-0.241148
-0.070528
-0.019261
0.031892
0.265161
-0.065130
-0.359008
0.350446
-0.018923
0.445530
-0.061494
0.387534
-0.027491
0.037628
0.117815
-0.477748
0.169509
-0.199526
-0.215192
-0.329241
0.051457
0.127514
0.206208
-0.390166
-0.097614
-0.499525
0.476081
0.225234
0.172711
-0.057694
0.315676
-0.007072
0.002279
0.405990
-0.267903
0.052068
0.157389
-0.328559
-0.118253
0.156888
0.051485
-0.254704
0.079993
-0.082455
-0.228441
-0.091101
-0.055230
0.141093
-0.004268
0.082072
0.106247
0.102267
0.135605
-0.317205
-0.024085
0.231423
-0.105234
0.165858
-0.315957
-0.103272
-0.015297
0.005937
-0.441076
-0.103811
-0.060840
0.365023
0.087361
0.047224
0.049698
0.394634
-0.233661
-0.282041
0.403902
0.521919
-0.115014
0.036228
0.018914
-0.100704
-0.267733
-0.142574
-0.260928
0.186705
0.201922
0.149614
-0.292850
-0.167603
0.053673
-0.403609
-0.120970
-0.019637
0.422643
-0.186789
-0.201890
0.022162
-0.056475
0.183330
-0.184103
0.066200
0.476571
0.421545
-0.092999
-0.207087
-0.002318
-0.053993
0.080235
-0.285920
-0.322013
0.280094
0.036260
0.325103
0.064391
-0.552368
-0.295015
-0.042126
0.141706
-0.034778
0.308176
-0.089655
0.264749
-0.069015
0.202571
0.023249
0.006157
-0.291516
-0.202883
0.342626
-0.363524
0.212030
-0.218877
-0.135282
0.093108
-0.170396
0.109345
-0.201790
-0.215338
0.235316
0.055451
-0.019624
-0.332467
0.475489
0.110087
-0.003305
-0.066217
-0.317000
0.035025
0.540426
-0.131167
0.080718
-0.055443
-0.601142
0.366811
0.391965
-0.163700
0.554310
0.028293
0.090387
0.000812
0.217116
0.003433
0.345747
0.367834
0.152481
0.535217
-0.229565
0.108403
-0.173889
0.076581
0.179025
0.061940
-0.028984
0.025019
0.232309
-0.054090
0.051872
-0.078451
0.038358
0.238378
0.267919
-0.133215
-0.400326
-0.256373
0.231759
-0.096530
0.530262
0.188648
-0.053359
0.075837
0.294479
-0.148219
0.043142
-0.158334
0.331206
-0.015788
0.141257
-0.048280
0.204288
-0.167097
-0.173599
0.031020
-0.102842
0.332749
-0.063846
-0.145566
-0.108705
0.092503
-0.157014
-0.046426
-0.041167
0.205099
0.293796
-0.099513
-0.337892
-0.460105
-0.087649
0.299268
-0.188116
-0.011622
-0.403715
-0.469013
-0.069848
-0.043714
-0.272921
-0.432778
0.082947
-0.097526
-0.228058
-0.317953
-0.074263
0.231037
0.136668
0.113590
-0.185278
-0.049622
-0.245856
-0.401126
0.101787
-0.250398
-0.359628
-0.023078
0.130601
-0.319672
-0.010017
-0.162377
0.081842
0.093163
0.217362
-0.051718
0.723944
-0.012793
-0.022755
0.201779
0.121875
0.349501
-0.260093
-0.065977
0.423744
0.038236
0.019477
-0.390471
-0.157519
0.234638
-0.058680
-0.167950
-0.226053
0.106875
0.039842
-0.329468
-0.008612
-0.412337
0.276454
0.153857
-0.428889
-0.290971
-0.048323
-0.226633
-0.318468
-0.052018
0.124309
-0.743355
-0.022530
0.160071
-0.208298
-0.149419
0.094143
0.017935
0.014765
0.258075
0.367360
-0.295540
0.287545
0.007165
0.162102
0.129847
-0.055448
0.219747
-0.331884
0.032161
-0.076873
0.211704
0.135276
-0.152636
-0.070039
0.153719
0.170561
-0.209945
-0.116641
0.047826
0.331098
0.353847
0.345108
-0.063555
-0.074197
0.116879
0.273809
-0.186257
-0.136448
-0.578166
0.057700
-0.136144
0.118835
-0.443263
0.139127
-0.167649
-0.092013
-0.002547
-0.221957
-0.312986
0.087805
-0.136171
0.285788
0.052478
-0.453979
-0.288409
0.091931
-0.075036
-0.148730
-0.152215
-0.077654
-0.249843
0.256879
-0.291777
0.314265
0.452568
-0.264889
0.219848
-0.029107
-0.195804
-0.085169
-0.022146
0.074101
-0.150900
0.162964
0.205789
-0.180872
-0.090176
0.257818
-0.099247
0.182967
-0.079210
-0.132811
0.007576
-0.435998
0.182266
0.334171
-0.171301
0.172615
0.036847
0.380453
0.208760
-0.275182
-0.003138
0.034245
-0.313008
0.101659
-0.007140
-0.127048
0.186034
0.066142
0.256291
-0.136453
0.011759
0.131329
0.050325
-0.359045
0.549499
0.352470
-0.587471
-0.522364
0.103928
0.192913
-0.021712
-0.402187
-0.076705
-0.130626
0.226759
0.365214
0.276437
0.204639
0.257964
0.350676
-0.019680
-0.248481
-0.086156
0.037266
-0.197676
-0.015462
0.415096
0.222984
0.011365
-0.137379
0.439403
-0.087472
0.139732
0.237199
0.066838
-0.348518
-0.357395
-0.123847
0.130097
-0.015937
0.150658
0.404061
-0.355934
-0.412110
0.191989
-0.497039
-0.309480
-0.095529
-0.493077
0.478080
-0.201943
0.404156
0.065234
-0.103094
-0.121749
-0.435608
-0.355682
-0.178560
-0.293018
0.108261
-0.184118
0.140029
0.299963
-0.187172
0.150936
0.099775
-0.090733
-0.045542
-0.656750
-0.238434
0.021547
0.239500
-0.215389
-0.065579
0.060402
0.138351
-0.511704
0.162957
0.168044
-0.125380
0.334392
0.044873
0.603660
0.367206
0.015913
0.003978
0.172021
0.006579
0.142611
-0.209194
0.597096
0.023726
-0.211202
-0.419836
-0.163154
-0.198016
