-0.277367
-0.068574
-0.024154
-0.621708
-0.087806
-0.251547
-0.155580
0.048330
0.410140
-0.180319
-0.050249
0.228303
0.003258
0.115409
0.374461
0.194452
-0.193329
0.436549
-0.114793
0.256826
-0.009396
0.158805
0.396423
-0.394438
0.324802
0.133305
0.016222
0.076612
0.247624
-0.273195
-0.154692
-0.088975
-0.337818
0.304190
-0.126071
-0.247123
-0.105111
0.106546
0.038846
-0.612159
-0.225026
0.123843
-0.348493
0.209433
-0.217952
0.284352
-0.001810
0.095936
-0.405277
-0.363858
-0.037007
0.309159
0.248200
0.119402
0.078522
0.113703
0.114221
-0.073500
0.129327
-0.099836
0.010057
-0.020807
0.224632
-0.267765
-0.393039
0.034447
0.008382
0.169001
0.000121
-0.031873
0.109139
0.089238
-0.198442
0.042247
-0.016697
0.158498
-0.017360
0.043628
0.166740
0.452772
-0.216194
-0.183904
0.128130
0.364728
0.313781
0.245441
-0.242617
-0.071699
0.139070
-0.036987
0.064790
-0.107483
-0.122719
0.081185
-0.016978
-0.184128
-0.242307
-0.235640
0.154971
0.419383
0.023324
-0.527505
-0.237036
-0.105505
-0.179641
-0.086587
-0.042256
-0.172367
-0.106081
0.085519
0.092878
0.006550
0.088851
-0.345256
-0.099247
-0.236557
-0.008612
0.327855
0.045464
0.581225
-0.030949
0.427827
-0.359781
-0.359406
0.015333
-0.017069
-0.099789
0.108623
0.389455
-0.351199
-0.145184
-0.605224
-0.038790
-0.194586
-0.798240
-0.315394
0.238015
0.219060
-0.021588
0.015239
0.232258
-0.214332
0.040846
0.085870
0.397531
-0.092445
-0.076519
-0.122309
0.162909
0.259650
-0.094299
-0.442991
-0.040418
0.185075
-0.290946
0.608304
-0.326214
0.391079
-0.227278
0.341816
0.141448
0.106294
0.201693
-0.167637
0.008288
-0.310971
-0.281980
0.114223
0.295947
0.332914
0.310337
-0.029217
0.037891
-0.684564
0.051503
-0.296695
0.314936
-0.183864
-0.244777
-0.299487
0.054340
-0.067868
-0.327637
-0.228059
-0.394033
0.103184
0.244618
-0.211799
0.123630
-0.087013
-0.080183
0.164746
0.540795
-0.286081
-0.027799
-0.314506
0.403647
0.116558
-0.470334
-0.242299
0.230179
-0.047966
-0.044556
-0.239263
0.341688
0.004627
-0.167808
-0.209936
-0.082174
-0.217810
0.088283
-0.121946
0.151837
0.220493
-0.272705
0.046733
-0.134183
-0.208404
-0.221153
0.457860
0.198393
-0.370281
-0.403095
0.077888
0.565005
-0.261348
0.160701
0.198266
-0.084609
-0.321543
-0.197245
0.106900
-0.135628
-0.077634
0.243127
-0.390952
0.171270
0.111576
-0.056909
0.074612
0.060545
0.062269
-0.167245
-0.489537
-0.065966
-0.226186
-0.494491
0.207560
0.009431
0.458174
0.363922
0.492267
0.039901
0.332397
0.333602
-0.013443
-0.005431
-0.221947
-0.126365
0.235505
0.346352
0.125155
0.304992
-0.285750
-0.031636
-0.009096
-0.033052
-0.079054
-0.170989
-0.408009
-0.061979
-0.393037
0.167177
-0.053886
-0.002545
-0.029022
-0.126404
-0.173454
0.393526
-0.008372
0.055200
0.146952
-0.071934
0.295545
-0.250936
-0.209456
-0.307551
0.217372
-0.450153
-0.102341
0.103038
0.207636
-0.386741
0.055688
0.262995
-0.030324
0.071919
0.115150
0.041336
0.436326
-0.490014
0.264265
0.306123
-0.183273
-0.308700
-0.384162
0.333552
-0.241784
-0.205637
-0.456429
-0.422014
-0.369974
-0.173967
-0.065800
0.216776
-0.036582
-0.321716
-0.294790
0.325266
-0.135875
-0.074696
-0.379856
-0.292578
-0.392515
-0.105408
-0.500982
-0.025665
0.267699
0.269253
-0.167580
-0.235425
0.006689
0.135586
-0.550850
-0.241189
-0.023120
0.347897
-0.220803
-0.221130
0.140483
-0.053747
-0.262759
-0.181121
0.226360
-0.138196
-0.316084
-0.222555
-0.075641
-0.130189
-0.098278
-0.173181
-0.189478
0.439175
-0.006185
0.142893
0.205415
-0.123980
0.504562
-0.608507
-0.179451
0.122186
0.326704
0.151746
0.140335
-0.042923
-0.092053
0.518301
-0.105982
-0.439316
0.048229
0.074499
-0.421500
0.049976
-0.339287
0.083852
0.154489
0.314340
0.015077
0.314689
0.297042
-0.234834
0.001427
-0.031357
-0.147740
0.079911
-0.064969
-0.121780
-0.210635
-0.318125
-0.343254
-0.062724
0.313612
-0.273934
0.008775
-0.178479
0.287438
0.092770
-0.197007
0.426411
0.254352
0.331847
-0.061458
-0.201433
0.022830
-0.181011
0.262344
-0.465286
0.284241
-0.314302
-0.142130
-0.015678
-0.023240
-0.368381
0.441349
0.352743
0.017732
0.322739
-0.098123
-0.439017
0.057885
-0.098589
0.043152
-0.382069
-0.533415
-0.372993
-0.082449
0.185138
-0.361670
0.168661
-0.112246
0.291437
-0.148591
0.028025
0.168843
-0.078677
-0.064102
-0.227122
0.277927
0.246806
-0.139583
-0.107878
-0.129989
0.336671
0.023195
-0.508306
0.272391
0.118624
-0.221991
0.031528
0.053997
0.016491
-0.073160
-0.042712
0.158570
0.231930
-0.003759
0.234527
0.093449
0.061937
-0.220553
0.030823
0.009536
0.218272
-0.078908
0.144491
-0.127461
-0.003536
0.088493
-0.108909
-0.212731
0.389730
0.421495
-0.151428
0.209353
0.081228
0.021361
-0.331438
-0.004123
-0.364422
-0.456684
-0.340293
0.010826
-0.170962
0.019618
-0.261744
-0.435128
-0.104734
0.366555
-0.009362
-0.146277
0.120386
0.371855
-0.207793
0.258075
0.233262
-0.273520
0.182927
0.119793
0.058647
-0.161035
0.198530
-0.085228
-0.289490
-0.193056
0.267868
0.017242
-0.067085
0.061170
0.059994
0.069490
-0.235958
-0.112283
-0.039694
-0.289331
-0.016317
0.302341
0.073270
0.324704
-0.110570
-0.077523
0.141785
-0.280349
-0.251565
0.127761
0.520501
0.272005
-0.353611
0.347088
0.017405
0.234076
0.298556
0.175998
0.087083
-0.033816
0.130858
-0.050234
-0.070284
0.142806
0.009701
-0.159017
-0.023849
-0.131697
-0.115648
-0.205488
-0.084324
0.079114
0.027374
0.422535
-0.086544
0.158436
-0.229942
0.140121
-0.194999
-0.136322
0.323828
0.061895
0.019580
0.111219
-0.046370
-0.104258
-0.286726
-0.197766
0.072253
-0.379267
0.016196
-0.291002
0.242330
-0.516502
-0.054713
0.175133
0.362129
-0.024311
0.461648
-0.481222
0.140086
-0.046698
-0.089311
0.200865
-0.418814
-0.249123
-0.077148
-0.233952
0.204787
0.016758
0.320208
0.058548
0.370300
0.434250
0.233723
0.365726
-0.074738
-0.232826
0.054621
0.344331
-0.007204
0.014247
0.025192
-0.048478
-0.543403
-0.251210
0.158164
-0.145881
0.323513
0.159642
0.089091
0.304455
0.340698
-0.341756
0.003598
0.184125
0.153914
-0.162138
-0.046382
-0.076490
0.229572
0.008817
0.118807
0.138783
-0.223642
-0.659020
0.051703
-0.219578
0.073884
0.146162
0.168045
0.086451
-0.649486
-0.069704
0.329587
0.474592
-0.156982
-0.055288
0.361930
0.487936
0.317683
-0.086182
0.319468
0.411988
0.080268
-0.050673
0.120805
0.232874
0.044365
0.622162
-0.057325
0.094327
0.047102
0.172666
-0.364323
-0.056467
0.378096
-0.049288
0.105902
-0.399041
-0.188922
-0.172530
-0.014706
0.161244
0.405304
-0.027271
0.411385
-0.275153
-0.040654
-0.437514
0.284338
0.413834
0.165586
0.046296
0.354600
0.045464
0.059661
0.064486
0.291443
-0.369170
-0.540929
0.292523
0.365950
-0.047205
-0.153082
0.049538
-0.515469
-0.053458
-0.176856
-0.019551
0.320876
-0.049001
-0.161427
-0.096156
-0.087590
0.191506
0.245102
0.242382
0.100049
0.187272
-0.308321
-0.174289
-0.011315
-0.230427
0.494714
0.332601
-0.000378
0.404142
-0.181868
0.196771
-0.061772
-0.105986
-0.171136
0.083200
-0.080402
-0.101503
0.293758
-0.040535
0.040815
-0.254574
0.076338
0.324344
0.185416
-0.101846
-0.117383
0.166796
-0.245294
-0.596079
-0.243729
-0.179878
0.452825
0.281153
-0.135900
-0.103989
-0.287885
0.301021
0.252390
0.162015
-0.057594
0.048312
-0.071718
0.475677
0.312432
0.106877
0.387047
-0.230524
0.246038
0.066616
0.010818
0.700854
-0.398217
-0.439572
-0.048553
0.031430
0.203062
-0.509362
0.074576
0.069603
0.011766
0.144365
-0.542472
0.167971
-0.380478
0.033362
-0.182597
-0.583658
0.079410
-0.097801
0.083970
0.168780
0.230565
0.073095
0.152055
0.496327
-0.227306
0.240334
-0.064566
-0.174916
0.106386
0.638031
0.184310
-0.012704
0.263729
-0.016367
0.030392
-0.114921
0.344406
-0.121822
-0.092299
0.137391
-0.008747
-0.078062
0.142103
0.209854
0.447191
0.171823
0.141932
-0.056163
0.102274
0.478231
0.102446
-0.035812
0.515553
-0.084420
-0.003332
0.328266
0.136158
-0.244670
-0.191270
0.247099
0.188089
-0.014985
0.553766
0.015767
0.229483
0.137928
-0.079456
-0.064444
-0.349365
0.247964
-0.327477
0.028088
0.088849
-0.173868
0.061724
-0.156729
0.431670
-0.313199
-0.174924
0.005773
0.055797
0.099130
-0.001664
0.221328
-0.304558
-0.053576
-0.331821
-0.356531
0.506044
-0.241544
-0.203460
-0.069125
0.020179
-0.240051
-0.374903
0.219363
0.210776
-0.133286
0.030098
-0.015703
-0.390520
0.170935
0.376415
-0.059834
-0.157938
-0.305903
0.224267
0.452976
-0.007028
-0.475419
-0.114787
-0.110412
0.026484
0.023813
-0.024836
0.295111
0.232681
0.268339
0.209281
0.156819
0.035978
0.364129
-0.567848
0.424930
-0.092592
-0.348942
0.081996
-0.548618
0.285218
0.118286
0.215421
0.123465
-0.198548
-0.096168
0.010580
-0.116760
-0.071474
0.092569
0.558450
0.306950
-0.072843
0.221533
0.347588
-0.010098
-0.201473
0.016181
0.327128
-0.063295
0.462944
0.272288
-0.300627
-0.060393
0.209193
0.296207
-0.068194
0.169435
0.029725
0.031701
-0.246990
-0.068620
-0.063412
0.042813
-0.160907
0.616260
0.266144
-0.158357
0.119874
-0.598478
0.181797
0.140855
0.507104
0.012392
0.300723
-0.322715
0.302830
0.037994
0.188100
0.531111
-0.084139
0.029275
0.416352
-0.382860
0.087021
-0.045649
0.139955
-0.257603
-0.003410
-0.195766
0.245073
0.181919
-0.059579
0.012462
-0.067789
0.149885
-0.083391
-0.124083
0.011801
-0.028101
0.037187
0.022937
0.125309
0.333144
0.041049
0.263237
-0.325094
0.081062
0.064041
-0.217671
-0.100400
0.006674
0.164605
-0.447600
-0.136552
0.087487
-0.005330
0.299320
0.019586
0.218056
0.236647
0.443334
-0.216527
0.103875
-0.342393
0.226399
-0.133659
0.162775
0.159237
0.343658
0.091236
0.023164
-0.079662
0.094196
-0.029721
-0.373073
-0.214843
0.456216
-0.152457
-0.159380
0.372601
-0.307338
-0.254439
0.238551
0.050120
-0.087972
-0.182765
0.089849
-0.021142
0.326522
-0.153537
0.143852
0.415903
-0.336403
-0.342265
-0.084047
0.178972
0.014391
0.112657
0.194714
-0.233245
-0.139563
-0.197814
-0.002280
0.017388
-0.030516
0.320540
0.053967
-0.355760
-0.048240
-0.137364
-0.122819
0.305029
0.081888
0.440895
-0.175698
0.242359
-0.169443
0.306774
0.096842
-0.151574
0.597311
0.381195
-0.263810
-0.067066
0.209447
0.561377
0.297780
-0.208363
-0.062647
-0.197448
0.136765
-0.297569
0.249253
0.001673
-0.334646
-0.021907
0.461337
0.459365
0.059609
0.110642
-0.293064
-0.249917
-0.326953
0.290677
-0.496871
-0.248051
0.041104
-0.523420
0.099386
-0.189622
0.179772
-0.158173
0.038316
0.448742
-0.012489
0.466975
0.057182
0.697634
0.253315
0.188956
-0.375093
-0.193666
-0.123279
-0.200378
0.092139
-0.029600
0.431638
0.077651
-0.097962
-0.246858
-0.113261
-0.230082
0.372402
0.012258
-0.117026
-0.203127
-0.257215
-0.008447
0.343734
-0.054105
-0.067021
0.213982
-0.058429
-0.040493
-0.181353
0.066308
-0.241537
-0.230217
-0.418474
-0.417500
0.123134
-0.128398
0.304853
-0.197585
-0.265165
0.291470
-0.345418
0.355081
-0.291644
-0.211134
0.226752
-0.081478
0.084575
0.400827
-0.217330
0.033898
-0.077850
0.209479
0.006368
0.048879
-0.539311
0.152262
0.006014
-0.043170
0.191926
-0.107538
0.093646
-0.099420
0.088737
-0.060922
0.016458
0.174338
0.398728
-0.602864
0.092759
-0.205107
0.130233
0.301012
0.020264
-0.040515
0.021817
0.458142
0.186867
-0.013440
-0.020829
-0.132137
0.152714
0.055261
0.042651
-0.154232
-0.213413
0.405622
-0.002299
-0.035683
0.382877
-0.111483
0.122406
0.083501
0.047026
-0.023181
0.177243
-0.335695
-0.212207
-0.000831
-0.040292
-0.242826
0.079849
-0.474262
0.017786
0.094234
0.100443
0.097392
0.007617
-0.084307
0.004325
0.537680
0.040509
0.118313
-0.124648
-0.123664
0.214038
-0.074531
0.062052
-0.096712
0.256129
0.077174
-0.384838
0.110396
0.255674
0.058270
0.141260
0.325687
-0.083083
0.197904
0.274940
-0.294688
-0.273723
0.156486
-0.229352
0.214797
0.045268
0.309679
0.374476
0.506220
-0.195408
0.531249
-0.093654
0.196688
-0.067053
-0.006452
-0.085770
-0.038636
-0.074845
0.025839
-0.100597
0.206963
-0.287298
-0.095754
-0.007614
0.223672
-0.210106
-0.208336
0.286509
-0.129658
-0.291042
0.098377
0.292831
-0.232394
0.372915
0.211143
0.285869
-0.131392
-0.089979
0.064929
0.141603
0.008733
0.020258
-0.030615
-0.046505
-0.065479
-0.129548
0.225245
0.551434
-0.137696
-0.051782
-0.176031
0.029543
0.314634
0.545253
0.329763
-0.567709
-0.392933
-0.619267
-0.048040
-0.035497
-0.152871
0.389746
0.370468
0.111504
0.530008
-0.280680
-0.070640
-0.072528
0.278125
0.357218
-0.297732
0.210720
-0.273494
0.020121
0.419867
0.274600
0.035676
0.196307
0.228000
-0.324295
0.077920
0.444688
-0.222715
-0.410458
-0.167529
-0.376332
0.379950
-0.096860
-0.040116
-0.454399
0.437367
-0.383098
0.369826
-0.767633
0.028991
0.325422
-0.133481
0.442243
0.353852
-0.060963
-0.122154
0.058239
0.103433
0.111401
0.369897
0.150716
0.021719
0.049286
0.387792
-0.177706
0.267498
-0.186208
0.036440
-0.027849
0.643751
-0.051565
0.134560
-0.178965
-0.093141
0.140904
0.395229
0.318136
-0.367818
0.416763
-0.105562
0.113192
0.100017
-0.679028
0.557077
-0.105431
0.215107
0.157200
-0.221231
-0.286124
0.018180
-0.079269
0.091575
0.075589
0.009635
0.209313
0.209777
-0.216360
-0.030563
0.276716
-0.379629
-0.732171
-0.169552
-0.330042
-0.339533
0.080825
-0.323564
-0.061330
-0.254112
0.353040
-0.225068
0.196393
0.119989
-0.178737
-0.443676
0.070462
0.295143
0.505797
0.014982
-0.176260
-0.085505
0.279097
0.285148
0.179668
-0.353375
-0.065853
-0.075307
0.341548
0.022538
-0.058215
-0.018416
-0.085137
0.268041
0.165142
-0.173496
-0.097335
-0.003140
-0.436828
0.241088
-0.144602
0.076604
-0.495381
-0.277677
-0.315860
0.026001
0.011412
0.281852
-0.324099
-0.304777
0.113214
0.279993
-0.156577
-0.509986
-0.130585
-0.284924
0.228691
0.092479
0.076158
0.016664
-0.243456
-0.242612
0.064868
-0.444315
-0.432862
0.230594
0.043321
0.094480
-0.595755
-0.181015
0.130616
-0.188591
-0.034918
-0.184523
-0.524348
-0.075085
0.520667
0.065174
-0.017415
-0.175224
-0.280520
-0.273554
0.408365
0.027737
0.284265
0.212041
0.171214
0.050054
0.126456
-0.453858
-0.499735
-0.214124
-0.646575
0.078769
0.201980
-0.424820
0.156293
-0.234040
-0.297200
0.168664
-0.397348
0.195385
-0.131500
0.034363
0.170014
0.135154
0.148652
0.040528
0.083040
-0.345509
0.129534
-0.004439
0.429104
0.208970
-0.273136
0.009567
0.328983
-0.118014
0.172216
-0.287157
-0.176643
-0.054713
0.055980
-0.014899
-0.356311
-0.002641
-0.162748
-0.158502
0.447412
-0.147013
0.003440
0.131469
0.072415
0.168388
0.531705
-0.213819
-0.114095
0.125008
-0.055214
0.126743
0.162373
-0.317818
-0.048014
-0.041056
-0.200104
0.296269
0.305508
0.119362
-0.191624
-0.045479
-0.255039
-0.056240
0.433808
0.330325
0.059883
0.051809
0.178178
0.069535
-0.266099
0.019607
-0.139050
0.416086
-0.265192
0.172979
-0.240921
0.063481
0.190256
0.164356
-0.010923
0.139734
-0.343451
-0.046317
-0.245984
0.066768
0.098088
0.253733
0.431832
0.156872
0.421430
0.188252
-0.301174
-0.286579
0.034539
-0.183554
0.141740
-0.327628
0.265595
0.173825
-0.153061
0.230350
-0.272072
0.217728
0.401583
-0.365481
0.184081
-0.133407
-0.010273
-0.136646
-0.015221
0.005053
0.219895
0.129141
-0.363646
-0.401114
0.214141
-0.413403
0.004369
-0.174257
0.214404
-0.225656
0.177373
0.160856
-0.190588
-0.480218
0.185054
0.363145
0.129053
-0.223642
0.217290
0.217703
0.192566
-0.241768
-0.032404
-0.075715
0.044959
-0.263613
0.195722
0.075357
0.144762
-0.212410
0.153414
-0.073313
0.105039
-0.018209
0.168876
0.156855
-0.082005
0.055551
0.323481
0.142385
0.084336
0.242713
-0.278841
-0.077964
-0.372846
-0.106611
0.026876
0.426402
-0.457949
-0.040084
0.051948
0.079491
-0.177259
0.248978
0.217518
0.186255
0.375621
0.125398
0.326523
0.380428
0.188993
-0.128877
-0.206579
-0.059127
0.097751
0.110181
0.046381
0.239295
0.435208
-0.528641
-0.193588
-0.024302
0.351293
0.231911
-0.252543
-0.042941
0.115168
0.373255
0.626717
0.045981
0.093114
-0.402133
0.064973
0.081573
0.004287
-0.087705
-0.261716
-0.210482
0.354210
-0.136145
-0.061607
-0.076033
-0.421213
-0.192106
0.314120
0.094087
-0.026431
-0.016709
0.201666
-0.016571
0.079082
-0.071383
0.530952
0.026816
-0.206230
0.099239
-0.098665
-0.158086
-0.254621
0.023152
0.081904
-0.311460
-0.015116
0.243858
0.316114
0.055985
-0.296971
0.066285
0.341027
0.139849
0.502079
-0.385672
-0.678988
-0.065403
0.221975
-0.119186
0.153850
-0.003600
0.439817
-0.574768
-0.092906
0.358646
-0.017484
-0.329261
-0.169476
0.014426
-0.050575
-0.053406
-0.177608
-0.059425
0.029459
0.108017
-0.154205
-0.020373
0.096696
0.144993
-0.243996
-0.203220
-0.299797
-0.050401
0.347212
0.490736
-0.066300
0.000890
0.260171
0.016663
0.130320
1.051213
0.004553
-0.112306
0.215005
-0.195723
0.170105
-0.044704
-0.220566
0.247082
0.062643
0.053676
-0.139343
-0.320438
-0.024503
0.624839
-0.143086
0.130876
0.202878
0.353346
0.292561
-0.109218
0.023125
-0.178878
0.042269
-0.393245
0.022556
0.084813
-0.249996
0.358484
-0.477664
0.217641
0.118844
-0.022633
0.113155
-0.264596
0.469804
-0.022276
-0.270958
-0.036168
0.008308
-0.079963
-0.210795
0.370819
0.642169
-0.064361
0.149324
0.464374
-0.195945
0.049987
0.034967
-0.285691
-0.373450
0.156921
0.429526
0.678661
0.189434
0.016382
-0.038808
-0.196389
-0.124128
0.216728
0.693258
-0.065339
-0.002420
0.151590
0.546813
-0.044115
0.016277
0.400902
0.037159
0.288385
0.444395
-0.090099
-0.276015
0.206684
-0.138626
-0.663701
-0.260149
0.014782
-0.438266
-0.372506
-0.037928
-0.443445
-0.586436
-0.298282
-0.328440
-0.633234
-0.410811
-0.283969
-0.634795
-0.499157
-0.509149
-0.352160
-0.017335
0.006094
-0.083102
-0.232073
-0.207314
-0.151736
-0.085500
-0.090184
0.263630
-0.024119
-0.048614
0.336229
-0.030634
0.577677
0.366801
0.280124
0.363458
0.261918
0.550857
0.556485
0.522527
0.237750
0.520736
0.377236
0.642904
0.882575
0.338079
0.417887
0.788730
0.010086
0.284589
-0.120191
0.251519
0.000848
0.186834
0.319984
0.052064
-0.057484
-0.505081
-0.360482
-0.198586
-0.153066
-0.268099
-0.247652
-0.475076
-0.602463
-0.320272
-0.349588
0.073900
-0.068878
-0.308774
-0.569522
-0.019969
-0.275906
0.187102
-0.221594
0.063459
-0.115286
-0.000780
0.141331
0.002913
-0.094460
-0.100316
0.037426
0.497647
0.430516
0.334839
0.393942
-0.412498
0.124248
0.118711
0.250750
-0.103599
-0.355784
0.082155
-0.154696
-0.148084
-0.158906
0.089343
-0.360951
-0.144876
-0.158028
-0.009369
-0.282960
-0.071943
0.080690
0.091840
0.096921
-0.209113
-0.222043
-0.211984
-0.207709
-0.197596
-0.097715
0.366326
0.380630
-0.140397
0.398871
0.405232
-0.271701
-0.058492
-0.081985
0.174529
-0.422700
0.059627
-0.232508
-0.167204
-0.159051
-0.383313
0.045932
-0.227985
0.102893
0.011032
-0.041544
-0.042403
-0.080234
-0.063403
0.160821
-0.083232
0.080225
-0.405878
-0.157884
0.185800
0.184472
0.256433
0.167673
-0.075848
0.726499
-0.220851
-0.213676
-0.204248
0.250012
0.084992
0.194385
-0.274243
-0.123345
0.008764
0.192544
-0.203992
-0.467786
-0.393789
-0.200689
0.102803
0.150974
0.080182
0.284106
0.131010
-0.398851
-0.256394
-0.377770
-0.371506
-0.265317
-0.361490
0.100549
0.012588
-0.032126
0.152178
-0.193154
-0.125068
0.253020
-0.200578
0.089045
0.255192
0.323240
-0.098684
-0.160127
0.027840
-0.006719
0.530963
0.077977
0.380673
0.027541
-0.038932
-0.043147
-0.222163
-0.130958
0.091145
-0.029077
-0.447318
-0.200980
0.352650
0.129899
-0.020525
-0.074726
-0.310104
-0.436846
0.365386
-0.026827
-0.207639
-0.007540
0.184141
0.085570
0.046687
0.018799
0.033731
-0.040535
-0.142468
0.030344
0.185790
0.274218
-0.016993
0.036789
-0.278120
-0.125153
-0.070744
-0.030283
-0.129664
-0.191291
-0.014886
-0.376000
0.289301
0.019416
0.048482
-0.266673
-0.129852
0.013750
-0.142787
0.019580
0.537959
-0.274696
-0.090150
0.061664
0.013988
0.073001
-0.207509
0.435281
-0.230620
0.077278
0.045072
0.004317
0.311474
0.349762
0.654196
0.067706
-0.109324
-0.048815
0.210765
0.010423
-0.219928
-0.302022
-0.238658
0.172919
0.100964
0.293112
-0.182027
-0.029480
-0.296473
-0.118436
-0.016097
-0.267291
0.340742
-0.174013
-0.124997
-0.129049
0.030011
0.270193
-0.300813
0.116771
0.272683
0.193264
-0.151865
-0.183562
-0.090383
-0.586456
-0.070490
0.327412
-0.034052
-0.083930
0.175889
0.041511
-0.325728
0.108743
0.200237
-0.476830
0.092105
0.172519
0.403847
0.140345
-0.181446
-0.204769
-0.148156
-0.072269
0.335197
-0.206461
0.151395
-0.416757
0.116225
0.381119
0.410257
-0.278289
-0.183142
-0.077415
-0.346816
-0.284913
0.317861
-0.128070
-0.192910
-0.409984
0.375172
0.324218
-0.179914
0.160040
-0.176136
0.272050
0.011445
-0.228776
0.153224
-0.261049
0.004370
-0.538107
0.087797
0.359339
0.195928
-0.153434
-0.297819
-0.038414
0.078912
0.239248
0.165959
0.587063
-0.116728
-0.048299
-0.410306
-0.191663
0.272665
-0.097227
-0.148744
0.177958
0.517535
-0.540915
0.194432
-0.212063
0.102077
-0.200744
-0.412837
0.386590
0.088286
-0.076095
-0.185191
0.113866
0.130085
0.139385
0.324877
-0.104713
0.260797
0.048576
-0.112995
-0.290989
0.027694
-0.389284
-0.170540
-0.121849
-0.054363
-0.449001
0.076674
-0.149874
-0.678250
0.144103
-0.036950
-0.279999
0.157477
-0.228127
-0.096630
-0.053481
-0.364486
0.331984
0.123876
-0.205906
0.312811
-0.330529
0.172528
0.157816
-0.037356
0.210855
-0.015403
-0.001262
0.259844
-0.084605
0.588911
0.269380
-0.351077
-0.168759
-0.143818
0.158601
0.114043
-0.109993
-0.077211
-0.147788
-0.142981
-0.196980
-0.057866
-0.202996
0.124252
0.163521
0.086701
-0.041799
-0.496933
-0.069172
-0.307073
-0.013755
-0.260446
-0.033777
0.055071
0.328195
0.098755
0.111217
0.287245
0.002168
0.336046
-0.039907
0.215084
-0.231140
-0.053801
-0.452786
-0.029109
-0.082890
-0.239645
-0.361006
-0.013611
-0.018108
0.218335
0.012876
0.133539
-0.125611
-0.061802
-0.046584
0.028669
0.398240
-0.241835
-0.036410
-0.114721
-0.513850
-0.362414
-0.238364
0.168388
0.141149
-0.115775
-0.132046
0.218559
-0.241336
0.196156
-0.124965
-0.286045
-0.274073
0.263015
0.317111
0.363375
-0.106817
0.010675
0.083823
-0.133499
0.000031
-0.172964
-0.113621
-0.114461
-0.068841
-0.149318
0.002211
0.567280
-0.340766
-0.058076
0.142078
-0.131165
-0.137610
-0.032060
-0.095068
0.414937
-0.063854
0.349346
0.570748
-0.218965
0.515410
0.160595
-0.421073
0.223173
0.019987
-0.273414
-0.251813
-0.319115
0.041369
0.178950
-0.342388
-0.113242
0.424489
-0.226254
0.541928
0.022314
-0.502580
0.051071
-0.115088
-0.105746
0.104838
-0.514519
0.027589
-0.257150
-0.012714
-0.022202
-0.189860
-0.060348
0.135698
-0.179962
0.747051
-0.173327
-0.146987
-0.261626
0.024212
-0.242482
-0.301946
0.099400
0.138504
0.079632
-0.184373
-0.231221
-0.011281
0.062314
-0.359640
-0.598544
-0.172116
-0.229574
-0.068168
-0.404466
0.261892
-0.006775
-0.308491
-0.010573
0.557436
-0.062411
-0.041357
-0.185615
-0.118151
-0.240847
-0.023342
0.552112
0.205392
0.162200
0.016727
-0.009828
-0.128101
-0.125633
-0.068051
0.190642
0.134018
-0.158853
0.013708
-0.264698
0.080156
0.184868
-0.410791
-0.175712
-0.276479
0.044578
-0.327570
-0.462435
-0.260088
-0.459356
-0.528596
-0.190166
-0.154060
0.066700
-0.532304
0.029454
0.355652
-0.340420
0.078210
0.002549
-0.519376
0.368571
0.011492
-0.330958
0.144815
0.045975
-0.171763
0.099586
0.370073
0.252436
-0.204335
-0.146877
0.073390
0.502073
0.159697
0.428542
-0.129010
0.322933
-0.023556
-0.421015
-0.348003
-0.474112
-0.337578
-0.410738
0.026531
0.022599
-0.492406
-0.402432
0.288952
0.207955
0.221515
0.153436
-0.238476
0.394022
0.166986
0.230411
-0.536570
-0.182782
0.007674
-0.565128
0.223711
0.056468
0.124393
-0.260889
0.261226
0.159139
0.033868
-0.257865
0.258755
0.283703
0.111503
0.217922
0.217795
-0.088553
0.080908
0.107840
-0.431894
-0.378045
-0.044580
0.090319
0.227992
-0.049720
0.005686
0.111005
0.013527
-0.010011
0.583149
0.033411
-0.226934
0.398232
-0.061772
-0.055170
-0.152609
0.338042
0.003402
0.414275
0.165195
-0.339425
0.422291
-0.028595
-0.370028
-0.381175
-0.258401
-0.079665
-0.790665
0.080311
-0.480298
-0.057870
0.080149
0.310639
0.119275
0.113367
0.277704
0.035209
0.002406
0.163788
0.233607
0.064037
-0.171713
0.116972
0.052615
0.460685
-0.362394
0.228975
0.293539
0.315527
0.053802
-0.152183
0.008404
-0.036530
0.095915
-0.096224
-0.273967
-0.362870
0.315537
-0.094711
0.631661
-0.218181
-0.246025
-0.049221
0.081228
0.341850
0.002632
-0.389150
0.066732
-0.113445
-0.033655
0.203950
-0.061671
-0.300399
0.196233
0.241120
0.178191
0.099423
-0.336503
-0.059773
-0.132971
0.155180
-0.377446
0.611540
-0.069049
-0.459041
0.105318
-0.171476
-0.045804
0.449159
-0.311560
0.087618
-0.008333
-0.052744
0.260583
-0.134695
-0.347385
0.041447
0.439965
-0.150223
0.172346
0.065194
-0.192743
-0.128782
0.052360
0.023032
0.209516
-0.124421
0.099967
-0.484401
-0.161236
0.101822
-0.180756
0.459617
-0.104158
-0.067247
0.122068
0.208301
-0.041260
0.315852
-0.070904
-0.321998
-0.268512
0.151044
0.076768
-0.118581
-0.063378
0.162592
-0.230498
0.180648
-0.351009
-0.033007
-0.078005
0.187805
-0.423987
-0.016999
0.088611
-0.154908
-0.121126
-0.601234
-0.164864
-0.463689
-0.036756
0.426708
-0.044645
0.292829
-0.134329
-0.164852
-0.017608
-0.261837
-0.083611
-0.211652
0.117236
0.045232
0.040570
0.385775
0.095861
0.017880
0.142890
-0.035987
-0.046819
-0.127967
-0.086109
0.615626
0.136758
0.300169
0.320708
0.344349
0.062455
0.299278
-0.129674
-0.073154
-0.098942
0.121351
-0.077934
0.068604
0.146024
-0.000611
0.222736
-0.200986
0.006315
-0.011592
0.257735
0.240312
-0.340816
0.009529
-0.040053
0.088958
-0.034884
-0.146097
0.112169
0.079342
0.277978
0.085576
-0.169940
0.060855
0.493788
0.437761
0.083936
0.181903
-0.039436
-0.237130
-0.302114
-0.061104
0.246064
-0.238082
-0.091831
-0.097537
0.233786
-0.297631
0.105133
-0.128406
-0.319195
0.419642
-0.227622
0.344886
-0.047729
-0.063159
0.089399
0.028146
-0.362927
0.113093
-0.377857
-0.281473
0.000133
-0.105381
0.194322
-0.164154
0.335726
0.088316
-0.005678
-0.565646
-0.448725
-0.504946
-0.369853
-0.342873
0.241448
-0.045992
0.261842
0.040870
-0.263411
0.016770
-0.311985
0.294398
0.274299
-0.339467
-0.069412
0.008993
-0.162703
-0.200548
-0.172595
-0.275996
-0.095763
0.115573
0.247322
0.004267
-0.003389
0.186335
-0.370310
-0.224018
0.107676
0.090374
0.083299
-0.261898
0.300999
0.557922
-0.460083
-0.208768
0.602155
0.179015
0.652653
-0.292857
0.191799
-0.153959
0.346884
-0.028272
0.015014
0.096564
0.487992
-0.353862
-0.164632
0.029108
0.129976
0.399517
-0.260375
-0.056469
0.112532
-0.082184
0.121471
-0.021313
-0.319711
-0.408245
-0.105329
0.298569
-0.195821
0.017492
-0.135621
-0.022733
-0.306927
0.070453
0.196496
0.285517
0.080204
0.198953
0.032697
-0.430984
0.056059
-0.017394
-0.143575
0.026116
-0.054662
-0.104693
0.092792
0.058510
0.158119
0.060551
0.052809
-0.166774
-0.023041
0.260285
0.077661
0.069227
0.071775
-0.157508
-0.547788
-0.203355
-0.228997
0.244749
-0.489988
-0.322783
-0.031149
-0.100509
-0.289990
-0.080160
-0.167470
0.264007
-0.092276
0.038362
0.006377
-0.088892
0.198081
0.023719
0.222129
-0.254403
-0.100687
-0.151160
0.233508
0.011391
0.128833
-0.214062
-0.056990
-0.018992
-0.251307
-0.025376
0.439530
-0.157479
-0.742173
0.298189
0.445713
0.153986
-0.388589
0.056988
0.052043
-0.058028
-0.242288
0.302450
-0.187065
0.243494
-0.264221
-0.245546
-0.522837
-0.160138
-0.222642
0.148264
-0.223105
-0.220646
0.154031
-0.148789
0.024343
-0.224556
0.109915
-0.021868
0.104041
0.167143
-0.371396
0.032472
0.115358
0.395559
-0.068145
0.017680
-0.282566
-0.326151
-0.287899
0.166377
-0.038807
-0.097925
-0.019866
0.125968
0.347695
0.101037
-0.452475
0.181192
-0.036494
0.095942
0.214318
-0.237549
-0.256245
-0.353631
-0.174532
-0.255904
-0.248559
-0.079781
0.021520
0.295223
-0.022519
-0.229328
-0.422523
0.337737
-0.370439
0.020468
-0.147146
-0.203259
0.144119
0.219763
-0.069389
-0.553688
-0.027551
0.183598
0.100431
0.074251
-0.585495
-0.000921
-0.265164
-0.162308
0.090911
0.322289
-0.087588
-0.061797
-0.475516
-0.040107
0.326211
-0.116219
-0.366249
0.004921
-0.019393
0.319918
0.149120
0.206899
-0.282913
-0.002368
-0.000371
0.211032
0.097832
0.292404
0.307608
-0.049773
-0.063758
0.305350
0.144318
0.035253
0.117698
-0.083393
0.223321
0.695377
-0.085923
-0.151473
0.001919
-0.022899
-0.005434
-0.692519
0.236636
-0.442317
0.134489
0.010318
-0.088120
0.232810
0.166705
0.170202
0.064523
-0.033317
0.184207
0.001954
-0.266146
-0.215005
-0.113611
-0.063061
-0.043444
-0.290743
0.328307
-0.086777
-0.141301
-0.226477
0.203691
-0.200176
0.478753
0.064688
-0.173315
-0.672242
-0.131653
0.104311
-0.108718
-0.020576
0.106739
0.319569
0.226298
0.039776
0.198459
0.287428
0.063832
-0.361330
-0.249852
-0.213247
-0.186493
0.162369
0.174286
-0.077389
0.355953
0.263922
-0.271060
-0.097168
0.068907
-0.100141
-0.269464
-0.305713
0.013772
0.127299
-0.022542
0.112477
-0.145478
0.471359
0.146015
0.091142
0.207501
0.190417
-0.106968
0.123367
0.141846
0.239544
0.235705
-0.036979
-0.091168
0.376400
-0.212340
0.453302
0.045674
0.263367
0.103801
-0.094767
0.417657
-0.342309
-0.007060
-0.196750
0.234529
-0.047438
0.150255
-0.154932
0.277784
0.033013
0.058258
0.114616
0.109123
-0.396435
0.189384
0.394894
-0.029434
0.041390
0.285757
-0.238837
0.831354
-0.160411
-0.106271
-0.247839
0.065349
0.326821
0.074298
0.385465
-0.066106
-0.283685
0.342897
-0.166834
-0.257543
0.425820
0.209245
-0.279116
-0.189484
0.079088
-0.020748
0.056861
0.120051
-0.205428
0.134056
-0.144497
0.374282
0.227892
-0.172466
0.336592
-0.309733
0.187088
-0.145331
-0.165843
0.008023
-0.231642
0.156417
0.492079
0.339500
-0.182451
0.085274
0.091481
0.115821
-0.123700
0.495158
0.056259
0.365951
0.160572
0.189271
-0.066156
0.274508
0.110809
0.053304
-0.170541
0.053200
-0.044516
-0.040615
0.169329
0.325882
0.117191
-0.256739
0.170532
-0.224419
-0.311505
0.061269
0.054029
0.240943
-0.317154
0.038269
-0.085683
-0.224516
0.211955
-0.447155
-0.046746
-0.046058
0.167342
-0.019629
0.196061
0.345113
0.107114
0.163189
-0.140211
0.136987
0.335993
0.229621
0.104386
-0.181943
-0.344749
0.056808
0.057810
0.511778
-0.353960
-0.096657
0.065398
0.190641
0.187764
0.159284
0.290799
-0.018575
-0.079603
-0.024384
0.099219
0.028335
0.081767
0.212639
-0.540725
0.168661
0.128501
-0.060372
0.223490
-0.113787
0.135644
0.077751
0.132793
0.032558
-0.099847
-0.089000
-0.502851
-0.079399
-0.340791
0.213408
0.208710
-0.169362
0.119407
0.483941
-0.088947
-0.092602
0.064669
-0.446545
-0.272793
-0.082294
0.062737
-0.278309
-0.112873
0.064301
-0.460952
-0.082528
0.207035
-0.488814
0.190455
0.133359
-0.328445
0.329119
-0.143295
-0.580202
-0.337448
0.071764
0.039902
0.233010
-0.218784
0.305104
-0.085212
0.157779
-0.005187
0.330412
0.146320
-0.285858
0.083204
-0.193536
-0.094373
0.064984
-0.013579
0.161532
0.173975
0.233913
0.191814
-0.160055
-0.069739
-0.134627
0.069385
-0.019892
0.416683
0.116138
-0.066795
0.100932
-0.468135
0.460837
0.101479
0.148512
-0.161530
0.168910
-0.242311
0.185466
0.340218
0.006311
-0.080317
0.061137
0.132079
0.033046
0.033602
0.034000
-0.232879
0.146037
0.178591
-0.159088
0.072083
-0.344357
-0.094669
-0.103594
-0.054266
-0.182919
0.043358
-0.066036
0.024725
-0.135920
-0.096901
0.052784
-0.467706
0.573860
0.498921
-0.087371
-0.179154
0.460551
0.491694
0.172955
0.091381
0.050033
-0.306302
0.023269
0.261553
0.112062
-0.174744
0.068470
0.146314
-0.107868
0.339340
-0.365239
-0.471043
-0.174644
-0.099582
-0.276276
-0.349132
-0.216112
0.221534
-0.051131
-0.069346
0.031372
-0.292560
0.187645
-0.160998
0.261472
-0.149979
0.323994
-0.348930
0.516545
-0.324933
-0.088340
0.091054
-0.091456
0.105899
-0.027078
0.080907
0.198083
-0.312192
0.550065
0.265749
0.065496
0.025865
-0.092461
0.048964
-0.076912
-0.288688
-0.248449
0.465001
-0.490271
-0.136443
0.004015
0.010295
0.394504
-0.183640
-0.203659
-0.502053
-0.109856
-0.276034
-0.428427
0.348876
0.395629
-0.071867
0.016143
-0.002110
-0.116016
-0.669676
-0.171909
-0.096986
0.163931
-0.011062
0.245532
0.321364
-0.212887
-0.466491
0.141212
-0.270600
-0.068559
-0.507529
0.125357
0.095547
0.274999
-0.016561
0.300528
-0.260674
-0.240641
-0.525307
-0.155844
-0.185369
-0.266018
-0.077827
-0.049009
-0.086496
-0.032263
-0.189513
0.284947
-0.082361
-0.307915
0.330905
0.018280
-0.243577
0.379620
0.101059
-0.422598
-0.199170
-0.082199
0.137143
0.148610
0.011779
-0.198885
0.088555
0.160949
0.072747
0.549482
-0.588621
-0.035799
0.180529
0.142285
0.117643
0.014826
0.183911
0.202637
-0.114355
0.435090
-0.068254
-0.335126
0.119592
0.044289
-0.051209
-0.288256
0.286710
0.083020
-0.113489
-0.140695
-0.105204
0.078895
-0.587648
-0.059039
0.132902
0.167946
-0.105571
-0.254893
-0.225302
0.030526
-0.274056
0.126347
0.070792
0.068295
-0.207752
-0.334448
0.153142
-0.615844
-0.069829
0.426880
-0.064275
0.274734
-0.089971
0.299100
-0.065601
-0.494184
-0.230083
0.397117
0.226394
-0.022241
0.038955
0.197097
0.162298
0.147725
0.478335
0.443834
-0.179426
0.468179
-0.269715
0.233364
0.000605
0.002069
-0.191740
-0.211744
-0.370191
-0.031152
0.112059
-0.001782
-0.239011
-0.526864
0.402889
0.034992
-0.255647
-0.417571
0.384273
0.085072
-0.054006
-0.135258
0.086779
-0.126288
-0.123120
-0.166317
0.110016
0.128375
0.274117
0.208771
-0.025075
-0.208904
0.203159
-0.088287
0.426074
-0.255482
-0.120308
0.230191
-0.279803
0.057648
0.170964
-0.162094
-0.132991
0.046415
-0.062727
0.123791
-0.293224
0.085729
0.270598
-0.080441
0.075357
0.227967
0.144828
0.371063
0.405650
0.121924
0.262577
0.116107
0.250549
0.158427
-0.538012
0.244922
-0.570073
-0.114878
0.068136
0.263958
0.006813
0.371791
-0.190718
-0.385287
0.385179
0.279663
-0.025412
0.252864
0.072293
0.109799
0.573116
0.249801
-0.078023
0.186255
-0.082387
0.004925
0.154191
0.089828
0.686540
0.082485
-0.006509
0.097744
-0.140854
-0.180899
0.236069
0.428361
-0.200692
0.307242
-0.028722
-0.257313
0.132940
0.076173
-0.021877
0.294663
-0.469602
-0.031339
-0.090728
0.116359
0.503850
-0.033289
-0.421585
-0.014406
-0.165439
0.309133
0.207262
-0.644474
-0.093277
-0.160823
0.475827
-0.054380
0.060102
0.078477
-0.121871
0.410119
-0.185465
0.008259
0.452777
-0.545499
-0.304461
0.126122
0.160700
-0.284929
0.282717
-0.271848
0.044068
-0.364903
-0.417784
0.279643
0.126485
-0.105609
-0.251707
-0.438577
-0.465832
-0.346885
0.298480
0.333307
0.183020
0.020160
0.440056
0.312071
-0.023182
-0.080785
-0.062849
0.339553
0.014765
0.145035
0.333251
-0.035136
-0.586210
0.146308
-0.367396
0.028375
-0.082355
0.483323
0.807521
-0.500931
0.179000
-0.225134
0.397753
0.141462
0.018165
-0.136033
0.196959
0.067678
-0.243143
-0.158944
0.663193
-0.168219
-0.056114
-0.027417
-0.308094
0.023157
-0.233702
-0.096459
-0.025970
-0.029203
0.070287
0.324778
-0.184226
0.340710
0.278896
-0.192414
0.388408
0.046993
-0.362626
0.453415
0.030306
-0.190689
0.104480
0.493610
0.102856
0.508359
0.461786
0.600473
-0.200838
0.249379
-0.278710
0.512459
-0.027141
-0.245255
-0.193246
-0.017242
0.149580
-0.529738
-0.054660
0.056756
-0.558638
0.076134
0.161586
0.047593
0.187463
-0.124670
0.066573
-0.082712
-0.134396
-0.055953
0.026966
-0.011830
-0.016555
0.165926
-0.003746
0.080857
-0.127668
0.220864
-0.030234
0.288982
-0.004893
-0.095026
-0.245946
-0.237680
-0.345578
0.033491
0.346244
0.419493
-0.227620
0.143779
0.472509
0.042372
0.443245
0.289013
-0.189697
0.670673
0.425610
-0.157331
0.206214
0.259531
-0.369034
0.357537
-0.034825
-0.520285
0.035475
0.090910
0.464398
-0.084134
-0.401039
-0.172785
0.151303
0.083336
0.227217
0.461309
-0.306079
0.108194
0.360940
0.210066
-0.237968
-0.167789
0.333369
-0.312360
-0.296615
-0.163764
-0.043969
-0.602857
-0.303717
-0.083033
-0.224685
-0.036755
-0.031674
-0.031934
0.111305
0.044688
0.362575
0.217415
-0.216897
-0.091288
0.246691
-0.114813
0.186106
-0.093611
-0.249588
-0.123417
0.061722
-0.160318
0.490277
0.294454
0.401125
-0.145068
-0.215019
0.186654
-0.604280
0.205908
0.018680
0.332240
-0.029260
-0.201433
0.408076
0.045870
-0.222010
-0.321318
-0.301681
0.052344
0.019307
-0.220104
0.162974
0.127705
-0.229514
0.215443
0.142691
0.061823
0.016504
-0.122871
-0.081403
-0.115004
-0.132985
-0.478060
0.229225
-0.526133
-0.684138
-0.322216
-0.144718
0.554032
-0.194538
0.177606
-0.026224
0.241222
0.062570
0.354187
0.238837
-0.492368
0.390585
-0.326341
0.264130
0.197941
0.069746
0.201419
-0.060290
-0.142937
0.417130
-0.406556
-0.154027
0.201894
-0.156075
0.164727
0.450318
-0.005425
0.545812
0.093028
-0.025532
0.253685
-0.064640
0.119476
0.271542
0.008820
0.350995
0.181982
-0.288215
0.391701
-0.313459
0.128339
-0.284497
-0.063229
0.151488
-0.105661
-0.312561
-0.182783
0.252812
0.009753
-0.287626
0.214152
0.037381
0.065907
0.342956
-0.270942
-0.264346
0.385815
0.064904
-0.019144
-0.194104
-0.307402
-0.382085
0.181961
-0.161660
-0.033251
-0.157435
0.197861
-0.052909
-0.113263
-0.138270
0.320671
-0.181493
-0.295499
-0.240003
0.050468
-0.024026
-0.029079
0.213173
-0.255984
-0.233639
0.146177
0.371831
0.025748
-0.206421
-0.194109
0.132099
-0.020813
0.229101
0.518410
-0.061523
-0.150454
0.102167
-0.579346
-0.154161
-0.034557
0.208429
-0.125770
0.091223
0.229756
-0.344629
0.142356
-0.027340
-0.222813
0.006152
0.441996
0.045620
-0.046382
-0.290736
-0.192137
0.141657
-0.068109
0.074671
-0.110360
0.056620
0.139463
0.079399
0.103597
-0.053227
0.164232
-0.159559
-0.022306
-0.211202
0.075081
-0.079671
-0.105716
0.114877
-0.351302
-0.154946
0.027854
0.328940
-0.179510
0.079907
0.018745
0.162266
-0.445734
-0.080937
-0.328307
0.463853
0.067805
0.110114
-0.239667
0.413484
0.242908
-0.151956
0.213622
0.064539
-0.548224
-0.338790
-0.108952
0.427601
-0.318739
0.091114
0.217943
0.207505
-0.090593
-0.161826
0.240387
-0.187938
-0.183470
-0.364528
-0.173160
0.277521
0.059440
-0.025289
-0.355971
0.044510
-0.148762
-0.203647
0.161307
-0.175458
-0.538051
-0.309734
0.232002
0.637626
0.238546
0.058765
-0.015759
-0.259481
0.072965
-0.010116
-0.368304
-0.491928
0.067354
0.344489
0.256520
-0.117986
-0.233834
0.443707
0.315388
-0.222388
0.233299
-0.050904
0.061475
-0.131245
-0.022732
0.146691
-0.165644
-0.286047
0.070190
-0.260019
0.007573
0.041641
-0.099704
-0.265480
0.089259
-0.438877
0.308562
0.302135
0.040528
0.079925
-0.210889
0.184304
-0.088612
-0.126094
-0.368604
-0.142132
0.409281
-0.113112
0.038576
0.100863
-0.256433
-0.075777
-0.130895
0.121867
0.082885
0.079739
0.035050
0.058603
0.024556
-0.554335
-0.140962
0.634002
-0.295286
0.125226
0.293446
0.304930
0.038674
-0.191964
0.061226
0.121131
0.185877
-0.159453
0.333893
-0.146126
-0.098372
-0.257317
-0.101053
0.515158
-0.137408
-0.149455
-0.360173
-0.316732
-0.564155
-0.728169
-0.130064
-0.049081
0.353156
-0.077918
-0.117632
0.497641
0.116936
-0.170914
-0.304505
-0.154321
0.160307
0.497034
0.089782
0.013284
-0.225422
0.160377
0.017761
0.081395
-0.165751
0.176138
0.247600
-0.389482
-0.183339
0.085200
-0.280659
0.159192
-0.252602
-0.293031
-0.066377
0.083972
0.304084
-0.159477
0.068204
-0.278291
0.335422
-0.058468
0.420364
-0.009190
0.088856
-0.602269
-0.413043
-0.261843
-0.436547
0.167482
0.122610
0.210915
0.213562
-0.243918
0.078789
-0.146583
-0.144894
0.088928
0.067658
-0.023248
0.257006
-0.234434
0.135863
-0.116856
-0.100006
-0.255645
0.094532
-0.016032
-0.426482
-0.439622
-0.141629
-0.194981
0.356065
0.260382
0.332819
0.147049
-0.165645
0.411188
0.005711
0.014595
-0.298679
-0.429096
0.038288
0.241217
0.113104
-0.297417
-0.267041
0.157275
-0.013701
-0.208007
0.031473
-0.206711
-0.224592
0.054328
0.091138
-0.135031
-0.137309
0.042627
0.653560
-0.219829
-0.115304
-0.177391
0.015378
-0.048671
-0.002498
-0.038794
0.250511
-0.502097
-0.108108
-0.145896
0.088790
0.356645
0.147754
-0.083285
0.400864
0.237702
0.112929
0.095989
-0.299327
0.051665
-0.267517
-0.088403
-0.070035
0.050034
0.031682
-0.274359
0.102267
0.438208
0.323931
0.180301
0.170167
0.795398
-0.231779
0.241600
-0.364224
0.272332
-0.083048
0.525168
-0.300448
-0.184008
-0.067694
-0.434393
-0.096753
0.032820
-0.103619
-0.106787
0.100629
-0.141374
0.552665
-0.140151
-0.069775
0.320066
-0.450966
0.038515
0.040259
-0.184430
0.150827
-0.207944
0.186196
-0.007579
-0.357320
-0.162186
