0.108379
-0.175630
0.236868
-0.253069
-0.116509
-0.191465
-0.116973
0.019141
-0.121366
-0.240160
-0.071170
0.637168
-0.313877
-0.010101
-0.555982
-0.178553
0.068295
-0.441206
-0.203794
0.107112
0.231043
-0.151883
0.190777
-0.044079
0.155396
-0.193933
0.351530
0.151156
-0.237412
-0.126311
0.231440
-0.201781
0.149658
0.287628
-0.001150
0.298938
-0.253385
0.220999
-0.574098
-0.385787
0.267439
0.004676
-0.365631
0.078554
-0.089676
0.137740
-0.030208
-0.648784
0.251958
0.095393
0.124019
-0.402797
0.624386
-0.046658
0.185819
0.614941
-0.010123
-0.211421
0.233121
-0.011632
0.144647
0.295848
-0.159715
0.221794
-0.493039
-0.027742
-0.048250
-0.138897
0.316982
0.299947
-0.085989
0.374576
-0.223769
0.117098
-0.519770
-0.496188
0.125010
-0.131201
-0.097687
-0.034273
0.092099
0.387472
0.023474
0.150438
-0.099752
0.028806
-0.087286
-0.317454
-0.316796
-0.395481
-0.309147
0.305428
0.471647
-0.238694
-0.024321
0.203023
-0.074916
0.167185
-0.138995
-0.302463
-0.170613
-0.235188
0.164889
-0.213160
0.368810
-0.323155
-0.259227
-0.243331
0.046631
0.051530
-0.292904
-0.148405
0.140329
-0.136919
-0.139294
0.227841
-0.365717
-0.267868
0.257127
-0.214419
-0.198236
0.001472
0.323060
-0.115817
0.447561
-0.193570
-0.023235
0.565162
0.298180
-0.187660
0.148148
0.338307
0.544719
-0.086721
-0.282488
-0.520078
-0.307448
-0.338324
0.327766
-0.066415
0.095560
-0.042980
-0.076925
-0.255352
-0.424860
0.381535
-0.392347
0.184437
0.274787
-0.210175
-0.652086
-0.141821
0.075944
0.165108
-0.196164
0.432656
0.097997
0.029950
0.266265
-0.380220
-0.577802
-0.575137
0.445849
0.237883
0.274254
0.003663
0.571451
-0.181202
-0.142829
0.110940
0.127026
-0.194245
-0.015883
0.432109
0.026793
0.011034
-0.051793
0.297179
0.018485
0.249066
0.055455
-0.221327
-0.014150
-0.582300
-0.091219
0.267273
-0.024355
0.186491
0.029839
0.142961
0.062362
-0.323227
-0.407467
-0.078571
-0.147579
0.192601
-0.042594
0.294039
-0.258531
-0.292121
0.158734
0.046161
0.038923
-0.430866
-0.094162
0.799921
0.266294
-0.229830
0.007925
-0.164344
0.524308
-0.314501
0.166366
0.173812
0.181338
0.013580
0.169666
-0.068516
-0.283538
0.091435
-0.198770
-0.228018
-0.136363
0.319039
-0.097983
-0.101099
-0.149082
0.091125
-0.255232
-0.456277
0.210144
0.150168
-0.256572
0.177835
0.146150
0.448782
-0.219083
-0.335769
0.289579
0.303271
0.212007
-0.070098
-0.439999
-0.155177
0.092908
-0.019890
0.080274
-0.132838
-0.311503
-0.324158
0.106351
-0.113308
0.183541
0.027459
0.229189
-0.272186
0.240155
-0.320560
-0.366507
-0.006260
-0.596211
-0.308717
0.186260
0.006712
0.244697
-0.295110
0.175992
-0.444153
0.181685
-0.178535
0.178864
-0.099116
0.094975
0.003822
0.082290
-0.413711
0.074355
0.116231
0.027850
0.018929
-0.296951
0.427765
-0.421221
0.216283
-0.182056
-0.108490
0.073078
0.148241
-0.158145
-0.239190
0.588652
-0.005267
-0.388614
0.379679
0.137888
0.409796
0.140446
0.101067
0.088980
-0.160601
-0.095637
0.022955
-0.227254
0.083551
-0.128392
-0.767726
-0.295259
0.276139
-0.551770
0.408198
0.141806
0.224791
-0.057488
0.066196
-0.176139
-0.051789
0.082346
0.462716
0.144879
-0.147195
0.157203
0.013612
0.017411
-0.231521
-0.051622
-0.578741
0.005165
-0.067943
0.415824
-0.160818
0.226424
0.234672
-0.343603
0.236550
-0.136396
0.293505
0.437832
0.334198
-0.169120
0.208725
0.078744
-0.195809
-0.269430
0.047903
0.630554
0.235188
-0.071676
-0.548482
0.527801
0.592938
-0.248099
-0.130826
-0.120638
-0.138951
0.004713
0.362782
-0.049757
0.078836
0.227429
-0.336546
-0.101549
0.011336
-0.201287
-0.363482
0.584086
0.297860
-0.415301
-0.558249
0.084669
-0.054273
-0.028736
-0.151340
-0.317819
0.063294
0.115268
0.150637
-0.092115
0.673353
0.187689
-0.127140
-0.269543
-0.059274
-0.404394
0.125138
0.676025
-0.097539
-0.030967
-0.390368
-0.497233
0.209285
-0.006111
-0.328529
0.307015
-0.434202
-0.010594
0.129055
-0.479492
-0.054178
-0.359664
0.102964
0.343844
0.313189
0.039808
0.166955
0.050383
0.495594
0.258728
-0.216239
-0.015807
-0.116240
0.497872
0.052608
-0.226981
-0.060868
0.056258
-0.392565
0.117913
-0.092896
-0.305539
-0.175612
0.198319
-0.135791
0.167117
-0.125488
-0.184260
0.182896
-0.034360
-0.128224
-0.426680
0.234074
-0.046155
0.119855
-0.181434
0.217391
-0.105549
0.056559
-0.145897
0.247902
0.089956
0.531041
-0.080730
0.275030
-0.222064
-0.111501
-0.299711
-0.043864
0.099358
0.100418
0.376650
-0.047391
-0.129463
0.457246
-0.000112
-0.481808
-0.350295
0.211324
-0.184117
-0.273159
0.300426
-0.125243
0.062714
-0.302436
-0.304995
0.229176
-0.024148
-0.094282
-0.075924
0.232593
-0.001101
-0.142218
-0.042320
-0.468982
0.133225
0.563586
0.271153
0.242904
0.140826
0.259640
0.120381
-0.257337
-0.189973
0.516020
0.395760
-0.151061
0.092231
-0.026554
0.009615
-0.095893
0.199868
-0.304454
0.431754
-0.095543
0.307064
-0.094651
-0.112986
0.260690
-0.179715
0.200132
0.260343
-0.224151
0.155909
-0.069037
0.554294
-0.116725
-0.006074
0.044966
0.134279
-0.326151
-0.208827
-0.136728
0.217454
-0.080553
0.087534
0.488611
0.500113
0.043192
0.015071
-0.080815
0.251181
0.186355
-0.025724
-0.328457
-0.155825
-0.067195
-0.157732
0.145977
-0.223827
-0.256781
0.266209
-0.005507
-0.148494
0.201200
0.079381
0.007172
0.202655
-0.073212
-0.426264
-0.273394
0.015915
0.456762
-0.156382
-0.432647
0.071799
-0.304946
-0.086879
-0.322470
-0.397693
0.200531
-0.425886
0.273777
-0.100971
-0.110761
-0.483737
-0.297016
-0.044350
0.599356
-0.281651
0.156834
0.213266
-0.157440
-0.171973
-0.053810
0.113826
0.492937
0.043426
0.030277
-0.217261
0.155066
0.108701
-0.058342
0.293455
-0.220316
0.108911
-0.065448
0.653602
-0.037786
-0.139795
-0.090052
-0.240893
0.094340
0.197885
-0.164888
-0.040705
-0.303161
0.410835
0.230239
0.494458
-0.225616
0.152325
0.365977
-0.073274
-0.181582
-0.393577
-0.294787
-0.017309
-0.161848
-0.058912
0.339907
0.192609
-0.275713
0.031768
0.197358
-0.071283
0.285454
0.181521
-0.018165
0.225668
0.051959
0.390097
-0.056965
0.095521
0.460123
-0.032217
0.050698
-0.014995
0.484649
0.137154
0.204558
-0.520237
0.070108
0.076353
-0.033211
-0.436723
0.021093
0.163304
-0.113098
-0.090861
0.006945
-0.203200
0.131950
-0.184695
0.027164
-0.433601
-0.140816
0.255067
0.200865
0.139846
0.160896
-0.259607
-0.020966
0.066407
0.003722
0.027024
0.089551
-0.295832
-0.254734
-0.368351
0.286777
-0.426377
-0.202428
-0.352720
0.208184
-0.192443
0.509921
-0.057275
-0.139496
0.078322
0.171939
-0.104860
-0.344202
-0.011513
-0.191661
0.003192
0.072863
0.069971
0.071815
0.241803
-0.347925
-0.061245
0.151920
0.181275
0.025652
0.442778
0.069679
0.222007
0.199399
-0.139847
0.173831
-0.063352
0.485666
-0.227285
-0.266990
-0.365337
0.192820
0.001563
-0.135451
0.223665
0.367610
0.080398
-0.043295
0.018980
-0.077458
0.322379
0.030077
0.204343
-0.349952
-0.091406
0.050357
0.185085
0.037166
-0.014778
0.115704
-0.148090
-0.006768
-0.318443
0.250736
0.226991
0.056578
0.331196
0.274325
-0.009855
-0.036971
0.140122
-0.000238
-0.488758
-0.302144
-0.072070
0.309789
-0.085889
-0.560027
0.154401
0.004498
-0.161904
0.665269
0.070198
0.250433
0.265056
0.024380
0.280555
0.065714
0.013557
-0.251766
-0.392897
-0.150876
-0.221740
0.006232
-0.018273
-0.084606
-0.095279
-0.164359
-0.098317
0.408306
-0.162706
-0.400993
-0.228884
0.173228
0.200721
0.387370
-0.514339
-0.312405
-0.046936
0.040545
-0.092824
0.127586
0.585753
0.033692
-0.150034
0.054053
-0.259104
0.034543
0.150141
-0.109637
-0.456272
-0.420015
-0.055967
-0.358783
0.201049
-0.045753
-0.133517
0.454020
0.136559
-0.123862
0.144932
0.103059
0.148806
-0.390557
0.099996
0.029421
-0.390651
0.142887
0.244652
0.220044
0.476593
-0.103916
0.578035
0.015982
0.084025
-0.253968
0.119717
0.094354
0.257993
0.400386
0.464280
0.275380
0.060078
-0.179814
0.286825
-0.272913
0.068866
0.146637
0.146529
-0.105082
-0.172449
0.038771
0.112338
-0.275042
-0.242551
0.189815
0.286842
0.103595
0.142090
-0.153143
-0.095812
0.286025
-0.039786
-0.504354
-0.320637
-0.265174
0.313994
-0.210664
0.301834
0.060214
0.370095
-0.187479
0.843330
0.041345
0.048376
-0.080920
0.307632
-0.328445
-0.259588
0.163330
0.016286
0.023869
0.070417
-0.004132
0.199585
0.111779
0.211144
-0.051135
0.019987
-0.083370
0.118481
-0.129013
-0.211179
-0.091301
-0.112263
-0.204993
0.212005
0.529998
-0.003050
-0.070681
-0.482092
-0.362262
-0.101619
-0.401597
-0.028027
0.389043
-0.491140
0.003474
-0.926438
-0.139171
0.133924
0.165474
0.078637
-0.035084
-0.606286
-0.176743
-0.145129
0.182328
0.261670
-0.092855
0.191456
-0.364386
0.072764
0.518350
0.142068
-0.027599
0.161935
0.249076
0.087330
-0.248405
-0.279405
0.179303
0.722442
-0.214747
0.049330
0.175926
0.155475
-0.148308
-0.110121
0.092858
0.260333
-0.261234
-0.177263
0.029113
-0.491594
-0.574145
-0.137166
-0.424715
0.138103
-0.037592
-0.046416
0.501946
-0.283589
-0.110366
-0.003226
0.537653
0.153519
-0.158703
0.199248
-0.377055
-0.271561
-0.021168
-0.130713
-0.156809
-0.438131
-0.488254
0.044501
0.314543
-0.192803
-0.109293
-0.295799
-0.495480
0.281443
0.408632
-0.022572
0.042742
-0.040561
0.349420
-0.110851
0.007356
-0.265736
0.259923
-0.003252
-0.172807
0.011341
0.122767
0.104075
-0.337873
0.053345
0.113787
0.041420
-0.044696
0.063211
0.227038
0.154670
-0.007798
0.243791
0.287969
-0.060794
0.588704
0.211606
-0.149919
0.086637
-0.230079
0.587983
-0.124687
0.685746
-0.416805
-0.093102
-0.165989
0.427425
-0.113295
0.471556
-0.230686
-0.027853
0.124886
-0.132781
-0.708795
-0.369888
-0.043326
0.138735
-0.170910
0.048922
0.073414
-0.553371
-0.107048
-0.332316
0.053195
-0.177337
0.077108
-0.044398
-0.223268
-0.145170
0.150756
0.361033
-0.236408
0.245984
0.217925
0.039969
-0.151244
-0.117471
0.124122
-0.120331
0.229786
-0.244475
0.033506
0.124058
-0.237503
-0.181774
-0.008646
-0.176815
0.277816
0.479231
0.284400
0.080276
-0.058767
-0.049756
0.020514
-0.929474
0.116366
-0.332986
0.129578
0.299755
-0.425044
-0.154803
-0.263295
-0.237204
-0.138901
0.301119
0.043218
-0.144493
-0.255016
0.127780
-0.261318
0.353250
-0.131160
-0.388657
0.423284
-0.070266
0.351053
-0.252722
0.365935
-0.206300
0.088672
0.051765
0.242626
0.021992
-0.394581
0.231891
-0.194466
-0.030163
-0.559911
0.066887
0.192763
-0.091662
-0.464838
-0.054121
-0.372192
-0.255299
-0.165839
-0.397766
0.465073
-0.371585
-0.290041
-0.082451
0.007218
-0.284315
0.749401
-0.430580
-0.482540
-0.321143
-0.136971
0.022729
0.396618
-0.354745
-0.015586
-0.139040
0.236272
-0.422185
-0.083630
0.617898
-0.280771
-0.406045
0.134187
0.190466
0.315322
0.040207
-0.186197
-0.433203
0.211207
-0.141728
-0.081869
0.096059
-0.245509
-0.046787
0.178148
0.202072
0.163618
0.626155
-0.093123
0.415572
0.353539
0.454789
-0.214238
-0.041958
0.509433
-0.217320
0.528213
-0.490578
0.005818
-0.107850
0.021218
0.266837
0.117053
0.163291
-0.125277
-0.193949
-0.439353
-0.582698
-0.091259
0.108892
0.056513
0.060972
-0.287689
0.158847
-0.197346
0.106431
-0.214790
-0.229645
0.502944
-0.065032
0.421067
0.209435
0.276164
0.083246
0.245745
-0.112845
0.088402
-0.356614
-0.121995
-0.451138
-0.356456
-0.087791
-0.227715
0.362904
-0.106664
-0.031603
0.138987
0.355203
0.309886
-0.046192
-0.383796
-0.150170
-0.198081
0.116600
0.040807
0.179290
0.070811
-0.296744
-0.167072
0.377346
0.112266
-0.355843
0.038361
-0.195703
-0.184800
-0.509000
-0.092959
0.227788
0.127892
0.029340
0.113846
0.083747
-0.063586
0.067115
-0.007765
-0.056542
-0.643195
0.247008
-0.233473
-0.296192
-0.059417
0.193009
0.364940
-0.205409
0.016241
-0.235332
0.237498
-0.223484
-0.343547
0.266318
0.109302
-0.545530
0.118940
0.004081
-0.166933
-0.466506
0.110089
0.601697
-0.428690
-0.121673
-0.095816
0.208304
-0.047676
-0.282813
0.064609
-0.369055
-0.199350
-0.270313
-0.220455
-0.021322
-0.346151
0.173255
-0.356583
-0.073549
0.098432
0.174813
0.038429
0.319513
0.223819
-0.336940
0.142581
0.177256
-0.162654
-0.167159
0.429266
-0.076511
-0.527555
-0.132040
0.148819
-0.235930
0.041428
-0.225166
0.119245
0.240663
0.197741
0.170799
-0.452060
0.313906
0.014010
0.044799
0.078845
0.001501
0.070322
0.048885
-0.042902
0.142585
0.292166
-0.109740
-0.040011
0.111046
-0.435700
-0.252638
0.466721
-0.511355
-0.100346
-0.486505
-0.113192
0.273835
-0.254030
0.045999
0.327949
0.052295
0.317853
-0.034655
0.272821
0.018476
-0.112107
0.237013
-0.480676
0.260253
-0.043325
0.567105
0.196380
0.249188
0.045356
0.379549
0.067183
0.249723
-0.295915
0.085716
-0.196239
-0.002660
-0.066891
-0.525914
0.504272
0.281942
-0.243581
0.010919
-0.029942
-0.041609
-0.215049
0.146156
0.403255
-0.217369
-0.106269
-0.319888
-0.110336
-0.242325
-0.698253
0.259249
-0.089822
-0.322417
0.490429
-0.390435
0.132035
0.109404
0.016007
-0.385141
0.195868
0.572439
-0.176712
0.155385
0.200115
0.142457
-0.189868
0.259331
-0.011991
-0.482263
-0.054604
0.026042
-0.043690
-0.443058
-0.197874
-0.095613
0.020556
0.397178
-0.032199
0.065818
0.270420
0.185788
-0.357130
-0.104154
0.433786
0.190104
-0.119040
-0.127422
0.338132
-0.448986
0.263138
0.148032
-0.098104
0.143235
0.149508
-0.247781
-0.106206
0.141983
0.412771
-0.216802
-0.291550
-0.184099
-0.070352
0.266799
-0.272700
-0.359266
-0.057373
-0.189549
0.003619
-0.051058
-0.015615
-0.194521
0.223241
-0.029076
0.071158
-0.081330
-0.009797
0.190550
0.131529
0.422463
0.461217
-0.062134
0.293024
-0.094046
-0.324166
0.011219
0.244573
0.129396
-0.006353
0.242802
-0.296049
-0.079639
-0.311724
0.355217
-0.599762
0.338851
-0.121001
-0.304844
-0.571960
0.026436
0.475177
0.234033
0.421120
-0.016331
0.291342
0.142018
0.172323
-0.280270
-0.315407
-0.024373
0.184957
0.314176
0.250295
-0.516425
-0.121575
0.000103
0.083277
0.323222
0.243469
-0.007598
-0.306875
-0.389850
0.201074
-0.096932
-0.149539
0.355794
0.229736
-0.344626
0.272517
-0.128189
0.136657
0.077432
0.200413
0.098963
-0.057256
0.316005
-0.159863
0.291657
-0.137478
-0.089312
0.136458
-0.551192
0.049566
0.092887
-0.112537
0.270962
0.043883
0.029551
-0.093844
-0.165561
-0.367735
0.001423
0.044242
0.235282
-0.214695
-0.452532
-0.066154
-0.141582
-0.014800
-0.328809
-0.542217
0.348583
0.417863
0.044443
-0.240749
0.390325
0.316488
0.246265
-0.048827
-0.035726
-0.126148
0.032769
-0.073755
0.062821
0.087372
0.021309
0.092756
0.234663
-0.091615
0.166179
0.219152
-0.033494
-0.082326
0.039434
0.030028
0.447547
-0.437877
0.034439
-0.015062
0.100698
-0.134859
0.324978
0.067386
-0.055622
-0.358341
0.065861
0.137392
0.248049
0.221830
0.026305
-0.230922
0.036192
-0.132192
0.412710
-0.301914
0.171294
-0.126003
-0.322856
-0.147834
0.287192
0.204632
0.141900
-0.312423
-0.112039
0.657433
0.467981
-0.352623
-0.549776
-0.386768
-0.020756
-0.494844
0.358497
0.042893
0.136514
-0.024737
-0.010149
-0.279055
0.084994
-0.354303
-0.103340
-0.510960
-0.267991
0.233028
-0.341324
-0.248662
-0.372985
-0.439918
-0.261355
0.051337
-0.134309
-0.156195
-0.044843
-0.228206
0.042340
-0.138340
0.540464
-0.081320
-0.480204
0.585876
-0.284011
0.124484
0.353578
0.037273
-0.320323
-0.251398
-0.625281
-0.058030
0.329171
0.226679
-0.157341
0.508384
-0.147993
-0.018545
-0.163806
-0.102420
-0.375182
0.112504
0.009691
-0.699442
0.336537
0.013723
0.043970
0.027515
-0.246570
-0.569742
0.235384
0.131678
0.021827
-0.114177
-0.192988
0.035796
0.262389
-0.088119
0.344596
0.208621
0.031879
-0.029924
-0.132066
-0.197511
-0.384986
0.171060
-0.320985
0.033708
0.124379
-0.023292
0.010970
0.466040
-0.451770
-0.225331
0.289043
0.443581
0.208903
-0.316486
0.056941
-0.146382
0.234815
0.344061
0.002783
-0.094555
-0.396050
-0.090083
0.182739
-0.061616
0.480265
-0.308794
0.115007
0.329152
-0.011489
-1.004001
-0.391039
-0.083480
0.040134
-0.067975
-0.267182
0.090543
0.612142
0.068702
-0.024193
-0.052687
0.175396
-0.064907
0.333862
-0.048336
0.082948
-0.417771
-0.076717
0.116757
-0.042219
-0.044384
0.426987
-0.268289
-0.013996
-0.374367
0.339827
0.443041
0.279205
0.345171
-0.018717
-0.127212
-0.246714
0.241945
-0.271729
0.191722
0.405167
-0.066330
0.410935
0.532557
0.486311
-0.107987
0.326623
0.198439
-0.257265
-0.106147
0.287244
0.371979
-0.294452
-0.345533
-0.218015
0.167344
-0.340103
-0.114051
-0.108351
0.534507
-0.162289
0.109991
0.117258
-0.119795
-0.275649
0.271608
-0.362275
0.431783
0.356884
0.041155
-0.157011
-0.168806
-0.287323
-0.382115
0.110966
0.403164
-0.027607
-0.130558
0.244423
-0.331322
0.607871
-0.028019
-0.086599
0.066160
-0.043690
-0.053594
0.160509
0.262253
-0.148738
-0.062811
-0.317976
0.066833
0.144132
-0.358198
-0.251927
-0.143942
0.175100
0.106053
-0.039185
-0.201120
0.157251
0.132163
0.099346
0.210892
0.075790
0.676016
0.095474
0.456232
-0.242861
0.114778
0.011837
-0.363957
-0.079991
-0.022470
0.511350
0.261194
0.075658
-0.066113
0.145560
-0.186138
0.241453
-0.219693
0.143711
0.151937
-0.334151
-0.167900
-0.001857
-0.667941
-0.329812
-0.241799
-0.378613
-0.561139
-0.476136
-0.803955
-0.192653
-1.001228
-0.735712
-0.358369
-0.236035
-0.839934
-0.320239
-0.005214
-0.080832
0.044646
-0.366381
-0.081443
0.092368
0.336890
-0.139497
0.213414
0.553385
0.658053
0.187409
0.368153
1.033946
0.556913
0.941571
0.388254
0.575271
0.457899
0.568160
0.850753
0.757308
0.880722
0.208409
0.439563
0.205685
0.174096
0.215635
-0.027516
-0.490964
-0.398123
-0.171651
0.450799
-0.809666
0.086058
-0.014748
-0.339617
-0.112097
0.092171
-0.434866
-0.261942
-0.135504
0.128759
-0.025658
0.511706
-0.231352
-0.156768
-0.210818
0.077082
-0.168112
-0.119952
0.322711
-0.330606
-0.170021
0.116657
-0.027970
0.074104
0.305919
0.279704
-0.173267
0.296109
-0.099739
0.039538
0.177915
0.265407
0.324258
0.218533
0.025276
0.433866
-0.288486
0.170711
0.274658
-0.546809
0.112679
-0.106276
-0.184046
-0.402359
-0.180051
-0.031912
0.175147
0.196282
-0.295152
-0.133144
-0.157101
-0.635315
-0.002367
0.208670
0.036412
0.164049
-0.025236
0.460770
-0.033773
-0.639411
0.137286
-0.250581
0.165791
-0.025871
0.012410
-0.171137
-0.414831
-0.255895
0.110670
-0.353697
0.015819
0.046560
0.233296
-0.209027
-0.196716
-0.132252
-0.107261
-0.204318
0.000087
0.441670
-0.245084
0.333588
0.100159
-0.326022
0.085282
0.061387
0.218762
-0.110961
0.256943
-0.206936
-0.235185
0.575217
0.192908
-0.086921
0.276539
0.387540
0.602412
0.052297
0.003166
0.119683
0.226943
0.570749
0.176091
-0.614899
-0.465604
-0.062558
-0.086162
-0.519611
-0.192009
0.476609
-0.178737
-0.434807
-0.238372
0.235957
0.204764
-0.099234
0.100028
0.129512
0.334565
0.367850
0.265803
0.199829
0.120634
0.013074
0.179880
0.053327
-0.189981
-0.183688
0.373597
0.046585
-0.082364
-0.017097
-0.276768
0.430477
0.021128
-0.025889
0.130467
0.230122
0.114334
-0.353799
-0.675486
-0.230981
-0.351335
-0.281849
0.093902
-0.487692
0.330631
0.164301
-0.080151
-0.278976
0.024743
-0.155185
0.379583
-0.145211
0.345062
0.197242
-0.486947
0.178304
-0.014443
0.268289
-0.017878
0.076425
0.375323
-0.075651
0.250979
-0.214126
-0.290171
0.214417
-0.229197
-0.141293
0.151436
-0.232741
-0.114108
-0.025334
-0.416131
-0.258247
0.240154
-0.033858
-0.046311
0.167249
0.213297
0.086036
-0.074030
-0.001325
0.196213
-0.228769
0.310911
0.287777
0.268890
0.132885
0.183055
0.180083
-0.132104
-0.425122
-0.123233
0.157191
-0.260350
0.157522
0.194513
-0.187835
-0.064848
-0.743737
0.342252
0.039655
0.148259
0.574741
-0.052632
-0.239725
-0.567538
-0.347510
0.180256
0.248394
-0.062263
0.067725
-0.088465
0.289874
-0.205730
0.370670
0.193952
0.211296
0.317106
0.596180
0.236663
0.214389
0.293791
-0.227650
0.367178
-0.210628
0.151925
-0.343869
-0.217261
-0.450017
0.262556
-0.387891
0.111686
-0.237970
0.008563
-0.209750
0.014685
-0.144308
0.159909
-0.097385
-0.122128
0.695486
-0.173600
0.170615
0.260474
0.144212
0.165015
-0.600468
0.262112
-0.360647
0.183115
0.010653
0.214351
-0.336756
-0.015105
-0.142224
0.155017
0.325986
0.040188
0.015991
-0.070046
-0.551993
-0.041474
-0.158244
0.103870
-0.416102
-0.254224
0.278843
-0.226157
0.168128
0.233609
-0.253186
-0.422658
0.013593
-0.197060
0.390235
-0.130569
0.647048
0.152436
0.009543
0.291893
0.217586
0.064176
-0.303034
0.061740
0.293734
0.642016
0.259481
-0.052478
0.274367
-0.222990
0.327871
0.031709
-0.169779
-0.286998
0.069433
0.489023
-0.163250
0.031890
-0.234124
-0.201618
-0.232578
-0.028417
-0.214031
0.210296
0.211830
-0.158760
-0.328571
-0.073026
-0.065181
0.386008
-0.228138
0.164649
-0.169413
0.014083
-0.340185
0.277670
0.004294
-0.053941
0.161759
-0.661842
-0.273875
-0.365721
0.350553
0.147080
0.442048
-0.573259
-0.324669
0.100775
-0.186872
0.021311
0.299132
-0.113946
0.001290
0.311116
0.073362
0.408206
0.018183
-0.136569
-0.414717
0.000547
-0.145214
0.422734
-0.177957
0.656044
0.000026
-0.194691
0.122572
0.203371
0.714192
0.251995
0.361977
-0.098972
-0.429580
-0.185922
-0.193897
0.374677
0.272696
-0.015607
-0.028118
-0.259459
-0.063675
-0.014801
0.323316
-0.077575
-0.329343
0.321835
0.112962
-0.046320
-0.535845
-0.314169
-0.041028
0.007583
-0.023712
0.367397
-0.016414
-0.169505
0.246989
0.403863
-0.083556
0.103822
-0.162924
-0.107185
0.252902
0.615700
-0.325372
-0.223440
-0.348532
0.646359
-0.220317
-0.621061
0.378025
0.272595
-0.656296
-0.176138
0.115127
0.323733
0.637923
-0.014062
0.102902
0.055377
-0.082109
0.006183
-0.072930
0.033449
0.545320
-0.105267
0.082928
-0.111137
0.016522
-0.172742
-0.201717
-0.355353
-0.064678
-0.098283
-0.219903
-0.082530
-0.166695
0.133325
-0.300569
0.344611
0.374093
0.361399
0.002765
0.323376
-0.154524
0.230509
-0.215391
0.566818
-0.522380
-0.057857
0.002434
0.485488
0.300098
-0.125865
0.561142
-0.349118
0.227843
0.058181
-0.042391
-0.324141
0.055655
-0.004191
-0.624765
-0.236472
-0.051373
0.018409
-0.149927
-0.337823
0.185917
0.022774
-0.211924
0.142074
0.137643
-0.037725
-0.100274
-0.023758
0.031313
-0.446629
0.440060
-0.005109
0.109242
0.490021
-0.311618
-0.254777
0.030231
0.073905
0.075951
-0.278241
-0.486282
-0.123716
0.024245
0.379416
0.152124
0.400169
-0.433906
-0.146625
0.067891
0.226600
0.155132
0.422344
-0.348920
-0.336154
0.331935
0.270879
-0.023074
0.131265
0.193429
-0.077496
-0.250308
0.465921
0.190895
-0.247422
0.367275
-0.283346
0.210707
-0.388995
0.264219
0.099529
-0.292716
-0.138062
-0.118566
0.244574
0.118524
0.414905
-0.137795
-0.028735
-0.194166
-0.002987
-0.012017
-0.401388
0.756673
0.312758
-0.049753
0.540347
0.218542
-0.113288
-0.480178
0.034946
-0.020557
0.164646
-0.103595
-0.409983
-0.377205
0.005661
-0.133373
-0.168848
0.205009
0.027606
-0.347316
0.140161
-0.086642
0.377679
-0.397387
0.343730
-0.222765
0.080502
-0.218200
0.067591
0.064138
0.032145
-0.055927
-0.085883
-0.194722
0.203281
0.494193
0.504018
0.278666
0.622990
-0.065987
-0.119831
0.270607
-0.282387
0.279148
-0.181774
-0.053881
-0.298030
0.314022
0.151921
-0.477017
-0.089861
0.535018
0.480855
-0.189828
-0.062162
-0.368552
0.258612
-0.270730
-0.122283
0.343636
-0.334836
-0.018437
-0.251134
-0.049319
-0.273851
0.402593
-0.126861
0.272044
-0.054362
0.344382
0.122333
-0.386242
0.437612
-0.108865
0.117135
0.182334
-0.236266
-0.130880
-0.085829
0.195237
0.009975
0.247788
-0.264800
0.178778
-0.539278
-0.320957
0.084738
-0.225143
-0.686122
0.261673
-0.188017
0.220102
0.053038
0.191007
-0.059715
0.336002
-0.229296
-0.428336
-0.044348
0.029962
0.089327
-0.147559
0.174704
0.391996
0.354092
0.401243
0.018412
0.522333
-0.298934
-0.104981
0.141162
0.230089
-0.173644
0.555616
-0.015824
-0.102584
0.103078
-0.100139
-0.076711
0.208522
-0.458684
-0.073611
0.416012
-0.002428
-0.286174
0.502172
-0.207595
0.153218
0.501030
-0.002782
0.247050
0.485252
-0.407066
-0.739775
-0.409649
-0.115173
0.079587
0.341028
0.191961
-0.288530
-0.090780
-0.363729
0.030237
0.162700
-0.050577
0.050270
0.036429
-0.192749
-0.243841
0.477708
0.149865
0.118749
-0.075059
0.261352
0.101076
0.133894
0.127710
-0.284072
0.057193
0.160817
-0.061496
-0.200245
-0.260577
0.094092
0.213509
0.010537
0.043712
0.154759
-0.315508
-0.101504
-0.275816
-0.260762
0.142685
0.098867
-0.092179
0.076008
0.145647
0.013680
-0.283555
0.034468
0.157010
-0.013201
-0.466480
-0.237183
0.046425
-0.405204
-0.129838
0.391882
0.152579
-0.289810
-0.041046
0.070773
0.619717
0.184878
0.041238
-0.288395
-0.041573
0.477519
0.286593
-0.016749
-0.285010
-0.238353
0.505011
-0.219275
0.252186
-0.529867
0.221602
0.545596
-0.076835
-0.172808
0.186628
0.124274
-0.373385
0.199232
0.285246
-0.225345
0.025642
0.269655
-0.151824
0.406739
-0.347244
0.347359
0.123052
-0.578489
-0.240646
-0.066338
-0.045679
-0.082075
0.435285
-0.072675
0.310567
-0.451033
-0.252922
0.412130
-0.189817
0.644127
0.003686
-0.261658
-0.220877
-0.030840
-0.004231
-0.043604
0.000757
0.177328
-0.201438
0.267537
0.275177
0.117373
0.183381
-0.187269
-0.080712
-0.338699
0.485119
0.034748
0.067073
0.102033
-0.070158
-0.080850
-0.388065
-0.023961
-0.319397
-0.164468
0.324343
0.080204
-0.120964
-0.382074
-0.352631
0.010379
0.223560
-0.407206
0.665342
0.361874
0.028410
0.318880
0.268562
-0.217314
-0.103006
0.171558
0.059994
-0.375683
0.754079
-0.557410
0.313449
-0.002692
-0.438740
0.146651
-0.234843
-0.080412
0.037403
-0.075452
-0.183886
0.152037
0.071733
0.063723
0.160063
0.306512
0.351170
0.186459
0.229600
-0.359987
0.134110
-0.365891
-0.090636
0.252060
-0.187015
-0.405039
0.172963
-0.524249
0.372593
0.011485
-0.212989
-0.170398
0.183296
0.272386
0.116496
-0.264388
-0.501494
-0.090659
-0.221962
0.617612
0.494587
0.000683
-0.170159
0.442853
-0.133488
0.245214
-0.022877
0.043430
0.154301
-0.002867
0.073944
-0.028012
-0.150806
0.051219
0.438441
-0.535284
0.286531
-0.447028
0.175719
-0.117798
-0.015402
0.053610
0.008605
0.156501
-0.232747
-0.269417
-0.316359
0.045046
-0.063947
0.181611
0.138539
-0.495303
-0.032996
0.091143
0.188765
-0.093226
-0.111872
0.005926
-0.176252
-0.404939
0.236193
-0.135539
-0.268659
-0.415655
-0.168975
-0.314902
-0.171743
0.478139
-0.064712
-0.049209
0.268320
0.110402
0.048090
0.130165
0.001663
0.159620
-0.071996
0.234475
0.256264
0.043055
0.144549
-0.147104
0.430417
-0.377199
0.687256
-0.557803
-0.266346
-0.267318
-0.543880
-0.085307
0.307505
0.329482
-0.385146
0.243138
0.172033
-0.213382
-0.297682
-0.492421
0.137243
-0.013996
0.308945
-0.127003
-0.540529
0.125988
0.388606
0.342951
0.057069
0.113624
-0.038741
-0.300119
0.149439
-0.586336
-0.000348
-0.187993
-0.097728
0.065591
-0.381686
0.194447
0.368008
0.278451
0.191801
-0.183324
-0.230974
0.100482
-0.175951
-0.199560
0.298931
-0.204136
-0.856025
0.087216
0.038783
-0.155825
-0.216507
0.361932
0.058318
-0.104807
-0.063974
-0.089340
0.011009
-0.177283
0.332884
0.313505
-0.178026
-0.263062
-0.116031
-0.079390
0.185790
-0.008837
-0.121233
0.338519
0.118806
0.294565
-0.383072
0.137199
-0.309217
-0.065531
0.480228
-0.328313
0.443556
-0.126375
0.284972
0.118957
-0.071139
-0.110819
0.077044
-0.139443
-0.042178
0.264327
0.537307
0.104768
0.374328
0.144923
-0.202966
-0.564969
-0.238495
0.254476
0.014799
-0.038959
-0.362865
-0.073713
0.197360
-0.120283
-0.031226
-0.102973
-0.112580
-0.244910
0.197353
0.111693
0.161299
-0.375791
0.030421
-0.007550
-0.002406
-0.198820
-0.265621
-0.325197
0.197431
-0.408806
0.294163
0.063427
-0.132647
-0.150955
0.229783
-0.265740
-0.366567
0.081218
0.292499
0.438998
-0.148657
0.159121
0.061726
-0.366680
0.273024
-0.250759
0.472605
-0.103750
0.171578
-0.219347
-0.246276
-0.669279
0.190614
-0.448218
0.104658
0.099219
0.150661
0.407065
0.141610
-0.282575
-0.108920
-0.066337
0.133212
0.101520
0.137492
0.257434
0.354321
-0.876028
0.010528
0.051429
0.517218
0.510271
0.065510
0.102376
0.189382
-0.441404
0.441534
-0.241076
0.510605
0.026562
0.239114
-0.256419
0.106797
0.058984
0.359698
0.007345
0.192421
-0.301543
-0.488038
0.068150
0.036831
-0.063785
0.244984
0.061171
0.013446
0.001100
0.317393
-0.099391
-0.159333
-0.284469
-0.142990
-0.531986
0.034411
0.085829
-0.287477
-0.135288
0.147246
0.088179
-0.062905
-0.238188
-0.210377
-0.037820
-0.020009
-0.388784
-0.059828
-0.170842
0.608466
0.436039
-0.207503
0.223225
-0.104749
-0.226622
0.211846
0.625358
-0.222397
0.011907
0.125656
0.616038
-0.088572
0.131037
-0.084173
-0.407427
0.119242
-0.063527
0.284187
-0.280522
0.070324
-0.275513
-0.215638
-0.108329
0.514124
-0.159482
-0.505764
-0.009830
0.062271
0.380442
0.019202
-0.069339
0.155072
0.197277
-0.192459
0.250211
0.360551
-0.251009
-0.394992
-0.096432
0.194020
-0.023849
-0.252848
-0.040838
-0.144457
0.075904
-0.309029
0.048876
0.059513
0.236046
0.208668
-0.117660
-0.084444
0.387402
0.250657
0.056965
-0.295010
0.077448
0.001174
0.413843
0.115262
-0.360910
0.354077
-0.303316
-0.047883
0.061086
-0.508788
0.329670
0.130676
-0.236991
0.150798
0.021696
0.263813
0.299492
-0.092133
-0.152134
0.194493
-0.431784
0.162161
-0.079428
-0.574052
-0.136037
0.179643
-0.174780
0.385368
-0.092128
0.214894
-0.289251
-0.229075
0.069838
-0.025435
-0.404632
-0.578842
0.139588
-0.306058
0.110945
-0.101366
-0.159394
-0.157827
-0.102775
0.030486
-0.254601
0.007553
-0.209115
0.039552
0.028726
-0.316725
0.193276
0.503961
0.417554
-0.323012
-0.128740
-0.016355
-0.100608
-0.047561
-0.289890
-0.075273
-0.121903
-0.188948
-0.102417
0.134881
-0.160029
0.128080
-0.149642
-0.299300
0.350477
0.049780
-0.105332
0.452081
0.415378
0.276997
0.059321
-0.232676
-0.024230
0.362925
-0.352356
-0.178464
0.253791
-0.025512
-0.059558
-0.357998
0.386217
0.118371
0.159119
-0.214411
-0.257083
0.005057
0.002835
0.071126
0.022369
0.037413
-0.209844
0.126001
0.212363
0.250341
0.103360
-0.142798
-0.370926
0.037460
-0.001516
-0.007379
-0.134121
0.276258
-0.351079
-0.203414
-0.173458
0.156564
-0.030769
0.078517
0.058197
0.018857
0.154679
0.063816
-0.011388
0.168353
0.486861
0.075628
0.136534
-0.098823
-0.282120
-0.048520
0.028772
-0.163262
0.086223
0.287051
0.226171
0.051860
0.377841
0.309703
0.149716
0.432131
0.080100
0.167803
-0.088494
-0.116871
0.158221
0.017410
-0.175673
-0.582847
-0.390178
-0.514586
-0.210940
-0.184259
-0.136011
0.051898
-0.224014
-0.063734
0.170213
-0.133038
0.338730
0.017986
-0.356723
-0.127212
0.579292
-0.292700
-0.290682
-0.166257
0.560248
0.129915
0.261672
-0.080309
0.383837
0.092306
0.353554
0.117204
0.202213
0.281796
0.088272
-0.099868
-0.013411
0.167641
0.089712
-0.053314
0.109101
-0.080016
0.723124
0.183690
-0.483994
0.071359
-0.124129
-0.022010
0.072381
-0.102195
0.139252
0.060213
-0.193503
0.109829
-0.110087
0.254264
-0.298771
-0.227960
0.433725
-0.078756
-0.105276
0.092372
-0.350471
0.239019
0.279623
-0.179082
-0.329493
0.049696
-0.254732
0.285984
-0.181584
-0.174696
0.151462
-0.440088
-0.033758
-0.265935
0.020551
0.351344
-0.019815
-0.014827
0.083522
0.205451
0.246975
-0.326901
-0.151683
0.288947
0.081726
-0.283162
0.067841
-0.556369
-0.138235
0.166661
0.437893
0.315134
0.125531
-0.058263
-0.141649
0.636756
-0.320395
0.286438
0.254242
-0.245999
0.017604
-0.014435
0.162972
0.051107
-0.070432
0.046885
-0.473242
0.448499
0.093292
-0.007870
-0.115179
0.181040
-0.053437
-0.027603
0.477721
-0.289072
-0.097134
0.204663
0.072875
0.052820
-0.286272
-0.104223
-0.280372
0.176938
0.144572
-0.228594
-0.206348
0.003118
0.360839
0.089418
0.492797
0.149596
0.205862
0.379593
0.235507
0.358684
0.178346
0.018963
0.015014
-0.501157
-0.344404
-0.259558
0.188530
0.042961
0.009812
0.224369
0.331210
0.026540
-0.169073
-0.004314
0.154938
0.482120
0.091559
-0.691984
0.507420
0.344560
-0.069733
-0.259578
-0.348328
-0.073746
0.373331
0.109216
0.018484
0.495622
-0.044417
0.043291
-0.142353
-0.169399
0.004602
0.559945
-0.032952
0.097727
-0.014992
0.036473
-0.045878
-0.251656
0.115864
0.220873
-0.325049
-0.272397
-0.145080
-0.125117
0.324028
0.083323
-0.346934
-0.038362
-0.193247
-0.282978
-0.218765
0.445918
-0.273237
0.021797
0.258284
0.192897
-0.285278
0.572188
0.269561
-0.206573
0.098583
0.329789
0.040212
-0.231814
0.330691
-0.002631
0.060569
-0.048286
-0.135032
0.148209
0.040401
0.165045
-0.331979
-0.242669
0.169610
-0.157540
0.070289
-0.199531
0.403512
0.589808
-0.006318
-0.123861
-0.194812
0.063893
-0.204147
-0.219481
0.176633
-0.180717
-0.282492
0.118355
-0.075223
-0.312490
0.086320
0.388991
0.156082
-0.593422
-0.631440
0.371195
-0.323801
-0.018199
-0.037802
-0.323470
0.016287
-0.222336
-0.334433
0.448555
0.098229
0.167014
0.280626
0.223193
-0.297662
0.073780
0.039290
-0.203691
-0.284227
-0.012287
0.327856
-0.510425
0.064285
-0.559811
-0.308117
-0.199954
0.171734
-0.002730
0.462307
-0.643878
-0.048711
0.003643
0.210551
-0.007581
0.052458
0.109847
-0.338626
0.491386
0.139577
-0.261931
-0.040624
-0.419652
-0.287374
-0.038285
0.156350
-0.319761
0.081445
0.221690
0.358117
-0.056811
0.364746
0.441772
0.109294
-0.151848
-0.056092
0.329104
-0.054994
-0.536951
0.173949
-0.806403
-0.035693
0.207375
-0.305162
-0.016937
0.537310
0.374704
0.221136
0.237595
-0.185157
0.122800
0.159987
0.062810
0.167531
-0.276402
0.116879
-0.404074
0.218437
-0.086504
0.373039
-0.114413
0.041477
0.336666
0.154145
-0.017881
0.009395
-0.270008
0.392892
0.062985
-0.158124
-0.021794
-0.225082
-0.267896
0.399993
0.243795
0.282351
-0.375865
-0.219181
0.326167
0.005707
0.224364
0.404465
0.477372
0.425928
-0.206225
-0.061040
-0.526722
0.178015
0.654826
0.823424
0.222446
0.212217
0.010874
0.236753
0.201675
0.018910
-0.480485
-0.162359
-0.245567
-0.360398
-0.137071
0.005626
0.159676
0.159211
0.113171
-0.034200
0.312813
-0.100488
0.139127
0.012243
0.133804
0.514864
0.340813
-0.455685
-0.489665
0.394040
-0.289685
-0.004285
0.069376
-0.286178
-0.262989
0.335998
0.283260
0.301948
-0.174368
0.076919
0.431620
0.444192
-0.048646
0.496726
0.024952
-0.320573
-0.054032
-0.402432
-0.443690
0.357764
0.132333
-0.331633
-0.003873
0.135192
-0.153569
0.350978
-0.182606
-0.037411
0.309227
-0.288692
-0.204518
-0.295590
0.305243
-0.069532
-0.063229
0.305674
-0.188010
-0.194792
-0.101118
-0.151615
0.546469
-0.248262
-0.009222
-0.223944
-0.084485
-0.096008
-0.144152
0.282497
-0.323793
0.369416
-0.120554
0.578110
0.340290
-0.028306
0.494100
-0.096379
-0.056928
-0.297098
0.312653
0.373495
-0.166720
-0.137695
-0.418032
0.265993
0.043753
0.060762
0.208781
-0.683962
-0.173348
0.149381
-0.192864
-0.494837
-0.355634
-0.258717
0.225877
-0.037600
-0.115818
-0.128559
0.003732
0.373199
0.189566
-0.004714
0.436817
-0.422378
-0.131221
-0.368542
0.018491
-0.633685
-0.152978
0.035136
0.080489
-0.148321
0.026091
0.099037
-0.123449
-0.299871
-0.223714
-0.294371
-0.226458
-0.386743
0.042944
-0.404267
-0.115205
-0.500762
0.647707
-0.176643
0.497727
0.003109
0.374751
-0.262804
-0.729590
-0.574897
-0.548074
0.012232
0.182104
-0.104430
0.017882
0.270234
0.517252
0.008636
0.011482
-0.015167
-0.282438
-0.435074
0.043526
-0.088863
0.184262
-0.077838
0.216884
-0.578827
-0.069845
-0.100555
-0.092359
0.255811
-0.133269
-0.062801
-0.207917
0.350243
-0.222759
-0.517788
0.151727
0.117771
0.011721
-0.188041
0.088094
-0.181824
-0.206803
-0.354296
-0.096944
-0.115568
0.301511
-0.236275
-0.204315
0.017272
0.222454
0.009432
-0.288601
0.190023
-0.006126
0.130862
0.245614
0.433122
-0.341371
-0.327099
-0.138280
-0.445680
0.263848
-0.115129
-0.432482
0.243555
0.045365
0.016372
0.313257
-0.357466
0.279794
0.275718
-0.089748
0.302701
-0.293237
-0.298993
0.383054
0.188583
-0.084307
0.218935
0.626488
0.173644
0.143602
-0.121270
0.032573
0.151995
-0.201679
0.242530
-0.113527
0.164834
0.203636
0.284085
-0.494133
0.236094
0.081949
0.296398
-0.119637
0.106213
0.311492
-0.089889
-0.177464
0.314493
0.173605
0.053929
-0.075680
0.158357
0.372142
-0.021634
0.201070
-0.486268
-0.270812
-0.262147
-0.022003
0.266113
0.415739
0.172155
0.086361
-0.102953
-0.236686
-0.076760
-0.094386
-0.303085
0.148182
-0.072473
-0.051289
0.182221
-0.213124
-0.352264
-0.336766
-0.346232
-0.081997
-0.061538
-0.021541
0.554423
-0.184713
0.020696
-0.100864
0.463449
-0.430356
0.030608
-0.234820
0.162280
0.444074
-0.126443
-0.049948
0.020393
-0.084248
0.042621
0.200497
0.223423
-0.280974
0.087545
0.240669
0.337885
0.142960
-0.203003
-0.149721
0.257370
-0.309549
-0.029210
-0.138960
-0.271545
-0.714709
-0.414929
0.383951
0.585288
-0.139358
-0.132668
-0.590789
-0.587927
0.536281
-0.207276
-0.012063
0.047864
0.220145
0.325605
-0.161878
0.030654
0.136318
-0.195294
-0.092311
-0.269168
-0.234346
0.397162
-0.163387
0.225900
-0.544512
0.217654
0.118534
-0.355592
0.108428
-0.263649
0.018211
0.249156
0.299595
-0.011159
0.142568
-0.219667
-0.222831
-0.261532
0.103597
-0.066354
0.063275
0.070805
0.013934
-0.350092
-0.145930
0.160306
0.529576
0.471820
-0.459802
0.054685
0.022043
0.221319
-0.238841
0.245928
-0.016780
0.011444
0.255963
0.376457
-0.047779
0.098766
0.193865
0.386438
-0.226964
0.010274
-0.293953
-0.186575
-0.262644
0.107276
0.017500
0.444913
0.077340
-0.042148
-0.500295
0.189948
-0.514902
0.477282
0.201071
0.379107
0.019561
-0.211711
-0.097331
0.041881
0.079443
-0.179232
-0.267451
0.074951
0.196048
-0.468005
-0.198463
-0.076474
0.043399
0.098837
-0.079456
-0.139100
0.125194
-0.472367
0.209672
0.055746
-0.078528
-0.151008
-0.171962
0.255377
0.330311
-0.094248
0.164993
0.240873
0.194875
0.206109
0.126998
-0.386625
-0.257251
0.252912
-0.041542
-0.144086
0.328994
0.139478
-0.118461
0.218845
0.112601
0.057968
-0.103959
-0.436918
0.027352
-0.254540
-0.080174
0.209444
0.180098
0.074206
0.199058
0.094819
-0.322105
0.277630
-0.046159
-0.201887
-0.085527
0.152424
0.028897
-0.100806
0.542937
-0.040622
0.286318
-0.205695
-0.187060
-0.244390
0.194869
-0.071772
0.046722
-0.303533
0.038490
-0.048663
-0.104267
-0.354491
0.077587
-0.217582
0.041435
0.130354
-0.213320
-0.215838
0.269697
0.371440
0.351668
0.195530
0.073357
-0.102638
0.162567
-0.050816
0.320758
-0.160129
-0.044986
0.184494
-0.036202
0.281884
-0.424817
0.073062
-0.144494
0.406647
-0.569948
0.103252
0.069617
-0.169336
0.372371
-0.128172
0.282060
0.042301
0.006312
-0.207862
-0.116467
-0.341500
-0.247945
0.485873
-0.165896
0.130569
-0.238353
-0.201719
0.025225
-0.290815
-0.165642
-0.055506
-0.053036
0.271537
0.372800
0.113001
0.303161
-0.206569
-0.178833
-0.423824
-0.416709
-0.181250
-0.206703
0.009280
-0.014251
-0.201641
0.657232
0.219000
0.045794
-0.105247
0.290898
-0.281386
-0.003919
-0.330758
0.327846
-0.065603
0.021555
-0.321826
-0.103842
-0.136915
0.022819
-0.136177
0.183634
-0.080917
0.232838
-0.138581
-0.016179
-0.285604
0.149708
0.683415
0.113666
0.282543
0.047181
0.354730
0.105025
0.188999
0.374989
-0.048673
0.278681
-0.107749
0.341915
0.000955
-0.119847
0.069952
0.015538
-0.460449
0.052439
0.066454
0.351851
0.108398
0.099898
-0.134559
-0.284445
-0.274638
0.176799
0.195310
-0.111417
-0.264532
0.265632
-0.301667
-0.305916
0.151511
-0.042513
0.161427
-0.199102
0.186377
0.516838
-0.177054
-0.109334
-0.152945
0.129951
0.074356
0.064972
0.375307
0.039386
0.192127
-0.159946
0.167018
-0.061339
-0.258434
-0.345347
0.038776
0.196743
-0.480625
0.726319
0.168312
-0.482817
0.189283
-0.176656
-0.191470
0.069447
-0.245132
0.168628
-0.002208
0.370079
-0.358395
0.037676
0.064462
-0.478620
-0.087168
0.299857
0.399266
-0.189648
-0.125399
0.138072
0.010168
-0.534310
0.282404
-0.092338
0.290762
-0.132041
-0.004102
-0.038059
0.039193
-0.045656
0.114025
0.265322
-0.208471
-0.606730
-0.063913
-0.433081
-0.319324
0.187303
0.227082
-0.412698
-0.175849
0.002560
-0.280775
0.133995
-0.074627
0.221130
-0.202485
-0.638250
0.269569
0.092654
0.149391
-0.021596
-0.185954
0.340064
0.324004
-0.241363
0.228685
0.138530
0.313874
0.400170
0.372329
0.397325
-0.167240
-0.142744
-0.036195
0.230885
0.024612
-0.002440
-0.219257
0.268870
-0.119566
0.300845
-0.114463
-0.013133
-0.013199
0.257040
-0.334465
-0.235205
0.022383
0.287958
-0.368624
0.094909
0.084407
-0.340322
-0.294876
0.464584
-0.386848
-0.501894
0.106878
0.150179
0.020284
0.169249
0.168637
-0.029452
0.407396
0.152121
-0.051992
0.432562
-0.243050
0.012468
-0.288389
-0.563927
0.381310
-0.588615
-0.350749
0.170185
0.213064
-0.323982
-0.297328
0.941844
-0.264792
