0.276572
0.003927
-0.335422
0.054665
-0.066087
0.357343
0.369039
-0.152489
0.305472
-0.163297
-0.293559
0.295723
-0.013251
0.242120
0.338687
-0.020727
0.129658
-0.684995
-0.185643
0.088797
0.280252
0.242745
0.257551
0.028241
-0.045593
0.170775
0.318311
0.290629
0.258750
0.058741
-0.321806
-0.383347
0.168596
-0.254321
0.156021
0.118452
-0.527233
0.395254
-0.106227
0.187489
0.055916
0.464631
0.412338
0.325850
-0.422412
-0.325990
-0.264362
-0.040163
0.031160
-0.180791
-0.164377
-0.474995
-0.551922
-0.204924
-0.244196
0.486791
-0.183106
-0.348817
-0.330546
0.026200
0.557951
-0.739354
-0.361152
0.223526
-0.220146
-0.277521
-0.067986
0.185300
-0.318799
0.140517
-0.024659
0.132125
0.208086
0.258327
-0.452082
0.419296
0.405766
-0.325334
0.405651
0.530810
-0.171008
0.205871
-0.185887
0.043649
0.386141
-0.160740
0.188618
0.400450
0.292827
0.449988
0.561888
-0.553470
-0.070093
0.310053
0.088655
0.011640
0.226276
0.183408
0.326767
-0.437133
0.301771
0.043114
0.144939
0.218030
0.164104
0.078504
0.004996
0.045442
-0.360043
-0.085583
0.092012
0.163090
-0.148922
-0.137858
0.172781
0.171983
-0.105728
-0.208915
0.360746
0.019912
-0.440223
-0.359406
-0.287373
0.143491
0.263748
0.306335
0.154219
-0.165488
0.426418
-0.235691
0.145046
0.272592
0.438576
-0.023390
-0.141840
-0.049442
0.453268
0.353697
0.131906
-0.207686
0.550719
-0.351713
-0.016452
0.327933
-0.232312
-0.048746
0.187977
-0.291612
-0.326417
-0.167012
0.778697
0.028436
-0.631878
0.172270
-0.021939
-0.159279
0.077103
0.258934
-0.331170
-0.140749
-0.492290
0.153932
-0.098943
-0.253662
0.257908
-0.315575
0.028610
-0.100944
-0.580563
-0.502741
-0.069791
-0.556679
-0.568200
-0.526606
0.071765
0.068830
0.098321
-0.204855
-0.055024
0.178204
0.421996
0.394799
0.131554
-0.140306
-0.037810
0.094800
-0.168673
-0.289730
0.246074
-0.074529
-0.186523
-0.068644
0.071390
0.380093
0.050372
0.089349
0.036095
0.080600
0.196431
0.083782
0.264429
-0.389654
-0.196367
0.017760
0.436093
0.269733
-0.004598
-0.811678
-0.408940
0.195579
-0.141624
0.103851
0.062402
0.378782
-0.201871
-0.149209
-0.323135
-0.338641
-0.194599
-0.193677
-0.212522
-0.029913
0.415573
-0.211999
0.174036
-0.107324
-0.004664
-0.335646
-0.328840
0.232505
-0.420108
-0.089041
0.240535
-0.334329
0.057992
-0.565944
-0.213646
-0.249361
-0.083905
0.151905
-0.045934
-0.087707
-0.118857
0.423174
-0.040206
0.125865
0.437773
0.377375
-0.292889
-0.480317
-0.538856
0.527180
0.737482
-0.399692
0.144421
0.042611
0.008856
0.151287
0.180083
0.378444
-0.351786
-0.255041
-0.384274
-0.393999
-0.090911
-0.066815
0.338984
0.338409
-0.564559
0.468546
-0.302549
0.018313
-0.123882
0.284789
0.018337
0.077095
-0.021926
-0.193370
-0.543798
0.072193
0.002128
0.034944
-0.289389
-0.327865
-0.150686
0.432010
-0.021714
-0.238047
-0.165949
-0.181799
-0.296548
-0.103259
-0.014648
-0.204405
-0.450553
0.014188
0.234787
0.093004
-0.398619
0.001437
0.246666
-0.253005
0.009630
-0.272612
-0.121313
0.445509
0.253621
-0.168751
0.257024
0.196605
0.654833
0.096434
-0.047201
-0.109175
-0.079256
-0.187927
-0.283842
-0.380432
-0.265782
-0.709950
-0.240684
-0.239533
0.171048
0.401409
0.041444
-0.580176
-0.219498
-0.187316
-0.074014
-0.027084
-0.086028
-0.005521
0.623914
-0.021118
0.337566
0.275001
-0.010866
0.161478
-0.154556
-0.218130
0.487230
0.162536
0.169767
0.332352
-0.027351
-0.267062
0.636464
0.008313
0.045996
-0.042300
-0.212406
-0.115030
0.399236
-0.303772
-0.182447
0.486555
-0.308278
0.005200
-0.001144
-0.185375
0.096463
0.336963
-0.120494
0.140323
-0.017989
-0.212105
-0.022734
0.164097
0.083965
0.109239
0.326835
-0.198926
0.260622
0.308979
0.671956
-0.110628
0.070016
-0.557130
-0.075601
0.202383
-0.328289
-0.063183
-0.142901
0.428651
0.177456
-0.103433
0.446613
-0.170788
-0.045871
-0.010907
-0.256868
0.495761
-0.182233
0.104367
0.041686
0.012796
-0.288879
0.239426
-0.109191
0.038663
0.080007
-0.850498
0.477802
-0.390065
-0.126578
-0.048249
-0.566578
0.420198
0.428086
0.092729
0.129069
0.199486
0.028115
0.111600
0.049700
0.520268
-0.143422
0.184782
-0.560897
0.100831
0.235688
-0.041727
-0.217585
-0.045391
-0.042771
0.019622
0.278229
-0.295939
0.104839
0.158511
-0.420017
0.309812
0.014874
-0.237138
-0.130627
0.249932
0.252869
-0.469102
-0.055428
-0.136283
0.788656
0.147775
-0.180188
0.106026
-0.600013
0.317162
0.321834
-0.168825
-0.039308
-0.116652
0.107519
-0.061794
0.379456
0.642380
-0.388672
-0.388949
0.154688
-0.123116
-0.060245
0.246055
0.473414
0.441764
0.236846
-0.112081
0.394937
0.195437
-0.340677
-0.299369
0.046172
0.417810
-0.267882
0.783428
-0.117141
-0.042947
0.094331
0.429688
0.152839
0.389324
0.208578
-0.283007
0.115987
-0.200102
0.115473
0.186869
0.162354
-0.363676
-0.310932
0.138873
-0.548198
-0.262854
0.237492
0.424025
0.407488
0.032687
0.495257
-0.005666
0.038088
0.082359
0.248437
-0.453218
-0.030765
-0.103493
0.085917
-0.575769
-0.276680
0.055904
0.338043
-0.045348
1.034782
0.541461
0.054412
0.321527
-0.060403
0.159655
0.091087
0.271773
0.003473
0.170436
-0.292890
0.123736
0.249173
0.227823
0.282730
-0.186985
-0.163124
0.360914
0.182539
0.282250
0.001826
0.127265
0.343959
-0.151129
0.185156
-0.040321
-0.312656
-0.260051
0.122363
-0.263577
0.068559
0.264356
-0.270407
-0.253621
0.716000
0.111350
-0.102286
-0.213257
-0.395383
-0.187175
0.473318
-0.372850
-0.725574
0.053620
-0.188347
-0.519289
0.051188
-0.571553
-0.352374
-0.299649
-0.293848
-0.027402
-0.214858
-0.221652
0.120741
0.207184
0.176535
0.008146
-0.029425
-0.030768
0.637807
-0.235308
0.302634
-0.305785
-0.012094
-0.004167
0.428280
0.127891
-0.158658
0.058457
-0.178182
0.106327
0.388906
-0.236362
-0.019284
0.002725
-0.055886
-0.113984
0.150728
0.490410
0.718428
0.143474
-0.074460
-0.636134
-0.052832
0.425765
0.266517
0.255728
0.620813
0.171452
0.030192
0.083455
-0.170660
-0.023215
0.383833
0.276952
0.250344
0.097016
0.054446
-0.001970
0.128732
0.396147
-0.322341
0.146996
-0.348335
-0.529007
-0.290120
-0.291414
-0.092778
-0.583992
0.232001
0.135602
0.137233
0.215979
0.095877
-0.182718
0.236786
-0.109497
0.173048
0.064836
-0.077031
0.179495
0.202298
-0.589333
-0.143407
-0.210789
-0.091333
0.077371
0.057148
0.114595
0.099834
-0.158256
-0.044939
0.428133
0.225476
0.042657
-0.065507
-0.062120
-0.163331
0.338354
0.162665
-0.019262
0.295045
0.091554
-0.302743
0.164556
-0.351767
0.189565
-0.441350
-0.146798
0.423398
-0.094574
0.339110
-0.368951
0.053688
-0.061754
0.501950
-0.191732
-0.306233
-0.190360
-0.060374
-0.320637
0.030597
0.185987
-0.417821
0.395465
0.367929
0.096060
-0.342268
-0.618469
0.226973
-0.015249
0.221329
0.039314
-0.172274
0.017317
-0.253584
-0.165230
-0.356058
0.424215
0.461277
-0.177248
0.089041
0.185710
0.331551
0.213233
-0.284930
-0.164787
-0.527643
0.166389
0.186800
0.184282
0.197659
-0.216734
-0.135972
0.115977
0.424479
0.169341
-0.122880
-0.136092
-0.171267
-0.053018
-0.095908
-0.238363
-0.087790
0.092270
0.375447
0.214269
0.267984
0.169393
-0.414120
-0.234774
0.086212
-0.026825
-0.128112
-0.407686
-0.558113
-0.067703
0.003535
0.712325
-0.109278
-0.095667
-0.628364
0.024840
0.160675
0.321592
-0.081013
0.347982
-0.277491
-0.108857
-0.349883
0.252497
-0.056374
0.074591
0.046138
0.016068
-0.287370
-0.064072
-0.075533
-0.115511
0.083276
0.013376
0.127540
-0.317471
-0.271221
0.188810
-0.260958
0.120505
0.542013
0.387391
0.065726
0.320564
0.393920
-0.357773
-0.360305
-0.388857
0.225682
-0.003693
-0.063940
0.262459
0.314771
0.303282
-0.314814
-0.194864
-0.295970
-0.116237
-0.348021
0.000037
0.070855
0.374392
-0.081215
0.272589
-0.049225
-0.216719
-0.246920
-0.205712
-0.056226
0.111029
0.051242
-0.032223
-0.164676
0.365655
0.003381
0.066074
0.096355
-0.308548
0.020590
0.476344
0.250222
0.453549
-0.283488
0.099669
-0.024655
-0.604931
0.200105
-0.083771
-0.130580
0.076281
0.214109
0.076966
0.313270
0.949491
-0.123771
-0.001387
0.106132
0.126111
-0.001269
-0.594729
0.325743
0.913578
0.159825
-0.278617
0.048616
0.544319
-0.005380
-0.317533
-0.045478
0.476320
-0.902272
-0.359991
0.222939
-0.559640
0.123577
-0.047088
-0.378236
0.299998
-0.062847
0.054947
-0.289230
-0.343607
-0.107738
-0.048856
0.204893
0.000556
0.238460
-0.237512
0.210983
0.424885
0.292934
-0.349586
-0.004079
-0.225273
-0.435893
0.106780
-0.206412
-0.103231
0.287693
0.258569
-0.050934
0.132397
0.243780
0.299647
0.463122
-0.040913
-0.223703
-0.260884
0.169836
0.050005
-0.251201
0.060478
-0.299617
-0.119399
0.201038
-0.042901
-0.363202
-0.393482
-0.420998
-0.451164
0.269692
0.422326
-0.188178
0.036533
0.161650
-0.216404
-0.025043
0.085650
-0.138266
0.236403
0.165604
0.158534
0.127317
0.403171
0.090567
-0.261062
0.210136
-0.272352
0.310337
-0.458010
0.540773
-0.069633
-0.122066
-0.166866
-0.009455
-0.260976
-0.113009
-0.271534
-0.152715
0.395471
-0.367003
-0.204826
0.302462
0.087761
0.374646
0.295038
0.259913
-0.157794
-0.318031
-0.113315
-0.052023
0.383339
0.119883
-0.045690
-0.742602
-0.259956
0.319693
0.158650
-0.179768
-0.094722
0.161210
-0.248819
0.308787
-0.296569
-0.496622
-0.071368
-0.256601
-0.257959
-0.079549
-0.152907
-0.168418
-0.409616
0.107453
0.329824
0.146946
0.137077
-0.423425
0.371058
-0.364268
0.178828
0.202042
-0.015371
0.165508
-0.256372
0.285232
-0.082630
0.531578
-0.053661
0.160720
0.095612
-0.283945
0.120431
-0.124555
0.031495
-0.199664
-0.387402
-0.074918
0.585282
-0.059144
0.162012
-0.208357
0.467950
0.026759
0.189720
0.174537
0.065021
-0.010882
0.505842
-0.216517
-0.214753
-0.645271
-0.130684
0.533008
-0.047187
0.531089
0.408528
0.162710
0.219410
0.025172
-0.578459
0.300945
0.242314
-0.034361
-0.100009
0.295318
0.130503
-0.469335
-0.189705
0.459793
-0.221965
0.039776
-0.006448
-0.230314
0.188486
0.026853
-0.388912
0.652425
0.308958
0.143418
-0.568528
-0.260697
0.092479
-0.038761
-0.265877
-0.191272
-0.312187
0.140118
0.522511
0.426504
0.053576
-0.627072
0.387416
-0.363900
-0.330167
-0.234478
-0.117513
-0.120888
-0.108807
0.407287
0.126602
-0.057140
0.066683
0.248227
0.118674
0.113624
0.052915
-0.047950
0.043351
-0.187360
0.283814
0.287065
0.071933
0.039884
0.023058
0.257450
-0.265300
0.402000
-0.177594
0.110374
-0.360241
-0.133905
-0.530683
-0.005142
0.359370
0.106498
0.247996
-0.226373
-0.342952
0.222490
-0.081595
-0.283563
-0.245846
-0.264107
-0.271653
-0.009553
0.091774
0.346853
0.011564
-0.059959
-0.044508
0.038124
-0.063912
-0.079729
0.744167
0.240322
0.017879
-0.936092
-0.006599
0.562075
0.223909
-0.556880
-0.146695
0.385397
-0.149904
0.480081
-0.223515
0.369728
0.440955
0.579193
0.215745
-0.179952
0.300531
0.215541
-0.394979
-0.198427
0.499706
0.175668
0.122980
0.137366
0.326722
-0.476129
0.213047
0.389513
-0.107194
-0.088854
-0.443337
-0.042348
-0.371867
-0.234502
0.364495
-0.198885
0.091764
0.678217
0.330477
0.261757
0.247341
-0.000834
0.057422
-0.568853
0.224155
-0.273641
0.083055
0.142001
-0.135735
0.067611
1.093772
-0.028571
-0.167079
-0.089497
-0.530228
-0.078481
-0.348942
0.309914
-0.171222
-0.188008
0.341669
-0.028027
0.355095
0.313703
0.162299
0.161629
0.396629
-0.315838
0.212803
0.299970
-0.395016
-0.032408
-0.296523
0.421506
-0.112696
0.571112
-0.324126
-0.489620
-0.506315
-0.247186
0.002778
-0.112239
-0.123672
-0.008825
0.516491
0.095007
0.288918
-0.354850
0.367356
0.073332
0.078646
-0.032008
-0.254844
-0.308743
0.281574
0.679593
-0.167705
-0.090008
0.478617
0.149264
0.115198
-0.147881
-0.080749
0.048722
0.679499
0.346619
-0.163172
0.194355
-0.090509
-0.185474
-0.115126
-0.039789
0.713022
0.041876
-0.192822
0.334136
-0.270542
0.085102
0.489398
0.372736
-0.258169
0.389478
-0.114240
-0.272593
-0.366077
-0.208009
0.190539
-0.207052
0.365538
0.051238
-0.161993
0.297180
-0.050112
-0.510973
0.044128
0.127410
0.290469
0.234326
-0.013171
0.128412
-0.348145
-0.208663
-0.086620
-0.107871
0.000862
-0.252897
0.042269
-0.106223
0.154876
0.413901
0.018907
0.106044
-0.547391
-0.202705
-0.325357
-0.193236
0.089988
-0.278108
0.105753
0.234927
0.214903
0.089092
0.095579
-0.685604
0.218881
0.227614
0.030223
0.391406
-0.419168
0.033984
0.026293
-0.499501
-0.140973
0.238854
0.380881
0.131495
0.343029
0.188221
-0.151938
-0.227422
-0.114367
-0.673598
0.250030
-0.010949
-0.929172
0.310785
-0.067027
0.002919
-0.218520
0.445297
0.327257
0.138398
-0.250198
-0.386929
0.292323
-0.456134
-0.137700
0.225111
0.074972
-0.041417
-0.166136
0.171466
-0.201622
0.235099
0.257688
0.049870
-0.214735
0.136064
0.399410
0.326039
0.044609
0.071718
0.067510
0.431501
0.117796
-0.606772
0.452325
-0.373400
-0.096663
0.023638
0.112321
-0.242579
0.065925
-0.403489
-0.037588
-0.047976
-0.353939
0.123299
0.193557
0.120245
0.144055
-0.075552
-0.109288
0.512603
0.269804
0.330022
0.399277
-0.431818
0.103557
-0.483117
-0.629854
-0.226744
-0.136926
0.253373
0.142113
-0.300896
-0.331867
0.165106
0.384701
-0.075714
-0.293550
-0.006464
-0.167714
-0.188399
-0.076667
0.149733
0.391746
-0.260979
0.054669
-0.170197
-0.274307
0.361480
-0.294951
0.229499
-0.137175
0.142620
-0.145044
-0.487690
-0.245488
0.175997
-0.330145
-0.364952
-0.097654
0.176345
-0.075437
-0.278627
-0.228884
-0.576342
-0.091058
-0.123513
-0.261549
0.209341
0.247262
0.394920
-0.031037
-0.086822
0.031843
-0.146186
-0.362144
0.005480
-0.589468
-0.215664
0.203478
0.004340
0.542695
0.302965
0.134608
-0.036204
0.207148
0.610197
-0.104840
-0.286096
0.341211
-0.028715
0.082464
-0.365723
0.364906
-0.235846
0.680828
-0.157207
-0.118359
-0.081172
0.438745
-0.155633
0.212206
0.056453
0.125128
0.299821
-0.217612
-0.365335
0.195424
-0.309836
-0.240007
0.048467
-0.086118
0.333297
0.075267
-0.284824
0.010867
-0.215221
0.046115
0.150266
-0.258438
0.085932
0.306321
-0.139948
-0.343128
0.042146
-0.092028
-0.036852
-0.624835
0.050674
0.318276
0.274283
-0.434148
-0.151982
-0.023096
0.500715
0.354192
0.187522
0.411253
-0.110636
-0.573498
0.692522
-0.639103
0.094844
0.215811
0.361734
-0.070454
-0.205823
-0.220286
0.245272
-0.136366
0.816390
-0.170486
0.342876
-0.175852
0.144630
0.008956
0.137819
0.683678
0.064173
-0.219804
-0.470652
-0.182318
-0.019406
0.073241
-0.181127
-0.315708
0.028662
-0.143551
0.074088
-0.244400
-0.318391
0.477037
0.066850
-0.544025
-0.452301
-0.127683
0.066823
0.421496
0.220565
-0.019764
0.116914
0.132379
0.462530
-0.151939
-0.029318
0.073959
0.040972
0.299821
-0.176148
-0.193106
-0.254193
0.116069
0.155506
-0.178888
0.474549
0.252785
-0.110478
-0.075812
0.030732
0.979224
0.065806
-0.388347
0.183514
0.351096
0.168971
-0.007612
0.037750
-0.112428
0.320759
0.073369
0.411130
0.049848
-0.365007
-0.205994
1.321584
-0.094954
-0.003155
-0.295610
0.184710
-0.180439
0.430887
-0.247486
-0.467991
0.179968
-0.322285
0.332677
-0.099792
0.450588
0.212445
-0.117840
-0.353948
0.299000
0.064074
-0.506123
-0.279781
-0.040040
-0.370594
-0.096622
-0.063172
-0.409476
-0.183445
0.157405
0.031589
0.055838
0.037495
0.182971
-0.701024
-0.068179
-0.435493
-0.243196
0.416172
-0.076930
-0.258292
-0.016378
-0.025293
-0.128664
0.233664
-0.212031
-0.435411
-0.254607
-0.394424
0.007069
0.435429
-0.187231
-0.446323
0.218601
0.069716
-0.015350
0.314098
0.297108
0.213458
-0.327699
0.062057
-0.163246
0.992458
-0.211650
-0.599475
0.003224
0.226655
0.522765
-0.419934
0.359253
-0.154848
-0.009558
0.271066
-0.348897
-0.343596
0.118851
0.164181
0.062645
-0.126471
-0.261002
0.858706
-0.629775
-0.083503
0.132245
0.450904
0.338240
0.136480
-0.092654
0.049654
-0.039882
-0.066164
-0.228666
0.172426
-0.390715
0.420765
0.175437
0.102106
0.168020
-0.512839
0.068459
0.514247
0.336515
-0.006579
-0.022713
0.050094
-0.155069
-0.050055
0.044605
0.090978
-0.148888
-0.147084
0.745691
0.368765
0.542324
-0.223060
-0.035058
-0.025281
-0.600490
0.183911
0.189935
0.433128
-0.504360
-0.554892
0.084271
0.299852
-0.237228
0.588279
-0.131043
-0.412267
-0.235690
0.444329
-0.300242
0.416033
-0.101685
0.223985
-0.031890
0.221307
0.888651
-0.101120
0.030191
0.104415
0.374187
0.116635
0.268025
0.129692
0.460976
-0.513033
0.189536
0.358597
0.098380
-0.407004
-0.193340
0.390129
-0.302311
-0.410822
-0.856208
0.417918
-0.250001
-0.509868
0.080135
0.170431
-0.285254
-0.317628
-0.849227
-0.250108
-0.799675
-0.424858
-0.612496
-0.246067
-0.518630
-0.671320
-0.113679
-0.360919
0.397949
-0.304289
-0.454510
-0.675509
-0.827741
-0.037330
0.170599
0.382385
0.563959
-0.021784
0.207736
0.355973
0.180705
0.208065
0.763487
0.919566
0.211543
1.250142
0.653356
0.781105
0.318591
0.678216
0.480809
0.447848
0.005580
0.577559
0.574194
0.732798
-0.143338
0.142987
0.585143
0.277244
-0.043801
-0.292385
-0.767547
0.052922
-0.644267
-0.582160
-0.101531
-0.638400
-0.581018
-0.510168
-0.405325
-0.552600
-0.457068
-0.164319
-1.023143
-0.638936
-0.358211
-0.572710
-0.001507
-0.121367
0.304303
-0.144854
0.188397
-0.437888
0.524608
-0.473373
-0.006692
0.180219
0.116978
0.036486
-0.121747
0.229583
0.224683
-0.086807
-0.202884
-0.230312
0.040307
0.431109
-0.367510
0.155366
-0.141318
-0.064440
-0.078078
0.111313
0.144054
-0.069687
0.517797
-0.395635
-0.126744
-0.318195
-0.299721
-0.406121
0.336337
-0.055779
0.085516
0.208239
0.171007
-0.150956
0.129060
0.087486
0.227672
-0.617161
0.155746
0.306200
0.415703
0.092732
-0.099328
-0.239188
0.006041
0.487401
-0.546624
0.059225
-0.487725
-0.257519
-0.361214
-0.429664
0.070292
-0.668690
-0.057500
-0.505569
-0.007638
-0.043914
-0.143897
0.073925
0.032035
0.181319
-0.353204
0.219148
0.368136
-0.388563
0.294683
-0.080472
0.475089
-0.079264
0.408828
0.825186
-0.030446
0.383155
0.155216
0.081560
-0.181168
-0.080943
0.379552
0.751438
0.277099
0.121799
0.263777
-0.604969
0.067184
0.103948
0.165526
0.081505
-0.367012
0.121667
-0.114605
-0.246578
-0.233291
0.147757
-0.273772
0.032472
-0.111423
-0.256929
-0.245897
0.330295
0.119860
0.694415
-0.014598
0.090178
-0.430332
0.406920
-0.346700
0.155961
0.171753
-0.360266
-0.712762
0.100006
0.556244
0.218838
0.004045
0.115824
-0.135957
0.208325
0.418204
0.039651
0.235266
-0.662460
0.161945
0.325693
-0.235173
-0.194471
-0.044982
0.104276
0.721372
-0.102598
0.003553
0.329916
0.192809
0.153277
-0.289118
-0.431837
-0.033647
-0.267160
0.471291
0.273770
0.035865
0.052718
-0.092734
0.234697
-0.111140
-0.043204
-0.117119
-0.462173
0.139835
-0.338585
0.503362
0.343963
-0.091976
-0.176774
-0.298373
0.061413
0.414742
0.328706
-0.228531
0.253652
0.330803
0.045979
-0.061637
-0.040023
0.117028
-0.032261
-0.097986
-0.312121
-0.071592
0.406650
-0.060559
0.279247
0.399206
-0.237627
-0.544000
0.236680
0.180903
0.088296
-0.106448
0.725700
-0.008287
0.247827
0.255658
-0.741401
0.094176
0.029001
-0.235855
0.268865
-0.520308
-0.086518
-0.064828
0.172407
-0.144926
0.408437
0.135961
-0.334551
0.190053
-0.270302
0.737962
0.014914
-0.430726
-0.136528
0.361206
0.161250
0.154945
-0.077277
0.031265
0.175732
-0.852834
0.108592
0.177525
-0.073288
-0.435414
-0.035407
-0.414405
0.427346
-0.103223
-0.059694
0.186463
-0.737685
0.092324
0.063138
0.513693
-0.772550
0.127403
0.012078
0.350450
-0.460863
-0.327157
-0.150450
-0.272133
-0.321551
-0.024184
0.006897
0.049111
0.257756
0.284493
0.113682
0.207151
0.421597
-0.097018
0.079472
0.493612
0.043424
-0.094308
-0.295543
-0.171469
0.849801
-0.001657
-0.597512
0.209535
0.056237
0.205469
-0.225216
0.525514
0.090392
-0.223545
-0.317045
-0.612847
-0.025704
-0.471091
-0.072794
0.065910
0.139351
0.503491
-0.153172
-0.304536
0.134357
0.112707
-0.303131
0.067464
0.049463
0.030053
-0.329099
0.096039
0.318575
0.344736
-0.260313
0.103992
0.166511
0.047299
-0.362645
0.110217
0.175467
-0.450319
0.701166
-0.014728
0.022903
-0.308275
0.402586
0.007383
-0.056080
-0.031897
-0.143901
0.139439
-0.048618
-0.018742
-0.125821
0.594619
0.026963
0.181249
-0.074410
0.331839
0.183199
-0.495226
-0.190481
-0.239272
0.111097
-0.364466
-0.144077
-0.514287
0.118739
-0.624917
-0.022153
-0.007670
0.317805
0.481084
0.078004
0.162382
-0.519991
-0.016448
0.054781
-0.312363
-0.247657
-0.362802
0.240688
-0.471724
0.205024
-0.258702
0.311008
-0.123023
-0.260635
0.059271
0.214102
0.199939
0.370672
-0.036389
-0.102530
-0.035892
-0.230665
-0.417687
0.063983
0.188311
-0.732182
0.101543
0.132295
-0.198692
-0.067491
0.364165
-0.193018
0.089015
-0.199355
0.049113
-0.095082
0.090556
-0.258099
0.565430
-0.116880
-0.081964
0.033314
0.410717
0.011831
0.718575
0.181817
0.032840
0.055945
-0.185965
0.192437
-0.278037
0.750953
-0.096014
0.019139
0.269520
-0.025867
0.068540
0.240053
0.116756
0.685302
0.514127
0.236015
-0.327387
0.551068
-0.111922
0.098075
-0.223914
0.170741
0.143082
0.603133
0.545409
0.177400
0.409282
-0.523091
0.470996
-0.080191
0.017705
0.241504
0.331469
0.431415
-0.115538
-0.198368
-0.489524
-0.398214
0.182356
-0.496565
-0.180686
-0.073137
0.290178
0.230367
0.017590
-0.126537
-0.053456
0.502912
-0.232472
-0.502877
-0.558508
-0.111261
-0.019581
-0.082722
0.273278
-0.168468
-0.154699
0.208734
0.212988
0.038176
0.260427
0.060550
0.535029
0.087201
0.302943
0.075125
0.208223
-0.338025
0.134150
0.423657
-0.188264
-0.601090
-0.039683
-0.152272
-0.242207
-0.018248
-0.250981
-0.198285
0.297597
-0.284679
-0.025471
0.039125
0.275375
0.139009
-0.052292
0.456945
0.005472
-0.047749
-0.087992
0.008199
-0.046572
-0.367455
-0.244261
0.514131
-0.521618
0.213288
-0.197975
-0.214738
0.055889
0.197495
-0.059492
0.413279
-0.059007
0.344920
0.358151
0.309787
-0.542642
0.361335
-0.311940
-0.323079
-0.491711
-0.142668
-0.009913
-0.157756
-0.044352
-0.073670
-0.262452
0.234859
0.316883
-0.251212
0.287600
0.214960
-0.007579
0.028116
0.108813
-0.425234
0.073152
0.027004
-0.251732
-0.210092
-0.198958
0.084290
0.191955
0.009058
-0.087943
-0.054742
-0.227486
0.130026
-0.089106
0.818371
-0.390048
0.195465
-0.079552
0.361156
0.234824
0.330216
0.058566
-0.216056
0.133041
0.125662
-0.067102
-0.027274
-0.178378
0.130649
0.287980
0.138898
-0.097654
-0.216195
0.122048
-0.165583
0.194408
-0.464257
0.003307
-0.091866
0.030235
0.157827
0.036910
-0.192546
-0.149399
-0.024060
0.320286
0.310620
-0.049816
-0.010057
0.054569
0.230922
-0.183514
0.007755
0.018935
-0.618618
-0.137383
0.209891
-0.047819
0.008145
-0.430131
-0.435824
-0.369784
-0.435911
-0.028228
0.329054
-0.136395
-0.199071
0.554537
0.649811
0.055343
0.067458
0.293420
-0.516070
-0.415209
-0.128143
0.233132
0.156957
-0.060983
-0.197879
0.577197
-0.241812
0.137659
-0.021141
0.132591
0.183845
0.195206
0.316082
0.293604
-0.258409
-0.686035
0.233364
0.078915
-0.364596
0.266591
0.108542
-0.004297
-0.619009
0.187760
-0.399430
-0.180972
0.074916
0.302483
0.062941
-0.007592
-0.167126
0.235347
-0.197302
-0.199085
-0.703760
0.119175
0.424506
0.775108
0.089029
0.222570
0.182264
0.270449
-0.311368
-0.609573
0.119666
-0.235329
-0.108274
-0.583501
0.216930
0.414746
-0.343211
0.252292
-0.702001
-0.297929
-0.255968
-0.577225
0.289193
-0.104969
-0.364667
-0.421363
0.267486
0.080958
0.203613
0.298866
0.066452
-0.069564
0.142693
-0.165899
-0.162189
0.119127
-0.351908
-0.075414
-0.372284
0.109796
-0.071642
-0.103817
0.596425
0.116610
0.226764
-0.092802
0.087484
-0.513287
-0.297053
-0.533536
-0.507400
-0.316892
0.032831
-0.137608
-0.433721
-0.444811
-0.421313
-0.367965
0.515315
0.046268
0.345985
-0.264208
0.496184
0.291483
0.320517
-0.146943
0.438973
0.107344
0.537358
0.463922
-0.028973
0.103466
-0.084389
-0.280581
0.054270
-0.610450
0.453276
-0.208935
0.601800
-0.260996
0.299403
0.402018
-0.007494
0.403276
-0.311930
-0.054833
0.174178
-0.288944
-0.315327
-0.012966
0.003921
-0.083796
-0.187317
0.235650
0.097022
0.236917
0.210152
-0.326085
-0.132799
-0.127338
0.394215
0.290983
0.162903
0.344650
-0.083719
0.198113
0.113498
0.350939
-0.503181
0.122340
-0.202735
-0.907688
0.070112
-0.305715
0.423047
0.155967
-0.444764
-0.620529
-0.000019
-0.091496
-0.405541
0.005486
0.012466
0.868008
-0.650891
0.246258
0.122981
-0.352424
0.076993
0.139652
0.183785
0.149561
0.076078
0.116397
-0.028590
0.338213
0.339262
-0.569903
0.067170
0.246187
-0.527477
-0.342012
-0.267180
-0.549312
0.169803
0.071659
0.099138
0.021218
0.078948
0.295633
0.611641
-0.627384
0.067299
0.402412
-0.055638
-0.350359
0.376295
0.250170
-0.320891
0.042500
0.052521
-0.063160
-0.051140
0.397021
0.334827
0.196588
-0.226753
0.033564
-0.231577
0.334805
-0.156267
0.076688
0.182768
-0.278323
0.024796
0.248151
-0.437543
0.396658
0.144553
-0.160460
0.362161
0.052797
-0.541129
0.025757
-0.071430
-0.050523
-0.114317
-0.401881
-0.047059
-0.246345
-0.119116
-0.039171
-0.070162
-0.474144
0.731536
0.337012
-0.193279
-0.408942
-0.236669
0.126945
0.290148
0.418399
0.014464
-0.197543
0.182072
0.278566
-0.169901
0.178279
0.138054
-0.471814
0.109024
0.054887
0.126204
0.138914
0.543802
0.101545
0.162876
-0.166005
-0.134476
-0.410739
-0.363968
-0.227584
0.057633
0.043699
0.092450
0.458574
0.261476
-0.288744
0.224295
-0.307750
0.027059
0.002874
0.050125
0.284932
0.175399
-0.099012
0.157091
0.296553
-0.245519
-0.259509
0.662398
0.069192
-0.084663
-0.000055
0.458862
0.076461
0.491940
-0.008207
0.627634
0.184852
0.222591
-0.355607
-0.304645
-0.224921
-0.208783
-0.547350
-0.179600
-0.112695
-0.186117
0.351836
-0.138420
-0.184376
0.040256
0.248894
-0.313149
0.155968
-0.244545
-0.341866
-0.056961
0.405224
0.275436
-0.061745
-0.077323
-0.130369
0.010215
-0.221078
-0.354687
-0.222403
0.179521
0.380071
-0.546948
0.092613
-0.250712
-0.007878
0.360600
0.027351
0.009001
-0.034986
-0.213337
0.455242
-0.235639
-0.154844
-0.238487
-0.072270
0.383332
-0.109069
-0.579481
0.363964
-0.133226
0.338348
-0.059891
-0.335215
0.237307
-0.329891
0.328228
0.014722
-0.230406
0.217707
0.288513
-0.389083
-0.411502
0.414529
-0.111624
0.061415
-0.179381
-0.247790
-0.071016
0.230293
-0.012817
0.206750
-0.000409
-0.322708
-0.189086
0.305580
-0.117157
-0.039047
-0.143184
0.483062
0.415508
-0.509042
0.120786
0.089756
-0.007416
-0.671786
0.006774
0.070586
-0.075931
-0.077556
-0.109160
0.376596
-0.040596
-0.090272
-0.185804
-0.513544
0.161898
0.554657
0.142753
0.380744
0.142629
-0.111115
-0.391368
0.264595
-0.261065
-0.125097
-0.104156
-0.206126
0.388816
-0.041953
0.018522
0.047115
0.088158
0.199749
-0.253877
0.317205
-0.027063
0.166815
-0.105850
-0.205176
-0.332933
0.131642
-0.105369
-0.106695
-0.080858
0.243239
-0.175374
0.032409
0.093339
0.245301
-0.221500
-0.033640
-0.071340
-0.011951
-0.254045
-0.270262
0.171962
0.055236
0.480081
-0.315550
-0.175919
-0.079370
0.573228
0.597044
0.188495
0.237944
0.292057
-0.083557
0.029948
0.206163
0.169192
0.144997
0.431344
0.000739
-0.076557
-0.229331
0.227031
-0.253359
-0.497101
0.548274
0.182628
-0.065810
0.195214
-0.039635
0.292498
0.575562
-0.138991
-0.416800
-0.233657
-0.124536
-0.305608
-0.184565
0.351105
-0.010189
-0.537794
-0.266978
-0.166085
-0.374492
-0.108049
0.012097
0.187832
-0.212313
-0.411643
-0.367051
-0.480076
-0.199878
-0.158398
0.039290
0.416941
-0.233072
0.426503
-0.352010
-0.675144
0.340735
0.670002
-0.581085
0.345066
0.104369
-0.193817
-0.220660
-0.198027
-0.249165
0.130685
-0.126488
-0.063170
0.417299
0.120902
-0.129296
0.489548
0.289038
0.619422
0.200143
-0.389698
-0.218989
0.056635
0.105676
-0.118249
0.133564
-0.152306
0.417779
-0.012551
0.847407
-0.243466
-0.260266
0.644680
-0.438248
0.144794
0.207105
-0.011470
0.126893
-0.382746
-0.934160
-0.364629
0.094875
0.406136
0.259002
-0.154748
-0.144499
0.049369
0.357640
1.017090
0.101069
0.129233
0.208091
-0.236503
-0.273551
0.013061
-0.252174
-0.093997
-0.130713
0.201281
-0.417349
-0.020079
-0.529868
-0.005801
0.248810
-0.286211
0.239630
-0.497532
0.123901
-0.031999
-0.506086
-0.025267
-0.263374
0.290206
0.321860
-0.563116
-0.117788
-0.684998
-0.037680
-0.128170
0.115913
-0.555466
-0.380528
-0.007448
-0.182394
-0.211770
-0.037555
-0.436876
0.098100
0.691988
-0.011843
-0.079267
-0.449657
-0.038150
-0.058065
-0.380115
-0.029727
0.089672
-0.122886
0.015384
0.163480
0.498004
-0.269610
0.152885
0.050353
-0.705912
0.110943
-0.292438
-0.220996
-0.313999
0.304190
0.118552
-0.330128
0.073589
-0.083750
0.338659
0.048217
0.130384
0.236071
-0.490964
0.315403
0.053570
-0.148453
0.163807
-0.149803
0.426137
0.066624
0.309327
-0.567259
0.124081
0.100957
0.162561
-0.215237
0.052022
-0.072165
-0.234313
-0.213511
0.098613
0.226471
0.315641
-0.279105
0.400727
-0.210126
-0.475093
-0.126485
-0.051425
-0.283575
0.219815
0.671401
-0.021854
0.193825
-0.324351
0.381968
-0.071988
-0.222022
-0.124756
-0.478743
0.072847
0.500641
0.240109
0.182399
-0.317868
0.246035
-0.158868
-0.056976
-0.539971
-0.182318
0.095140
0.128596
-0.116622
0.269913
-0.414194
0.169289
-0.311296
-0.690830
-0.316535
-0.488986
0.347886
-0.132859
-0.229096
-0.248243
-0.093358
0.542092
0.370429
-0.284476
-0.247068
0.195919
0.051449
-0.054940
-0.441954
0.072612
-0.204045
0.063890
-0.093870
0.077988
0.067081
0.991909
0.157253
0.393786
0.753897
0.103250
-0.220433
-0.245199
-0.476708
0.138861
0.156761
0.004575
0.145898
-0.058910
0.101558
-0.028122
-0.631304
0.166275
-0.271773
-0.835183
0.380058
-0.013846
-0.337945
-0.359563
-0.153505
-0.407011
-0.400320
0.322449
-0.109374
-0.174983
-0.048272
-0.543876
-0.028812
0.469273
-0.215447
-0.044403
0.571751
-0.168923
-0.003365
-0.335279
-0.310022
0.012120
-0.056794
0.109702
-0.048615
-0.227736
-0.411237
-0.053412
-0.369586
0.421434
-0.450101
0.085087
-0.059424
-0.480589
-0.090819
0.230655
-0.347329
-0.320032
0.041863
0.207452
0.040710
0.638026
-0.041605
0.331971
0.053470
-0.276765
0.001828
-0.049380
0.132971
-0.167669
0.392058
-0.137717
-0.042071
0.051280
0.083340
-0.004962
0.195406
-0.454979
0.113452
0.422695
0.278964
0.161220
0.374014
-0.099595
-0.303166
0.197051
0.277919
0.176451
0.340663
-0.116443
-0.041021
-0.269149
-0.254135
-0.102172
-0.543386
-0.356321
0.055254
0.084520
-0.149651
-0.180365
0.014475
0.142137
-0.161372
-0.340622
0.012837
0.236454
-0.332076
-0.100517
-0.107103
0.480028
0.143072
0.232173
0.010467
-0.071904
0.425506
0.205439
0.230483
-0.189494
0.019204
-0.202849
-0.503621
0.125853
0.143146
-0.367727
0.003132
-0.013357
-0.602499
0.333633
0.318168
-0.130933
-0.360309
0.560197
0.334897
0.197879
-0.001546
0.072164
-0.074041
-0.194476
0.383511
0.081252
-0.172068
-0.116675
-0.191878
0.136686
0.480749
-0.150848
0.005484
0.019308
0.269549
0.331930
0.321656
-0.339212
-0.168503
0.329031
-0.062476
0.269664
0.135265
0.178224
-0.356097
0.520831
-0.307612
0.502996
-0.262917
0.227934
0.214594
-0.187749
-0.085746
-0.332062
0.208575
0.347331
0.362623
-0.232458
-0.326639
-0.479475
0.135601
0.267271
0.014492
-0.101899
0.343327
0.050872
0.022305
-0.164774
-0.237079
0.062806
-0.021107
-0.149957
0.190455
0.128148
-0.049576
-0.304258
0.168276
-0.251780
-0.059364
-0.302299
0.231710
-0.128852
0.159926
0.564220
-0.256196
0.072308
-0.034011
-0.298652
0.030673
-0.077668
-0.215577
0.000563
-0.556339
0.243057
-0.329738
-0.342249
0.229439
-0.066937
-0.190918
-0.123979
0.105450
0.391485
-0.469360
0.105759
-0.518473
0.125560
0.235541
-0.149289
-0.202891
-0.034231
0.134998
0.596010
-0.119364
0.025188
-0.365943
0.348190
-0.136276
-0.608974
0.302845
-0.339633
-0.076368
0.275489
0.201766
0.622735
-0.171513
0.162966
0.015512
-0.519726
0.047758
0.079773
0.454070
0.213906
-0.394517
-0.035193
0.067893
0.118381
-0.606433
0.107411
0.144193
0.244816
-0.364898
-0.339930
-0.367020
0.066397
0.041780
-0.362253
-0.556667
-0.445476
-0.607309
-0.115200
0.003772
0.249892
0.082924
-0.035323
0.517563
0.461619
0.137140
0.245085
0.230239
-0.456396
-0.096499
0.461012
0.015822
0.047707
-0.194210
-0.023909
-0.505468
0.277987
0.011806
-0.034326
-0.074566
0.629956
0.524106
-0.124599
0.114265
-0.005225
-0.027572
-0.276326
-0.060551
-0.098432
-0.099547
-0.064272
-0.142052
0.433268
-0.316354
0.039849
0.134122
-0.130684
0.463663
0.323665
0.136603
-0.509343
0.218181
0.444260
0.033857
-0.382882
-0.170580
-0.009099
0.252646
-0.404942
-0.167225
-0.533466
-0.319115
0.272955
0.272245
0.214355
-0.070681
0.258397
0.281145
0.188571
-0.027598
-0.118328
-0.198744
-0.243242
-0.424432
0.214043
0.020258
0.217681
0.213419
0.316279
-0.164453
-0.333096
-0.120321
0.260281
-0.343719
-0.251195
-0.027883
-0.298895
-0.064632
0.280762
-0.635694
-0.185862
-0.521432
-0.369383
0.656870
0.131087
-0.288106
-0.311722
-0.351176
-0.703513
0.663022
-0.214897
0.373837
0.043505
-0.022868
-0.419613
-0.159008
-0.193217
-0.149227
0.315151
-0.193186
-0.006414
0.288955
0.285616
0.057783
-0.276582
-0.207490
-0.134024
-0.124086
0.224430
0.085370
0.160785
-0.683916
-0.300300
0.428052
-0.179516
0.007962
0.100168
-0.587587
-0.012276
0.305835
0.046955
-0.012602
-0.142227
0.036190
-0.531650
0.099699
0.121194
0.084779
-0.001299
0.321896
-0.196926
-0.187201
-0.196281
-0.311710
0.168760
0.355883
-0.561133
-0.341265
0.158399
0.735233
0.163769
-0.152752
0.023145
0.160486
-0.441098
-0.535903
0.215644
-0.097648
0.478479
0.242842
0.215561
0.070164
-0.140132
0.023396
0.176504
-0.390999
0.355119
-0.010293
0.007640
-0.160862
0.174908
0.165511
-0.006664
-0.003921
0.049640
0.136306
-0.337645
-0.787349
-0.453451
-0.081700
-0.550332
0.538175
-0.041454
0.060640
0.227898
-0.108096
-0.090289
0.154350
0.142239
-0.457991
-0.029716
-0.001930
0.295817
-0.078332
-0.179819
0.145408
0.323779
-0.091481
-0.133345
-0.061444
0.416540
-0.167941
0.434320
-0.218087
-0.474424
-0.445198
-0.116871
0.043605
-0.136371
0.235416
-0.236494
-0.439513
0.114738
-0.304805
0.229683
-0.056001
0.075978
0.052613
0.023669
0.080529
-0.150088
0.137577
0.060283
-0.105042
-0.012850
-0.461568
0.166456
-0.297935
0.483898
-0.075256
-0.159878
0.428328
0.330551
0.135336
-0.036173
-0.051802
0.127959
-0.427133
-0.355703
0.136057
-0.087474
0.115030
0.370049
-0.253691
-0.102700
0.265710
-0.011339
-0.154051
0.106332
-0.301874
0.016906
-0.001778
-0.580421
-0.102136
0.105512
0.188303
-0.249712
-0.218682
0.096122
0.015575
0.351693
0.009466
0.213916
-0.233792
0.414312
0.296224
0.025629
-0.126111
0.298192
0.169346
0.365086
-0.108731
0.085519
-0.002162
-0.114681
-0.110623
0.078714
-0.485075
0.104989
0.156250
-0.193671
-0.129808
-0.411259
-0.721058
-0.818821
-0.257451
-0.167332
0.257789
-0.200573
-0.276668
-0.065349
-0.007102
-0.185745
-0.318938
-0.337112
0.022306
-0.199192
0.126476
-0.250744
-0.005251
0.343750
0.359715
-0.204883
-0.201469
-0.202438
-0.391709
0.460267
0.013531
-0.292645
0.362586
0.076805
-0.623393
-0.183422
0.103411
-0.263869
0.204450
0.046741
0.429502
0.475014
0.444503
0.314127
0.327454
0.076472
-0.480425
-0.385384
-0.109326
0.250790
0.100625
0.314644
-0.348918
0.003862
0.132109
0.326250
0.055561
0.249178
0.314512
-0.115689
-0.245852
0.002400
0.032558
0.220863
-0.284489
-0.377249
0.025240
0.271138
-0.176179
-0.094580
-0.445851
-0.045310
-0.311033
-0.055587
-0.062977
-0.060154
-0.719681
0.125994
-0.425593
-0.031494
0.153124
0.284027
-0.048572
0.340959
-0.106265
0.128518
-0.324406
-0.343769
-0.011341
-0.238609
-0.161129
0.128842
-0.186544
0.145940
0.082311
0.061431
0.227296
-0.015180
0.399543
0.607083
0.476321
0.272844
0.170508
0.033359
0.494452
-0.037327
0.395235
-0.181386
-0.304490
-0.238276
-0.094236
-0.253244
-0.169907
-0.322894
0.136968
0.072840
0.109011
0.048686
1.010583
-0.093653
0.152602
0.012660
-0.395412
-0.076286
0.141120
-0.121541
0.315133
-0.298754
-0.252099
-0.150949
-0.484349
-0.003239
-0.569206
0.037339
0.829821
0.481135
-0.166943
0.249338
0.180280
0.193256
0.032809
0.309959
-0.293965
-0.299188
-0.178617
0.120819
-0.097439
0.143963
-0.025900
0.084209
-0.221680
-0.785481
0.228817
-0.054584
-0.421091
-0.483127
-0.046961
-0.087059
-0.138155
-0.627578
0.133514
-0.108534
0.206705
-0.104084
0.169005
-0.147777
0.002865
0.470240
-0.113017
-0.312460
0.253008
-0.287556
-0.617350
0.174629
0.365668
0.033576
0.509262
0.170853
-0.027990
0.097753
-0.150146
-0.047985
0.126082
0.067642
0.351967
0.546623
-0.479086
-0.336150
-0.190157
-0.011142
0.063569
0.451079
0.654500
0.294582
0.080953
0.087953
-0.305522
0.308913
-0.170051
-0.224064
0.154065
0.192134
0.067354
-0.052495
-0.284997
0.046199
0.034262
0.068438
-0.323168
-0.072998
0.140927
-0.243990
0.033301
0.161612
0.019164
-0.201617
-0.019489
-0.056803
-0.052133
-0.031973
0.104372
0.125938
0.437939
-0.221082
-0.095795
0.391025
0.346875
0.088901
-0.120632
0.032347
0.362953
0.271741
0.146105
0.038115
0.237062
-0.148582
0.410585
-0.477936
-0.067890
-0.429861
0.018964
0.329714
0.139294
-0.114814
-0.015243
-0.544571
-0.072307
-0.385886
0.369211
0.229294
0.056887
-0.128141
0.252645
-0.722336
0.309949
0.133919
-0.179154
-0.325999
0.081140
0.132450
0.352446
0.116069
-0.189620
-0.385274
-0.288107
0.117939
-0.357724
-0.044901
-0.575355
0.044635
0.342444
-0.432061
0.266667
0.436962
-0.331127
-0.150978
-0.269318
0.106570
0.278655
-0.190543
0.515992
0.024153
-0.085754
-0.292606
-0.058716
0.093020
-0.243569
-0.139813
0.111157
-0.378880
-0.214506
0.105291
0.234541
0.314714
-0.073483
0.816162
0.105659
0.013096
-0.096887
-0.081706
-0.072580
-0.479599
0.077117
0.317124
0.107875
-0.079826
0.210916
0.089514
-0.007217
-0.164538
-0.008755
0.054551
-0.145825
-0.412655
0.167750
0.040666
0.163080
0.227536
-0.187375
0.124513
0.511527
0.465624
-0.428075
0.108620
0.243176
-0.308825
-0.046989
0.021310
-0.106053
0.382797
0.239545
-0.252317
0.228510
-0.003362
-0.094771
0.093856
0.033781
-0.250161
0.246800
-0.074782
-0.336740
0.228151
0.406103
0.304564
0.153690
-0.239403
-0.329773
0.209613
0.224686
0.032911
-0.187648
0.143763
0.203869
0.109827
0.162937
0.306642
0.064475
-0.269550
0.843876
-0.208539
0.232487
-0.173027
0.062792
-0.138808
-0.096176
-0.190187
0.267871
0.328664
0.200242
-0.076316
0.124430
-0.289348
-0.139914
-0.047614
-0.378076
-0.103112
-0.787411
0.216975
-0.078907
-0.274856
-0.477578
0.374860
0.310689
0.225219
-0.063552
0.244859
-0.386844
-0.116145
0.562149
0.218251
0.500318
-0.301810
0.541178
0.136090
-0.184771
-0.225888
-0.140261
0.237295
0.243248
0.047175
-0.330115
-0.057039
-0.347381
0.095714
-0.465984
0.621373
-0.416713
0.228405
-0.257097
-0.327091
0.302331
0.269314
-0.166578
0.257380
0.440121
0.244786
0.321861
-0.091322
0.153720
-0.127041
-0.256845
-0.022502
0.280425
0.044730
0.019067
-0.252028
0.132369
0.071688
0.076764
0.452022
-0.014266
-0.080960
-0.708888
0.133603
-0.469135
-0.049731
0.015305
0.299236
0.254643
-0.167096
0.265044
0.193722
-0.027467
0.248408
-0.012418
0.652522
0.123451
0.392492
0.110855
-0.259936
0.053329
0.243747
0.066079
-0.114205
0.846632
-0.321063
0.270755
-0.169940
-0.062734
-0.210639
-0.115804
-0.407565
0.194288
-0.071385
-0.230077
0.421588
0.551297
0.258799
-0.122139
-0.272908
0.335614
0.162270
-0.425077
-0.391130
-0.164349
-0.101893
-0.046695
0.200882
-0.031955
0.066658
0.183445
0.204721
0.226076
0.087561
0.064800
-0.200241
-0.162606
-0.033655
-0.266516
0.537902
-0.297010
-0.102242
-0.057199
0.344869
-0.336467
0.196095
-0.140835
0.015287
-0.096033
-0.186675
-0.239368
-0.623075
0.110565
-0.097545
0.084187
-0.033097
0.647621
0.644278
0.425614
0.258486
-0.304618
0.624584
0.289190
-0.061582
0.198401
-0.071338
0.311541
-0.014977
-0.176996
0.205170
0.355103
-0.328147
0.180029
-0.385268
-0.388376
-0.554066
0.141234
0.321626
0.483347
0.084891
0.057826
-0.194010
0.087038
0.015100
0.384517
0.187693
0.130343
-0.214227
-0.187083
-0.035524
-0.139133
0.021150
0.340738
0.325877
0.267430
-0.411890
0.002618
0.238770
-0.561626
0.310807
0.206496
0.470496
-0.124545
-0.119809
-0.086348
0.164917
0.344628
0.327000
-0.335123
-0.092755
-0.243970
-0.317566
0.371118
-0.300327
-0.315402
-0.528250
0.248013
-0.476453
-0.413529
-0.401985
0.080240
-0.104333
0.390690
0.201050
-0.015583
0.391416
0.123182
0.003386
-0.098884
-0.005828
-0.220675
-0.627773
0.291554
-0.301812
0.146067
0.062661
-0.356542
-0.271101
-0.164635
0.353265
0.208357
-0.190807
0.094294
-0.246522
-0.406109
-0.105580
0.226981
-0.178347
0.065056
0.255686
0.173641
-0.445960
-0.221463
-0.131709
0.050008
-0.217477
-0.070917
-0.212139
