0.069072
-0.080338
-0.317667
0.262400
0.462216
0.341717
-0.646195
0.027421
0.265725
-0.054637
0.067219
-0.360531
-0.045484
-0.320784
0.335115
0.226593
-0.015799
-0.221038
0.095233
-0.340354
-0.312040
-0.211060
-0.097699
0.047058
0.109805
-0.065892
-0.132416
-0.186122
0.264640
-0.136071
-0.732035
-0.411753
0.159540
0.730332
-0.368869
-0.704116
0.419561
-0.202574
0.458699
0.000384
-0.537168
-0.153708
0.872641
0.094391
-0.001437
0.444232
-0.386575
-0.218935
-0.378521
0.248644
0.110767
0.548727
0.345411
-0.097264
-0.222309
-0.268786
0.086619
-0.625425
-0.020690
-0.357784
-0.051140
-0.182294
0.938742
0.323185
0.061250
0.405783
-0.160405
0.257432
0.170343
-0.390793
-0.523798
-0.209677
0.060177
-0.165405
0.593028
0.358044
0.005617
0.037256
0.462280
0.103329
0.627323
-0.152495
-0.590027
-0.540317
-0.118007
0.099709
0.222400
-0.445778
0.395718
0.440197
0.700955
-0.462161
0.285723
0.083135
0.223301
0.253837
-0.159439
-0.285645
0.218158
-0.158580
-0.133552
0.669992
0.139634
-0.117773
-0.158695
0.797841
-0.364781
-0.857364
0.801308
-0.367984
0.197857
-0.010926
0.447389
-0.010817
-0.129726
0.321493
-0.460890
0.124893
-0.162101
-0.180437
0.379792
0.097510
0.430368
0.102440
0.029876
-0.179359
-0.112849
-0.598955
0.435061
0.149773
0.310655
-0.209976
-0.016141
0.063115
-0.372343
0.586817
0.484382
-0.520657
0.099046
-0.201825
-0.310397
-0.105799
-0.250578
-0.199927
-0.168964
-0.146068
0.172899
0.111062
-0.166968
0.460408
-0.171148
0.639057
-0.104021
0.118578
0.174419
-0.544218
-0.295125
-0.010881
0.082064
-0.350740
0.045633
-0.032972
-0.257764
0.822746
0.216790
-0.055950
0.091172
-0.300989
-0.108960
-0.225284
0.029423
0.136077
-0.224554
-0.592477
0.406757
0.038505
0.179166
0.276596
0.143955
-0.054125
0.039061
-0.009737
-0.048264
-0.534794
-0.045537
-0.223083
-0.110384
-0.132280
0.651967
-0.182523
0.045013
-0.150150
0.052403
0.189973
0.855837
0.293734
0.545789
-0.464401
-0.079486
0.137809
0.030871
0.386253
0.441569
-0.248815
0.069367
-0.278958
0.006219
-0.315992
-0.009467
0.005968
0.289052
-0.362411
-0.158114
-0.003316
-0.095191
-0.564834
0.178342
0.397707
-0.402797
0.122662
-0.019492
-0.457423
-0.134406
0.616743
-0.040399
-0.005931
-0.048204
0.250957
0.211750
-0.111619
-0.193362
0.095943
-0.278727
-0.188818
-0.106921
-0.380206
0.056667
0.453772
-0.419286
0.192470
-0.176852
0.113564
-0.269098
-0.491758
-0.677004
0.260316
0.529625
-0.091395
0.694971
0.011510
-0.861539
-0.552489
-0.634432
-0.058996
0.199020
-0.148831
0.553674
-0.097924
-0.334397
0.088415
0.477056
0.549729
0.230316
-0.196957
0.297366
0.603702
-0.154335
0.167703
-0.119485
0.297744
-0.167817
-0.000940
0.144464
-0.333305
0.087088
-0.445919
-0.048433
0.086571
0.429457
0.200364
-0.044894
-0.185644
-0.231059
-0.399290
-0.141291
-0.228946
-0.223473
0.500832
0.356341
-0.434449
-0.080404
0.071122
-0.128201
0.066530
-0.347450
-0.031937
0.189888
-0.084468
-0.333057
-0.746544
-0.097880
0.200505
0.965021
0.096466
-0.224963
-0.629757
-0.327656
-0.226689
0.388454
-0.054721
-0.464565
0.339193
0.276264
1.033039
0.461452
0.380130
0.183159
0.324886
-0.176655
-0.214681
0.548459
-0.053996
0.229844
-0.099329
-0.214880
-0.160906
-0.208255
-0.171390
-0.342658
-0.018245
0.335720
-0.322385
0.033896
-0.193408
0.115454
-0.147265
-0.317152
-0.150698
0.287410
-0.156693
0.127116
0.443656
-0.781368
0.232633
0.222555
-0.303682
0.537477
0.284349
0.369924
-0.219362
-0.224366
-0.604529
-0.485676
0.145108
0.244494
-0.550619
-0.062073
-0.415996
-0.467587
0.705250
-0.584619
-0.658032
0.103110
-0.162283
0.269557
0.743502
0.433997
-0.348394
0.713605
0.025753
0.031758
0.580067
-0.621079
-0.140088
0.172078
0.241448
0.177543
0.026537
0.095148
-0.488148
-0.223521
-0.053629
0.343323
0.705453
0.136343
-0.081707
0.310565
-0.061006
1.039475
-0.144788
0.195382
-0.265420
-0.387575
-0.400242
-0.144061
0.060461
-0.193416
0.565685
-0.111496
-0.427951
-0.270572
-0.323387
0.350490
0.428400
0.395736
0.140258
-0.791609
-0.016879
-0.363359
-0.288797
0.184256
-0.283368
0.440721
0.070597
-0.453824
0.074290
0.618339
0.038206
0.181073
0.140143
0.060811
0.283519
-0.014178
0.282141
0.285119
0.196434
-0.666177
-0.436844
-0.786190
-0.044927
-0.420536
-0.018668
0.111763
0.350401
-0.530900
0.392901
0.319629
0.698543
0.836766
-0.238997
0.344565
-0.411007
-0.307237
-0.052376
0.098702
-0.431142
0.000620
-0.422994
-0.201945
0.092124
-0.136431
-0.264219
-0.869400
0.246779
0.138565
-0.214281
0.160999
-0.126626
-0.255079
0.089808
0.399205
0.275598
-0.153343
0.266910
0.442674
-0.185859
-0.442067
0.234269
-0.145849
0.077910
0.514849
-0.790645
-0.037688
-0.146863
0.522340
-0.603423
-0.178149
0.186140
-0.369923
0.289207
0.490238
0.282799
0.128750
0.356237
-0.536695
0.001745
0.502219
-0.005435
0.246756
-0.537854
-0.123127
0.214391
0.204947
-0.004455
-0.028426
0.212798
0.260406
0.192492
-0.725511
-0.020579
0.248255
-0.039266
0.133208
0.273317
0.304981
-0.577003
0.182287
0.544315
-0.590695
-0.369706
0.349508
0.560677
0.195381
-0.205785
0.046029
0.228413
-0.220520
0.860430
-0.282714
-0.569705
0.356676
0.307158
0.166704
-0.622603
0.198979
0.109365
0.059484
-0.148679
0.425232
0.450133
0.137412
-0.093670
-0.191701
0.534910
0.248756
0.332194
0.495515
-0.376448
-0.604523
-0.070022
0.088916
0.299060
0.722562
0.134307
0.250450
-0.601923
-0.117859
-0.474151
-0.122717
-0.827250
0.128417
-0.286844
0.040127
-0.292135
0.376104
0.437422
0.542454
0.139132
0.031569
-0.344238
0.237916
0.217395
-0.026129
-0.154569
0.212529
-0.090147
0.292632
-0.551675
0.013609
-0.280929
0.084050
-0.421374
0.001711
0.306739
0.059607
0.283792
0.302423
0.187582
-0.093646
-0.027586
0.135705
0.189876
0.158962
0.171823
0.236313
0.305974
-0.109731
-0.050438
-0.192123
-0.476456
-0.075268
0.427507
-0.125202
-0.229243
-0.383896
0.123622
-0.422451
-0.126329
0.275769
0.466344
-0.689433
0.313221
-0.331620
-0.517521
-0.289326
0.200080
0.280681
0.406746
0.177382
0.117611
0.160528
-0.187453
0.155290
-0.334278
0.103917
-0.237358
0.119772
-0.302907
-0.009698
-0.381233
-0.119972
0.790822
0.534494
0.013295
0.106293
0.113297
-0.518521
0.196671
0.034549
0.139148
-0.050098
-0.046032
0.207641
0.406689
-0.228054
-0.706364
-0.309229
-0.394621
0.100897
-0.644585
-0.171621
-0.179131
0.342155
-0.068446
0.006077
-0.448702
0.376622
-0.572706
-0.013005
0.345155
-0.051813
-0.041759
0.787346
-0.551979
-0.347596
-0.368208
-0.260670
0.495575
-0.369940
-0.060833
0.215993
0.260923
-0.110111
-0.498726
0.040774
-0.015150
0.103660
-0.231835
0.357974
0.368043
0.140530
0.146272
0.422849
0.094162
-0.257563
-0.326081
0.006524
0.083548
-0.158281
0.311189
-0.062001
0.072740
-0.285432
-0.672407
-0.075248
-0.200551
-0.031171
-0.290244
0.185575
0.346456
0.599040
-0.149381
0.178381
0.326194
0.071434
0.238303
0.943669
-0.317597
0.374074
0.142547
0.043113
-0.020983
0.051759
-0.605719
0.385299
-0.370108
-0.565717
-0.119345
0.256984
0.000967
0.094865
0.243329
0.642178
0.290447
-0.343589
-0.442470
-0.181166
0.011560
0.134075
0.163949
-0.062580
-0.288068
-0.268349
0.118017
-0.098178
-0.023558
0.246583
-0.056269
0.838631
-0.182536
-0.892447
-0.558770
-0.472356
0.198749
0.699704
-0.010477
-0.385057
-0.703294
0.107862
0.002702
0.007493
-0.280974
-0.667612
0.436013
0.658134
-0.126443
0.089805
0.129041
-0.457440
0.859310
-0.194591
0.422211
-0.395916
0.161037
-0.251185
0.507833
0.390251
-0.043435
0.247162
0.061262
-0.245529
0.183105
-0.159130
-0.020037
0.107883
-0.180964
-0.323479
-0.129979
0.361527
-0.287574
0.793958
-0.201714
0.535525
0.170338
-0.158504
0.590839
-0.140829
0.141285
0.659380
-0.409227
-0.088811
0.137319
-0.372938
0.038755
0.317053
0.003436
-0.032210
0.228562
-0.011152
0.206744
-0.100543
0.238512
0.228852
0.421812
-0.427201
-0.235134
0.164357
-0.552741
-0.276906
-0.169272
-0.006755
-0.382453
-1.127928
0.233423
0.158675
-0.610555
-0.557324
0.287373
0.413119
-0.333260
0.352663
0.671338
0.155720
-0.019556
-0.382486
-0.444856
0.212959
0.212256
-0.439344
-0.369999
0.299499
0.552722
0.058865
0.244214
0.110432
0.013202
-0.322411
0.094918
0.527376
0.307021
-0.101455
-0.183460
0.311856
-0.324714
0.345733
-0.440988
-0.236992
-0.009329
-0.335900
-0.184272
0.197060
0.060268
-0.054803
-0.196742
-0.212739
-0.051887
0.311183
-0.489648
-0.273238
-0.133134
-0.208481
0.142317
-0.273891
0.281166
0.628337
0.062143
-0.694390
0.366444
-0.441493
0.643628
0.564477
-0.426208
0.088669
0.288195
0.006135
0.456560
0.150371
0.710125
0.241912
-0.636339
0.131006
-0.440010
-0.886562
0.057577
0.267256
-0.414414
-0.125200
-0.030175
-0.251148
0.231444
-0.032030
-0.263853
-0.069373
0.229291
0.054447
0.304016
0.455509
-0.130576
-0.576084
-0.315404
0.556187
0.028737
0.342902
0.233642
-0.359351
-0.022027
-0.398302
-0.203226
0.789841
-0.094136
0.059968
0.515723
0.083809
0.207924
0.139557
-0.105698
-0.449476
-0.109519
-0.132712
0.071666
-0.335768
-0.146326
-0.146969
0.214411
-0.020666
-0.303829
-0.373812
0.404109
-0.287714
-0.581183
-0.304388
0.107123
0.553197
-0.036589
-0.296091
-0.183492
-0.061469
0.719783
0.214254
0.130925
0.140847
-0.252576
-0.151600
0.066186
-0.103229
-0.014533
-0.517443
0.169231
-0.063290
-0.051398
0.240141
0.134934
0.289447
-0.068658
-0.215682
0.439170
0.122960
0.344324
0.033445
-0.448477
0.238978
-0.041127
-0.069162
0.049255
0.390202
0.044801
0.394766
0.136100
-0.385596
-0.288075
0.052085
-0.319893
0.044026
0.633414
-0.464086
-0.058435
-0.120120
0.594573
0.539568
-0.207828
0.235993
0.041752
0.070513
-0.566569
-0.589932
0.158002
0.042840
-0.076906
0.137154
0.473672
-0.045664
-0.043673
0.649739
0.433412
-0.412621
0.417596
0.546598
-0.137734
0.349712
0.212684
-0.191052
0.289206
0.357601
-0.206627
-0.234576
0.347539
0.011686
-0.130566
-0.199471
0.400587
0.448526
0.107038
-0.348731
0.035470
0.015435
-0.106908
-0.263780
0.024138
-0.613549
-0.013067
-0.020172
0.299743
0.141617
0.106136
0.160632
-0.762453
0.575139
-0.260881
0.002924
-0.038409
0.262554
0.307179
-0.172189
-0.371694
0.126677
0.766664
0.263282
-0.096382
-0.049858
0.151767
0.037012
-0.649193
-0.253654
0.111775
0.045781
-0.175404
0.272837
0.095683
-0.742854
0.029079
0.557455
-0.148653
-0.178933
-0.254177
-0.709552
-0.131084
0.208788
0.309410
0.584314
0.344488
0.107102
0.295031
0.057142
-0.170498
0.128014
0.119841
-0.233991
0.112676
-0.099044
0.162671
-0.206442
0.627566
0.321970
0.460967
-0.099698
0.716418
0.066261
0.447923
-0.278251
-0.573354
-0.012455
-0.201255
0.223372
-0.083839
0.474321
0.376386
-0.273322
-0.193362
0.176914
0.236873
0.023673
-0.028119
0.422136
-0.362613
-0.057365
-0.010171
0.025344
0.278656
-0.054565
-0.030582
0.068866
-0.054446
0.027725
-0.081990
-0.627623
-0.292031
-0.581497
-0.308809
-0.604670
-0.259771
-0.064729
0.247237
0.252330
0.278401
-0.113502
-0.083673
0.113956
-0.289686
-0.227939
0.291748
-0.450302
-0.073904
0.245835
-0.166320
0.176160
-0.067021
0.001185
0.202110
-0.052337
0.048129
-0.513635
-0.591796
-0.566342
-0.162294
-0.770853
0.018989
0.141675
-0.163786
0.144975
0.146855
-0.243219
-0.306824
0.236905
-0.076264
-0.169651
0.084780
-0.172475
-0.121015
0.033290
0.428045
-0.391902
-0.090809
-0.026172
-0.025678
0.292633
-0.178080
0.432270
0.155022
-0.291007
-0.054308
-0.012722
-0.062580
0.051324
0.231017
-0.801781
-0.534319
-0.595674
-0.077954
-0.135809
0.132804
0.673382
-0.338627
-0.873756
0.116646
0.820186
0.491244
-0.218472
-0.504500
0.152314
-0.192949
-0.665517
0.316569
-0.162814
0.652147
-0.500167
-0.460810
-0.191850
-0.663511
-0.300794
0.139636
-0.591566
0.812821
-0.747847
-0.511083
0.516274
0.204614
-0.013438
0.137328
-0.179078
0.096101
0.184382
0.121121
-0.211523
-0.203920
-0.723586
-0.086496
-0.106072
0.036487
-0.707762
-0.342484
0.542495
-0.061189
-0.106292
0.226835
-0.438898
0.027366
0.201276
0.059386
0.039078
0.008973
0.235099
-0.095623
0.596329
0.070651
-0.281276
-0.137289
0.201055
0.836696
0.391846
0.640381
0.078083
0.450979
0.062276
0.087277
0.193561
-0.119172
-0.266172
0.242330
0.495154
0.221523
-0.406221
0.128606
0.387227
-0.009565
0.060101
0.459561
0.525692
-0.869436
-0.232054
-0.037265
0.135439
-0.152486
-0.090686
0.643036
-0.416586
-0.390370
-0.341336
-0.062386
0.453414
-0.559511
0.388917
-0.082362
-0.277161
-0.241692
-0.118392
-0.035453
0.216848
-0.285921
-0.042596
-0.130941
-0.338532
-0.159455
0.716714
-0.013301
-0.054544
0.361413
-0.147847
-0.108476
-0.158306
0.046427
0.238468
0.130842
0.032562
0.109838
-0.082554
-0.227701
0.251728
-0.414828
0.202413
-0.378591
-0.223246
-0.057940
-0.017637
0.455416
-0.484394
-0.223148
0.110076
0.123412
0.101282
0.401176
-0.404430
-0.093400
0.170113
0.883203
-0.037994
0.555076
-0.167354
-0.181831
-0.124409
0.467933
0.508787
-0.163504
0.220628
0.506586
0.178499
0.326305
-0.081242
0.345811
-0.327759
-0.123083
0.060790
-0.188932
-0.337476
0.087194
0.420019
-0.381828
-0.502143
-0.283077
-0.061927
-0.376136
-0.190102
-0.280172
-0.681294
0.348203
-0.831025
-0.448740
-0.617745
-0.041448
-0.168532
0.642445
-0.294259
0.153850
0.313740
-0.192219
0.498091
-0.346214
-0.213577
0.382699
-0.561804
0.115315
-0.353588
-0.124382
0.855923
-0.126960
0.583558
0.317869
0.501565
-0.241575
0.321757
-0.432124
0.334213
0.142035
0.185455
0.596407
-0.499430
-0.002696
0.046672
0.256296
0.123826
-0.131233
-0.094186
0.748981
0.415827
-0.910068
-0.032529
0.403824
-0.532465
1.116397
0.618099
-0.013962
0.346781
-0.276129
-0.061824
0.107374
-0.128408
0.114041
-0.073634
-0.112163
0.268604
0.508305
0.130057
-0.068415
0.069591
0.300383
-0.223152
0.399160
-0.159100
-0.107748
-0.306083
0.173784
-0.188758
0.206174
0.029540
-0.143675
0.245766
0.578960
-0.204181
-0.050236
0.074616
-0.233935
-0.596775
0.559726
0.446661
0.547516
0.219303
0.212099
0.471392
-0.089312
-0.474227
0.087548
-0.307836
0.532303
0.121349
-0.041321
0.207560
-0.023905
-0.395421
0.164031
0.203017
-0.029202
-0.220989
-0.317862
0.165197
-0.274698
-0.011930
0.523465
0.019748
-0.463604
-0.364193
-0.071290
0.308785
0.814421
0.508637
-0.344492
-0.138210
-0.108140
-0.818274
0.658641
0.295193
-0.027357
0.489142
0.258977
0.277629
0.242209
0.379967
0.052367
0.607703
0.182744
-0.258367
0.041018
-0.060612
0.129736
-0.474868
0.380985
-0.215560
0.152193
0.141813
-0.219013
-0.287292
-0.502164
-0.058110
0.122625
-0.301320
-0.334390
0.215803
-0.402576
0.386116
-0.353139
0.011541
-0.475772
-0.117860
-0.515102
0.331515
-0.000912
-0.212567
-0.180965
0.141096
-0.084265
0.483777
-0.271786
0.359662
0.232805
-0.143777
0.081528
0.161894
-0.261088
0.634265
0.040379
-0.539194
0.143822
-0.074562
0.040558
0.026612
-0.242201
-0.110842
-0.210312
0.151357
-0.017647
0.161931
0.212307
0.166198
-0.076017
-0.490328
-0.386436
0.124936
0.330557
0.175128
0.527746
-0.069247
0.507827
-0.018385
-0.276280
0.064966
-0.580237
-0.199558
-0.039518
0.285791
0.172676
0.583878
-0.248012
0.235602
0.473348
0.158507
-0.001106
0.711082
-0.350436
0.173342
0.330144
0.539143
-0.824720
-0.298922
0.403285
0.040259
0.028582
0.030368
0.049261
-0.802336
-0.366230
-0.499093
-0.226196
0.049638
-0.348260
-0.208095
-0.291416
0.289267
-0.820011
-0.283955
0.363349
-0.328760
0.239658
-0.230021
-0.500156
-0.977172
-0.481698
-0.741754
-0.674692
-0.718281
-0.872981
-0.261639
-0.635227
-0.107971
-0.182726
-0.066884
-0.102632
-0.636407
-0.016829
-0.597184
-0.214541
0.473537
0.893101
0.652891
1.049847
0.558769
0.601689
0.797248
1.209713
0.895131
0.534390
0.050605
0.557442
0.641707
1.003783
1.215983
0.957902
0.748122
0.519200
0.471162
0.157609
0.587132
-0.382286
0.451322
0.494965
-0.224522
-0.459799
0.017925
-0.520957
-0.076319
-0.376757
-0.427220
-0.516250
0.055469
-0.936099
-0.496631
0.089283
0.065794
0.085693
-0.534420
0.000591
-0.112204
-0.433788
0.146560
-0.566777
-0.202533
-0.072638
-0.042644
-0.029499
-0.368142
0.355033
0.321648
0.348158
-0.057457
-0.522784
0.462697
0.264363
0.291502
0.135802
0.181366
-0.279199
0.108232
-0.012132
-0.111948
-0.341400
0.950320
0.163626
-0.230283
-0.482714
0.317940
0.265584
-0.153073
-0.475817
0.317511
0.302510
0.625667
-0.485220
-0.128309
0.076585
0.800137
-0.285683
-0.245070
0.359887
-0.115080
-0.427699
-0.023865
0.875570
0.551932
0.700808
-0.716832
-0.562263
-0.190804
0.207411
0.705688
-0.190323
-0.492923
0.857748
-0.204808
-0.767356
0.346465
0.479392
-0.425207
0.503588
-0.312509
-0.375304
0.069874
0.208703
0.497359
-0.441590
0.059890
-0.025836
0.050035
0.007102
-0.212649
-0.340405
-0.238926
-0.399815
0.100588
-0.125475
0.753178
0.103460
0.032711
-0.247374
-0.341142
0.230070
-0.205427
0.460749
0.065732
-0.302082
-0.649119
0.099108
0.662043
-0.120197
0.205045
-0.284873
0.152952
-0.099220
-0.533196
1.113304
-0.156793
-0.158316
-0.289143
0.256867
0.170925
0.308339
0.446127
-0.111615
0.117140
-0.389949
-0.230357
0.161455
-0.316840
-0.474611
0.069886
0.457578
0.363668
0.270843
0.458393
-0.149056
0.154152
0.052747
0.054942
0.308215
-0.089913
-0.210665
0.342057
0.135849
-0.343691
-0.230909
0.385227
-0.363497
-0.285677
-0.963509
0.331387
0.111771
0.107640
0.198758
0.294302
-0.102811
0.120413
0.881432
-0.215084
-0.718165
-0.394903
0.169082
-0.065112
0.347760
-0.457384
-0.491142
-0.248194
-0.252256
0.151354
0.049606
0.412049
0.280930
-0.185985
-0.221801
-0.232589
0.545601
-0.643727
0.204699
-0.569379
0.634983
-0.302078
-0.365921
-0.465022
-0.317826
-0.420121
0.144213
0.431321
0.205563
0.401375
-0.429985
-0.097402
-0.093502
-0.012563
-0.420603
-0.280252
-0.518868
-0.088969
0.097840
0.528997
0.586236
-0.057074
0.393204
-0.408694
-0.762682
0.211690
-0.222535
0.084470
-0.276627
0.232844
-0.189899
0.154383
0.572405
0.162828
-0.386864
-0.217883
0.094189
-0.041822
0.098409
0.060388
-0.438241
-0.269234
-0.007143
0.239480
-0.248160
-0.366054
0.381862
0.149554
-0.037342
-0.330386
0.426856
-0.199756
-0.090932
-0.076704
0.726860
-0.114944
-0.202959
-0.073053
0.555959
0.158427
0.723545
0.682092
-0.289327
0.135648
0.385040
0.386051
-0.097065
0.239350
0.174438
0.064918
-0.340632
-0.185365
0.282808
-0.018746
-0.353387
-0.293460
-0.103355
-0.204503
0.320947
-0.120605
-0.005837
0.051422
-0.134603
0.402567
0.389575
0.049623
0.434720
-0.078248
0.065677
0.186251
0.246612
0.032115
0.083952
0.431142
0.120699
-0.061321
0.274626
0.087221
-0.303189
0.646543
0.186189
-0.717661
-0.195043
-0.819957
-0.063944
-0.252813
-0.226386
0.458958
-0.020378
-0.060014
0.030391
0.180280
0.267839
0.272959
-0.109126
-0.507068
0.210775
-0.070100
-0.540318
-0.086525
-0.068944
-0.725239
0.552602
0.172711
0.414662
0.427256
0.220458
-0.082334
0.520987
-0.024535
-0.379547
0.064465
-0.136379
-0.312548
-0.305361
0.203369
0.248470
-0.208315
0.113930
-0.244410
-0.210321
-0.203286
-0.067994
0.062459
0.171891
0.307471
0.125363
0.004256
0.541435
0.597339
0.591883
0.025565
0.369532
-0.951275
0.006812
-0.356846
-0.526856
-0.390528
-0.290939
0.430176
0.385026
-0.050192
0.003531
-0.585762
0.118009
-0.105942
0.706056
-0.348022
-0.536825
0.317888
0.124333
0.343362
-0.211035
0.347093
-0.126527
0.381857
0.476434
0.030936
-0.143746
-0.279673
0.086747
-0.190635
0.147400
0.064490
-0.320601
0.218195
0.010777
0.213451
-0.393513
-0.089737
0.050712
0.252924
0.018308
-0.510774
0.200231
-0.461150
0.144061
0.202673
-0.515456
-0.227726
-0.552078
-0.218793
-0.387139
-0.031103
-0.563330
-0.714528
0.812946
-0.266702
-0.183390
0.190510
-0.024590
0.238819
-0.428499
0.180452
-0.141366
-0.011281
-0.250189
-0.022182
0.319296
0.059492
0.286118
-0.295507
0.601868
0.302562
0.778179
0.468076
-0.057240
-0.089693
-0.077555
0.462339
-0.262881
-0.067016
-0.163699
-0.147409
0.214579
0.190672
0.286599
-0.214587
0.435742
0.090603
-0.061214
-0.300803
-0.038719
-0.040735
-0.109613
-0.173798
0.117457
-0.480536
0.279014
-0.039711
0.092889
0.051922
-0.350406
-0.375199
-0.133594
0.137066
0.237833
-0.348549
-0.187278
0.226552
0.077097
0.057235
-0.170290
-0.166282
-0.214982
-0.004467
-0.134117
0.323399
-0.222892
0.068990
-0.259644
0.158298
-0.427938
0.059266
0.289711
-0.912290
0.502707
0.515481
-0.791714
0.274872
0.150939
0.169316
-0.633247
0.197517
-0.142284
-0.464228
0.199512
-0.195100
0.203516
0.238316
-0.600109
0.033915
0.482546
0.146341
-0.150255
0.402208
0.707263
-0.190586
0.407791
0.250088
0.366201
-0.006447
-0.139242
0.250584
-0.390376
-0.305951
-0.180261
0.225239
0.345559
-0.098611
-0.114594
-0.291492
0.665121
0.301656
-0.116266
0.633871
-0.166851
-0.102200
-0.240057
-0.157597
-0.035211
-0.064165
-0.301139
-0.241201
0.171961
-0.618954
-0.057411
0.385314
-0.159291
0.044249
-0.224919
-0.002519
0.230857
0.097437
0.140808
0.222362
-0.643079
0.188196
0.477578
0.503425
-0.716881
-0.157998
0.285538
0.175791
0.184339
-0.543619
0.063138
-0.256875
0.253111
-0.035216
-0.007960
0.085787
0.301051
-0.277553
-0.018122
-0.072665
-0.120749
-0.510696
-0.322628
-0.083566
-0.057791
-0.405406
0.442267
0.387137
-0.268419
0.187940
0.309279
0.106862
-0.257499
-0.194576
0.503827
-0.011657
-0.177165
0.128740
-0.130790
-0.638429
-0.041027
-0.126083
-0.063565
0.068371
0.074138
0.314985
0.319663
-0.414476
-0.218270
-0.382525
0.239104
-0.222720
-0.161058
-0.411993
0.202821
-0.626098
0.500587
0.419513
0.471673
-0.130703
-0.559814
-0.146817
-0.072326
0.071647
0.282758
-0.525508
-0.617257
0.308405
0.077097
-0.225980
-0.283622
0.021660
-0.001007
0.187908
-0.229847
0.001981
0.028750
0.166251
-0.070727
0.054836
-0.667127
0.325720
-0.338673
0.487217
0.416844
0.088177
-0.228388
-0.511358
0.430796
-0.117321
-0.087716
-0.685864
-0.294622
-0.141771
-0.476284
0.085045
0.295942
0.142886
-0.259687
-0.014682
-0.196457
-0.643875
-0.184764
0.303806
0.730034
0.238857
-0.387057
0.018736
-0.027518
0.142175
0.503058
0.101171
0.295447
0.052779
-0.011478
-0.722323
-0.426514
-0.148980
-0.594673
0.133644
-0.204393
0.089645
-0.044473
0.259915
-0.313274
0.780613
0.072541
-0.014817
0.221661
-0.602864
-0.190003
0.446112
0.759109
0.258762
0.310726
0.020399
0.269889
-0.013961
0.273056
-0.199150
0.136625
0.159175
-0.254262
0.126327
-0.214560
-0.165439
0.382217
-0.021651
0.093582
-0.513308
-0.238690
-0.145819
0.298508
-0.458947
0.067589
-0.167736
0.253623
-0.361233
0.348631
0.094599
-0.393090
0.038274
-0.466107
-0.106523
-0.033333
-0.689494
-0.234713
0.386460
0.653768
0.195758
0.129564
0.101407
-0.205560
0.757845
0.251571
-0.193243
-0.514589
0.034982
0.364251
-0.158710
-0.546976
-0.411835
-0.037628
-0.086848
0.059826
-0.285233
-0.468078
0.060646
-0.224165
-0.590490
-0.290110
0.009854
0.339872
0.122009
-0.099144
-0.828827
-0.347873
-0.281429
-0.586898
-0.197871
0.038243
-0.102805
0.131794
0.009286
0.276435
-0.226389
-0.144130
0.021206
-0.224973
0.568256
0.843539
0.340977
0.366358
0.064675
-0.253030
-0.363588
0.067663
-0.165138
0.245126
0.510769
-0.280197
0.454805
-0.373173
0.328521
-0.072133
0.434988
-0.431076
-0.150592
0.146546
0.143559
-0.345668
0.151351
0.082017
-0.137324
-0.072620
-0.012412
-0.057807
0.213558
-0.040374
0.039865
0.047066
0.203591
0.201072
0.268867
0.308225
0.039102
0.754698
0.557941
0.212439
-0.370755
-0.117142
0.403792
-0.123226
-0.118655
0.543943
-0.139905
-0.669232
0.557512
-0.083456
0.070776
0.167146
-0.410990
0.275847
0.302190
0.034067
-0.132084
-0.115702
0.354339
-0.032139
-0.320488
-0.613503
-0.293114
0.098624
-0.199990
-0.278688
0.059000
0.323677
-0.454740
0.188861
0.361872
-0.405397
-0.984877
0.217525
-0.725769
-0.402180
-0.033491
-0.216583
-0.320256
-0.290993
0.536890
-0.677974
0.291107
0.463840
-0.225692
0.048511
0.051901
-0.480534
-0.111784
-0.166316
0.147791
-0.206524
-0.001902
0.212694
-0.099651
0.250771
-0.300341
-0.192407
0.000853
0.241826
0.139339
-0.313842
0.497125
-0.154002
0.268432
-0.160904
0.245385
0.319381
-0.265828
-0.167081
-0.145851
0.577496
0.126986
0.025836
0.293730
-0.080588
-0.238063
-0.093207
0.293717
-0.056824
-0.317275
-0.176546
0.449574
0.120459
-0.291097
-0.635584
-0.052756
0.036421
0.291536
0.399323
0.205857
-0.272448
-0.358256
-0.222893
-0.174869
0.054308
0.050459
-0.036232
0.348755
-0.574887
0.028126
-0.153023
0.239465
-0.026096
0.263619
-0.326396
-0.126949
-0.378524
0.385302
0.472172
-0.360274
0.329826
0.183506
-0.042728
-0.278830
0.454851
0.302895
0.620162
-0.376462
0.414754
-0.442672
-0.313317
0.474095
-0.042127
0.197379
-0.117287
-0.071407
0.624448
-0.635577
-0.017010
0.675684
0.387779
-0.019509
-0.223780
0.322959
0.378885
-0.435523
0.101403
0.022677
0.121266
0.128075
-0.622315
0.337539
-0.271022
0.383219
-0.607360
0.120862
-0.002127
-0.037887
-0.173546
-0.571084
0.124939
0.303381
0.071391
-0.182602
-0.564940
0.180767
-0.395042
0.455303
0.178993
-0.007355
0.241857
-0.298194
-0.239362
-0.129518
-0.077632
-0.244907
0.051485
-0.389066
0.131823
-0.250379
-0.347248
-0.104812
-0.428151
0.689897
-0.115859
0.039550
-0.221462
0.204811
0.015029
0.523166
0.020040
-0.525682
0.708871
0.433165
0.706465
0.160182
-0.087043
0.044310
-0.186762
-0.210731
-0.409736
0.404249
-0.508221
-0.374806
-0.028392
-0.033565
0.450322
-0.232247
0.630506
0.320878
0.039486
0.040008
0.150617
-0.609907
-0.377805
-0.242777
0.049256
-0.056523
-0.051893
-0.170102
-0.086861
-0.217426
0.375586
1.201065
-0.279411
0.193111
-0.451654
0.712888
-0.198763
0.139761
-0.118049
0.419299
-0.143771
-0.196838
0.373663
-0.546566
0.027704
-0.295414
0.630345
0.309691
-0.540247
0.085942
-0.042927
0.226581
-0.407548
0.056345
-0.504562
0.306266
-0.197977
0.321100
0.197708
0.708751
-0.013384
-0.474807
-0.640896
-0.060738
0.276674
0.207985
-0.324728
0.668188
-0.173214
0.054997
-1.029582
0.254894
0.561524
-0.411787
0.012490
-0.032213
-0.187928
-0.201394
-0.358725
-0.188329
0.315998
-0.014525
0.269874
0.443065
0.059114
0.074552
-0.352498
-0.312318
0.557007
0.213293
-0.416592
0.542818
-0.104766
0.259114
0.754558
-0.075827
-0.504670
-0.152533
-0.168135
-0.169884
-0.517422
-0.165083
-0.847651
0.278382
0.003521
0.228694
-0.168826
-0.350515
-0.191039
-0.101353
-0.100149
-0.023958
0.017124
0.052675
-0.146647
0.012185
0.378998
0.139770
-0.251835
0.300815
0.368337
-0.018945
0.024795
-0.503285
-0.028495
-0.468758
0.102963
0.690424
-0.297584
-0.107073
-0.217045
-0.462040
-0.695817
-0.636328
-0.038406
0.274138
-0.046700
-0.076839
-0.163626
0.272084
-0.030260
0.169508
0.068874
-0.010471
0.003660
-0.515188
-0.136576
0.248496
0.072019
0.254678
-0.607829
-0.314541
-0.734279
0.179433
-0.006005
-0.029415
0.004280
-0.241631
-0.424955
0.152553
-0.445156
0.774799
0.088068
0.464407
-0.081618
-0.107544
-0.303185
0.029566
-0.065600
-0.258555
-0.075647
-0.175391
-0.050836
0.376863
-0.003959
-0.048074
-0.096096
-0.759012
0.080943
-0.390671
0.133499
0.671804
0.626205
0.078528
0.116618
-0.717648
-0.657240
0.074310
-0.444019
0.038978
-0.531774
-0.309958
-0.039102
0.109749
0.583017
-0.233068
0.212909
-0.184032
-0.009743
-0.301036
0.480121
0.459608
0.098573
-0.593074
0.414369
-0.779314
0.194564
0.117637
0.021959
0.058448
-0.197238
0.144841
-0.922082
-0.115238
0.165250
0.306256
-0.524654
-0.236681
0.486051
-0.260568
-0.510821
-0.671349
0.156353
-0.140486
-0.368308
0.013978
0.204579
-0.352479
-0.737624
0.169298
-0.607695
-0.061089
0.334530
-0.223548
-0.048382
0.086471
-0.311535
-0.358724
-0.047021
-0.330994
0.182217
0.005824
-0.110537
0.092025
-0.616621
-0.556031
0.807472
0.148835
-0.429065
-0.687879
-0.116637
0.527184
0.127093
-0.550104
-0.121587
0.543016
0.186906
0.496642
-0.549039
0.441771
0.055536
-0.239381
0.015298
0.514266
0.052041
0.125911
-0.338759
-0.221427
-0.165565
0.253671
0.058859
0.202620
-0.295824
0.093767
-0.080588
-0.149200
-0.254629
-0.107180
0.095930
0.073302
0.107478
0.489035
0.136663
0.265822
-0.071349
-0.038180
0.315017
-0.253456
-0.001866
0.386255
-0.400616
0.262040
-0.376193
-0.483520
-0.140223
0.297549
-0.360716
-0.231027
-0.537911
-0.227924
0.446582
-0.357615
-0.474692
0.559391
-0.131190
0.105809
-0.352212
0.313209
0.270918
0.455502
0.507460
0.253930
0.157558
0.325346
-0.107489
-0.545499
0.553468
-0.250707
-0.000674
0.166131
-0.011004
0.106409
-1.174163
-0.103790
0.098055
-0.316118
-0.059375
0.059066
-0.003842
0.037847
-0.036842
0.790512
-0.480342
-0.013954
0.231753
-0.333640
-0.496093
-0.340119
-0.030276
0.339087
-0.728308
0.881815
-0.171127
-0.073346
-0.202174
-0.354121
-0.393627
0.174935
0.424353
0.090259
-0.500205
0.308027
0.154428
0.488536
0.241350
0.269962
-0.007971
0.287618
-0.284290
-0.279433
-0.380043
-0.070998
-0.484640
0.118657
0.374487
0.607498
-0.016704
0.824208
-0.450057
0.368973
-0.578236
-0.247758
-0.454435
0.219053
0.213604
0.737072
0.239233
0.456675
0.500667
0.048149
0.394638
0.223113
0.258370
-0.142702
-0.610348
0.373660
-0.359884
-0.271520
0.297000
0.039391
-0.286791
0.022135
0.598376
-0.028684
0.120186
-0.669067
0.391192
-0.300592
-0.288131
0.151664
0.135777
0.502130
-0.118684
0.447549
0.732697
-0.241343
0.327035
0.020220
0.950551
0.054493
0.163178
0.034465
0.700431
0.012602
-0.283022
0.411652
0.129380
0.155623
-0.506842
-0.294567
-0.674188
0.260157
-0.075211
-0.053797
0.639086
-0.085872
-0.075692
-0.003156
-0.155337
0.465869
-0.278024
0.253498
-0.486591
0.380312
-0.471779
0.100417
-0.050014
-0.025990
0.073621
0.304203
0.364536
-0.126206
-0.197103
-0.327590
-0.270550
-0.098650
-0.231263
0.056947
-0.025793
0.427053
0.321312
0.214017
-0.019122
-0.096385
0.118105
0.206067
-0.348866
0.534244
0.298546
0.411859
0.216125
-0.233071
-0.017559
0.322306
-0.051773
-0.485269
0.034510
0.115531
-0.353090
-0.433672
-0.182405
0.192010
0.239378
0.346090
-0.008754
0.489005
0.178288
0.351383
-0.169980
0.221351
-0.126233
0.144303
-0.327594
-0.255985
-0.142587
-0.701731
-0.247664
-0.068785
0.231167
-0.043715
-0.443611
0.045563
0.706612
-0.535765
0.130464
0.225095
0.175425
0.552132
0.265728
-0.094338
0.185648
0.569759
-0.328673
0.113564
0.048420
-0.180657
0.267618
0.263576
-0.076501
0.291281
-0.347917
0.163944
-0.111058
0.656197
0.384594
0.260012
-0.293305
0.174645
0.322464
-0.017699
-0.362283
-0.095003
-0.036275
0.422926
-0.522631
-0.526209
0.114845
0.167079
-0.691166
0.593822
-0.250119
0.508923
0.571563
0.028482
0.169416
0.141601
-0.092774
-0.265979
0.517909
-0.364543
-0.096359
-0.487557
0.375789
-0.367157
-0.138982
-0.054023
-0.297996
-0.338131
-0.301223
-0.066799
-0.360220
0.386798
0.144840
-0.179284
0.405783
-0.568418
0.025010
-0.292218
-0.038905
-0.523933
-0.062577
0.010351
0.081389
-0.592120
0.243777
0.179415
-0.122361
0.542911
-0.050014
-0.665449
-0.362709
0.694492
-0.720974
0.542896
0.189729
-0.116742
0.204451
-0.000204
-0.289040
0.206335
0.023474
0.540864
0.335181
0.225174
0.434373
-0.090266
0.347823
0.627364
-0.392097
0.726800
-0.163844
-0.774118
0.079338
-0.082494
-0.310717
-0.000776
-0.315099
0.137616
-0.454071
0.223876
0.090034
-0.245997
0.558454
0.148860
0.154351
-0.203792
-0.085587
-0.256545
-0.215951
-0.907045
-0.050366
0.081138
0.014396
-0.438102
-0.241007
0.083848
0.305832
-0.260126
-0.433142
0.308759
-0.186701
0.427669
-0.265130
0.185912
0.349599
0.101503
-0.034508
0.137496
0.382238
-0.510822
-0.121254
0.052056
0.180581
-0.461479
-0.005902
-0.682947
-0.077641
0.119929
0.208101
0.423427
0.339021
0.031035
-0.433217
0.781795
-0.077478
-0.106028
-0.414581
-0.085043
0.463267
0.358839
-0.043564
0.302887
-0.707276
0.531663
0.032231
0.125230
0.248721
0.241469
0.154177
0.113415
0.460439
0.119359
-0.097989
-0.142211
0.397058
0.115586
-0.017186
-0.495462
-0.122183
-0.439500
-0.021323
-0.297751
0.382110
-0.086928
0.285295
0.376924
0.296851
0.167330
0.317233
-0.329235
0.001644
-0.011482
-0.443058
-0.068811
0.344625
0.188718
0.327126
0.182291
0.705246
-0.157700
0.090413
0.209006
-0.390771
0.012916
0.192284
0.011712
0.141136
0.228874
-0.083275
0.208588
-0.381233
0.180049
0.427269
-0.661829
-0.028808
-0.461877
0.024966
-0.568998
-0.813461
0.155578
0.011205
0.263068
-0.312933
-0.009429
0.112391
-0.305251
0.919951
-0.396834
0.263367
-0.008768
0.287213
-0.455108
-0.155844
-0.143684
0.387315
-0.136993
0.120250
0.046933
0.197896
-0.371450
0.366253
0.195416
-0.255446
-0.083018
-0.151323
0.576477
0.019633
0.088044
-0.755001
-0.195546
-0.432784
0.307478
-0.366805
0.261011
-0.302884
-0.244643
0.146198
0.209499
-0.374574
-0.115572
0.345634
0.244225
0.024609
-0.338142
0.423890
-0.451017
-0.498666
-0.037268
0.316322
-0.153469
-0.044450
-0.096065
-0.321769
0.119372
0.123151
0.267815
0.102468
0.280290
0.028777
-0.371880
0.534491
-0.023938
-0.212817
0.104041
-0.477050
0.236573
-0.503873
-0.253048
0.499657
-0.120541
0.397729
0.243169
0.294389
-0.729766
0.184922
0.504913
0.235746
0.144484
0.301706
0.236558
0.201296
0.444627
0.229021
-0.350769
-0.115303
-0.384217
0.492341
-0.002519
-0.079801
0.012444
0.283621
0.164538
-0.287067
-0.087714
-0.467366
0.218919
-0.334992
-0.730671
0.402374
-0.682477
-0.341468
0.427666
-0.192938
0.290623
0.316422
0.155642
-0.114638
0.163203
-0.278686
0.143934
0.301124
0.135342
-0.577972
-0.013303
-0.097031
-0.193360
-0.230875
0.039978
0.266076
-0.018647
-0.766830
0.298098
-0.309571
0.163328
-0.472541
0.080956
0.092087
-0.477056
0.001771
0.695524
0.253045
0.608796
-0.223080
0.048318
-0.140230
0.306018
0.075173
0.267818
0.029139
-0.329077
-0.556948
-0.936510
0.007851
0.345824
-0.927238
-0.365375
-0.308312
0.035215
0.441686
-0.419381
-0.610996
0.046246
-0.058043
-0.302712
0.139168
-0.291191
-0.155094
0.384442
-0.081659
0.207695
0.203921
-0.415806
-0.066046
-0.008211
-0.015799
-0.394172
-0.451188
0.485346
0.201176
-0.065337
0.232792
0.267057
0.330446
-0.348371
-0.147520
-0.345040
-0.321979
-0.272872
0.219911
-0.001736
-0.221620
-0.344381
-0.074360
-0.017227
-0.232479
0.309434
0.743511
0.456528
-0.070153
0.344162
-0.309462
-0.432046
-0.269910
-0.291273
-0.177989
0.120888
-0.057208
-0.600098
0.476259
0.000148
0.293112
0.145088
-0.178021
0.080650
0.126529
-0.151144
0.934982
0.254644
0.740169
0.288879
0.415872
-0.753878
0.383125
-0.156821
0.194458
-0.248871
-0.268884
-0.203017
-0.010066
0.140411
0.336830
-0.427922
0.440475
-0.461963
0.442132
-0.026610
0.533558
0.347503
0.326509
-0.215923
0.634815
-0.216765
-0.117077
0.513704
-0.073687
0.653182
0.412982
0.097117
0.044797
-0.397666
-0.103624
-0.133153
-0.274592
0.201994
0.053292
-0.069737
-0.043635
-0.028729
-0.333961
-0.364291
-0.305131
-0.388538
0.472514
-0.387902
0.320233
-0.049528
-0.393697
0.399682
0.615319
-0.369473
0.541953
0.068239
-0.129753
-0.902495
0.031629
-0.298980
0.139127
0.059840
-0.210062
0.568082
0.496833
0.492516
-0.163359
-0.247413
0.273187
-0.328122
-0.159405
-0.371150
-0.172593
0.169215
0.135339
-0.086097
0.478653
-0.473525
0.191524
0.096894
0.055952
0.169734
-0.019297
-0.050538
-0.429797
0.058484
0.261734
-0.147099
-0.108915
-0.752173
0.139756
-0.174501
0.119538
0.142067
0.119066
-0.271521
0.021837
0.254366
0.434870
-0.016369
0.324134
-0.129059
0.068468
0.457221
-0.172113
0.087471
0.337318
0.215362
-0.174240
0.207267
-0.360405
-0.081980
0.264614
-0.030277
0.840405
-0.156439
-0.106104
0.169333
-0.140618
-0.166146
-0.065376
0.332864
-0.108523
0.168544
-0.114541
0.272529
0.245905
-0.004561
0.265629
-0.116698
0.601434
0.310036
-0.064357
-0.058008
-0.385388
-0.453308
0.156741
0.162571
0.371059
-0.026464
0.260813
-0.222409
0.084377
-0.189889
0.079011
-0.097733
-0.582549
0.336147
-0.085538
-0.160297
-0.992676
-0.357580
-0.169891
-0.195424
-0.165370
0.224866
-0.016093
0.093378
0.082713
0.114091
0.038382
0.136271
0.482937
0.220270
0.593501
-0.229356
-0.044651
-0.218259
-0.284687
-0.077694
-0.234059
0.148574
-0.289164
0.270499
0.202501
0.236406
-0.196403
-0.388873
-0.038531
-0.002925
-0.614907
0.464421
0.021682
0.406261
0.195640
0.188738
0.708445
-0.101129
-0.517893
-0.517200
0.152836
-0.238792
-0.218818
0.017089
-0.070068
0.183362
0.196803
-0.170933
-0.107725
0.160468
-0.028330
0.126349
-0.637014
-0.681280
-0.028261
0.005123
0.138256
0.034696
-0.360162
-0.040132
0.195543
0.062347
0.104816
0.360162
0.058931
0.168150
-0.001997
0.203478
0.194572
-0.118840
0.233147
0.471015
0.365878
-0.009216
0.003487
-0.375597
0.366719
0.141164
0.687772
0.001712
0.015267
0.690362
0.390544
0.005658
0.724827
-0.820651
-0.124213
-0.207171
0.246946
0.233252
-0.073504
0.316497
-0.382322
-0.332755
0.118634
-0.234411
-0.224608
0.177309
0.181996
0.052037
-0.033235
-0.188184
-0.348823
0.105429
0.053069
0.005717
-0.101037
-0.036360
0.148300
0.141221
0.333415
-0.484538
0.015408
0.436781
0.296114
0.766859
-0.035873
0.499052
-0.945027
-0.119580
0.185965
0.445603
0.190032
-0.586926
0.509481
0.182991
0.017825
-0.109423
-0.428597
0.001832
-0.413278
0.257577
-0.520855
0.083048
0.392206
-0.118241
0.080591
0.370670
-0.050931
0.327243
0.188514
0.333565
-0.377398
0.320047
0.328096
-0.032335
0.272892
-0.099486
0.289352
-0.309888
0.452623
-0.263688
-0.664202
0.752354
-0.154120
0.227836
-0.280994
-0.570742
0.207489
0.017467
0.578822
-0.634663
-0.430980
-0.030585
-0.004197
-0.276221
0.219639
-0.096786
0.002984
-0.431405
-0.731361
0.305457
-0.570524
0.447133
-0.097743
0.131946
0.809615
0.496141
-0.133007
0.027097
0.355441
-0.429938
-0.038388
0.508508
0.001279
-0.534846
-0.208590
-0.410410
0.439524
0.115195
0.090253
0.110029
-0.083684
-0.493041
-0.369919
-0.416268
-0.072083
-0.120935
0.006645
-0.379886
-0.105826
0.120707
-0.391097
0.362808
0.216112
0.094382
0.026808
0.547366
-0.283318
0.360094
-0.026756
0.300884
0.826979
0.159348
0.543884
0.645961
-0.285692
-0.069396
0.525124
0.379790
-0.086330
-0.029193
0.193844
0.406226
0.094674
0.122987
0.120219
-0.112167
0.194125
-0.611668
-0.153857
-0.269436
-0.178211
-0.658927
-0.118840
-0.536467
-0.279570
-0.700070
0.059411
0.260160
0.373614
0.141947
0.052114
0.123645
0.180015
0.143288
-0.351426
0.201815
0.041788
-0.116331
0.694910
0.030205
-0.041782
0.091887
0.440690
-0.768056
0.042213
-0.386030
0.005385
0.280510
-0.254857
0.350398
-0.075078
0.101633
0.309854
0.210011
-0.483960
0.041612
-0.222572
-0.616444
0.553061
-0.809779
-0.168874
-0.429073
-0.336351
-0.245571
0.133449
0.288871
0.502114
0.633595
-0.115635
-0.455005
0.362407
-0.204865
0.179453
0.458395
0.121577
0.012528
0.248745
-1.019657
0.049174
0.572655
0.106181
0.547275
-0.330961
-0.387049
-0.266359
-0.677326
0.056251
0.145446
-0.021113
0.269627
-0.072147
0.854890
-0.628324
-0.294751
-0.055566
0.255116
-0.183779
0.681814
0.148922
0.148781
0.266921
-0.036333
-0.147778
0.049071
0.097816
0.331259
-0.145455
-0.377873
-0.099587
0.589467
0.153651
0.785680
-0.219129
0.144767
0.144744
0.486734
-0.871586
-0.530788
-0.576944
-0.220979
0.589547
-0.080244
-0.508185
-0.222119
0.195094
-0.146362
0.058047
0.472456
-0.102489
0.019688
0.025067
-0.014318
-0.451993
0.706480
0.031339
-0.224012
-0.396780
0.058349
-0.044156
-0.201958
0.004264
1.188163
-0.407421
-0.125461
0.036897
-0.322299
0.301326
0.037495
0.090383
-0.058654
0.201045
-0.247516
-0.476310
0.044644
-0.255121
0.388632
0.179705
-0.099322
-0.049172
0.798441
-0.340283
0.125704
0.136507
-0.686721
0.090413
0.228108
0.236767
0.173994
-0.487233
0.107292
-0.891450
-0.113935
-0.086095
-0.167597
0.022349
-0.419509
0.014260
0.007469
-0.717301
0.212573
-0.181733
-0.082213
0.095545
0.097436
0.124307
-0.188813
-0.312813
-0.023178
0.059930
-0.478945
-0.139877
-0.539718
-0.193296
-0.066664
0.282586
-0.476302
0.406813
-0.034779
0.442413
-0.381944
0.270131
0.135003
-0.053486
-0.405669
-0.207157
-0.456616
-0.306062
0.041412
0.135309
-0.415039
-0.352845
-0.010842
-0.361276
-0.155240
1.106272
-0.431430
0.140634
0.180064
0.340311
0.372389
-0.052559
0.452033
-0.129358
0.020719
-0.438315
0.043989
-0.173516
0.430760
-0.150579
-0.377710
0.159067
-0.109994
0.028841
-0.103509
0.448266
0.295439
0.032763
0.395672
-0.254300
-0.564466
0.169517
-0.106915
-0.095967
0.079822
0.361541
0.007422
-0.300978
0.879423
0.376606
-0.712569
0.310352
-0.039532
0.082671
-0.095735
-0.149796
-0.289952
0.078167
-0.146171
0.168713
-0.272037
-0.368670
-0.308014
-0.229380
0.119785
-0.863217
0.045020
0.059811
0.239103
0.023845
0.214485
-0.366481
0.002427
0.244444
0.206420
-0.523036
0.111398
-0.562730
-0.397654
0.326983
-0.204497
-0.490745
