-0.159303
0.391473
0.451711
-0.233986
0.273891
-0.260067
-0.200893
0.117299
0.183221
-0.035704
-0.349141
0.211141
0.174489
0.604047
0.211511
0.833016
0.665530
0.374341
-1.008799
-0.461787
-0.140271
0.327166
0.015755
0.136984
0.390282
0.330245
0.248277
-0.059669
0.051483
-0.623835
0.068196
0.001008
-0.443312
-0.253682
-0.284844
-0.122953
-0.194759
-0.442020
-0.237912
-0.114209
0.164621
0.247218
0.110367
-0.019202
0.131303
-0.866654
-0.192153
-0.175485
-0.172098
0.429959
0.058440
-0.357274
-0.435494
0.061521
0.077780
-0.392010
-0.638247
-0.175559
0.039933
0.550537
0.379225
0.247723
0.408412
-0.445621
0.170971
-0.191204
-0.075391
0.070075
0.104887
-0.363567
0.226984
0.142529
0.045084
-0.417265
-0.166371
-0.395018
-0.622711
-0.335459
0.506617
-0.339155
-0.544777
0.383696
-0.523856
-0.553361
-0.245769
0.695137
-0.262654
-0.220338
-0.080108
-0.556867
-0.323104
0.293394
0.491609
-0.161224
0.417455
0.043051
-0.255782
0.568909
0.458045
-0.235724
-0.666342
0.091516
-0.047485
0.174988
-0.626972
1.075618
0.406601
0.092538
0.145791
0.155265
-0.157585
-0.220427
-0.030716
-0.310365
0.177071
-0.415571
0.540457
0.230260
-0.145987
-0.359303
0.033252
0.005544
-0.627500
-0.618855
0.394125
-0.239179
-0.383227
-0.115732
0.397952
-0.868835
0.062030
-0.544789
-0.622627
-0.052300
0.113822
-0.056041
-0.283098
0.006611
-0.407532
0.459085
-0.368049
0.513208
0.335211
-0.335900
-0.019464
0.034600
-0.154776
-0.127223
-0.299012
-0.187953
0.431671
0.491588
0.273234
0.142852
0.834914
-0.001282
0.315127
0.370945
-0.082145
0.366266
-0.426960
0.045541
0.333800
0.126029
-0.087957
0.601232
-0.205228
0.106390
-0.629140
0.059708
-0.093786
-0.139225
0.083046
-0.066525
0.615958
-0.450648
0.705682
-0.204149
-0.052353
-0.082033
-0.057926
-0.303317
-0.195181
0.031854
0.066685
0.060295
0.470679
0.538409
-0.021604
0.105689
-0.067846
0.457115
0.094881
-0.313468
-0.206785
0.234258
0.250505
0.317876
0.632968
-0.146934
-0.352091
0.099437
0.006915
0.075234
0.167550
-0.411079
0.269324
0.500382
0.286361
-0.255542
-0.164665
0.102871
-0.574167
-0.609207
-0.170216
0.603071
-0.030640
0.042556
0.811183
-0.629697
-0.224122
-0.399313
-0.409200
-0.218111
0.603279
0.229889
0.181792
-0.115177
-0.344724
-0.381954
-0.073522
0.273086
-0.429338
-0.563514
0.333652
0.120060
-0.052580
-0.322571
-0.293175
-0.201930
-0.061921
-0.382215
-0.134591
0.191635
-1.034446
0.379430
0.394151
0.411995
-0.324557
0.185162
0.596520
-0.367116
0.076842
0.369411
0.150891
-0.141482
-0.146628
-0.493891
-0.419379
0.048236
0.079496
0.200433
0.574726
-0.039265
-0.582471
0.042066
-0.065252
0.194164
-0.370356
-0.466906
0.598189
-0.175672
0.312116
-0.548202
0.018424
-0.280727
0.187151
-0.006750
-0.199240
0.267065
-0.226372
0.300255
0.007822
-0.617920
-0.354102
-0.071672
0.240516
-0.292795
0.279584
0.236331
0.551495
-0.091220
0.136752
-0.413936
-0.206584
0.448379
-0.029253
0.088435
0.109608
0.679379
-0.374599
-0.291916
-0.625316
-0.466767
-0.489941
0.495476
0.035575
0.383823
-0.406524
0.205083
-0.157792
-0.201826
0.366404
0.157662
-0.096573
-0.035207
0.106400
0.188261
-0.245188
-0.046361
0.367114
0.139819
-0.276513
-0.470050
-0.459674
-0.166737
-0.366205
0.063181
-0.238439
-0.057683
0.219399
-0.535993
-0.335854
0.599044
0.262791
0.493165
-0.413477
-0.378870
-0.184953
0.057646
-0.057826
0.122641
0.432516
-0.206192
0.076756
-0.293381
-0.060270
0.701267
-0.434690
-0.073967
0.188950
0.072361
0.166198
-0.249050
-0.087776
-0.370286
0.211635
-0.207806
0.395190
-0.167543
0.161534
-0.760083
0.687904
0.015991
-0.019768
0.023362
0.372552
-0.003029
-0.145390
0.020657
0.017008
-0.607048
0.255902
-0.479368
0.262658
0.000721
-0.034452
0.007771
-0.189604
0.115940
-0.235486
0.126343
0.141772
-0.706663
0.102350
-0.252692
-0.207908
-0.792134
-0.337055
-0.100326
-0.420126
0.401065
-0.176197
-0.644053
0.399040
0.208411
-0.095377
0.549477
0.207398
0.042669
0.291055
-0.136699
0.258486
-0.012195
0.017816
-0.284399
-0.234365
-0.178160
0.401517
-0.169588
0.106938
-0.056878
-0.543383
-0.321745
-0.046298
0.063007
-0.451486
0.565312
-0.259255
-0.259281
0.462468
0.309303
0.285690
-0.130800
-0.170997
0.185650
0.511529
-0.297029
0.402254
0.768343
0.051237
0.542298
-0.050202
0.089266
0.073208
0.195540
0.266308
-0.414991
-0.863687
-0.180485
0.043554
0.342393
0.556802
0.021017
-0.127680
0.266099
-0.306930
-0.092744
-0.101158
0.094656
-0.094671
0.338533
0.066089
0.195034
0.205015
0.199351
0.673092
0.019888
-0.226942
-0.361441
-0.167930
-0.172598
0.241612
-0.863917
0.371216
0.173787
-0.671922
-0.175982
-0.040846
0.268473
0.567388
0.190101
-0.508251
0.342866
-0.176016
0.158216
-0.772948
-0.165943
-0.132662
-0.100533
-0.013518
0.452459
-0.231358
0.081421
0.040068
-0.089848
-0.070018
0.352671
-0.082378
-0.041072
0.016758
0.443402
0.008673
-0.326266
0.255422
0.172044
-0.506283
-0.047847
-0.011190
0.771362
-0.208122
0.133985
-0.536515
0.165922
0.362201
0.663044
-0.093318
-0.038143
-0.281555
-0.471518
0.043680
0.164052
-0.157939
0.080650
-0.224247
-0.035797
-0.010715
0.541036
0.213391
0.088309
0.057836
-0.001518
-0.117702
0.031997
0.271160
-0.357689
0.193477
-0.113425
-0.539699
-0.820979
-0.505191
-0.352813
0.403569
0.099994
-0.005254
0.039005
0.315887
0.328464
-0.089593
0.355481
-0.518298
0.056765
0.278126
0.291733
-0.306315
-0.484008
0.625345
1.323221
-0.401915
-0.437053
-0.247839
-0.835646
-0.063912
0.410498
0.235707
0.194902
-0.016815
0.141741
-0.090785
0.195333
-0.245136
-0.294495
0.151132
-0.046962
-0.582039
0.215510
0.293884
-0.132436
0.518551
-0.298634
-0.466165
-0.224696
-0.771701
-0.106045
-0.148327
-0.174719
0.089369
-0.020234
-0.196041
-0.444715
-0.489591
-0.234245
0.185524
0.478192
0.305978
0.064193
-0.086938
0.418888
0.165444
0.194383
-0.649060
-0.167599
-0.335165
0.206322
0.223994
0.003556
0.375018
0.100984
0.345509
-0.584402
-0.035065
0.109482
0.019818
-0.047570
1.031989
0.383530
-0.787730
0.143001
0.228513
-0.605304
0.144655
-0.589122
-0.296550
0.244460
-0.019564
0.296516
0.192589
-0.425610
-0.585104
-0.211746
-0.510865
-0.068866
-0.168739
-0.861603
-0.284158
0.151451
-0.663980
-0.248388
-0.191046
0.320092
0.175743
-0.176979
0.149615
0.090488
0.583168
0.120503
0.303207
0.122709
0.175457
-0.152548
0.001987
-0.138781
-0.267507
-0.204666
-0.453303
-0.241237
-0.006200
-0.131375
0.363027
0.626158
-0.362071
0.624218
0.996548
-0.698032
0.409154
-0.052034
-0.196617
0.487565
-0.332068
-0.541717
0.466456
0.195942
0.315212
-0.017765
0.602308
-0.078637
0.064445
0.194097
-0.437079
-0.447197
0.486200
-0.352220
0.429315
-0.535398
0.693577
-0.118246
-0.794821
0.519854
0.441632
0.340150
0.495919
0.351046
0.253555
0.343672
0.526421
0.144363
-0.003914
-0.010615
0.067566
-0.195437
0.289505
0.135292
0.025471
-0.204284
-0.189114
0.282561
-0.182267
0.590523
0.102059
0.075227
0.591933
-0.090291
-0.630977
-0.246750
-0.063260
-0.525050
0.339002
-0.043813
0.899639
-0.465419
0.307820
0.386858
0.163679
-0.345456
-0.364648
-0.109002
-0.199602
-0.728099
0.347309
0.220471
-0.098837
-0.207785
0.661649
-0.104338
0.640307
0.237633
-0.214274
-0.112124
-0.002288
0.720423
-0.469056
0.407016
0.431516
-0.163189
-0.107985
-0.044742
0.384355
0.125286
0.289544
-0.154000
-0.278886
0.083252
-0.086651
-0.178143
0.278836
-0.192866
-0.868570
0.287861
0.149268
0.301333
0.271841
0.132995
-0.158493
0.659232
-0.684543
0.029118
0.056903
0.202992
-0.063827
-0.036373
0.408999
-0.005130
0.037986
0.498537
-0.265043
0.332519
0.098959
0.347724
-0.235273
0.355223
0.892576
-0.342861
-0.170471
0.264923
-0.201615
0.311209
-1.075259
-0.071229
-0.431472
-0.031509
-0.684134
-0.407970
-0.845182
0.027286
0.041380
0.281531
-0.037876
-0.012177
-0.250680
-0.220965
-1.159831
0.209049
0.388085
0.226525
-0.089274
0.520656
-0.330749
0.703713
0.340202
0.189600
0.054879
0.142920
0.056215
0.466126
-0.481869
0.122356
-0.479980
-0.190637
0.851821
-0.236467
-0.394488
-0.701132
-0.108236
-0.379541
1.138807
0.266718
0.124779
0.251665
-0.167479
0.149887
-0.171992
0.351072
-0.017197
0.155179
0.243965
-0.207102
0.379087
-0.146744
0.093044
-0.146299
-0.465784
-0.461203
0.201898
0.424218
-0.306622
-0.607619
-0.150157
0.125288
0.210474
-0.455652
-0.922896
0.469079
0.210489
0.010819
-0.221443
0.112536
0.221420
0.217303
0.698974
0.506758
0.488472
-0.284933
-0.167703
0.116502
0.454364
-0.724905
0.366061
-0.044044
-0.066614
-0.338229
0.024556
-0.205421
-0.145484
0.412780
-0.405014
-0.099874
0.125827
-0.246928
0.078788
0.090338
-0.696437
-0.085420
0.515330
-0.052929
0.119074
0.628407
-0.014663
0.181667
0.079904
0.004091
0.645774
0.246086
0.450548
0.039157
0.638658
-0.631718
-0.192265
0.013596
-0.286018
-0.331589
0.264009
0.133387
0.193608
0.368583
0.637668
-0.233702
0.082269
-0.233982
-0.620894
-0.251784
-0.662886
0.339449
-1.281365
0.419904
0.650713
0.296444
-0.878338
0.294493
0.160162
0.004904
0.003111
-0.272015
-0.304590
-0.087584
0.112614
0.174460
0.559797
0.238494
0.007565
-0.010813
-0.078250
0.096785
0.199092
0.399925
0.539855
0.024574
0.101694
-1.108598
-0.376031
0.207764
0.080737
-0.177936
0.176807
-0.178469
-0.447056
0.239098
0.098653
0.055933
0.304238
0.070327
0.599986
0.450458
0.793684
0.257310
-0.782661
0.421334
0.137962
0.043916
-0.188903
0.073290
0.369661
-0.283592
0.207968
0.476979
-0.457309
0.197274
-0.054099
0.153678
0.544953
-0.639379
-0.413456
-0.289518
-0.283083
-0.186419
0.495650
0.246673
0.487700
-0.611262
0.006647
-0.738848
0.202281
0.264090
0.227902
-0.285452
-0.388483
0.238096
-0.656315
0.358254
0.374680
0.406842
0.047339
0.546767
-0.293553
-0.249846
0.199349
0.290077
-0.204416
-0.087849
-0.332149
-0.479640
-0.716754
0.603444
-0.169093
-0.216833
0.247080
0.393943
0.891699
0.032687
-0.193128
-0.428320
-0.063180
-0.380937
-0.356690
0.203675
-0.185706
0.291184
0.540567
0.140036
0.250131
-0.607430
-0.029828
-0.436700
-0.159448
0.030345
-0.118343
0.377523
0.074603
0.365902
0.344280
-0.044306
0.307374
-0.311544
-0.235283
-0.064835
-0.054457
0.345973
-0.226373
-0.937267
0.307479
0.344658
0.366543
-0.253398
-0.582808
-0.194280
0.467233
-0.251365
0.280536
0.122843
-0.120465
-0.237264
-0.082407
-0.389185
-0.367438
0.587314
0.084275
-0.350475
0.262856
0.533283
0.547032
0.247760
-0.296500
0.057600
-0.120368
0.046913
-0.387377
0.554237
-0.263894
0.356664
-0.490237
0.206238
-0.543633
0.524304
0.670635
0.335211
0.189351
0.246409
0.157380
-0.124648
0.314092
-0.476285
0.344401
-0.591494
-0.275649
-0.113078
0.594362
0.557070
0.292029
0.033973
0.091583
-0.159618
-0.311694
0.036149
0.459459
0.048270
0.345063
0.307017
-0.051058
-0.301007
0.008651
0.353504
-0.460388
0.291590
0.239222
-0.039205
0.561943
-0.015857
-0.092344
-0.076050
0.138868
0.082389
0.484071
0.302061
0.141571
0.251108
-0.395256
0.553893
-0.216789
0.095664
0.051622
-0.457864
-0.227596
-0.386649
-0.201512
0.455237
-0.029877
-0.501970
-0.086190
-0.222900
-0.030120
-0.114308
-0.214051
-0.281809
0.230524
0.289334
-0.383352
0.170803
-0.282723
-0.339026
0.513389
0.185276
0.253196
-0.469984
0.265026
-0.415276
0.036718
-0.101478
0.191233
-0.083548
-0.123436
-0.079938
-0.289064
0.169305
0.303742
-0.197135
0.065238
0.174007
0.385084
-0.068194
-0.216541
0.037418
-0.172084
-0.195437
0.078310
0.627053
-0.054494
0.156901
0.824836
-0.340265
-0.340034
0.030316
-0.039999
-1.034190
0.211765
-0.348700
-0.646816
0.021037
0.427652
0.499627
-0.183487
-0.042922
-0.589126
0.024599
-0.361641
0.051421
-0.056041
0.242590
0.541914
-0.314213
-0.494725
-0.074960
-0.069786
-0.095424
-0.138524
-0.031456
-0.432043
0.026998
-0.244833
-0.075757
-0.101714
0.008279
-0.450736
0.078030
-0.093136
0.185868
0.421183
-0.114035
0.139433
0.113290
0.142241
0.079102
-0.236714
-0.127758
0.374528
-0.010456
0.268127
-0.089347
-0.314832
-0.110446
0.009514
-0.015287
-0.178985
0.018970
0.611106
0.441200
-0.208974
0.270578
0.181472
-0.275589
-0.508595
-0.625551
-0.038721
-0.490982
0.316389
0.064954
-0.372846
-0.276209
0.036196
-0.132706
0.575359
0.352590
-0.417368
-0.131501
-0.349717
0.177260
-0.429596
-0.188727
-0.067383
-0.063876
0.689214
-0.419309
-0.258297
0.619310
-0.511358
-0.279589
-0.265572
0.207788
-0.068156
-0.242102
0.167742
0.023370
0.715018
0.197475
-0.202335
-0.118458
-0.370475
0.211889
0.229482
-0.053926
0.281497
-0.080148
-0.148653
0.205821
0.833275
-0.855974
-0.226225
-0.473243
-0.058913
0.238131
-0.145058
-0.059826
0.229595
0.417475
0.299404
-0.351201
0.357308
0.019805
-0.064095
0.422940
-0.804158
0.211695
0.375977
-0.455556
0.097778
-0.525866
0.147887
0.325646
0.460336
-0.254389
-0.042070
0.666756
-0.593537
-0.404273
0.248017
0.212855
0.629741
0.299204
-0.278669
-0.099730
0.039507
0.031268
0.502264
-0.322330
0.810658
-0.469104
-0.015148
-0.025163
-0.076946
0.205435
-0.172197
-0.484422
0.844185
0.592302
-0.505179
-0.299619
-0.460607
-0.150022
-0.444380
-0.294716
0.043637
-0.112171
-0.429189
0.604668
-0.394509
-0.004464
-0.159187
0.194733
0.178759
0.180088
-0.437114
0.556946
0.494010
0.484208
0.063149
-0.343289
0.318707
-0.037079
0.183135
-0.375996
-0.115324
-0.845766
-0.382893
0.309915
0.082894
0.412251
0.178194
-0.165408
0.569183
0.002906
-0.617239
1.322138
0.699293
0.462305
-0.767139
0.297698
0.225747
-0.185911
0.240781
-0.120932
0.517424
1.100454
0.863453
0.442287
-0.279392
0.145079
-0.114662
0.882165
-0.419069
-0.124532
-0.091086
-0.048404
-0.752721
-0.055195
-0.009456
-0.037552
-0.052767
0.230331
-0.323300
0.666243
-0.232118
0.084135
0.466686
0.053441
-0.115004
0.519857
-0.117670
0.217793
0.877191
0.191209
-0.394817
0.132236
-0.175332
0.450013
0.521606
-0.131852
0.402569
0.436871
0.200696
-0.749409
-0.609270
-0.210090
-0.185957
0.354285
-0.176090
-0.407614
0.642515
0.381500
-0.563647
0.223066
0.669556
-0.241107
-0.063572
-0.256030
0.165590
-0.032089
0.095461
0.103857
-0.475649
0.490799
-0.024342
0.259078
-0.296624
-0.319928
0.160136
-0.305040
-0.263698
-0.205356
-0.294229
0.492526
0.026124
-0.419039
0.001083
0.487437
-0.018531
0.163395
-0.330508
-0.057246
-0.201461
0.093431
-0.336850
0.186659
-0.176610
-0.247376
-0.164675
0.362314
0.210817
0.143827
-0.595489
-0.595970
0.275243
0.190344
0.167891
-0.050184
-0.376168
0.129771
0.016848
0.020043
0.012706
0.715747
0.168268
0.276865
-0.145419
0.179009
-0.232704
0.138053
0.192482
0.041694
-0.289998
-0.359716
0.852792
-0.336905
0.723430
0.755863
-0.545155
0.599946
-0.281185
0.633420
0.321618
0.262709
-0.205551
0.094223
0.049464
0.230463
-0.196853
-0.130417
0.269099
0.736267
0.407911
-0.088934
-0.224923
-0.215926
-0.480325
-0.540141
-0.435820
0.095099
-0.509100
-0.772797
-0.049561
-0.252224
-0.265172
0.002805
-0.942576
-0.635952
-0.000309
-0.213559
-1.061053
0.003952
0.079061
-0.458028
-0.825724
-0.141536
0.114648
-0.001421
0.182629
0.233038
0.132346
0.601433
-0.071152
0.722200
0.319098
-0.036797
0.307929
0.782920
0.722338
1.002044
0.443310
0.618534
0.504476
0.913765
0.261102
0.360154
0.599789
0.450098
0.552576
0.740572
0.082499
-0.226546
0.166812
-0.349468
-0.177467
-0.021753
-0.272738
-0.391168
-0.238069
-0.676389
-0.457639
-0.941893
-0.571055
-0.131758
-0.160006
-0.756811
-0.412217
-0.817212
-0.895079
-0.257148
-0.810987
0.234629
-0.370267
0.260846
0.218293
-0.314818
-0.380670
-0.478690
0.459509
0.172402
0.654806
0.096963
-0.414920
-0.036160
0.492487
0.662091
0.223248
0.575468
0.012317
0.604589
-0.144996
0.762831
-0.540745
-0.225151
-0.929413
0.105611
-0.489322
0.224930
-0.350794
-0.388455
0.065915
-0.448516
-0.137461
0.421722
0.320916
-0.574261
0.148814
-0.448402
0.051859
-0.193458
-0.335010
-0.101902
0.815681
0.329404
-0.328304
0.078193
0.675695
-0.464716
0.090494
-0.150928
-0.238501
-0.479793
-0.771101
0.275865
-0.130152
0.551652
0.312977
-0.203086
0.054791
0.120268
-0.201169
-0.294276
0.122725
0.073121
-0.198159
-0.060549
0.084535
0.049564
-0.072928
-0.480486
-0.289012
0.231620
0.159722
-0.010619
0.205994
-0.096865
0.363705
-0.156644
-0.285187
-0.307884
-0.086506
0.269428
0.554559
-0.374061
-0.057857
-0.050797
-0.231060
-0.217294
0.036479
-0.384666
-0.169292
-0.802413
0.208322
-0.193047
-0.190302
0.034342
-0.491531
0.041880
-0.224350
-0.013743
0.520869
0.047060
-0.333382
-0.468160
0.515124
-0.245081
-0.061463
-0.132727
0.541675
-0.055116
-0.113258
-0.187345
-0.082240
-0.474511
0.597118
0.869706
0.805703
0.508344
0.417146
-0.129379
0.362878
0.016222
0.171198
0.609139
0.046749
0.530253
0.362375
0.256858
0.043075
0.143310
0.233412
0.015864
0.003146
0.164334
0.420895
0.194530
0.118774
-0.487439
-0.656746
-0.338137
0.312700
-0.082386
-0.140047
0.303506
-0.171995
-0.134260
0.830521
0.410829
-0.167716
-0.356785
0.318626
-0.232449
-0.153705
-0.835515
0.543785
0.352467
0.228297
-0.214498
-0.335530
-0.475510
0.126848
-0.785007
0.279733
0.489073
-0.000931
0.843685
-0.553959
-0.243132
0.365811
-0.119552
0.342611
-0.609210
0.543412
-0.165325
-0.514519
-0.292701
-0.046244
0.183616
-0.509956
0.103530
-0.393722
-0.873181
-0.144393
-0.022240
-0.094795
-0.264009
1.062710
0.097250
0.476432
0.095524
0.031592
0.392305
0.298010
0.172248
-0.540429
-0.516970
-0.052999
-0.451886
-1.031836
0.052050
-0.395128
0.101285
-0.131989
-0.036431
0.843637
-0.453104
-0.257229
0.043427
-0.961777
0.416281
0.419429
0.469502
0.002874
-0.517361
0.849249
0.462104
-0.139513
0.136375
-0.041805
0.191688
-0.251815
-0.192949
0.103014
0.020299
-0.840905
-0.195772
0.425668
-0.030691
0.233070
0.143456
-0.026067
-0.187507
-0.121189
-0.225565
0.043373
0.371872
0.148920
0.058390
0.349105
-0.109796
0.373017
-0.151051
0.047888
-0.308636
-0.277498
0.443583
-1.105056
0.497503
0.272400
-0.178891
-0.375075
0.166147
0.471954
0.111837
0.729528
-0.019109
-0.627757
0.610944
0.265095
0.046464
-0.129217
-0.579337
0.660094
-0.102127
0.020034
-0.388184
-0.359006
0.174028
0.050540
0.181739
0.086956
0.324236
-0.861345
0.399521
-0.200727
0.100000
0.208326
0.180266
0.193859
-0.113911
-0.047068
0.365798
0.423721
-0.147317
-0.091146
-0.140508
0.134974
0.020310
-0.072810
-0.108042
0.095704
0.272744
-0.154897
0.458774
0.089163
-0.197032
-0.562893
0.136040
0.329290
-0.372648
0.074655
0.363009
-0.018028
-0.080570
0.526058
0.021995
0.217344
-0.706780
-0.588347
-0.701899
-0.160383
0.538501
-0.185751
0.313363
0.222263
-0.236564
-0.484794
0.432092
-0.385766
-0.299903
-0.096677
0.315014
-0.236060
-0.107357
0.102785
-0.420760
-0.355030
-0.183842
-0.003652
0.572709
-0.307466
-0.897776
0.327824
-0.147690
0.322724
0.507734
0.161340
0.258939
-0.226467
0.660270
-0.338146
-0.067105
-0.104685
-0.126996
-0.001728
0.431498
0.271411
0.400955
0.606151
0.295937
0.004315
0.601759
0.027921
-0.380868
0.361043
-0.687185
0.055222
-0.166775
-0.617102
-0.467318
0.394242
0.020038
0.300661
-0.221222
0.191754
-0.168397
0.332028
0.513296
-0.177150
-0.125046
0.029641
0.105329
-0.019725
-0.246921
-0.501225
-0.427937
-0.792357
-0.306416
0.382983
-0.733999
-0.179892
-0.324681
-0.421819
-0.267343
0.815935
-0.208499
0.009866
-0.020843
-0.330502
0.308297
-0.619087
-0.573577
0.375080
-1.135651
-0.068540
-0.439206
-0.372593
-0.398084
-0.104063
-0.272965
0.212111
0.609200
0.376804
-0.671522
0.060305
0.898178
0.174866
0.197991
-0.086393
0.058571
-0.872946
0.361780
-0.429184
0.046986
-0.426687
-0.924960
0.269994
-0.372212
-0.053754
-0.065289
-0.200792
0.240032
-0.134837
0.400892
0.089439
0.234625
0.483091
0.334068
0.146619
-0.503978
-0.250242
0.490845
-0.592643
0.019970
-0.274576
0.181266
-0.061017
-0.621120
0.631234
0.048149
-0.015597
0.061377
0.688252
-0.101631
0.323042
0.828890
-0.167716
-0.500116
-0.615872
0.768743
0.099062
0.208245
-0.576621
0.406710
0.215080
0.146960
-0.163227
0.870675
0.445641
0.169974
0.269444
0.216074
0.082914
0.322420
0.524349
-0.033706
0.090045
-0.103813
-0.019601
0.561125
0.129812
-0.345436
-0.287338
0.175231
-0.169874
-0.011456
-0.217439
-0.089662
0.374550
-0.348096
-0.957818
0.644614
0.888761
0.073206
-0.166661
0.872731
0.507424
-0.112857
-0.296084
-0.395013
-0.371498
-0.116165
0.406849
-0.671815
-0.917993
-0.078083
0.164533
-0.498469
-0.161375
-0.341789
0.604707
-0.521998
-0.189583
-0.058049
0.445025
0.548744
-0.179311
0.207796
0.078349
0.138104
-0.070714
0.234405
0.780448
-0.255630
0.045604
-0.273171
0.189997
0.170733
-0.276165
0.327401
0.220399
0.344318
0.228338
0.148201
0.158695
-0.212509
0.390126
0.022724
0.426654
0.917390
0.548186
0.556721
0.074093
0.063708
-0.647813
0.249303
0.167939
0.087587
-0.263538
-0.311055
-0.985596
-0.550001
0.067406
-0.637027
-0.414276
-0.419265
-0.267181
-0.412148
0.191083
0.110036
0.156908
0.286111
-0.899488
0.373062
-0.284493
-0.400641
0.119488
0.159475
0.476326
-0.119344
0.107696
-0.358762
0.066706
-0.105180
0.020425
-0.420383
0.364504
-0.011163
-0.188675
0.040329
0.469785
-0.166361
0.514552
0.463154
-0.007760
0.185968
0.359300
-0.045233
-0.048182
0.130942
0.770872
-0.045226
0.146250
0.098940
-0.314405
-0.113799
-0.150495
-0.242392
0.122605
0.059963
0.087841
-0.072718
-0.558276
-0.294780
-0.115335
-0.735049
0.078535
-0.056668
0.097302
0.108539
0.065249
0.350944
0.310074
-0.028549
-0.105464
0.117926
0.144570
-0.033698
0.138856
-0.433441
-0.373636
-0.245036
-0.266460
0.210336
-0.189021
0.084794
-0.728510
0.302521
0.157080
0.550949
-0.447857
-0.265414
-0.419238
0.025554
0.036320
0.531288
0.698419
-0.066315
0.581191
-0.221627
0.442226
0.691940
-0.121485
0.022604
-0.264877
-0.171633
0.090603
-0.103708
-0.050468
0.183194
-0.226062
-0.295211
-0.206642
0.043506
-0.795247
0.351870
0.078220
-0.666953
0.256430
-0.514430
-0.137552
0.710694
0.050137
-0.119495
-0.302498
0.628815
0.466126
0.140457
-0.015189
0.171538
-0.010806
-0.364435
0.009725
-0.073207
0.579222
0.158716
0.002314
-0.261762
0.116101
0.045388
-0.594206
0.352707
0.530506
0.463462
-0.060414
0.279164
0.226997
0.829285
0.261833
0.504111
0.341617
0.746399
0.742857
0.603353
-0.072474
-0.298010
0.189204
0.024197
-0.362941
0.045531
0.088348
0.551609
-0.076756
0.172442
0.381989
0.509099
-0.638264
-0.049629
-0.497966
0.518658
-0.103271
-0.161852
-0.801561
-1.236710
0.179006
-0.254094
0.072291
0.581480
0.514928
-0.179143
0.188584
-0.051917
0.616643
-0.058688
0.282889
-0.761319
0.188378
0.400641
0.166087
0.525605
-0.054666
0.250341
0.425111
-0.307247
-0.281033
-0.159663
-0.577491
-0.486873
0.217255
0.611053
-0.174862
0.255520
-0.353351
0.220869
-0.196510
0.057206
0.176170
-0.422413
-0.207706
0.522701
-0.115909
-0.823732
-0.151726
0.047148
-0.075488
0.187944
-0.833368
0.710034
0.396621
0.606417
-0.737826
0.275436
-0.232125
0.534535
0.745377
-0.271564
-0.278028
0.285164
0.256608
-0.186339
-0.138185
0.227350
0.352216
0.113697
0.359575
0.121192
0.663544
0.114623
0.085078
-0.584713
-0.250526
0.013664
-0.031922
-0.269893
-0.357611
0.587149
-0.792638
-0.598577
0.689868
-0.779473
-0.139079
0.401039
0.206148
-0.223421
0.164317
0.276901
-0.037918
0.073925
0.280907
-0.212063
0.056730
0.046121
-0.517428
-0.159316
0.456069
-0.320497
0.112327
0.044615
-0.033545
0.168518
0.292106
0.521745
0.448974
-0.098732
-0.704903
-0.731829
-0.081927
0.102445
0.243516
-0.311706
-0.346084
0.509612
0.179337
0.172684
-0.406265
0.586157
0.042967
-0.345331
0.138063
0.065277
0.375743
-0.691107
0.749142
0.488263
-0.056562
-0.411088
0.297416
-0.380473
-0.163182
0.173289
-0.243299
0.388590
-0.083435
-0.081101
0.137190
-0.139953
-0.029565
0.082562
-0.019811
-0.120645
0.073353
0.308410
-0.438619
-0.020266
-0.275399
-0.416755
0.599634
-0.337370
0.778528
1.096379
-0.339037
-0.160648
-0.316721
0.190686
0.135823
-0.120398
0.426713
-0.504203
0.049303
-0.150780
-0.155886
-0.348463
-0.307251
0.239080
0.369342
0.207799
-0.338775
0.185429
0.227406
0.075724
-0.310827
-0.206561
-0.008109
-0.086959
0.099549
0.190505
-0.017366
0.135526
0.547880
0.401988
-0.207844
-1.142678
0.471299
-0.193841
-0.418126
-0.795291
-0.562602
0.228071
0.228037
-0.101401
-0.202717
-0.484574
-0.444181
1.112008
-0.304647
0.159060
-0.138289
0.530761
-0.515727
-0.158955
0.044196
0.179037
0.326831
-0.188396
-0.300488
-0.006539
0.162249
0.093946
-0.748466
0.374021
-0.297846
-0.025332
-0.075288
-0.540609
0.029922
-0.219060
0.206107
0.225383
0.187570
0.112939
0.408120
-0.839671
-0.501029
0.037832
0.237405
0.521881
-0.548228
-0.095039
-0.205409
-0.209082
-0.397002
0.350677
-0.045025
0.198810
-0.013620
-0.176155
0.101258
0.038822
0.473231
-0.326042
-0.386437
-0.478966
-0.335021
0.321366
0.589850
0.153932
-0.333988
0.737142
-0.617119
-0.252489
0.655468
0.517182
0.210119
-0.134033
-0.135142
0.631055
-0.039255
0.280290
0.720416
0.165818
0.010542
-0.132320
-0.061255
0.283390
0.477737
-0.455395
-0.205339
-0.050820
0.076555
0.174069
-0.151405
-0.510059
0.564682
0.204624
0.442768
0.574012
-0.210400
-0.159971
-0.221676
0.211565
-0.513125
-0.347059
0.270426
0.168974
-0.123295
-0.458903
0.633694
0.405127
0.662638
0.772981
0.272446
0.226641
-0.374092
-0.375200
0.205863
0.663835
-0.559905
0.813650
0.238059
0.145628
0.048087
0.532819
-0.266660
0.449997
0.486556
0.033945
-0.492216
0.410851
-0.118982
0.831992
0.338673
0.243029
0.335312
-0.200486
-0.515475
0.439210
-0.482702
0.555452
-0.482818
0.585666
-0.884704
0.531345
-0.385845
0.391570
0.010155
-0.656840
-0.265941
0.301140
-0.198334
-0.074320
-0.438732
-0.429219
0.207036
0.197820
-0.328755
0.650578
-0.214167
-0.159963
-0.429365
-0.748681
0.493569
-0.238853
0.065511
-0.314649
-0.113181
-0.193311
0.369432
-0.613162
0.295776
0.942065
0.425205
-0.350460
0.051475
-0.040092
0.048432
0.136085
0.081556
-0.227566
-0.149109
0.220304
0.300535
-0.178288
0.177292
0.493281
0.030999
0.268141
0.058199
0.103415
-0.359986
0.498846
0.326772
0.594953
-0.298901
0.049007
-0.295669
-0.378998
0.447132
0.020262
0.019201
0.158097
-0.161908
0.134924
0.285360
0.174882
0.144384
0.145382
0.098390
0.373476
-0.068917
-0.498293
0.577360
-0.081139
0.125949
0.219789
0.413782
-0.095146
-0.168760
-0.926668
0.231437
0.166237
-0.034298
0.263189
1.183739
0.095945
0.386387
-0.226313
-0.168782
0.020957
-0.177611
-0.145925
-0.104827
-0.102867
0.174696
0.114203
-0.505285
0.020706
-0.054968
-0.016626
0.417006
0.035362
-0.046730
0.564147
-0.521524
0.109174
-0.013884
0.397274
-0.082378
0.171135
-0.084503
-0.464849
-0.230795
0.092142
-0.243265
-0.586194
0.463525
-0.018091
-0.404667
-0.264565
-0.743197
-0.021906
-0.068497
0.018564
-0.276459
-0.555495
-0.791834
0.063228
0.062028
-0.068131
-0.378771
0.248557
0.479308
-0.383850
-0.046534
0.094841
-0.347870
-0.628109
0.274569
0.249663
-0.446354
-0.030167
-0.650113
-0.195698
-0.443323
0.371860
0.788180
0.235814
-0.637479
-0.048283
-0.282942
0.500730
0.517233
0.044525
-0.227466
-0.203970
-0.353996
-0.110375
0.422633
-0.062306
-0.291528
0.358134
0.094397
-0.307823
0.299573
0.126895
-0.422830
-0.083795
0.186232
-0.111945
-0.449734
-0.028391
-0.004811
-0.192450
-0.233815
0.427430
-0.346178
-0.351378
0.012866
0.744884
0.561720
-0.271950
-0.338906
0.242083
0.206504
0.235358
0.111751
0.644135
0.258039
0.026321
-0.557672
-0.123378
-0.296978
-0.462588
-0.032603
-0.194725
-0.200483
0.102407
0.010333
-0.183960
0.260417
-0.294507
-0.212403
-0.466680
-0.963082
-0.291998
0.123774
-0.020152
0.037588
0.325360
0.006566
-0.044933
-0.073692
0.535823
-0.024431
0.043228
-0.149016
-0.441510
0.281725
0.336067
0.332632
0.074358
0.264769
0.459063
0.495843
-0.155368
-0.554292
-0.477074
-0.488235
0.224524
-0.130889
0.123455
-0.409479
-0.557247
0.308718
-0.136490
0.451508
1.101490
0.038405
-0.134284
0.598285
-0.335660
-0.387652
-0.534196
0.291677
-0.012158
-0.297086
0.487762
-0.111203
0.356931
-0.041896
0.209891
0.027704
0.493090
0.591169
-0.053416
-0.001541
-0.055382
-0.377686
0.231789
-0.206899
-0.176470
-0.335095
-0.217021
0.315536
0.664132
0.262892
-0.132503
-0.519193
-0.341796
0.117257
-0.431451
0.068263
0.031385
0.293002
0.137430
-0.238831
-0.600996
0.492954
-0.125978
-0.009246
0.123937
-0.514655
-0.184775
-0.650277
-0.345147
0.423579
-0.430784
0.438167
0.486142
0.155580
-0.481256
0.048240
-0.281724
-0.478404
-0.235939
-0.280281
-0.002702
0.054160
0.167494
0.240510
-0.078945
-0.393301
0.448431
1.103391
-0.330982
-0.250174
-0.017764
-0.351895
0.347462
0.213294
-0.786855
0.738334
0.658188
0.525194
0.227767
-0.108333
0.255998
-0.357603
0.329012
0.120215
0.383258
0.321818
-0.009177
-0.220132
0.225684
-0.013831
-0.396423
0.676351
0.268045
0.127486
-0.216382
-0.412308
-0.332305
-0.075363
0.417620
0.134206
0.330359
-0.383764
-0.042490
-0.315203
0.038302
-0.237467
0.232180
0.369539
-0.287568
-0.082197
0.263475
-0.115328
-0.139290
-0.157998
-0.058159
0.769846
-0.313268
0.171140
-0.171325
0.442334
-0.059887
-0.425971
-0.278341
0.018190
0.306546
-0.066330
-0.329765
0.069144
0.036671
-0.210250
-0.103489
-0.392486
-0.649170
-0.165635
-0.560313
0.323892
-0.418690
-0.139676
-0.015619
-0.116967
0.804640
-0.015916
-0.494286
-0.141383
-0.023946
0.236758
0.256901
-0.010109
0.203896
0.308719
0.342008
-0.298981
0.334055
0.217838
0.257629
0.136842
-0.070043
-0.021771
0.337806
-0.506892
0.274667
-0.078080
0.444830
-0.009550
0.351000
-0.244693
0.300485
0.127308
-0.174780
-0.024709
-0.223844
-0.238342
-0.264955
-0.159276
0.495776
-0.462042
-0.396696
-0.225118
-0.268589
-0.308201
-0.488327
-0.601432
0.808684
-0.383009
0.387553
-0.065975
-0.711354
-0.031514
0.248046
0.198248
-0.453675
-0.423166
-0.092712
-0.172265
-0.209607
0.085661
0.033380
-0.614253
0.189937
-0.739370
0.611379
0.659436
0.138769
0.422737
0.054030
0.347865
-0.092235
0.142236
0.033606
-0.654594
0.101094
0.427324
0.263177
0.105639
-0.013825
0.174097
0.449728
-0.311835
-0.472004
0.051640
0.296315
-0.207852
0.710052
-0.091894
0.443016
-0.123302
-0.580947
-0.185897
-0.479234
-0.579283
-0.414931
0.544817
0.176521
-0.154466
-0.253060
-0.080406
0.051097
-0.198833
0.530748
0.830504
0.010710
-0.691290
-0.319441
0.738689
-0.000561
-0.241067
0.444562
0.221259
-0.304790
-0.024076
0.017073
0.119863
0.003627
-0.306515
0.294836
1.021602
-0.446641
0.263937
0.688572
0.109581
0.257775
0.430340
0.044990
0.401897
-0.138703
0.209457
-0.032932
-0.100399
0.284744
-0.813612
0.135557
-0.436988
-0.093639
0.508221
0.232017
0.447015
-0.043347
0.338365
-0.619558
-0.289917
-0.275637
0.299802
0.526345
-0.288180
0.070078
0.327420
-0.490608
-0.089738
-0.210404
0.395413
0.252931
-0.226921
0.323237
0.192876
0.094427
0.537415
-0.230077
0.388247
-0.329617
0.426334
0.312131
0.317473
-0.122228
-0.574972
0.147990
0.572079
0.427258
0.453667
-0.535595
-0.382166
0.237843
0.094194
0.254799
-0.069958
-0.407136
0.069869
-0.186223
0.681937
-0.317623
0.114630
-0.766622
0.265034
0.018440
-0.101043
0.305321
-0.262251
-0.319739
0.175274
0.140770
-0.398819
0.553309
-0.061719
0.297429
0.148258
0.295009
0.205864
0.450570
0.411976
0.145357
-0.424569
-0.266070
0.227182
0.247808
0.556585
0.058796
0.309714
0.647012
0.245858
0.719907
-0.021793
0.421297
0.313896
0.442072
-0.096310
-0.016234
0.065556
-0.287365
0.163653
-0.219712
-0.020955
-0.309043
-0.652805
0.087440
0.248667
0.002479
-0.228532
-0.484768
0.362930
0.195188
-0.403018
-0.174684
-0.264895
0.111417
0.419345
-0.203656
-0.454998
-0.623678
0.555103
-0.675353
-0.326606
0.333368
-0.410646
-0.199195
0.176627
-1.000436
0.414049
0.150528
0.157901
0.159866
-0.041153
-0.382214
0.419096
0.182802
-0.309209
0.595383
0.295160
0.323257
-0.542550
0.450350
0.414900
-0.602546
0.156866
-0.308023
0.184067
-0.733759
0.418372
0.501250
0.355018
0.541940
0.029483
-0.275025
-0.195242
0.072604
-0.009952
0.494812
-0.175927
-0.168119
0.040948
0.318926
0.826801
-0.162437
-0.410544
0.551400
0.000437
0.327204
-0.317800
-0.330466
-0.094094
-0.221884
-0.670830
-0.082833
0.356652
0.093209
-0.238961
-0.388948
0.336411
0.101606
0.238938
-0.014649
0.412278
-0.035986
-0.463414
0.255651
-0.331553
-0.321775
-0.367411
0.498529
-0.326105
-0.275447
0.080228
0.123074
-0.029424
0.202663
0.172049
0.259080
-0.178762
0.073868
-0.228069
0.107876
-0.255696
-0.634478
0.004825
0.681838
-0.243835
0.480784
0.285835
-0.056932
-0.081373
0.473322
0.326558
-0.812817
-0.566036
-0.325801
0.266127
-0.471735
0.003487
0.448427
-0.327987
0.566705
-0.097429
-0.103627
-0.477840
0.000068
0.261945
-0.732777
-0.075595
0.289889
0.212532
0.424779
0.609078
0.437641
-0.124440
-0.135029
0.291395
0.901386
0.285783
0.208793
0.159019
0.041074
-0.160024
-0.207910
-0.175681
-0.072053
-0.225897
0.023667
-0.110229
-0.486786
-0.303944
-0.563260
0.611897
0.023895
-0.209421
-0.494797
0.044716
-0.523510
0.179650
-0.042936
-0.094585
-0.377451
-0.200863
-0.240805
-0.486532
0.207723
-0.211972
0.031256
-0.541754
-0.221134
-0.224744
-0.450864
-0.053592
0.288970
0.255490
0.017163
0.223391
-0.732329
-0.236863
-1.047561
0.510085
0.517581
-0.287029
0.547963
-0.314090
0.487463
-0.434758
-0.102471
-0.036093
-0.094801
-0.285747
-0.429580
-0.038608
0.372027
-0.171061
0.418988
-0.061727
-0.102290
0.590986
0.546411
-0.306427
0.378531
0.104452
-0.114157
-0.723219
0.228534
0.201722
0.610653
0.051767
0.163349
0.336818
0.012605
-0.029514
-0.096446
-0.156149
-0.117737
0.168404
-0.243882
-0.463746
0.398278
0.866196
-0.240066
-0.320689
-0.575801
0.389854
0.033362
0.164458
0.000816
-0.027497
-0.141845
-0.158982
0.067022
0.532776
0.073656
0.131066
0.597080
-0.380671
-0.291025
0.193593
0.749088
0.429452
-0.514574
-0.272996
0.186845
-0.482288
-0.282977
0.259251
0.355516
-0.207992
-0.941844
-0.082938
0.035001
-0.072917
-0.290234
0.114204
-0.053360
0.247495
-0.358443
0.037343
-0.111359
-0.252556
-0.072896
0.382948
-0.029823
0.249739
-0.205640
0.445065
0.307348
-0.546129
0.223386
0.284622
0.295718
0.110063
-0.913713
-0.353327
0.101453
-0.154927
-0.480885
0.291147
-0.292393
0.067672
-0.104971
0.165484
-0.138776
-0.639490
-0.272657
-0.183518
0.394699
0.010170
-0.610961
0.310908
0.160892
-0.290055
0.356466
0.395329
-0.357245
0.092479
-0.333725
0.285148
-0.383496
-0.439893
-0.028562
-0.256669
0.385956
0.017774
-0.747159
-0.187974
-0.208222
-0.122759
-0.360798
-0.559094
-0.182011
-0.217824
-0.056549
-0.145126
0.047707
-0.437223
-0.684282
0.517802
0.129622
-0.141560
-0.253259
-0.287889
0.274915
0.446585
-0.858249
-0.316299
-0.588624
-1.019585
0.187977
-0.409038
0.431492
0.303286
0.638619
-0.010382
-0.312588
0.397642
0.012782
0.068021
-0.123679
0.206250
0.129915
-0.259939
0.573826
-0.313032
-0.325988
-0.416476
-0.081816
0.085061
-0.282789
0.688050
0.251622
-0.263522
0.395524
-0.207948
0.282947
-0.008174
-0.010212
-0.125866
0.551632
-0.318825
-0.006288
0.028530
-0.225459
-0.258033
-0.028437
-0.120925
0.130782
0.243251
0.173772
0.449433
0.151076
-0.527064
-0.114801
-0.233352
0.185370
0.310110
0.392866
-0.627637
0.118554
-0.001033
-0.160026
-0.495702
0.498081
0.087767
-0.444216
-0.830308
-0.068053
0.108251
-0.039164
-0.186887
-0.122162
0.069761
-0.753434
-0.316730
-0.159306
0.174797
0.562250
-0.561828
-0.406390
0.109657
0.891349
-0.516281
0.014921
-0.070242
-0.826225
0.860400
-0.185411
-0.046121
0.034543
-0.231308
-0.417934
-0.133881
-0.132466
-0.401804
0.226786
-0.461347
-0.254293
-0.593409
-0.289476
-0.598826
0.244786
-0.624434
-0.484989
-0.555102
0.614998
0.107264
-0.314209
-0.521080
-0.125544
-0.476408
0.632170
0.354584
-0.580609
0.324659
-0.273110
-0.102176
0.268242
-0.838120
0.302873
-0.337405
0.041283
-0.174874
0.120513
-0.284343
-0.063096
0.483216
0.326746
-0.298657
0.219569
0.467431
0.106737
0.383800
0.560392
-0.353857
-0.040901
-0.557645
-0.437922
0.190885
-0.024314
0.447055
-0.343700
0.797064
0.298325
0.747131
-0.007866
0.024761
-1.144011
0.336141
0.076469
-0.206629
0.666780
0.593735
-0.080899
-0.492473
-0.180360
-0.201947
-0.306934
0.151294
-0.718268
-0.421053
-0.161281
-0.154190
-0.119575
1.229139
-0.089577
0.344302
0.490492
-0.544660
0.141292
0.066609
0.638308
-0.821159
0.008669
-0.005211
0.145724
-0.016269
-0.215755
-0.049650
-0.272704
-0.073141
-0.158392
-0.086412
-0.341556
0.285587
0.618096
-0.175287
0.518290
-0.094107
0.640497
0.051391
0.395405
-0.104143
0.594675
0.047163
0.333493
0.105877
-0.410796
-0.674987
-0.278633
0.841105
0.011759
0.709435
0.156281
-0.743873
0.069464
0.024947
-1.016424
-0.144380
0.667398
-0.799439
-0.449757
-0.019838
0.061444
-0.018639
-0.142349
0.163116
0.130957
-0.305796
0.698523
0.107555
-0.425826
-0.086341
-0.134346
0.054430
-0.193495
0.585822
0.173158
-0.117502
0.098239
0.931020
-0.681606
-0.161320
-0.266969
0.020977
0.322573
-0.643863
-0.043043
-0.265190
-0.256889
-0.242403
0.087744
0.428210
-0.180913
-0.234378
0.133797
0.156941
-0.018543
-0.055177
0.043208
0.132430
0.404794
0.332502
-0.215486
-0.254170
-0.063401
-0.099777
-0.175869
-0.006118
0.445697
-0.150549
-0.097321
0.591886
0.445197
0.097544
-0.280296
1.017688
-0.215093
0.201689
-0.007054
-0.019094
-0.211572
0.133709
-0.204425
-0.333279
-0.228743
0.386146
0.417875
-0.467575
0.265404
-0.022080
-0.103130
0.669661
0.439404
-0.917948
-0.157007
0.070683
-0.188852
0.341682
0.333988
0.272902
0.324651
0.059229
-0.302504
-0.378062
0.235910
-0.264647
0.245477
-0.410313
0.502640
0.203381
0.062253
0.825462
-0.067397
0.042161
-0.412543
-0.368145
-0.269556
-0.089466
0.293239
-0.162614
0.166329
0.048378
-0.062293
0.418142
0.057259
-0.063659
0.078501
-0.267672
0.311337
-0.446837
0.493277
0.553862
-0.390732
-0.614992
0.193775
-0.186590
0.046974
0.173037
-0.661828
0.245819
-0.282724
-0.226192
-0.436596
-0.494755
-0.652781
-0.431333
-0.331902
-0.113763
-0.152722
0.423338
0.120094
0.621395
-0.173890
-0.315980
-0.189764
0.161064
0.001549
-0.087381
0.103894
0.312963
-0.140878
0.342152
-0.044125
-0.419937
-0.265801
0.185690
-0.467692
0.314085
-0.123015
0.286233
0.099534
0.439086
-0.115159
0.200160
-0.123749
-0.061328
-0.538504
-0.636785
0.575090
0.113893
-0.649434
0.026617
0.171757
-0.187983
0.471588
0.287022
-0.668680
-0.788659
-0.031767
-0.752792
-0.402024
-0.444141
0.227110
-0.584521
-0.529101
0.591914
0.366047
0.063796
0.165504
0.238594
0.294629
-0.348779
-0.480579
-0.783393
-0.167552
0.150630
-0.063178
0.257159
-0.432443
0.515980
-0.203080
-0.112063
0.130669
0.157083
-0.007276
-0.384180
0.328052
0.033317
-0.663219
0.366757
-0.538708
-0.337574
-0.230850
0.195140
0.169562
1.000543
0.283458
-0.025325
-0.607778
0.235885
-0.138739
-0.421132
-0.130119
-0.588545
-0.224487
0.479055
-0.544665
0.196813
0.551501
-0.395096
0.681994
0.037579
-0.302546
0.054257
-0.289155
0.566787
-0.215466
0.091600
-0.012020
-0.279858
0.044057
0.020219
-0.571322
-0.433289
-0.506603
0.584882
-0.043721
0.299946
-0.033542
-0.066885
0.066948
0.232342
-0.006436
0.573251
-0.018788
0.004734
0.206089
0.144872
0.003948
-0.117097
-0.231815
-0.006031
0.149972
0.226150
-0.246794
0.470753
-0.632514
-0.552079
-0.254835
-0.234318
0.212147
-0.121900
-0.471555
-0.238310
0.165257
0.401340
0.302235
0.348940
-0.263503
0.525196
0.518359
-0.673279
-0.363080
-0.125013
0.338218
0.191824
0.068846
-0.378266
0.067563
0.406367
0.391426
-0.118098
-0.069270
-0.608246
0.354133
-0.330675
0.278980
-0.410312
0.328024
-0.386598
0.171840
0.322259
0.110095
-0.377627
-0.173709
-0.351163
-0.091320
-0.185861
-0.307701
0.327918
-0.538677
-0.109652
0.376584
-0.516881
0.054496
-0.880489
-0.418506
-0.255466
0.113267
-0.623599
0.547062
0.324560
-0.418254
-0.233574
-0.225513
0.576236
-0.058742
-0.760953
-0.309745
-0.233226
-0.101763
0.233058
0.600351
0.414474
0.641032
-0.075382
0.175170
0.230360
-0.120404
-0.304580
0.352841
0.358964
0.096579
-0.019777
0.380673
0.169653
-0.098776
0.751977
0.297274
-0.328003
0.354890
-1.183033
-0.261184
0.313915
-0.382779
0.622055
0.153988
-0.989525
0.336990
-0.086735
-0.128131
-0.276494
0.039725
0.042671
-0.079976
0.046142
-0.252928
-0.138239
0.010147
-0.051995
0.000004
0.832618
0.169966
0.292893
-0.063751
0.692028
-0.261357
0.306428
0.494830
-0.164439
0.476663
0.279385
-0.185198
-0.064844
0.062764
-0.476378
-0.070750
-0.635171
0.294800
0.040096
0.093206
0.171653
-0.663724
0.278203
-0.314376
0.283098
0.529921
0.920326
0.080547
0.173069
-0.060103
0.152140
0.575443
0.550737
0.223650
-0.181614
0.177903
0.337081
-0.138227
