-0.518465
0.201905
0.527181
-0.739907
-0.208507
0.639399
0.111874
-0.741297
0.302652
-0.294472
-0.412626
-0.250492
-0.084860
0.510666
0.532444
-0.424817
-0.174674
-0.079857
0.184259
0.395366
0.203700
0.047384
0.055930
0.150108
0.089307
-0.328123
-0.329784
-0.226213
-0.116713
-0.398303
-0.250435
-1.131033
0.267892
-0.546658
0.090652
-0.025669
-0.039476
0.424997
-0.812861
0.215733
0.639558
0.268675
-0.234257
0.428396
0.241301
0.298386
0.017752
-0.428082
-0.275832
-0.464067
0.583024
0.088985
0.202111
0.443008
-0.281721
0.983517
-0.302381
-0.719316
0.072377
-0.213643
-0.370105
-0.158717
-0.159131
0.095519
-0.136298
-0.151964
-0.252149
-0.114429
-0.156051
0.092391
0.791090
-0.513664
-0.257361
0.669780
-0.120752
-0.108896
1.039744
0.130847
0.386877
0.862830
0.300118
0.088545
-0.262531
0.004249
-0.083976
-0.292882
0.083454
-0.060785
0.198244
0.204747
0.488725
-0.568756
-0.318359
-0.069203
0.072900
-0.300561
0.262416
0.022283
0.577412
-0.029131
0.257088
0.441519
0.168012
-0.004007
0.075047
0.016646
-0.480447
-0.069952
0.448937
0.079599
-0.499857
0.234141
-0.324548
-0.122040
-0.089604
-0.370777
-0.155757
0.204865
0.526182
-0.330906
0.086599
0.463796
-0.110526
0.088169
0.160141
-0.640894
0.153980
0.379625
-0.072527
0.405155
1.291002
-0.095085
0.205855
-0.186421
0.045210
0.180660
-0.637789
0.582740
0.050548
-0.046817
0.039964
0.725891
0.579156
-0.738522
0.461791
-0.184542
0.432738
-0.096553
0.118246
0.170204
-0.227926
-0.392671
0.501663
-0.274763
-0.401311
-0.117128
-0.029702
-0.093855
0.652260
-0.034644
-0.604794
0.051567
-0.259838
0.164803
0.233934
-0.066642
-0.129661
1.028704
0.273713
-0.012261
-0.200278
-0.343858
0.148843
0.496512
0.054085
0.377323
-0.498241
-0.196307
0.391307
0.604474
0.162482
0.196537
0.051587
0.034460
-0.249720
0.204467
-0.616369
-0.189344
-0.376022
-0.181339
-0.097059
0.410236
-0.243697
0.296579
-0.177452
-0.190149
-0.009877
0.390641
-0.640104
0.347236
-0.210083
0.166767
-0.605983
-0.130840
-0.651017
-1.052699
0.002964
0.053799
-0.508969
0.670831
-0.185958
-0.999312
0.105592
-0.308111
0.423613
-0.823094
0.239654
-0.133603
0.226284
0.000890
0.421940
-0.103194
0.211908
-0.246317
0.175038
-0.218572
0.433594
1.031039
-0.293235
-0.231610
-0.580316
-0.275366
0.945758
0.454762
-0.015575
-0.117661
-0.894834
-0.325845
-0.489832
-0.062933
0.384406
-0.119473
0.052688
0.463339
0.155955
0.660732
0.561762
-0.294095
0.011563
-0.542990
-0.406865
-0.700467
-0.107879
0.071296
-0.017003
-0.173695
-0.468564
0.115608
-0.524467
0.443345
-0.073776
0.223677
0.234512
-0.791437
-0.633622
-0.028241
0.137828
0.125523
-0.750253
-0.589483
-0.107382
0.080414
-0.250054
-0.420756
0.575211
0.392024
0.330489
0.282149
0.615732
0.148532
-0.235212
-0.346408
0.007979
-0.274847
-0.048078
-0.209211
-0.578162
-0.178993
-0.174115
0.213859
-0.170967
0.019926
-0.186337
-0.022703
-0.054472
0.489914
-0.091502
-0.125612
-0.567799
-0.563798
0.079145
0.355125
0.749808
0.171298
-0.052420
-0.348155
-0.309206
0.337420
0.068532
-0.077036
-0.290759
0.133642
0.132909
-0.493255
-0.072427
0.265820
0.358891
0.274233
-0.123360
0.077911
-0.061873
-0.722213
-0.583390
-0.352271
0.099996
-0.108442
0.393955
0.328950
0.292573
-0.325909
-0.022453
0.115840
0.440815
0.106584
0.085716
-0.582047
0.154278
-0.086861
-0.030376
0.400956
0.006606
0.018277
0.727698
-0.131439
0.262710
0.151066
-0.095112
0.475983
0.119264
0.331805
-0.071574
-0.157033
-0.427658
-0.927973
-0.010548
0.375511
-0.025277
0.052749
0.199929
-0.704146
0.253337
0.624470
0.173654
0.646727
-0.586365
-0.010663
0.277768
0.131091
-0.007128
-0.164098
0.149841
-0.470537
0.555932
0.196261
-0.336278
0.182555
0.371591
-0.076823
-0.300237
-0.168689
-0.133704
0.718000
0.376450
-0.223058
0.312001
0.703220
0.063297
-0.263824
0.300378
-0.055789
0.432911
0.007675
-0.525573
0.013991
0.132596
-0.133882
-0.262296
-0.537995
0.580202
0.574358
0.043823
-0.930970
0.119985
0.328495
-0.147871
-0.333678
-0.540439
-0.426037
-0.071093
0.248432
0.093550
0.415704
0.654768
0.301312
-0.216202
0.210373
0.015014
-0.254686
-0.629013
-0.019950
0.181437
-0.182189
-0.165200
-0.325369
0.420363
-0.014987
0.101924
0.491540
-0.238848
0.836431
0.418985
0.687617
0.349037
-0.403924
0.123957
0.465349
-0.643157
0.564836
-0.564454
-0.089997
-0.285895
-0.209691
0.377432
-0.196300
0.292100
-0.992044
-0.731895
-0.789463
0.113246
0.691913
0.137570
0.118391
-0.109454
0.860768
0.540554
-0.355564
0.123564
0.375369
-0.554268
0.387901
0.118857
0.166271
-0.442953
0.339029
-1.102725
0.062061
-0.853227
0.347140
0.124031
-0.306118
-0.306741
-0.234699
-0.431708
-0.249073
0.404814
0.269261
-0.319788
0.101949
-0.404751
-0.827015
-0.600876
0.523991
-0.008586
0.012134
0.046401
0.137387
-0.141233
0.138764
0.121927
0.134707
-0.211314
0.555627
0.784003
0.091509
0.035209
-0.152326
-0.241069
0.074586
0.535806
0.303083
-0.112760
-0.211372
-0.866276
0.003930
-0.003775
0.030476
-0.061364
-0.213079
0.252134
-0.367783
-0.357072
0.323057
0.430985
-0.476276
0.093996
-0.043723
-0.098241
-0.002256
0.382471
0.018603
0.048914
0.075374
-0.441619
0.208396
-0.520030
0.339726
-0.139669
0.364010
0.192959
0.376717
0.395442
0.519014
0.036049
-0.277290
0.070625
-0.377547
-0.370331
-0.294300
0.075471
0.652558
-0.272126
-0.466353
0.418372
-1.064243
-0.089511
-0.052607
-0.496467
-0.267823
0.536887
0.433286
0.421876
0.234636
-0.789743
0.513187
0.696133
0.578400
-0.298071
0.041694
0.377997
0.057580
0.576603
-0.325543
-0.002617
-0.215667
0.239335
-0.318576
0.176080
-0.269559
-0.148598
0.533104
-0.178764
-0.104149
0.377583
-0.598505
0.527210
0.165171
0.248031
-0.170236
0.400459
-0.292861
-0.230133
0.377537
0.079884
0.477261
-0.072650
0.386057
-0.469613
-0.214531
-0.283382
-0.228544
0.033724
-0.334447
-0.373895
0.082483
-0.079911
0.048379
-0.066831
-0.263030
-0.161678
-0.122230
0.287673
0.288608
0.265145
-0.104279
0.077770
0.264682
0.223095
-0.345054
0.593149
-0.258549
-0.204800
-0.364642
-0.006211
-0.243184
0.161945
-0.015479
0.468542
0.146840
0.488178
0.495292
-0.204923
0.281496
0.238289
-0.619669
-0.165519
0.394487
0.565872
0.252071
0.254820
0.133734
0.401978
0.123816
-0.309769
-0.046464
-0.157417
-0.114351
0.164045
-0.119960
0.037580
-0.144291
-0.072252
0.359353
0.343211
-0.078427
-0.429173
-0.591070
0.087461
-0.614514
-0.093838
0.189926
-0.163143
-0.285287
0.400368
0.067193
-0.424243
0.509461
0.195164
0.100951
0.182209
-0.029769
0.008909
0.383523
-0.283310
0.270356
0.371701
-0.551431
0.139556
-0.099349
-0.492383
0.532023
0.778472
-0.200542
-0.020572
-0.180254
0.204130
0.417812
0.031273
-0.552741
0.840452
0.228116
-0.139380
0.526601
0.367104
0.174682
0.248231
0.527233
0.432451
-0.182893
0.695135
0.272838
-0.636389
-0.664751
-0.400563
-0.049141
-0.399970
-0.203114
-0.158699
-0.173257
-0.461830
0.236056
0.024752
0.078340
-0.315933
-0.205014
-0.549126
0.578353
0.806065
-0.104288
-0.157076
0.396181
-0.216755
-0.151275
-0.073704
0.644699
0.154850
0.374922
-0.099766
-0.143617
-0.423938
-0.441840
-0.086752
-0.262559
-0.379615
0.080068
0.251277
0.578041
0.080430
0.431987
-0.638850
-0.105195
0.099210
0.714014
-0.130608
-0.138633
-0.297186
-0.160954
0.302982
0.082017
0.569424
0.304306
-0.220471
-0.163514
-0.017297
-0.110575
0.228710
-0.516950
-0.362435
0.009462
0.424121
-0.299268
0.725087
-0.902303
0.459701
0.186740
-0.908294
-0.539983
0.165643
-0.853845
-0.507225
-0.111443
-0.010368
0.288476
0.153431
0.636269
0.403319
0.564997
-0.519857
0.045779
-0.944111
0.403586
-0.062498
-0.216919
0.318479
-0.353183
0.300680
0.531906
0.032462
0.200942
-0.985751
0.760832
0.477303
-0.307252
0.058716
0.393480
-0.066210
-0.122848
-0.316647
0.299531
-0.178499
0.425354
-0.151496
-0.470522
-0.224061
0.700152
0.326644
-0.195153
-0.038976
-0.667078
0.364525
-0.069847
0.148622
0.411770
-0.556747
0.007094
-0.104627
0.293942
0.665081
-0.538991
-0.098688
-0.066911
0.077787
0.176943
-0.439106
0.087969
-0.262211
0.061992
-0.348486
-0.159719
0.219895
-0.133433
0.052225
0.119847
0.561761
-0.273301
-0.135923
-0.167492
-0.774479
0.231391
-0.309995
0.295622
0.235744
0.854027
0.652602
-0.081055
0.145066
0.183763
-0.296511
0.611290
0.368291
0.392223
-0.188545
-0.396796
-0.030120
0.160653
0.283170
0.166264
-0.224779
-0.603957
-0.584602
-0.164915
-0.502869
-0.173892
-0.008088
0.421238
-0.008857
0.451336
0.177604
0.235597
-0.181937
-0.108663
-0.786854
0.173106
-0.292117
-0.006260
-0.481938
-0.239515
-0.001342
-0.158536
-0.292083
-0.360638
0.256728
-0.661274
0.197106
-0.537178
0.219847
-0.270646
0.182356
0.667643
-0.259925
0.067937
-0.074812
0.043544
0.391637
0.255845
-0.572395
0.457183
-1.048657
-0.143257
0.636704
-0.480616
0.331998
0.530455
-0.702438
0.059531
-0.109695
-0.087152
-0.044636
0.605111
0.309495
0.109544
0.576570
0.586512
0.417857
0.224682
0.071552
0.063911
-0.514217
-0.005349
0.290178
0.471402
0.077520
-0.070406
0.037925
-0.238403
0.008755
-0.708330
0.542118
0.696939
-0.020388
-0.464395
-0.005744
0.391062
0.378806
-0.051145
0.256347
-0.296291
0.140576
0.065569
-0.673251
-0.014497
-0.250436
0.177944
0.614290
-0.774750
-0.522263
0.111548
0.222242
-0.333780
-0.153366
0.140715
0.269194
-0.299149
0.050545
0.149830
-0.427947
0.028349
0.013010
-0.297973
-0.715707
0.385212
-0.587711
0.207267
-0.018379
0.135520
0.174797
-0.281821
0.346602
-0.490558
0.016663
0.530208
0.032793
0.442774
0.302866
-0.172088
0.515074
-0.234390
-0.678791
-0.234894
-0.165903
0.242768
0.387109
-0.171793
-0.087466
-0.272725
-0.426784
0.060884
-0.226050
0.000838
-0.125683
-0.299734
-0.266275
-0.246943
0.483945
-0.733895
0.138513
-0.080589
-0.467974
-0.172033
-0.531490
-0.288788
0.424788
-0.333545
0.045929
0.279438
0.287569
0.769514
0.295756
0.308581
0.035738
-0.810493
0.451490
0.230024
0.630794
-0.184818
-0.351780
-0.358947
0.060115
-0.109257
0.326569
-0.051100
0.159293
-0.696725
-0.345563
0.050636
-0.710957
-0.515811
-0.240255
0.099045
0.233168
0.087823
0.583680
0.057992
1.104860
0.410322
-0.553023
0.016522
0.709038
-0.377253
0.443581
-0.217277
0.090500
0.279657
0.376015
-0.323019
-0.205146
0.107884
0.071638
0.135706
-0.078541
-0.132218
-0.009272
0.308482
-0.589881
-0.775054
0.495679
0.127286
-0.167868
-0.031056
-0.596513
-0.102309
0.115917
0.180026
0.132308
-0.250255
-0.647690
-0.732747
0.079692
-0.223722
-0.202530
-0.234311
0.033973
-0.244001
0.225385
-0.769211
-0.154124
0.204490
-0.677505
0.136335
-0.171603
-0.365605
0.530959
-0.426049
0.032490
-0.471582
-0.203858
0.041767
0.377131
-0.412094
-0.203512
0.021593
0.158725
0.190799
0.493089
0.048480
0.492190
-0.039108
-0.317591
-0.362944
-0.273028
-0.564316
0.049798
-1.014830
0.269033
-0.121347
-0.625242
-0.768051
0.632045
0.153757
-0.247602
0.007928
-0.334990
-0.237198
-0.507084
-0.316063
0.468044
-0.317000
-0.366590
0.267233
-0.307748
-0.164768
0.130569
0.061416
0.176886
0.694707
0.431481
0.409049
-0.914571
-0.052996
-0.922183
-0.024805
-0.122828
0.069770
0.247970
-0.221067
-0.455278
-0.682099
-0.213971
0.076337
-0.032261
0.492266
-0.223794
-0.946162
-0.469451
0.023302
0.299927
-0.359566
-0.519290
-0.067007
-0.242494
0.276963
-0.541625
0.224514
-0.656749
0.126191
0.344856
0.382266
0.332037
0.243480
-0.058908
0.560697
0.483198
0.276594
-0.294518
-0.010986
-0.148811
-0.060232
-0.241306
0.160255
-0.255783
1.019367
0.453373
0.487249
0.732226
-0.575756
-0.050807
0.246306
-0.076096
0.517014
-0.146692
0.747064
0.216534
0.500762
-0.042426
-0.941389
-0.382574
0.643464
-0.036618
-0.073384
0.569968
-0.053934
0.223791
0.437263
0.387653
-0.887891
0.105024
-0.481173
-0.203648
-0.281340
0.290819
0.518407
0.390323
0.271104
0.388353
0.242415
-0.540366
0.183434
0.756434
0.043527
-0.191671
0.307303
1.030117
0.413276
0.185448
-0.262852
0.256245
0.042451
0.311077
-0.150337
0.425250
0.354480
0.005460
0.277185
0.584312
0.401343
-0.119757
-0.637125
-0.176110
0.246436
0.585504
-0.015473
0.019223
0.907095
-0.554744
0.003520
0.401794
-0.023138
0.467944
0.102628
0.235555
0.283083
-0.098742
0.262780
0.343714
0.098830
-1.154434
-0.496694
0.033762
0.300075
0.034249
-0.070646
-0.354967
0.615583
-0.252296
0.343109
0.201892
-0.524500
0.261596
-0.070386
-0.465288
-0.492799
0.717544
0.382451
-0.341749
-0.044911
0.297701
0.360685
-0.024452
-0.405813
0.134313
-0.098818
-0.167874
-0.239061
-0.475613
0.251408
-0.731812
-0.719519
-0.451601
0.319102
0.328548
-0.281857
-0.405128
-0.274967
0.448124
0.414199
0.257771
-0.509827
0.081355
-0.015236
-0.217047
0.146416
0.484095
0.310573
0.114694
-0.472226
-0.755884
0.474538
-0.590118
-0.194160
0.563487
0.218870
0.297395
-0.266033
-0.518394
1.080444
0.272506
0.260968
0.736977
-0.620007
0.191199
0.214255
0.358168
0.630037
-0.026055
-0.415364
0.686197
0.116821
0.256578
-0.897282
0.150520
-0.334130
-0.567737
-0.535045
-0.504611
0.108652
0.838248
-0.387170
0.407412
-0.202838
0.329607
-0.116180
-0.554790
0.202260
0.091416
-0.124316
0.170259
0.347524
-0.000994
-0.558227
0.315187
0.197342
-0.101062
-0.072014
-0.650919
-0.548164
-0.257071
0.027026
0.594357
0.424485
0.181528
-0.118156
0.084327
0.587351
-0.266858
0.603346
-0.322892
0.314941
0.389323
0.080631
0.137844
0.043687
0.111419
0.393320
0.243770
-0.804280
0.459135
-0.188241
-0.185471
0.426377
0.334621
-0.088332
0.274273
-0.081625
-0.165231
-0.703136
-0.947593
0.073341
0.003110
0.184445
-0.058817
0.558607
0.071732
0.667755
0.147699
0.181526
0.610815
0.595407
-0.109652
0.008955
0.298957
-0.690530
-0.579580
0.077475
0.346441
-0.069034
0.650468
-0.384179
0.942002
-0.593929
-0.115252
0.740775
0.463954
0.098633
-0.273447
0.237949
0.396551
0.511264
-0.357925
0.380963
0.171769
0.360073
0.148171
0.529971
0.539009
-0.159850
-0.073644
0.460068
0.078440
-0.371752
-0.283280
0.791134
0.555433
0.105016
-0.300223
-0.609882
0.091798
-0.404217
0.014870
-0.589528
-0.202197
0.331927
0.014303
-0.348280
-0.393749
0.068761
-0.645449
-0.322536
-0.487541
0.090206
0.828840
0.635519
0.390932
1.025486
0.245631
-0.403117
0.539219
0.838826
0.446188
-0.136501
-0.028325
0.217806
-0.297084
0.331374
0.533289
0.193458
0.074779
-0.982806
0.530080
0.193327
-0.063960
-0.241053
0.267221
0.352719
-0.155221
-0.076183
-0.511598
0.105593
0.112506
-1.018686
-0.251383
-0.406343
0.040807
-0.267407
-0.278677
0.204530
-0.639398
-0.872624
-0.913000
-0.794795
-1.058355
-0.738110
-0.191732
-0.649169
-0.282363
-0.262491
-0.176209
-0.332347
-0.038272
0.361863
-0.191048
-0.181169
-0.231957
0.420447
0.405073
0.299763
0.256805
0.845176
0.401323
0.511340
1.401896
1.331318
0.986093
0.615886
0.891267
1.023748
0.221702
0.033212
0.219521
0.713828
0.721074
0.894295
0.875558
0.240919
0.788397
0.563769
0.641274
0.545194
-0.034274
0.301774
0.639434
0.478124
-0.118604
-0.330015
-0.612076
-0.425500
-0.591814
-0.365826
-0.358412
-0.749000
-1.080535
-1.031962
-0.903347
-0.244031
-0.496575
-0.192952
-0.073428
0.296986
0.017917
0.008724
0.122774
-0.076254
-0.240577
0.011914
0.445773
0.039374
0.297713
0.429244
0.344628
0.625036
-0.064826
-0.446442
-0.294660
1.181600
0.056040
0.106447
-0.533287
0.176736
0.115669
0.464722
0.064318
-0.269381
0.003464
0.321153
-0.031592
-0.706633
0.397839
-0.373068
0.733625
0.409728
-0.208272
-0.602613
-0.816231
-0.100244
0.086848
-0.220589
0.011089
-0.144450
0.261938
0.613652
-0.349826
-0.018479
0.078783
-0.431053
0.682181
0.447486
-0.245550
-0.042463
0.898643
0.201463
-0.210346
-0.073070
-0.474410
0.025310
-0.295754
0.310128
-0.466809
0.038451
0.517784
0.346478
-0.263765
0.153010
0.306820
-0.600992
-0.227882
-0.435257
-0.100572
-0.521811
-0.594528
0.039224
0.183616
0.516633
-0.217926
0.530584
-0.650245
-0.041128
0.834870
-0.330605
-0.217028
0.162147
0.231014
0.224363
0.009287
0.332115
-0.121128
-0.436967
0.321071
0.709042
-0.332242
0.227699
0.142036
-0.115879
-0.366606
-0.276228
0.009814
-0.496077
-0.553254
-0.398569
-0.192750
-0.518360
0.303663
-0.026474
0.052863
0.291565
-0.206295
0.443723
0.110666
-0.103427
0.071747
0.271159
0.107559
0.132635
-0.290434
0.241465
0.381244
0.216120
0.824205
0.361426
0.227923
-0.237843
-0.415542
0.582270
0.123654
-0.488257
0.181126
-0.105553
-0.079792
0.060848
-0.756395
-0.688069
0.197591
-0.708470
0.596158
-0.185771
-0.426590
-0.111476
-0.085682
0.673857
-0.242621
-0.373470
0.475015
0.297802
0.338127
0.128784
0.138272
-0.354677
0.445473
0.485624
0.505161
0.781804
-0.274615
1.026992
-0.961021
0.451145
-0.113298
-0.282133
0.506614
-0.135051
-0.540259
0.094438
-0.896409
0.303919
-0.455640
-0.806171
0.410176
0.327206
0.233693
0.121225
-0.108250
-0.078432
0.003680
-0.001246
0.290381
-0.407211
-0.294584
-0.397635
-0.089162
0.233877
0.084007
-0.077313
-0.616343
-0.744915
-0.083745
-0.548279
0.162548
0.037982
-0.031673
0.033764
-0.336175
-0.658626
-0.276318
-0.487697
0.055145
0.195004
0.592656
-0.262117
-0.221748
0.327439
-0.310319
0.005572
0.171603
-0.109201
0.382500
-0.256481
0.579533
0.410770
-0.257685
-0.062901
0.092483
0.154596
-0.069881
-0.149111
0.098562
0.247430
-0.605939
-0.305239
0.256015
-0.226114
-0.243337
0.134905
-0.398364
-0.389558
0.381979
0.185334
0.267017
0.012991
0.815669
0.281000
-0.245040
-0.386365
-0.091230
0.811479
-0.114846
0.177282
-0.929237
-0.276991
-0.298224
0.217276
0.290225
-0.474950
-0.183518
-0.330185
-0.455448
-0.136675
0.012189
0.354209
-0.314802
-0.416335
-0.465608
0.294256
0.377423
0.367761
-0.107039
-0.416262
-0.189142
-0.002652
-0.003768
0.178416
-0.855996
0.427306
0.037083
-0.533912
0.180902
0.268767
-0.351488
-0.509129
0.092838
-0.077056
-0.761224
-0.489497
0.103091
-0.038350
-0.762927
-0.884548
0.220960
0.161848
0.641519
0.863765
-0.409657
0.217623
-0.193594
0.132888
-0.314473
-0.307957
0.260036
-0.285054
-0.365510
-0.327970
0.114258
0.739623
0.044294
0.113249
-0.224748
-0.609845
-0.012080
-0.579023
-0.427687
-0.658982
-0.016752
-0.226224
-0.667168
0.172020
-0.905625
0.516164
0.304816
-0.283344
0.490411
-0.070183
0.207345
-0.219728
0.077040
0.029969
0.125600
-0.082691
-0.091840
0.491975
-0.018180
-0.692256
-0.377833
-0.346151
-0.174534
-0.264238
0.235634
-0.321834
0.579624
-0.631406
0.440934
-0.843375
-0.127300
-0.228945
0.213187
0.529356
-0.051720
0.192736
0.124559
0.016816
0.132602
0.492413
0.004705
0.258122
-0.096859
0.693581
-0.548316
-0.099865
-0.473055
0.048117
0.188529
-0.429962
-0.031169
-0.297076
0.006107
0.047560
-0.248205
0.308179
0.192743
0.553561
-0.122877
0.164071
0.665499
-0.065802
-0.402396
-0.226371
0.474899
-0.173611
0.048647
0.400013
0.020755
-0.627715
0.343320
-0.124666
-0.688460
0.004499
-0.025063
-0.180538
0.051685
0.059108
0.674512
0.698252
-0.801657
0.295943
0.177280
0.296871
-0.049868
0.268619
0.955614
-0.328895
-0.616316
0.509045
-0.142371
-0.024424
-0.178588
-0.686741
-0.420942
0.199912
0.162030
-0.034957
0.679593
0.973782
-0.726517
0.101879
0.064019
0.654695
0.323097
-0.559207
-0.161326
0.575533
0.367210
-0.111024
0.388542
-0.199302
0.265924
-0.099124
0.020307
0.197516
-0.674611
0.455323
0.334633
-0.201584
-0.543210
-0.199842
-0.004167
-0.095405
-0.262339
0.647707
0.273184
0.252949
0.537301
0.486600
-0.070130
0.191155
0.115092
-0.678079
-0.129185
0.793920
-0.242765
-0.551612
0.447806
-0.291312
-0.247867
0.070757
-0.662206
0.384946
0.100274
-0.498457
-0.233636
-0.511960
0.302452
-0.354344
-0.630456
0.121785
0.432629
-0.196741
0.280177
-0.472889
-0.104433
-0.107098
-0.159990
0.127318
-0.019946
0.448762
0.218066
-0.708686
-0.377917
-0.180445
-0.207724
-0.195179
0.339083
0.158411
0.110257
-0.330313
0.005891
0.369331
-0.128268
-0.012332
0.028866
0.027225
-0.297396
0.161576
-0.515027
-0.103423
-0.497185
-0.012073
-0.172337
0.551315
-0.077903
-0.309712
-0.016890
-0.203254
-0.295737
0.066366
-0.454840
0.061128
-0.529966
0.161480
0.660923
0.396531
0.233996
0.544888
0.303423
-0.098473
0.191785
-0.504388
-0.459332
0.714410
0.032865
-0.450110
0.305417
0.401648
0.180865
0.606129
-0.105345
-0.441388
-0.240653
0.234149
0.539262
0.791342
0.636685
0.025138
0.183560
-0.133569
0.069834
0.207415
-0.547851
-0.408014
-0.042694
0.178721
-0.143018
-0.590730
-0.544426
-0.126619
0.129162
0.549255
-0.121608
0.130523
-0.606420
-0.827054
0.537301
-0.582754
0.265888
-0.612066
-0.145784
-0.284848
-0.273899
0.261095
-0.345335
-0.060318
-0.184258
-0.086218
0.684924
-0.052542
0.070164
-0.590128
0.412037
0.638817
0.063033
-0.398353
0.113611
-0.476450
0.379569
-0.555862
0.029908
-0.207723
-0.029840
-0.144211
-0.096247
-0.077348
-0.449161
0.203336
-0.469304
-0.647452
0.446632
-0.209208
0.143328
-0.295970
-0.679606
-0.139396
-0.293019
-0.039067
0.392602
-0.451755
0.289997
-0.301102
-0.549676
-0.000263
-0.292852
-0.116549
-0.037977
-0.064569
0.117962
0.001745
-0.211219
-0.193290
0.009683
0.391132
-0.545554
0.421608
0.061235
-0.691799
0.273536
0.530393
-0.240962
0.338202
-0.622273
0.196440
0.027157
-0.042452
0.315848
0.880983
-0.272067
-0.254186
-0.395127
-0.030260
-0.105877
-0.029884
-0.425069
-0.464632
-0.236047
-0.229053
0.041537
-0.667614
-0.921079
0.616600
0.296815
0.338828
0.696895
0.820149
-0.057255
1.026946
0.595653
0.132483
0.206575
-0.779220
-0.251872
-0.392548
0.720354
-0.342257
-0.173759
0.074324
-0.236161
0.342689
0.107351
0.197614
-0.180012
0.903934
-0.251394
-0.229212
0.434841
0.535867
0.016653
0.218989
-0.071864
-0.041534
0.697072
0.382346
-0.007460
0.267654
-0.025910
0.433678
-0.628835
-0.375251
-0.034013
-0.724643
-0.161844
-0.011162
0.616746
0.799403
0.025487
0.208966
-0.857258
0.074806
-0.160377
1.023321
-0.191855
0.311650
0.184293
-0.169216
0.312689
0.185953
0.367032
0.200348
0.011398
-0.150493
0.105768
-0.252645
0.148923
0.012328
0.065547
-1.039440
0.249124
0.804466
0.204739
0.652432
-0.043192
-0.203025
-0.651125
0.134002
0.151808
0.653746
-0.361594
-0.659544
-0.298571
-0.312951
-0.122365
-0.088342
-0.911260
-0.291105
0.607277
-0.248897
-0.930587
0.530901
0.079788
-0.532562
-0.774635
0.257021
0.300623
-0.851125
0.022131
-0.087464
0.263345
-0.339165
0.088417
-0.364177
-0.417205
0.224651
0.371131
-0.768626
-0.631339
0.106097
-0.119287
-0.271230
-0.128206
-0.216665
-0.152056
-0.615124
-0.454872
-0.590919
-0.126096
-0.214801
-0.017563
0.278787
-0.311177
0.401519
0.347274
0.026853
-0.417452
0.948013
0.068475
0.676278
-0.281683
-0.119792
-0.275603
0.182220
0.425588
-0.138629
-0.365005
-0.186689
-0.039669
-0.241629
-0.342061
0.611098
0.211176
0.491622
0.047816
-0.286255
-0.124582
0.176088
0.348480
0.459858
-0.085807
-0.609726
0.135115
-0.110489
-0.286667
0.009086
0.043762
0.029864
-0.848684
0.206065
-0.228300
0.461813
-0.303300
-0.163870
-0.429227
0.446051
-0.813860
-0.109681
-0.295212
0.183303
-1.097108
-0.338768
-0.307762
0.162372
0.277471
0.040774
0.178620
0.355536
0.138715
0.610862
-0.340366
-0.332406
0.086054
-0.358103
-0.597574
0.336531
-0.390526
0.321282
0.055412
0.961614
0.204727
-0.028073
-0.196467
-0.091027
-0.170548
-0.001787
0.077045
0.265672
0.146647
0.242825
-0.644914
-0.311437
0.599018
0.050531
0.313260
0.015333
-0.397139
-0.546557
0.470423
-0.039428
0.267659
-0.169424
0.109371
-0.245189
0.642926
1.008550
-0.043374
0.231550
-0.550807
-0.119718
0.243728
-0.229252
-0.380934
-0.405197
-0.809918
0.587670
0.075050
0.319817
0.288254
-0.001656
0.336035
-0.022256
-0.111425
-0.080226
-0.490724
0.469330
0.519275
-0.785338
-0.142066
-0.314453
-0.185014
0.270692
-0.409408
0.065910
-0.276117
-0.359214
0.059403
-0.373391
0.931238
-0.093042
0.755677
-0.038007
-0.283242
0.626753
0.302173
-0.398318
-0.333817
-0.285127
0.004576
-1.204692
0.429695
-0.593557
-0.076483
-0.247606
0.196111
0.567816
-0.359124
-0.228804
0.236572
0.069759
-0.542368
-0.445475
0.171340
-0.151197
0.070614
-0.345694
-0.503766
-0.257244
-0.140722
-0.136361
-0.220266
-0.801544
0.080768
-0.026743
-0.492431
0.265136
-0.053515
0.229196
-0.434977
0.366278
-0.281006
-0.049845
0.399798
-0.126554
0.155020
0.273425
0.820763
-0.293926
0.043235
-0.555456
0.389444
0.140996
-0.734111
-0.291297
0.459133
-0.376444
0.026981
0.124015
-0.236429
0.714487
-0.076527
0.100039
-0.210094
0.172715
0.328610
0.161919
-0.059372
-0.102508
-0.024793
-0.166604
-0.085673
-0.196873
0.226382
-0.202945
0.142422
0.018985
0.375711
0.131309
0.292601
-0.205843
0.160905
0.294366
0.230945
-0.412460
-0.334562
-0.679323
-0.071316
-0.278587
-0.118473
0.639952
0.161310
0.148638
0.056671
0.345568
0.177298
0.291720
0.020117
-0.054849
-0.865712
-0.269537
-0.252605
-0.128615
0.328793
0.314956
0.102895
0.562899
-0.266022
-0.195362
-0.198526
0.326097
0.355111
0.547463
0.825335
0.331949
-0.073189
0.159213
0.360496
-0.306564
-0.203754
-0.154432
-0.455753
0.040896
0.511753
-0.294127
0.702558
0.234806
-0.292076
0.035371
-0.198716
1.357750
0.154388
-0.106397
0.182072
0.443299
0.067810
0.239682
-0.274608
0.386138
-0.086788
0.017970
0.105740
-0.142574
-0.095506
0.319220
-0.117358
0.519648
-0.247272
0.711130
-0.716517
-0.168481
-0.082308
-0.662237
0.059757
0.415889
0.052532
-0.039197
0.621112
-0.398207
-0.235926
0.363399
0.054894
0.424727
0.497873
-0.317792
-0.123284
0.225641
-0.177535
-0.017355
-0.007352
-0.145559
-0.637850
0.044663
-0.112073
0.368525
0.431746
0.107591
0.223743
0.083226
-0.003462
-0.294705
0.028325
-0.435105
-0.197908
-0.497640
0.307638
0.143978
0.065384
0.656579
-0.141380
-0.640735
0.357511
-0.479323
0.544142
0.213633
0.741655
-0.388397
-0.151054
-0.726896
0.119304
-0.562865
0.507512
-0.008691
0.239985
0.238983
0.075951
0.304232
0.069443
-0.201450
-0.381798
-0.299217
0.117012
0.048353
-0.080071
-0.554306
0.465475
-0.583626
0.558953
0.084657
0.091716
-0.234252
0.025718
0.234891
-0.297203
-0.123892
0.342068
0.092877
0.505948
-0.135929
-0.409501
0.244670
-0.024939
-0.097840
-0.136597
-0.439694
-0.236505
-0.117867
-0.082880
0.057887
-0.909554
-0.195990
0.066142
-0.257404
-0.371983
0.416647
0.095253
-0.261290
-0.090181
0.235560
0.108019
0.107023
0.473758
0.165127
-0.228934
0.027701
0.021634
-0.036072
-0.062219
-0.009631
-0.325199
0.476435
0.262718
-0.493206
0.397847
0.540806
-0.139137
0.149088
-0.074729
0.312187
0.873525
0.283390
-0.311653
-0.271437
-0.582915
0.192573
0.174312
0.534469
-0.199355
0.436010
-0.200530
-0.238997
-0.510900
-0.250024
-0.870556
-0.378929
0.192186
0.328096
0.495192
-0.341338
-0.359932
0.288613
-0.447284
-0.048969
-0.188087
-0.512473
0.031752
0.363391
-0.082858
0.148886
0.531138
0.606923
-0.465257
0.106843
-0.401676
-0.780493
-0.658798
0.123919
-0.135852
-0.573844
-0.104421
-0.653742
0.560488
-0.136159
0.201774
-0.312028
0.009594
-0.176398
-0.377446
-0.322737
-0.340932
-0.152587
-0.110801
0.864860
-0.108934
-0.067714
-0.271609
0.359668
-0.180484
-0.007938
0.459076
0.066393
-0.304461
0.151135
-0.072870
-0.437130
-0.944281
0.716972
0.643800
-0.352508
-0.262615
-0.602396
0.532688
-0.083832
-0.545864
-1.187869
-0.654808
0.470995
0.164080
-0.718620
0.774581
-0.099564
0.529900
-0.661072
0.590450
0.233763
0.598464
-0.175465
0.095168
0.023747
-0.575960
-0.128243
0.584180
-0.156225
-0.496036
-0.251550
0.301936
-0.317246
0.747313
-0.370612
-0.317503
-0.724483
0.516355
0.504516
0.511694
-0.029194
-0.125583
0.677373
0.398658
0.015475
-0.257511
0.119879
-0.761613
0.064123
-0.026176
0.349436
-0.545936
0.489384
-0.287727
0.024451
0.214754
-0.173382
0.404034
0.150151
0.009090
0.495745
-0.171025
-0.307255
-0.061135
0.378195
0.052833
-0.655794
-0.339971
0.253885
0.097903
0.013221
0.212815
0.463364
0.020874
1.021944
0.027296
-0.207770
-0.267669
-0.602011
-0.370123
0.484165
0.101164
-0.649311
0.557750
0.354660
-0.163931
0.538805
-0.581619
0.169933
-0.573769
0.184847
0.371050
-0.191816
-0.164592
-0.063103
-0.427170
-0.075120
0.193306
0.888298
0.794536
-0.140106
0.787393
-0.170982
-0.096776
0.009851
-0.106949
-0.627289
-0.492539
-0.188282
0.877534
-0.077667
0.004185
-0.212745
-0.013515
0.434875
-0.463842
-0.197495
-0.116412
0.501422
0.014657
-0.331985
0.657616
0.042905
0.410980
0.153022
0.242063
-0.068565
0.062688
-0.616011
0.683357
0.023461
0.596222
0.190641
-0.002652
0.229832
0.734355
0.371462
-0.020538
-0.093859
0.278716
0.209088
-0.360826
-0.541123
0.047323
0.682852
-0.224908
0.110435
-0.183501
0.257037
-0.179216
0.882939
0.193937
0.344982
-0.445748
0.502669
-0.337385
-0.562305
0.087330
-0.105877
-0.285425
-0.339764
-0.232867
-0.429605
-0.200673
-0.585125
-0.290127
0.195268
0.765436
0.459970
-0.196028
0.275910
-0.394227
-0.373607
0.318590
-0.073867
-0.209782
0.062143
0.170891
0.083662
0.727696
-0.622987
-0.033748
-0.051109
0.020057
-0.054040
0.283308
0.475943
0.056563
-0.229683
-0.046759
-0.053891
-0.107267
0.355828
-0.277332
0.351469
0.018482
-0.490408
-0.227324
0.767197
-0.166325
0.216078
0.635564
0.024528
0.089638
0.133695
-0.233362
-0.205409
-0.176536
-0.026954
-0.036384
-0.228721
0.275596
0.001587
0.849255
-0.272381
0.655119
0.175845
0.966070
0.668112
0.454675
-0.105439
0.135326
0.069969
0.386782
0.517373
0.343464
0.074383
0.054893
0.391525
0.372124
0.705525
-0.233838
0.944616
-0.077087
-0.007685
-0.234153
-0.539918
-0.503345
-0.502737
0.641772
-0.325789
-0.177140
0.506387
0.096895
-0.536447
0.210003
-0.012249
-0.257873
-0.482029
-0.411372
0.166249
-0.183067
-0.270617
-0.428842
0.265321
0.037335
0.225446
-0.001678
0.162399
-0.194003
-0.254144
0.298647
-0.105030
-0.354380
0.210957
0.486235
-0.483309
0.423224
0.678524
0.180264
0.091224
0.504695
-0.228849
-0.506122
-0.344081
-0.425755
0.047177
0.726380
-0.274913
0.596324
0.515028
-0.603405
0.340718
-0.164519
0.414562
-0.321641
0.258608
-0.111460
-0.136774
-0.459959
0.067136
-0.748660
-0.265302
0.235319
-0.310083
0.599528
0.736577
-0.680533
-0.919125
-0.083521
-0.098914
-0.040729
-0.037925
-0.180658
-0.603186
-0.091489
-0.119289
-0.221471
0.140720
-0.520535
0.293577
-0.691253
-0.922200
0.042118
-0.203863
-0.401202
-0.528409
0.182491
0.187842
0.486765
0.133417
0.331447
0.574800
0.654120
0.177743
-0.264950
0.317234
0.690377
-0.436759
-0.250631
0.403983
0.085766
-0.193063
-0.203939
-0.097944
0.377269
0.634540
-0.534085
-0.324976
0.206022
-0.271771
0.318032
-0.282813
-0.644202
-0.903148
-0.125528
-0.554631
0.071869
0.088288
0.191411
0.070967
-0.023120
0.058994
0.645242
0.328478
-0.469328
-0.179240
0.207696
-0.067902
-0.012497
-0.023412
0.393206
-0.376307
0.237473
-0.932703
0.330781
0.841445
-0.051653
-0.372964
-0.044799
-0.203953
0.298711
-0.337365
-0.310729
-0.007327
-0.501393
0.582696
-0.034629
-0.138261
0.079419
0.149797
-0.029683
-0.402147
0.465287
0.049170
0.625952
-0.087420
-0.145532
-0.133482
0.097923
0.173926
-0.611327
-0.349789
-0.554496
0.236563
0.070320
-0.383793
-0.062982
-0.085795
0.749136
-0.204690
0.145878
0.070696
0.253336
-0.621152
0.258413
0.543675
-0.358145
0.264263
-0.258640
0.037974
-0.452344
-0.069270
-0.489963
-0.234885
-0.040415
0.371543
-0.364238
-0.533349
-0.300404
-0.315383
-0.243284
0.085386
0.336228
0.353752
-0.010314
0.557597
-0.587062
-0.430749
0.033478
0.155909
-0.496524
-0.264856
0.392791
-0.066589
0.080269
-0.254818
-0.217005
0.354924
0.365320
-0.045318
-0.135850
0.379213
-0.438792
-0.571005
0.016128
-0.280624
0.301306
-0.567468
-0.014122
-0.349850
0.190392
-0.153053
-0.245463
0.487440
-0.259398
0.094058
0.339422
0.644777
-0.430078
-0.307046
0.224947
0.247886
-0.408461
-0.541531
0.152899
-0.910743
0.264686
-0.359768
-0.365384
0.111027
0.418129
-0.440742
0.863639
0.014547
0.163877
0.496090
-0.182262
-0.457849
-0.400222
-0.080993
-0.175677
0.515706
0.145589
-0.408190
0.082574
0.532651
-0.000245
0.193428
0.357094
0.357467
0.749338
0.497366
0.196457
-0.666913
0.571874
-0.714969
0.327986
-0.036645
-0.235071
-0.437065
-0.079730
-0.604893
-0.407722
0.159268
-0.481541
0.576304
-0.621440
0.411666
0.406991
0.362717
-0.110696
-0.331638
0.254095
0.122262
0.573910
0.131597
0.594001
-0.007398
-0.018993
-0.419262
-0.303735
-0.257836
0.358157
0.240952
-0.327505
0.232809
-0.649775
-0.527648
-0.988990
0.027532
0.003989
-0.267612
-0.076164
0.565134
-0.021088
0.266083
-0.124034
-0.041652
-0.392653
0.055579
-0.065945
0.563692
0.522514
0.514624
0.580525
-0.080161
0.429702
-0.011837
-0.300183
0.288117
-0.860362
0.020363
-0.399714
-0.842211
0.173158
-0.168036
-0.177739
-0.085248
-0.146353
-0.088899
-0.500967
-0.119731
0.136819
0.033677
-0.093287
-0.404790
0.530510
-0.113568
0.279755
0.428798
-0.080118
-0.186269
-0.521454
0.451182
-0.190710
-0.319590
-0.377277
-0.127463
0.203925
-0.469335
-0.428926
0.433459
0.116947
-0.102884
0.683313
0.127441
-0.077677
0.607436
-0.326800
0.418270
0.049354
-0.310191
-0.162864
0.186161
0.301059
0.425007
0.202659
-0.609140
0.618189
0.068117
0.168875
0.297660
0.581063
0.259703
-0.053348
0.708184
-0.487189
0.465711
0.237690
-0.175613
-0.046998
0.269090
0.290648
0.023946
-0.095278
-0.098139
0.805136
0.239567
0.822395
0.577293
0.030977
-0.793703
-0.672930
-0.069615
0.567076
-0.546165
-0.251339
-0.279662
-0.630728
-0.561928
-0.539599
-0.591315
0.286144
0.071441
0.786503
0.246485
-0.213433
-0.442419
0.374378
0.049865
-0.534303
0.053604
0.033782
-0.118553
0.403980
0.011580
-0.127667
0.112328
-0.376364
-0.170908
0.002783
-0.261532
0.456214
0.424602
0.096847
0.144501
0.331293
0.153393
0.185343
0.186489
0.713417
0.763483
-0.278230
-0.204217
0.309134
-0.211739
-0.284648
-0.104024
-0.278938
0.754335
0.752361
-0.379525
0.040049
-0.244310
-0.300450
0.111818
-0.095671
-0.242351
-0.627405
-0.022431
0.563500
-0.705014
0.435686
0.383757
-0.015245
0.166369
0.399084
0.045019
-0.296909
-0.063105
0.076309
0.415242
-0.454075
-0.103520
-0.217638
0.031505
-0.109279
0.369823
0.019486
0.064855
0.412874
0.136163
-0.031823
0.412489
0.533574
-0.810842
0.302625
-0.049979
0.104675
0.272695
0.633252
0.416345
0.746458
-0.208174
0.130365
0.281787
-0.438440
0.120885
0.447292
0.249300
-0.238197
0.247166
-0.165459
0.248293
-0.322957
0.059882
-0.562507
0.176312
0.214144
-0.498302
0.513221
-0.009113
-0.267637
-0.331264
0.452601
-0.435424
0.271859
-0.121504
-0.443904
0.142045
-0.336802
0.411961
-0.018834
-1.051796
-0.020948
-0.034541
0.523762
-0.056062
0.089602
0.348180
0.011863
0.036419
-0.705236
-0.157524
-0.012987
0.117994
0.677260
0.861999
0.163585
-0.088503
0.819264
0.131811
-0.133294
0.000746
0.319671
-0.139653
-0.289329
0.064757
0.868447
0.281814
-0.165098
-0.289746
-0.304742
-0.180286
0.244444
0.229193
-0.497132
-0.440729
-0.319670
-0.119892
-0.181633
-0.411170
0.513069
-0.122037
-0.505351
-0.555036
-0.396449
-0.422796
-0.328589
0.450556
-0.660694
0.045280
-0.180766
-0.795838
-0.411681
-0.446875
0.171821
0.025824
-0.257542
-0.039296
-0.563867
-0.477031
0.340275
0.488376
0.085413
-0.515068
0.579317
-0.117798
-0.164944
0.024746
0.779857
0.403457
-0.003212
-0.052969
-0.549011
0.265774
-0.218064
-0.068262
0.436608
0.320338
-0.030891
0.020456
0.394150
-0.398927
0.054806
-0.065464
0.042772
0.100851
-0.271546
0.132892
0.333091
0.354283
0.084334
0.044518
-0.423261
-0.001302
0.032597
-0.240153
-0.132756
0.205060
0.124445
-0.034643
-0.053404
-0.435214
-0.122352
0.417442
0.234106
0.124762
-0.285015
0.378103
-0.505616
-0.267606
-0.580485
-0.068721
-0.493224
0.193451
-0.315057
0.772091
-0.088359
-0.202681
-0.270540
-0.067601
-0.013053
0.368921
0.163219
-0.694700
-0.112207
0.067195
-0.654556
0.001030
-0.370498
-0.014268
0.763294
-0.089090
0.151136
-0.122498
0.072540
0.530948
0.647006
-0.067576
0.581746
0.338826
0.144730
0.220994
0.232993
-0.505996
0.493421
0.158115
0.144917
0.133937
0.622960
-0.034241
-0.694816
-0.081771
-0.034919
0.313502
0.408784
0.156220
-0.186398
0.293254
0.769826
-0.516427
-0.364013
-0.429975
-0.138085
0.083402
0.406775
0.016567
0.500558
-0.394383
-0.140282
0.379784
-0.668307
-0.489669
-0.827984
0.322459
0.021752
0.204192
-0.245730
0.323449
-0.001045
0.000121
0.291451
-0.428361
0.092054
0.029093
0.122031
0.135299
0.468856
0.562480
-0.646152
0.231347
0.547820
-0.598489
0.230289
-0.174654
0.302966
-0.101234
-0.222994
-0.250112
0.223056
-0.644084
-0.055567
-0.646869
-0.634774
-0.243605
0.278494
-0.442374
0.374481
-0.356632
0.575163
0.034593
0.123842
0.417267
-0.171415
-0.064400
0.520604
-0.122128
-0.200875
-0.498685
0.054531
0.215116
-0.281874
0.068411
0.457558
0.150930
0.179209
-0.227286
-0.107295
-0.616799
-0.071444
0.317006
0.098259
-0.537172
0.094937
0.111867
0.518641
-0.460350
0.039555
0.032388
-0.652981
-0.162195
0.629967
0.088603
0.377320
-0.412607
0.257005
0.732996
-0.435008
0.470523
0.119240
-0.233231
0.181322
0.077191
0.267267
0.787578
-0.513182
-0.295311
0.230620
0.282385
-0.334488
-0.176646
-0.054144
-0.288304
-0.452701
-0.334838
0.660440
-0.242760
-0.006529
-0.207467
0.088048
-0.141551
-0.084660
-0.289101
-0.283735
0.246770
0.144110
0.049344
0.127344
0.168847
-0.108521
-0.379271
-0.207188
0.081821
0.470108
0.123267
0.200239
-0.231547
-0.504650
-0.309141
0.178096
-0.405420
0.245904
-0.414944
0.212193
-0.899255
-0.327708
0.408043
-0.213844
0.012696
-0.319354
-0.417021
0.838180
0.016117
-0.486819
-0.306189
-0.028280
0.484908
0.478234
0.285596
0.208275
-0.761486
0.161610
0.294124
-0.222018
0.017407
0.069553
0.366919
-0.449834
-0.006235
-0.403569
0.383890
0.452289
-0.175687
-0.587271
0.372437
-0.136033
0.623893
0.463716
-0.490909
-0.548299
0.042731
0.328211
-0.225497
-0.021913
-0.362932
0.081487
0.290661
0.415915
-0.137348
0.125429
-0.137190
-0.031535
-0.089875
-0.099183
-0.491965
-0.058711
-0.252995
-0.327169
0.006773
0.465476
0.112926
-0.290838
0.426710
0.274994
0.211067
0.014963
-0.687075
0.748885
-0.282204
-0.032219
0.175738
0.005601
0.114626
-0.150379
-0.168009
0.049678
0.118272
0.130363
0.036715
0.098770
-0.171831
0.026652
-0.034607
-0.473218
-0.434318
0.151137
0.968040
0.007738
-0.053876
-0.220313
0.332952
-0.071499
0.002683
-0.070016
0.169496
-0.061452
0.305151
-0.062950
-0.313780
-0.378845
0.438738
0.054154
-0.115143
-0.115345
-0.393086
-0.046661
-0.565136
-0.744214
-0.721781
0.076514
0.390753
-0.293306
0.189163
-0.266774
-0.497135
-0.650077
0.423725
0.661737
-0.531307
-0.106106
-0.094212
-0.913239
-0.310410
-0.042931
0.536951
-0.398914
0.361840
-0.173328
0.093437
0.565158
0.074885
0.211776
0.807925
0.130484
0.653628
-0.098428
-0.720779
0.510700
0.171763
0.317985
0.438918
0.657818
-0.339731
0.416770
-0.543218
0.115139
0.004332
-0.003387
0.601545
-0.135185
-0.403063
-0.174150
0.612416
0.487555
-0.681850
0.527420
-0.020011
0.115202
0.084191
-0.055240
0.069830
0.501490
0.022265
0.435576
0.277193
-0.255997
-0.611894
0.619952
0.436468
0.283072
-0.408632
0.901985
-0.126666
0.881079
-0.634572
-0.222161
0.243834
-0.350290
0.713245
-0.381284
0.242027
0.591138
-0.128874
-0.447161
-0.142766
-0.341219
-0.239336
-0.084151
0.302538
0.047044
-0.533687
-0.078570
0.081840
-0.355781
0.473669
-0.264960
-0.038082
0.492559
0.836276
0.249073
0.575232
-0.153558
-0.362590
0.212875
-0.201691
0.118322
0.318405
-0.607098
0.233447
-0.083749
0.226376
0.522791
0.503154
0.056854
0.333433
-0.442775
-0.311773
-0.323986
-0.451285
-0.119431
0.155652
0.084636
0.235696
0.147915
-0.332529
-0.277395
0.469307
-0.670192
0.017422
-0.136742
0.121429
0.389266
0.360438
0.479574
-0.207450
-0.419601
0.042974
0.236674
-0.137108
0.162021
-0.237286
0.004941
0.197784
-0.110801
0.232523
0.251006
0.095899
0.073983
0.990911
0.179800
0.190540
0.087186
0.429672
0.113267
0.017779
0.211162
-0.506423
-0.109657
-0.554838
0.341538
0.354828
-0.351154
-0.485927
0.272359
0.108258
0.281181
1.236571
-0.350287
-0.525943
0.301535
-0.013853
0.272054
0.091556
-0.140091
0.498480
0.117644
-1.265812
0.208464
-0.688652
-0.081221
0.090798
0.284530
-0.730197
-0.772944
-0.116456
-0.053836
-0.001121
0.014959
-0.452009
0.198945
-0.082551
-0.080961
0.388641
-0.536986
-0.229820
-0.219903
0.333695
-0.054257
0.095662
0.098628
-0.270298
-0.490141
-0.021042
0.299848
0.309494
-0.298592
0.244054
-0.164551
-0.126571
-0.759991
0.596680
0.066815
0.619452
0.070530
0.334478
0.741404
0.102259
-0.021405
-0.594785
-0.106230
0.317372
0.207541
-0.199249
-0.090574
0.158050
-0.109293
-0.073885
-0.385136
-0.233194
0.201176
0.355940
-0.352885
-0.052170
0.361098
-0.030993
