-0.645569
0.345184
0.141007
-0.126712
-0.875112
0.000501
-0.244012
0.525172
-0.318702
0.211580
0.381414
0.499633
-0.480039
0.439167
-0.488016
-0.012285
-0.621067
0.846827
-0.353698
-0.088441
0.082976
0.626396
-0.164140
0.338455
0.158886
-0.211998
0.026232
0.682203
0.347504
-0.364160
-0.185263
-0.752607
0.244689
-0.515649
0.226630
-0.669085
-0.120265
-0.532950
0.113132
-0.380261
0.239884
0.034666
0.013915
0.566006
-0.346188
0.603405
-0.641289
-0.119331
-0.108190
-0.456236
0.401422
-0.133236
-0.452402
-0.196801
0.868797
-0.219731
-0.094765
0.226246
-1.028777
0.004155
-0.095275
0.197821
0.787415
-0.077888
0.123713
-0.353264
0.097154
-0.155357
-0.191764
-0.745907
0.206330
-0.105706
0.640627
0.050723
0.158133
0.929317
0.206404
0.179389
0.522508
-0.220050
0.893228
-0.315905
-0.700981
-0.087592
-0.185062
0.590831
-0.033592
0.414851
0.328831
0.189501
0.244791
-0.338204
-0.381371
0.767996
-0.326580
0.682386
0.254476
0.244757
0.563647
-0.049124
0.771201
-0.159163
0.254022
-0.350847
-0.214897
-0.323860
-0.211908
0.730063
-0.077471
-0.285460
0.165333
-0.283081
-0.055945
-0.757808
0.190409
-0.918574
0.794651
-0.077121
-0.016822
0.183708
0.350242
0.350087
-0.013424
-0.552663
-0.162819
0.270288
0.200853
-0.503262
-0.540416
-0.473381
0.287627
0.128267
-0.048224
-0.460205
-0.286123
0.266965
0.347549
-0.650395
-0.396076
-0.017826
-0.001723
0.048042
-0.206438
-0.460511
0.220473
0.454106
0.566502
0.119160
0.048155
-0.579132
-0.477727
-0.492834
0.426046
-0.021966
0.118275
-0.051737
-0.213019
-0.419134
0.030664
0.648443
0.003137
0.698520
0.500236
0.454089
0.013645
0.129182
0.093113
0.430056
0.210224
-0.120215
-0.619980
-0.311296
0.647922
0.188840
-0.038693
-0.128633
-0.106599
-0.089730
-0.430479
0.029665
0.301853
-0.313516
0.378722
0.178141
0.431753
-0.491590
0.411689
-0.790156
-0.365601
0.971915
0.433951
-0.013379
0.052141
0.179762
-0.960187
0.560249
0.326345
0.296221
-0.465435
-0.182250
0.195678
0.205049
0.754238
0.093929
0.372265
-0.042536
0.638233
0.501818
0.275647
-0.023335
0.450314
-0.311936
0.076637
-0.756250
0.430750
-0.169482
-0.287455
0.477600
-0.767123
-0.551854
-0.006927
0.389009
0.296484
-0.079179
0.508746
0.319812
-0.451487
0.242624
0.435208
-0.403139
0.279852
0.066080
0.349135
-0.474054
-0.585091
0.498436
0.212186
-0.157299
0.235036
-0.265560
-0.245806
0.423871
-0.027073
0.205707
-0.290501
0.115427
-0.270823
-0.944819
0.279484
0.085690
0.161823
0.548708
-0.491357
0.069362
-0.169602
-0.806925
0.464587
0.432878
0.050227
0.302467
-0.071375
0.038696
-0.103119
-0.047495
0.258633
0.063947
0.194456
-0.342484
0.388964
-0.150246
-0.437299
-0.729509
0.212154
-0.765381
-0.238462
-0.392357
0.363715
0.601226
-0.073822
0.258452
0.130097
0.117164
-0.062477
-0.004373
-0.091831
0.785278
-0.214254
0.368319
0.024099
0.553915
0.246681
0.701056
-0.846387
0.751000
0.751876
-0.691131
-0.390286
-0.054549
-0.099194
-0.288287
-0.368054
-0.195085
-0.074731
0.200139
-0.411703
-0.137868
0.380296
-0.049359
-0.390614
0.421861
-0.359552
-0.353317
0.281877
0.381669
0.076584
0.196717
0.128635
0.149828
0.403437
0.284512
-0.487044
0.547540
0.680251
0.062409
-0.405988
-0.165471
-0.432079
-0.677243
0.180904
-0.376509
0.071107
-0.021943
-0.704273
-0.016745
-0.556569
0.549508
0.011920
0.470525
-0.199345
0.126044
0.334301
-0.242648
-0.720079
0.048825
-0.420689
-0.694504
-0.050471
0.785293
0.014055
-0.661893
0.170201
-0.850956
0.170981
-0.232511
-0.343249
0.189188
0.934980
-0.273050
0.322488
0.593651
-0.531851
0.111569
-0.107668
0.340428
0.201869
0.310215
0.187680
-0.590564
0.078785
-0.427177
0.056845
-0.312890
0.004570
0.098352
0.230601
0.578639
0.078572
0.100561
-0.093368
-0.041541
0.463327
-0.243744
-0.708184
0.263743
-0.594766
0.268225
0.552820
-0.232567
-0.796886
0.069931
0.314774
0.298514
0.266856
0.486385
-0.433024
-0.335324
0.620017
-0.060967
0.233632
0.002937
-0.210136
-0.375168
0.045903
-0.014857
-0.719745
-0.462414
0.362668
-0.388887
-0.182086
-0.464028
-0.115443
0.233898
0.250009
-0.231490
0.491249
0.016569
-0.242220
-0.327827
0.386310
0.531220
0.312363
-0.922748
0.340285
-0.795001
0.005948
-0.496936
0.649805
-0.641886
-0.145180
-0.361849
-0.103317
-0.246467
0.247931
-0.473125
0.221171
0.070381
-0.308502
-0.253925
0.559746
-0.125047
0.644001
0.163975
0.007202
0.037202
-0.059232
-0.609631
-0.196378
-0.000006
0.034603
0.475046
0.175508
-0.695334
0.039510
0.747002
-0.295790
-0.379776
-0.652525
0.355049
-0.252368
-0.549933
0.584252
0.148791
-0.806657
-0.270287
0.300811
-1.014050
-0.699861
0.308189
-0.320282
0.063973
-0.576715
0.443061
-0.089207
-0.537092
-0.310867
-0.020636
0.199225
-0.124610
0.499270
-0.273491
-0.029672
0.446858
0.006690
-0.197376
0.123922
0.452367
-0.425697
-0.354604
0.093957
0.152534
0.250680
0.210562
0.508025
0.520872
-0.185289
0.258877
-0.307522
0.395028
0.718082
0.650014
-0.752117
0.321803
-0.032602
-0.885619
-0.186646
-0.242606
0.204428
0.188688
0.226396
0.224841
-0.506321
0.431292
0.475371
0.029022
0.200049
0.303401
-0.092858
-0.243754
-0.102518
0.053054
-0.245925
0.216879
0.280276
-0.063493
-0.609269
0.120617
-0.000518
0.611727
-0.409870
0.216409
-0.051932
-0.186727
0.765749
-0.099075
0.066889
0.431224
0.384561
0.291079
0.140621
0.030585
-0.183581
-0.296033
0.262869
0.169062
0.104325
0.765855
-0.408091
-0.259096
-0.439969
0.088970
-0.590216
0.575684
0.156482
-0.079619
-0.087427
-0.141279
-0.224664
-0.826027
-0.095631
-0.121098
0.534731
-0.000610
-0.151221
0.071107
0.237979
0.309059
0.220555
0.403270
0.024892
-0.104783
0.263435
0.279720
-0.040436
-0.072279
0.145571
0.048391
-0.441155
0.021857
-0.353868
-0.516071
0.229273
-0.752689
-0.091729
-0.454149
0.622655
-0.084638
-0.298699
-0.382495
0.207274
0.068537
0.209896
0.644256
0.073101
0.288448
0.965980
-0.459256
0.043627
0.348588
0.194351
-0.165885
-0.072918
-0.033247
0.529095
-0.292409
0.563497
0.193113
0.110390
-0.298837
0.164673
0.361702
0.114540
-0.268018
0.759817
0.613939
-0.302135
-0.143881
-0.313319
-0.029015
-0.123082
0.007926
-0.491123
0.729833
0.077012
-0.422005
0.017254
0.010053
0.087704
0.073423
-0.217105
-0.899324
0.285890
-0.228367
0.178418
-0.497505
-0.096513
-0.422595
-0.018140
-0.326226
-0.203935
-0.420121
-0.654212
0.679161
0.687615
-0.823895
0.500354
0.241203
0.550651
0.077571
-0.319064
0.501979
-0.264912
-0.298327
0.524394
-0.131375
0.314818
0.196395
-0.712526
-0.103474
0.057832
0.420452
0.141817
0.623817
-0.783741
-0.327314
0.193624
0.018556
-0.254659
0.195569
0.628270
0.000958
0.819071
0.120844
0.397757
0.416128
-0.776071
-0.300656
-0.562956
-0.258598
0.203728
-0.108296
0.057435
0.499659
0.520222
-0.118246
-0.290372
0.378676
0.582314
0.618867
-0.260371
0.290204
-0.077007
-0.122577
0.007181
-0.180722
0.050746
0.043112
-0.373126
0.426862
0.069633
0.287583
0.023397
0.167852
0.730030
0.014947
-0.216777
-0.502720
0.502468
-0.602077
0.220557
-0.541767
-0.302603
0.121012
0.322769
-0.394686
0.598435
0.177531
0.148222
0.802319
-0.145005
-0.271635
0.139997
-0.476031
0.069615
-0.125655
-0.831439
0.402582
-0.245224
-0.244087
-0.233133
0.442820
-0.278691
-0.228548
0.317988
0.538690
-0.739343
0.575711
-0.253395
0.354717
0.158722
0.102861
0.374177
0.316489
0.243251
-0.960733
-1.104860
-0.077649
-0.482344
-0.243949
-0.399519
-0.391741
-0.383353
-0.276632
-0.128559
0.167953
-0.289571
-0.120084
0.185015
-1.331642
0.149937
0.386341
0.237847
0.104863
-0.756692
0.086821
0.105833
-0.001453
-0.134803
-0.467687
0.507435
0.022646
-0.567010
-0.478606
0.121845
0.268110
-0.097491
0.024247
-0.769640
0.048711
-0.339638
-0.423084
-0.031034
0.160201
0.696929
-0.024178
0.469426
-0.600102
-0.236679
-0.199544
-0.128619
0.351353
-0.135180
-0.439505
0.708683
-0.051077
0.561179
-0.025461
-0.021730
-0.127000
-0.174587
0.512140
0.068357
0.054576
-0.080295
-0.715476
-0.457419
0.282633
0.728771
-0.489143
-0.067560
0.073927
-0.167190
0.100586
0.250192
0.170955
0.095805
0.261629
0.191383
-0.139180
0.383649
-0.048290
0.446904
0.063195
0.552305
0.073761
0.353326
-0.064202
-0.854892
-0.419671
-0.783404
0.974058
0.350217
0.494856
0.477544
-0.059661
0.573448
0.916015
0.298095
0.206688
-0.237930
0.277326
0.134394
0.336905
0.013019
-0.235922
-0.761295
0.570024
-0.470261
-0.239449
-0.265312
0.365183
-0.770847
0.176399
-0.635247
-0.056861
0.063571
-0.134182
-1.121966
-0.286670
-1.130351
-0.180132
0.697718
-0.183020
-0.156519
-0.440125
0.043136
-0.483134
0.030224
0.302785
-0.589714
-0.195972
0.523918
-0.102424
0.311953
-0.462644
-0.046720
-0.407204
-0.442844
0.327139
0.587764
0.113964
0.285697
0.106625
0.128773
0.191281
-0.168843
0.285015
-0.389918
0.068480
-0.060089
-0.660431
-0.274230
0.292053
-0.436463
0.379192
-0.835553
0.218606
0.317918
0.087112
0.607867
-0.493271
-0.505988
0.661885
-0.376293
-0.344470
-0.360017
0.008177
0.179129
0.166950
-0.426523
-0.053792
-0.038489
0.005704
-0.580107
0.866118
-0.345683
0.007036
0.053170
0.138901
0.217719
0.201407
0.170914
-0.177436
-0.261473
0.056937
-0.060098
-0.465623
-0.124658
-0.133184
-0.297379
0.176549
-0.098588
-0.372056
0.322208
-0.019079
0.084138
-0.279806
-0.228327
-0.108974
0.917573
-1.293143
0.074355
0.206865
-1.112096
-0.376130
0.234394
0.287786
-0.297993
-0.784079
-0.617910
-0.812429
0.308747
-0.289533
0.037273
-0.104448
-0.415879
-0.389427
-0.225072
-0.710729
0.841455
-0.280197
-0.167814
-0.308446
0.151749
0.032121
-0.003818
-0.539551
0.401670
-0.584395
-0.234605
-0.070379
0.136998
0.218265
-0.556128
-0.963513
0.866128
-0.153995
-0.469932
0.325870
-0.165482
-0.615888
0.540669
-0.911823
0.171284
0.276208
0.259890
-0.038327
-0.199853
-0.576484
-0.287662
0.163429
-0.144544
0.223332
-0.137459
-0.055647
-0.862974
0.280427
-0.597567
-0.123914
-0.584609
-0.038451
-0.217870
-0.014342
-0.329025
0.317079
0.388229
-0.403543
-0.085006
-0.759355
0.512660
-0.589381
0.539325
-0.749380
-0.423398
-0.513972
0.070752
0.435777
0.756751
-0.528001
0.413413
0.561640
0.456516
0.366646
-0.461062
-0.193988
0.135101
0.372133
-0.124179
-0.445036
-0.454199
0.720544
0.777945
-0.191172
0.064735
-0.148811
0.419825
-0.149912
-0.036768
0.586521
-0.314216
0.881355
-0.237971
0.986110
0.244658
0.250286
0.105585
-0.431613
0.444605
0.722494
-0.053839
-0.489305
-0.602412
0.348281
-0.420100
-0.567023
0.031027
-0.308499
0.027635
-0.667596
0.534662
0.190465
0.296736
-0.629841
-0.088924
0.551727
0.101203
-0.362130
0.317381
-0.057691
0.319748
-0.099212
-0.060275
-0.253050
1.204852
0.420810
0.157988
0.157979
-0.075718
0.188887
0.278137
0.499456
-0.167199
0.245018
-0.337338
0.537638
0.059619
1.031146
0.913264
0.010472
-0.290655
-0.484064
0.307669
0.056772
-0.343812
0.278979
0.676965
0.512998
-0.173838
-1.022777
-0.347909
0.378071
-0.018120
-0.334832
0.488351
0.140944
-0.306281
-0.130202
0.168774
-0.227447
0.600809
-0.292940
-0.377122
0.610184
0.165726
-0.028454
-0.191730
0.257522
0.751010
-0.475215
0.194638
0.063825
-0.239786
-0.186965
-0.063485
-0.237979
0.397510
0.416613
-0.760539
-0.051156
0.000065
0.865359
0.263367
-0.008089
-0.010247
0.302860
-0.703097
0.347880
0.320461
0.989160
-0.782657
0.097552
-0.697429
0.259922
-0.244425
0.457412
-0.497299
-0.192349
0.141538
0.049776
-0.129756
-0.458191
-0.673313
-0.356237
0.159029
-0.026152
0.128537
0.272750
-0.264193
0.607110
0.045544
0.230159
0.390239
0.370113
-0.395668
0.066804
0.208779
-0.070796
-0.233537
-0.119880
-0.074626
-0.012060
-0.281389
0.266835
0.326663
-0.189021
0.314480
0.479434
0.240194
-0.298533
-0.184017
0.730658
0.226761
0.479024
-0.432279
-0.585433
-0.289943
-0.023417
-0.415950
0.030596
0.529777
-0.004848
-0.214837
0.531773
-0.117764
-0.428122
-0.227884
0.622222
-0.460313
0.191329
-0.503906
0.349074
-0.190504
0.205118
-0.446377
0.358853
-0.376830
-0.029028
0.263514
-0.310324
-0.828999
-0.232179
-0.483548
-0.523666
0.167056
-0.692182
-0.105248
0.690384
-0.209577
0.384978
0.275012
0.209772
-0.615401
0.056294
0.420690
0.546106
-0.299829
-0.709533
0.649977
-0.253509
-0.556523
0.447095
0.085231
0.544085
0.201595
-0.121043
0.029668
-0.466988
0.349887
0.619879
-0.033486
-0.586772
0.686473
0.417384
-0.190773
0.457339
-0.199146
0.250954
-0.114207
-0.655976
-0.906202
-0.376423
-0.216539
-0.343895
0.269788
0.133187
0.896903
-0.234308
-0.195525
-0.352339
0.168253
0.655864
0.220769
0.040035
0.100505
0.248128
0.642789
0.159886
-0.116800
-0.324282
-0.383280
0.583258
-0.191063
0.058094
-0.277978
0.238780
-0.058148
0.196705
0.089576
0.145731
0.428374
0.154360
-0.299956
0.418570
-1.190613
-0.002947
0.124975
-0.567422
0.239578
0.114279
-0.215751
0.294147
-0.418081
-0.250389
-0.053772
0.093017
1.013801
-0.333716
0.387781
-0.093200
-0.170715
0.066172
0.058903
0.011555
-0.108424
-0.990506
0.174345
0.446014
-0.034401
0.141478
0.311908
0.252033
-0.503257
-0.083677
0.271324
0.195328
0.252820
0.232914
0.455964
1.129845
0.247914
0.007150
-0.017425
-0.451313
-0.156621
0.118330
0.651948
-0.023245
-0.798791
-0.092458
-0.161218
0.251955
-0.051669
-0.285067
-0.241723
0.447691
-0.131752
0.137761
-0.270583
0.127271
0.725010
0.428897
0.118275
0.041869
-0.605399
-0.583327
-0.085912
-0.285482
0.904704
-0.350928
-0.120285
-0.042458
-0.254392
0.488666
0.688801
-0.661901
-0.268288
-0.834986
-0.169364
-0.432081
-0.147158
0.146768
-0.446894
0.679026
-0.658768
0.240893
-0.510095
0.003145
-0.024446
-0.587879
-0.329655
0.345629
-0.336175
0.354291
0.012549
0.018984
-0.038055
0.182606
-0.283482
-0.712336
-0.480997
0.541025
0.228033
-0.047395
-0.011716
-0.268373
0.276352
0.458222
-0.321243
-0.205965
0.018512
-0.226495
-0.334851
0.018307
0.278440
0.178911
0.143234
0.633780
-0.010709
0.426804
0.450300
-0.179755
-0.074384
-0.089740
-0.263932
0.002277
0.650457
-0.270710
0.165244
-0.481024
0.104570
-0.067010
0.104123
-0.617921
-0.081992
0.537268
-0.869827
0.018472
-0.563731
-0.480399
-0.433466
-0.535783
0.156895
-0.946973
-0.716798
-0.806429
-0.156300
-0.895873
-0.602626
-0.669962
-0.179328
-1.144806
-0.375045
-0.735324
-0.488956
-0.577354
-0.485311
-0.075351
-0.751379
0.410868
0.373760
0.181623
0.124087
-0.032781
0.557897
1.192500
0.822669
0.815694
1.162416
0.825375
0.737196
0.416355
1.007811
0.926909
1.359612
1.235545
-0.075425
0.916851
1.779493
0.784984
0.597852
0.199805
0.300770
-0.003015
-0.198321
-0.333788
0.583670
-0.258884
-0.384212
-0.619779
-0.143976
-0.636097
-0.580509
-0.092589
-1.368005
0.210284
-0.588028
-0.872547
-0.159864
-0.962154
0.162735
-0.811374
-0.693523
-0.227400
0.168283
-0.148785
-0.084393
0.022212
0.072968
0.300263
-0.264446
0.171232
0.126661
0.517228
-0.104149
0.381546
-0.167611
0.295216
-0.124579
0.304841
0.537684
-0.539893
-0.238220
0.090303
-0.160133
0.064565
-0.125715
0.767963
0.231798
-0.044375
-0.244922
-0.267539
0.018356
-0.358652
0.188233
-0.016843
0.266619
0.018693
-0.162443
-0.029211
0.009004
-0.220232
0.134497
-1.112505
0.769123
0.246692
0.452720
0.208118
0.333166
0.136311
-0.018539
0.136764
0.217814
0.712470
0.317399
-0.751842
-0.523459
0.119227
0.583733
0.439706
-0.036729
0.243935
-0.007653
0.266858
0.007772
0.204161
-0.534798
-0.636634
0.242012
-0.126401
-0.468610
0.587161
0.094845
0.213172
0.130181
0.283232
0.588862
0.112933
-0.124229
0.882295
-0.212141
0.440480
-0.187583
0.539353
0.914152
1.064569
0.058588
-0.381831
0.905439
-0.048840
-0.151004
0.548794
-0.323739
0.011299
0.231026
1.019699
-0.688849
-1.094823
0.360034
1.118049
-0.337201
-0.219167
0.324578
-0.483906
-0.620201
0.304027
0.236223
-0.469186
0.280571
-0.097133
-0.025243
-0.557996
0.265255
0.285864
-0.229643
0.575533
0.103795
0.396898
-0.033681
0.348443
0.077522
-0.545037
0.027357
0.633593
-0.387117
-0.490489
0.020565
-0.155315
0.023894
-0.315041
-0.036487
-0.528002
0.151436
-0.528098
-0.389470
0.033758
-0.019967
-0.153270
0.397212
0.352692
-0.034395
-0.662353
-0.106307
-0.254269
-0.356451
0.415976
0.205206
0.271484
-0.332836
0.360611
0.166983
-0.195640
0.270221
-0.408495
-0.205836
0.692284
0.382045
0.283125
-0.650486
0.376708
-0.252447
0.147083
0.514090
-0.111248
0.027172
-0.300979
0.266940
-0.414885
0.195792
-0.058303
0.168384
0.194251
0.826882
0.365776
-0.247629
-0.456307
0.202932
-0.569043
-0.122320
0.612204
-0.275601
-0.086472
-0.381356
0.367073
0.626685
0.634456
0.400656
0.001039
-0.807750
-0.734822
0.071583
-0.087886
-0.112706
-0.113482
-0.338728
-0.179563
0.308641
-0.507702
-0.094796
0.628881
-0.188089
0.006416
0.109934
0.293158
-0.212982
-0.658035
0.088676
0.997596
-0.267127
0.187744
-0.284852
-0.119327
0.109180
0.728957
0.593703
0.356058
-0.483769
0.071571
-0.525684
0.024258
0.098910
0.569825
1.024269
0.441372
0.155388
-0.156410
0.419545
0.436010
0.586417
-0.115972
-0.504460
0.310317
0.180062
-0.155061
0.472480
-0.386292
0.785483
-0.133981
0.065038
-0.929667
0.032656
-0.630432
0.047096
0.507558
0.217720
0.148174
0.678370
0.182475
-0.267741
0.064680
0.778087
0.566385
-0.324148
-0.374630
0.283078
-0.242326
-0.664953
-0.432011
-0.241325
-0.357822
-0.333268
0.179493
-0.038717
-0.550050
-0.291639
-0.269387
-0.388294
0.112780
0.059520
-0.240811
-0.093363
0.852280
-0.070142
-0.320449
-0.320350
-0.355043
0.075745
0.113274
-0.441086
-0.172464
-0.359469
0.164050
-0.815494
0.106960
0.152400
0.625390
0.135659
-0.256310
-0.296701
0.488286
0.364334
-0.731546
-0.210450
0.407783
-0.369215
-0.528015
-0.271406
-0.091751
-0.519627
-0.132961
0.503762
-0.025499
0.136363
-0.108963
-0.036785
-0.005841
0.195220
0.323822
-0.633244
-0.246602
-0.326212
-0.126365
0.664089
0.418551
-0.172391
0.579670
-0.124524
0.537277
-0.040387
-0.099938
-0.085661
0.961640
-0.079233
-0.106031
0.107108
-0.133722
-0.865322
0.102428
-0.320809
-0.086535
-0.757356
-0.039714
0.037838
0.024125
-0.215204
0.373173
0.051552
0.159085
-0.116814
-0.348686
-0.567410
0.356091
-0.218213
-0.873180
-0.342439
-0.089768
-0.018188
-0.545015
-0.181401
-0.226800
-0.089689
-0.217436
0.313670
0.788146
0.397304
1.121938
0.204649
0.248406
-0.237926
-0.351251
0.123756
0.374263
-0.495388
0.538505
-0.491958
-0.138640
-0.169883
0.162099
0.363071
0.040190
0.195444
0.203142
-0.351137
0.491301
0.277297
-0.164445
0.321514
-0.144114
0.121459
-0.434129
-0.263330
0.402464
-0.340890
0.115793
0.351744
-0.253407
0.747577
-0.002566
0.332108
-0.492263
0.023506
-0.538858
-0.506397
-0.092642
-0.693125
-0.049429
-0.192650
0.356760
-0.778138
0.121094
0.127452
0.436533
-0.729482
-0.359390
0.112976
0.587134
-0.021068
0.568773
-1.074984
-0.214352
0.060670
-0.217517
0.189810
-0.514607
0.148587
0.311043
1.081417
0.554254
-0.287920
0.613571
-0.068856
-0.281341
0.522341
0.005360
-0.185142
-0.224955
-0.304749
-0.030283
0.034778
-0.058340
0.012333
0.208875
-0.095856
0.104252
0.273588
-0.088089
-0.511562
0.357995
0.114126
0.529477
0.346612
-0.361729
-0.326335
-0.569612
0.027018
-0.557623
0.344818
-0.005458
0.245594
0.213320
0.969505
0.323357
-0.159897
0.493982
-0.075556
0.286002
-0.464550
-0.025107
-0.013848
0.158273
-0.137835
-0.564763
-0.619573
-0.091535
0.123972
-0.373500
0.198230
0.435971
0.338339
-0.467926
-0.077288
-0.145515
-0.136959
-0.685875
-0.465653
-0.918634
-0.259568
0.311356
0.145591
0.133774
0.306020
0.151154
-0.039680
-0.462766
-0.358112
0.293355
-0.716704
-0.169734
-0.038682
0.507194
-0.396650
-0.455185
-0.007775
-0.295517
0.064684
0.171300
-0.207377
0.256877
0.218235
0.390173
0.110878
0.181032
0.383380
0.746470
0.077902
0.162135
-0.550605
-0.640471
-0.502576
0.275460
-0.200068
-0.165502
-0.521658
0.252991
0.232865
-0.097058
0.169604
0.151249
-0.034277
0.492603
0.308970
-0.663681
0.060470
-0.673239
-0.012667
0.224819
0.327314
0.031628
-0.235876
-0.841348
-0.149625
0.198479
0.458469
0.390672
-0.156304
-0.575921
0.288308
0.166632
-0.020212
-0.347512
0.529812
0.290843
-0.070064
-0.295251
0.137482
0.905038
0.485547
-0.051208
0.123714
0.330235
0.195414
-0.503290
-0.111784
0.003335
-0.389881
0.117690
0.184056
-0.791185
-0.501084
-0.210178
0.176357
0.894907
-0.178873
0.492726
0.247243
-0.261147
0.040069
0.286809
0.351606
0.022711
0.171597
0.078314
0.550297
0.451920
0.020246
-0.168584
-0.939086
0.287638
-0.000489
0.318010
-0.308464
0.271224
-0.416725
-0.038868
0.044503
-0.210695
0.283352
0.024363
0.528796
-0.544527
0.125242
0.392518
-0.593449
-0.453843
-0.054351
0.250827
0.272659
0.074678
0.473474
0.397447
-0.236191
-0.014725
-0.221712
-0.027715
-0.273766
-0.099212
-0.236967
-0.219283
0.100720
0.416910
-0.268961
-0.616474
-0.307554
-0.381742
-0.408093
0.194435
0.626214
-0.538177
-0.146423
-0.153036
-0.184314
0.577867
-1.112411
-0.318883
0.736066
-0.296353
-0.585079
0.388342
0.226191
-0.116527
-0.011198
-0.329521
-0.014097
-0.783620
-0.760060
-0.219091
-0.751129
0.354752
0.627519
0.403416
0.328778
0.025849
-0.376102
0.186314
-0.139567
-0.043507
-0.478876
-0.362662
0.101782
0.159489
-0.152356
-0.065073
-0.931806
-0.088026
-0.170198
-0.646897
0.043644
0.863046
0.316134
0.531047
-0.059475
0.407780
-0.135954
-0.489923
0.100342
0.072954
-0.183269
0.325299
0.188494
0.112118
0.457822
0.140970
0.789404
0.003109
0.211295
0.597283
0.022365
0.097622
0.400334
0.122423
0.220093
-0.346083
0.548009
-0.307615
-0.266102
-0.189618
-0.490183
0.437845
-0.051883
0.127067
-0.098996
0.266106
0.560518
0.182770
-0.517863
0.421473
-0.121377
-0.224206
0.421892
-0.240572
-0.041753
-0.091366
-0.101251
-0.090060
-0.007219
0.459711
-0.643048
-0.095215
-0.157427
0.046584
-0.004718
0.625628
-0.063517
-0.127653
-0.667875
-0.550647
-0.249094
-0.966698
0.648645
-0.477475
0.006587
-0.202455
0.050787
-0.233412
0.484249
-0.725665
-0.312433
0.414563
0.255734
0.226827
-0.228296
-0.717913
0.510541
0.654396
-0.233589
0.336286
-0.063162
0.174786
-0.468381
-0.336614
0.785937
-0.380995
0.139758
-0.115024
-0.803614
-0.426118
0.145441
0.229998
-0.314549
0.138931
-0.742996
-0.798109
-0.312558
0.387040
0.235786
-0.266676
-0.289747
-0.269228
0.256465
0.169749
-0.111490
-0.089435
-0.525527
-0.001616
-0.002045
0.403773
-0.051910
-0.182932
-0.382097
0.449785
0.180958
0.183139
0.101614
0.020543
0.063515
-0.168986
0.140337
-0.153334
-0.682903
0.474819
0.624378
-0.012603
-0.433233
-0.985444
-0.310291
0.087676
0.071034
-0.812462
0.053253
-0.358705
-0.141968
0.164487
-0.419714
0.012465
0.662257
0.410428
0.277037
0.381012
-0.159097
0.458316
0.438634
-0.581580
-0.131656
-0.098808
0.291645
0.165256
0.221806
0.387417
0.540611
0.157306
-0.179075
0.233934
0.220953
-0.481309
-0.802751
0.330471
-0.016655
-0.065993
0.314161
0.186259
-0.077777
-0.304589
-0.282563
-0.676241
0.121468
-0.047239
0.300330
-0.557922
-0.071215
0.010445
-0.032838
-0.029575
0.733715
-0.143754
-0.292815
-0.265141
0.176071
-0.081410
0.281369
-0.060661
-0.067163
0.488827
-0.394930
0.221606
0.188691
0.071028
-0.295475
-0.148072
-0.063345
-0.056292
-0.264854
0.728713
-0.028048
0.057699
0.112052
0.007422
0.054805
-0.523110
0.234639
0.827452
0.624023
-0.092487
-0.492143
-1.395831
0.803784
-0.037213
0.299399
0.212258
-0.066247
0.277933
0.185498
-0.569135
-0.308790
0.124698
0.184960
-0.092337
0.962043
-0.203552
0.033169
0.132542
0.426155
0.612102
0.472729
0.560872
0.081880
0.200760
0.045418
-0.308453
0.068746
-0.647173
0.063903
0.692433
-0.036875
-0.279945
-0.317466
0.282389
-0.272592
-0.409907
-0.073817
0.193214
0.018641
0.115607
-0.108985
0.210421
0.286618
-0.149957
-0.287955
0.364927
0.218192
-0.340320
0.068940
-0.115331
0.165283
-0.599044
-0.556057
-0.206429
-0.646329
-0.085119
-0.003579
-0.716912
0.060737
-0.170130
1.452440
0.396970
-0.060695
0.185663
1.073249
0.340389
-0.210404
0.436936
0.436753
-0.462465
-0.218021
-0.134978
0.265739
0.333340
0.721618
0.184530
-0.050482
0.019939
0.150324
-0.292150
0.007691
0.017817
0.178516
0.382422
-0.109897
0.727622
0.659594
0.357204
-0.316293
-0.008429
0.605447
0.204547
-0.465148
0.083529
-0.347427
0.584817
-0.747677
-0.675597
0.157076
0.148419
-0.570796
0.830564
-0.282714
-1.119646
-0.029543
-0.121688
0.453342
0.042878
-0.093694
-0.067402
0.262555
0.585176
0.868297
0.257878
-0.415642
-0.665777
0.269991
0.335310
-0.416234
-0.393808
0.662261
-0.072925
-0.231104
0.608450
-0.028494
0.089986
-0.105540
0.224849
0.423898
0.143917
-0.376669
-0.711063
0.714621
-0.180900
0.139491
0.432217
-0.470438
-0.175790
0.051196
0.578834
0.274946
0.080759
0.064629
0.459653
-0.844803
0.199918
0.064340
0.049478
-0.124591
-0.076695
0.218072
0.302891
-0.066387
-0.252265
-0.041692
0.189508
-0.046259
0.465940
-0.744464
-0.291803
-0.557412
-0.688189
0.794575
-0.932965
-0.272509
0.723641
-0.155979
0.688010
0.144805
0.045738
0.305968
0.497091
0.159789
-0.320516
-0.359513
-0.605588
0.141904
0.063739
0.506440
0.525545
-0.051576
0.229039
0.497730
0.400489
0.506369
0.050279
-0.357538
0.053966
0.430458
-0.388969
0.022919
-0.373429
-0.163910
-0.461125
-0.046463
-0.212394
-0.000675
0.038966
-0.625197
-0.004694
0.056178
0.286877
-0.195095
0.674162
0.034019
0.163961
-0.813948
-0.154858
0.010619
0.321096
-0.279593
0.118971
-0.326915
-0.208520
-0.537828
-0.253316
-0.171625
-0.184186
0.234438
0.714148
0.087674
-0.250301
0.234566
0.205138
-0.319483
-0.196090
0.045585
0.398675
-0.126813
-0.477906
0.202190
-0.382441
0.659333
0.049816
0.389005
-0.066900
0.510741
-0.026600
-0.154514
0.620228
0.518162
0.075656
0.346900
0.229342
0.265588
1.152827
-0.523965
-0.016959
-0.024035
-0.039030
-0.233948
-0.627513
-0.505220
0.075085
0.568697
-0.014896
0.182620
0.094211
-0.535427
-0.118367
-0.271868
0.435532
-0.208862
-0.163733
-0.042445
-0.590653
-0.739227
-0.674377
-0.020498
-0.182061
0.498923
-0.101824
0.110757
-0.391095
0.099808
-0.038923
-0.691537
0.762279
0.954182
-0.422791
0.385374
-0.113042
-0.206750
-0.289591
0.491236
-0.252688
-0.154328
0.445356
-0.263999
-0.233644
0.270113
-0.657335
-0.241603
-0.220102
0.093485
-0.455252
0.579222
0.196503
0.308711
-0.488240
-0.164479
-0.132048
0.413024
0.434702
0.136530
0.914979
-0.155075
-0.288413
-0.128109
-1.101389
-0.040103
0.557198
-0.398990
0.003961
0.285677
0.119069
-0.462308
0.309824
-1.160212
0.164502
0.562979
0.081523
0.071643
0.345712
-0.585653
0.090298
-0.697111
0.001791
-0.572450
0.279564
-0.141443
-0.391687
-0.265007
-0.225999
0.164166
-0.874733
-0.163268
0.114795
-0.919065
0.759173
-0.107505
0.000011
1.145246
-0.039960
0.335179
0.363529
-0.618146
0.660113
-0.151767
0.086047
0.268006
-0.445916
0.477328
0.225183
-0.359319
0.287119
0.155928
-0.590308
0.126326
0.413344
0.361385
0.030822
0.298124
-0.075520
-0.304644
-0.544774
0.248420
-0.277876
-0.793185
-0.327519
0.061292
-0.394497
0.498426
0.891033
-0.929921
-0.326945
-0.643862
0.383219
0.347193
0.478761
0.984390
-0.207140
0.129632
0.204781
-0.215180
-0.111584
-0.310052
0.085785
-0.587875
-0.287363
0.219057
-0.574033
0.420444
-0.287836
0.123372
0.000146
-0.168471
-0.410360
0.381834
0.306353
0.501249
0.121800
-0.017231
0.225625
-0.120485
-0.195033
0.290232
0.198990
-0.002239
0.714375
-0.010528
-0.854150
1.093840
-0.242932
-0.050795
0.270505
0.322426
-0.339723
0.008956
0.339383
0.450253
-0.047247
1.237411
0.062007
-0.211937
0.466276
0.252510
-0.130669
-0.036918
-0.534200
0.631216
-0.830673
0.131188
-0.247875
0.424842
-0.082438
0.540506
-0.328025
0.058107
0.333177
-1.039163
-0.025478
-0.829801
-0.108351
-0.251945
-0.055232
0.016537
-0.128334
-0.508834
0.033673
-0.267345
0.000391
0.477410
-0.355968
-0.124833
-0.021571
0.054440
-0.251770
-0.320970
-0.086792
1.040876
-0.231876
0.156707
-0.267887
0.010218
-0.198627
0.901658
-0.570067
0.007361
0.317170
-0.088769
0.321226
0.483164
-0.364150
-0.037175
-0.368150
-0.496148
0.042565
-0.150803
0.065004
-0.435693
-0.069247
-1.048048
0.433617
0.804831
1.111960
-0.528418
-0.532167
-0.021830
0.242019
0.007066
-0.130493
0.024003
-0.547905
-0.432206
0.059624
-0.361806
-0.092275
-0.008766
0.065325
-0.359538
0.607078
-0.183947
0.826388
-0.125382
-0.082872
0.555155
-0.252073
0.072018
-0.368338
-0.061716
0.205488
0.031746
-0.039770
-0.189357
0.607970
0.426927
-0.765536
-0.715008
0.141337
-0.215704
-0.372603
0.658831
-0.196419
0.306520
0.767726
0.752319
-0.240898
-0.144527
-0.255515
-0.146968
-0.542657
0.583773
0.455032
0.116801
-0.374866
-0.967651
-0.127241
0.207684
-0.400174
0.578288
0.227906
-0.203961
0.255734
-0.070504
0.454648
0.022948
-0.124899
0.606578
0.649410
-0.386749
-0.567774
-0.293802
0.411902
0.001702
-0.815118
0.220244
0.619382
0.124496
0.336899
-0.542467
0.259089
0.161681
0.654606
-0.594938
-0.073755
0.433333
-0.209144
0.362359
0.077864
0.296471
-0.286624
-0.565545
-0.276210
0.063224
0.272729
-0.810223
-0.036043
-0.076504
0.455780
0.560177
0.111765
-0.510975
-0.269404
0.114494
-0.062136
0.445521
-0.564464
0.013111
0.127701
-0.868961
0.241666
0.309501
-0.252916
-0.350454
-0.094008
-0.433474
0.012193
-0.316946
-0.508483
0.002323
0.623698
-0.094201
-0.438293
0.279700
-0.266799
-0.702930
0.075821
-0.031287
-0.145181
0.261681
-0.809116
-0.012962
-0.675925
-0.503266
-0.289282
0.194829
0.447863
-0.104727
0.355595
-0.087694
0.926607
0.429064
-0.006062
-0.606451
-0.482641
-0.019845
0.611497
-0.212042
-0.499640
0.501429
-0.104848
0.140463
0.024816
-0.094097
0.266611
-0.327582
-0.286231
-0.038643
-0.112097
-0.895870
-0.213344
-0.103433
0.242902
0.235927
-0.541039
0.604220
0.292145
-0.119006
-0.149130
-0.392777
-0.035206
0.313383
-0.793461
0.071033
0.647984
0.411882
-0.247884
-0.159396
-0.007131
-0.229755
0.247938
-0.350274
-0.048802
-0.480037
0.507927
-0.381729
0.270762
-0.131227
-0.014928
-0.122490
0.576995
0.423847
0.148955
0.441682
0.180213
-0.298418
0.140830
-0.295235
-0.353053
-0.092728
0.440477
-0.496531
0.190357
0.226871
0.281656
0.324533
0.488106
0.499315
0.615996
-0.249176
-0.757336
0.468425
0.261789
-0.376778
0.442556
0.147085
-0.075594
-0.206390
-0.381895
-0.642553
-0.025931
-0.764666
-0.232642
-0.591837
0.064131
-0.198929
0.113838
-0.210991
-0.571309
-0.191531
0.399616
0.334438
0.207636
0.669856
0.718218
0.474034
0.138211
-0.177281
-0.392121
-0.550921
0.017099
-0.931204
0.212773
0.460900
-0.370975
0.292143
0.239247
-1.071409
0.243908
0.419222
-0.209732
-0.477915
0.257726
-0.489735
-0.562482
-0.655852
-0.131353
-0.388011
-0.045794
0.513709
-0.074704
-0.028170
0.776163
0.099017
0.727014
-0.046253
-0.794092
-0.369370
-0.100280
-0.414707
-0.227296
-0.499496
-0.305882
0.066357
-0.155470
0.100792
-0.173716
0.544899
0.183068
0.024386
0.087510
-0.312407
0.289186
0.276998
-0.662038
0.111136
-0.040052
0.233446
0.155855
-0.373930
0.463958
0.541135
-0.065629
-0.071670
0.515941
-0.046988
0.513219
-0.006994
-0.715012
0.437849
-0.498033
-0.254611
0.856785
-0.002726
-0.381479
-1.131892
-0.575841
-0.019900
-0.149381
-0.029851
0.169783
0.295428
0.211085
0.226584
0.202110
-0.271081
0.579903
-0.491129
0.187085
0.504499
0.213520
-0.016479
0.012935
-0.224103
0.475752
-0.286451
0.180303
-0.917615
-0.121229
-0.336366
-0.056680
-0.621798
0.539120
0.736173
0.227093
-0.786291
-0.466697
-0.043139
0.327755
0.580273
-0.189871
-0.080189
0.217274
-0.095652
-0.016034
-0.692930
0.097761
0.283421
-0.080951
-0.003865
0.220308
-0.267083
0.284892
-0.102157
-0.333959
0.113724
-0.087752
-0.288044
0.032647
-0.039180
0.334733
-0.356444
0.034906
0.525219
-0.301509
-0.363369
-0.335652
0.802764
0.157994
-0.168088
-1.078594
-0.390564
-0.252718
0.051249
0.036492
-0.600760
0.159767
0.672398
0.394115
-0.401699
0.052510
-0.367147
0.456935
0.027512
-0.099671
-1.203243
0.072998
0.409924
-0.212264
0.432213
0.265691
0.009791
-0.241639
0.189059
-0.545563
0.581863
-0.752930
0.235555
-0.525744
-0.005211
-0.326808
0.068401
0.072862
0.243057
-0.110993
-0.350185
-0.411274
0.146381
0.511986
-0.376180
0.122837
-0.711701
-0.028763
0.337246
0.348005
0.218590
-0.012754
-0.256460
-0.178279
0.360217
-0.039651
0.436134
-0.159448
0.127537
0.205240
0.072925
0.216664
-0.153916
-0.713778
-0.492324
-0.697851
-0.297976
0.226854
0.146224
-0.393940
-0.143701
0.150893
-0.470018
0.571673
0.106290
-0.937851
-0.302051
0.346763
-0.571883
0.890223
-0.072494
0.601968
0.404733
-0.228278
-0.289048
0.003493
0.270479
0.314589
0.194170
-0.121786
0.489832
0.387905
-0.232000
0.286072
-0.016072
0.587752
0.873664
0.225832
0.347082
0.204539
0.140306
-0.848224
-0.348960
-0.357496
-0.507537
-0.078579
0.067571
-0.054920
0.053610
0.584788
0.295560
-0.263695
0.406305
0.050936
0.467652
0.484773
0.448006
0.472620
0.050494
-0.064895
0.313557
-0.414456
-0.162125
0.205165
0.071277
0.279064
0.238390
-0.075660
-0.197125
0.218414
-0.249386
-0.665063
0.289000
0.071577
0.146586
-0.118774
0.441167
-0.558506
0.236866
-0.592894
0.360669
-0.197860
0.108871
-0.580086
-0.271861
0.524228
-0.643527
-0.725767
-0.057526
0.241979
0.127200
-0.372494
0.114229
-0.140470
-0.058024
-0.035267
-0.229116
-0.159427
-0.597874
0.207688
0.467308
0.711038
0.208853
-0.002042
0.185457
0.178810
-0.143024
0.384931
-0.039238
0.348513
-0.433919
-0.524161
0.101922
-0.005695
0.845073
-0.175080
0.725618
0.189605
1.015712
-0.043794
0.069646
0.406080
-0.489037
-0.423750
-0.361647
0.756785
-0.223345
0.479020
0.196786
-0.321736
-0.050328
-0.052513
0.187500
0.274415
0.384503
-0.230937
-0.375173
-0.001789
0.725529
-0.445160
-0.071872
-0.319745
-0.326116
-0.221280
0.191131
0.465326
-0.122887
-0.511954
-0.213584
0.040194
-1.071880
-0.187678
0.129435
0.168359
-0.248875
0.286661
0.355941
-0.188825
0.174001
-0.404143
-0.147645
0.099791
-0.729983
0.092868
0.490645
-0.653060
0.276586
0.000514
0.293112
-0.213622
0.259541
0.254919
0.595902
0.202114
0.078044
-0.226798
-1.436831
-0.071020
0.543719
-0.742565
0.079010
0.047373
0.158925
-0.585592
-0.000284
0.428583
-0.183872
-0.051697
-0.008903
0.363609
-0.177672
-0.676267
-0.699075
0.257268
-0.168332
0.748005
-0.340071
0.001887
-0.277864
0.403997
0.938940
-0.067582
0.660532
-0.410919
0.240938
-0.075697
0.242210
-0.180239
0.460432
-0.365579
0.438947
0.441177
-0.670793
0.472173
0.804812
0.184486
-0.014380
0.462867
0.479986
0.833135
-0.004257
-0.488663
-0.338253
0.221447
0.006592
0.455490
0.065082
-0.056054
-0.090239
0.252736
0.137386
-0.299013
-0.202692
-0.025534
-0.031910
-0.035560
-0.470707
0.107986
0.634296
0.597641
-0.047783
-0.376282
0.548217
0.342306
0.054304
0.681296
-0.355610
-0.521752
-0.627517
0.054435
-0.035966
-0.263939
-0.036309
0.308724
-0.492424
0.593704
-0.355463
-0.161534
-0.421346
-0.074321
-0.068372
0.632113
-0.503759
0.840164
-0.043803
-0.275543
0.389749
0.011798
-0.431606
-0.457727
-0.217889
-0.287864
0.256194
-0.911389
0.305650
0.317282
-0.068844
-0.693192
-0.338767
-0.418223
0.353327
-0.771134
-0.290348
-0.210087
0.083458
0.382332
0.023839
-0.162795
0.416294
0.423084
-0.272444
0.298410
-0.052842
-0.326231
-0.003336
0.483342
-0.531824
-0.362328
-0.180109
0.793271
-0.046803
-0.312014
0.371672
0.403176
0.024249
-0.114115
0.375563
-0.050260
-0.458605
-0.212385
-0.062013
-0.498591
0.034220
-0.081425
-0.479034
-0.182348
1.097362
0.032268
-0.199746
-0.457642
0.129444
-0.010853
0.198770
0.342078
0.257381
0.198370
-0.098114
-0.650283
-0.209668
-1.028198
-0.363218
-0.050445
-0.523329
-0.366058
-0.533315
0.200068
0.646928
-0.062423
0.442309
-0.325843
-0.322750
-0.154062
-0.803779
-0.270186
-0.424022
0.459071
0.119446
-0.184762
0.476750
-0.055846
0.697096
-0.404492
0.676158
-0.101086
-0.458378
0.301061
0.053710
-0.174750
-0.238428
-0.389637
0.515444
0.579549
0.757138
-0.155222
0.471789
0.086254
0.517704
0.005981
0.805336
0.111656
-0.224062
-0.419392
-0.115430
-0.977042
-0.274959
0.222850
-0.070359
-0.796736
-1.042621
1.149390
0.065293
0.075033
0.454480
0.961990
0.211821
1.081888
0.086579
-0.094542
-0.761505
-0.132781
0.751229
0.288220
0.011630
-0.781436
0.209380
0.492857
0.035579
-0.124485
-0.003064
0.660686
0.100776
0.318190
-0.485684
0.202104
0.008412
0.035486
-0.743339
0.372557
-0.094982
-0.015216
0.437826
-0.401036
-0.196709
-0.093625
0.106993
0.117056
-0.310229
0.576217
0.215620
-0.017793
0.195531
0.156754
0.067131
0.220740
0.654308
0.665928
0.166410
-0.013269
0.083588
-0.185980
-0.337685
-0.270524
0.331672
0.041676
0.062354
0.082376
-0.131123
0.483255
0.056742
0.199628
0.029690
-0.315484
-0.087977
0.673695
0.113342
-0.455624
0.386241
0.444093
0.318842
-0.407442
-0.190670
-0.639172
-0.299362
0.115195
0.820761
0.770660
-0.529946
0.106458
-0.556973
-0.760731
0.278550
-0.575560
0.235210
-0.537441
-0.128712
-0.365581
0.068472
0.184330
-0.310050
0.505075
0.700475
-0.028509
-0.704092
-0.546714
-0.151549
-0.504416
0.141190
-0.015119
0.439508
-0.605275
0.725051
0.540020
0.542019
-0.259830
-0.217566
0.283030
-0.211912
0.062686
0.805083
0.428094
0.518003
-0.493906
-0.262822
-0.040148
-0.510203
0.103379
0.662156
0.503398
-0.257989
-0.163412
0.256660
0.189214
0.134057
-0.081527
1.050414
0.033489
0.481921
0.194693
0.260580
0.238358
-0.202117
0.046712
0.631150
-0.576164
-0.151907
-1.031066
0.584946
-0.670470
-0.512413
-0.456854
0.146446
-0.154187
0.622757
-0.341081
1.252387
0.089950
0.707189
0.397316
0.465952
0.421869
0.412593
0.500988
0.488623
0.385081
-0.038888
-0.501192
0.360178
0.268998
0.216584
0.035115
0.837847
0.547355
0.485655
0.100052
0.238866
0.190852
0.594419
-0.076928
0.268517
-0.588211
-1.079978
0.028201
0.154670
0.045450
-0.167732
-0.400408
0.024105
-0.617927
-0.264792
-0.892921
0.005334
-0.645218
-0.354821
-0.445885
-0.037344
0.095073
0.110192
-0.118146
0.137667
-0.475215
-0.880202
-0.375392
-0.422179
0.106586
-0.665968
0.367796
-0.261231
-0.144216
-0.581360
-0.172229
0.086925
0.664132
0.001976
-0.315356
-0.138799
-0.109955
-0.235984
0.215954
-0.017076
0.020255
0.494687
0.155073
0.358205
0.341474
-0.241849
-0.213412
0.014225
-0.284597
0.062236
0.208295
0.617285
0.428372
0.364986
1.211995
-0.171582
0.430137
-0.263566
-0.169101
-0.496268
0.254256
0.000762
-0.696222
0.206442
-0.342042
0.146896
0.643195
-0.252073
-0.106981
0.145804
-0.488208
-0.079973
-0.642381
0.286747
-0.023738
-0.289691
0.360890
0.488284
0.306201
0.168768
-0.294657
0.500888
-0.436557
-0.395711
-0.151056
-0.046345
0.068198
0.472176
0.085767
-0.229288
0.000448
-0.393911
-0.207522
0.118254
0.976846
0.761583
-0.505520
-0.005442
-0.160851
-0.487194
0.384559
0.035899
0.458072
-0.298805
-0.146476
0.140221
0.375850
-0.596079
-0.280503
0.670158
-0.132392
0.725733
-0.044135
-0.074533
-0.060852
0.510229
-0.514815
-0.418793
0.891339
-0.354805
0.180908
0.108042
-0.413632
-0.383405
1.075413
0.391467
-0.507014
0.146011
-0.158796
-0.003580
-0.134863
0.052109
-0.138026
1.070777
0.404807
0.349490
0.398485
0.823313
0.638180
0.236602
-0.490793
-0.287392
-0.227107
-0.066187
-0.540434
-0.288784
-0.265067
-0.567685
0.768090
-0.040246
0.219808
0.421875
-0.456158
0.181311
-0.465269
0.204586
0.349134
0.871077
0.425259
0.610015
0.428470
-0.187516
-0.855843
-0.240116
0.640467
0.108254
-0.054682
-0.753972
-0.840936
0.401406
0.505933
-0.402933
-0.758159
-0.380422
-0.535875
0.276932
0.381851
0.046600
-0.140547
-0.326928
-0.040706
0.797526
0.143044
0.499152
1.032300
0.114779
0.049667
0.047440
0.037288
0.575029
-0.296855
0.477908
0.138811
0.839560
0.163648
-0.112748
-0.517775
-0.793778
-0.096306
-0.522646
0.362231
0.092817
0.261546
0.381236
-0.089079
-0.285789
-0.451641
0.175319
0.357434
-0.065382
-0.493493
-0.237978
0.440895
-0.109628
-0.100072
-0.198270
0.527331
-0.287405
0.078653
-0.195173
-0.172817
0.026683
0.140941
0.594151
-0.687337
0.196573
-0.566702
-0.038489
-0.218092
-0.651196
0.239695
-0.409136
0.471019
-0.299178
0.023853
0.269507
-0.503296
-0.365903
-0.304525
0.447125
0.840171
-0.005452
-0.053869
0.173860
-0.423778
-0.739097
-0.819620
-0.751737
0.419021
0.404849
0.130101
-0.057599
-0.677139
-0.056865
0.097272
0.495452
0.187711
0.085374
0.087089
0.027925
0.591628
0.092894
0.250448
-0.134814
-0.196071
-0.557054
-0.424294
-0.362899
-0.332211
0.280875
0.264000
-0.057393
0.796790
-0.134892
0.440603
0.755694
-0.337459
-0.161633
-0.388959
0.205757
-0.075280
0.569375
0.547870
0.451833
0.621616
0.455120
-0.494647
-0.022189
-0.134490
0.030671
-0.502833
-0.059257
0.037814
0.390160
0.124694
-0.279054
-0.815292
-0.246079
0.381023
-0.602351
0.285493
