0.514913
0.068094
0.111737
-0.225922
-0.281276
-0.237577
-0.199869
0.090572
0.448880
-0.318991
-0.852265
0.111646
-0.084426
0.461893
0.735817
-0.356136
0.295699
0.261530
0.570412
-0.791421
0.115028
0.536999
0.092215
-0.007846
0.615581
0.370263
-0.076405
0.241769
0.674017
-0.078474
-0.148024
0.611817
-0.311625
-0.127881
0.171365
-0.952582
0.312674
0.098747
0.021166
0.579351
0.402843
0.272005
-0.033413
-0.211628
-0.331805
-0.060517
0.608719
-0.497951
-0.436056
0.494039
0.255898
-0.556381
0.563540
-0.281257
-0.200765
0.208073
-0.417088
0.023916
0.886569
-0.477342
0.526177
0.330950
-0.020566
0.094863
-0.602592
-0.059993
0.296105
0.068957
0.269698
0.580598
-0.651157
-0.093914
-0.113073
-0.659943
0.214782
-0.307243
0.353861
-0.344109
0.064063
-0.399194
0.167551
-0.061712
0.645544
0.072307
0.055376
-0.918765
-0.387607
0.017366
-0.134517
-0.439526
0.006268
0.458926
0.135598
0.136124
0.159410
-0.055008
0.060882
-0.334473
-1.091227
-0.671965
0.115471
0.002964
0.139524
0.522291
0.237930
-0.374836
0.566732
0.900305
-0.259378
0.548721
0.286398
-0.838227
-0.312648
0.452473
0.823432
0.005996
-0.182354
0.559054
-0.312069
-0.049445
0.215931
-0.077903
0.408642
-0.306894
-0.000008
-1.085900
-0.122171
-0.226916
-0.330561
-0.070512
-0.035926
-0.489837
-0.230462
-0.412091
-0.328451
0.096879
-0.238698
0.106349
0.458890
-0.085714
0.750499
0.288606
0.155250
0.132488
0.154177
0.461789
-0.250347
0.017551
-1.037180
-0.008877
0.308776
-0.523944
-0.533353
-0.434875
-0.202306
-0.420907
-0.210526
0.261807
-0.001933
-0.296124
-0.724382
0.598755
-0.213578
-0.063196
-0.062528
-0.149448
0.174460
-0.339153
0.008603
0.381896
0.300581
-0.210567
-0.081646
0.381687
-0.469336
0.265463
0.458712
0.346070
-0.293916
0.561986
-0.574525
-0.246593
0.144496
0.710428
0.382836
-0.157122
0.513550
-0.285935
0.440446
0.157485
0.229399
-0.455328
0.519781
-0.146382
0.356513
-0.245275
0.325742
0.077100
-0.379416
0.188376
0.156536
0.458849
-0.102831
0.052451
0.409147
0.096057
0.111750
0.009910
0.293044
0.252233
-0.013721
-0.304346
-0.291645
-0.687896
0.031055
-0.027337
-0.170802
-0.241851
-0.099205
-0.301425
0.472079
-0.181154
-0.132739
0.009527
-0.204521
0.752736
-0.343821
0.703364
-0.109552
0.105309
-0.020579
-0.118158
-0.196126
0.384506
0.034239
-0.378478
-0.453021
-0.262981
-0.098600
0.058387
0.680391
-0.030340
0.448702
0.366645
0.217084
0.892525
-0.066597
0.065896
-0.388907
-0.363257
0.403594
0.440311
-0.724242
0.104723
0.331363
-0.316685
-0.389822
-0.578299
-0.044659
0.154943
0.075110
0.188162
0.053123
0.197840
-0.366506
-0.460214
-0.112730
-0.031901
0.129461
-0.200239
-0.765780
0.011970
0.210199
-0.338939
-0.110064
-0.168842
-0.389698
0.709673
-0.112389
0.435420
-0.578920
0.177833
0.039065
-0.236182
-0.562466
0.216664
0.333717
-0.300643
-0.797670
-0.208632
-0.225532
-0.763559
-0.014563
-0.185631
-0.432486
-0.114625
0.109030
-0.420326
-0.057625
-0.166345
0.274253
0.072173
0.114153
0.363772
0.309793
0.622418
-0.913356
0.120840
0.246310
-0.363414
-0.124312
0.295208
-0.244798
0.238127
-0.408782
0.325004
0.116995
-0.206995
-0.581324
0.001494
-0.192690
0.215104
-0.230641
0.196318
-0.285653
0.653225
-0.180376
0.379736
0.324195
-0.506683
-0.706690
0.019237
-0.006762
-0.006651
0.237386
0.426147
0.530043
-0.026761
-0.207773
0.027484
-0.115108
0.101717
0.160011
0.047373
-0.190316
0.565391
0.086845
0.060333
0.619716
0.340767
0.054787
0.272519
0.159324
0.203107
-0.066166
0.020129
-0.506089
-0.271007
-0.093883
-0.204038
0.186364
0.211392
0.176959
0.162072
0.812712
0.563004
-0.421689
-0.479015
-0.551748
-0.001278
-0.439116
-0.200306
0.021663
0.091929
-0.073938
-0.182323
-0.176284
-0.431325
-0.196292
-0.160346
0.238418
0.128538
0.081483
-0.128100
-0.129160
-0.043945
0.006316
-0.152167
0.457189
-0.485831
-0.108372
0.165559
0.063001
0.181260
-0.090586
-0.062287
-0.760803
-0.048094
0.110658
0.370434
-0.228333
0.762364
-0.631946
-0.281442
0.128189
0.614772
0.222191
0.206676
0.582517
-0.369342
0.175814
-0.667969
0.326314
-0.776689
-0.484523
-0.488933
-0.000157
-0.118421
-0.176088
-0.414684
0.582836
-0.053007
-0.235977
-0.487664
-0.250053
-0.186824
-0.571449
-0.737321
0.054083
0.149145
0.377410
-0.063198
-0.031191
0.059141
-0.137905
0.418111
0.195919
0.059492
-0.530603
0.461171
0.866931
-0.006156
-0.183367
-0.094432
-0.348715
0.262981
0.257775
0.313673
0.204213
0.126975
-0.263588
-0.085164
-0.699896
0.348968
0.073488
0.755765
0.081228
-0.580909
-0.130168
0.282010
-0.254648
-0.119132
0.091749
-0.040199
-0.156663
0.694766
0.396000
0.397464
-0.302992
-0.480622
-0.135714
0.242875
-0.395453
0.289573
-0.144829
0.165071
0.830402
-0.184498
-0.053808
-0.091918
0.366803
-0.509999
-0.411521
-0.095333
-0.279099
0.699651
-0.035095
0.085080
0.779442
0.002724
0.233994
0.209991
0.226444
-0.876695
0.220950
0.331728
-0.213587
0.051584
0.063880
0.962578
0.617431
0.184101
-0.207968
0.379914
0.386336
-0.386118
-0.449304
0.675654
-0.256501
0.068962
0.406521
-0.355508
0.146282
-0.671896
0.060029
0.125662
-0.296041
0.274854
-0.130480
-0.391387
-0.497281
0.222990
-0.632499
-0.200022
0.377379
0.233695
-0.828179
0.116194
0.138486
0.699717
0.248639
-0.122735
0.110933
-0.786873
0.278927
0.265265
-0.087163
-0.588949
0.587761
0.110434
0.115269
-0.035856
-0.505791
-0.186374
0.417047
0.117294
-0.185713
-0.175358
0.217830
0.156351
0.278424
0.566196
0.652567
-0.172581
0.044132
-0.024140
0.643324
-0.007631
-0.421150
0.136701
0.191698
-0.086032
0.318544
-0.180039
0.552123
0.141640
0.419777
0.173363
0.094855
0.311822
-0.100595
-0.640196
-0.032856
-0.474531
-0.080487
0.654463
0.638920
-0.549327
-0.118978
1.041879
-0.732920
-0.080733
-0.670954
0.442324
0.318362
0.746685
0.813633
-0.240284
-0.061597
-0.188549
0.866421
0.590234
-0.102287
0.408254
-0.118175
0.151414
-0.298846
-0.229202
0.494765
0.731794
-0.243114
-0.388858
0.263976
-0.500004
-0.075309
-0.357709
-0.308096
-0.435985
0.498343
-0.061587
-0.336846
0.387391
-0.005030
-0.077228
-0.107933
-0.706847
0.059588
-0.312013
-0.243266
-0.192454
0.024240
0.359748
-0.039072
0.421561
0.269475
0.643061
-0.187377
-0.068711
-0.047836
-0.382010
0.419505
0.095067
0.674732
0.211799
0.371092
-0.539663
0.737765
-0.002561
0.315727
0.432120
-0.526462
0.389124
0.224765
0.222104
0.773081
-0.002696
0.935452
-0.514717
0.458035
0.330053
-0.086810
0.011623
0.314255
-0.060527
-0.403753
0.016848
0.170701
-0.226439
0.535724
0.217856
-0.539667
0.093193
-0.729838
-0.763998
0.249123
-0.385851
-0.351597
-1.192901
0.262912
-0.853585
0.290257
0.056034
0.242918
-0.662506
0.620153
0.238585
-0.150774
-0.709943
-0.147518
-0.116249
-0.584848
-0.381320
-0.271214
-0.221633
-0.266917
0.445872
-0.191786
-0.152229
-0.748925
0.363260
-0.276737
-0.385085
0.040606
-0.190387
0.082118
0.018377
-0.953499
0.295468
0.037407
0.327724
0.491937
0.173114
-0.205066
0.192579
-0.149192
0.457649
-0.158120
0.235618
-0.514148
-0.082819
-0.338531
-0.439249
0.034582
-0.171391
0.004055
-0.122279
0.364628
-0.423604
0.141766
-0.410725
-0.598472
0.197155
0.005850
0.103424
0.476582
-0.100797
-0.537645
0.088058
0.078102
-0.537017
0.083187
0.270776
-0.347565
-0.831897
-0.661806
-0.627529
0.557883
0.282391
-0.047987
-0.339847
0.432352
0.634838
-0.007198
-0.142138
-0.651746
0.281946
0.449793
-0.098394
-0.003154
0.182150
0.141365
0.011864
-0.034921
0.196743
-0.081735
-0.087311
0.429068
0.261928
-0.734261
0.349157
-0.229816
0.089430
-0.027282
0.238673
-0.006611
0.069527
-0.445380
-0.052723
-0.114002
-0.157156
-0.428597
-0.332439
0.132625
0.574138
-0.165963
-0.522365
0.365507
-0.532665
-0.418729
-0.004324
-0.356181
0.191923
0.656231
-0.142612
0.922956
0.269869
0.345859
-0.593607
0.260557
0.444555
0.540157
-0.618165
-0.456175
-0.711086
0.322826
-0.352731
0.991657
-0.843687
0.316100
-0.284824
0.012178
0.116123
0.181340
0.406656
0.186620
-0.250051
0.248803
-0.358396
0.669063
-0.642903
0.142371
-0.807113
0.491470
0.620531
0.256136
-0.016520
-0.404704
0.207650
0.197074
0.088573
0.554340
0.185625
-0.508703
0.352847
0.658322
-0.300103
0.148668
0.219763
0.057972
0.467046
0.558195
0.215624
-0.212486
0.589793
-0.111657
0.028189
0.701229
-0.912912
0.046809
-0.189083
-0.699000
0.085513
0.585640
1.010337
-0.260325
-0.458875
0.195412
0.197105
0.362682
-0.220019
-0.013281
0.484709
-0.039352
0.280273
0.268283
-0.033199
-0.572774
0.065711
0.329381
-0.523554
-0.303132
0.675503
0.912497
-0.272796
-0.253002
0.475122
-0.141490
0.453415
0.730601
0.431131
0.230763
0.002584
-0.303163
-0.019994
0.000389
-0.083910
-0.533054
-0.158420
-0.275576
0.415437
-0.263110
-0.051895
0.261031
-0.724778
0.123818
-0.244246
-0.908800
-0.648540
0.800616
0.283888
-0.134460
-0.384682
0.536068
-0.550220
-0.147940
0.265728
0.104989
0.051342
0.535261
-0.179635
0.236440
-0.361216
-0.267763
0.220294
-0.464264
0.537416
-0.340327
0.119360
0.088845
0.313238
-0.890003
0.140292
0.434123
0.388117
0.042039
0.277678
-0.593368
-0.073651
0.357607
0.436044
-0.200073
-0.721338
-0.151974
0.120379
-0.376611
-0.602271
-0.484701
0.017484
0.013655
-0.606363
-0.450046
0.205385
0.118904
0.204550
-0.061501
0.021920
-0.651032
0.220473
0.404185
-0.211486
-0.359264
-0.020421
0.088303
-0.567559
0.576065
0.459335
-0.117066
-0.778199
-0.455862
0.329829
0.238838
0.431318
-0.162272
0.178437
-0.147545
0.358771
-0.103573
-0.814678
0.498487
0.409242
0.234659
-0.556805
-0.239173
0.413182
0.674647
0.541892
-0.756084
-0.520013
-0.831986
-0.217427
0.476363
0.399379
0.310984
0.156156
0.812006
0.392368
0.015977
-0.205211
-0.420659
0.106941
0.292985
0.445481
-0.365164
0.325917
0.421683
-0.108958
0.553600
-0.481495
0.270845
0.839077
0.207476
0.124137
0.413473
0.012109
0.291261
0.062786
0.417999
-0.160990
-0.257812
0.253288
-0.524175
0.054863
0.794319
0.272501
-0.340490
-0.217733
-0.259943
-0.711268
-0.107665
0.011711
-0.433977
-0.577772
-0.964833
0.359864
0.059483
-0.149440
0.269085
0.354154
-0.404212
0.576110
-0.327673
0.326944
0.088881
0.730700
0.970755
-0.081747
-1.078085
0.694336
0.153711
0.213155
0.261198
-0.645116
-0.573058
-0.121427
0.462015
-0.046872
0.075873
0.646785
-0.192527
0.126171
-0.008027
0.030649
-0.148799
0.029214
-0.136242
-0.108431
-0.163142
0.027478
0.172544
-0.375050
0.463382
-0.209548
-0.647385
-0.108583
0.222333
-0.084056
-0.370671
-0.130828
0.383791
0.210518
-0.050112
0.077528
-0.056475
0.588672
-0.413330
-0.195547
0.970943
0.148431
0.238625
-0.141994
-0.550811
-0.367477
-1.248655
-0.114252
-0.354026
0.343983
-0.008790
0.627049
-0.528493
-0.335672
0.286319
0.484053
-0.343650
0.446300
0.256035
0.300624
-0.100372
0.185416
0.032463
-0.515302
0.689354
0.017058
-0.233229
0.051662
-0.365734
-0.623452
0.385491
-0.401987
-0.371513
0.087520
0.304902
0.108441
0.115221
-0.399115
0.214901
0.126497
0.091032
-0.197987
-0.006875
0.944442
-0.002653
0.624041
-1.022614
-0.235027
-0.319955
-0.741157
-0.007999
-0.194414
-0.509202
0.198939
-0.005707
-0.469616
-0.143997
-0.002535
0.690847
0.019934
0.058684
-0.520575
0.056863
0.336627
0.026723
0.433404
0.386877
0.679508
0.857453
-0.105439
-0.710771
-0.080495
-0.267111
0.155652
-0.065476
-0.011681
0.224473
0.123011
-0.816412
0.751273
-0.654578
-0.220685
-0.224481
0.271704
0.330078
0.421373
0.348056
0.666365
0.260568
-0.636511
-0.129731
0.069954
0.370705
0.134779
-0.132759
0.166230
0.546530
0.164603
0.097912
-0.605940
0.190124
0.438993
-0.438641
-0.123325
-0.024338
0.316299
-0.291556
-0.024618
-0.374316
-0.013247
-0.041486
0.377460
0.373060
0.197504
-0.059001
-0.712754
-0.427249
-0.128574
0.131433
0.043097
0.012354
-0.587409
0.203174
0.612072
0.392484
0.496010
0.459782
-0.148198
0.804435
0.093875
-0.133056
0.413437
0.756105
-0.017457
-0.261549
0.210133
-0.805538
0.260631
-0.211695
0.011288
0.157709
0.009318
0.172148
-0.143090
-0.510719
0.019649
-0.636574
-0.796143
-0.086287
0.312466
0.229147
0.035446
-0.902360
-0.486653
0.005216
-0.348891
-0.367591
-0.059717
-0.471987
0.522527
0.640632
0.514298
-0.184908
-0.260153
0.170207
-0.301839
0.236634
0.389976
0.059135
-0.103900
-0.126177
0.105952
0.502346
-0.562737
0.246481
0.495072
0.713811
0.171739
-0.065205
-0.658005
0.308450
-0.145400
-0.315498
0.241781
0.586029
-0.450671
0.168235
0.096113
-0.204710
-0.498281
0.354420
-0.019895
0.216888
0.331538
0.033734
0.382334
-0.173354
0.066189
-0.476905
0.152838
-0.313242
-0.271633
0.062882
0.703099
0.298332
0.260152
-0.112077
-0.194308
0.404516
0.455661
-0.535636
1.203257
0.531363
0.095740
-0.199070
0.091338
0.130461
0.174479
-0.424053
-0.368195
0.308249
0.091683
-0.209110
-0.702031
-0.510209
-0.054508
0.101467
0.168821
-0.408217
0.493199
-0.449121
0.458679
-0.494689
-0.152945
0.124640
0.562962
-0.284739
0.243772
0.519408
-0.065012
0.760619
0.243597
0.441270
-0.522023
0.460128
0.157731
-0.011474
0.183459
-0.218987
-0.522547
0.632892
0.001822
0.022818
-0.216484
0.629359
-0.858152
-0.025238
0.387616
-0.753262
0.531775
0.266262
0.030566
-0.247854
-0.801385
0.180727
-0.075317
0.430240
0.381425
-0.273059
0.020465
-0.521410
-0.343517
0.013497
0.763776
0.551589
-0.414481
0.455511
0.064801
0.530510
-0.881843
0.013783
-0.115060
0.448069
-0.320632
0.489419
-0.306529
0.328345
0.516643
-0.503079
0.698217
-0.154959
0.438423
-0.346537
-0.302657
0.541306
-0.228827
0.446741
-0.745900
0.277994
-0.014230
-0.994680
-0.128402
0.891019
-0.839607
0.352298
-0.493841
1.371986
0.601916
0.804041
0.055870
0.235804
-0.402352
-0.080840
0.987853
0.593822
0.343751
0.035585
0.022385
-0.812551
0.160396
0.342205
0.397472
-0.659365
0.292874
-0.289026
-0.175355
-0.567639
0.316187
0.378465
0.425151
0.760498
-0.516408
0.062075
0.022102
-0.026096
0.061904
-0.185827
-0.389697
-0.490572
-0.039049
0.122985
-0.213237
0.126691
-0.683922
0.289246
-0.283948
-0.894321
-1.123430
-0.299591
-0.290489
-0.864675
-0.396718
-0.232786
-0.650786
-0.857650
-0.560683
-1.089803
0.231876
-0.008746
-0.441191
-0.787898
-0.039689
0.130303
0.138515
0.403884
-0.528155
0.020363
0.415132
0.389552
0.801746
0.197822
0.777501
0.088450
1.002894
1.467737
0.779904
1.175515
1.191387
0.842316
1.201443
0.842334
0.740621
1.051208
0.991874
0.473635
0.229425
0.247353
0.300824
-0.059374
0.128483
0.847473
-0.067145
0.490281
0.167562
-0.857246
-0.514543
-1.274262
-0.138747
-0.348196
-0.297960
-0.732959
-0.313119
-0.250330
-0.531978
-0.515527
-0.214994
-0.779587
-0.943799
-1.325117
-0.251412
-0.301987
-0.720715
0.298823
0.080167
0.905888
-0.114416
0.110348
0.334465
0.821039
-0.056432
0.403607
0.254661
0.511089
-0.086589
-0.058239
0.310361
0.059148
0.684806
-0.649837
0.083878
-0.372719
-0.869006
0.005132
-0.216927
0.133336
-0.632045
0.268206
-0.395357
-0.062653
-0.185917
-0.261710
0.561714
-0.523850
0.344852
0.694760
0.894336
0.304213
0.463965
0.723991
-0.218995
0.252990
0.046968
-0.102707
-0.335288
0.187382
0.662499
0.086385
-0.280901
0.396920
0.066178
0.537436
-0.247112
-0.475112
0.013372
0.300719
0.043534
-0.577880
-0.502303
0.677513
0.593740
-0.332491
-0.732862
-1.165090
-0.892561
-0.478947
0.365881
0.110628
0.250101
-0.232934
-0.078287
0.145750
-0.037974
0.330848
0.153159
0.397775
-0.177723
-0.670777
0.712176
-0.361629
-0.372565
0.092015
0.053024
-0.114711
-0.096926
0.230268
-0.266078
-0.655303
-0.046729
-0.164884
-0.556743
-0.821579
-0.970635
0.429982
-0.562907
0.414230
0.003664
-0.439274
0.169068
0.055213
-0.557414
-0.179961
0.065192
0.508146
0.036449
0.279609
0.105970
-0.319146
-0.018647
-0.113288
0.146888
0.212564
-0.013816
0.482697
-0.726598
0.494805
-0.298724
0.054607
0.435706
0.344097
0.255482
0.791270
0.414937
0.110136
0.124384
0.303565
0.093670
0.080918
-0.494924
0.209536
-0.241610
-0.049357
-0.249627
0.144473
0.234401
-0.166233
0.313794
1.377631
-0.795039
-0.322399
-0.204008
0.323994
-0.513192
0.889180
0.672194
-0.560452
0.482919
-0.522166
0.556963
1.128993
0.524716
0.143714
0.079490
-0.588781
0.156489
0.532204
0.186380
-0.155233
-0.870034
-1.394365
0.524680
-0.817897
0.653079
-0.385796
0.114042
0.107313
-0.070640
0.147712
0.324296
0.197803
-0.174622
0.203480
0.608756
0.025428
-0.057467
-0.015941
0.392408
0.632721
0.065898
0.185836
0.040674
-0.382682
0.237313
0.037786
-0.309375
-1.363386
-0.134602
-0.206630
-0.025909
-0.438437
-0.442948
0.307839
0.126794
0.603025
0.175092
0.227080
-0.494653
0.116655
-0.657466
-0.615147
-0.318404
0.180589
0.134882
0.103481
0.167651
0.217961
-0.412414
-0.150668
-0.458298
0.129665
0.909026
-0.620333
0.172469
0.270607
0.165884
0.431461
0.149510
0.029256
-0.097947
0.170372
-0.225518
-0.115450
-0.109627
-0.100461
-0.203531
0.589029
0.470109
-0.177550
-0.632768
0.593852
0.164872
0.887600
0.194294
0.036771
0.059398
-0.010883
0.193212
0.358324
-0.427559
0.208473
0.194612
-0.732114
0.498324
0.115490
0.027783
0.255723
-0.326134
-0.694270
1.108393
-0.347151
-0.301773
0.618069
-0.257693
0.326267
0.230459
-0.216396
-0.380801
-0.138197
-0.365044
0.350854
0.024234
-0.100133
0.496898
-1.068066
0.776023
-0.024249
0.030550
-0.172736
0.711931
0.541939
-0.017588
-0.008303
-0.560730
0.552738
-0.037822
-0.077641
-0.382814
0.192837
-0.004570
0.292680
0.064386
0.456192
0.004681
0.178132
0.381589
-0.094086
-0.409983
0.491366
0.027624
-0.423990
0.336247
0.441972
0.264623
0.129803
-0.055535
-0.337074
-0.289565
-0.051517
0.076480
-0.196998
0.543036
-0.669555
0.397178
0.003908
0.307306
0.325035
0.550780
-0.483502
-0.462509
0.241370
0.083464
-0.119544
-0.562039
-0.081025
-0.250249
0.197645
-0.729559
-0.012546
-0.445593
0.158189
-0.083017
0.195396
-0.663932
0.540096
0.423337
-0.905965
-0.345935
-0.587466
0.035990
-1.058402
0.140474
-0.269940
-0.049738
0.340496
-0.338641
-0.356966
-0.823019
-0.191733
-0.370424
0.386933
-0.608583
-0.324256
0.175205
-0.403144
0.470673
0.155574
0.106832
-0.295055
-0.622414
-0.006476
-0.706680
-0.396646
-0.129357
0.030832
0.378617
0.587389
-0.934638
0.126480
0.283345
0.690232
-0.245354
-0.264790
-0.603122
0.189898
-0.327329
-0.444288
-0.012049
-0.215406
0.041276
0.404591
0.283383
-0.112755
-0.287828
0.114895
0.095618
0.445330
0.633968
-0.393050
-0.630939
0.291577
0.742695
-0.193970
-0.124938
-0.121745
-0.203126
0.011946
-0.582171
-0.214174
-0.816597
-0.131302
-0.413641
-0.620221
-0.140996
-0.276562
-0.316932
-0.607646
-0.436538
0.629122
-0.322106
-0.073643
-0.080036
0.843668
-0.323691
-0.361590
-0.629342
-0.420717
-0.341633
0.183824
0.292692
-0.109420
-0.244882
0.428850
0.779248
-0.108989
-0.338033
0.425201
0.464911
0.446979
-0.526694
-0.476846
-0.303934
-0.086449
-0.341537
0.447709
-0.157981
-0.091778
-0.258442
-0.224377
-0.005016
-0.170166
0.148476
-0.015039
-0.831510
-0.195842
0.520866
0.346453
-0.063534
-0.140467
0.133957
0.007420
-0.188498
0.267162
0.398926
-0.069671
0.471218
0.006366
0.318806
0.822803
0.114534
0.852185
0.736781
-0.124002
0.405628
-0.257611
-0.042743
0.171388
-0.622959
-0.192758
0.018713
-0.437098
-0.048889
0.334197
0.059968
-0.478898
0.015538
0.263652
-0.058433
-0.188960
0.077765
0.174486
0.154120
-0.075289
0.526092
0.207686
0.143757
-0.208799
-0.669444
0.139160
-0.333311
0.851771
0.487499
-0.238334
-0.117147
-0.461372
-0.262106
0.451213
-0.089153
-0.455972
0.016112
-0.345594
0.217523
-0.085986
0.277639
-0.091583
0.262391
0.569991
0.336139
0.683253
-0.000353
0.173328
-0.440884
-0.150875
-0.278800
-0.620082
-0.813436
-0.569573
-0.168084
0.373058
-0.073772
0.241739
0.029181
0.728878
-0.402250
0.315610
0.674223
0.413248
0.185822
-0.061793
0.168584
0.717470
-0.397495
-0.342008
0.417677
0.415351
-0.339990
0.429423
-0.691901
-0.446655
0.591082
0.434943
0.298400
0.423140
0.077045
-0.632130
0.632178
-0.320873
0.930931
0.467717
-0.153884
0.294188
-0.281035
0.609400
0.204249
0.367238
0.019239
-0.505618
0.009743
0.069280
0.178369
-1.222206
0.430710
0.544199
0.307627
-0.723282
0.056302
0.363938
0.379603
0.841035
-0.293933
-1.133095
0.157666
-0.002180
0.077057
-0.074394
-0.206509
0.274768
-0.244909
-0.498405
-0.575573
0.181831
0.062070
-0.182072
0.531185
0.274371
-0.137625
-0.324766
-0.471357
-0.214596
-0.152517
0.182368
0.307846
-0.134201
0.536580
0.783927
0.615174
0.598596
-0.351697
0.480120
0.326365
0.084817
0.054883
0.017936
0.760596
-0.060761
0.328664
-0.439127
-0.271023
0.152683
0.562428
0.263067
0.126208
0.171679
-0.360469
0.638887
-0.406928
0.000239
0.710518
0.575675
-0.185963
-0.464132
-1.023649
0.479334
-0.039532
-0.199906
0.129903
-0.057486
-0.632110
-0.232263
0.113576
0.940847
-0.113831
-0.399549
-0.292148
-0.009925
0.715388
-0.268705
0.055649
0.767220
0.671179
0.137617
-0.138872
-0.070124
-0.288996
-0.191537
-0.030547
-0.054416
0.667216
0.763442
0.546761
0.327214
-0.065598
0.401666
0.281776
-0.350657
0.324424
-0.728443
0.228666
0.079950
0.446695
-0.556006
-0.014196
0.121544
0.184166
-0.403429
0.530142
-0.420202
-0.031612
0.305143
-0.068664
-0.312725
-0.816971
0.282851
-0.430324
0.593906
-0.353188
-0.491470
-0.642404
0.353384
0.005782
0.424304
0.089972
-0.039065
-0.178113
-0.150957
0.052249
-0.476375
-0.390538
0.046873
-0.746540
-0.023504
-0.142666
0.073754
0.064819
-0.698572
-0.427888
0.532858
0.013210
0.746657
0.383870
-0.104599
0.131546
0.206115
0.017442
-0.469566
0.088291
0.382592
0.268040
0.467320
-0.135752
0.080876
0.317737
-0.238077
-0.999198
0.121779
0.994603
0.851756
0.661698
-0.333560
-0.180535
-0.442496
-0.972467
-0.200619
-0.604319
-0.026629
-0.277395
-0.274702
0.221105
-0.143247
-0.160369
0.399697
-0.132834
0.406335
-0.023791
-0.147988
0.168872
-0.578741
0.197282
-0.811514
0.160234
0.222829
0.057458
-0.517976
0.471886
0.418410
-0.354236
-0.087488
-0.591966
0.590914
-0.589178
0.340324
-0.038166
-0.467681
-0.429565
0.108362
0.130530
-0.327314
-0.374956
0.203116
0.116231
-0.406690
-0.180478
-0.055221
0.371186
0.303271
-0.169729
-0.039059
-0.059210
-1.047242
0.273079
-0.017241
0.187860
0.108208
-0.293214
0.443852
0.222887
-0.358693
1.035162
-0.222105
-0.010486
0.118387
-0.578042
-0.816853
-0.729521
0.710955
-0.085294
0.174165
-0.022073
0.246984
0.645904
0.407676
0.490018
-0.178586
0.612877
0.250304
-0.661172
0.328616
0.356367
-0.298590
-0.106386
0.875964
-0.365147
0.358449
0.460024
0.937521
0.312659
-0.947676
-0.199553
-0.525886
-0.403986
-0.425842
0.166339
0.291750
-0.045147
0.611961
0.216069
0.164428
-0.173471
-0.067196
-0.402359
0.336532
0.683771
-0.557992
0.284973
0.327184
0.270412
0.521615
-0.218893
-0.052511
0.671187
0.346612
0.173853
0.509782
-0.590529
-0.378518
0.378523
0.779928
-0.145607
0.604376
0.560851
-0.336955
0.184105
0.001540
-0.110293
-1.159850
0.103892
-0.852851
0.061087
-0.117399
0.821630
-0.054302
0.344007
0.180793
-0.321838
0.371681
-0.090653
0.177092
-0.822704
-0.206760
0.152272
0.074860
-0.077343
0.197126
-0.199224
-0.107205
-0.192806
0.426947
0.221866
0.056194
-0.076093
0.292526
0.438117
-0.417539
0.595845
-0.322445
-0.276118
0.437690
0.176171
0.264748
0.254239
-0.299731
0.331176
-0.186205
-0.059832
-0.034797
-0.130358
-0.230534
0.537664
-0.007688
0.726717
0.627205
0.447613
-0.317255
-0.177599
-0.653853
-0.024762
-0.124699
0.208171
0.172425
-0.277327
0.073267
-0.075052
-0.254925
-0.125884
-0.000108
-0.373004
-0.135731
-0.097159
-0.308304
-0.133707
0.059799
0.057043
-0.074508
0.078626
-0.514054
0.589296
-0.579394
-0.182421
0.955628
-0.508385
0.146000
0.441488
-0.110843
-0.367422
-0.129347
0.124558
-0.394239
-0.296675
-0.451720
0.093635
0.108067
0.365990
-0.413717
0.524668
0.457085
0.037065
-0.181430
-0.088461
0.002268
-0.093047
0.140921
0.108274
-0.170285
-0.079508
-0.511830
0.336333
-0.065692
-0.752443
-0.125115
-0.437447
0.145890
0.622283
0.074890
-0.484130
0.429269
-0.250747
0.117468
-0.110530
-0.154236
0.275414
-0.390619
-0.380075
0.762668
0.555908
-0.359001
-0.646951
0.565161
0.644571
-0.033702
0.123561
-0.228516
0.086947
0.268612
-0.284782
-0.412719
0.497728
0.117784
-0.141796
0.210355
-0.380293
-0.004926
-0.649540
0.213713
0.374648
-0.309556
-0.568980
-0.248570
-0.645660
0.226631
-0.675799
0.335543
1.001017
-0.212619
-0.440801
-1.176082
0.368231
-0.239365
0.661345
-0.140220
-0.754083
0.042192
-0.332845
0.072366
0.258976
-0.080967
0.566994
-0.424508
0.083449
-0.257507
-0.047443
1.035992
0.024881
0.384175
-0.454905
-0.121746
0.514897
-0.454281
0.191023
0.227783
0.123292
0.234908
-0.136409
0.219461
0.472201
0.208143
-0.505884
-0.677174
-0.508434
-0.591447
-0.447929
-0.028342
-0.088024
0.134888
-0.442406
-0.528578
0.211403
0.402385
-0.091360
-0.259196
-0.169314
0.779970
0.477866
0.699837
-0.651389
-0.660065
-0.159258
0.689390
0.399216
-0.541119
-0.772864
0.238075
0.377159
0.429280
0.732517
0.359026
-0.134318
0.043023
-0.122433
0.269049
-0.248626
-0.066849
-0.107882
0.248039
-0.546721
0.134737
0.093820
0.354167
0.464212
-0.048784
0.215231
-0.258406
-1.127070
0.266454
0.542541
0.235362
0.597571
-0.066815
-0.613819
0.384884
0.149327
0.269555
0.770188
0.106747
0.352850
-0.505945
0.501237
-0.427282
-0.565091
0.103107
0.159711
0.016559
-0.403525
-0.419697
0.356698
0.774731
-0.313460
-0.685882
0.501329
0.110304
-0.405570
0.158041
0.669968
0.187962
0.122045
0.266494
-0.527889
0.259973
0.410121
-0.561145
0.245000
-0.252638
0.238629
-0.875292
-0.126381
-0.267605
-0.528950
-0.190780
0.365713
0.219264
0.555004
0.005724
-0.322505
-0.341830
-0.052670
-0.293641
0.173659
0.003905
0.339870
-0.161064
-0.596126
-0.057567
-0.167050
0.864381
0.338348
-0.567479
0.056492
-0.040404
-0.105758
0.364227
0.571291
-0.100931
0.505937
0.278877
-0.144978
0.527416
-0.303429
1.019745
0.174807
0.054299
0.226686
0.259410
-0.618541
0.143312
-0.327338
-0.522954
0.503414
0.422130
0.431007
-0.246709
0.254211
-0.328644
0.015953
-0.460715
-0.374739
-0.598991
0.390621
0.338461
-0.315152
0.768067
0.272437
-0.779347
-0.422304
-0.605922
-0.049088
0.042713
-0.468683
1.095927
0.477869
-0.144091
-0.043248
-0.453947
-0.649559
0.180800
-0.061158
0.287626
0.629700
0.184464
0.086984
0.405211
-0.051046
0.019473
0.189131
0.079448
0.273439
-0.207478
0.426403
-0.020915
0.208128
-0.323762
0.189670
0.464487
0.591262
-0.095557
0.203738
0.236069
0.314170
-0.569646
-0.304776
-0.217198
-0.406459
-1.046025
-0.222703
-1.277417
-0.246421
0.437700
0.194073
0.067739
0.523372
1.167724
0.460915
0.158202
-0.761756
0.612878
0.323466
-0.297640
0.099755
0.704024
0.700340
0.342297
-0.734545
0.006972
0.229056
0.457132
0.476470
-0.681345
-0.165506
-0.345509
0.261517
-0.216554
0.211885
0.286175
-0.388020
-0.220798
0.264398
-0.317679
-0.085742
-0.724891
-0.334340
0.302978
0.578613
-1.614996
0.339698
-0.175493
0.834075
-0.368547
0.724122
-0.752021
0.354666
0.059078
-0.140764
-0.487015
0.422618
-0.404676
-0.301615
0.336688
-0.247152
0.817410
-0.072220
0.108390
0.701114
0.405299
0.115959
-0.320636
-0.087768
-0.263309
0.534759
0.372193
0.434383
0.076940
0.039003
0.433576
-0.186733
0.903488
0.376983
-0.036458
0.332055
-0.582713
-0.114811
-0.264374
-0.384126
-0.592152
0.463538
0.029815
0.341212
-0.514205
0.363070
-0.351940
0.005907
-0.275592
0.105875
0.004369
0.070378
-0.171305
-1.324678
0.661391
0.522988
-0.551482
-0.530041
0.257707
-0.128778
0.356141
-0.328600
0.149352
-0.437941
-1.008454
-0.334125
-0.325200
0.144819
0.103452
0.301344
-0.737988
0.303660
0.589764
0.336485
-0.102039
-0.060570
-0.011811
-0.703567
-0.223512
-0.359553
-0.247067
-0.077880
0.307348
-0.691745
-0.681309
0.167474
0.344441
0.501286
1.009700
0.354874
0.180133
-0.406190
0.284346
-0.605435
0.914239
0.625183
0.129881
0.308102
-0.424037
-0.116849
-0.044536
0.191072
-0.044419
0.055175
1.106256
-0.202979
-0.255581
0.280924
-0.197312
0.111201
0.071362
-0.166587
-0.432195
0.054511
-1.219196
-0.702152
-0.604888
-0.314315
-0.835363
0.241968
0.500704
0.077844
0.374974
-0.695407
0.163110
-0.152012
-0.098062
-0.389406
-0.287327
-0.048065
-0.299323
-0.434966
-0.106087
0.375216
-0.931172
-0.249159
-0.227065
-0.293716
-0.711620
-0.222910
0.399007
0.190267
0.038874
0.018607
-0.615512
0.468749
-0.234419
-0.304746
-0.179588
0.481350
-0.087517
0.326620
0.191068
0.250934
-0.180859
-0.275824
-0.076461
0.173320
0.379987
0.341519
0.293211
-1.073021
0.604909
-0.251030
0.612039
-0.254274
-0.229402
0.434396
0.126603
0.192302
0.037524
-0.481079
0.438231
0.113944
-0.908800
0.277372
-0.467724
-0.501142
-0.556612
0.359155
-0.154437
0.593525
0.465245
0.351985
-0.708987
0.627984
-0.525928
0.363485
-0.040141
-0.071201
0.544346
-0.265415
0.624538
0.242426
-0.167377
-0.081551
0.317100
0.767193
-0.414272
0.392375
-0.142174
-0.382108
-0.157496
-0.681790
-0.714481
-0.472381
-0.035888
-0.165938
0.327911
0.254440
0.232703
0.263822
-0.308953
0.695056
0.071675
-0.172653
-0.126762
0.312519
-0.012644
0.282250
-0.040680
-0.577475
-0.623393
0.027162
-0.862327
0.810082
0.042622
-0.201011
0.640968
0.469562
-0.262735
-0.222854
-0.117101
0.161137
-0.496763
0.300491
0.452857
0.316522
0.181153
-0.256620
-0.198141
0.490413
0.793754
-0.478619
0.286323
0.081253
-0.171727
0.753136
-0.003594
-0.500080
0.396780
-0.058441
-0.388014
-0.736679
-0.584102
0.201387
0.320308
0.030557
-0.278034
-0.695749
0.437939
-0.173553
-0.748752
0.015596
0.086174
-0.092254
0.189832
0.328939
0.148430
-0.602333
0.578233
-0.635628
-0.073731
0.008368
1.003184
0.432874
0.177388
0.145613
-0.526123
0.874639
-0.070927
0.038159
-0.000862
-0.491756
-0.227496
0.232134
0.159927
0.428211
-0.211187
0.220281
-0.108408
0.015580
-0.287702
0.013969
0.570916
0.024410
0.551314
0.105588
0.542144
0.262500
-0.157379
0.219776
0.310388
0.019914
-0.015638
-0.013724
-0.211453
0.180281
-0.482973
0.641403
-0.042165
0.323965
0.008127
0.280987
-0.724067
-0.556982
0.392442
0.528644
-0.475622
-0.449855
0.374671
0.429512
-0.535338
-0.094740
-0.250130
0.177719
-0.785341
-0.189177
0.214074
0.233673
0.824003
0.294392
-0.227928
0.217349
-0.277522
-0.309886
-0.561296
-0.336513
-0.519293
0.187236
0.211085
0.071184
-0.065094
0.587479
-0.287403
0.734850
0.348812
0.077905
0.278204
-0.259212
-0.117806
-0.884524
0.040492
0.266202
-0.229716
0.081419
0.179123
0.295724
-0.422133
-0.350697
0.238374
-0.668705
-0.043080
-0.483434
-0.370273
0.097885
0.370813
1.033533
-0.113721
-0.225762
0.745477
-0.079786
0.200347
-0.621390
-0.685274
0.142873
-0.047937
-0.053765
0.015393
-0.293802
0.080070
0.612426
-0.115976
-0.079220
-0.766051
0.107215
-1.014469
-0.077329
-0.228027
0.819786
0.195367
0.025162
-0.094949
-0.702270
-0.369590
-0.219826
-0.531481
0.070108
0.460399
0.380754
0.507911
-0.369490
-0.743774
0.382803
-0.438152
0.004271
0.446790
-0.477428
1.049659
-0.165074
-0.389639
0.554574
-0.318829
0.123795
0.650430
0.050571
0.546831
-0.597355
0.056063
-0.558551
0.343504
-0.458427
0.030120
0.210821
-0.108095
0.362872
-0.042955
0.533269
-0.944478
-0.723656
0.142848
-0.687917
-0.332928
0.104574
0.039966
0.085088
0.030115
-0.592502
0.219522
0.475522
0.386111
0.119739
0.037001
0.132485
0.264134
-0.241317
-0.312736
-0.283134
-0.127786
0.066715
0.464183
-0.524433
-0.803552
-0.364290
-0.020853
0.143736
0.096355
0.420540
-0.315824
0.067014
-0.157300
-0.128072
1.050933
0.367846
0.217084
-0.202800
-0.181719
0.132954
-0.182152
-0.337877
0.123540
-0.430859
0.412972
0.586507
0.036139
0.179541
0.862282
-0.565753
0.287015
0.645566
-0.186065
0.203717
-0.226411
-0.029134
0.242380
-0.138658
0.351461
0.089637
-0.059730
0.324002
-0.616774
0.129025
0.268827
-0.424880
-0.363679
-0.124178
-0.117097
0.559544
0.610129
-0.602860
-0.325976
-0.102539
0.568872
0.196141
-0.283747
0.125433
-0.242709
-0.873165
0.500366
0.002378
-0.622070
-0.075445
-0.265783
-0.592690
0.770602
-0.113433
-0.960891
-0.463043
0.002082
-0.595536
0.624392
0.007767
0.704258
-0.303224
-0.634512
-0.049292
0.510147
-0.565291
-0.662316
-0.953513
0.166493
0.551643
0.141969
-0.148810
-0.243690
0.601849
-0.251267
0.675446
0.182493
-0.873541
0.000156
0.179051
-0.399936
0.150772
0.265474
0.253403
-1.105464
-0.627191
-0.029553
0.245074
-0.178943
0.084216
-0.644259
-0.336367
0.194883
0.047441
0.576650
0.096373
-0.178307
0.793661
-0.559341
-0.538836
-0.184373
-0.103289
0.079785
0.578637
0.091309
-0.062433
-0.392697
-0.315422
0.813519
-0.006658
0.452488
0.712278
-0.012627
0.534503
1.096426
-0.230532
0.386415
-0.057714
0.768665
0.418904
0.260681
-0.431827
-0.795137
-0.808641
-0.230313
-0.082076
-0.218399
0.428784
-0.227465
-0.345231
-0.601975
0.769634
-0.616842
-0.176363
0.258245
-0.329642
-0.526094
-0.512168
-0.171227
-0.456373
0.315821
0.343763
0.142408
-0.044077
-0.135375
0.807954
-0.593937
-0.663649
0.272433
0.019975
-0.545699
0.091861
0.460566
-0.063041
-0.468082
-0.328073
-0.025484
-0.295080
-0.133557
-0.391950
-0.022513
0.115147
0.280713
0.051150
-0.277987
0.236180
0.496539
-0.575841
-0.286283
-0.385190
0.387893
-0.221118
0.258466
-0.055134
-0.587565
-0.370793
-0.381066
0.538960
-0.447680
-0.101538
0.316222
0.208788
-0.103507
0.083047
-0.020440
0.031818
-0.017031
-0.188820
-0.201597
-0.290158
0.409295
-0.878293
0.197721
0.301877
-0.195387
0.160130
-0.699561
0.018112
-0.509254
-0.249001
0.221664
0.219180
0.397420
0.235325
-0.447069
-0.245167
0.178017
-0.241418
-0.249485
0.044453
-0.277718
0.448358
0.143541
-0.193451
-0.118590
-0.855322
-0.087574
-0.219759
-0.105375
0.093163
-0.011175
-0.800186
-0.722430
0.916799
0.314195
0.073988
0.044237
0.771993
-0.606122
-0.400596
-0.056043
-0.157755
-0.366633
0.610550
0.587208
0.184213
-0.983991
0.209358
-0.646176
0.365604
-0.056861
0.368392
0.083232
0.175259
-0.467164
0.075754
-0.053183
-0.089335
0.022326
0.001220
-0.231510
-0.838807
0.719620
-0.919866
-0.250185
-0.206186
0.397402
-0.485450
0.314722
-0.308389
0.380536
-0.326393
0.561476
-0.297906
-0.321622
0.187619
-0.325051
0.489821
-0.220200
-0.146679
-0.205761
0.053310
-0.399029
0.405529
0.182085
-0.265198
0.012470
-0.383578
0.659631
-0.405499
0.369063
0.328828
-0.125260
-0.151479
0.024935
0.549854
-0.063257
0.082102
0.031414
0.473060
-0.279314
-0.209066
0.544042
0.142028
-0.431669
-0.764297
0.180521
-0.314870
0.027844
0.554050
-0.193053
-0.068251
-0.393309
-0.025395
-0.369674
-0.907492
0.012945
-0.370659
0.606209
-0.305201
-0.018513
-0.402616
-0.238205
0.256138
-0.133425
-0.420675
0.563734
0.569379
0.227931
-0.982565
-0.621066
0.196173
-0.940036
-0.273042
-0.273162
-0.700249
-0.042788
-0.095496
-0.183818
-0.620593
0.660711
-0.312898
-0.425416
-0.364450
0.044780
-0.411769
0.312261
0.092392
0.252417
0.074320
0.119264
-0.166366
0.064660
-0.018757
-0.079369
0.222408
0.335806
-0.402872
-0.323726
-0.021547
-0.062508
-0.026487
-0.397070
0.317966
-0.171868
0.456093
-0.351788
0.526221
0.295735
0.011539
-0.735493
0.134369
0.178591
-0.344741
0.165698
-0.064669
0.567801
0.596198
-0.291634
-0.575846
0.969622
0.605535
-0.178176
-0.081852
0.123882
-0.493899
0.031634
0.229429
-0.147610
-0.100060
-0.690974
-0.566256
0.085058
0.564620
-0.049609
-0.270903
0.748303
0.047996
-0.050997
0.157142
-0.312271
-0.095988
-0.206698
0.151067
-0.360891
-0.572264
0.126682
-0.071353
-0.363267
-0.286012
-0.290405
-0.395596
0.493849
0.409235
0.016083
-0.820247
0.224109
-0.331373
-0.263761
-0.128063
-0.348129
0.364012
0.021398
0.158179
-0.168318
-0.088909
-0.277235
-0.225392
0.545377
0.121710
-0.512970
-0.762949
0.292503
0.646325
0.264872
-0.161699
0.330019
0.419655
0.287643
0.361602
-0.407163
0.002436
0.008846
-0.401476
0.835164
-0.200265
-0.571941
-0.286607
-1.324145
0.269960
0.390001
0.510629
-0.334929
-0.233418
-0.353820
-0.310249
0.435791
-0.458604
0.966311
0.156005
0.197089
-0.228621
0.175727
-0.061530
0.075598
0.658678
0.364261
-0.005226
-0.160712
0.321250
0.410104
0.134943
0.408419
0.511344
-0.372178
0.268752
0.379607
-0.118934
0.565621
-0.881584
0.139941
-0.714861
0.224348
0.179065
0.175009
0.181704
-0.500892
-0.259552
0.229712
-0.221165
-0.161936
-0.114206
1.054307
-0.008538
-0.258140
-0.705738
-0.052533
0.621254
0.624324
0.166987
-0.020096
-0.130015
-0.358088
1.705824
-0.204449
-0.065629
0.008353
-0.411166
-0.124994
-0.490632
-0.198899
0.838319
0.090849
0.071065
-0.114756
-0.192812
0.319408
0.424076
-0.041818
-0.106980
0.500362
-0.441497
-0.161506
0.115604
0.353764
-0.615618
-0.047160
-0.087410
-0.575801
0.822924
-0.122909
-0.019480
-0.209684
0.019875
-0.188252
0.473964
-0.327848
-0.085423
0.621877
0.190326
0.294062
-0.205671
0.388785
-0.116975
-0.201940
0.063275
0.090931
0.771656
-0.377201
-0.942913
0.240331
0.029371
-0.065017
-0.794198
-0.351622
0.510579
0.255412
0.183844
-0.065636
-0.944110
-0.448732
-0.375534
0.073051
0.105938
-0.184806
0.007155
0.567741
0.333812
0.328469
-0.106367
-0.305646
-0.147460
-0.655557
-0.084158
-0.736546
-1.017377
0.580158
-0.376304
0.255806
-0.393819
-0.241354
-0.366595
0.211041
0.272031
-0.345496
-0.291360
0.045513
0.350633
-0.235347
-0.062670
0.028886
0.067466
0.208737
-0.146358
-0.291291
-0.597320
-0.740828
-0.538642
-0.371263
0.043423
-0.201256
0.410488
-0.305456
-0.535697
0.636068
-0.513768
0.286522
-0.410418
-0.418086
-0.554328
-0.396425
-0.592442
-0.536319
-0.339556
0.180962
-0.101323
0.064716
0.932604
0.509744
-0.046719
-0.189680
0.397619
0.163506
1.087928
-0.785473
0.451190
-0.030376
-0.028828
0.030342
0.272740
0.427013
-0.216177
0.592589
-0.807313
0.229580
-0.012812
-0.106737
-0.154769
0.363718
0.032808
-0.022235
-0.662767
-0.833934
0.458244
0.091758
0.300593
0.033888
0.483955
0.271709
0.162172
-0.142362
0.194717
0.541757
-0.048632
0.139195
0.422376
0.448300
-0.048575
-0.040624
0.591807
0.233934
-0.155324
0.353364
0.321072
-0.115266
-0.552133
0.339654
-0.152568
-0.196706
-0.196910
0.398891
-0.054917
0.040993
-0.505654
0.525640
0.267471
-0.175866
0.044887
0.136596
0.074833
-0.110590
0.066499
0.086197
0.191936
0.405349
0.443833
0.077665
-0.181813
-0.553052
-0.338497
0.022622
0.458826
0.315231
0.140368
-1.074255
-0.527153
-0.432484
-0.668732
0.824083
-0.181859
0.590518
-0.223093
0.449259
0.352072
-0.093382
0.075904
-0.038243
0.294073
-0.356272
-0.058561
-0.024319
0.720893
0.603450
0.080461
0.580046
-0.544286
0.173748
-0.074857
0.132339
-0.764046
0.116600
0.139130
0.277531
-0.017533
-0.244439
-0.748458
0.171408
0.055388
0.421863
0.046105
-0.821803
0.657081
0.100579
-0.230606
0.414148
-0.930121
0.267924
-0.113512
0.287584
1.406625
0.412898
-0.147259
0.323241
0.152599
-0.021145
-0.315359
-0.020165
0.228828
-0.030005
-0.303165
0.147550
-0.164394
-0.106171
-0.458531
-0.124988
-0.164834
0.248209
-0.090205
1.270834
-0.528696
-0.988733
0.209073
-0.216210
0.176217
0.366082
0.045134
-0.377633
-0.186166
-0.158134
-0.079902
-0.058079
-0.011626
0.031308
-0.006726
-0.385025
0.019642
-0.329188
0.442095
-0.018173
0.425157
0.299843
-0.204626
0.182263
0.672259
-0.476613
0.164276
-0.456965
-0.481914
-0.031255
0.283866
-0.053972
0.057083
0.251087
0.406477
-0.021051
0.052714
0.070182
0.275124
-0.747350
-0.385642
0.386605
-0.405150
0.026932
-0.623132
0.289091
-0.427416
0.175230
-0.251100
-0.357485
-0.539073
0.329195
0.324790
0.217270
0.536866
0.338814
-0.249781
-0.221441
-0.496426
0.022366
0.685378
-0.379528
-0.091679
0.278000
0.173783
0.249038
-0.292548
-0.339606
0.100018
0.078267
-0.540691
0.719865
0.412510
-0.453431
0.454819
0.085455
0.109815
0.237891
-0.099227
0.341812
0.618680
0.694718
-0.229990
0.034803
-0.360215
-0.864531
-0.140536
-0.148532
-0.942759
-0.095743
0.365475
-0.498478
-0.400135
0.766797
-0.702421
0.414649
-0.416238
-0.372127
-0.400129
0.038022
-0.077553
-0.131241
-0.372969
-0.205864
0.204234
-0.141762
0.498897
0.084796
-0.080307
0.130925
0.222199
0.230784
-0.159109
0.401817
0.346394
-0.128658
0.291528
0.346172
0.448371
-0.155716
-0.251045
0.141085
-0.151765
-0.084472
0.390298
1.062461
-0.116996
-0.195969
-0.013497
-0.386506
0.457110
-0.231688
0.265669
-0.046300
0.417103
0.118132
0.242419
-0.408000
-0.383892
-0.660857
0.442028
0.015132
0.751592
0.029089
-0.149614
0.234923
-0.300299
0.416278
-0.188557
0.296017
0.553439
0.270492
-0.302431
0.318785
-0.387906
-0.424609
-0.797633
-0.341926
-0.130403
-0.599211
0.397174
0.439297
0.189098
-0.078882
0.530878
0.215199
-0.244182
-0.216898
0.425007
-0.773532
-0.137043
