-0.317087
-0.066810
-0.112780
-0.680482
-0.246605
-0.059617
0.011477
0.558530
-0.043781
-0.253033
0.279967
-0.605110
-0.472560
-0.174153
0.201561
0.102079
0.168446
-0.672986
-0.300042
-0.088735
-0.418505
-0.699860
0.382818
0.143448
-0.223111
-0.542744
0.014202
-0.272049
0.309993
0.306762
-0.115626
-0.094283
0.077860
-0.804957
1.004348
-0.505797
0.308720
0.029917
-0.392015
0.032239
-0.066959
0.511541
0.478260
0.133475
-0.139964
0.079746
0.794755
-0.015490
0.239659
-0.158962
-0.327475
0.704434
-0.083795
-0.113039
-0.245987
-0.128492
-0.444378
0.028941
-0.190733
-0.444838
-0.642466
0.225460
0.326099
0.022834
-0.253761
-0.184671
-0.305456
-0.335024
-0.256753
0.853933
-0.413816
-0.335063
0.004165
0.351857
0.337344
0.561089
0.078770
0.074421
0.757476
-0.373262
-0.085937
-0.447226
-0.445827
0.545620
0.087341
0.210640
0.673262
0.058703
-0.118897
-0.086917
-0.579211
-0.162176
-0.978934
0.276485
0.351774
-0.106710
-0.273874
0.197820
0.500489
0.220344
0.284035
0.394850
0.479379
-0.437950
0.243750
-0.034903
-0.044428
-0.816514
0.576620
-0.054768
-0.623818
-0.266692
0.111038
-0.251087
0.158144
-0.488207
-0.468666
-0.036163
0.174171
-0.254381
-0.217822
-0.449257
-0.010186
0.170755
0.472343
-0.763223
-0.042604
-0.122636
-0.378555
-0.305560
-0.524386
-0.089015
0.314033
-0.317826
0.044181
-0.348709
-0.067532
0.086758
0.154054
1.487877
0.223992
-0.465355
-0.091949
0.159168
-0.056093
0.187341
-0.378155
0.707473
0.265455
0.529458
0.142683
0.202878
0.652302
0.027443
-0.245073
0.347638
-0.310139
-0.314662
0.095485
-0.823988
-0.376183
-0.021275
0.694273
-0.548094
-0.898848
0.461125
0.716488
0.130593
-0.166816
0.438459
0.066947
-0.577637
0.003589
0.939831
0.198247
-0.105677
-0.307573
-0.363583
-0.767571
0.513090
0.677656
1.013570
-1.052534
-0.765357
0.138959
-0.885410
-0.200342
0.653589
0.190061
-0.104745
0.114139
0.067006
0.625214
0.894194
-0.342495
-0.054312
-0.381070
-0.328530
-0.083854
-0.181752
0.407139
0.041306
-0.235106
0.172028
-0.028971
-0.170987
0.436199
-0.057630
0.277289
0.753749
0.232134
0.039656
-0.075894
-0.318039
0.151305
-0.111269
-0.095470
-1.074839
-0.014598
0.943963
0.034542
0.090246
-0.179698
-0.274630
-0.087224
0.329918
-0.727651
-0.032182
0.193947
-0.113740
-0.600980
-0.701865
-0.187825
0.203309
-0.923096
0.579281
-0.023326
-0.421216
0.273608
0.104804
0.577621
-0.228964
-0.227604
-0.031710
0.329063
0.435425
0.601119
-0.709621
-0.456433
0.012008
-0.264441
-0.036702
0.054837
-0.170868
-0.101521
-0.169425
0.230447
-0.636944
0.492540
-0.072010
-0.089576
0.111766
-0.363875
0.524342
0.031687
0.259585
-0.488040
0.691903
0.385276
0.784371
-0.214448
0.185128
-0.211854
0.237619
0.112434
-0.206063
-0.189951
-0.126754
-0.359055
0.320447
-0.137315
-0.048692
0.374535
0.605603
-0.042971
0.563387
0.388694
0.139914
0.991747
0.595297
-0.784799
0.137143
-0.524891
0.267770
-0.043267
0.239560
-0.273598
-0.314728
0.239446
-0.035790
0.506596
-0.226574
0.595612
-0.276506
0.223897
0.252583
0.380426
0.147052
0.319871
0.435009
0.172873
-0.368663
0.164835
0.323931
0.295513
0.844903
0.376801
-0.314089
-0.473317
-0.054872
-0.105976
0.369742
-0.325015
-0.891197
-0.084797
0.182069
-0.634709
-0.035260
0.663359
-0.242552
-0.220173
-0.360784
0.557273
-0.461789
0.361348
-0.791591
-0.776898
0.561630
-0.298878
-0.559577
0.175395
0.266767
0.001472
-0.150467
0.838943
-0.763336
0.096686
-0.193571
-0.043032
-0.380975
-0.243476
0.211492
-0.885223
-0.586577
0.350372
0.136846
-0.009352
0.277009
0.483091
-0.242918
-0.369438
0.658124
0.465513
-0.195198
-0.070133
-0.123838
0.311692
-0.161261
-0.412124
-0.070636
0.279667
0.239573
-0.390044
0.507827
-0.404139
-0.181009
0.590851
-0.308784
0.551003
0.294779
0.548617
-0.217043
0.180718
-0.225184
-0.429738
0.586867
-0.220171
0.207045
-0.017355
0.197418
-0.288711
0.294028
0.078115
-0.416523
-0.723097
-0.530895
0.264205
-0.130785
-0.388186
0.047953
-0.292579
-0.411138
0.219535
0.746477
-0.269513
0.217658
-0.580221
0.046701
-0.169517
0.776971
-0.778818
-0.209402
0.112437
0.766923
0.548223
0.098632
0.195002
0.324568
0.185160
-0.622748
0.260341
-0.253565
0.702648
-0.686922
-0.753116
0.037409
-0.554782
0.100830
-0.206351
-0.220523
0.302813
0.369605
-0.175533
0.826483
-0.244843
0.170068
0.272195
0.458151
0.290417
0.477497
-0.615129
-0.143057
0.083780
-0.287927
-0.602431
0.075542
0.158728
-0.354007
0.620776
-0.323776
0.309434
0.061682
0.492197
-0.312388
0.104178
-0.163025
-0.513076
-0.591869
0.048084
0.155278
-0.075505
0.255964
0.146299
-0.441347
-0.259611
0.118643
0.314902
0.658094
0.353248
0.894946
-0.409353
0.781524
0.139967
0.378273
0.314954
-0.437820
0.519064
0.906307
-0.230363
-0.606576
-0.126365
-0.318238
0.161089
-0.646981
0.681962
-0.239297
-0.837683
-0.513699
-0.374759
-0.230457
-0.919788
0.020489
-0.193155
0.402645
-0.314370
-0.132296
0.014133
0.858362
0.367268
0.341932
0.259822
-0.313004
0.583890
0.540682
0.389299
0.412546
-0.301919
0.565478
0.365996
-0.055299
0.260401
0.333695
-0.391227
-0.291066
-0.360868
0.281433
-0.147498
-0.137369
-0.231016
0.142046
-0.085655
0.166164
0.418233
-0.267730
0.118078
-0.211873
-0.496309
-0.089308
1.291556
-0.178688
-0.611011
0.060614
-0.144301
0.662109
0.650012
0.140140
-0.209818
0.169816
0.022445
0.780935
-0.012480
0.147207
-0.604533
0.715553
0.268326
-0.291577
0.088294
-0.695081
-0.585082
0.502742
0.454928
-0.741635
0.303218
-0.029400
0.171787
-0.046686
0.117759
0.346673
0.084199
-0.125387
0.437031
0.505442
-0.028897
0.615225
-0.026768
0.303885
-0.333407
0.308762
0.443638
0.034065
0.181898
0.744185
0.453317
0.181582
-0.773680
0.184414
0.252517
0.054530
-0.334281
-0.043731
0.363359
0.275555
-0.773999
-0.287785
-0.452942
0.537141
0.204020
0.631441
0.227530
-0.176985
0.319507
0.310787
0.077616
-0.151667
0.065553
0.538704
0.457949
-0.457031
0.533696
0.686172
0.322553
-0.207653
1.089750
0.195180
-0.570194
0.255184
-0.360698
-0.396504
-0.829467
-0.285530
-0.042324
-0.387638
0.309841
-0.248705
0.042274
-0.173907
0.686613
-0.351880
-0.688781
0.134712
-0.056361
1.591821
0.082614
-0.016231
-0.282915
0.157310
-0.083355
0.227363
-0.679285
-0.623161
0.228840
0.156428
0.738320
0.363464
0.679157
0.803047
-0.191110
0.201067
-0.021188
0.752345
0.456137
-0.742980
-0.667104
-0.354840
-0.557655
0.159332
0.312466
-0.220553
-0.103134
0.035528
-0.844340
-0.088728
-0.657100
0.069916
0.299779
-0.145368
0.678813
0.423689
-0.597171
-1.195049
-0.600416
0.054612
-0.415008
-0.645265
-0.143842
-0.415141
0.034132
-0.223955
0.202355
-0.140007
0.262469
-0.136168
-0.044200
-0.287505
-0.809642
-0.796492
-0.396704
-0.419423
0.044333
0.299587
-0.781525
0.231722
0.384461
0.197734
-0.398380
-0.059784
0.111600
0.505511
-0.102229
-0.095658
0.394530
-0.463283
-0.419087
-0.111453
0.104338
0.369359
-0.392212
-0.797891
0.099770
-0.587007
-0.172282
0.429964
-0.534484
0.638603
0.463399
-0.005113
-0.675478
-0.221418
0.315596
-0.556527
0.100645
0.140092
0.557672
0.241172
-0.350297
0.376708
0.238080
-0.783613
-0.210853
-0.405849
0.504623
0.453480
0.391608
0.067844
-0.570047
0.103647
0.241316
0.384706
-0.583129
0.315037
-0.953801
-0.812737
0.434265
0.388273
0.244317
-0.437448
-0.155452
-0.194164
-0.251184
0.117223
0.649780
0.136571
0.242416
0.609756
0.676735
0.462047
-0.023689
-0.199734
-0.208094
0.064768
0.531768
0.864416
0.134805
0.309014
0.554207
-0.670710
0.190281
0.230428
0.796180
-0.977649
0.637836
0.201874
0.087369
-0.192102
-0.494120
0.476016
0.047207
-0.332895
0.087947
-0.300794
-0.224089
-0.041962
0.231507
-0.423698
0.270930
0.082304
-0.069361
-0.762299
-0.107673
-0.030940
0.836602
0.034295
-0.487798
-0.778351
0.480562
0.367897
-0.346693
0.287259
0.015151
-0.181600
-0.239780
0.197076
-0.407404
-0.071303
0.731102
-0.088144
-0.117223
-0.226189
0.774604
-0.686262
0.565392
0.181734
-0.366008
-0.435282
-0.582407
0.092599
-1.231262
0.635909
0.681526
-0.540091
0.638463
0.206935
-0.332518
-0.038300
-0.394067
0.422035
0.650526
0.051997
-0.668987
0.280021
-0.475904
0.395460
0.860320
-0.570149
0.360613
0.143433
0.339142
0.753694
-0.752482
-0.359090
-0.129743
0.260328
0.193844
0.095058
-0.160098
-0.275449
-0.533386
-1.170526
0.182663
0.412651
0.068610
0.265799
0.358342
-0.404228
0.003862
1.171897
0.451376
-0.193807
0.427852
-0.367375
-0.243010
-0.384413
-0.607287
-0.125367
-0.320494
0.440678
-0.151778
0.004208
0.418722
-1.235973
-0.236247
0.145426
-0.146677
0.798568
-0.275376
0.153271
0.147717
-0.390298
-0.474421
-0.650829
-0.735244
0.018418
-0.387779
-0.144935
-0.338006
0.020326
-0.150715
0.721725
-0.666350
0.249038
-0.013593
-0.259501
0.604505
-0.523667
-0.664082
-0.095691
0.317025
-0.153124
-0.166430
0.555892
-0.379671
-0.207269
-0.422734
0.048253
-0.093587
-0.008478
-0.650768
0.082487
-0.787994
-0.452070
0.184691
-0.294224
0.570701
-0.394121
0.222524
-0.327751
0.011609
0.385834
-0.217724
0.036035
-0.728610
0.063686
-0.470110
-0.790455
0.209526
-0.460253
-0.101255
0.056109
-0.105405
0.751239
-0.190515
0.627681
0.552602
-0.146683
-0.158904
0.146642
-0.512945
0.133261
0.256363
-0.568230
0.735968
-0.403897
0.166717
0.056498
-0.336827
-0.029796
0.908813
-0.111733
-0.099140
-0.243734
-0.011001
-0.105890
-0.086207
-0.174659
-0.080818
-0.038677
0.325293
-0.603740
-0.090413
-0.148543
-0.020157
-0.551357
-0.215078
-0.107545
0.399726
0.210485
-0.316199
0.016202
0.872656
0.112499
-0.015840
-1.168872
-0.130029
0.187712
-0.038290
0.181835
-0.380184
0.080732
0.123389
-0.051174
0.002880
0.200218
-0.378536
0.386630
-0.311532
0.890878
-0.466960
-0.491123
0.647911
1.118780
0.305454
-0.115301
-0.413239
-0.013718
0.043437
-0.238370
-0.055234
0.042851
-0.295858
0.307156
-0.875121
-0.713659
-0.543115
-0.503572
-0.756000
-0.120685
-0.253522
-0.490038
-0.467948
-0.150500
-0.276796
0.318184
0.269449
0.241618
0.083703
-0.001710
-0.652600
0.214720
-0.119185
-0.604352
0.201223
-0.312830
0.328028
-0.086712
0.775215
0.235534
-0.155494
0.293174
0.915999
0.379888
-0.671544
-0.012263
-0.382095
0.053117
-0.244366
-0.064031
0.700395
-0.591466
0.922830
-0.436225
0.310714
0.121576
-0.657308
0.054027
0.288998
-0.568144
0.259241
0.136153
-0.665649
-0.431856
0.230722
-0.079073
-0.497029
-0.778622
0.024232
0.672780
-0.423117
0.302223
-0.375321
-0.640476
0.604090
0.088918
-0.482082
0.411562
-0.453917
-0.264277
0.249205
-0.091931
-0.649659
-0.056935
-0.034724
0.091487
0.307768
0.234843
0.013579
0.382236
-0.380969
0.487844
0.515896
0.153400
0.278221
-0.578062
0.329429
-0.070526
0.404724
0.280337
0.323849
0.189427
0.424865
1.038682
-0.152583
0.202176
1.091677
-0.353396
0.243709
-0.056499
-0.858290
0.069191
-0.034550
-0.755161
-0.445070
0.337630
-0.598810
-0.168504
-0.032404
-0.179677
0.316253
0.745110
-0.084880
-0.498592
0.081902
-0.615442
0.250836
-0.066861
0.286281
-0.290931
-0.218779
-0.009376
0.070812
0.806554
-0.047937
0.540025
-0.032329
-0.085540
-0.295586
0.583044
0.492345
-0.161794
-0.044555
0.899296
0.239446
-0.805147
0.245442
-0.001576
0.357695
-0.268264
-0.271123
-0.417638
0.750200
0.449806
-0.643425
0.497174
0.008392
0.363157
-0.389328
-0.361598
-0.665642
0.264609
-0.040344
-0.430190
0.193862
0.032894
0.551129
-0.011704
-0.070525
0.064922
-0.157622
-0.633924
0.308399
0.161580
0.083230
0.811456
-0.355831
0.314816
0.454145
0.550418
0.031272
0.064132
-0.211179
-0.135673
0.473998
0.089689
0.187086
-0.010166
-0.656211
0.178367
0.049224
0.959865
-0.347206
0.598983
0.488599
-0.173846
0.028327
-0.037320
-0.729196
0.088242
0.132982
0.118656
0.746985
-0.685717
-0.158124
1.045351
0.149016
-0.310894
-0.059048
0.426027
-0.655388
0.535466
-0.776154
-0.756186
-0.147730
0.327140
0.025897
-0.129215
-0.791360
-0.458409
-0.317318
0.144013
-0.278668
-0.432673
-0.018102
-0.132324
0.085587
0.292995
0.551523
-0.065691
0.595258
-0.522490
0.047821
-0.462796
-0.347219
1.176252
0.261443
-0.182605
-0.060015
-0.099433
-0.375322
-0.224011
0.101523
-0.124271
0.601384
-0.565731
-0.219560
0.268716
0.341093
0.331465
-1.019098
-0.593988
-0.219266
0.151334
-0.729122
0.675804
-0.383740
0.336381
-0.255700
-0.174676
-0.577542
0.028076
0.619843
-0.560329
0.006925
-0.472153
-0.183296
-0.714835
-0.366748
-0.482272
0.025818
-0.232540
-0.278169
-0.406243
0.173582
0.321001
0.296803
0.370647
0.353026
-0.029985
-0.094803
-0.260052
-0.327537
0.581707
-0.082977
-0.844906
0.720038
-0.161826
-0.167431
0.221451
-0.455007
0.669752
0.333952
-0.083371
0.160314
-0.108091
-0.314220
-0.145630
0.035141
0.150728
-0.292435
0.352863
-0.785890
-0.335831
0.774420
-0.081051
0.072785
-0.434009
0.648448
0.540222
0.321711
-0.249375
0.230960
0.486381
-0.384074
0.284081
-0.656996
0.872233
-0.060669
-0.273421
0.264307
0.734219
0.541602
0.687402
-0.234223
-0.925501
-0.511220
-0.389913
0.205366
-0.680387
0.352130
0.200623
-0.124107
0.689459
0.242528
0.357252
0.760057
-0.274848
-0.605220
0.400089
0.356548
-0.096430
-0.402236
0.125404
0.688200
0.521801
-0.357594
-0.831397
0.257497
0.370807
0.209140
0.738676
0.390562
-0.272675
-0.294077
0.459337
0.295948
0.328977
0.064430
-0.541311
-0.225185
0.172616
0.640505
-0.049075
0.248637
0.273903
-0.228197
0.074609
0.810278
0.435885
0.250997
0.670461
0.984006
-0.314549
-0.145932
-0.937339
0.046969
-1.039482
0.111505
0.054595
0.137141
0.574239
-0.170113
-0.462380
0.741490
-0.062676
-0.250754
0.630110
0.420823
0.493093
-0.327063
0.164471
0.452109
0.569826
0.292595
-0.189000
0.299582
-0.045849
0.893053
1.425872
-0.193746
0.003768
0.526402
-0.021040
0.258067
0.890857
-0.037713
0.854087
0.266257
-0.083832
0.764062
-0.144243
-0.319695
-0.341227
-0.324501
0.181696
-0.727799
-0.690772
-0.272159
-0.493623
-0.548197
0.184588
0.236921
0.014458
-0.414090
-1.422607
-0.243281
-1.472634
-1.006359
-1.157158
-0.550381
-0.899705
-1.493303
-0.622286
0.145844
-0.258197
-0.463541
-0.469769
-0.243751
0.465132
0.557941
0.133438
-0.746783
0.106544
0.287691
-0.119255
0.347825
1.240008
0.878438
0.596826
0.437913
1.039479
0.953397
1.088120
1.545896
0.935000
0.278166
0.179842
0.789877
1.240976
0.349427
1.292562
0.632597
0.276198
0.732542
-0.183891
-0.748936
0.426040
-0.281823
-1.071183
-0.727337
-1.143038
-0.594903
-0.484143
0.151003
-0.197343
-0.578808
-0.218989
-0.708123
-0.478427
-1.005731
-0.499593
-0.339537
-0.350416
-0.021679
-1.023556
-0.240687
-0.388111
0.799687
0.980579
-0.816077
0.027639
0.059776
-0.050318
-0.337483
0.667404
0.683695
0.568490
0.173799
-0.227266
0.274213
0.697011
0.341465
0.697288
-0.508610
-0.344250
0.726037
-0.374197
0.160585
0.143017
-0.309915
0.046077
-0.169177
0.186691
0.552862
-0.087965
0.722953
-0.533422
-0.508394
-0.654443
-0.476490
-0.095134
-0.042827
-0.634853
-0.303642
-0.114359
-0.255363
-0.235308
-0.781559
0.328809
0.332071
0.467024
-0.511824
0.403359
-0.186190
-0.493828
0.058395
-0.485380
-0.130326
-0.031838
-0.133690
-0.163936
-0.852468
-0.655845
0.604401
-0.848422
-0.003507
-0.331314
0.138797
-0.877606
-0.691204
0.181498
0.210422
-0.135506
-0.592827
-0.543987
0.460301
0.383883
-0.428657
0.300364
-0.234051
0.333759
0.123400
0.331383
-0.227234
0.055098
0.015969
0.040824
-0.530581
-0.193526
0.309453
0.104124
-1.184723
0.174248
0.652613
-0.017497
0.261895
-0.235251
0.085852
-0.142438
0.088241
0.054832
-0.503671
-1.049483
-0.248243
-0.758219
0.114409
-0.682736
0.365488
-0.229243
0.369423
0.736581
0.520612
0.624648
0.040361
-0.005110
-0.444790
-0.165613
-0.384521
0.697860
0.320891
0.940963
0.291411
0.185697
-0.008111
0.279656
-0.045900
1.204484
0.219333
-0.260008
0.220699
-0.257636
-0.006944
-0.918449
-0.293156
0.593863
0.008619
-0.124217
0.206953
-0.447866
0.203275
-0.400441
-0.089824
0.776583
-0.385134
-0.049140
0.696710
0.452202
-0.682748
0.463109
-0.188262
-0.324906
0.453757
0.280271
0.359352
-0.563100
-0.103477
-0.776672
0.263463
0.042464
0.763237
0.147380
0.281597
-0.522484
-0.649047
-0.318341
0.005179
-0.411661
-0.285672
-0.778925
0.098447
0.385363
0.085963
-0.786225
-0.197351
-0.532430
-0.340052
-0.488979
0.083256
-0.214806
-0.062498
-0.189101
0.257306
0.216627
0.577466
0.611817
0.090083
0.371381
1.098774
0.101989
-0.512053
0.683039
0.567583
-0.343716
-0.087047
0.306710
-0.249847
-0.279869
-0.476585
-0.197613
-0.006638
-0.374130
-0.316029
0.079092
-0.386398
-0.383127
-0.440024
-0.282484
-0.007426
-1.012448
-0.926413
0.792944
0.146511
-0.542095
0.333602
-0.095178
0.054765
0.137279
-0.215611
0.777745
-0.347423
-0.079932
0.382682
0.084390
-0.044998
-0.178262
0.516263
0.216302
-0.027050
0.469297
1.226276
0.030216
-0.698522
-0.049045
-0.235795
-0.028878
-0.311174
-0.151031
0.227701
-0.476859
0.043268
-0.817571
0.499534
-0.093511
-0.080574
-0.183297
0.040574
0.001786
-0.001307
0.104154
0.193001
-0.073465
0.326827
-0.228527
0.104780
0.501343
-0.104463
0.408068
0.387591
-0.069322
-0.046851
0.304558
0.195960
0.161771
-0.020745
0.413075
-0.544889
0.105839
-0.414661
0.220736
0.371553
-0.212079
0.120907
0.459325
0.061034
0.167778
-0.826097
-0.486387
0.475722
-0.511551
0.130055
0.056234
0.057212
0.128454
-0.065741
0.587394
0.078387
-0.026274
0.302845
0.905275
-0.029566
-0.104230
-0.280550
0.223320
-0.469158
0.356888
0.331530
0.479170
-0.380912
-0.508252
-0.341374
-0.041743
0.016667
-0.280000
-0.324162
-0.301303
0.333550
0.208997
-0.003583
-0.132974
-0.343630
-0.273715
0.131990
-0.001037
0.041624
-1.099681
-0.370114
-0.760776
0.166794
0.329683
0.332501
0.193236
-1.517393
-0.681416
0.363794
-0.187012
-1.441444
-0.393350
0.487393
0.310183
-0.162665
-0.335061
0.739435
-0.233840
-0.538226
-0.327237
-0.467915
-0.051454
-0.498430
-0.732304
-0.624270
0.963038
0.105663
-0.372841
0.157254
-0.420947
-0.487302
-0.445919
-0.298594
-0.431058
-0.084290
0.397049
-0.077143
-0.494401
0.194569
-0.160283
-0.640543
-0.304233
-0.761774
-0.379488
-0.703656
-0.602616
-0.351362
-0.092549
-0.015466
0.202614
-0.326260
0.354797
-0.067548
0.660628
0.565093
0.087680
-0.453415
0.237422
-0.191895
-0.473680
0.628568
0.194262
-0.007422
0.285144
-0.181622
0.240499
-0.414644
0.499535
0.619136
0.541384
0.285639
0.597301
-0.067847
0.693530
0.336408
-0.247037
0.674014
-0.943177
-0.069458
-0.837537
0.100881
-0.049504
-0.607488
0.091845
-0.401751
0.080074
0.276498
-0.075407
-0.570857
-0.047744
-0.368877
0.214294
-0.547465
0.120542
-0.041086
-0.123080
0.626993
-0.076541
-0.151582
-0.007005
0.243231
0.190049
0.129864
-0.241813
-0.471921
0.406627
-0.577311
0.000539
0.294038
-0.259681
0.346664
0.518415
-0.052043
0.506677
0.574284
0.228478
0.255152
-0.255442
-0.630649
-0.451055
0.515193
-0.031486
0.030099
-0.508192
0.344175
0.659126
0.516276
0.354290
-0.734226
-0.352073
0.221864
-0.297513
-0.235215
-0.116316
0.223487
-0.540655
0.126703
0.311083
0.071508
-0.008059
0.399407
-0.311403
-0.271765
0.086730
0.205819
-0.214839
0.047337
-0.324594
-0.277355
0.035166
-0.239505
-0.575994
0.101403
-0.302411
-0.415790
0.041407
0.051494
0.115689
0.525358
-0.226242
0.141077
0.138677
-0.229299
-0.187433
-0.054594
0.531269
-0.246932
-0.035988
0.379420
-0.319005
1.204977
-0.344381
0.640988
0.038638
0.051731
0.601874
-0.250562
0.896594
-0.156347
-0.296382
-0.070702
0.583930
-0.331976
-0.383909
0.075498
-0.389312
-0.177031
0.369736
0.694089
0.720386
0.230009
-0.313509
0.200027
-0.036906
0.735713
0.691424
0.018953
0.416043
0.243191
-0.532724
-0.040991
-0.079408
-0.004802
-0.283611
0.064510
-0.709227
0.072435
0.332140
0.136359
-0.542774
-0.209001
-0.005922
-0.478378
0.140935
-0.231528
0.314722
0.424457
0.579242
-0.109908
-0.411351
-0.101940
0.109183
-0.097350
0.459833
-0.104891
0.886423
0.611674
-0.238914
-0.825725
-0.231281
0.326845
0.298654
-0.306238
0.318250
0.575333
-0.698439
0.060954
-0.923813
0.059383
0.210414
0.366802
-0.496095
-0.317317
0.895862
-0.729352
-0.469915
0.044906
0.714262
0.608603
0.044698
-0.417673
0.082558
-0.134746
0.333744
-0.486354
-0.252631
-0.049988
0.009226
-0.064517
0.089315
0.058298
0.420256
-0.004331
0.141751
-0.016191
-0.055658
0.194500
-0.094301
0.203497
-0.045333
-0.174203
0.021787
-0.135454
-0.275963
0.200298
-0.401278
0.005204
0.067805
-0.410748
0.613106
1.182125
0.265389
-0.047248
0.555272
-0.370634
-0.376710
0.339610
0.353977
0.503597
-0.152318
0.310634
-0.398489
0.252114
0.153763
-0.151868
-0.027997
0.086439
0.237287
0.315185
-0.074839
0.581319
0.960541
0.829849
-0.005885
-0.288249
-0.250904
0.513204
-0.236543
-0.752704
-0.116024
-0.312321
-0.474085
-0.412298
-0.718556
-0.020849
-0.329140
-0.432695
0.353421
0.612983
-0.130530
0.223332
-0.986157
0.103735
-0.050746
0.439905
0.595246
-0.344856
-0.052943
-0.940082
-0.065098
-0.744516
0.264339
0.363168
0.562207
-0.264705
-0.393098
-0.191375
0.224549
-0.951391
0.421414
-0.777220
-0.375901
0.363012
0.334983
0.169125
-0.667064
-0.580439
-0.846453
0.078895
0.125556
-0.764479
-0.224746
-0.207676
-0.161626
-0.344992
-0.142139
0.920971
-0.270263
-0.200328
0.419699
-0.875230
-0.349017
-0.133776
0.059146
0.303208
0.028008
0.316321
0.164582
0.236074
-0.293224
0.138579
-0.049503
0.517919
0.164464
-0.255257
0.281865
0.323609
0.261388
0.232430
-0.254906
-0.180257
-0.260651
0.483799
0.019530
0.056780
0.257295
-0.129432
1.195887
0.480513
-0.687089
0.357099
-0.345530
0.364129
0.184470
-0.525274
0.312271
-0.436491
0.296005
-0.037816
0.462428
-0.124699
-0.091028
-0.011123
0.070329
0.017083
0.055870
0.030649
0.110883
0.258688
0.457836
-0.106725
0.364743
0.045171
0.077805
0.048562
0.176189
-0.763625
0.144853
-0.174373
-0.209821
0.144405
-0.065076
-0.969539
0.131860
0.011029
-0.422383
-0.052328
-0.734848
0.359584
0.027530
-0.471961
-0.245994
-0.198068
-0.267582
-0.461979
0.397578
-0.333078
0.241432
0.125250
0.429379
-0.500037
0.795970
0.109797
0.448900
-0.262183
0.838770
-0.400351
-0.710183
-0.127510
0.154260
-0.531158
-0.599946
0.503556
0.094590
-0.633282
0.268205
0.452845
-0.049588
-0.235528
0.052200
0.203512
-0.262939
0.390600
0.005962
-0.317295
0.012113
0.162294
-0.431172
1.248831
-0.146910
-0.256296
0.298840
0.065568
0.316363
-0.232073
0.266346
0.085716
0.156966
0.165153
0.501988
0.113723
-0.431062
0.691831
0.396460
-0.064925
0.527264
-0.384185
-0.763252
0.003258
-0.326085
-0.140417
0.278847
0.075524
0.530398
0.419821
0.079609
0.211255
-0.113176
-0.411664
0.033055
0.530744
0.482915
-0.207713
0.020661
-0.203364
0.488642
-0.316538
-0.511818
0.011245
0.266020
0.365246
-0.130705
0.092560
-0.622589
-0.441327
-0.092209
0.188779
0.159784
-0.515857
0.558519
-0.218631
-0.343739
0.115540
-0.414075
-0.280609
0.270890
0.531879
-0.794561
-0.426921
-0.491015
0.315734
-0.108017
-0.314528
0.138948
0.429374
-0.383524
-0.694396
-0.568694
0.104895
0.201668
0.177726
-0.222002
0.542994
0.760444
0.485266
0.651992
0.083540
0.725122
0.007893
0.352318
-0.036423
0.436040
-0.616791
0.336969
-0.194727
0.436491
0.712538
0.163301
0.053766
-0.159662
-0.142350
0.607216
-0.019027
0.033170
-0.168143
0.130304
0.002111
0.045822
0.591276
0.514392
0.099475
0.233504
-0.376312
-0.285350
0.272487
0.345987
-0.113525
-0.386496
-0.453715
0.055363
-0.269902
-0.105812
0.294643
-0.005497
-0.612014
-1.030786
0.299982
0.157368
0.349081
-1.241290
0.051793
0.001218
-0.265779
-0.543232
0.315409
0.819767
0.128463
0.475379
0.467240
-0.179650
0.059811
0.022670
0.588922
-0.040487
-0.599653
-0.392983
-1.222121
0.207900
-0.438409
0.040590
0.329384
-0.510147
0.951041
0.079773
-0.125036
-0.240678
-0.776342
0.056124
0.061925
-0.081778
0.398239
0.112463
-0.344597
-0.220017
-0.493016
0.364490
0.294563
0.114478
-0.128185
0.004552
0.571603
-0.401774
0.116927
-0.186638
-0.357550
-0.161069
0.068752
0.589332
-0.020800
0.130672
0.016069
0.445757
0.645245
0.594777
-0.132325
0.030622
-0.287728
0.269654
-0.144966
-0.188425
-0.047846
0.233333
0.164944
-0.385326
0.508811
0.843059
0.702407
-0.423321
0.708673
-0.655526
0.093494
-0.715428
0.323700
0.880003
0.916523
-0.209558
-0.218717
0.600538
0.224331
-0.364341
0.172274
0.178606
0.533473
-0.436249
-0.045224
-0.113323
0.164612
0.391776
-0.074375
-0.120593
-0.725219
0.275308
0.247756
-0.013840
0.514197
-0.276285
-0.074044
-1.035810
-0.462630
-0.492761
-0.224073
-0.552723
-0.463811
-0.510109
-0.066211
0.388282
0.300799
0.270963
-0.323358
-0.594563
0.269339
-0.036451
-0.004230
-0.490496
-0.813918
0.299368
0.689865
0.641974
0.467820
-0.642855
0.929550
-0.444298
0.178515
-0.793853
-0.206855
0.123084
0.188990
-0.040256
-0.037021
0.431967
-0.329592
0.861519
-0.115752
-0.229037
0.421480
0.082582
-0.484366
-0.487954
0.072120
0.020908
0.248079
-0.136215
-0.349570
-0.325032
-0.025288
-0.326881
-0.401307
0.055444
-0.210338
-0.396872
-0.511322
-0.157390
0.182287
0.406407
0.516459
0.237773
0.413614
0.236436
0.059407
-0.270393
0.127205
0.053680
-0.592935
-0.587739
-0.324401
-0.094159
-0.043941
0.563886
-0.291497
-0.073546
0.670096
0.768895
0.000525
0.073931
-0.396860
-0.216210
-0.484511
0.686693
0.380335
-0.041991
0.145934
-0.495030
0.262096
-0.073863
-0.093362
0.342295
0.075511
-1.068545
1.187415
-0.210298
0.454549
-0.151980
-0.146492
0.434586
-0.087706
-0.357751
0.419840
0.216710
-0.515068
-0.726513
-0.136472
-0.340158
0.484953
0.718140
0.281381
-0.273588
-0.303869
-0.013445
-0.087169
-0.045005
0.436367
0.153837
-0.638960
0.272631
-0.458561
0.261100
0.218294
-0.325831
0.571751
-0.188942
-0.216923
0.406656
0.070420
0.587082
0.229510
-0.463300
-0.883419
-0.015674
0.063027
-0.384488
0.510943
-0.307677
-0.334342
0.431280
-0.756527
0.520727
-0.659736
-0.622855
0.388648
0.389870
-0.213629
0.025393
-0.203727
0.454526
0.240501
0.278086
0.119653
0.162018
0.416486
-0.317276
-0.361761
-0.157560
1.238902
-0.930527
-0.074803
0.414250
0.236033
0.175597
0.338790
0.066967
0.014993
-0.307673
0.280969
0.266044
0.598727
0.076872
-0.042137
-0.338259
0.121287
-0.175442
-0.284274
0.044704
-0.236044
-0.195736
0.081967
-0.031445
-0.266429
-0.003264
0.131803
0.564812
0.359554
0.008480
-0.351293
-0.484416
0.148781
-0.259470
-0.634476
0.111050
0.187757
0.159793
-0.156612
0.201662
-0.454783
-0.073748
-0.195672
-0.574923
-0.150467
-0.112266
-0.152027
0.143802
0.319531
0.739984
0.595627
-0.317557
-0.114231
0.449314
-0.404215
-0.352310
0.986250
0.357011
-0.277197
0.074287
-0.054593
0.203372
-0.161564
0.238256
-0.186454
-0.479861
0.067178
0.347830
-0.199630
0.162073
-0.144140
-0.256658
-0.163556
-0.214910
0.767411
0.056816
-0.240764
-0.170325
-0.029906
-0.215634
-0.296781
-0.261918
0.088666
0.743605
0.696834
1.139349
-0.625294
-0.248444
0.130994
0.394901
0.172375
-0.286741
-0.722334
0.456757
0.390553
-0.079745
-0.297892
0.332968
-0.614877
0.039452
-0.071660
-0.299619
1.360961
0.330805
0.442017
0.829233
0.546701
0.037785
0.059004
-0.501856
-0.528849
0.485251
0.216587
-0.356885
-0.321276
-0.360975
0.050206
-0.399664
0.342415
0.870977
0.265914
-0.162619
-0.128092
0.050491
-0.038951
0.832988
0.048748
-0.368707
0.314823
-0.192125
0.665338
-0.620466
-0.420002
-0.909544
0.743136
0.133197
0.310274
-0.716522
0.097489
-0.470623
-0.407311
-0.479939
0.450604
-0.030650
-0.042254
-0.085307
0.104772
0.695663
-0.359281
-0.317922
0.255242
-0.489057
0.783604
0.016751
-0.153877
0.349986
-0.328379
-0.287365
-0.036372
-0.165607
-0.203725
0.361514
0.588241
-0.480703
0.023427
-0.092042
-0.381218
0.110661
0.381009
0.815260
-0.207201
-0.156642
0.060624
1.003116
-0.102775
0.106586
0.400132
0.210829
-0.738331
0.446361
-0.039518
0.347825
0.233844
0.188749
-0.685422
0.684109
0.119418
0.220324
-1.017810
0.413724
0.230335
0.322194
-0.004645
0.280094
-0.401164
-0.359971
-0.471065
-0.802803
0.506417
0.062413
0.192430
-0.203660
-0.037412
0.027424
-0.520849
0.492911
-0.176353
-0.587289
0.220764
-0.335933
0.172383
-0.242847
0.214099
0.508452
-0.103296
-0.087941
-0.418535
1.290224
0.191635
0.461621
-0.048472
-0.014962
-0.338405
0.233232
-0.178461
0.575246
-0.215438
0.320320
-0.699080
0.321443
-0.476827
-0.063787
0.546249
0.367954
0.236468
-0.074929
0.116638
0.381308
0.669299
0.048971
0.094238
-0.527177
-0.045330
-0.238671
-0.672886
-0.243636
0.085723
-1.052337
0.147913
-0.090407
0.363679
0.140219
0.535770
0.673481
-0.053121
0.349074
-0.259628
0.357029
0.678264
0.405511
-0.556975
0.101337
0.012153
-0.100629
-0.540592
-0.005909
0.401719
-0.126632
0.104131
0.549004
0.222110
-0.056913
0.097464
-0.165831
0.396130
-0.175052
-0.177863
-0.195931
-0.252444
-0.037280
0.007553
-0.266363
0.336210
0.250186
0.746000
0.832392
0.044749
0.169824
0.099230
0.462217
-0.486847
0.463445
-0.298709
0.502176
0.320172
-0.789632
0.650964
-0.474229
0.771245
-0.108575
-0.170839
-0.267355
-0.034393
0.357767
0.266159
0.425540
0.789069
-0.117342
0.140245
0.692824
0.008302
-0.427425
0.559924
-0.158874
0.157816
0.296735
-0.138881
-0.370565
0.042511
0.593131
-0.016020
0.142386
-0.301219
0.062360
-0.037549
-0.142499
-0.062394
-0.091508
0.008160
-0.425349
0.176369
0.179095
-0.476559
0.045587
-0.049462
0.078050
-0.470980
0.184691
0.015212
-0.378204
-0.226040
0.018748
0.509848
1.014906
0.341872
0.384880
0.293451
-0.245517
-0.145592
-0.484483
0.269733
-1.124026
0.807398
0.326480
0.086507
-0.113188
-0.413690
0.565327
-0.544537
-0.556670
0.612554
0.071310
0.603612
-0.042571
0.057123
-0.097402
-0.151716
-0.127337
0.665383
-0.503533
0.327562
-0.312741
0.377906
0.543694
-0.774353
-0.306948
0.386220
0.370678
-0.838788
-0.198819
0.556179
-0.471282
-0.106360
0.373202
-0.679693
0.936624
-0.538666
0.328911
0.371479
-0.086835
-0.247771
0.018585
0.292962
0.549477
0.329108
-0.139009
-0.021092
-0.616403
0.377264
0.889876
0.114859
-0.683463
0.518004
0.587204
-0.257233
-0.484926
-0.079270
-0.236643
0.016993
1.353382
-0.060873
0.467579
0.143564
-0.737324
-0.573666
-0.213207
-0.275482
-0.217172
0.554858
0.271194
0.591678
1.091876
0.181010
0.041249
-0.276863
-0.296725
0.595603
0.152926
0.628655
0.999660
0.160872
0.434790
-0.329087
0.373941
-0.203120
-0.052258
0.284692
-0.152372
0.124326
0.197777
0.228196
-0.824781
0.278335
0.338264
-0.171782
-0.233276
0.569815
0.454123
0.146736
-1.128570
0.305503
-0.169917
-0.289911
0.141606
-0.050408
-0.294777
0.232658
0.629210
0.290418
-0.265147
-0.598160
-0.345993
0.066315
-0.391110
0.335916
0.390744
-0.169952
0.144790
-0.000817
-0.049342
-0.140233
-0.427964
0.349792
0.178938
-0.502769
-0.538815
-0.104202
-0.024455
0.440304
-0.112864
-0.264146
0.051514
-0.035933
-0.189168
0.091877
-0.486536
0.444880
-0.319524
-0.614469
0.265928
-1.128943
0.494722
-0.031814
0.327924
-0.294740
0.296913
0.368025
-0.424610
-0.504576
-0.532864
0.075961
0.258010
0.697208
-0.630796
-0.055229
0.368869
0.034665
0.691935
-0.001602
-0.161566
-0.210991
-0.667181
-0.181917
0.544655
0.212999
0.036072
-0.130655
-0.160972
0.023870
-0.711860
-0.065150
0.207137
-0.709739
-0.136701
-0.734024
0.665539
-0.140933
1.107833
0.049531
0.279037
-0.595072
-0.110401
-0.144350
-0.155357
0.043588
-0.621491
-0.040214
0.441488
-0.124088
-0.993984
0.239453
0.356622
-0.206889
-0.233847
0.002574
-0.361102
-0.855538
-0.246549
-0.344958
-0.701120
-0.706692
-0.157959
0.146150
-0.162166
0.210769
0.358048
0.284728
0.058761
-0.421245
0.072243
0.283062
0.036870
-0.263652
-0.944617
0.554034
0.618098
0.137908
-0.517585
-0.356616
-0.368090
-0.191232
0.453715
-0.188901
-0.655671
0.353843
0.741391
-0.369773
0.017010
0.094960
0.111034
-0.308612
-0.876811
-0.856691
0.538646
0.497807
0.246133
-0.148216
0.058360
-0.329053
0.125812
0.249023
0.128319
0.046535
0.209435
-0.093208
-0.469983
0.254944
0.013343
-0.408608
-0.435668
-0.508825
-0.133957
-0.013353
-0.336205
0.028605
-0.002445
0.329338
-0.734528
0.011834
0.145230
0.422059
0.048599
0.966455
-0.033874
0.337763
0.396682
-0.143107
-0.131449
0.441389
-0.087339
-0.187735
0.613029
-0.047309
-0.261564
-0.392284
0.229052
-0.400335
0.041435
0.029821
-0.492399
-0.514498
0.315538
-0.433980
0.829314
-0.222443
1.104150
0.196216
-0.162245
0.313725
0.842480
0.177420
-0.166214
-0.329158
0.207798
-0.356647
0.699396
0.559305
-0.041136
-0.336731
0.408852
-0.525312
-0.099966
-0.217575
-0.640436
-1.147359
0.959351
0.131824
0.046522
0.367541
0.060231
0.160782
-0.281369
-0.158846
-0.251876
0.108754
0.589261
-0.054636
0.230409
-0.200643
-0.141961
1.183549
0.258442
0.725938
-0.053811
-0.050989
-0.739027
-0.249430
-0.252992
-0.578346
0.282463
-0.108053
0.066516
0.028835
-0.314266
-0.440373
0.486267
0.305168
-0.455992
0.013585
0.530476
0.301490
0.044192
-0.385682
0.108746
0.322813
0.177393
0.630334
-0.124804
-0.245740
0.333642
0.055861
-0.334993
-0.069898
0.285988
-0.063529
-0.127603
0.007125
0.546306
0.304091
-0.122302
-0.811831
0.402577
-0.023168
0.572704
-1.149818
0.284594
-0.100621
-0.256443
-0.402352
-0.145020
0.002751
1.003430
-0.367369
-0.207122
-0.296363
0.650534
0.074551
-0.665281
0.099298
0.624760
0.394955
0.652696
-0.453269
-0.260378
0.805529
0.284461
-0.023618
-0.672665
0.140571
-0.163955
0.679900
0.176536
-0.051577
0.268940
-0.018532
-0.362558
-0.178657
-0.242075
0.248073
0.168429
-0.010567
-0.369576
-0.712469
-0.626492
0.523529
0.100092
0.416974
0.320790
0.555948
0.362493
-0.099250
-0.214166
-0.251260
0.214066
0.420889
-0.007762
-0.172946
-0.421710
-0.299087
-0.514317
-0.271771
-0.414259
0.054339
-0.282016
0.074592
0.731941
-0.005238
0.112726
0.810717
0.044580
0.005569
0.542468
-0.278035
0.105329
-0.067470
-0.454692
1.100541
-0.319567
-0.452600
0.130687
0.086541
-0.495040
0.116437
-0.372596
0.318571
-0.023542
0.467487
0.332238
0.085139
0.466446
0.345121
-0.088825
-0.294725
-0.075059
0.249522
0.014824
0.610407
-0.057242
0.401628
-0.900311
-0.096685
-0.726230
0.916522
0.458783
0.128324
-0.210474
-0.099269
0.594488
0.400112
-0.174712
-0.643091
-0.259878
0.606526
-0.025819
-0.087096
0.092545
-0.203052
-0.285053
0.073177
-0.241256
0.079907
0.379817
0.119199
-0.069676
-0.280384
-0.214183
-0.866839
-0.595023
0.089038
-0.565403
0.143828
0.449377
-0.240595
0.065995
0.027800
-0.227954
-0.149557
-0.004234
0.033562
-0.422485
0.025342
-0.371162
-0.556848
-0.976725
-0.364486
0.179496
1.091947
-0.182927
0.513707
0.284112
0.762179
0.117159
1.035969
-0.408933
0.116096
0.446750
-0.278964
-0.053707
-0.320053
0.026264
0.504086
-0.023958
-0.196615
0.054206
-0.684274
-0.876005
-0.631398
-0.519783
0.163589
0.028389
-0.246080
-0.129714
-0.478443
1.113944
0.169538
-0.073989
0.753930
-0.157093
0.055981
-0.075313
-0.599056
0.013381
-0.451356
0.809035
0.210396
0.185439
0.378835
1.024570
-0.324729
0.020451
0.744651
-0.447257
0.543528
0.209289
0.356617
-0.303344
-0.359626
0.130777
0.370051
-0.467561
0.373815
-0.445826
0.796874
0.339951
0.497854
0.198082
0.776128
0.458740
-0.011957
0.227724
0.024155
-0.012812
-0.898655
-0.182443
0.234596
0.363432
-0.204623
0.013077
0.104059
-0.211158
-0.112523
0.186043
0.200692
0.558342
0.149663
0.098078
0.416606
-0.231957
0.198928
0.410912
-0.107794
-0.030290
-0.324092
0.072628
-0.162519
-0.090595
-0.110655
-0.237621
-0.123854
0.030832
0.295353
0.283821
0.360087
0.315047
0.066980
0.176320
-0.114117
0.009224
0.176385
0.388471
0.077512
-0.333873
-0.287688
0.354645
-0.136710
0.465612
-0.194615
-0.322996
0.000336
0.324571
-0.239071
0.257826
-0.338867
0.681234
0.693281
0.315439
0.199522
-0.112693
-0.235019
-0.359432
-0.047330
-0.485504
-0.386614
0.093579
-0.679821
0.631423
-0.305227
0.009956
0.395194
0.556042
-0.249611
0.540317
0.509911
-0.553121
-0.158889
-0.979258
-0.363751
0.114703
-0.064206
0.078734
-0.080931
-0.045536
-0.198779
0.582413
-0.199023
-0.174638
-0.270284
-0.118818
0.006041
0.455862
0.168739
0.529314
0.057408
0.842757
-0.522863
-0.365605
0.568992
-0.213588
0.098584
0.012635
-0.052975
-0.433761
-0.418368
0.431419
0.045288
-0.495849
0.047142
-0.324275
0.027023
-0.785167
0.309674
0.132588
0.052687
0.026595
-0.582237
0.486806
-0.256303
-0.020731
-0.380457
0.520734
0.066481
-0.358957
0.584506
0.476117
-0.610146
-0.438177
0.074143
-0.035047
0.062960
0.178401
-0.150855
0.443160
-0.039553
-0.298178
-0.313140
-0.178898
0.363183
0.262726
-0.166619
0.060139
-0.055895
-0.233465
0.125574
0.239061
-0.037812
-0.985123
0.456583
0.055214
0.415729
-0.234419
0.239436
0.281221
0.729227
-0.502724
-0.510615
0.060704
0.378617
0.198103
-0.987779
0.047335
0.019442
-0.137953
0.264117
0.179948
-1.127598
-0.053214
0.353839
-0.587160
0.393261
-0.756919
0.005002
0.082722
-0.026581
-0.057995
-0.208794
-0.015433
-0.284361
0.102150
-0.376441
0.049310
0.373495
-0.170966
0.328111
0.339313
0.393201
0.123154
-0.084106
-0.109699
-0.137671
-0.775659
-0.301489
0.078306
0.345397
0.001390
0.314614
-0.192563
-0.166370
-0.189124
0.423247
0.505229
-0.084681
0.464110
0.059451
0.000245
-0.428625
0.051580
-0.617660
0.229071
-0.011457
0.170615
0.066309
0.829667
-0.483845
-0.017148
-0.525632
0.191410
0.589362
-0.894684
0.475645
-0.146102
-0.046272
-0.358927
0.085685
-0.609671
-0.040043
-0.012760
0.174693
-0.099869
0.282707
-0.113669
-0.303442
-0.495098
0.457608
-0.184866
-0.297171
0.132498
-0.510331
-0.710897
0.325584
-0.522016
-0.616452
0.072866
-0.317705
-0.726047
0.406589
0.285481
-0.395888
-0.236275
0.256841
0.317575
-0.357221
0.481379
-0.137190
-0.535817
-0.254458
0.162769
-0.415830
0.566406
0.098589
0.077797
-0.095363
0.233427
0.258049
0.124039
-0.176725
0.306090
-0.001375
-0.407930
0.384600
0.416008
-0.196997
-0.253909
-0.237338
-0.052615
0.019681
0.071795
-0.341460
-0.037008
-0.812531
-0.037287
0.078160
-0.070448
-0.016962
-0.604242
-0.201851
-0.172664
-0.452451
-0.161942
0.038583
-0.050535
0.120751
-0.219203
0.080713
-0.004159
0.085321
0.397786
-0.197257
0.666404
0.881073
-0.059711
-0.909924
-0.027580
-0.134052
-0.623195
0.222301
0.528346
0.815122
-0.357258
-0.057588
0.505983
0.610168
-0.267400
-0.181432
0.200754
0.037124
0.328660
-0.529443
0.367081
-0.324130
-0.305931
-0.591646
-0.070922
-0.236321
-0.213540
0.196519
-0.310862
0.243526
-0.444681
-0.304742
0.262189
0.510192
0.344274
0.043633
0.238261
-0.160297
-0.049170
0.112821
-0.113957
-0.808096
0.247931
-0.002941
-0.205412
-0.025253
-0.777091
0.048583
-0.048320
-0.019648
0.422788
0.474329
0.063797
0.028445
0.553401
0.147687
0.010406
-0.396264
-0.837442
0.239779
-0.227292
0.326696
-0.214418
-0.301946
-0.225851
-0.164699
-0.590295
-0.023586
-0.093791
-0.127308
-0.000894
-0.207261
-0.091318
0.289574
-0.059843
-0.231923
0.097706
0.283818
0.158497
0.257771
0.127782
-0.079671
-0.430338
0.023892
0.200964
-0.454585
-0.117062
-0.453465
-0.278346
-0.342813
0.418575
0.268255
-0.631417
0.132021
0.199841
-0.326868
0.498402
0.180621
0.286734
-0.025667
0.122999
-0.693716
-0.004109
-0.057112
0.156361
0.335249
-0.770040
0.940091
0.006849
0.427119
-0.272092
0.407409
0.452997
-0.706033
0.140884
-0.207692
0.074041
0.515113
0.339450
-0.367950
-0.775577
-0.562169
0.482583
0.017103
-0.453750
0.680309
-0.878199
0.069589
0.312932
-0.172305
0.067389
0.447137
-0.353604
-0.133351
0.768333
0.084564
-0.418666
-0.469531
-0.480968
-0.149585
0.034897
-0.621805
-0.101546
0.191638
-0.180491
0.453553
-0.240638
-0.051214
0.059716
-0.229869
0.177925
0.393151
-0.040861
-0.545085
-0.822328
-0.121385
-0.486626
1.037506
0.680570
0.257656
-0.248977
-0.014474
-0.486691
-0.243601
-0.073375
0.688488
0.171465
-0.233413
0.276851
-0.216922
-0.478555
-0.128598
0.902739
0.364766
0.419732
-0.274195
-0.204098
-0.351316
-0.535522
-0.142423
0.171768
0.715584
-0.386919
0.017512
-0.462720
0.438040
0.159183
-0.442054
0.551559
0.347756
0.291476
0.534024
0.027344
-0.267978
0.434769
0.230513
-0.252886
-0.059083
0.172151
-0.872530
0.273292
-0.390974
0.196916
0.445472
0.392223
0.005470
-0.486938
-0.137362
0.528376
-0.095564
-0.506131
-0.269079
-0.094174
-0.288316
-0.003712
0.414558
-0.500894
0.230072
0.089294
-0.001062
0.202288
-0.548607
0.405568
-0.118007
0.102282
0.647503
-0.547360
0.208819
0.406628
0.495865
-0.080586
-1.114379
0.192135
-0.400488
0.076676
-0.468416
-0.104104
0.233008
0.383907
-0.540523
-0.435271
0.739801
-0.361235
0.067919
0.123102
0.071916
-0.074367
0.497068
0.499379
-0.239794
-0.716438
0.271277
0.730525
-0.391813
0.151513
-0.674112
-0.083894
0.552843
0.044616
-0.258592
-0.057746
-0.272219
0.197744
0.410906
-0.120028
