1.138711
-0.738580
-0.058935
-0.179113
-0.180992
-0.121335
0.395119
-0.150703
0.122259
-0.084117
-0.468794
0.201161
-0.262928
0.040657
0.386595
-0.026976
0.642890
-0.380645
-0.352806
0.418009
0.531990
-0.186073
0.211852
-0.305104
0.081881
0.088574
-0.385913
0.529302
0.208114
-0.609045
0.132704
0.316123
0.490783
-0.534894
-0.227676
0.035009
-0.536833
0.055647
-0.357747
0.375780
0.365098
-0.208325
0.080944
0.369331
0.398503
0.171915
-0.698305
-0.116543
-0.064419
-0.277057
0.111961
-0.138180
-0.439634
-0.359522
-0.410955
0.304209
1.044721
-0.733320
0.135803
-0.281452
0.176697
0.294480
0.168846
-0.485418
0.514572
-0.702997
0.040548
-0.131427
-0.656256
0.017100
0.576970
0.403418
0.497697
-0.588480
0.084911
0.031490
0.915513
-0.167284
0.496346
0.382197
-0.203023
0.646251
-0.305936
-0.383517
0.066544
0.258895
0.135063
0.077554
-0.196127
-0.597098
0.630019
0.033445
-0.111411
-0.548678
-0.172214
0.321398
0.458560
0.326212
0.066434
0.516593
0.253073
0.293056
-0.177148
-0.444797
-0.135040
-1.188749
0.853260
-0.405361
-0.004368
0.100422
-0.338333
-0.324850
0.379485
0.254156
-0.002576
0.105896
0.210362
-0.414300
0.393424
0.413628
0.283005
-0.936073
0.442327
0.482807
0.020472
0.387164
0.112663
-0.215111
0.982050
-0.006591
-0.021363
-0.499465
-0.240730
-0.505301
-0.375729
-0.108175
0.906497
0.689766
-0.473602
0.485752
-0.953036
-0.173980
0.011968
-0.327938
0.035862
0.339673
-0.124007
0.527544
0.557792
0.338759
0.265522
0.288345
-0.719340
0.510285
0.643833
0.132446
-1.042197
-0.252446
-0.177947
0.457003
0.221548
0.624007
-0.426241
-0.853440
0.488896
-0.053690
-0.235257
-0.500457
0.376181
-0.480086
0.210221
0.229405
-0.635582
-0.096732
0.710384
0.942974
-0.337551
0.059245
0.099686
-0.082471
-0.149841
-0.216533
0.380312
-0.068068
0.211661
-0.005191
-0.226767
0.170411
0.058551
-0.514672
0.367216
0.512035
0.105165
-0.381043
-0.148057
0.575572
0.690720
0.055327
0.027825
0.260344
-0.277858
0.134716
-0.168206
-0.165000
-0.402372
-0.519016
0.056052
0.437969
-0.257572
0.220235
-0.224079
0.332206
0.334263
-0.244339
-0.493558
0.033971
-0.606678
0.192333
0.590404
-0.080789
0.095280
-0.844550
0.278467
0.033097
0.372573
0.788154
0.306735
-0.129568
0.276357
-0.031335
0.416220
-0.337475
0.365826
-0.811937
-0.104065
0.116575
-0.125686
0.195996
0.355500
-0.198424
-0.013722
0.472947
0.061101
0.020505
0.011793
-0.587247
-0.416735
0.583261
0.267707
0.157042
0.174976
-0.270802
-0.002264
0.105203
-0.091368
-0.096915
0.399567
0.303588
-0.363612
-0.581964
0.039606
0.175776
-0.103504
0.245115
0.560126
0.244375
-0.214999
-0.043532
-0.340095
-0.329669
0.240124
-0.214332
-0.399178
-0.112423
0.357457
0.024794
-0.187378
0.003476
0.432179
-0.071196
0.071829
0.072611
0.598069
-0.044152
-0.149671
0.121076
-0.660283
0.667029
-0.085574
-0.056873
0.623475
0.121159
-0.289608
-0.348420
0.035182
-0.367315
-0.317423
0.003180
0.731744
-0.097424
0.039173
0.245814
-0.710705
0.643673
-0.214274
-0.285778
0.291331
-0.225583
-0.105791
-0.238476
-0.338695
-0.720638
1.166746
0.618467
-0.702321
-0.676717
0.609788
0.443038
-0.066931
1.124759
0.173377
-0.177594
0.370527
-0.405007
0.054541
-0.815271
0.096175
0.436842
0.242143
0.831519
0.251632
-0.655439
0.132613
-0.136168
-0.345053
-0.767803
-0.551627
0.437954
-0.035463
-0.488021
0.137300
0.348216
0.199793
0.028846
0.521391
0.200335
0.024595
0.165556
0.049615
-0.500206
0.077493
-0.032848
-0.052480
-0.128344
-0.277306
0.064198
0.179636
0.499372
-0.511633
0.259618
-0.242687
-0.081191
-0.127268
-0.175973
0.041086
0.300593
0.293617
-0.194584
-0.120972
0.045543
-0.223809
-0.030008
-0.701000
0.162425
-0.127712
-0.053429
-0.876500
-0.060367
0.606233
-0.767489
-0.391361
-0.052514
-0.652568
-0.645943
0.102558
-0.110488
-0.454471
-0.826038
-0.564953
-0.102497
0.256241
-0.358099
0.215808
-0.035982
-0.769496
-0.440496
-0.094609
0.280101
-0.332930
-0.597419
-0.493481
0.153790
0.111934
-0.427429
-0.683204
-0.784284
-0.008243
-0.303170
0.629699
-0.509360
-0.037849
-0.427906
-0.260016
-0.104863
0.520249
0.150772
-0.624439
0.233148
-0.891968
0.487669
-0.575281
0.121590
0.474931
0.335560
-0.906555
0.044922
-0.813062
0.792234
0.185668
0.793124
0.196507
0.469425
0.045940
-0.126328
0.361521
0.745546
0.580465
-0.087664
0.129296
0.023735
0.175943
0.278428
0.610073
0.090559
-0.032106
-0.226652
0.188741
-0.353348
0.036507
0.635797
0.551379
0.809852
0.308025
-0.246947
0.263877
-0.494198
-0.042484
0.564632
-0.028112
0.618551
-0.373840
0.206349
0.497636
0.435598
-0.012194
-0.551152
-0.021552
0.209014
-0.084124
0.177057
-0.185932
0.161616
0.192720
0.106106
0.024459
-0.259207
-0.375342
0.213706
-0.844304
0.331703
-0.076627
0.317423
0.771338
0.787392
-0.019258
0.963730
0.337880
0.115615
-0.175481
0.451234
0.565995
0.618825
0.075928
0.071406
0.731916
0.139849
-0.049403
-0.645936
-0.782512
0.134452
0.174087
-0.126249
-0.322718
-0.589974
0.417893
0.209353
0.241935
1.069231
-0.376547
-0.454508
0.093247
0.203526
0.818343
0.671030
-0.316663
0.333017
-0.181148
-0.654757
0.022089
-0.293533
-0.544356
0.239435
0.040219
-0.242858
-1.281166
0.049745
0.389729
1.079674
-0.341955
0.471166
-0.155945
-0.074765
-0.533920
0.178440
-0.459392
-0.445732
-0.430666
0.229498
0.371735
-0.263700
0.087497
-0.422642
0.451366
0.649114
-0.005408
0.153810
-0.519033
0.327894
-0.401234
-0.731034
-0.477694
-0.175555
-0.106444
-0.130774
-0.115160
0.522960
0.112313
-0.049782
0.548340
-0.412222
0.030316
0.781187
0.523306
0.042921
-0.121581
-0.559460
0.006071
0.269171
0.097778
0.019949
-0.372733
0.391017
0.340939
0.839199
0.143416
-0.012670
-0.385062
-0.357817
0.436431
0.493526
0.350450
0.367738
-0.325625
-0.332857
0.029104
-0.141713
-0.661434
0.420405
-0.351245
0.045155
-0.274356
-0.347223
0.193818
-0.388453
0.086846
-0.884879
0.216269
0.712853
0.585421
-0.316835
0.602993
-0.233479
0.703181
0.065221
0.079047
0.241120
0.254620
-0.344670
0.151880
-0.078913
0.458037
0.310966
-0.242557
-0.607241
-0.261050
0.110188
0.371356
0.181469
-0.746293
0.214539
-0.046006
-0.237678
0.411461
-0.139944
0.489889
-0.282172
0.376796
0.693455
-0.609673
-0.065204
-0.094465
-0.274616
-0.400810
-0.688789
-0.256285
-0.229752
-0.179885
0.215752
0.558504
0.610457
-0.215271
0.202247
0.698006
-0.374166
0.551724
0.724358
-0.824861
-0.485262
0.521362
0.239370
0.406114
0.000614
0.484453
0.198250
0.122909
0.791901
-0.007946
-0.082411
-0.806247
0.255975
0.123244
0.460016
-0.037537
0.949187
-0.765038
-0.430780
-0.603754
0.029484
-0.317247
-0.341910
0.455841
0.276367
0.389708
0.259260
-0.000409
-0.282126
0.007473
-0.214998
-0.216272
0.468500
0.449096
0.023154
0.299572
-0.713617
-0.597429
-0.171745
-0.759324
0.073409
-0.233930
-0.340125
-0.509053
-0.527740
-0.166741
0.294522
-0.058433
-0.495757
0.413784
0.181701
0.802593
-0.348319
0.833763
0.863422
0.454297
-0.073304
-0.281652
-0.215151
-0.226095
1.004962
0.305387
0.001367
0.554405
0.289894
0.145273
-0.277317
-0.256809
0.157428
-0.062849
0.218777
-0.156865
0.323939
0.675246
0.325906
0.012261
-0.038635
-0.116644
-0.078122
0.011559
0.147092
0.556407
-0.074253
0.524951
-0.189620
-0.840564
0.089000
0.271429
0.001471
-0.631140
0.049892
0.586848
0.280287
0.566824
0.697256
0.209157
0.017211
-0.108802
0.035888
-0.069538
-0.146786
-0.519297
-0.036138
0.344535
-0.208282
-0.280131
0.626920
-0.334673
-0.457298
0.706337
-0.129817
-0.085733
-0.063976
0.617044
-0.203407
0.018957
0.650995
-0.033852
-0.276213
-0.059980
-0.092252
-0.137876
-0.136152
0.142451
-0.088475
-0.324664
-0.448936
0.085657
0.339199
0.084225
0.017221
0.219411
0.177141
0.388403
0.338764
0.088989
0.271094
0.773820
-0.365802
0.002563
-0.685863
-0.210626
-0.271247
0.659262
0.001613
0.019377
0.159995
-0.293201
1.218650
0.309277
0.185150
0.156420
-0.419386
-0.279447
-0.295486
-0.701653
-1.100213
0.297794
-0.016639
0.315351
-0.444195
0.633360
0.267462
-0.106573
-0.504779
-0.074370
-0.554308
0.068498
0.475409
-0.579517
0.232072
0.573026
-0.052264
0.024897
-0.423652
0.306387
0.933281
0.109342
-0.386204
-0.274617
-0.541999
-0.017126
0.551110
-0.454444
0.566645
-0.174695
0.241399
0.678954
0.532066
-0.570458
-0.057268
0.446855
0.256324
-0.220959
0.576445
0.048365
0.469248
-0.107954
-0.002840
-0.240481
0.388945
-0.270093
0.472198
-0.700547
0.807545
-0.147923
-0.762804
0.500373
0.380731
-0.380159
0.477771
0.076146
0.412336
-0.053777
-0.748357
0.412588
0.802510
-0.021598
0.583072
0.362638
-0.348414
0.478237
0.016458
-0.037569
-0.051950
0.134559
0.319366
0.471540
0.286475
0.448839
0.343701
0.451558
-0.653854
0.378312
-0.549606
-0.337024
-0.148294
-0.125169
0.004268
0.361814
0.337083
-0.836504
0.118896
-0.208553
0.255706
0.063806
0.289830
-0.457353
0.237052
-0.998467
-0.003658
0.200203
-0.502996
-0.006305
-0.007474
-0.552151
-0.125955
-0.738388
0.676427
-0.050895
0.426005
0.383451
0.395308
-0.015561
0.072914
-0.337795
0.288725
-0.175601
0.311018
-0.000512
0.203924
0.096816
-0.079613
-0.332585
0.354788
0.366474
0.442891
0.343806
0.248775
-0.043127
-0.242995
0.102770
-1.154379
-0.075260
-0.198727
-0.022308
-1.031019
-0.321535
0.060029
-0.412994
-0.396967
0.132078
0.179326
0.570528
-0.230143
-0.170530
0.278177
-0.105438
0.281672
-0.134533
0.471777
0.302827
-0.000126
-0.402149
-0.810508
-0.139678
0.209708
0.149816
0.151229
-0.016984
0.058450
-0.194699
0.280935
0.028384
-0.123498
-0.325219
-0.581449
0.073643
0.072036
0.479627
-0.242442
0.104651
-0.630212
0.255896
-0.301556
-0.510797
0.197942
0.205506
-0.376053
0.077648
0.661656
-0.202092
-0.982557
-0.143041
-0.426744
-0.680608
-0.255114
0.978140
-0.174374
-0.059817
0.434826
-0.320743
-0.391326
-0.257562
0.561326
0.014790
-0.078936
-0.000010
0.158644
-0.094701
0.490395
0.039496
-0.156789
-0.467066
0.057495
-0.317841
0.145296
-0.392490
-0.117916
-0.685990
-0.314344
0.206684
-0.622320
-0.249077
-0.649244
0.109751
0.162606
0.020066
0.582170
0.093963
-0.506983
0.504549
-0.024812
0.037683
-0.014455
0.018332
-0.115147
0.738851
0.627695
0.083133
0.291796
0.136643
-0.648222
-0.870700
-0.450128
-0.366340
-0.081670
-0.127498
0.513280
-0.351728
0.519503
0.432219
-0.011890
0.442023
0.314245
0.560571
0.119855
0.072690
0.077017
-0.111680
0.468933
0.182339
0.198084
0.405769
-0.059393
0.635133
-0.290994
0.283958
0.396716
-0.477901
-0.113793
0.080014
0.152350
-0.552652
-0.284544
0.020299
0.477921
-0.416665
0.621045
0.659553
0.222232
-0.059987
0.554110
-0.235312
0.597287
-0.241174
0.109833
-0.000715
-0.327055
-0.711084
0.261671
-0.573270
-0.181892
0.025088
-0.797848
0.361870
-0.271905
-0.513588
0.147819
0.127478
-0.105867
-0.050514
-0.114679
-0.661443
0.418150
0.037283
0.767050
-0.116256
-0.363710
0.466617
-0.708227
-0.295733
-0.648615
-0.255029
-0.320638
-0.313139
-0.420006
-0.196058
-0.104382
0.318970
-0.194039
0.769930
0.150059
-0.321107
-0.251324
-0.239460
0.577200
0.582697
0.771496
0.441048
0.067309
-0.574575
0.627481
0.489680
-0.759628
0.455453
0.098767
-0.165182
-0.129197
-0.004956
-0.434721
-0.559373
0.309952
-0.115446
-0.203519
-0.221359
0.055996
0.163490
0.125677
0.710679
0.078413
-0.383933
-0.186134
0.188627
-0.316569
-0.158190
0.129193
-0.057082
0.318798
0.810069
1.042106
0.499365
0.420787
-0.028838
0.124389
0.009026
-0.152233
0.094429
0.486558
-0.555685
0.255761
-0.004672
-0.150058
-0.251905
0.215086
0.901449
0.622744
0.290832
0.738840
0.585883
-0.683587
-0.224237
-0.275984
-0.542374
0.040697
0.238414
0.263053
-0.382326
-0.256913
-0.789542
0.127247
0.087954
0.024678
-0.818577
0.100332
0.882609
1.040820
0.924331
-0.334387
0.218969
0.166542
-0.278230
0.326952
0.417690
-0.305235
0.170260
-0.146086
-0.173259
-0.138536
-0.128842
-0.202177
-0.116758
0.148465
-0.059668
0.396984
0.752507
0.509429
0.129309
-0.519907
0.683848
-0.353263
0.271059
0.316803
0.178259
0.195723
0.171590
0.041220
0.606309
0.230032
0.951020
-0.288104
0.145188
-0.459864
0.763826
0.081421
-0.149893
-0.005471
-0.619644
0.028604
0.134397
-0.387794
-0.109149
0.077241
-0.018496
-0.238930
0.662276
-0.897537
-0.450636
-0.570885
0.646135
0.224493
0.481469
-0.170646
-0.100097
0.463851
0.293298
-0.049777
-0.490499
0.138560
0.125306
-0.149992
-0.220916
-0.207362
0.024144
-0.678412
-0.106863
0.442027
0.127971
0.358874
0.490757
-0.598276
-0.578377
0.115170
0.604438
-0.119428
-0.344852
-0.007311
-0.239973
0.334920
-0.184224
0.685373
0.214029
0.474558
0.051444
0.580018
-0.135743
-1.085429
-0.126518
-0.655610
-0.327415
0.518529
-0.209554
0.514436
-0.157357
-0.593262
0.020699
0.333094
0.345018
-0.269670
-0.592025
0.164731
-0.323016
0.010828
-0.333235
-0.145613
0.391139
-0.019689
0.584049
0.093402
-0.236273
0.323587
0.069582
0.282280
-0.759159
0.391191
0.630591
0.527019
0.492468
-0.571648
0.097384
0.294004
-0.170005
-0.087030
0.032286
-0.138991
-0.044571
-0.661101
0.576802
0.846793
0.166111
-0.503247
0.473330
-0.265691
-0.307719
0.162860
0.432396
-0.167718
-0.002784
0.585507
-0.027422
0.690428
0.003904
0.226348
-0.104836
-0.412829
-0.106364
0.591261
-0.004708
0.555003
0.323105
-0.801503
-0.040851
-0.410529
0.194267
0.314828
0.443688
-0.508241
-0.072972
-0.066589
-0.740172
-0.047702
-0.205076
-0.332410
-0.454775
-0.458116
-0.248439
0.293087
0.016686
-0.340409
0.549720
-0.133018
-0.763492
-0.995881
0.011448
-0.151041
0.143026
0.788158
1.013188
-0.365975
0.672048
-0.186482
-0.015792
1.005793
0.665528
-0.669229
0.912011
-0.098605
0.725172
0.762173
-0.132780
0.613501
0.230509
0.156532
-0.020484
-0.299801
-0.505295
-0.160991
-0.474474
-0.435053
-0.073176
-0.442607
-0.427759
-0.718721
-0.347052
-0.620258
-0.701032
-0.046625
-0.725921
-0.134617
-0.454956
-0.663676
-1.317171
-0.306447
-0.863744
-0.192645
-0.749207
-0.248462
-0.552613
-0.736885
-0.166425
0.292792
0.259541
0.593051
0.180748
-0.690165
0.797297
0.394645
0.551259
0.434907
0.177670
0.289073
-0.208894
0.797082
0.333611
0.040578
1.136325
0.804090
0.169610
0.929638
0.888564
1.016499
0.993605
0.408635
-0.119875
0.167700
0.746415
0.478635
0.486430
-0.403331
0.511835
0.294662
-0.636835
-0.609529
-0.494481
-0.578477
-0.460329
-0.794510
0.762263
-0.168495
-0.490106
-0.606246
-0.560783
-0.631383
-0.650990
-1.048287
-0.452606
-0.854831
-1.252396
-0.122244
-0.493294
-0.516661
-0.363242
-0.584236
0.056750
-0.206087
-0.036274
0.552047
0.295870
0.045628
0.101713
-0.040556
0.592753
0.398070
0.245163
-0.172833
0.629138
0.551212
0.311669
0.440065
0.326942
0.621710
0.182612
-0.194436
-0.131684
-0.335146
-0.213927
-0.273216
0.227962
0.517704
-0.099449
-0.474421
-0.629924
-0.620310
0.055389
-0.083109
-0.060986
-0.830643
-0.002209
-0.318251
-0.792360
-0.277950
0.480445
-0.529307
0.154419
0.210003
-0.477501
-0.600860
-0.089754
-0.324387
-0.145116
0.086029
-0.098787
-0.312461
0.273054
-0.232125
0.125057
0.290897
0.133354
-0.332138
-1.155110
0.472118
0.063719
-0.160445
-0.101181
0.053035
0.253029
0.514001
0.135846
-0.417233
-0.498901
-0.506622
0.097070
0.312273
0.656540
-0.052589
0.773884
-0.235806
-0.382686
0.835833
-0.032359
0.597341
-0.002783
-0.103768
-0.911033
-0.295474
0.230156
0.418150
0.015821
0.683891
0.438997
-0.467592
-0.091505
0.056072
-0.799033
0.128934
0.290859
-0.487829
0.252177
0.379258
-0.707499
0.267682
-0.190837
-0.057013
0.033791
0.090832
-0.334410
-0.576582
-0.037684
-0.411258
0.032138
0.594880
0.734522
0.202572
-0.158758
0.088746
0.671037
0.678846
0.114742
0.657022
0.620976
0.524864
-0.215344
0.048163
0.741065
0.395163
0.076740
-0.563196
0.472394
-0.254027
-0.038278
-0.345125
0.218664
-0.347211
0.062313
-0.081761
-0.569324
-0.045439
0.157872
0.163719
0.331658
-0.318094
1.015020
0.319265
0.121006
-0.564506
-0.365438
-0.308920
0.440323
-0.479773
0.015509
0.619508
-0.181300
-0.002465
0.214397
-0.200568
-0.261622
-0.105916
0.482402
0.214604
0.014684
-0.127233
0.409166
0.198665
-0.381359
-0.758701
0.275141
-0.201194
0.089170
0.400237
-0.580944
-0.298465
-0.362011
-0.172524
0.021227
0.083729
0.134340
0.323372
0.521879
0.048048
-0.398038
0.569249
0.206625
0.214118
0.361868
0.779786
-0.796534
0.173534
0.732121
0.006443
0.485829
-0.824049
-0.144477
0.462990
0.453738
0.527820
-0.599634
-0.192085
-0.036016
-0.494192
-0.289170
0.184843
0.217241
-0.240967
0.488216
0.139699
-0.860078
-0.140449
-0.189606
-0.417695
0.306284
0.127485
0.786256
1.010968
1.255036
-0.624028
0.130197
-0.631924
-0.442364
0.192283
-0.555985
0.095172
-0.639268
0.577785
-0.629980
-0.613427
0.067183
0.428003
0.187613
-0.236485
0.264240
0.192291
0.005871
-0.017077
0.391937
0.230647
-0.361552
-0.014649
-0.411627
0.390460
-0.186669
0.296638
-0.251429
0.283615
0.179130
0.683444
-0.168961
-0.148687
-0.317235
0.446184
-0.353225
0.640518
-0.405036
-0.720138
1.138303
0.315408
0.001571
0.443591
0.206702
-0.586388
-0.479866
0.311874
-0.741612
0.103559
-0.031744
-0.365729
-0.237137
-0.286397
0.184447
-0.047714
0.070774
-0.220916
0.823496
-0.900400
-0.291211
0.009002
-0.451926
0.297234
0.421869
0.459158
0.023745
-0.395149
0.288098
0.382628
0.262319
-0.775267
-0.515333
-0.060996
0.461807
0.046272
-0.446308
-0.468296
-0.477074
-0.159985
0.103531
-0.390174
-0.250536
0.148373
-0.469400
-0.242227
-0.722321
0.459780
-0.093990
-0.092960
-0.283803
-0.057792
0.247580
-0.257387
0.106113
0.099345
1.015198
-0.181715
0.758473
0.216309
0.014597
-0.179376
0.834804
-0.768858
-0.840141
0.107656
0.777736
0.146842
0.266576
-0.099019
-0.060148
-0.671481
0.347520
-0.046853
0.301489
0.633281
-0.210506
0.529161
-0.387750
0.859566
-0.210825
-0.113520
-0.201199
0.245070
-0.177315
0.192924
0.772801
-0.496386
0.563846
-0.593738
-0.431672
-1.004294
-0.026653
-0.167535
-0.119693
0.254688
-0.239491
0.110431
0.151029
-0.106194
-0.628313
0.166066
-0.157885
-0.362920
0.054265
0.165763
-0.239063
0.009984
0.359564
-0.043807
-0.101961
0.361286
-0.059736
-0.828168
0.245474
0.182358
-0.595790
0.102130
0.284513
0.009822
0.123193
-0.192571
-0.658707
-0.768177
0.269267
0.483280
0.135137
-0.561578
0.424465
0.099963
-0.850781
0.231280
0.207400
0.298743
0.029043
0.373946
0.069112
0.082619
0.165221
0.422624
0.900365
0.280263
-0.538189
-0.023244
0.050870
0.121573
-0.148465
-0.430221
-0.159450
-0.330790
-0.173636
-0.072484
-0.210084
0.144269
0.037035
0.205254
0.470066
0.708510
0.465519
0.225548
-1.133861
-0.324406
0.173164
-0.370698
0.245365
-0.732090
-0.275498
-0.364055
0.410568
-0.433628
-0.276656
0.044984
0.262531
-0.287972
-0.541609
0.386757
0.877361
-0.824596
-0.081094
0.042780
-0.323198
0.151154
0.059330
-0.133025
-0.100857
0.406258
0.089122
0.089997
-0.145288
-0.052250
-0.038217
0.070049
-0.236993
0.189635
0.072171
0.144996
0.321292
-0.016332
-0.348197
0.110870
-0.023383
0.555994
-0.336725
0.088963
-0.236483
0.080155
0.088594
-0.183637
-1.069460
0.213352
0.148539
0.427237
1.295233
0.255906
-0.149602
-0.081850
0.381927
-0.254105
-0.290526
-0.592900
-0.202482
0.262495
0.172108
0.237236
0.063371
0.058534
-0.827521
-0.466837
-0.638370
0.289930
-0.100466
-0.459952
-0.301824
-0.463308
0.226005
0.792606
0.219761
0.578030
0.388415
0.735932
0.266614
-0.445542
0.621108
-0.386593
0.264919
0.167264
0.143947
0.700558
0.420146
-0.047725
-0.163144
-0.036020
0.842744
-0.307393
-0.282598
-0.419207
0.107361
-0.340652
-0.597570
-0.039813
0.449622
0.677499
-0.634028
-0.382189
-0.547086
1.139251
0.031692
0.694837
-0.653700
-0.255058
0.095279
-0.467144
0.202398
0.072788
-0.347927
0.266642
-0.446487
0.012776
-0.342846
0.256050
-0.342891
-0.827219
-0.483569
0.824911
-0.328733
0.280697
-0.366653
0.937302
-0.587632
0.226712
-0.541375
0.448772
0.354740
0.363517
0.424497
0.444214
0.196784
0.365429
-0.424987
0.388990
0.071989
0.359136
-0.370147
0.504391
0.510495
0.103204
-0.696096
0.041849
0.087992
0.014657
-0.189141
0.102202
-0.174407
-0.265657
-0.268169
-0.152185
0.159070
-0.291134
-0.015836
0.748308
-0.836216
0.670062
-0.533088
-0.483066
0.198605
-0.260224
-0.461997
-0.089526
0.166431
-0.036473
0.555807
-1.132542
-0.380107
-0.507551
-0.678275
0.220330
-0.231869
-0.599249
0.649727
-0.411376
0.802049
-0.127432
-0.208996
0.288832
0.205401
-0.023760
-0.601966
-0.295806
0.354902
-0.480646
0.073332
-0.637436
0.540927
-0.127697
0.241500
0.291838
-0.542696
-0.088475
-0.188093
0.915670
0.023413
-0.333970
-0.256871
-0.240965
-1.058269
-0.064982
-0.258642
-0.061902
-0.237084
0.006465
-0.245284
-0.618870
-0.358049
0.194002
0.514964
0.138111
0.369569
-0.099279
-0.446185
0.455531
-0.373858
0.296001
0.213015
-0.372856
0.605319
0.164091
0.198772
-0.289270
-0.097473
0.171526
-0.482564
-0.146628
0.000142
-0.228763
-0.025774
0.006418
0.362691
0.325856
0.767411
-0.242657
-0.277688
-0.299914
-0.392523
-0.650125
0.762163
0.127271
-0.554349
-0.167787
0.269681
0.102009
-0.039070
0.670196
0.522400
0.151056
-0.132401
1.386648
-0.019518
0.254811
0.259673
0.784640
0.581753
-0.460865
0.097772
0.140142
-0.218798
1.237724
-0.119272
-0.629676
0.413830
0.105385
-0.152332
-0.313417
0.037712
0.047596
-0.564218
0.742019
-0.551475
-0.682515
0.425094
0.339052
-0.945997
0.109423
-0.447362
0.820244
1.009132
0.199331
-0.247941
-0.344631
-0.080566
-0.112460
-0.666400
0.313164
0.158544
0.363213
-0.038492
-0.154025
0.927183
-0.499051
0.762153
-0.402726
0.638473
-0.019708
-0.590435
0.122931
-0.391161
0.008266
-0.048742
0.609749
0.168541
0.173339
-0.167043
-0.690799
0.389954
0.276044
0.938046
-0.165071
-0.632829
0.601025
0.863136
0.937237
0.414189
0.689914
-0.013735
0.055004
-0.139568
-0.267019
0.137920
-0.438852
-0.764542
0.226054
0.093034
0.447035
0.231016
0.229975
0.225522
0.647153
-0.141787
0.488313
-0.037463
0.393553
-0.126205
-0.109033
-0.705247
0.174495
1.042111
0.158702
-0.110753
0.307750
-0.281291
0.565033
-0.385808
-0.570880
0.152788
-0.266894
-0.175735
0.058194
-1.267892
-0.239649
-0.013878
-0.847294
0.037564
0.110583
0.713634
-0.144903
-0.379189
-0.327236
-0.130233
0.450498
0.457271
0.231199
0.621975
0.263115
-0.609118
0.287519
-0.229741
0.128629
-0.430946
-0.504482
0.179211
0.458025
0.769789
-0.333894
0.840336
0.050146
-0.746662
-0.113478
-0.176086
-0.223054
-0.336016
0.326839
-0.335226
0.114566
0.344749
-0.390519
0.054315
-0.562726
-0.424050
-0.237191
0.379590
-0.160433
-0.305636
0.301649
-0.769485
0.813472
0.296999
0.223549
-0.366753
0.452484
-0.207115
0.067667
0.324181
-0.524761
-0.027645
0.215409
-0.360400
-0.162029
-0.394559
0.015621
0.401645
-0.256715
-0.025628
-0.724365
0.234745
0.134472
0.481390
0.048136
0.260312
0.693752
-0.723609
-0.078096
-0.674603
-0.232298
-1.086447
0.025190
-0.223903
0.247328
0.278916
-0.406437
-0.219346
-0.169490
-0.132450
-0.198225
0.028047
-0.194615
0.276395
-0.135527
-0.796193
-0.494331
-0.310939
0.038605
-0.516251
-0.161347
0.597975
0.419376
0.266369
0.747246
0.213895
0.466557
-0.446597
-0.448460
-0.686681
0.287533
-0.838442
-0.262192
-0.240939
0.968086
0.629658
0.267837
-0.250390
-0.325439
0.646530
-0.019737
-0.407490
0.178412
-0.471021
-0.274823
0.214533
0.375248
-0.509181
0.150979
0.408979
-0.088376
-0.326565
-0.036706
-0.071144
-0.137429
-0.326549
-0.031259
0.405358
0.057941
-0.053590
-0.737619
0.144302
0.055936
-0.069877
-0.169639
0.004283
0.644022
0.484873
0.633258
-0.100699
-0.174410
-0.631612
-0.743999
0.059125
-0.294702
-0.287452
-0.284414
0.274182
0.372900
0.439160
-0.471703
-0.260394
0.218165
0.377192
0.327427
-0.542342
-0.601458
0.167456
0.006054
0.759562
0.315434
-0.168246
0.093944
-0.427325
0.351206
-0.256455
0.086653
0.451257
0.772808
-0.255793
-0.458115
-0.861838
-0.030527
0.187191
0.304869
-0.229033
0.042842
-0.292425
-0.045766
0.082061
0.203457
-0.739791
0.010932
-0.549718
-0.116100
-0.774400
0.035470
-0.071160
-0.465746
0.077124
-0.075774
-0.318086
0.111780
-0.057851
0.118523
-0.929690
-0.135354
-0.498991
0.108075
0.849267
-0.308078
-0.145996
-0.215068
-0.365833
0.416101
0.191290
0.458980
0.510911
-0.588854
-0.155499
-0.145340
-0.944567
-0.197685
-0.744716
0.133528
-0.240282
0.791659
0.281206
0.900765
-1.087646
-0.239004
0.635139
-0.642023
0.368736
-0.191423
-0.296702
-0.338280
0.337058
0.287980
-0.274403
-0.500257
0.304935
-0.107065
-0.150324
0.463645
0.422251
0.699173
-0.303248
-0.790542
0.083533
-0.005209
0.160054
0.092351
-0.526307
-0.413341
0.302033
0.054370
-0.202757
0.336693
0.755427
-0.189062
-0.461514
0.211443
-0.168695
-0.131409
-0.248822
-0.318923
-0.343828
0.016914
-0.571912
-0.064650
-0.019741
-0.182113
0.685594
0.413427
-0.191059
0.547882
0.178468
-0.040765
0.323786
0.456547
0.812141
0.207391
-0.142143
-0.748738
-0.392884
0.253856
1.169719
-0.217718
-0.444300
0.345392
-0.070140
-0.742765
0.401887
-0.392004
0.033787
-0.090278
-0.240519
0.011403
0.571484
0.651260
0.039556
-0.377529
0.031026
-0.037121
-0.335633
0.333101
0.336453
0.656084
-0.144071
-0.109622
0.293354
0.090123
-0.328646
-0.404802
0.583869
-0.242631
0.270830
-0.102129
0.094601
0.486421
0.088307
-0.609835
-0.128809
0.389109
0.063815
-0.179030
0.256367
-0.147074
-0.060563
-0.034166
-0.216996
-0.558623
-0.223767
-0.318442
-0.962772
0.300491
-0.164231
-0.212796
0.154198
-0.477683
0.710478
0.032138
-0.412570
-0.019595
-0.176087
-0.353329
-0.381761
-0.364388
-0.165973
-0.160973
0.456858
-0.357467
-0.095816
-0.287311
0.147432
-0.307230
-0.100003
-0.249761
0.278388
0.707235
-0.851190
-0.221350
-0.020690
0.072281
0.060888
0.310422
-0.164279
-0.290826
0.091333
-0.820920
0.388925
-0.683621
-0.617037
0.271399
0.313359
0.498813
-0.193369
-0.571843
0.752108
0.491164
-0.530025
0.331749
-0.236588
0.579344
0.419345
-0.079686
0.054079
0.100080
-0.735512
0.158004
0.001549
-0.017726
0.250828
0.046144
-0.105640
-0.455154
0.059078
0.376260
-0.704050
0.397597
-0.784724
-0.330894
0.300095
0.557477
0.174287
-0.191591
0.109466
-0.078241
-0.134784
0.285472
0.375424
-0.118889
0.181553
-0.678438
-0.620261
0.115779
0.108416
-0.056961
0.049507
0.469664
-0.268220
-0.388464
1.195150
-0.546866
-0.732407
0.493066
-0.059450
0.376794
0.294704
-0.298820
0.008335
-0.351462
-0.172281
0.588563
0.055265
-0.258679
-0.101194
0.216901
0.258483
-0.265170
-0.083665
-0.270930
-0.027774
-0.343348
-0.096145
-0.541547
0.091249
-0.544000
0.286275
0.445023
0.185745
0.320761
-0.854867
0.228611
-0.159437
-0.640881
0.065199
0.169957
-0.521871
-0.204523
-0.545177
-0.383959
-0.559028
0.264097
-0.014321
-0.007852
0.100519
0.265083
-0.237861
-0.482046
0.840579
-0.481885
0.142693
-0.443837
0.471416
-0.478873
0.823814
-0.133121
-0.622344
-0.022217
0.352128
0.064171
-0.271693
0.198763
0.098896
0.451773
-0.674570
0.601242
-0.418290
0.038601
-0.202835
-0.600736
-0.637438
0.031203
0.224274
-0.186134
-0.005438
-0.094272
-0.346344
0.349682
0.400877
-0.371815
-0.007137
-0.109711
0.087390
0.433058
0.265550
-0.645509
-0.047760
0.294740
-0.120758
-0.387522
0.082592
0.684268
0.059555
0.551533
0.568870
0.106261
-0.303341
0.224147
0.334134
-0.419811
0.137861
0.169910
0.057663
0.117338
-1.033672
0.824154
0.045801
-0.169274
-0.307644
0.656434
-0.513318
0.424601
0.140033
0.056692
-0.199448
-0.634874
0.260735
-0.508937
-0.396778
-0.119984
0.243009
-0.333911
-0.434991
0.489494
0.039909
-0.227175
-0.495918
-0.033643
-0.131515
0.392671
0.163650
0.097771
0.536952
0.389353
-0.314023
-0.884658
0.209337
0.230765
-0.020382
-0.799356
-1.097481
0.448577
0.268948
0.266909
0.067548
-0.363121
0.112432
-0.044019
-0.123156
-0.103614
0.519539
-0.465561
0.824553
0.533983
0.212061
-0.520487
-0.520879
-0.689916
0.602640
-0.032570
-0.343132
-0.554561
-0.108975
0.698351
0.865394
-0.042128
1.459724
-0.252472
0.138402
0.282694
0.393539
-0.064652
0.370680
1.022879
0.456704
-0.195991
-0.052194
-1.097538
-0.129481
-0.101707
0.150783
0.317200
0.433307
-0.283299
0.231343
0.276428
-0.162092
-0.408075
0.037794
1.118165
-0.496348
-0.033752
-0.216027
0.428211
0.110730
-0.348300
0.244468
-0.322799
0.699509
-0.373013
0.284626
-0.076657
-0.088230
0.067265
0.067660
0.147778
-0.115923
1.023803
0.138095
0.183401
1.226848
-0.165198
0.463894
-0.198775
-0.248700
-1.046741
0.019962
-0.163708
0.202059
0.187215
0.576971
0.060012
0.032589
0.173698
0.132520
0.125241
0.064626
-0.302251
0.169292
-0.463909
-0.499290
0.437815
0.469698
-0.079109
0.269519
0.660849
0.070701
0.122370
0.481875
0.152787
-0.322882
0.171255
0.491658
0.042441
-0.481191
-0.135819
-0.015748
0.200999
0.765988
-0.153348
-0.592142
-0.167790
-0.041330
0.293266
-0.146112
0.165262
0.324232
-0.262896
0.351776
-0.127688
0.748791
0.011723
-0.051979
-0.163019
0.221428
0.184860
-0.361167
-0.020074
0.159187
1.021255
-0.136718
-0.262523
0.693550
0.545575
0.301199
0.223659
-0.136879
-0.107479
-0.818566
0.336231
0.167697
-0.225120
-0.981932
0.247844
-0.630647
0.609446
0.733874
0.434107
-0.163814
0.312953
-0.573754
-0.170729
0.469703
-0.366372
-0.371210
0.190398
-0.162025
-0.201462
-0.201870
0.646080
-0.364791
-0.301292
-0.118141
-0.140783
-0.093736
-0.202359
-0.264043
-0.237801
-0.114971
0.005998
-0.271593
-0.530398
0.199954
-0.120613
-0.105939
0.065723
0.178797
-0.229538
-0.695637
-0.718534
0.423807
-0.018780
0.325696
0.003816
-0.023951
0.257833
-0.239033
0.514432
0.257097
0.268434
-0.257487
0.087079
0.211112
-0.210806
-0.535728
-0.687591
-0.519065
-0.045350
0.245999
0.573444
0.130550
0.013445
-0.302844
-0.216029
-0.237597
0.366737
-0.651352
0.099622
-0.336995
0.118934
0.182643
0.228584
-0.364831
-0.651469
-0.135622
0.144641
0.500643
-0.238018
-0.659608
0.461924
-0.275515
0.371933
-0.114582
-0.460128
-0.391194
-0.214737
-0.259513
0.306393
-0.095495
-0.219358
-0.326004
0.251204
0.161347
0.392331
0.186565
0.587654
0.007172
-0.512057
-0.219342
-0.099923
-0.948957
-0.144754
0.026902
-0.399663
-0.141398
0.401703
-0.149949
-0.236189
0.370409
0.010695
-0.756084
-0.406139
0.334248
-0.320639
-0.204973
-0.163230
-0.115395
-0.313032
-0.097214
0.078955
0.618509
-0.122319
0.000233
0.168665
-0.171369
0.483427
-0.627523
-0.085540
0.819180
0.634301
0.621524
-1.056139
-0.869448
-0.491450
-0.147059
0.171334
0.183739
-0.139430
-0.636604
0.193227
0.024814
-0.386805
0.532631
0.470387
1.227962
0.882537
0.261409
-0.128431
-0.671029
0.139513
0.298886
0.765235
0.049168
0.044881
0.893644
0.039282
0.147762
-0.307921
-0.119814
0.185243
-0.461171
0.550158
0.105586
0.390128
-0.252989
0.334997
0.311259
-0.364159
-0.844516
0.466008
0.305679
0.063307
-0.158460
0.227551
0.096863
0.339788
0.104711
0.631207
0.034222
-0.219837
-0.022130
-0.704845
-0.208657
1.132880
0.209409
-0.739980
0.632317
0.792047
-0.163439
0.170614
-0.367678
0.146783
0.145348
-0.460792
-0.151120
0.089720
0.513641
-0.634615
-0.435421
-0.040000
0.411158
-0.072739
-0.043036
0.085416
-0.157701
0.307341
0.164430
0.737745
0.012582
0.740211
0.438614
1.100576
0.311534
0.587329
-0.566295
0.313330
-0.329723
0.394389
0.022410
0.172548
0.270578
0.124444
-0.885709
-0.228718
-0.246476
0.884822
-0.484021
-0.050936
-0.642181
-0.281759
0.198918
0.580359
-0.495075
-0.674699
0.865305
0.145950
0.604377
-0.240531
-0.487155
-0.066188
0.436469
-0.096616
0.813731
-0.360445
0.013749
0.716242
-0.044517
-0.540118
-0.393735
0.554701
0.111732
0.173372
-0.099312
-0.417080
0.253418
-0.057391
0.037866
-0.247954
0.101610
-0.146248
-0.222969
0.658109
-0.266644
-0.317240
-0.180051
0.565766
-0.345896
-0.739059
0.450051
-0.668869
0.119901
-0.250594
-0.000539
0.639245
0.101437
-0.173647
0.744670
0.555572
0.824385
0.025731
-0.072292
-0.536108
0.472474
-0.349502
-0.035561
0.497095
0.554899
-0.025881
0.249751
-0.373330
0.126556
-0.371088
0.919703
0.247573
-0.154794
0.543020
-0.154849
-0.014340
-0.003424
-0.083659
-0.624317
-0.595852
0.148992
0.193685
0.741447
-0.090552
-0.540149
0.252498
0.494755
-0.936415
-0.620008
0.170037
0.042061
-0.145560
0.375069
-0.008156
-0.228076
-0.166166
0.532878
-0.089074
0.561423
-0.788483
0.389193
-0.253187
-0.400788
-0.465705
0.798638
-0.152639
-0.410900
0.135748
-0.293803
-0.109523
-0.262722
0.321726
-0.295734
0.208388
-0.957025
-0.205216
0.021906
-0.153724
-0.413295
-0.231771
-0.552271
-0.335354
0.006565
-1.077576
0.021354
0.022081
0.051925
-0.140508
0.760283
-0.325894
0.082916
-0.376807
-0.081370
0.080796
-0.406223
-0.109910
-0.202868
0.644605
-0.432958
0.213776
-0.065035
-0.277715
-0.523434
0.199379
-0.063702
-0.158683
0.225940
-0.363426
-0.755938
0.246216
-0.601008
0.122373
0.765180
-0.065093
-0.078853
0.051784
0.003115
0.567717
0.460280
0.182718
0.340466
-0.004391
-0.289886
-0.071821
0.140025
1.216502
0.339693
-0.309888
-0.072020
0.002352
0.160524
0.610011
0.676804
-0.008620
-0.136764
0.607671
-0.164366
-0.245817
-0.972999
0.074606
0.279179
-0.463941
-0.280641
-0.267615
-0.448016
-0.106951
-0.537995
-0.842689
0.737692
-0.198658
0.144243
-0.191785
0.956384
-0.985317
-0.350816
-0.334745
-0.566700
0.945715
0.334549
0.171483
-0.487210
0.382352
-0.180512
-0.416818
-0.192588
0.514378
0.114738
-0.157332
0.192062
-0.109990
-0.281579
-0.253047
-0.657268
1.340131
-0.461992
-0.195218
0.485460
-0.213321
0.563254
0.013403
-0.640235
-0.510762
-0.788858
0.541583
0.537073
0.905327
0.198310
-1.081637
0.074146
0.283832
0.240243
0.212926
-0.103416
-0.100694
-0.805408
-0.191321
0.166712
-0.572209
-0.252974
0.492088
-0.088236
-0.413463
-0.171258
-0.342140
0.220167
0.237681
-0.044980
0.286038
0.085252
0.500513
0.033876
-0.002613
0.314985
0.526799
-0.684896
-0.210758
-0.197317
-0.057685
-0.371950
-0.877934
-0.143217
-0.069918
-0.121949
-0.060708
-0.307723
0.774197
-1.101505
0.188928
0.058539
0.114789
-0.863739
-0.341701
0.539616
0.649477
0.272844
0.360531
-0.208455
-0.011164
-0.400940
-0.110152
-0.781733
-0.126098
0.601817
-0.393688
0.252595
0.385726
-0.221936
-0.959570
-0.195317
0.293358
-0.154512
-0.495534
0.236612
0.242889
-0.073917
0.314951
0.696773
-0.430697
0.285302
-0.079639
0.226566
-0.663775
0.141489
-0.645121
-0.107426
0.089771
-0.108048
0.338863
0.294085
0.011131
0.390739
-0.595398
0.542038
-0.264812
-0.344218
-0.115880
-0.032521
-0.521489
0.452676
-0.083246
-0.335301
0.188780
0.234944
0.271828
-0.280089
-0.467874
-0.916586
0.589344
-0.600899
0.021787
-0.061420
0.674380
1.076910
-0.197216
0.244728
-0.266678
0.048819
0.122294
-0.121722
0.025085
-0.081895
-0.333604
0.295720
-0.139493
0.346138
0.823033
0.609310
1.101481
-0.531963
-0.050268
0.090145
-0.326637
-0.178501
-0.363266
0.394870
0.274077
0.335464
0.507370
-0.411970
0.256735
-1.181247
-0.414358
0.335299
-0.041384
-0.328417
-0.858454
-0.196330
-0.053323
0.328941
0.025543
-0.694976
-0.071307
-0.265789
-0.368434
0.627634
0.239601
-0.520344
-0.008541
0.347163
0.116570
-0.309553
-0.021601
0.504146
-0.135766
-0.107687
-0.448854
0.150296
0.245893
0.238515
0.557416
0.053602
-0.499220
-0.206412
0.562156
-0.261948
0.283715
0.224402
0.064586
-0.424859
0.039502
0.114320
-0.141743
0.705857
-0.080868
-0.356367
-0.122570
-0.197424
0.043925
0.709862
-0.402944
0.389811
0.078865
0.456937
-0.089137
0.127624
-0.127196
0.376290
0.206017
0.710546
-0.039566
0.534100
0.200096
0.006660
0.434978
-0.865931
0.187442
0.540441
-0.399073
0.363490
0.308616
0.640740
-1.064744
-0.309817
0.402741
0.252333
-0.215290
-0.772483
-0.509086
-0.109295
-0.239572
0.196448
0.527235
0.165434
-0.686510
-0.485149
-0.216899
0.838467
0.083069
-0.184940
0.661201
0.157677
-0.646233
-0.216067
-0.074223
-0.061909
-0.729017
-0.185538
-0.419336
0.254735
-0.045618
-0.088359
-0.217226
0.143451
-0.196594
-0.645580
0.067512
0.372227
-0.259996
-0.074233
-0.115231
-0.021790
-0.531182
0.149696
-0.206394
0.628452
0.463873
-0.937836
-0.287886
0.116058
0.403654
-0.292459
-0.132144
-0.051098
0.599449
-0.149528
0.855196
0.192236
0.048346
-0.303318
-0.586012
0.496410
-0.065345
-0.171335
-0.015419
-0.362123
0.158554
-0.219991
-0.516178
-0.060438
-0.539685
0.180955
0.029021
-0.078952
0.009424
-0.882563
-0.016355
0.293603
-0.093042
-0.797411
0.330137
0.166338
-0.019164
0.320492
-0.258403
0.706928
-0.466324
0.595709
0.185226
-0.270137
0.287154
0.259327
-1.086761
-0.376905
0.072920
0.021211
0.094397
0.186435
-0.437623
0.050625
0.016733
0.251842
0.326002
0.128775
-0.132353
-0.162055
-0.343815
-0.164893
0.043977
-0.375093
-0.508711
-0.368585
0.103693
0.853222
-0.114788
-0.463095
0.070106
-0.396604
0.161064
0.187350
0.005726
0.025167
0.014554
-0.152766
0.339416
0.260990
-0.318523
0.067909
0.212885
-0.622900
-0.213568
-0.181327
0.105152
-0.138489
0.640556
-0.043602
-0.310002
-0.421051
0.715653
-0.057351
-0.468071
-0.402946
-0.337466
-0.158562
-0.224001
0.359325
-0.559364
0.352263
-0.663754
-0.418901
-0.955412
-0.459971
-0.596919
0.519553
0.528404
0.577081
0.245299
-0.162245
0.365159
-0.119461
0.666840
-0.125008
0.066485
0.859427
-0.507740
0.218892
-0.042538
-0.062334
-0.363486
-0.148766
-0.896671
-0.549967
0.327719
-0.023174
0.556214
-0.538458
0.069785
0.614260
0.132141
-0.770022
0.445926
1.208574
0.144682
-0.727524
-0.471644
0.126225
0.153335
-0.069246
0.333513
-0.690745
0.334519
-0.091809
0.267753
-0.251602
0.726964
0.338504
-0.382992
0.557125
0.229878
0.288062
-0.374294
0.232364
-0.222659
-0.338608
0.281032
0.522543
-0.210493
0.572722
0.081502
0.658860
0.100169
0.278808
-0.346755
0.062002
0.486547
0.729448
-0.928934
0.252502
-0.432224
-0.199113
0.303888
-1.166655
0.074507
-0.697829
0.649017
-0.666550
-0.281202
-0.362085
0.609328
0.060487
-0.094156
-0.628928
0.212174
0.000922
0.444158
0.523145
-0.140835
-0.322407
0.351323
-0.217734
-0.563783
-0.300028
-0.004988
0.561449
0.804941
0.158554
0.112369
-0.394861
0.065738
-0.354125
0.135481
0.177411
-0.395762
-0.493755
-0.184028
-0.179112
0.515305
-0.387057
0.109714
0.184923
-0.477375
0.605313
-0.504876
-0.545293
-0.674701
-0.554547
-0.336976
0.621812
-0.832866
0.475215
0.540278
-0.212620
-0.294403
-0.432335
-0.420026
-0.502003
0.244834
-0.628430
-0.106654
-0.014260
0.275995
-0.025987
0.140321
0.601237
0.096250
-0.412047
-0.111919
0.304277
0.228709
0.313512
0.021130
-0.290757
0.525258
-0.030548
-0.500971
0.371084
0.420570
-0.107155
0.300757
-0.099230
0.300441
0.131324
0.149985
0.048004
-0.409415
-0.327413
0.321264
0.000342
-0.113552
-0.292193
0.186721
0.478660
-0.122936
0.195087
-0.448020
0.872844
-0.324730
-0.590816
-0.390320
0.157230
0.479128
0.157112
1.176217
-0.079924
0.031034
-0.937902
0.639507
0.302836
0.851046
-0.358042
0.499982
0.732002
-0.080396
0.429466
0.128739
0.205556
-0.114023
0.729289
0.047936
-0.174731
0.545308
-1.316699
-0.362924
-0.461430
0.121420
-0.557681
0.231114
0.327940
0.646714
0.235917
-0.396342
0.469686
0.647620
-0.907980
0.697549
-0.453461
-0.926431
-0.328347
0.473870
-0.246659
-0.370981
0.432322
-0.366968
0.168797
-0.927864
0.452075
0.609079
-0.110999
-0.173948
0.578150
0.112055
-0.974982
-0.016048
-0.230076
0.430047
0.190182
0.153267
-0.952309
0.321568
-0.058340
-0.217975
-0.248416
-0.321973
-0.130783
0.217971
-0.280525
-0.150418
-0.263025
0.470160
-0.031295
0.394117
0.385064
0.587152
-0.224564
-0.146277
-0.448770
0.144690
0.051563
-0.976090
0.006358
-0.747058
-0.100370
-0.551186
0.863237
1.095446
0.071540
-0.932719
0.111884
0.402317
0.261350
0.279717
0.013333
-0.254467
-0.497934
0.092612
0.287123
-0.067481
0.434069
-1.094126
-0.165097
-0.518604
0.147462
0.161898
1.074763
-0.074406
0.041663
0.352713
0.117837
-0.331336
-0.184555
0.050372
-0.772430
-0.025342
-0.414933
-0.265980
0.574109
-0.283696
-0.190866
0.164194
-0.501890
-0.471755
0.492677
-0.514182
0.555346
-0.463232
-0.063566
-0.477631
-0.090561
0.164267
0.081309
-0.033488
-0.477534
-0.398677
-0.160585
-0.030182
0.457435
0.645457
-0.127165
-0.640528
0.279133
0.120219
0.232227
0.580198
0.273637
-0.236111
-0.354201
-0.021130
-0.060511
-0.188756
-0.521980
-0.330532
-0.025806
-0.052554
0.270062
-0.237631
-0.199899
-0.344235
-0.239172
0.504218
0.560614
-0.456512
0.062731
-0.418382
0.714566
-0.210101
-0.179867
0.303548
0.091361
0.350725
0.046251
-0.078220
-0.979512
-0.088897
0.544332
0.052595
0.280830
0.742646
-0.212792
0.210306
-0.323983
-0.304102
0.595506
0.336391
0.523966
-0.474590
0.363431
0.007020
0.163988
-0.295111
0.253877
-0.265333
0.694023
-0.538420
-0.091145
-1.091189
0.373787
-0.520604
-0.846140
-0.050725
-0.477054
-0.402530
