-0.060483
0.135617
0.209650
0.304104
0.114996
0.123166
0.138173
0.198903
0.506671
-0.784862
0.607710
0.064761
0.506535
-1.449647
0.547526
-0.744599
0.322578
-0.013678
0.118872
0.162215
-0.985274
0.162542
-0.378213
0.357418
0.128603
-0.355298
-0.192986
-0.159361
0.111947
0.441271
-0.922080
-1.177076
0.838690
0.107406
0.301529
0.215258
0.234848
0.028551
0.117546
-0.091908
-0.172436
-0.114840
0.552484
-0.248688
0.354030
-0.117051
0.395557
-0.474680
-0.358634
0.197211
-0.400123
-0.042534
0.643489
-0.933494
0.352736
0.503789
1.021697
0.284871
0.563225
0.084048
0.211173
-0.094062
0.323263
0.310470
0.631078
0.872845
-0.063560
-0.183539
0.245609
0.473644
-0.400740
-0.116705
0.008745
0.422599
-0.402847
-0.413921
0.222835
0.366262
-0.422763
-0.470654
-0.963500
-0.244843
0.277097
-0.371509
0.659875
-0.304261
0.117977
0.082878
0.548443
0.317962
-0.683696
-0.142972
-0.228519
0.702201
-0.246545
-0.399120
0.475799
-0.641041
-0.545718
0.760786
-0.369015
0.923777
0.215743
0.908175
0.068165
-0.179443
0.644500
-0.443151
0.395399
0.424379
0.076559
-0.304516
-0.664039
-0.196181
-0.451375
-0.076540
-0.723763
-0.578389
-0.001723
0.471808
0.195393
-0.068508
-0.532101
0.163983
0.477875
0.090472
-0.303288
-0.529545
-0.122723
0.184195
-0.053749
0.547016
0.801029
0.242076
0.416236
0.665483
-0.144548
-0.088261
-0.013122
-0.043594
0.091185
0.555748
-0.380061
0.373325
-0.015360
0.218773
0.235577
0.128545
0.303812
1.194867
0.778253
0.037220
0.806375
-0.170262
-0.319009
-0.202275
-0.272282
-0.002110
-0.268015
0.325550
0.085787
-0.270945
-0.348396
0.201988
0.332978
-0.081643
-0.730508
0.728974
0.454221
0.126756
-0.606269
-0.408618
0.056216
-0.137695
0.024814
0.433063
0.339933
0.247626
0.245473
-0.445378
0.163233
-0.190459
-0.645156
0.116342
-0.202621
0.088959
0.127655
0.260722
-0.379612
0.136261
-0.112827
0.425252
-0.010403
-0.015062
-0.624496
0.682169
-0.260531
-0.307617
-0.057162
0.073531
0.411576
-0.383552
-0.426609
0.557073
0.250880
1.071026
0.277206
0.698273
0.627357
-0.075066
-0.222479
-0.260313
0.577812
0.271269
-0.576989
-0.094290
-0.489151
0.870148
-0.346666
-0.559704
0.275739
-0.400853
-0.336222
-0.357689
-0.183866
-0.140862
0.695539
0.938656
0.375468
0.579675
-0.048330
0.262506
0.221465
-0.409272
-0.248902
0.232766
0.125942
-0.812674
0.119295
-0.204598
-0.362377
0.046005
-0.479368
-0.848203
-0.233533
0.281200
-0.832332
-0.239318
0.192493
0.600639
0.077639
-0.212560
0.187519
-0.152249
-0.213907
0.500876
-1.005770
-0.420377
0.223784
0.739930
0.432759
0.330003
-0.259142
0.350709
-0.033236
0.253680
0.895413
-0.405989
-0.076859
0.058365
-0.295892
1.026582
0.207657
-0.252080
-0.291478
0.533467
-0.369407
-0.449586
-0.369026
-0.202473
0.242869
-0.410228
0.330719
-0.079432
0.747233
-0.146479
0.335872
-0.615868
-0.707831
-0.429093
0.120642
-0.380713
0.470243
0.518688
-0.255007
-0.375781
0.516482
0.203117
-0.050908
-0.288604
-0.101819
0.077708
0.990876
0.026367
0.529366
-0.285964
0.187437
-0.294815
0.619938
0.462150
0.483171
-0.625779
0.277507
0.594880
0.104769
-0.512691
-0.229069
-0.751616
-0.202714
0.085763
0.249690
0.265400
0.228646
0.550226
-0.109433
-0.068860
0.234377
-0.424204
-0.109561
0.565734
-0.877449
-0.270888
0.395524
0.026994
-0.241391
0.112186
0.266116
0.571876
0.383820
0.125735
-0.646827
-0.020103
-0.279245
0.853338
0.398595
-0.093902
-0.037160
-0.692386
0.342186
0.473621
0.077012
0.066252
-0.206474
-0.100000
-0.717755
-0.387665
0.282862
-0.165526
-0.332119
0.171087
0.203356
-0.288243
0.033939
-0.472521
0.105703
0.539220
-0.445282
-0.358842
0.347994
0.287750
-0.072420
-0.268054
-0.701018
0.375698
-0.897787
0.588681
0.938170
0.732933
-0.097644
0.091004
0.746461
-0.501333
0.920454
0.526997
-0.586345
-0.833146
0.340201
-1.033275
0.527672
0.795553
0.742679
-0.297648
1.125588
-0.005369
-0.087877
0.068890
-0.097507
0.051462
0.095569
0.363254
0.797073
-0.306729
-0.024159
0.289403
-0.187674
0.422487
0.745268
0.012677
1.064447
-0.568845
-0.042505
-0.013312
-0.211232
0.283049
0.443529
-0.625839
-0.009842
-0.503509
0.379822
-0.305876
-0.272428
-0.038998
-0.297312
-0.588227
-0.502762
-0.066055
1.283922
-0.425148
-0.021690
-0.345120
0.676117
0.480989
-0.251052
0.055269
-0.026192
-0.433415
-0.162229
0.627288
-0.046675
-0.324697
-0.342940
-0.157248
0.006779
0.091166
-0.867035
-0.061355
-0.005382
-0.113157
-0.412915
0.373027
0.163717
-0.011462
0.314465
0.446976
-0.272062
0.368502
-0.321135
-0.188663
0.568918
0.069828
-0.067347
0.133490
-0.905322
-0.056097
-0.178320
0.443690
-0.379634
-0.463416
-0.855867
-0.348806
0.116382
0.014106
0.293401
-0.097166
-0.023415
0.071100
0.431681
0.429815
-0.251387
-0.978951
0.028094
-0.439521
-0.107554
-0.163647
0.525007
-0.176584
-0.097846
0.002641
-0.322908
0.329955
0.190691
0.023623
0.720662
-0.106370
-0.841838
0.215728
-0.150786
-0.151600
0.234370
-0.483613
0.279408
0.331531
-0.123105
-0.010788
0.554618
-0.093278
1.067346
-0.269264
0.250328
-0.674392
-0.235684
-0.156369
0.163631
0.117073
-0.027970
-0.554408
-0.874052
-0.362214
-0.798293
-0.398924
-0.519588
-0.267991
-0.068224
-0.240214
0.238454
-0.497753
0.009096
-0.047096
0.654323
-0.035251
0.161592
-0.336417
-0.363993
0.205027
1.365527
0.187307
-0.735575
0.151897
-0.577718
0.095657
-1.078300
-0.674104
-0.154813
0.309162
0.180542
0.589297
0.182960
0.160015
-0.360463
-0.667611
-0.055302
-0.277603
0.011767
-0.150947
-0.156337
0.932434
0.208218
-0.069543
-0.402589
-0.510125
-0.258828
-0.311179
0.212867
-0.198310
0.216061
0.173814
-0.258500
-0.172466
0.112987
0.164161
0.481542
0.344224
-0.558670
-0.027335
0.107044
0.445361
0.200161
-0.194467
-0.102493
-0.146942
0.168783
-0.326104
0.252997
-0.267568
-0.111137
0.131160
-0.654169
-0.207695
-0.529534
-0.058707
-0.356802
0.118403
0.170898
-0.433540
1.320455
0.794762
-0.287471
0.035770
0.282853
1.121163
0.412515
0.236212
0.389448
-0.081544
0.423187
0.306968
-0.740307
-0.422182
-0.660894
-0.224521
-0.074147
-0.407460
0.876278
-0.678425
-0.044048
0.715873
-0.044117
-0.262356
-0.161464
0.059844
0.502085
-0.530140
-0.444027
-0.149435
0.625327
-0.165180
-0.674741
0.510578
-0.185602
0.349634
0.724095
0.024785
-0.849727
0.199600
-0.038207
-0.518838
-0.489552
0.100144
-0.332605
0.642538
0.548269
0.237106
-0.060333
-0.300017
0.010049
0.232152
-0.460731
-0.168898
0.305075
-0.319353
0.631566
-0.097011
-0.080116
0.380171
-0.330506
0.126344
-0.419394
0.212166
-0.019129
0.402449
-0.642189
-0.118893
0.213983
-0.320892
0.438320
0.775650
0.434814
-0.506151
-0.013607
0.429124
-0.831996
-0.928997
-0.044493
0.024300
0.305442
0.061258
0.127587
0.242007
-0.372735
-1.016900
-0.208470
0.228811
-0.506921
-0.198500
0.026793
-0.173735
0.146881
0.154690
0.028742
-0.132819
-0.025887
-0.289404
0.471194
0.023406
-0.842824
-0.100036
0.373352
-0.596636
-0.085303
0.759030
-0.182488
-0.100277
1.209799
0.295023
-0.105486
0.971411
-0.100624
-0.590767
0.264346
-0.360651
-0.269281
0.986158
-0.164581
0.239372
-0.292961
0.239834
0.179773
0.567526
0.540904
0.035089
-0.822719
0.942264
-0.267463
0.712988
-0.136281
-0.000650
0.412628
-0.448925
-0.434813
0.314250
0.391535
0.216205
0.377254
-0.404990
0.114431
-0.366639
0.057131
0.216535
0.105463
-0.314890
-0.152454
0.354872
-0.269396
-0.321394
-0.034477
0.640404
0.278074
-0.011310
-0.672648
-0.409326
0.574074
0.189959
-0.131239
-0.185469
0.008742
-0.066769
0.264148
0.089670
0.181055
0.293049
-1.003417
-0.117398
0.319691
-0.381590
0.510620
0.484041
0.300479
-0.190931
0.367266
-0.108031
0.687255
0.605662
-0.234477
0.311623
0.188376
0.377366
0.169527
-0.394807
-0.703629
0.201035
-0.850403
0.721972
-0.300148
0.677602
0.520320
0.715396
-0.439873
0.528928
0.534325
0.494361
-0.561612
0.273056
-0.249401
0.289745
-0.013924
0.459380
0.041347
-0.095118
0.062278
0.358691
-0.014944
0.444528
0.210440
-0.456006
-0.309598
-0.406008
-0.001436
-0.163256
0.163300
0.746016
0.066266
-0.067880
-0.653513
-0.032077
0.499795
0.138363
-0.297104
-0.089081
0.469604
0.241539
-0.148069
0.053474
-0.178602
0.087520
-0.282545
0.140959
-0.237612
-0.494228
0.717770
0.399241
0.144448
0.016460
0.202181
-0.877409
0.768308
0.788500
0.235720
-0.416533
0.020493
0.548882
-0.058098
1.135441
-0.438438
-0.038402
-0.107266
0.100982
-0.052170
0.613019
0.363663
-0.471228
-0.409282
0.046337
0.179888
0.955756
-1.322597
-0.120619
-0.634015
-0.293830
-0.311134
-0.464630
-0.076072
0.080510
0.027294
-0.010410
-0.161641
-0.777141
0.109961
-0.430010
-0.058574
-0.528098
-0.502518
0.336055
-0.812013
0.022909
0.312886
-1.220941
0.364204
-0.462379
-0.585019
0.617213
0.309406
-0.212248
1.378300
0.407694
0.352754
0.171412
0.652639
-0.091969
-0.107527
0.004400
0.621346
-0.215230
0.182175
0.206653
-0.098086
0.191775
0.119312
0.190535
-0.281423
-0.365972
0.494130
-0.509869
0.349805
-0.971638
-0.119503
0.298986
-0.164598
-0.269805
0.203910
-0.269060
0.179477
0.662475
0.089711
0.428263
-0.249958
0.230188
-0.265943
0.309140
-0.000956
-0.207144
0.008464
0.436033
-1.368001
-0.045512
-0.612521
-0.251181
0.294981
0.693030
0.078454
-0.484778
-0.012249
-0.764579
0.379327
0.119439
0.101455
-0.718806
0.052626
-0.063488
-0.051233
-0.221467
0.361541
0.686120
0.268826
-0.274742
0.260256
0.227682
0.196555
-0.178935
-0.302713
-0.187957
-0.416333
-0.292073
1.379215
0.345434
0.406194
0.134677
-0.290947
-0.447641
-0.084017
0.159147
-0.345541
-0.219196
-0.535946
-0.705351
0.424348
-0.659608
-0.080579
0.024812
-0.150161
0.064927
0.082140
0.331705
0.237564
0.179460
0.218266
-0.225503
0.333111
0.075710
0.261661
0.049133
0.153667
-0.264866
-0.038791
-0.388561
-0.135288
-0.462323
0.291592
0.453827
-0.078054
-0.178618
-0.026896
-0.093219
-0.366662
-0.195272
-0.207806
0.199823
0.560975
-0.383850
-0.348518
-0.042370
0.164523
0.100198
0.542561
0.800383
-0.115698
-0.083203
-0.573898
-0.063513
0.441436
0.530124
0.517742
-0.281979
-0.399856
-0.230039
0.206706
-0.316898
0.527331
0.144391
-0.332882
-0.298714
-0.135386
0.065643
0.016189
0.002911
-0.026733
-0.822096
-0.144111
-0.143776
-0.668443
0.107173
0.535598
-0.002059
0.116875
-0.260104
-0.034340
0.215309
0.140440
0.134570
-0.251064
-0.169309
0.434260
-0.512953
-0.602020
-0.075872
-0.088207
0.312677
-0.619337
0.076307
0.781046
0.358831
-0.753111
0.149437
-0.531812
-0.439680
-0.056288
-0.011905
-0.123217
-0.215419
0.181179
-0.371121
0.852845
0.435500
-0.134618
-0.090465
-1.139519
-0.051560
-0.106298
-0.385054
-0.766497
0.237623
0.474300
0.472026
0.645602
0.150675
0.193391
0.306130
0.151833
-0.092074
1.024377
0.001198
0.105267
-0.211818
0.212323
0.093202
-0.114617
-0.233202
-0.125371
0.933928
-0.145182
-0.014676
-0.618758
0.154816
0.186682
0.336156
0.019192
0.089401
-0.817958
0.289899
0.542886
-0.730231
0.254613
-0.523301
0.147547
0.616591
-0.232096
-0.548599
-0.164989
-0.341089
0.033098
-0.122651
-0.066177
-0.526835
-0.276144
0.356408
-0.564717
0.602660
-0.076359
-0.212197
-0.100233
-0.093117
-0.336068
0.192574
0.442032
-0.070914
-0.519406
0.304405
-0.012917
0.302771
-0.299285
-0.103161
0.806696
-0.551181
0.306473
-0.146229
0.289391
-0.517767
0.024559
-0.101655
-0.515204
-0.132380
-0.267652
0.577690
0.107885
0.401244
0.518044
-0.404500
0.229190
-0.637011
0.521795
0.161402
0.571849
-0.701896
-0.362561
0.160176
0.406418
-0.139730
0.028259
0.069242
0.545464
-0.464911
-0.237184
0.046165
0.434641
0.780660
-0.305833
0.136667
0.081333
0.433358
-0.361270
-0.685954
-0.534294
-0.200752
-0.655076
0.288195
0.217111
-0.725093
0.407122
-0.697558
0.447326
-0.908006
0.239905
-0.185007
0.513145
-0.983018
-0.378642
0.446728
0.435576
-0.970876
-0.225918
0.211103
0.077795
0.001199
-0.382382
0.548905
-0.105164
0.289627
0.450978
0.073606
-0.849539
0.069944
-0.167505
0.252250
-0.147078
-0.240071
-0.083841
-0.301761
-0.475237
0.095364
0.560482
0.070888
0.011998
0.177189
0.160847
0.735574
-0.179322
0.829080
0.192560
0.161077
-0.255004
-0.094132
0.282799
0.735945
-0.017356
0.267348
-0.025437
0.331778
-1.225449
-0.790796
-0.424367
0.641498
0.280581
-0.331646
0.245775
0.138919
0.169667
0.040808
0.089876
0.113551
0.596025
0.217509
-0.193222
-0.195866
-0.394079
0.421119
-0.607550
-0.360452
-0.179527
-0.107960
-0.886612
0.016287
0.266439
0.009469
0.765528
-0.831369
-0.854468
0.671681
-0.264745
-0.293541
-0.430811
0.200068
0.210199
-0.372867
0.171445
0.118006
-0.422253
-0.387275
0.899261
0.393501
0.160106
-0.419466
-0.416813
0.035761
0.460781
-0.216310
-0.067671
-0.252474
-0.641418
-1.238591
-0.591064
-0.234578
-0.162185
0.238267
0.079664
0.213627
0.706395
-0.308679
-0.238152
-0.176275
-0.017077
-0.691358
0.166379
0.035353
-0.209065
-0.374280
1.493449
-0.019371
-0.245159
0.535149
-0.763289
-0.295649
0.457043
0.839119
0.054825
-0.312725
0.085447
-0.338904
-0.737928
-0.149260
-0.196415
-0.065775
0.497593
-0.287827
0.152751
-0.312602
-0.358679
0.090421
0.070036
-0.172211
-0.421651
0.168052
-0.414081
-0.180637
-0.500175
-1.111283
0.113134
0.753758
0.778248
-0.768816
0.147882
-0.846655
0.558754
0.592863
0.926627
-0.436372
0.076509
0.164423
0.238613
-0.263759
-0.016788
-0.094542
0.306637
0.316019
0.161355
1.166425
-0.157514
0.690417
0.386225
0.239509
0.355137
-0.660162
-0.046052
0.503142
0.336166
-0.476614
-0.142160
0.724269
-0.790388
0.559851
0.226752
0.235632
-0.558370
0.581603
-0.651117
0.536611
0.656527
0.476512
-0.098552
0.100542
0.138366
-0.278568
1.010601
0.340377
0.339146
-0.496926
0.068958
0.119892
-0.617356
0.522919
0.106038
-0.195026
0.032331
-0.123214
-0.000490
-0.289990
-0.419864
-0.825426
-0.115521
-0.528056
-0.525793
0.097918
-0.185134
-0.624556
-1.036129
-1.278770
-1.162643
-0.975173
-0.567618
-0.634814
-0.420421
-0.300989
-0.302211
-0.390556
-0.148983
0.951835
-0.991091
-0.548185
0.492460
0.263080
0.494363
0.975263
0.314760
-0.185115
1.023768
0.986966
0.004863
0.974854
1.041495
1.081960
0.776656
1.329610
0.765230
0.927131
0.100126
1.010429
0.645079
0.586061
0.785303
1.074012
1.402712
1.002572
0.399049
0.878027
0.699390
-0.720522
0.379953
-0.057989
-0.353734
-0.685313
-1.120747
-0.944946
-0.288560
-0.565233
-0.707685
-0.225601
-0.471004
-0.767164
-0.760244
-0.177031
-0.666341
-0.169942
-0.781750
-0.599556
-0.140764
-0.956264
0.133468
0.019365
0.592999
-0.414910
-0.192282
-0.010723
0.274439
0.201232
0.639455
-0.021838
-0.364014
0.485952
0.643684
0.388463
0.722466
-0.190398
-0.023140
1.068463
0.842164
0.351117
-0.033198
0.574974
-0.552075
-0.186040
-0.189055
-0.347623
-0.016888
-0.367382
-0.525193
-0.046887
0.116457
0.023025
-0.742546
-0.104581
-0.433311
0.027453
-0.279926
0.440384
0.404803
0.115904
-0.091090
0.749743
0.465397
0.473181
-0.024835
0.640488
0.006923
0.052713
0.369015
-0.044072
0.448277
-0.015816
0.196403
-0.459290
0.162649
0.355050
-0.147068
0.515644
0.403479
0.096747
0.242695
-0.495518
0.495520
0.425640
-0.615965
-0.500956
0.509549
-0.394383
-1.055161
-0.631166
0.254759
0.039315
0.012292
0.380746
0.157792
-0.222370
0.035531
-0.298307
0.408016
-0.357270
0.030852
0.614693
-0.127344
-0.128663
0.451165
0.457755
-0.511997
0.589644
0.193123
-0.461189
-0.633248
-0.525821
0.062951
0.116066
0.683246
-0.515792
-0.253907
-0.101410
-0.666249
0.289041
-0.958132
-1.209086
0.107509
-1.393408
0.081232
0.210688
-0.155580
0.161153
0.294198
0.034707
-0.512346
0.370657
0.275686
0.275837
-0.147717
-0.419230
0.602646
0.623646
-0.229934
-0.650638
0.494737
0.738985
1.117186
0.246306
-0.279466
-0.180835
-0.422266
0.102221
0.199645
-0.680749
-0.058563
-0.058355
-0.194225
0.433647
-0.104238
-0.581923
-0.058008
0.021698
0.235209
-0.206636
0.353289
0.328859
-0.154179
-0.179620
-0.056472
0.591201
0.246320
0.184976
0.821704
-0.609731
0.049142
-0.130189
-0.503415
0.212249
-0.751708
-0.180563
-0.295473
0.632450
0.494797
0.393625
-0.187079
-0.258013
-0.490905
-0.221632
-0.539582
-1.002022
-0.214659
0.231511
-0.219683
-0.051119
-0.723692
-0.183733
0.088436
-0.832217
-0.267726
0.291614
-0.079356
-0.054976
0.541048
-0.270275
0.574858
0.053697
-0.251457
-0.166079
0.010638
0.515293
-0.359077
-1.115470
0.130761
0.377159
-0.532188
-0.520394
0.058408
-0.242753
-0.018584
-0.177755
0.077084
0.277384
-0.484955
-0.160045
-0.335844
-0.587100
-0.406344
-0.311400
0.029064
0.409840
0.358029
-0.217014
-0.251074
-0.167940
-0.675420
-0.154951
-0.023304
-0.296030
0.158692
0.595422
-0.640704
-0.160942
-0.287826
0.034172
0.386523
0.106052
0.277680
-0.299570
-0.303484
0.242837
-0.579275
-0.358438
0.069133
0.637872
-0.405661
0.045984
0.164908
-0.852212
-0.444481
-0.465423
0.137189
0.346243
-0.454589
-0.701943
0.257987
0.390397
-0.334102
0.000917
-0.264047
0.229065
0.197909
0.790498
-0.221271
0.174298
0.364054
-0.032483
-0.390152
0.214496
-0.208992
-0.197779
0.063849
0.469411
0.437440
0.024627
-0.120682
-0.200909
0.362684
-0.315209
-0.133287
-0.128167
-0.540889
0.133353
1.276036
0.009740
0.006035
-0.445855
0.509085
0.674481
-0.478016
0.171817
0.118995
0.307774
0.915478
0.313504
0.032790
0.853211
0.228642
-0.316141
0.584541
0.265654
0.562145
-0.103705
0.260183
0.013356
0.433885
0.408070
0.228241
0.160958
-0.128297
0.795479
0.405467
-0.034060
0.122597
0.979977
-0.664462
-0.096865
0.150652
-0.223419
0.137327
0.141076
0.330856
-0.436506
-0.172756
-0.328877
-0.517075
-0.162967
-0.026994
0.560391
0.651618
-0.572451
0.438014
0.220161
-0.254897
0.585256
-0.116036
-0.242524
-0.565764
-0.044782
-0.222179
-0.592245
-0.445717
0.186698
0.745879
0.123457
0.825738
-0.200977
0.227871
0.354668
-0.150572
-0.066945
-0.201851
0.379481
0.724917
0.294866
-0.874955
-0.451100
0.947125
-1.280431
0.114357
0.144121
0.182249
0.941220
-0.266675
0.689974
0.100212
0.342486
0.505222
0.228502
0.452756
0.637437
-0.068004
1.268576
-0.060092
0.852271
0.299492
-0.418123
-0.355432
0.042725
-0.368250
-0.480033
0.117104
0.146333
-0.392780
-0.486605
0.035817
0.034822
-0.370365
-0.220014
0.054114
0.347762
0.043126
-0.120904
0.283879
-0.793623
0.133390
-0.179617
-0.190066
0.063830
-0.505531
-0.311237
-0.211909
-0.403459
0.449768
-0.503013
0.240442
0.542157
-0.093386
0.129592
-0.399660
0.113171
0.718862
-0.428168
0.176227
0.498557
-0.530180
0.112472
0.216763
0.232251
-0.529407
-0.016174
-0.238066
-0.362068
-0.371503
0.256814
-0.230200
-0.419291
0.236642
-0.033651
0.159876
-0.487306
-0.231193
-0.267639
-0.327720
0.316314
-0.379218
0.017424
-0.523976
0.121574
0.126617
0.195050
0.103676
-0.137057
-0.110162
-0.594226
-0.080891
-0.150546
0.619184
0.120164
0.250606
0.048280
0.952054
0.594039
0.503213
0.527979
0.400334
-0.000899
0.787476
-0.567733
0.658410
0.323290
-0.262193
-0.141515
0.257433
0.102720
-0.281486
0.059264
0.377589
-0.748911
-0.118741
-0.091580
-0.883556
-0.385081
0.519704
-0.498443
-0.427223
-0.083082
-0.396928
-0.407766
0.203683
0.164359
-0.183142
-0.480311
-0.105523
-0.193255
0.416124
0.342501
0.499293
0.407045
-0.027362
-0.121182
0.251730
0.279116
0.471886
0.444064
-0.786981
-0.247865
0.318869
0.070303
-0.360254
-0.012631
-0.197881
0.264223
-0.221437
0.268806
0.505794
0.172773
0.052605
-0.009603
0.324278
0.351200
-0.191946
-0.256917
0.818849
-0.142194
0.545332
-0.519435
0.282307
-0.238361
0.478451
-0.024945
0.388513
-0.545481
0.088251
-0.543159
-0.336504
0.140234
-0.337846
-0.164539
0.563680
-0.035451
0.421172
-0.255848
-0.043098
0.092521
-0.391848
0.105363
0.091556
0.507260
0.120310
-0.220325
0.085511
0.061449
-0.583459
-0.140705
-0.548603
-0.361498
0.380621
-0.181373
0.011191
0.047641
0.443163
0.029978
-0.301624
-0.261205
-0.524537
0.658451
-0.287789
0.173770
-0.444992
-0.179288
0.473982
-0.292544
-0.202512
0.317120
-0.110080
0.618182
-0.493639
-0.068628
-0.610421
0.579846
-0.215466
0.444852
-0.045066
0.431987
0.242165
0.883866
0.217455
0.366356
-0.150445
0.246207
-0.269558
0.067191
-0.538150
-0.572261
0.128777
-0.275510
0.189138
0.371934
-0.293235
0.476686
0.501099
-0.584828
0.158766
0.714646
0.078946
0.263410
0.201072
-0.192300
0.403173
-0.497858
0.120860
-0.287040
-0.747250
-0.036997
0.750229
0.019602
-0.104575
0.293597
-0.038329
-0.063712
0.139564
0.323453
-0.292654
-0.527027
0.606655
-0.734881
-0.389664
-0.055935
-0.593237
0.979110
0.220963
0.710406
0.503475
-0.099879
-0.043287
-0.179457
0.199229
0.500658
0.442917
-0.190911
0.013856
0.047684
-0.192287
-0.245904
-0.114059
-0.284063
-0.300794
-0.333621
0.344495
0.463052
-0.533471
0.238166
-0.012654
-0.029014
-0.029651
-0.970257
0.574789
0.452415
-0.098082
-0.006159
0.142487
-0.170595
0.135457
-0.145478
-0.734396
0.194928
0.004289
0.651298
0.467297
-0.833101
0.853513
0.006579
-0.129682
0.055920
-0.927830
0.497584
1.081495
-0.363968
1.083579
-0.251899
-0.038481
0.533434
0.275255
-0.159148
0.093462
-0.525857
0.374934
0.354953
-0.360230
-0.190905
-0.054801
0.189169
-0.015089
-0.217609
0.053319
0.479925
-0.183457
0.274640
-0.324831
-1.258782
-0.292170
-0.024785
-0.188475
-0.017448
0.023654
-0.176924
-0.664876
-0.478854
-0.367431
0.110165
-0.538108
0.438441
-0.463828
-0.434923
-0.106234
-0.387619
0.373026
-0.101794
-0.122035
0.461484
-0.094866
0.165077
0.230409
-0.143684
-0.106265
0.442209
0.128305
-0.693207
-0.311450
0.214284
0.388262
-0.457157
0.842824
0.103798
0.420812
-0.366271
0.486001
0.430238
-0.025566
0.928754
-0.028063
-0.421018
-0.323050
-0.029513
-0.047290
-0.304069
-0.359152
0.218074
0.375055
-0.397577
0.036752
0.472356
0.150052
-0.167145
-0.261848
0.174152
-0.189491
0.102711
-0.302409
0.280340
-0.141683
-0.249882
0.500336
-0.197429
0.239905
-0.431275
-0.522678
0.810015
0.151857
0.169003
-0.053890
0.228862
-0.155978
-0.081853
0.434878
-0.490680
-0.270886
0.048544
0.018115
0.081002
0.168326
-0.019969
-0.654444
0.101125
-0.551687
0.074256
-1.035569
-0.319616
-0.240075
0.020806
-1.000215
-0.005412
-0.652032
0.317903
0.559226
0.054105
-0.148615
-0.520662
0.276145
0.078818
-0.376534
0.157869
-0.107587
0.584664
0.325361
-0.021261
0.444801
0.251531
-0.065554
0.524808
0.034486
0.224500
-0.062671
0.912167
0.854627
-0.239767
0.175913
-0.029465
-0.808399
0.031155
-0.338766
-0.524112
0.195514
0.111995
0.233551
-1.101590
-0.698389
-0.575057
-0.604675
0.249668
-0.463394
0.210578
-0.086793
-0.084195
0.267827
-0.560545
0.660440
-0.548695
-0.237352
-0.099962
-0.034736
-0.287814
-0.152382
-0.833454
-0.223264
0.824032
-0.577767
0.020852
0.119572
-0.298134
-0.003118
0.646777
-0.213868
0.198179
-0.561552
0.159830
-0.416124
0.247457
-0.063597
-0.099378
0.311260
-1.123349
-0.380043
-0.147786
0.543928
0.359034
0.350102
-0.257620
0.394767
0.381476
0.209833
-0.270033
-0.140253
0.512549
0.036193
-0.308155
-0.253190
-0.880202
0.694258
0.280419
-0.159131
0.064654
0.306497
0.089899
0.664040
0.263670
0.433116
0.769912
0.460631
0.282670
0.449303
0.277163
0.146169
-0.764914
-0.325331
0.044854
0.251790
-0.405331
-0.040538
-0.338219
0.247393
-0.139582
0.533005
0.820635
0.152782
0.526195
0.293527
0.203853
-0.658106
0.471899
-0.563449
0.373054
-0.057743
0.308843
-0.480049
-0.266133
0.171231
-0.083411
-0.415911
0.078320
-0.377827
0.632957
0.125611
-0.315314
-0.223495
0.059937
-0.173027
-0.081698
-0.034739
0.043427
0.315356
-0.655528
0.209747
-0.092445
0.071974
-0.372925
0.216627
0.999585
0.095563
0.226871
0.203664
-0.244745
0.282346
-0.249852
0.366033
0.492990
-0.191481
0.088203
0.653453
-0.621555
0.052434
0.058312
-0.095813
0.113592
0.328802
0.460822
-0.392817
0.477213
0.052958
0.054835
0.090481
0.097586
0.308023
-0.439366
0.229020
-0.013703
-0.488703
-0.039630
-0.092131
-0.472608
-0.939289
0.279129
0.326268
-0.045881
0.031982
-0.076946
-0.569316
0.080864
-0.099271
-0.609695
0.300389
-0.104765
-0.279965
-1.133081
0.154764
-0.506450
-0.330170
-0.029215
-0.342181
-0.611633
0.133115
-0.235859
0.286299
0.467216
0.192468
-0.001479
0.185200
-0.219762
-0.218206
0.705613
0.007170
-0.076981
0.185750
0.076100
0.107534
0.108392
-0.041696
0.088856
0.330271
0.306195
-0.353617
-0.135106
-0.602668
-0.411227
-0.486197
-0.233339
-0.179558
1.093281
-0.088968
0.037010
0.376868
0.074515
-0.554129
-0.144569
-0.153747
-0.257041
-0.385806
0.534037
-0.345402
0.292023
0.209765
-0.114234
0.692162
0.395223
0.219835
-0.295911
-0.190364
0.140952
0.088788
-0.114817
0.695875
-0.178667
-0.369708
0.239090
-0.126522
-0.841001
0.239702
0.239566
0.514489
1.144494
0.255777
0.152191
0.266846
-0.197341
-0.442788
-0.064034
0.406269
-0.036295
-0.099875
-0.100040
0.916957
0.006501
-0.314089
0.269506
0.339999
-0.561830
0.159080
0.475113
-0.919805
0.034778
0.613462
-0.260324
-0.039202
-0.567965
1.107144
0.208941
-0.113385
1.026300
-0.587982
-0.297795
-0.237929
0.137389
0.554998
-0.018475
-0.585912
0.360689
-0.334730
0.383411
-0.528049
0.185770
-0.201892
0.728536
0.209008
-0.063467
0.342264
-0.702324
0.067299
-0.199879
0.762933
0.452273
-0.249884
0.249166
0.165436
0.516110
0.104440
-0.135789
-0.166719
-0.452655
-0.068188
-0.273602
-0.197062
-0.204436
-0.288117
0.197264
0.086135
-0.225489
0.132627
0.358293
0.496613
0.385776
0.082243
-0.660676
0.029461
-0.020670
-0.230373
-0.150254
0.462129
-0.110685
0.572981
0.130537
-0.160609
-0.059705
-0.046960
-0.889288
0.174915
-0.037499
-0.199818
-0.045088
0.577204
0.389186
0.549524
0.159616
0.142063
0.620825
0.203524
-0.056208
-0.117476
-0.348450
-0.378189
0.095579
0.110683
0.458063
0.170764
-0.353811
-0.218180
0.513777
0.240374
0.649311
-0.084309
0.345546
-0.302404
-0.980922
-0.020646
-0.296554
0.218359
-0.321773
0.270460
0.488584
-0.325943
0.586490
0.155513
0.367775
0.312594
-0.349831
-0.783219
0.189458
0.208625
-0.522893
0.321563
-0.249441
0.732746
0.015038
0.215243
0.084596
0.081251
0.256977
0.020752
0.472597
-0.281408
0.408659
-0.544846
-0.190878
0.489854
0.126936
-0.194797
-0.078141
-0.136758
0.478639
0.606521
0.076983
-0.607286
-0.275548
-0.229822
-0.403609
1.318452
-0.430924
-0.409027
-0.643073
-0.103794
-0.521470
0.021205
0.699652
-0.445141
1.402798
-0.340023
-0.397267
0.640147
-0.427615
0.382932
0.921273
0.762733
-0.273523
0.081163
0.427600
-0.247733
0.306786
-0.628308
0.220871
0.417270
-0.407362
-0.529618
-0.518770
-0.437212
-0.956506
-0.126258
-0.200886
-0.587312
0.692672
-0.797101
-0.219285
-0.017660
0.759464
0.690338
-0.212144
-0.141299
-0.469726
-0.120045
-0.713460
0.092244
0.583827
0.027012
0.610816
-0.644375
-0.506203
-0.068003
0.049323
0.714096
-0.260060
0.134263
0.008396
0.370330
-0.146707
-0.189512
-1.097053
0.380010
0.303369
0.185042
-0.205118
-0.413319
0.326821
-0.807669
0.270165
-0.083285
0.632102
-0.061154
-0.046704
0.117534
-0.120059
0.151423
-0.730765
-0.188445
-0.371761
0.257778
-0.201211
0.216892
0.369332
-0.684080
0.147116
1.030656
-0.311066
0.564797
-0.308888
-0.184092
0.097299
0.348574
0.085062
0.000470
-0.414158
0.282767
0.007301
-0.389488
-0.227516
0.264451
0.345388
0.321837
-0.532457
-0.691236
-0.299815
-0.424171
0.094666
-0.097125
-0.158059
-0.132163
0.577590
0.255807
-0.442038
0.207278
-0.201233
-0.094154
-0.171501
0.116590
0.886689
0.037911
0.133830
-0.320462
0.806046
-0.627504
-0.307333
0.553223
-0.439525
0.079548
-0.830860
-0.455038
-0.041278
-0.019234
-0.491286
-0.129296
0.352089
-0.535778
-0.400861
0.850743
-0.203696
0.275018
-0.219865
0.437507
-0.466512
-0.093147
-0.175310
-0.005830
-0.022952
0.022099
-0.104489
0.615351
-0.294909
0.323270
-0.112688
-0.076785
0.483632
0.101485
-0.675001
-0.463198
0.354242
0.004329
0.469439
0.021154
0.437743
0.725089
0.150598
0.379848
-0.084723
-0.413300
-1.112726
-0.221483
0.078417
0.055340
-0.035207
-0.177114
0.000766
0.049241
-0.099881
-0.345753
0.018043
-0.352844
0.605543
0.286938
-0.092782
-0.177722
-0.588585
0.057346
-0.353222
0.777608
0.763427
0.242698
0.302374
-0.113575
-0.296175
0.557526
0.709072
-0.380061
-0.380524
0.401291
-0.580886
-0.593204
-0.049819
-0.258101
0.317574
0.256716
0.159166
0.147807
0.857102
-0.037623
0.302471
0.310689
-0.081458
0.190251
-0.072859
-0.034773
-0.549650
0.034387
0.599605
-0.166422
0.019849
0.679579
-0.311259
-0.182746
-0.088037
0.127407
-0.058906
-0.797504
-0.404337
0.153232
0.175742
-0.020192
0.867158
-0.360426
0.119394
0.290798
-0.026215
-0.219668
-0.692100
0.221564
-0.074844
0.144997
-0.164422
0.371472
-0.709880
0.044824
1.130439
-0.237700
-0.282922
-0.073649
-0.279924
0.265362
0.165338
-0.280166
0.166303
-0.644370
0.408097
-0.178179
-0.315870
0.617598
-0.249095
-0.683093
-0.253968
-0.233213
0.672822
0.159198
0.295703
0.031912
-0.634898
0.739244
0.108431
0.173040
-0.399518
-0.123032
-0.263438
-1.280855
0.366851
0.151993
-0.138599
0.540302
-0.252325
0.134183
0.212247
-0.539511
-0.264323
-0.395930
-0.258575
0.170406
-0.156560
-0.474962
-0.158120
0.260421
1.101137
-0.079878
0.185240
0.051739
0.929603
-0.176812
-0.447429
0.432598
0.487029
0.246898
-0.653483
-0.587759
0.055011
-0.170519
0.009167
-0.888804
-0.290080
0.000344
-0.182153
-0.350921
0.245281
-0.485770
-0.434295
-0.508911
-0.136870
0.622999
0.965722
0.273215
0.137508
-0.088370
-0.142666
0.576094
0.020711
-0.416856
-0.530177
-0.305873
-0.069309
-0.791860
0.069436
-0.136251
0.375189
0.246755
-0.686977
-0.154555
-0.151479
0.095643
-0.556784
-0.439227
-0.569394
0.189065
-0.002770
-0.150109
-0.616263
0.090492
-0.372844
-0.424737
0.351553
-0.880800
-0.210429
-0.299295
0.422060
0.091334
0.355792
1.022271
0.424366
0.088974
0.282301
-0.014184
-0.085760
-0.346870
-0.454081
-0.301630
-0.167490
0.119095
0.056710
0.279137
0.355576
-0.426810
-0.055898
-0.141800
-0.989583
0.581152
-0.448469
0.095920
0.075845
-0.001917
0.439131
0.075462
-0.001440
0.393494
-0.528607
0.319885
-0.324605
0.448054
-0.769847
-0.272300
-0.835254
0.974164
-0.197971
-0.132182
-0.084257
0.607034
-0.179945
-0.436852
0.112882
-0.315405
-0.370553
-0.271470
-0.145409
0.230113
0.427600
-0.299729
0.469127
-0.064890
0.087790
0.047614
-0.224201
0.159370
0.376017
-0.305029
0.264085
-0.056249
-0.485183
-0.087223
0.058691
0.141755
1.000944
-0.133629
-0.284374
-0.330928
0.123418
0.708481
-0.402434
-0.448611
0.080735
-0.701175
0.530782
-1.182445
-0.307294
0.576712
-0.163018
0.424155
-0.383166
-0.410573
0.276429
0.337623
0.761156
-0.355375
0.290318
0.116661
0.171713
-0.129678
0.072948
0.143929
-0.107928
-0.338246
-0.702980
0.274371
0.505286
0.206157
-0.758745
-0.500067
-0.469967
0.076001
-0.378704
0.075196
-0.025056
-0.039987
-0.329979
0.189495
0.487035
-0.399037
0.101739
-0.543482
-0.945492
-0.159114
-0.301640
0.123999
0.744590
0.330131
-0.211790
-0.663957
0.164632
0.461157
0.229837
0.468989
0.057593
-0.544189
1.111097
0.326012
-0.103671
-0.104677
-0.655983
0.298437
-0.499154
0.052880
-0.434472
0.424702
0.496181
-0.752814
0.110382
0.090600
0.275596
0.260381
-0.397214
0.171233
-0.092919
1.042656
0.001715
-0.682178
-0.335534
0.108300
-0.103626
-0.566361
-0.243337
0.032065
-0.403205
0.788966
-0.279420
0.254016
-0.515839
-0.492448
0.502490
-0.024979
-0.039231
0.051019
0.192526
0.248215
-0.595213
-0.258166
-0.157380
-0.171529
0.318552
0.284195
0.110642
0.158831
0.233354
-0.235592
0.246990
-0.145644
0.182899
-0.645002
-0.370492
0.358323
-0.886981
-0.077835
0.512986
-0.388493
0.900440
0.526295
0.381708
0.088746
0.400709
-0.484192
0.281866
0.272636
-0.552251
-1.567323
-0.065501
0.780011
-0.576567
-0.603624
0.504880
-0.251835
-0.434994
-1.089431
-0.134254
-0.341001
-0.059274
-0.399730
0.094271
-0.251894
0.075692
0.093275
-1.076465
-0.043907
-0.240957
-0.940063
-0.713333
-0.211857
0.249293
0.186207
-0.591656
0.330871
0.055066
-0.032863
-0.690326
0.221288
-0.046204
0.680408
0.220327
-0.779567
-0.246082
0.620948
0.232892
-0.387641
0.574318
-0.061748
0.299107
-0.105114
0.193513
0.441061
-0.075149
0.378554
-0.070412
0.297385
0.209393
0.303010
-0.358302
0.341916
-0.162704
-0.160764
-0.207215
-0.407999
0.546995
-0.043019
0.044353
0.426479
0.545420
0.612047
0.122723
0.913521
-0.516412
-0.378282
-0.363285
0.049994
0.630715
-0.115451
-0.171643
0.780606
0.937629
-0.160037
-0.142656
-0.028954
0.158123
-0.507370
0.851436
0.855579
-0.639467
0.614004
-0.057185
-0.239039
0.403131
-0.389624
-0.122691
0.150472
0.089459
0.290246
-0.447717
0.080207
-0.486737
-0.202136
-0.262917
0.429211
0.565629
0.281768
0.869027
0.275262
0.437722
-0.167166
0.095421
0.141756
0.137752
-0.223811
-0.355079
0.410519
0.283169
0.485642
-0.523871
0.777886
-0.369621
-0.490947
1.040808
0.049434
0.543513
-0.114601
0.158318
0.064131
-0.429489
-0.173842
0.100857
0.046954
0.632509
0.287070
-0.131699
-0.917755
-0.204212
-0.290489
-0.189354
0.178774
0.108762
-0.289570
0.198774
0.587791
-0.004929
0.069339
-0.487614
0.440679
-0.207182
0.183881
-0.051321
-0.153333
0.227363
-0.112175
-0.107101
-0.106267
0.827614
-0.508649
0.249727
0.301443
-0.002981
0.106115
0.014648
0.589391
-0.131974
0.133215
0.112191
0.420196
0.822055
-0.075064
-0.497702
0.463149
-0.638538
-0.058419
-0.124220
0.433043
0.033131
0.626437
-0.536281
0.357518
0.265231
-0.233066
0.743422
0.273049
-0.025908
-0.173898
0.199537
-0.224583
-0.239408
0.841164
-0.243821
0.016351
0.599722
0.719005
0.733007
0.610154
-0.001644
-0.790892
0.222223
-0.680463
0.109405
0.563313
0.138561
0.001059
0.039365
0.260929
-0.170431
0.094755
-0.511825
1.324513
0.381511
0.382781
-0.094908
-0.005365
-0.050226
-0.235513
0.345891
0.055153
-0.514342
0.011596
0.249543
-0.029827
-0.857283
-0.041018
0.126360
-0.148898
-0.507365
0.063272
-0.147455
0.283393
-0.478348
0.371439
0.311493
0.044523
-0.120800
0.182594
-0.723742
0.623272
-0.500033
-0.001189
0.592471
-0.295411
-0.247526
-0.168482
0.284680
-0.356598
0.337070
0.808858
0.972214
-0.743542
-0.365229
-0.454078
-0.209624
-0.633471
-0.347079
0.263932
-0.184931
-0.559853
0.458229
-0.538319
-0.265595
0.281486
0.153213
0.602567
-0.251543
-0.512942
-0.215031
0.209250
-0.303442
-0.505989
-0.046005
0.046206
0.074783
-0.134195
0.223017
-0.710972
-0.274973
0.064816
-0.263128
-0.037907
-0.323367
-0.204369
-0.206885
0.051107
-0.433794
0.452206
0.043802
-0.400741
-0.240768
-0.022010
-0.340666
0.111842
-0.003900
0.091666
0.124960
-0.030493
-0.120911
-0.144358
0.618195
-0.579569
-0.178404
-0.152410
-0.689968
0.079094
0.054497
-0.116791
-0.441534
-0.164419
-0.232004
-0.051969
0.020690
-0.033209
0.021550
-0.579009
-0.109643
0.290191
0.050602
-0.463322
0.200848
0.943133
0.204794
-0.266645
0.266986
-0.160077
0.134863
-0.161000
0.053175
-0.191770
0.317520
0.043903
-0.760312
0.183710
0.443545
-0.688873
-0.381302
0.293796
0.239535
0.911755
-0.344305
-0.499819
0.967195
-0.594087
-0.380927
0.153711
0.079160
0.116948
0.879237
-0.083935
0.161826
-0.302523
0.127613
0.258462
0.044460
0.010903
-0.785304
0.146941
-0.712477
-0.172814
-0.247201
0.019406
0.149190
1.007395
0.586072
-0.302563
-0.030390
0.287021
0.348032
0.253310
0.363197
0.054668
-0.199001
0.201192
-0.313552
0.597101
0.490838
0.021324
0.343705
-0.598801
-0.328033
0.617810
-0.452560
-0.782684
-0.727747
-0.103510
0.067971
-0.516716
-0.027742
-0.451819
-0.594455
0.050955
-0.550500
-0.699522
-0.980229
0.578993
-0.257494
-0.007490
0.337096
-0.046554
0.659533
-0.637857
-0.447337
0.307017
-0.348589
0.731831
-1.127407
0.075974
-0.767373
0.196053
0.126666
0.803487
-0.068312
0.366359
-0.293910
0.024542
0.143833
0.528045
-0.539893
0.277646
-0.062975
0.174178
-0.094965
-0.861273
0.204106
0.084235
0.570579
0.696463
-1.232349
-0.473695
-0.307913
0.066731
-0.765300
-0.164347
0.250356
0.672918
0.071682
-0.483670
-0.145351
0.654525
-0.195216
0.701695
-0.070656
-0.740395
0.422671
0.307102
0.230454
0.176203
0.811079
0.173031
0.166897
-0.367802
0.154662
-0.525483
0.881698
0.343751
0.134695
0.245632
0.636874
0.214036
-0.787321
0.261052
-0.472596
0.419117
0.405087
0.243342
0.043251
-0.059586
0.454742
-0.248062
-0.516285
-0.320186
-0.275990
0.522267
0.525957
-0.235248
-0.762283
0.069248
-0.347524
-0.344075
-0.511258
0.559059
-0.759651
0.376297
-0.544894
-0.118307
0.379946
-0.121574
-0.243524
0.486482
-0.114069
-0.373012
-0.150244
0.107536
-0.469260
0.060519
-0.575830
0.360457
0.236077
0.115559
0.201825
0.578785
-0.489300
-0.596094
-0.659828
0.200569
0.524998
0.087583
0.147736
0.863384
0.714547
-0.382568
-0.260776
0.239003
-0.009305
-0.401879
-0.846094
0.180582
0.129714
0.220303
0.588913
-0.336868
0.569171
0.273188
0.273451
-0.806023
0.287218
0.176151
0.096185
-0.452393
0.122225
0.189421
0.240773
0.096192
-0.991801
0.314035
-0.798995
0.009778
0.237329
0.260201
0.205831
0.016250
0.135189
0.222764
0.077327
0.042392
-0.143362
-0.369493
0.409697
0.440856
-0.467764
0.382596
0.401583
-0.084808
-0.034850
-0.604612
0.385895
0.148464
0.520011
-0.179711
0.776176
0.022993
0.276309
-0.411476
-0.247290
0.075133
-0.231571
0.422986
-0.514623
0.177780
-0.519085
0.292432
-0.203142
-0.270707
0.418911
-0.029352
0.132677
-0.221041
0.017231
0.220365
-0.730586
0.087270
-0.243872
0.807178
0.122322
-0.487297
-0.079456
-0.177794
0.496439
-0.081834
-0.762977
-0.320337
0.252707
0.406780
0.177042
-1.186535
-0.123534
-0.028315
-0.220533
-0.372356
0.608900
0.284006
-0.246213
-0.222202
0.070372
0.214217
-0.115437
-0.301979
0.209060
-0.129968
-0.180469
0.845916
-0.090269
0.675594
-0.461545
0.397528
-0.293667
0.539444
-0.132271
0.411414
-0.350261
-0.785630
0.100978
0.296723
-0.016750
0.327594
-0.000698
-0.171150
-0.581615
-0.035820
1.272483
0.050614
-0.567067
-0.665316
0.578817
0.239606
0.535060
-0.792285
-0.610771
-0.175286
0.159525
0.675616
-0.434262
-0.193710
-0.064591
0.446799
-0.014235
-0.223846
-0.374994
0.180893
0.038165
-0.538949
0.179788
-0.091939
-0.194769
0.299307
0.154936
-0.527126
-0.259287
0.138809
-0.217983
-0.974909
0.035660
-0.308171
0.370613
-1.178521
0.113587
0.337694
-0.087185
0.295829
-0.651700
-0.066183
0.452447
-0.090696
0.211755
-0.271958
0.031410
0.535856
-0.148255
0.333217
-0.082844
0.737030
0.134125
0.183627
-0.330041
-0.169616
-0.402054
-0.385685
-0.509807
-0.512777
0.206778
0.169448
-0.642975
-0.079406
0.183582
1.230522
0.054996
-0.705025
0.159860
0.430232
-0.694696
-0.339794
0.146626
0.350473
-0.104387
0.119635
-0.101051
0.908355
-0.636756
-0.453229
-0.421887
0.369631
-0.220417
-0.134802
0.231001
-0.082027
0.025849
-0.013969
0.607976
0.177720
0.445637
0.333888
0.286952
0.067426
0.117029
0.086639
-0.318113
-0.071274
-0.113186
-0.345282
0.900097
0.103411
-0.055255
0.201415
0.093754
-0.170169
-0.102580
-0.319803
-0.883230
-0.243691
0.205102
-0.176132
0.259130
-0.447407
-0.846796
0.350347
-0.076246
-0.175849
-0.232624
0.027856
-0.302544
-0.059290
0.519045
0.242733
0.742322
-0.070037
-0.390466
0.107911
-0.424028
0.149730
-0.355877
-0.026641
-1.070234
-0.883649
0.060820
0.468871
0.378274
-0.784047
0.000290
0.046597
-0.535675
-0.295300
0.048480
0.163306
0.200433
0.573393
-0.466526
-0.141238
0.653207
-0.417710
-0.538600
-0.111475
-0.254638
-0.347482
-0.324107
-0.655036
-0.008581
0.438293
0.351128
0.919690
0.868668
-0.482159
-0.008142
0.288281
-0.118533
-0.477810
0.040927
-0.185642
0.104708
0.312502
0.077194
-0.130200
-0.466211
0.729094
-0.084005
0.098454
-0.498520
0.273838
-0.182488
-0.393226
-0.102858
0.247570
-0.430964
0.297080
-0.893310
-0.242466
-0.619544
-0.334531
-0.612242
-0.723750
0.286936
-0.224966
-0.150318
0.836095
-0.362146
-0.076834
0.325709
0.041594
0.410938
0.082475
0.024602
-0.030701
0.873358
-0.351113
-0.082625
0.608567
0.099660
-0.275822
0.284266
-0.567107
1.055473
-0.041730
-0.418084
-0.956340
0.366237
-0.466686
0.350563
0.006931
0.540200
-0.333160
0.381826
0.667864
-0.342504
-0.136728
0.330178
-0.243369
-0.433715
-0.238537
-0.340768
0.009264
0.116789
-0.025591
-0.049846
-0.275044
0.026121
0.261333
-0.265239
0.057899
0.003385
-0.208991
-0.377726
-0.169007
-0.236332
-0.268556
-0.228853
0.346577
0.304434
0.182711
-0.270534
-0.269574
0.483203
-0.632910
-0.239026
0.052625
-0.146123
0.447478
0.072439
0.039921
0.330760
-0.116325
-0.959270
0.194110
0.172211
-0.184550
-0.203824
0.337693
0.493093
-0.025625
-0.291475
0.392245
0.770199
-0.339871
-0.675416
-0.334919
0.454600
0.140680
-0.314815
-0.001259
0.366214
-0.024108
0.977991
-0.264069
-0.913247
0.494104
0.562420
0.227072
0.246230
-0.283036
-0.567274
-0.243623
0.059914
-0.160889
0.432467
0.451798
0.169518
