-0.169357
0.049844
-0.230930
-0.369991
0.476680
1.031853
-0.095317
0.160545
-0.136859
-0.294106
0.225811
-0.103426
-0.031253
-0.004630
-1.080077
0.018128
-0.528228
0.509218
-0.118151
0.217328
-0.119947
0.805313
0.092189
0.608243
-0.711289
-0.018828
0.859141
0.071309
-0.514890
0.051440
-0.391573
-0.735490
0.266772
-0.079227
-1.130142
-0.484217
0.651025
-0.154126
0.197501
-0.002825
-0.686855
-0.157442
-0.332260
0.724487
-0.109809
1.113994
-0.298282
0.128501
0.642842
0.263538
0.189719
-0.253530
0.340069
0.266610
-0.058076
0.449715
-0.073345
0.526686
-0.403933
-0.136147
0.963297
-0.273335
0.344303
0.082682
-0.085462
0.288403
0.750373
-0.642524
-0.086232
0.097881
-0.063273
0.241418
0.125401
0.772349
-0.122948
-0.666505
0.033300
0.035771
1.373452
0.685390
-0.654837
0.154342
-0.674542
0.188539
-0.803659
0.205724
-0.222505
0.285103
-0.052912
-0.372958
0.436040
0.089689
0.043403
-0.365812
0.179068
-0.507838
0.147388
-0.121949
-0.497579
0.063439
-0.168535
0.173868
0.419521
-0.290955
-0.080270
0.504701
-0.148634
-0.867986
0.510440
-0.415829
0.237881
-0.400710
-0.379147
0.503868
0.293786
-0.302172
0.115075
0.480534
-0.226903
-0.100005
-0.023300
-0.608835
0.203451
-1.223968
0.260340
0.703858
-0.015495
0.555983
-0.352676
-0.045804
-0.457923
0.063304
-0.276652
-0.370227
0.877182
0.568903
-0.377081
1.067940
0.262762
0.183006
0.121623
0.525200
0.136868
0.638642
-0.134918
0.003831
0.676149
-0.162044
-0.206329
-0.685129
-0.350885
0.379413
0.039734
-0.178552
-0.137582
-0.274407
0.079835
-0.090435
0.606660
0.858945
-0.011502
-0.100113
-0.081725
-0.064117
-0.023248
0.489262
-0.221874
-0.256888
-0.067596
-0.398197
-0.469360
-0.834397
0.224113
0.625185
-0.378548
0.673336
-0.418420
-0.307699
0.700363
0.752751
0.164394
-0.206957
0.531017
-0.172153
-0.263177
0.140760
-0.056241
0.063178
-0.654198
0.018141
-0.359227
-0.369534
-0.263141
0.460014
0.131998
0.644332
0.379481
0.223097
-0.375884
-0.385030
0.233595
0.328176
0.258968
-0.510219
-0.789456
-1.043336
0.015251
-0.596017
-0.322988
-0.028039
0.184945
-0.251093
-0.429736
-0.040618
-0.186586
0.262608
0.124155
0.329640
0.384615
0.533586
0.405467
-0.406948
0.139240
-0.055377
0.405483
-0.472697
0.077366
0.173060
-0.660846
0.694037
-0.055779
0.543239
-0.588274
-0.227892
-0.301129
-0.034996
-0.728937
-0.138379
0.193379
-0.198150
-0.001396
0.492316
-0.407188
-0.609208
-0.698258
-0.045079
0.030708
-0.613976
-0.300822
-0.792696
-0.336918
-0.158923
-0.471361
-0.581219
-0.622440
0.602518
0.620410
0.809607
0.779099
-0.740993
0.119313
-1.066927
-0.405820
-0.099063
-0.412704
0.411547
-0.374956
0.327418
-0.415640
-0.330963
-0.508231
0.167428
0.288026
-0.365256
-0.301830
0.192299
-0.162769
-0.363712
0.250469
0.292755
0.344761
-0.332437
-0.693443
-0.039142
0.233475
0.212898
0.295749
0.258150
0.750897
-0.090387
-0.153880
-0.445485
-0.074825
-0.261194
-0.467028
0.151297
-0.074889
-0.331469
-0.753838
0.201448
0.612119
0.609571
-0.098925
-0.322853
-1.247517
-0.827278
-0.062481
0.673750
-0.128941
0.441816
-0.383868
-0.774457
-0.170252
-0.298039
-0.075912
-0.296680
-0.186843
0.095224
-0.287251
-0.586369
-0.311047
-0.421315
0.003199
-0.477150
0.125244
-0.233243
-0.078261
-0.107941
0.077575
0.552410
0.417226
-0.079932
0.398557
0.477757
0.062010
0.448997
-0.124946
-0.170405
-0.174705
0.555234
0.153525
0.459573
0.247054
0.103033
0.264601
1.100944
0.690356
0.225318
0.088281
0.218287
-0.324503
0.406859
0.438114
-0.254582
-0.066722
-0.603646
0.587833
-0.588914
0.205230
0.479913
-0.297877
0.966460
0.866319
0.897913
0.303889
-0.115275
-0.061325
-0.127507
0.400481
-0.106244
0.555021
-0.130785
-0.131593
-0.340358
-0.017326
0.316461
0.117290
-0.115716
-0.645273
0.336857
0.330541
-0.100331
0.799154
-0.436282
0.016419
-0.119896
-0.057700
-0.174394
0.142245
0.069135
-0.520530
-0.493715
-0.328152
-0.740126
0.310442
-0.001272
-0.509277
0.026160
0.133424
-0.286278
0.897727
-0.080688
0.698267
-0.318665
0.112537
-0.187632
0.181931
0.131705
0.050265
0.578930
0.175263
-0.434296
-0.448000
-0.461742
-0.243399
0.614089
0.061313
0.173712
-0.104628
0.358525
-0.173290
-0.596769
0.439489
-0.071508
0.222663
0.153314
-0.476030
0.354729
0.235703
-0.249278
-0.459993
0.950301
0.361216
-0.016173
-0.500504
0.152452
-0.326944
-0.382707
0.094501
0.270377
-0.217118
-0.201578
-0.178512
0.539285
0.232270
0.033840
0.861514
0.171710
-0.960961
-0.053690
-0.220827
0.714897
-0.109572
-0.533710
0.281613
0.496877
0.218224
-0.417586
-0.835834
0.251481
-0.322456
0.113236
-0.169404
0.726670
-0.578625
0.304456
-0.217092
-0.225616
0.390455
0.245571
-0.166011
-0.050406
-0.144326
0.511613
0.174847
-0.457502
-0.054507
-0.624377
-0.365561
0.493002
0.317670
0.100468
0.318496
0.430758
0.027348
0.073778
-0.004758
0.323812
0.159639
0.032419
0.740595
0.001128
-0.010081
-0.470304
-0.678940
-0.573475
0.431738
-0.311417
0.170969
-0.426317
0.473757
-0.157828
0.514599
0.412564
0.109074
-0.343115
0.335268
0.776970
-0.038823
0.225706
-0.051977
-0.286407
-0.555155
0.234346
-1.162284
-0.076505
0.319162
-0.045438
0.359577
0.620374
0.005390
-0.010261
-0.587892
-0.275706
0.259622
0.613933
0.430167
0.950066
0.106559
-0.385494
0.209748
-1.042449
0.380430
-0.617588
0.208008
-0.689159
0.570330
0.490070
-0.109376
-0.536014
0.585044
0.331314
-0.071136
-0.821399
-0.142628
-0.005076
-0.323952
0.217385
-0.373375
0.673439
0.195670
-0.517926
-0.394555
0.883454
-0.327697
-0.019513
-0.049481
0.341975
0.291899
-0.035004
-0.574647
-0.173225
0.198633
-0.616054
0.217822
0.495722
-0.029862
-0.962422
0.004864
-0.081793
-0.253544
0.652578
-0.020843
-0.042110
-1.208730
-0.902885
-0.235148
0.609222
-0.326071
-0.704197
-0.418544
-0.780907
-0.409821
0.831192
-0.398628
-0.060866
-0.194103
0.196714
-0.550377
-0.029824
0.196719
0.562943
-0.282843
-0.205185
0.350242
-0.426219
0.828206
0.522116
-0.309740
-0.428628
0.309356
-0.072837
0.264538
-0.053707
0.561526
-0.295680
-0.019860
-0.413461
-0.156549
-0.690641
-0.136866
-0.239840
0.625283
-0.122245
0.107107
-0.061376
0.180114
-0.085787
0.685034
0.190635
0.238623
-0.004795
-0.671940
-0.109511
0.374557
-0.867021
-0.496612
0.232245
0.740553
-0.686419
0.341726
0.241422
-0.299018
0.217959
-0.212130
0.182713
-0.152885
0.284734
0.606093
-0.421211
0.101482
-0.155461
-0.402118
0.557255
0.042212
0.251037
-0.525074
-0.171068
0.515880
-0.091549
0.508142
0.380839
-0.049855
0.523049
-0.459104
0.869127
-0.140735
0.243930
-0.076054
-0.227689
-0.115028
-0.834482
-0.367863
-0.109100
-0.098948
-0.076880
-0.079418
1.100371
0.679918
0.104685
-0.433459
-0.530801
0.539356
0.185816
-0.714284
-0.221756
0.625782
-0.006648
0.283009
-0.459257
0.099615
-0.156692
0.208292
0.861585
-0.108736
-1.079640
0.159019
0.136598
0.496477
0.646168
0.535451
-0.060274
0.128375
-0.240069
-0.519682
-0.937821
-0.572598
0.319060
0.024081
-0.256796
0.392775
0.641035
0.424572
0.388226
-0.378051
-0.397388
-0.087878
0.286399
0.314272
-0.324618
0.722680
0.395025
0.331264
0.437238
-0.396424
0.021610
0.374183
-0.251945
-0.662249
0.125054
0.620283
0.294048
-0.259553
-0.690392
0.405854
0.112451
1.183687
-0.161582
0.154364
0.554778
0.390961
0.161000
0.304440
-0.495724
-0.259607
0.025054
0.300300
-0.159972
-0.353471
0.432369
-0.077181
0.238393
-0.258036
0.108093
0.241717
-0.690524
0.306512
0.519714
0.664741
1.013072
-0.093325
-0.753156
-0.744570
0.806544
0.506921
0.347065
-0.169589
-0.264313
0.376735
0.036036
0.411363
0.302289
-1.018906
-0.551820
0.174629
-0.031168
-0.127727
-0.067704
-0.007464
0.068423
-0.149863
0.618371
-0.651583
0.056263
-0.633391
-0.370926
0.151589
-0.141408
-0.128066
0.723288
-0.383198
0.011908
0.382068
0.356338
0.034288
-0.576004
-0.076978
0.842444
-0.432771
-0.950009
-0.286048
-0.765266
-0.257850
0.428244
0.263124
-0.480587
-0.194943
-0.192761
-0.357277
-0.294431
0.704304
-0.315713
0.222187
0.218367
-0.104012
0.035219
-0.411925
-0.390002
0.077028
0.464070
-0.442790
-0.068056
-0.089383
0.015250
0.147806
0.382909
-0.136966
-0.135557
-0.799561
0.088179
0.036207
0.164492
-0.033492
-0.767271
-0.442520
0.067834
-0.455888
0.381582
0.072938
-0.317356
-0.008399
-0.104871
0.243151
0.535472
-0.198880
-0.060557
-0.355778
0.267686
0.145626
0.264817
-0.471235
-0.394326
0.142335
0.090333
-0.108279
0.188040
0.320888
0.445982
-0.070388
0.237761
0.300285
0.276159
-0.530232
0.104541
-0.034079
0.035710
0.805716
-0.254494
-0.124660
-0.101090
-0.196895
-0.315015
-0.290784
-0.326515
0.296398
-0.118147
-0.184101
0.097622
-0.181648
0.365584
0.274758
0.335799
-0.506506
0.345143
0.203017
0.546466
0.153937
-0.293566
-0.287691
0.037624
-0.368794
-0.061140
0.470268
0.440108
-0.032428
0.336809
0.033934
0.163234
0.272640
-0.110104
0.424038
0.354237
-0.062863
-0.264225
0.406421
-0.484731
0.037185
-0.170221
0.389079
0.010503
0.566780
0.337964
0.022088
-0.034082
-0.410508
-0.057593
-0.009245
-0.860819
-0.646478
0.566034
0.238101
-0.549126
0.615596
-0.517550
0.457340
0.016833
0.242748
0.000755
0.045007
-0.778048
-0.115837
-0.508385
-0.252571
-0.158566
0.447006
0.161006
-0.201081
-0.444855
0.129611
-0.134383
-0.073420
0.403159
0.176064
-0.366167
0.868053
-0.090610
0.531511
0.021235
-0.879778
-0.031252
-0.766061
-0.030183
0.428268
-0.356391
0.259341
-0.138539
0.426243
-0.163929
0.056563
0.443478
-0.320650
-0.220327
-0.612103
-0.828568
-0.268434
-0.078021
1.243041
0.345373
-0.299934
0.569536
-0.236547
0.157895
-0.314891
-0.602453
0.339258
0.045825
0.597318
0.475078
-0.675335
0.132743
1.024412
-0.448894
0.169605
-0.540444
0.071970
-0.017638
-0.058369
-0.100770
-0.032963
-0.749784
-0.158841
0.831630
0.047067
-0.007543
1.086263
-0.288433
0.467628
-0.257680
-0.825471
0.837883
0.681456
0.029349
0.182585
-0.012764
0.394820
-0.522179
0.116129
-0.271944
-0.445057
-0.028179
-0.142243
-0.540308
-0.903644
0.453071
-0.405673
0.753355
-1.144812
0.128177
-0.223600
0.499541
-0.270075
0.903424
-0.017215
0.347247
0.667564
0.093944
0.952727
0.567631
-0.037414
0.004647
0.879699
0.461738
0.179927
-0.138277
0.255668
-0.726326
1.031540
-0.017387
-0.017155
-0.211090
-0.750233
-0.726234
-0.461786
0.331301
-0.477790
0.313067
-0.426666
0.773078
-0.741903
0.142566
-0.371018
0.515349
0.362105
0.406235
0.047134
0.452803
-0.399840
0.130689
-0.115918
-0.281269
0.043401
-0.434173
-0.041007
0.117902
0.420630
-0.821458
-0.048511
0.180148
-0.544866
-0.548258
-0.060412
-0.624204
0.326580
0.128749
-0.209310
-0.873210
1.047612
0.042531
-0.392091
0.168435
0.081681
0.290210
-0.598829
0.359428
-0.298788
-0.226438
0.025958
0.336575
-0.019691
-0.088273
0.114631
-0.157501
-0.535971
0.202010
0.212566
0.173868
-0.153575
-0.366166
-0.102304
-0.789990
0.609331
-0.456048
-0.255973
-0.524931
0.829067
-0.054034
-0.116822
0.143558
0.187945
0.344074
0.051989
-0.065303
-0.420019
0.378047
-0.274273
0.315041
0.602019
0.107344
-0.112096
-0.024447
-0.154810
-0.524897
0.384836
-0.347959
-0.009023
-0.288223
-0.601174
0.713786
-0.293834
0.906869
0.010294
0.635820
0.049699
-0.027421
0.029628
0.185241
0.046654
0.472977
-0.529498
-0.273599
-0.296013
-0.069595
0.630602
0.146656
-0.567158
-0.765099
0.298514
0.213877
0.176759
-0.300453
0.677757
-0.611176
0.150773
-0.449617
-0.105053
0.173216
-0.666015
-0.095236
0.117602
0.357999
0.314920
-0.027520
-0.179103
0.498174
0.493215
0.732407
-0.832066
0.093482
-0.033970
-0.545895
0.075375
0.068249
0.451288
0.012247
-0.158880
0.259903
-0.316097
-0.199536
-0.690336
0.003711
-0.380762
-0.256414
-0.593513
-0.057602
-0.374160
-0.110448
0.068983
-0.290082
-0.080322
-0.213087
0.032612
0.213963
-0.042839
-0.290574
-0.930246
-0.139241
-0.103334
0.110045
0.133501
-0.306243
0.104792
-0.231739
0.351659
0.029517
0.250650
-0.317255
-0.618967
0.395796
0.244162
-0.331667
-0.453079
0.233764
-0.242892
0.126861
-0.664759
-0.043934
-0.241532
-0.228406
-0.128637
-0.112280
0.188700
0.381226
-0.072301
0.217711
-0.017683
-0.073398
0.656761
-0.429301
0.037199
-0.596865
0.066556
0.115806
-0.301468
0.157525
-0.235841
0.251730
0.076467
0.201450
-0.417555
0.099796
0.053013
0.033034
-0.654801
0.541041
-0.214512
0.076595
-0.479892
0.141383
-0.069319
0.638138
0.160535
-0.416202
0.819640
0.836058
-0.028759
-0.094035
-0.465781
0.572899
0.411009
-0.466869
0.152718
-0.561706
-0.118576
0.114188
-0.571262
0.069175
0.575190
-0.193638
0.216355
-0.747170
-0.085893
-0.267470
-0.835180
0.327796
0.692555
0.722761
0.254100
-0.103173
-0.433362
0.262084
-0.022566
0.011680
-0.064861
-0.243136
-0.597381
0.860707
0.627222
0.844019
-0.066492
0.274397
-0.319836
0.133413
0.055101
0.478854
0.400464
0.408365
0.264053
0.042494
0.003238
-0.305961
0.724076
-0.316255
0.068904
-0.046830
0.208684
0.457129
0.321102
0.216669
-0.037498
-0.227513
-0.391713
0.280041
-0.202262
0.372629
-0.845463
0.549654
0.330872
0.215423
-0.093687
0.792223
0.550973
0.075255
-0.243781
-1.068679
-0.186274
1.507544
-0.206227
-0.473065
-0.137934
0.043075
-0.430786
0.678835
0.425424
-0.107753
0.299975
0.508369
0.053580
0.575491
0.516243
0.186309
-0.254428
0.722173
-0.523460
-0.633070
0.067720
0.185759
0.416566
-0.484363
0.451280
-0.117056
0.337627
1.047219
0.861849
0.127564
0.310608
0.361740
0.644039
0.422723
0.339336
0.213467
-0.161702
-0.018919
-0.151792
-0.249300
-0.357430
0.330252
0.302776
-0.244360
0.318868
0.063561
-0.270784
-0.387950
-0.953225
-0.205729
0.334298
-0.665020
-0.020085
-0.282441
-0.623700
-0.139684
-0.572473
-0.566391
-0.972278
-0.546974
-1.574768
-0.110364
-0.248264
0.019787
0.395853
-0.451747
0.476725
0.084285
-0.290650
0.771852
-0.551107
0.138750
-0.037727
1.123346
0.730999
1.257522
0.662865
0.683150
0.876360
0.692755
1.802379
0.702977
1.130275
0.799773
1.716556
1.667356
0.590813
0.355888
-0.256552
0.397611
0.116659
0.199981
0.604188
0.831868
-0.362153
0.188696
-0.042995
-0.299088
-0.130534
-0.357873
0.025319
-0.314467
-0.721332
-0.323611
-0.952505
-1.055867
-0.468264
-1.041532
-0.594625
-0.300208
-0.919464
-0.237509
-0.898112
-0.594378
0.049130
0.507009
0.688832
0.297778
0.034747
0.812840
0.452667
0.796082
0.240353
1.343887
0.248912
-0.152162
0.429597
0.397876
0.599188
1.005769
0.228542
0.496431
0.761218
-0.754267
1.458487
-0.400105
-0.108618
0.199910
-0.365074
0.055689
0.260011
-1.099717
-0.182417
-0.720357
0.295263
-0.073574
-0.504848
-0.394846
0.138224
0.011571
-0.151332
-1.349143
-0.451343
-0.621430
-0.298521
0.087661
0.570983
-0.895307
0.574656
0.637485
0.332873
0.197877
-0.560005
0.044525
-0.272636
0.103367
-0.981763
1.246571
0.503225
-0.135444
0.380507
-0.590783
-0.279263
-0.331960
-0.231710
-0.073760
-1.274168
0.002011
-0.227436
-0.468161
0.789408
0.006479
-0.002563
0.672683
-0.086131
-0.286717
-0.749657
-0.669087
0.674336
-0.080357
0.536049
-0.389946
0.025306
0.230345
0.541119
0.516475
-0.436275
0.447293
0.804727
-0.380839
0.135724
0.237192
-0.346889
-0.327014
0.226402
-0.441827
-0.821584
0.854872
0.132293
-0.153491
0.277794
-0.228334
-0.350479
0.060578
0.684628
-0.128954
-0.151812
0.158923
0.453781
0.467650
-0.020163
0.445449
-0.060043
-0.322716
0.101303
0.275030
-0.368960
0.168439
0.239538
0.628873
-0.025910
0.757826
-0.002359
0.044403
-0.361102
0.132506
-0.400051
0.137406
0.413712
-0.176822
0.059098
-0.134817
0.514299
-0.438016
0.444746
-0.447555
-0.421161
1.243791
0.285795
0.313215
-0.345325
0.232052
-0.736232
0.476037
0.257990
-0.055040
0.771901
-0.740732
-0.442918
-0.643599
-0.946019
0.408107
-0.306670
-0.450715
0.318833
0.932557
-0.531548
-0.340794
0.261348
0.102333
-0.079010
0.143120
0.101783
0.088108
0.411839
0.234604
-0.446989
0.110338
0.301000
0.325560
-0.322150
0.319119
-0.001363
-0.912322
-0.198349
-0.455658
-0.281194
-0.087771
0.817054
0.496198
0.008989
-0.077635
-0.475419
-0.539061
-0.277841
-0.481439
0.079046
-0.297935
0.645273
0.471609
0.190337
0.236813
0.451690
0.195132
-0.553361
0.278649
0.218261
0.114108
-0.106792
0.205240
-0.402164
0.046870
-0.291627
-0.542511
0.215304
-0.008665
-0.288614
-1.080731
-0.283547
0.338581
-0.257938
0.365683
-0.065959
-0.332695
-0.348658
-0.215468
-0.099715
-0.647577
-0.102621
0.466289
-0.712075
0.142208
-0.267200
-0.047086
-0.492756
-0.513316
-0.294323
-0.118094
0.163871
0.530548
0.523919
-0.292937
-0.136805
0.167218
0.222356
-0.306211
0.276834
-0.811824
0.085183
-0.211785
-0.147971
0.011489
-0.911310
0.014696
0.382142
-0.455369
-0.150139
0.065960
0.449443
0.446624
-0.621656
-0.059171
0.060539
-1.090409
-0.245685
-0.077755
0.329510
0.325944
-0.341097
-0.818381
-0.116703
-0.442654
0.650007
-0.007440
0.398387
0.026604
-0.499166
-0.044345
0.127939
-0.492055
0.045717
-0.393820
0.577287
0.118753
0.453217
0.509296
0.077963
0.018802
-0.878391
0.324976
-0.233023
-0.506936
-0.193928
-0.150280
0.166458
0.134653
0.307961
0.652893
-0.127780
0.199185
0.675561
0.030562
0.796356
-0.494225
0.379832
0.288414
0.201662
-0.093416
-0.494268
-0.480305
0.154487
0.342806
0.037958
0.325937
-0.819307
0.056338
-0.044998
-0.483737
0.494366
-0.578954
-0.225900
-0.771304
0.667891
-0.763044
0.172212
0.134313
0.268801
-0.633763
-0.202351
0.072927
-0.225003
1.274050
0.042643
0.290812
0.221752
-0.296665
-1.132676
0.034753
-0.550548
-0.246179
0.190558
0.362239
-0.342240
-0.299424
0.011694
0.922282
0.452742
-0.403811
-0.240903
0.075886
-0.038737
-0.267056
-0.062590
0.363128
0.076324
0.189940
-0.380225
0.605826
-0.073836
-0.531842
0.186618
0.155555
0.838666
-0.409481
0.524408
0.820730
-0.477038
-0.217025
0.638482
-0.284790
0.501081
-0.609707
-0.349613
0.004267
-0.954944
-0.743316
0.238538
-0.443017
0.063242
-0.637881
0.141359
0.290125
-0.686759
-1.189031
-0.567558
-0.282960
0.149549
-0.060800
-0.728404
-0.603483
-0.044151
-0.372880
-0.168407
0.547196
0.450905
-0.268197
-0.327278
-0.138351
1.273697
0.352752
0.520993
0.246608
-0.507317
0.441677
-0.219099
0.076394
0.221292
0.048062
-0.298548
-0.241500
0.241007
-0.178485
-0.225672
0.128573
-0.107127
-0.076035
-0.454567
-0.108817
-0.025013
0.531722
-0.581401
0.203072
-0.238545
0.071606
-0.294787
0.027199
0.767653
0.079576
0.010920
-0.300008
-0.170162
-0.320805
-0.014604
0.441057
-0.493342
0.411803
0.214828
-0.285419
0.092884
-0.019481
-1.008766
-0.088352
-0.510137
0.411116
0.377469
-0.169371
0.123845
1.295702
0.150227
-0.681044
0.992259
-0.043767
-0.269599
0.317540
0.930316
0.412909
-0.234558
0.210916
0.181965
0.187636
-0.028315
0.764366
0.695683
-0.192023
-0.031333
-0.605211
-0.092953
0.568187
-0.008033
-0.811879
0.438521
0.137136
-0.341452
0.223102
0.199144
0.170064
-0.449687
0.508281
0.715235
-0.390863
0.214943
0.440162
0.756583
0.115126
-0.116947
-0.413222
-0.849146
0.038490
0.482732
-0.298241
0.399873
0.377796
-0.524726
0.335227
-0.556700
0.225218
0.469545
0.645751
0.574684
0.307447
0.415658
-0.028754
0.054631
0.283775
-0.626719
0.079089
0.327554
-0.605149
0.172010
-0.603434
0.120273
0.094291
0.267879
-0.072539
-0.161023
0.139921
0.181555
0.277493
-0.536037
0.375795
0.176097
-0.189265
0.208822
1.505165
0.379805
0.293610
0.355652
-0.429991
0.702578
-0.220702
0.122256
-0.302505
0.096155
0.115052
0.401536
0.163611
-0.226031
0.410920
0.305604
-0.178161
-0.038989
-0.403523
0.255061
0.403497
-0.231190
-0.324841
-0.515124
0.074258
0.001282
-0.711603
-0.419852
-0.249708
-0.453174
0.114322
-0.859621
-0.118002
0.596317
-0.368282
0.026173
0.448076
-0.659669
-0.621235
-0.248138
-0.012850
-0.036021
0.434606
0.335564
0.066973
0.395817
0.415321
-0.362060
1.122188
-0.143252
-0.189754
-0.575921
0.082188
-0.133698
-0.483036
0.405901
-0.976281
0.281195
-0.553534
0.749114
0.276451
0.022060
0.211311
-0.592361
-0.155774
0.123956
0.462977
-0.070173
-0.334440
-0.004708
-0.550969
0.170924
0.105941
-0.163433
0.781168
-0.439258
-0.094610
-0.612843
-0.786829
0.395224
0.089323
0.455679
0.035518
-0.460761
-0.525259
-0.078452
-0.258093
0.004503
-0.438724
-0.364618
-0.208016
0.151548
0.852416
-0.277863
0.307844
-0.719835
0.439922
-0.163771
-0.575610
0.032088
0.424727
-0.224393
-0.330784
0.680032
0.218438
-0.164544
0.327750
0.133026
-0.320229
1.116021
0.085017
0.580968
0.380822
-0.250521
-0.220303
-0.350506
-0.491503
-0.334025
0.068658
-0.174132
-0.121429
-0.079487
-0.153396
-0.306305
-0.705556
-0.053183
-0.072491
-0.005060
-0.828474
0.242530
0.166045
-0.832547
-0.827520
-0.074888
-0.138654
-0.176432
-0.631070
0.114739
0.228411
-0.274918
-0.008157
0.184009
0.475869
0.529235
0.156150
-0.518560
-0.497725
0.163021
0.080286
-1.051883
0.009298
0.116907
-0.014643
-0.137400
-1.100195
0.226899
0.321927
-0.143845
0.146144
0.456676
0.463429
-0.316656
-0.261488
0.062113
0.017395
-0.923159
0.368920
0.914183
0.366538
0.411856
0.658511
0.090355
-0.534383
0.558446
0.354311
0.294508
0.328901
0.565107
-0.044411
-0.033932
-0.645557
0.354776
0.630376
-0.496354
-0.017527
0.249347
-0.052273
-0.479393
-0.306042
0.174137
-0.514180
0.296978
0.196265
0.375242
0.008786
-0.474020
-0.218351
-0.499935
-0.096383
0.507470
-0.420871
-0.280087
-0.083594
0.007947
0.417347
-0.008597
0.691595
-0.277425
-0.731470
0.273488
0.224598
-0.595637
-0.046815
-0.179436
-0.155144
-0.563250
-0.314868
-0.315156
-0.400502
-0.092447
-0.280209
-0.647525
0.067249
0.773588
0.239078
0.627606
0.338872
-0.919211
0.799957
-0.068900
-0.109966
-0.835254
0.503048
-0.841478
-0.996402
0.351732
-0.177085
0.880058
-0.741940
-0.778487
-0.264278
0.084635
0.414638
-0.145358
-0.266820
0.252499
-0.467214
0.040308
0.227657
0.264758
0.239683
0.006198
0.435889
0.073742
-0.698641
0.053271
0.171728
0.436827
0.064479
0.702002
-0.513941
0.660444
-0.538285
-0.133101
1.275457
-0.358241
0.020935
-0.214115
-0.518769
-0.364578
-0.351906
-0.184519
0.191944
0.303741
0.780310
-0.345855
-1.139432
0.173561
0.433996
-0.592806
-0.570134
-0.360928
0.289506
-0.064619
-0.519993
0.756774
-0.207790
0.397293
0.475384
0.353843
0.001402
0.104781
-0.090423
0.099035
0.495470
0.690466
-0.617132
0.345811
0.071972
0.625228
-0.245927
0.589894
0.111325
-0.698208
-0.996289
0.031234
0.016110
0.557539
-0.756716
0.361825
1.059439
-0.164712
-0.702954
-0.007021
0.049954
-0.129229
0.046064
-0.421053
0.490801
0.419152
-0.261875
-0.070860
-0.033735
-0.530550
0.249945
-0.428788
0.354122
0.235984
-0.098403
-0.289062
0.106059
0.229054
-0.160941
0.248175
-0.315694
0.280358
0.287485
-0.394772
-0.013157
1.214834
0.699536
-0.606966
0.294786
0.365960
-0.193961
-0.728982
-0.100566
0.053452
-0.063032
-0.184819
0.494276
0.131383
0.407965
0.014100
0.051331
-0.265294
0.265853
-0.508989
-0.532016
-0.118103
-0.337244
0.095520
0.206774
0.204221
-0.651438
-0.224510
-0.014803
-0.049151
-0.177196
-0.502412
0.174533
-0.254292
-0.423603
0.595496
0.481068
0.360116
0.493805
0.413384
0.044787
1.228199
-0.334990
0.197711
-0.660728
0.133408
-0.824029
-0.355090
0.203129
0.501963
0.333086
-0.172318
0.512391
0.909314
0.502764
0.216338
-0.616448
0.099967
-0.342216
-0.467344
0.071091
0.422052
-0.236172
0.638261
0.559228
-0.104984
0.600937
0.390153
-0.096723
-0.031479
-0.372497
-0.332960
0.295568
-0.237089
-0.207693
0.476001
-0.203446
-0.017284
-0.219916
-0.091646
0.248066
-0.292559
0.663549
-0.040865
-0.301731
0.296424
-0.001245
0.352410
-0.455626
-0.749925
0.217507
0.068676
-0.240100
-0.433270
-0.768403
0.051606
-0.714373
-1.019969
0.371177
-0.589044
0.257835
-0.379227
0.326552
0.549470
0.336883
0.125841
0.520464
0.383795
0.600363
-0.652115
0.089400
-0.251993
-0.788373
-0.329383
-0.475705
-0.382612
-1.082853
-0.012565
-0.042476
-0.202856
0.157279
-0.405253
-0.087217
-0.530101
0.252238
-0.264157
-0.462451
0.051922
0.235126
0.240817
0.216042
-0.786193
0.486796
0.055991
-0.427128
0.493852
0.370008
-0.774292
0.390902
1.098326
-0.387102
-0.294236
-0.143853
-0.523271
0.042820
-0.072665
-0.497650
0.139039
-0.654124
-0.139982
-0.415462
-0.080100
-0.465668
0.804843
-0.351088
0.523502
0.025487
0.434393
0.545417
0.372771
-1.258812
-0.760102
-0.441219
-0.169891
-0.346371
-0.086723
0.071863
0.240403
0.686264
-0.173140
0.010524
0.290655
-0.169711
0.932898
0.332743
-0.443844
-0.691319
-0.513509
-0.435012
-0.638174
-0.110648
-0.437184
0.265230
0.124647
1.284430
-1.007430
0.121654
-0.419643
0.468308
-0.379299
-1.244304
0.253184
-1.094309
-0.199165
-0.294269
-0.171864
-0.139758
0.187194
-0.224298
0.320387
-0.100404
-0.751759
-0.631656
0.153777
0.064519
-0.559347
-0.286363
0.513911
-0.225001
-0.120844
-0.486211
-0.404972
-0.061981
1.039178
-0.003689
-0.632236
-0.501180
-0.010620
-0.731768
0.079905
0.399626
1.030338
-0.105480
-0.353790
0.577965
1.047594
0.526089
-0.585919
-0.092715
-0.190065
0.170419
-0.556378
0.170588
0.107477
-0.368657
0.617563
0.187134
0.280466
-0.060018
-0.449216
-0.117533
0.191980
0.340493
0.036493
-0.118857
-0.048535
0.322571
-0.985810
-0.462504
-0.709855
0.127708
-0.363320
-0.773156
-0.123259
-0.631401
0.387741
-0.057762
-0.614185
0.046257
0.441392
-0.021232
0.102818
0.654617
-0.368031
0.747971
0.288691
0.383311
-0.409491
-0.037109
-0.278999
-0.470464
0.214432
-0.217261
-0.689196
-0.019302
0.694262
0.039349
0.615917
-0.370666
-0.499378
0.381156
0.118226
0.159585
0.026291
0.279112
0.443587
0.463789
-0.158598
-0.330957
0.205166
0.727061
0.073815
-0.002434
0.037662
-0.136903
-0.611486
-0.070028
0.200974
-0.221102
-0.485981
-0.000498
-0.718916
-0.944559
0.817124
0.562709
-0.015752
0.872482
-0.501684
0.677802
0.114549
-0.000869
0.458030
0.077224
0.784868
-0.048773
-0.650360
0.167000
-0.111102
0.210406
-0.009921
0.498289
-0.471689
0.787963
-0.206872
0.096699
-0.223701
0.091938
0.049944
-0.100059
0.700959
0.159781
0.000282
0.316712
0.039956
0.368337
0.145412
-0.362492
-0.713114
0.240170
-0.262775
-0.151285
0.591062
0.707471
0.434363
-0.373471
-0.155391
-0.237777
-0.021908
-0.149244
0.469345
-0.372560
-0.151134
0.241914
-1.091790
0.839146
-0.193056
-0.346487
0.462516
0.596191
-0.358617
0.947119
-0.350405
-0.389802
0.135157
0.119779
0.431945
-0.284481
-0.162631
-0.129216
0.257659
-0.314197
0.546830
-0.303243
0.048185
0.770728
-0.692453
-0.896145
-0.053535
-0.467361
0.473679
0.625274
0.606529
0.226911
0.529413
0.482729
0.544538
-0.308564
0.470377
0.616297
0.442604
0.424143
0.364032
0.062192
-0.282848
0.170244
0.016220
0.763445
0.196037
0.052146
0.822739
0.321994
-0.358421
-0.109328
-0.483973
0.246124
0.652502
-0.535358
0.418657
-0.328063
-0.313736
0.388132
-0.560247
0.382531
-0.437920
0.008090
-0.867904
-0.650061
0.522288
-0.911302
0.115936
-0.191744
-0.138862
0.388138
0.219352
0.592852
0.067666
-0.037705
-0.585524
-0.521800
0.558611
-0.353311
-0.721870
-0.076778
0.053342
0.460747
0.038831
-0.771790
0.315174
-0.970113
-0.329275
0.146400
0.320729
-0.108003
0.726061
-0.022120
-0.145981
0.328791
1.150204
0.225471
-0.322767
0.233972
-0.461420
0.603265
-0.199673
-1.009429
-0.396691
-0.477290
0.318208
-0.134439
0.606571
0.499776
-0.088918
0.158587
0.132726
0.527325
0.098219
0.659822
-0.069096
-0.280486
-0.308907
-0.414591
0.283668
-0.270587
-0.495976
-0.010241
-0.301427
-0.077652
0.343495
0.270265
0.418746
-0.632662
0.233493
-0.474189
-0.218193
-0.014755
0.041102
0.766005
0.626838
0.192051
0.154939
0.694764
-0.774805
-0.249669
-0.318899
-0.329647
0.308648
0.319932
-0.043143
-0.197981
-0.108896
0.020164
0.301545
0.201520
-0.158676
-0.059222
0.236169
-0.151658
-0.297580
0.598736
0.182635
0.689670
-0.041420
-0.161703
-0.207724
0.531453
-0.172530
-0.123826
0.378991
-0.034647
0.274459
0.395756
-0.128857
-0.055423
-0.483293
-0.196301
-0.451277
0.599187
0.230577
0.219736
-0.202698
0.536970
0.015537
-0.157711
0.077839
0.448270
-0.532431
0.062509
-0.808317
0.171122
0.177444
0.109997
-0.415634
0.172039
-0.413301
0.636365
-0.028509
0.107496
-0.054500
0.621673
-0.104324
0.183455
0.145848
-0.115021
-0.384159
-0.393200
-0.603488
-0.778396
-0.321729
0.205563
0.230729
1.034019
0.305755
-0.087916
1.163338
0.152147
0.238699
0.132318
0.681793
-0.048841
0.089380
0.320332
0.047662
-0.079357
-0.229596
-0.194543
-0.171315
0.246651
-0.083105
0.407978
0.217331
0.123635
0.782552
-0.079349
-0.367859
0.697909
0.616493
0.857740
0.595832
-0.112352
-0.054210
0.407416
-0.370855
-0.612837
0.248116
-0.648724
-0.793802
-0.210621
-0.352307
0.318878
-0.702043
0.049959
0.094610
0.265668
0.362639
0.522691
-0.340455
-0.747283
0.206530
0.666399
-0.245832
0.409509
0.769091
-0.061957
0.401442
0.183868
-0.132129
-0.080644
0.021569
0.439049
0.113167
0.190213
-0.045247
0.202115
-0.213095
-0.244694
-0.434248
0.367957
0.233047
-0.708271
0.636706
0.154165
0.444865
-0.258735
-0.138729
-0.539242
0.355189
-0.052302
-0.398651
0.266307
1.405670
-0.416308
-0.179990
-0.399151
0.247583
-0.485526
0.434090
-0.493799
0.167781
-0.755188
-0.009748
-0.221070
0.052422
-0.849968
-0.364317
0.119166
0.013280
0.879462
0.664647
-0.141468
-0.601632
-0.270625
0.284439
0.139523
-0.211777
-0.273404
-0.067252
-0.549416
0.160467
0.258665
0.048378
-0.710545
0.374194
-0.236925
-0.112509
-0.279713
-0.186656
0.464149
0.258786
-0.269304
-0.305166
-0.099661
0.281405
-0.038015
-0.466660
0.077998
-0.077689
-0.580802
0.320666
0.494139
0.483408
0.967944
0.020999
-0.063705
0.235080
0.422266
-0.219870
0.384008
-0.106756
0.184087
-0.594960
0.526840
0.539655
0.279368
-0.452781
0.584835
0.197598
-0.228528
-0.323420
0.393093
0.129188
0.262422
-0.227928
-0.310277
-0.533983
-0.416722
-0.599164
0.598763
-0.199151
-0.751983
0.257131
-0.484636
0.026657
0.815142
-0.445143
0.708077
-0.763115
-0.143227
-0.899513
0.442340
-0.334585
-0.194165
0.235090
0.410199
0.519314
-0.495536
0.472717
-0.092845
-0.264160
-0.445024
-0.261969
0.023284
-0.322882
-0.333698
0.422023
-0.195868
-0.264427
0.247996
-0.303848
-0.815096
-0.337319
0.591941
0.409315
-0.007390
-0.958205
0.279923
-0.637492
0.677779
-0.409496
0.229488
0.402455
0.199781
-0.360931
0.134495
0.269991
-0.185216
-0.551565
0.302807
-0.208934
0.227412
0.713471
0.639782
0.177511
0.494071
-0.255434
-0.402786
0.021794
0.611831
0.142908
0.068778
-0.462369
-0.067993
-0.331303
0.337467
-0.418766
0.069580
0.253931
-0.078461
0.606893
0.993010
0.121661
0.618184
-0.690686
0.041221
-0.285468
0.204924
0.292322
0.148542
0.431422
0.865173
0.306675
-0.227858
0.417569
-0.624236
0.514216
0.261374
-0.164849
0.300549
0.062633
-0.490827
0.791616
-0.645729
-0.900846
0.394165
0.539562
0.149134
0.186609
0.722602
0.137480
-0.394194
-0.072116
0.605245
-0.372218
-0.112670
0.181268
-0.115260
0.321882
-0.335860
-0.030768
0.204697
-0.475536
-0.228007
-0.910225
-0.320774
0.082421
0.031197
0.185981
0.443752
-0.008385
0.355244
-0.368066
-0.393447
0.215365
0.114240
0.137381
0.672994
-0.181275
-0.524299
0.040291
-0.223409
0.138100
-0.002919
-0.281171
0.968304
-0.514412
0.403420
0.437768
-0.095369
-0.186400
0.774344
0.365335
0.006586
0.695517
0.314618
0.605759
0.097823
-0.113182
-0.623196
-0.365103
-0.458047
-0.614499
-0.545794
0.281777
-0.633351
-0.200045
0.956915
0.933220
-0.803505
-0.023589
0.026350
-0.156622
-1.047032
0.764893
0.780585
-0.133001
-0.009412
0.022597
-0.035088
0.178057
0.455105
0.277082
-0.468322
-0.127241
-0.353338
-0.315651
0.258627
-0.038856
-0.145423
0.000617
0.281548
0.043117
0.445645
0.649232
0.386388
0.119372
-0.049314
-0.178488
-0.481134
0.171543
0.016746
0.604206
0.072524
-0.028922
0.033956
-0.254959
0.039582
0.323359
0.308677
-0.419398
0.625073
0.454691
0.194792
-0.104059
0.748617
-0.096378
0.631068
-0.059448
0.341741
0.091902
-0.879735
-0.149084
0.385256
0.288104
0.085694
-0.269721
0.723760
0.672313
0.581098
0.221045
-0.849894
-0.131328
-0.576675
0.322315
0.415491
0.323907
-0.033840
0.591352
0.464521
-0.525899
-0.442232
0.365760
-0.628892
0.425708
-0.532565
0.283486
0.483935
0.736541
-0.288091
-0.248371
-0.490588
0.669747
0.308766
0.448818
0.558076
-0.134595
-0.073746
-0.321248
0.401888
-0.287388
0.688935
-0.886661
0.060416
0.093627
-0.816037
-0.183527
-0.419663
-0.170127
-0.070061
0.220041
0.048923
0.044247
-0.598380
-0.572638
-0.440216
0.439097
-0.466286
-0.094567
-0.253759
-0.801531
-0.100596
0.502881
0.045732
-0.454219
-0.251234
-0.416376
-0.442502
1.244799
-0.096341
-0.149418
0.203445
0.054444
0.291833
-0.139684
-0.030142
-0.049621
-0.771985
-0.059264
-0.057118
-0.749975
0.100925
0.993294
-0.088925
0.081451
-0.141618
0.633067
0.076408
-0.210981
0.365309
-0.237001
-0.094280
0.403219
-0.748658
-0.296730
0.889066
-0.433769
-0.427696
0.567098
-0.406011
-0.069443
-0.112071
-0.068668
-0.196841
-0.652270
-0.321985
0.812216
0.086597
-0.032847
0.086317
-0.873109
0.206931
-0.153048
0.006844
0.629553
-0.034760
0.195563
-0.477081
-0.548189
0.254742
0.122737
0.526293
-0.114160
0.468257
-0.348403
0.124380
-0.189595
0.633793
-0.474702
-0.474877
-0.450575
-0.396069
0.717298
-0.494040
-0.114593
-0.097684
-0.024720
-0.702666
0.261873
0.080724
-0.420629
-0.303710
0.051023
-0.304234
-0.688629
-0.434996
-0.682815
-0.413233
-0.759748
0.214875
0.700573
-0.790295
-0.565101
0.032596
0.184964
0.174195
-0.293290
0.690165
1.461530
-0.837708
0.187756
0.016736
-0.432172
-0.189201
-0.003507
-0.220783
0.131729
0.221069
-0.129946
-0.100700
0.110570
-0.377185
-0.467633
-0.436835
0.103819
-0.106757
0.111270
-0.307108
-0.078452
0.226143
-0.622449
-0.001231
0.673805
0.074701
-0.089452
-0.601124
-0.336875
-0.065760
0.741145
-0.135249
-0.394208
0.240797
-0.312928
-0.298342
0.213535
-0.770394
-0.211982
0.106158
0.452414
0.801229
0.088076
-0.150652
-0.379858
-0.583430
0.369059
-0.662550
0.396232
0.249049
0.114391
0.412870
1.102412
-0.249105
0.092484
1.309474
-0.309745
0.599920
-0.274074
0.090708
-0.304058
0.281106
-1.522648
0.244351
-0.134899
-0.054111
0.713222
-0.482340
-0.826994
-0.194371
-0.211686
0.182175
-0.172590
0.276479
-0.113663
0.669737
0.667755
-0.783208
0.422426
-0.112688
-0.171415
0.482676
-0.273984
-0.523422
-0.441221
0.108710
0.098476
0.449516
-0.339225
-0.240175
-0.240881
0.379828
0.087238
0.310528
0.256757
-0.304618
-0.481675
0.003670
0.094173
-0.936951
-0.461028
-0.345000
0.354415
-0.146663
-0.530095
0.060857
-0.491107
0.051922
-0.265800
0.122023
0.060590
-0.015251
-0.638455
0.114419
0.385768
-0.369707
-0.546504
0.337440
0.207168
0.217710
0.592022
-0.360657
-0.447375
0.215176
-0.092843
-0.227300
0.234342
-0.243296
-0.227065
0.196225
0.184751
-0.577200
-0.015183
0.465026
-0.543062
0.169518
-0.426734
-0.170136
0.193771
0.503764
-0.446868
0.297034
0.465628
-0.556530
0.310862
-0.320124
0.608806
-0.166901
-0.774449
0.509282
-0.467678
-0.439685
0.011529
-0.121976
-0.452899
-0.147040
0.159040
0.451520
0.446833
0.118674
0.217978
-0.380272
0.311649
-0.206810
0.275029
0.267263
-0.139129
0.826426
0.712592
-0.311423
0.147795
0.264660
-0.256379
1.234903
-0.543601
0.033612
0.075813
0.224303
0.656597
0.185327
0.527932
0.560117
-0.662358
0.337933
-0.059188
-0.412654
0.113270
-0.127740
-0.046839
-0.563010
0.491049
-0.424227
0.525740
-0.788151
0.353863
0.588569
-0.022217
0.419035
0.464675
0.044513
-0.466268
0.009424
0.020451
-0.367979
-0.131809
0.249868
0.372044
0.847372
-0.308544
-0.666643
-0.015683
-0.382562
0.409729
-0.239149
-0.011486
0.449437
0.023798
-0.227628
-0.116440
0.225629
-0.088810
-0.079272
0.541818
-0.268868
-0.418396
-0.485673
0.385316
-0.201795
-0.039414
-0.116298
-0.075033
-0.727098
-0.051717
-0.115159
-0.286913
-0.017271
-0.156128
0.418907
-0.328837
0.382289
0.270177
-0.039878
0.434611
-0.118277
0.287657
-0.443175
-0.505022
-0.200702
-0.069890
-0.053445
-0.298525
0.631678
-0.048119
0.403205
-0.653203
0.132590
-0.327613
-0.311942
-0.072511
-0.050933
-0.189088
-0.150308
-0.139873
-0.584856
0.438693
0.027768
0.884084
0.056505
0.547552
0.676401
-0.360904
0.107849
0.263319
0.432531
0.513562
-0.183777
0.421387
-0.296181
1.124812
-0.533822
0.415297
0.130738
-0.809967
0.460324
-0.441357
0.364554
0.196301
-0.084800
-0.223420
-0.055644
-0.204330
0.582009
-0.041294
0.158605
-0.655375
0.174315
-0.705528
-0.383115
-0.808137
-0.799013
0.170739
-0.925199
-0.124767
-0.734359
-0.704285
0.117719
-0.253921
0.034191
0.155439
-0.431272
-1.091639
0.923962
-0.313005
-0.062217
0.092641
0.841639
0.089834
-0.393059
0.158237
-0.032198
0.363774
-0.024043
-0.093868
0.281340
0.155055
-0.093799
-0.355678
0.168491
-0.454227
0.910325
-0.078256
-0.184906
-0.063472
-0.591932
-0.216204
-0.041842
-0.056746
-0.238904
1.017964
-0.418126
-0.248025
0.256193
0.053208
-0.011366
-0.402706
-0.517810
-0.333280
0.448027
-0.106127
0.179766
0.317739
-0.762597
-0.014635
0.524306
-0.176100
0.488893
0.298905
-0.036117
0.446147
-0.115043
-0.418790
0.487623
-0.200372
0.001174
-0.120562
0.677153
0.268042
0.291173
0.064032
0.630291
0.473516
0.137687
0.350040
-0.018795
-0.307478
-0.016607
-0.080638
-0.397392
-0.206612
-0.599556
-0.064835
-1.019021
-0.225380
0.192697
-0.389517
0.244538
0.658696
0.087202
-0.002038
-0.378492
-0.015298
0.660946
0.678839
0.549022
0.272295
0.027602
0.327750
0.403193
0.736194
-1.206074
0.194308
-0.189233
-0.663128
-0.068292
-0.306455
-0.066409
0.185518
-0.176203
-0.150144
0.202669
-0.006863
-0.822372
-0.577238
0.346682
0.176398
-0.395728
-0.064718
0.095369
-0.760567
0.056547
1.150882
-0.626966
0.797420
0.268176
-0.723077
0.193820
-0.190178
-0.586786
-0.674458
-0.686512
0.111778
-0.161868
-0.785352
-0.020307
0.530453
-0.453094
-0.269456
-0.492830
0.314351
0.971217
0.247416
-0.628856
-0.611673
0.544830
-0.863838
0.642055
0.432751
0.271488
0.035483
-0.059299
-0.036446
0.578074
-0.585000
0.204279
0.222592
-0.646078
-0.199712
-0.778223
0.527207
-0.122475
0.052653
-0.444901
-0.605838
0.123208
-0.690269
0.264071
-0.215272
-0.374603
-0.229620
1.134450
-0.219777
0.123137
0.641230
0.443191
0.063616
-0.067915
-0.123027
-0.930432
-0.586801
-0.633193
-0.258131
-0.033015
0.728664
0.477309
0.268747
0.172159
0.546493
0.231167
0.405627
0.087871
0.599334
-0.220085
-0.402640
0.787808
-0.102162
-0.655563
-0.330187
-0.070671
0.041780
-0.104527
-0.377293
0.603465
0.227951
0.132429
0.540298
-0.020143
0.573715
0.255580
-0.320178
-0.066807
0.524206
0.572967
-0.101562
-0.185672
-0.192721
0.987219
-0.067973
0.627271
0.246839
0.184825
0.313025
-0.246309
0.197383
-0.120240
0.361126
-0.345405
0.900511
-0.091686
0.497722
-0.156462
0.055358
-0.150860
-0.764690
0.163512
0.156919
-0.441784
0.184031
0.765350
-0.719374
-0.445777
0.220826
-0.014461
0.508304
-0.133126
-0.453902
0.394690
-0.230122
-0.547309
-0.396595
-0.029855
0.084433
-0.386601
-0.177384
-0.014945
-0.339877
0.333604
-0.298184
-0.980985
-0.576867
-0.134677
-0.305123
0.148932
0.379445
0.035256
0.386637
-0.231296
-0.160876
0.149678
0.037190
0.253742
0.535024
0.300974
0.221081
0.203004
0.314358
0.013131
-0.686846
-0.049683
0.235076
-0.268410
-0.496900
-0.470947
0.213330
0.096332
0.299820
0.104372
-0.171685
-0.244932
0.079510
-0.252706
-0.242900
-0.558191
-0.260782
-0.085187
0.420218
0.186954
0.217045
-0.383178
0.150398
-0.329915
0.041462
-0.002248
-0.314312
-0.508184
0.043550
0.146156
-0.100638
-0.243236
0.205679
0.188421
-0.261516
0.917118
-0.223954
-0.516989
0.114764
0.874521
0.539221
0.471118
0.027564
-0.356982
-0.264816
-0.352832
0.164820
0.163890
0.250144
-0.533920
-0.029111
-0.080253
-0.192503
-0.275808
0.156755
-0.425889
-0.759272
0.415534
-0.886660
0.822387
0.386733
0.017716
-0.686441
0.557383
-0.196833
-0.248551
0.187446
0.112316
-0.551594
0.370025
-0.574533
-0.068635
-0.381086
-0.196754
-0.631166
0.237123
-0.224388
-0.088602
-0.528347
0.498511
0.626614
1.313250
-0.081656
0.172557
-0.736927
-0.536007
0.126535
-0.039004
-0.587019
0.310514
0.366060
-0.122903
0.101499
0.699340
0.083285
-0.427624
0.319848
0.404701
-0.510255
-0.196944
0.393518
-0.309768
-0.581169
0.043622
-0.165615
0.257450
0.117419
-0.351323
-0.397194
-0.096559
0.242156
-0.246694
0.663981
0.724864
-0.559675
0.229012
0.562096
-0.560714
0.391112
0.069726
-0.687103
0.255365
0.876921
-0.538224
0.061926
0.218857
-0.370032
-0.851590
0.444193
-0.251861
0.436992
-0.065858
-0.005796
-0.595951
-0.239387
0.187070
0.826081
0.961143
-0.394634
-0.047124
0.411527
0.289694
0.347021
-1.144638
0.255717
0.251256
0.408569
-0.159872
-0.150674
-0.194531
-0.087493
0.410787
0.259765
-0.629338
0.679158
0.462290
0.660787
-0.305893
-0.176660
-0.110919
