0.321038
-0.285917
0.010467
-0.277067
0.144668
-0.213904
-0.277057
-0.813101
0.118522
-0.178024
-0.062845
0.062146
-0.231569
0.612228
0.270782
0.142748
0.234092
-0.649816
0.056796
0.048263
0.061035
0.476161
-0.888453
0.092982
0.109824
-0.065087
-0.069722
-0.945584
0.482267
-0.016287
-0.512812
0.083760
-0.023183
0.512106
0.422603
0.057831
0.916078
0.018419
0.387708
-0.319819
0.038479
-0.642755
0.124706
0.600545
-0.107807
0.392915
-0.295226
0.330897
-0.510359
-0.261767
0.142131
0.693332
-0.517128
-0.511258
-0.727061
0.216956
-0.797147
0.118118
-0.608068
-0.393911
-0.192281
-0.378722
-0.214235
-0.554354
-0.392564
0.401652
0.176397
-0.029552
-0.946487
-0.087614
0.411677
0.797355
-0.694078
-0.573195
0.044404
0.067614
-0.788985
0.064362
-0.363920
0.268876
-0.094556
0.316829
0.664160
-0.369357
-0.034468
0.188035
-0.445903
-0.300228
0.145456
-0.045734
-0.340634
0.452503
-0.118769
0.321360
-0.048872
-0.333640
-0.841475
-0.473131
-0.519305
0.002500
-0.388173
0.283142
-0.096445
-0.075720
-0.775764
-0.534068
0.390393
0.397798
0.241375
0.102273
0.405970
-0.366460
-0.705343
0.405518
-0.471068
-0.500856
-0.137189
-0.646577
-0.314548
-0.571716
-0.547311
-0.144266
-0.046865
-0.263221
-0.148499
0.115929
0.561493
-0.355123
-0.313390
0.298261
0.616983
-0.193428
-0.044670
0.343259
0.744067
-0.250063
-0.496026
0.129833
0.767578
-0.099602
-0.564598
0.467843
-0.083630
0.158169
-0.391239
-0.133158
0.449676
0.302441
-0.300546
0.344663
0.851057
0.327656
0.176990
0.268237
-0.513447
0.294035
-0.513206
0.531327
0.108867
-0.274480
0.837789
0.117266
-0.754786
-0.369167
-0.810992
-0.158471
0.685882
-0.300603
-0.222846
0.212202
0.216806
0.151833
-0.510880
0.190747
-0.440660
0.494090
0.719494
-0.034498
0.074453
0.040549
0.336014
0.938439
-0.013136
0.219850
-0.333787
0.688113
-0.047545
-0.163297
0.597537
-0.402887
0.268647
-0.238910
0.128420
0.368651
0.220507
-0.100553
-0.404991
0.622605
-0.805435
0.172660
-0.131841
-0.194424
0.086865
0.158914
0.526878
-0.044711
0.044897
-0.971178
-0.102579
0.157668
-0.248084
-0.170878
0.184083
0.254792
0.295043
0.176533
1.458227
0.031079
0.495803
-0.494636
0.514892
-0.166471
-0.002395
-0.179984
0.110709
-0.059104
0.577646
0.862674
-0.751167
-0.249965
0.272191
0.504084
-0.005140
0.261392
-0.125924
0.378510
-0.140259
0.491190
0.122643
0.013994
0.206276
-0.514398
0.425829
0.115155
-0.071430
0.791676
-0.559539
-0.739519
0.042809
-0.243336
0.106174
-0.224402
-0.687174
0.131244
0.525717
-0.205537
-0.198882
0.028044
-0.276463
0.809420
-0.367593
-0.706033
0.334999
-0.240129
0.082396
0.274795
0.638662
0.027176
0.463838
0.276059
0.040786
-0.466999
0.261176
-0.238298
0.658203
-0.383251
0.609346
0.288924
0.076508
-0.300601
0.434044
-0.348942
-0.587009
-0.672488
-0.205871
-1.109894
-0.207711
0.390520
0.032724
-0.253892
-0.353602
0.505635
-0.444583
0.091483
0.170152
-0.008714
-0.042455
0.563307
-0.374359
-0.004953
-0.229004
0.433206
-0.441348
-0.153783
0.548297
-0.154374
-0.119651
-0.085488
-0.091710
-0.162498
0.082266
-0.255263
0.538496
0.508353
-0.012623
1.174299
-0.353502
-0.119120
0.025061
0.401504
-0.142578
0.160421
-0.483474
0.746861
0.407165
-0.727013
-0.497099
-0.677602
0.329853
-0.489183
0.287354
-0.997313
0.036781
-0.379471
-0.558029
-0.058604
-0.480472
-0.305299
-1.392967
0.229317
0.129768
-0.605711
0.137378
0.396642
-0.605925
0.130583
-0.153476
0.069776
-1.147755
-0.138238
-0.153078
-0.465912
-0.077022
-0.175337
0.553925
0.743937
-0.236681
-0.201020
0.473934
-0.165251
0.400603
-0.158429
-0.240313
-0.417618
0.434626
0.300384
0.387429
0.112256
-0.089637
0.936854
0.085223
0.109878
0.066647
0.466385
-0.149613
-0.297637
-0.155110
-0.698864
0.109649
0.314965
1.034133
-0.312122
-0.620187
0.541331
0.386480
0.943744
-0.460050
-0.223338
-0.462539
0.374518
-0.225006
0.317988
-0.266243
-0.167220
0.325659
1.180618
-0.965854
0.141778
0.744756
0.238339
0.083744
-0.173880
-0.112804
0.264067
-0.373176
-0.529499
-0.278647
0.840038
0.160853
0.568647
0.057228
0.287602
-0.328011
-0.147470
0.242728
-0.042942
-0.052315
0.561927
-0.384204
-0.051219
-0.142394
0.185978
0.607373
0.403822
0.404119
0.600487
0.033012
-0.540919
0.449249
-0.755211
-0.297188
0.115606
0.517198
-0.014750
-0.114580
0.281175
-0.136830
-0.610865
0.354936
0.526587
1.227017
-0.148388
-0.398085
-0.274117
0.442578
0.580220
-0.054605
-0.089420
1.084979
-0.722684
-0.156871
-1.044901
0.581579
-0.362613
-0.173017
-0.667809
-0.062025
0.682607
0.358481
0.161317
-0.677026
0.365271
0.418674
-0.965620
-0.552694
0.352344
-0.190033
0.153003
-0.919356
-0.121531
0.018930
0.405656
0.137110
0.014444
-0.312007
0.431957
-0.263705
-0.050848
-0.536583
-0.339881
0.428367
0.481839
0.152730
-0.854165
0.077265
0.458447
0.469205
-0.010819
0.541458
0.245198
-0.358639
-0.216517
-0.301452
-0.444153
-0.728816
0.481130
0.317855
0.334907
-0.217602
0.346649
0.436027
-0.322855
-0.460671
-0.129099
0.051401
0.220509
-0.202779
0.092387
-0.280509
-0.087042
-0.180851
0.295661
-0.561844
-0.105528
0.614163
-0.193794
0.300003
0.060920
0.391991
0.104199
-0.048537
-0.229639
1.302093
-0.124243
0.429377
-0.766545
0.559648
0.151226
-0.534457
0.212002
-0.328944
0.271112
-0.465908
-0.388206
-0.329492
0.513333
-0.327541
-0.269214
0.352789
-0.696998
-0.239120
-0.873028
-0.088544
0.336460
0.620515
-0.684356
-0.805402
-0.569889
0.147834
0.401371
0.006458
-0.416896
-0.844181
-0.612012
-0.246961
-0.193118
-0.073449
-0.306620
-0.289885
0.153956
-0.033266
0.368319
-0.138248
-0.303441
-0.164179
0.056452
0.271297
-0.062058
-0.279035
0.106950
-0.207987
-0.110180
0.612732
0.907036
0.314368
0.151746
-0.267274
-0.339418
0.159228
0.219999
-0.485350
-0.931252
-0.650511
0.296333
-0.407497
-0.242869
0.815999
0.204543
-0.242869
-0.031529
-0.240179
-0.596209
0.202142
0.739459
-0.063289
-0.274680
-0.143251
-0.181562
-0.055846
0.356252
0.740304
-0.389025
-0.808529
-0.183476
-0.155119
-0.177019
0.135246
0.377708
0.059335
-0.709536
-0.436937
0.048873
-0.998145
0.433091
0.487613
-0.077986
-0.004214
-0.132982
-0.098552
0.315148
0.007846
-0.463604
-0.115687
0.061414
-0.163463
0.262245
0.139543
-1.161147
-0.414896
0.108292
0.297504
0.494181
-0.251819
-0.379489
0.113043
0.123968
-0.093209
-0.187337
0.188715
-0.332133
-0.247015
0.185678
0.164369
0.329891
-0.322419
0.060302
0.211717
0.111331
-0.595129
-0.745267
-0.504452
-0.999462
-0.413636
1.107040
-0.061626
-0.460515
0.000688
0.567440
0.542830
-0.421814
-0.868621
-0.202310
-0.511830
0.187453
-0.191192
0.837941
-0.716387
0.296178
0.351663
-0.156155
-0.646570
-0.082405
-0.037881
-0.035338
-0.090364
-1.038781
0.456077
0.411386
-0.318871
0.326573
0.757626
-0.455186
-0.010036
-0.047395
0.489959
-0.316551
-0.203209
-0.171567
0.386828
-0.075691
0.341652
-0.287797
-0.047156
-0.279310
0.203096
-0.588246
0.364684
0.138858
-0.055585
-0.028802
0.145681
-0.233451
-0.902621
-0.468563
0.043954
-0.048731
-0.132617
-0.076892
0.745763
-0.250787
0.086565
-0.154246
-0.327563
0.095460
0.258412
0.355382
0.414988
-0.075713
0.149842
-0.199456
0.791208
0.117222
-0.366149
-0.106258
0.941350
0.138856
-0.268705
0.447511
-0.068631
0.424408
-0.126735
-0.008654
0.082058
-0.006458
0.382015
-0.270164
0.009152
0.392428
-0.300176
-0.200217
-0.443727
0.779016
0.319114
0.242360
-0.149037
0.212681
0.273393
-0.284719
0.112180
0.833720
0.257593
-0.101026
0.284908
0.264184
-0.326287
0.001921
0.080049
0.183624
0.015191
-0.299589
-0.008775
0.204678
-0.747930
-0.029459
-0.768388
-0.238693
-0.455870
0.081630
0.169793
-0.311927
0.100385
-0.267506
0.182562
-0.867855
-0.107986
0.225800
1.251447
0.078506
-0.119794
0.141329
-0.164628
-0.453921
-0.074392
0.378606
-0.081214
-0.419523
-0.095292
0.086548
-0.264666
-0.756672
0.482491
0.873048
0.771707
0.337019
-0.768416
-0.592016
-0.176646
0.113067
0.239324
-0.247855
-0.147046
-0.413384
-0.336111
-0.036317
-0.354013
-0.488141
-0.066768
-0.251560
0.304063
0.007534
-0.422802
0.718567
0.753832
0.668266
0.281193
-0.574450
0.266774
-0.181337
-0.529529
-0.303341
0.049306
0.149798
-0.365976
-0.658123
-0.454778
-0.659576
-0.992724
-0.313635
-0.894130
0.534701
0.209418
-0.384069
0.817269
-0.431247
0.116359
0.106427
-1.110850
-0.826478
-0.061671
0.816612
0.041460
-0.805671
0.942174
0.635550
0.735159
-0.155046
0.492994
0.071660
-0.369836
-0.335424
0.439311
-0.357207
0.036458
-0.374184
-0.449974
0.341843
-0.173117
0.100785
-0.113587
0.225719
0.553468
-0.293138
0.538518
0.325183
0.081528
0.329035
-0.061781
0.016063
0.324552
0.149248
-0.246256
0.093096
-0.261925
0.028043
0.504362
0.172567
-0.058647
-0.251618
-0.552528
-0.056278
0.537522
0.583463
-0.092671
-0.055360
0.479041
0.291331
-0.379387
0.210653
-0.052580
-0.275304
-0.757008
0.441590
0.179476
0.306829
0.118836
0.671120
-0.201758
-0.102139
-0.395100
-0.226238
0.384034
0.041753
0.125598
0.470550
0.265738
-0.347894
-0.077850
0.242897
0.324144
0.518447
-0.021871
0.784426
-0.007513
-0.213823
0.797873
0.442335
0.442086
-0.369165
0.166473
0.040268
-0.768009
-0.080156
-0.664343
-0.109122
-0.578026
0.215430
-0.370940
-0.958046
-0.334281
1.312895
0.042731
0.453133
0.012275
-0.477211
-0.004123
-0.144323
0.088253
0.020348
-0.800218
0.597419
-0.066299
0.353972
-1.106146
0.571794
-0.924852
0.386168
0.337606
0.090317
-0.148591
0.101262
-0.344916
0.419002
0.073277
-0.335969
-0.342154
-0.116937
-0.420906
1.228257
0.394298
-0.750452
0.272707
-0.635033
0.285954
-0.179155
0.305211
-0.044199
0.243184
0.077644
-0.169063
-0.358791
0.305144
0.115497
-0.773635
0.071047
-0.004611
-0.239865
-0.321038
0.391783
0.035310
0.429191
-0.249026
0.224297
-0.011177
-0.162277
1.121715
0.357172
0.060245
-0.006082
-0.349228
-0.132367
0.650090
0.285099
-0.126440
0.189957
-0.009689
0.720674
0.075406
-0.541844
-0.068204
-0.016324
0.382905
0.293735
0.032818
-0.045614
-0.018083
-0.444215
-0.182710
0.031763
0.703209
-0.174687
0.316873
0.529836
0.235827
-0.219971
-0.391244
0.356866
0.010771
0.012670
0.012198
0.573410
0.448932
0.031981
0.432083
-0.220473
0.422729
-0.022898
-0.169375
0.237213
0.109199
-0.076525
0.382446
-0.442863
0.174549
0.029224
0.447173
-0.342023
-0.441035
-0.314371
-0.589401
-0.200051
0.136479
-0.304633
-0.490417
0.443046
0.005115
-0.175963
0.026525
-0.085072
-0.039060
-0.162467
-0.407222
0.459592
-0.734758
0.608405
-0.658574
-0.581164
-0.312553
-0.129560
-0.425179
-0.303663
-0.248902
0.344227
-0.406314
0.110910
0.564636
-0.024393
-0.613361
0.410988
-0.064541
0.071854
0.269965
0.213317
1.134719
0.037265
0.200846
0.461291
0.747521
0.244473
0.103707
1.082894
0.453084
0.261254
0.410095
-0.121460
-0.839621
-0.287654
-1.122056
0.709446
-0.153697
-0.083920
0.112228
0.106792
0.163774
-0.161529
0.294015
0.200006
0.654012
-0.359403
-0.129690
0.114478
-0.050392
-0.024371
-0.086662
-0.212899
0.461401
-0.042129
0.086726
-0.124214
0.058735
-0.658634
0.163675
-0.880756
-0.189705
0.375694
0.161609
0.066748
0.204171
0.166988
-0.106161
0.610267
-0.264250
-1.029364
-0.568058
-0.218030
-0.845495
-0.576084
0.046974
0.115793
0.426546
-1.337745
-1.204640
0.407811
-0.886464
0.238502
0.684770
0.016698
-0.459662
0.759583
0.373869
-0.055625
-1.050689
-0.117851
0.132134
-0.047715
0.056451
-0.257140
-0.437607
-0.456398
-0.102001
-0.268115
-0.569550
-0.586544
-0.315704
0.221238
0.621295
-0.182657
0.475707
0.678889
-0.376539
-0.124503
-0.176029
-0.187822
0.090102
0.426100
0.028722
-0.279873
0.272075
0.436864
0.087430
0.469264
-0.319348
0.161501
-0.322194
0.045738
0.378761
-0.053793
-0.029001
-0.018632
-0.386925
0.266611
0.378971
-0.393576
-0.046913
-0.023717
0.235934
-0.046887
0.401052
-0.048682
-0.100126
0.108756
-0.906052
0.309448
-0.531476
0.167131
-0.033164
-0.611139
-0.127159
0.349794
0.753862
-0.660802
-0.376962
0.995860
-0.841249
0.104776
-0.335196
0.377376
-0.145980
-0.963197
-0.908814
-0.242573
0.158005
0.062983
-0.426805
0.252688
-1.192342
-0.112448
-0.171462
-0.594591
0.301476
0.147324
-0.158327
0.569745
0.434283
-0.214367
-0.245662
0.036575
-0.403755
0.797345
0.013253
-0.445878
0.490028
0.187271
0.054361
0.422644
-0.051392
-0.419215
0.496120
0.487282
0.579708
-1.047171
0.059878
-0.638932
0.804049
0.320548
0.242839
0.771481
-0.165541
0.342537
0.297193
0.174059
0.067348
0.672833
0.017021
-0.316027
0.072288
0.101988
-0.352119
0.029084
-0.033799
-0.551690
0.793336
-0.164641
-0.576305
0.386355
0.053138
-0.059057
-0.296179
0.202799
-0.432918
0.375068
-0.105347
-0.014466
-0.061574
-0.137741
-0.055679
0.095291
-0.468706
-0.199132
0.174025
-0.353970
0.134356
-0.182393
-0.082080
0.416766
0.546078
-0.355551
-0.200182
0.079046
-0.365647
-0.017802
0.324497
-0.968024
0.154993
1.286878
-0.432898
0.183908
0.136191
0.428743
0.219231
-0.456356
-0.768601
0.375733
0.261571
-0.005246
-0.148120
1.112727
0.683908
0.470390
-0.228166
-0.048743
-0.263173
0.571350
-0.229378
0.630773
-0.015916
0.093856
0.633963
0.714372
0.708163
-0.125577
0.045586
0.046373
-0.119572
0.397619
-0.113475
-0.255699
0.683070
0.318692
-0.235844
0.134456
-0.056590
0.029111
-0.687667
-0.498302
-0.157969
0.255319
0.214216
-0.364849
-0.320199
-1.083242
-0.070640
-0.569075
-0.826060
-0.012627
-0.941334
-1.396831
-0.658117
-0.801032
-0.309641
-0.485135
-1.014960
-0.830319
-0.801094
-0.634084
-0.512744
-0.465416
-0.728897
-1.085776
-0.288007
-0.186756
0.378850
-0.828337
1.412908
0.733850
-0.303389
1.048063
0.728052
0.646886
-0.026740
0.035540
1.265197
0.998539
0.707723
0.429075
1.029872
0.799545
0.639772
0.248700
1.063962
0.844502
0.806486
1.224545
0.607895
1.111876
0.063319
-0.066356
1.228265
0.375600
-0.144462
-0.693690
-0.098770
-0.597621
0.197545
-0.290583
-1.363291
-0.148550
-1.150090
-0.992007
-0.210138
-0.851638
-0.904866
-0.580449
-0.544108
-1.258785
-0.197330
0.346103
-0.213296
-1.651789
-0.226566
-0.249153
0.426946
-0.374827
-0.001186
0.018919
-0.718283
-0.172647
-0.000180
0.209484
1.197654
0.534241
0.808648
1.487272
0.146783
0.050795
-0.218982
0.722953
-0.016303
0.030639
-0.706370
-0.201572
-0.385296
-0.217746
-0.549396
-0.276709
-0.019757
0.048264
-0.485427
-0.139559
-0.613636
0.705553
-0.291663
0.439764
0.410477
-0.508612
1.131676
-0.542635
-0.223448
-0.607735
0.140459
0.246526
-0.417070
-0.331586
0.293493
-0.379981
0.223763
0.633656
0.000382
-0.146972
0.510246
-0.169037
-0.027790
-0.215091
-0.683689
0.485930
-0.595527
-0.138057
-0.392357
-0.048911
-0.860534
-0.043785
0.341409
-0.452776
-0.666072
-0.297215
-0.387883
0.435533
0.467103
0.443212
-0.664141
0.213661
-0.169195
0.135577
-0.487014
-0.140561
0.310404
0.503980
0.331195
-0.050133
-0.045731
-0.095725
0.740255
-0.134154
0.350609
0.096054
-0.148164
-0.195857
0.410921
-0.243783
-1.096997
0.847552
0.623493
0.126777
-0.103917
0.039715
0.261687
0.214364
-0.063945
-0.364402
0.033267
-0.167499
-0.003691
-0.066007
0.426732
-0.465433
0.165555
0.606458
-0.447506
0.349728
-0.142749
0.646851
0.756369
0.443519
0.325095
0.490467
0.069797
0.178072
0.180127
-0.094618
-0.292812
0.456487
0.555508
-0.378668
0.148912
-0.594561
-0.251270
-0.358227
0.668708
0.167994
0.592086
0.501971
-0.156806
0.360180
-1.342399
0.522822
-1.544815
0.047769
0.212792
0.059566
-0.255109
-0.013777
0.627425
-0.055578
0.319892
-0.153896
-0.236081
-0.672710
0.687998
0.182640
0.128534
0.950874
0.147860
0.144540
0.184099
0.454658
-0.579211
0.398964
-0.700168
0.271507
-0.536734
0.792567
0.492113
0.057528
-0.470074
-0.422332
0.055814
-0.233367
0.001825
-0.065696
0.163102
0.853774
1.112313
-0.059264
0.539840
0.581813
0.187306
0.706872
1.266578
0.478919
0.411361
0.362717
0.296057
0.072719
-0.803795
-0.215054
-0.330423
-0.136528
-0.521132
-0.322357
0.442528
-0.631724
0.020382
0.536209
-0.486775
0.057476
0.124574
-0.182759
-0.325253
-0.152069
0.325465
-0.373009
-0.776070
-0.124184
0.400936
0.011130
0.841009
-0.499857
-0.497037
-0.479395
-0.748571
-0.411600
-0.561920
-0.455313
0.204073
-0.513192
0.292732
0.495586
0.088163
1.056978
0.805889
-0.730330
-0.473966
0.088509
-0.333907
-0.244845
0.436528
0.403011
-0.092606
0.235664
-0.311874
-0.230620
-0.623497
0.012438
-0.280613
0.095566
0.192665
0.154038
1.153775
-0.250478
-0.978121
0.347577
1.122510
-0.801515
0.538405
0.159832
0.059610
-0.351806
0.555691
-0.459180
0.430969
0.094298
0.504867
-0.044452
0.233635
-0.609242
0.464322
0.817080
-0.429442
0.505802
-0.346632
-0.055195
0.711010
0.390112
0.179190
-0.890814
0.372300
0.146427
-0.341732
0.288780
-0.547327
-0.561829
-0.556302
-0.591290
-0.036296
-1.518774
-0.246456
0.211535
-0.638075
0.981240
0.121389
0.077439
-0.424276
-0.151603
-0.048712
-0.121678
-0.665590
-0.012164
-0.234716
0.254521
-0.925164
0.019584
0.328497
0.077358
-0.299562
0.276148
0.039220
0.703855
0.088020
-0.134937
0.330071
0.335477
-0.515018
-0.535044
0.070632
0.849652
-0.404015
-0.165885
-0.206043
0.365604
-0.240302
0.204188
-0.357892
-1.107615
-0.238438
0.127321
-0.104583
0.580254
-0.004700
-0.136555
-0.182128
-0.670925
-0.447170
0.045488
0.455715
-0.761773
0.012014
-0.795085
-0.529326
0.137796
-0.250768
-0.700541
0.231501
-0.923645
0.427173
0.368500
-0.184098
0.232105
0.349290
-0.984180
0.194643
0.041976
0.526980
-0.123235
0.761805
-0.609849
-0.199016
0.238018
-0.105835
0.630189
0.030634
0.725402
0.033447
-0.012296
-0.239202
0.032684
0.335712
0.480301
0.289670
-0.301471
-0.548988
-0.102759
0.519853
-0.006943
-0.544629
0.326429
0.015102
-0.306888
-0.430311
1.097520
-0.038035
-0.237164
1.004671
0.633805
0.165977
-0.002492
-0.768074
0.526530
0.443830
-0.742478
1.041987
-0.107760
-0.140695
0.113792
0.275845
0.011415
0.434501
-0.327548
-0.238000
0.137917
-1.024239
0.056315
0.127920
0.567447
-0.867157
-0.246745
-0.176557
-0.105275
-0.231616
0.147937
-0.547014
-0.103637
0.146162
0.437585
-0.353043
0.110939
-0.263783
0.024584
-0.193529
0.246671
0.680958
-0.018354
-1.062151
0.076518
-0.019107
0.400900
0.353605
-0.126842
0.154629
0.000551
-0.285750
0.377621
-0.145980
-0.462506
-0.907716
0.471716
0.656703
-0.952202
0.459045
-0.350170
-0.019705
-0.266273
-0.132206
-0.377165
0.766645
0.169886
0.563509
0.113901
-0.085776
-0.270428
0.309735
0.779077
-0.096765
0.217082
-0.110344
-0.608232
0.530398
0.250224
0.747364
-0.049090
0.808923
-0.270491
0.221753
0.408242
0.153563
-0.127520
0.209639
0.032065
0.167427
-0.436201
-0.090594
-0.331142
1.032619
0.281262
-0.897535
-0.089523
0.290117
0.270762
0.471703
0.437282
-0.075355
-0.103772
0.269023
0.219761
0.351120
-0.311464
-0.405950
-0.511224
0.251808
-1.022126
-0.576203
-0.826413
0.382733
-1.175826
-0.323222
0.023286
-1.277290
-0.074778
-1.457828
-0.171303
0.001494
0.177745
0.026026
-0.747628
0.121962
-0.070680
-0.147242
0.361379
0.858413
-0.834972
-0.410485
0.039808
-0.702764
0.185951
0.065391
-0.114108
-0.225618
0.157573
0.246604
0.465370
0.456008
0.351030
-0.122860
0.005754
0.498850
0.196926
1.454405
-0.592085
0.538414
1.052772
0.051916
-0.790543
-0.532776
0.389063
0.152251
-0.005634
0.693025
0.227711
-0.324544
-0.637143
-0.381800
0.197631
0.395640
0.401337
0.344372
-0.922087
0.460886
0.332535
-0.251916
-0.587192
0.075179
-0.410772
0.685722
0.193465
0.542049
0.253627
-0.174647
0.227997
0.168261
0.085598
-0.491655
-0.358741
0.086694
0.069727
0.119306
-0.430846
0.450789
0.419192
-0.583769
0.002679
0.932185
-0.685977
0.048907
-0.310280
0.588785
0.280090
0.021759
-0.852478
-0.337431
-0.190947
-0.011966
-1.100246
0.638796
-0.123920
0.064543
-0.875693
0.702226
-0.081889
-0.369506
0.466266
-0.144336
-0.265320
0.505869
-0.417009
-0.370807
0.230717
-0.702047
0.485629
-0.332514
0.848830
-0.662100
0.648366
-0.026303
-0.547204
-0.115589
0.092425
-0.226670
0.406816
-0.629936
0.100479
-0.039955
-0.206172
0.481184
-1.032344
0.149959
-0.293499
0.222267
0.376297
0.878774
0.741143
0.543972
-0.140523
0.189001
-0.430022
-0.441195
-0.393205
-0.907781
0.731206
0.218856
0.618745
0.013038
0.615638
0.147956
0.727915
0.231835
-0.530036
0.157658
-0.555197
0.597020
0.508953
1.162382
-0.109661
0.230240
0.567957
-0.491619
-0.681090
0.586990
0.628461
0.869673
0.811628
0.088239
0.125854
-0.140335
0.024668
0.410238
-0.618597
-0.113178
-0.873095
-0.143420
0.630101
-0.018887
0.377571
-1.126766
-0.280151
0.330108
-0.894287
-0.164153
1.096919
0.321499
0.498971
0.217527
0.186098
0.034880
0.790418
-0.417640
-0.653617
-0.136652
-0.336042
0.071280
-0.416070
0.253186
0.293384
-0.727083
0.382660
0.469871
-0.101361
-0.202718
-0.519327
-0.502781
-0.858800
0.171324
0.584278
-0.148455
-0.042646
-0.510338
0.795238
-0.155336
0.091018
-0.318612
0.855993
0.620121
-0.218123
0.531043
-0.161559
0.072329
-0.456642
-0.161599
-0.808257
0.539782
-0.013515
0.516568
-0.536193
0.215235
-0.057888
0.709897
-0.284465
-0.441332
-0.331487
0.328876
-0.329545
-1.265558
-0.382563
0.567534
-0.326428
-0.242568
-0.661940
0.446991
-0.807951
-0.015349
0.381479
0.151046
-0.665586
0.910315
0.441890
0.478811
-0.504672
-0.254958
0.311756
0.538192
-0.899314
-0.295217
-0.453925
-0.696108
0.087021
-0.011047
0.006441
-0.043214
0.488844
-0.402255
-0.685177
-0.561115
0.284895
-0.402333
0.099466
-0.110317
0.830244
0.018323
0.201315
0.313197
-0.101374
-0.379947
0.083410
0.577976
0.350752
0.439621
-0.037475
0.516667
-0.382849
0.441998
-0.359659
-0.114856
-0.246731
0.285578
0.673443
-0.058768
0.752163
-0.475915
-0.761056
-0.057515
0.145073
0.000139
0.025582
-0.338511
0.323008
0.007288
-0.469304
-0.099519
0.407597
-0.049950
0.005729
0.332088
0.283471
-0.707119
0.123850
0.642174
-0.589781
-0.284286
0.240487
0.339871
0.016772
0.360754
0.060637
0.466928
-0.734773
-0.277127
-0.272181
-0.145578
-0.461905
-0.444042
0.241730
-0.163977
0.505666
0.290534
-0.282292
-0.555780
0.357057
-0.637553
0.462415
-0.966802
-0.377146
0.240390
-0.545463
0.075136
0.249193
0.147066
-0.381358
0.431593
0.934156
0.161114
-0.038408
0.177239
0.094893
-0.211469
0.157378
0.354325
-0.058310
0.389193
0.451265
0.083829
-0.209963
-0.147698
0.459823
-0.160406
-0.002402
0.756283
-0.151426
0.281490
-0.424415
-0.636024
-0.204958
-0.854306
0.284653
-0.253498
-0.369627
-0.209269
0.058885
0.066579
-0.300814
1.348292
0.131861
-0.169139
0.182962
0.039996
0.292937
0.661855
-0.275615
-0.648747
-0.735399
-0.061735
0.012686
0.306881
0.452029
-0.436764
-0.331745
-0.332218
-0.203827
0.764376
-0.211750
0.108058
0.644189
0.402398
0.071768
1.234171
0.031103
0.436811
0.706979
-0.097901
-0.405208
-0.223404
0.064452
-1.058788
-0.670587
0.441752
0.049639
-0.046219
0.282898
0.067220
-0.708916
-0.182106
0.881046
0.396977
-0.061448
0.697755
-0.309324
-0.035621
-0.618836
-0.519652
-0.386647
0.245625
0.517935
-0.235254
0.410890
0.192239
0.092621
-0.092604
0.143310
-0.178677
-0.165972
-0.516924
0.029928
-0.342194
0.256552
0.434553
0.066319
0.692208
0.536561
0.648601
0.494224
0.225598
0.025342
-0.017578
0.640000
0.476163
-0.666111
0.603180
-0.280324
0.270103
-0.411513
-0.303682
0.014408
0.299178
-0.043998
-0.008589
0.121492
-0.278443
0.227262
0.041289
0.024521
-0.071482
0.410579
0.118872
0.231439
0.044345
0.114166
-0.428835
0.637530
0.081676
-0.369844
-0.513035
0.541591
0.000912
0.011295
0.276149
0.270991
0.225902
0.446491
-0.391942
-0.340344
-0.751422
-0.128184
0.265184
-0.706430
-0.469812
0.162711
-0.314853
0.618718
0.013443
-0.136622
-0.774281
-0.821261
0.711217
0.574297
0.099501
0.045487
-0.691222
0.413081
-0.382994
-0.325302
0.417672
-0.679584
0.323856
0.611771
-0.586851
-0.032699
-0.153501
-0.169505
0.057819
-0.189175
-0.203520
-0.076880
0.390477
-0.456309
-0.001769
-0.062721
-0.375429
0.392890
-0.140936
-0.509994
-0.007583
0.105098
-0.490548
0.660801
0.114990
-0.116448
0.477943
0.225663
-0.257674
0.553524
-0.100598
1.314482
-0.037442
-0.403541
-0.113645
-0.841970
-0.372981
-0.444665
-0.308798
0.001654
-0.026236
-0.663706
-0.340739
0.827563
0.046084
0.449531
-0.118909
-0.137807
0.238642
-0.443470
-0.671208
-0.838624
-0.085081
0.090733
-0.837093
0.234029
0.080932
-0.107320
-0.279667
0.896368
0.200101
-0.107939
0.565481
-0.159042
0.397581
0.168796
0.693337
0.120549
0.647622
0.220606
-0.224739
-0.194465
0.403616
-1.197453
-0.016841
0.755712
-0.117308
-0.261049
0.819604
0.178731
0.183750
0.089875
-0.172757
0.048035
0.323544
-0.339681
0.114028
0.236660
0.187676
0.423104
-0.085689
-0.217763
-0.621417
-0.012122
0.535557
0.143406
-0.539871
0.342671
-0.647224
0.276880
0.346399
-0.428916
-0.324233
-0.306767
0.386470
-0.328583
0.369338
-1.117998
-0.000048
0.108771
0.378330
0.159902
0.014427
0.735154
0.181470
-0.711224
-0.405535
0.078347
0.830070
0.072129
0.352461
-0.748329
-0.580170
0.048022
0.035087
-0.091763
-0.033755
0.175405
-0.351155
-0.042782
0.281357
0.136443
0.188564
0.226763
-0.170493
-0.658942
-0.135538
-0.373718
0.359106
0.287657
-0.295677
0.675797
0.072646
-0.064203
-0.092862
0.739967
0.385610
-0.574667
-0.684684
-0.374364
1.155721
-0.078432
-0.956458
0.281211
0.392862
-0.467101
-0.913805
0.591416
-0.553140
0.128383
-0.171168
0.068822
0.536776
0.238485
-0.462130
-0.684413
-0.094636
0.044347
0.166450
0.267873
0.054214
0.431340
0.331766
-0.270289
0.004578
-0.372799
-0.472439
-0.038033
0.209191
0.094206
-0.254307
-0.191216
-0.191686
0.412217
0.208357
0.430507
-0.827477
0.333229
0.102668
-0.270136
-0.335088
0.374512
0.166197
-0.618419
-0.001420
-0.089352
-0.318288
-0.036500
-0.379189
0.281974
0.027022
0.325414
-0.806534
-0.226862
-0.241880
-0.529035
-0.219106
0.019730
-0.757107
0.012255
0.274243
-0.190678
0.206389
-0.276093
-0.110812
-0.037765
0.342510
0.814150
0.651709
0.189240
0.063429
-0.320815
-0.081130
-0.568711
0.204746
-1.282938
0.431923
-0.072148
-0.234582
0.751542
-0.336095
0.154683
0.676580
-0.110592
-0.176943
-0.261711
-0.089598
-0.070883
-0.534075
-0.400896
-0.037755
0.250050
-0.581598
0.499650
0.006388
0.533523
-0.016558
-0.371487
-0.911403
0.276680
-0.389933
-0.301696
-0.101287
-0.156658
0.242776
0.427622
0.396447
0.306112
0.152402
-0.337006
0.724509
0.607410
0.013451
-0.806326
0.506731
-0.054065
0.445180
0.193723
-0.341349
0.109110
-0.526073
-1.009673
-0.440853
-0.713868
0.207193
0.230805
0.627817
-0.412887
-0.446182
0.554858
0.006363
-0.191869
0.036107
-0.712915
-0.103874
1.137443
-0.039935
0.238517
0.215988
0.438808
0.003976
0.379153
0.365967
0.178374
0.965037
1.330946
-0.378284
-0.049018
0.419581
-0.013903
0.235746
0.604467
-0.039705
-0.225648
-0.315372
-0.563569
0.643895
0.367617
0.087133
0.405934
0.544571
0.823030
0.387995
-0.007372
-0.241881
0.006736
-0.631110
-0.454216
-0.293149
-0.321566
0.088180
-0.724737
-0.421279
-0.000407
0.576825
-0.043827
0.399011
0.721840
-0.336955
-0.491383
-0.096059
-0.513114
0.146191
-0.028001
-0.374173
-0.158360
0.395917
-0.042498
0.624476
-0.812870
0.001292
0.167756
0.308511
-0.375616
-0.147006
0.034161
0.060006
-0.044957
0.187040
0.600622
-0.127874
-0.358452
-0.184995
-0.775186
-0.387204
0.383851
-0.545864
0.269884
0.631549
0.846572
0.540206
0.299785
-0.024125
-0.050243
0.307487
-0.662946
0.394066
0.208548
-0.240737
-0.461463
0.190790
-0.312143
0.235815
0.384863
-0.450460
0.456787
0.218258
0.053885
-0.490850
-0.753233
-0.840827
-0.477788
-1.194606
0.045206
0.546111
0.015282
0.177178
-0.797576
-0.063530
1.116917
0.179894
0.781698
-0.206404
-0.394922
0.356306
-0.253501
0.199446
0.272339
0.558822
-0.342676
-0.295204
0.327543
0.210248
-0.378361
-0.386427
0.097750
0.134940
0.118610
-0.027417
0.337960
0.748802
-0.007892
-0.815795
-0.406896
0.706186
-1.199785
-0.074879
0.092778
-0.172283
-0.339501
0.435973
-0.311823
-0.284461
0.302080
-0.065192
-0.005046
-0.076584
-0.519669
-1.380936
-0.261424
-0.303716
-0.230560
-0.263652
-0.696494
-0.107443
-0.270664
0.390069
-0.259569
0.158769
0.671341
0.315882
-0.220980
-0.652977
0.687294
-0.451041
-0.724970
-0.023083
-0.051211
-0.724882
-0.300741
-0.573695
0.511067
0.111495
-0.290287
0.227908
0.394894
-0.586465
-0.439789
-0.383101
0.595476
-0.071707
-0.625320
0.944165
0.145014
-0.282321
-0.693091
-0.737999
-0.181013
-0.119159
0.323337
-0.429283
0.126314
0.089625
1.198512
0.108993
-0.096393
0.933283
0.062475
0.108816
-0.674412
-0.032089
0.099556
-0.163940
-0.019000
0.052266
-0.343401
0.468253
-0.343512
0.527127
-0.217691
-0.729979
0.237383
0.437430
-0.148101
0.526790
-0.388322
-0.515152
0.191496
-0.177550
0.019789
-0.349322
-0.058748
0.136937
0.102411
-0.116472
-0.183525
0.097880
0.242945
-0.435452
-0.498128
0.159042
0.996774
0.658066
-0.243251
-0.144499
0.648789
-0.312069
0.208882
0.260512
0.220179
-0.496937
-0.044463
0.068410
0.028131
-0.082792
0.084857
-0.300726
-0.195488
0.481996
-0.330324
-0.148211
-0.579360
0.394198
0.632853
0.554041
1.148291
-0.611260
-0.396442
-0.996091
0.525325
0.452991
0.023727
-0.144024
0.438446
0.422397
-0.845211
0.603831
0.455946
-0.209216
0.196778
-0.318046
0.069349
-0.292635
0.073846
0.486292
0.031592
0.267874
-0.221957
-0.585039
0.458314
0.088845
0.007546
-0.190999
0.885675
-0.055775
0.208908
0.147530
0.008813
-0.176282
-0.355958
0.003263
0.281366
-0.067552
-0.536853
-0.636954
-0.664337
-0.442232
-0.481528
-0.049372
0.152022
0.239131
0.006376
0.478886
-0.116120
-0.262185
-0.086056
-0.007289
0.340650
-0.340860
-0.211043
0.524625
0.039779
-0.514084
0.093168
-0.533545
-0.144189
-0.120783
0.796390
-0.247008
-0.281939
-0.225571
-0.583266
-0.552369
-0.343076
0.266701
0.706250
0.177728
0.133496
0.374731
-0.646614
-0.007604
-0.008189
0.438525
-0.181807
0.037350
0.277674
0.039959
-0.563696
0.120968
0.046480
0.678797
0.023966
-0.020884
0.234770
0.122908
0.918880
0.601261
0.507513
-0.541192
-0.489730
0.775988
-0.753969
0.015351
0.861156
1.168234
0.152622
1.103419
-0.255784
-0.305774
0.164548
0.130639
-0.534042
0.157855
0.162620
-0.540681
-0.582280
0.149678
-0.030617
0.062183
0.400414
-0.401634
-0.026372
0.191836
-0.035241
0.075052
-0.298555
0.765080
0.369102
-0.353733
0.437874
0.497224
0.379604
0.782613
-0.312668
-0.087898
0.119198
0.102170
-0.405147
0.115246
-0.951288
0.224874
-0.404533
-0.286638
-0.653482
0.556743
0.656553
0.235179
0.452634
0.306674
-0.552334
-0.229663
0.223022
0.445961
-0.007473
-0.567032
0.033644
-0.329230
-0.711209
-0.370606
-0.724442
0.019094
0.194198
0.010718
-0.133531
-0.354408
0.525416
0.223496
0.741240
0.015788
0.186570
0.077514
0.283173
0.254308
-0.142415
0.606295
-0.421495
0.399404
0.302627
-0.315784
-0.190023
0.124977
-0.483655
-0.248759
0.268293
-0.311716
-0.753272
-0.556342
-0.263665
1.099046
-0.328191
-0.178130
0.379327
0.353108
0.192260
0.152586
-0.550402
-0.889669
0.291894
-0.201690
-1.051719
-0.045138
0.144579
-0.574463
0.469587
-0.408565
0.884266
-0.722389
-0.099722
0.637447
-1.232224
-0.294270
-0.758558
-0.011299
0.678489
-0.762932
0.035234
0.686386
-0.290151
-0.459628
0.246905
-0.048862
-0.898890
0.754404
0.204235
0.472791
0.064311
-0.362294
-0.143933
0.204688
-0.072581
0.188181
-0.061178
-0.205124
-0.398192
-0.042460
0.392579
0.210591
0.601576
-0.366971
-0.430520
0.277434
-0.566409
-0.129672
-0.086203
0.661066
0.363379
-0.659040
-0.298703
0.408328
0.657766
-0.363205
-0.809203
0.069365
0.347689
-0.627147
0.630617
-0.848636
0.344492
0.168527
0.734883
0.253542
0.596682
0.765364
0.723531
-0.038504
-0.659295
1.160486
-0.188005
-0.590473
0.494475
-0.065298
0.442447
0.577013
0.998723
-0.440526
0.822998
-0.227381
-0.276302
0.045070
-0.236405
-0.367571
0.581990
-0.361358
0.092288
-0.520072
0.568474
-0.300519
0.395354
0.042104
-0.477229
-0.381005
-0.366729
-0.378893
0.199231
-0.759544
-0.353923
-0.294053
0.071808
-0.648619
-0.368366
0.056465
-0.280526
0.305972
0.954977
0.382235
-0.696780
0.470447
0.576764
-0.216018
-0.189516
-0.033705
0.235910
-0.182216
-0.586948
0.108455
0.769688
0.055924
-0.295015
0.081374
-1.059704
-0.872534
0.652969
0.018865
0.494896
-0.485757
-0.879768
-0.479844
0.671533
-0.219279
0.007155
-0.257612
0.786964
-0.210028
0.058067
0.336457
0.393806
-0.685445
-0.113813
0.860277
-0.739863
-0.322964
0.297094
0.572612
0.651786
-0.282690
0.495166
-0.630150
0.039862
0.007171
-0.653180
-0.258905
-0.648596
-0.585470
-0.474246
0.299581
-0.002096
0.302257
-0.413238
0.700163
-0.932737
-0.088012
-0.909781
-0.652661
-0.635039
-0.436796
-0.362112
-0.443836
-0.141900
0.402612
-0.222774
-0.003054
0.005735
-0.132006
0.040796
0.347243
0.545537
0.569843
0.467550
0.243753
0.700437
-0.202004
0.408293
0.084628
-0.192279
-0.824164
-0.328284
0.865581
0.402260
0.345074
0.165031
-0.319425
-0.014116
-0.218347
-0.247952
0.450486
0.295811
-0.506543
-0.375524
0.133135
-0.505631
0.778272
0.082184
-0.077665
-0.009486
0.215985
0.191056
-0.266687
-0.509860
0.518852
-0.372883
0.315407
0.270687
-0.171042
0.071235
-0.192550
0.661094
0.929161
-0.068223
0.058725
-0.330341
0.014948
-0.117389
0.054531
-0.086210
-0.113803
0.154068
-0.012268
-0.455152
-0.096275
-0.116816
0.253775
-0.030781
-0.065291
-0.219409
0.057603
-0.277506
-0.000275
-0.672660
0.001749
0.466137
1.145656
-0.123268
0.117633
-0.069028
-0.447750
0.435332
-0.224628
-0.029854
-0.215858
-0.232424
0.160040
0.017298
-0.012910
0.478846
-0.720680
-0.416554
0.416470
0.249934
0.424025
0.312944
0.016314
0.674795
0.073437
-0.337589
-0.421477
0.254998
0.232160
0.512308
0.137437
0.159107
0.237189
-0.616718
0.472685
-0.080775
-1.107225
0.080895
0.189736
-0.092763
-0.206073
0.515576
-0.460859
-0.239141
0.683248
-0.001608
0.252303
0.715649
0.229890
-0.657015
0.262458
0.326979
0.408698
0.312665
0.366663
-0.062670
-0.544561
-0.337072
0.280171
0.142995
-0.086752
0.237553
-0.205934
-0.707278
-0.007605
0.436368
-0.424464
0.029463
0.156920
0.458543
0.144390
-0.799237
0.870787
0.007172
0.578535
-0.137435
0.797462
0.336814
0.251448
0.769089
-0.328827
-0.394434
-0.124601
-0.286906
0.031665
0.351974
-0.196834
-0.865783
-0.032114
0.522866
0.486264
0.093535
0.178156
0.454337
0.293153
-0.449374
0.225638
-0.091535
-0.177062
-0.270945
0.151723
-0.036785
-0.206731
0.006078
0.728576
1.121123
0.262714
0.106868
0.432378
0.032304
0.455986
-0.325073
0.134436
-0.314549
0.762778
0.303715
0.167457
0.127645
0.547187
-0.311961
-0.357987
-0.398205
-0.171525
0.072747
-0.238668
0.308947
0.459640
0.382798
-0.614364
-0.037188
-0.814556
0.165382
-0.223806
0.104210
0.435200
0.756495
0.292128
0.984893
0.022295
0.018092
-0.131711
-0.562401
-0.462150
-0.001569
-0.009521
-0.133195
0.090258
-0.372755
0.525204
-0.368177
-0.357705
0.454667
-1.002371
0.531130
-0.169198
-0.017928
0.466332
-0.363098
-0.268210
-0.706652
-0.757359
-0.018294
0.219016
0.227835
0.164426
0.569520
-0.383542
0.494819
0.261510
0.534443
-0.674592
0.245812
-0.106563
-0.996007
-0.126057
0.206210
-0.744641
0.959384
-0.026912
0.498348
0.000428
0.828149
-0.006957
-0.281443
0.252889
0.241460
0.387547
-0.440645
0.676729
-0.646830
0.772680
-0.458625
-0.433086
0.574262
0.886009
-0.365955
-0.473497
0.183442
-0.207012
-0.095063
0.406334
-0.107293
0.129251
-0.203707
-0.283232
1.092074
0.283515
-0.386808
0.032496
0.327134
-0.430400
-0.459073
0.568410
-0.265834
-0.551668
-0.668692
-0.011784
-0.144444
-0.809713
0.031827
-0.282483
0.010044
-0.010578
0.046106
-0.927131
0.248103
-0.782397
-0.089407
-0.817482
-0.296621
0.388472
-0.183795
0.119982
0.439561
0.336592
-0.126825
-0.221141
0.391119
-0.409999
0.220262
0.212448
-0.555249
0.057682
0.104559
0.448723
-0.609396
0.553695
0.716718
0.040703
-0.577387
0.537575
0.746365
-0.219261
-0.335954
-0.001243
-0.494584
-1.340190
0.496643
-0.044731
0.001634
0.468447
0.188337
-0.234835
-0.708566
0.377358
0.281256
0.932599
-0.219173
0.332800
-0.512382
-0.415753
0.011123
-1.037622
-0.372814
-0.136168
-0.703963
-0.057325
-0.718454
0.384867
0.633199
-0.254289
0.317147
0.473996
0.521150
-0.546942
-0.157209
0.569529
-0.547392
0.088949
-0.120051
0.365758
0.480595
0.072663
0.331882
0.170374
0.028646
-0.560619
-0.308588
-0.173805
0.504661
-0.221307
0.024540
0.625731
0.145512
-0.110817
0.356644
0.200625
-0.402753
0.375526
0.059436
0.569938
0.310494
0.091947
0.043291
0.472477
1.233161
-0.439985
0.464500
-0.292589
0.497420
0.282785
0.332255
-0.037127
0.413803
0.094877
-0.074295
0.086467
-1.002409
0.574470
-0.203045
0.624390
-0.341774
0.068254
-0.097941
0.030286
-0.824952
-0.416413
0.570755
-0.794205
-0.309340
0.212512
0.222366
0.429027
0.187267
0.229091
0.498775
-0.117474
0.062074
-0.747724
0.325170
0.277010
-0.450066
0.339759
-0.087416
0.152794
0.089811
-0.442277
0.113283
-0.737454
-0.176342
-0.180819
0.302308
-0.144734
-0.254464
0.000735
-0.363688
0.196204
0.916768
0.101530
-0.021647
-0.318184
0.382961
0.071791
-0.992588
0.768106
-0.071268
-0.794398
-0.989986
-0.317341
-0.125245
0.350568
0.337370
0.104892
-0.262973
-0.083778
0.679597
-0.249622
-0.238272
-1.105702
-0.085862
0.074582
-0.031282
0.334942
0.216821
-0.173104
0.358068
0.607699
-0.305933
-0.555628
0.150205
-0.561715
0.115665
0.420908
-0.339110
0.005194
0.704163
-0.575873
0.266322
0.085801
-0.455243
-0.128817
0.377494
0.677051
0.473663
-0.429249
-0.030955
0.006980
-0.338211
0.515980
0.598538
0.170483
0.557332
-0.757072
-1.013141
0.624212
0.667044
0.422890
-0.156726
-0.105012
0.284642
-0.179785
0.511393
-0.206884
0.523445
0.305825
-0.164839
0.306963
-0.383344
-0.112247
0.034546
0.501456
0.372899
0.592598
-0.216397
0.806880
0.512329
0.211872
-0.477163
-0.517545
0.475808
-0.595701
0.235213
0.327592
-0.186705
-0.761794
0.005987
0.712742
-0.227910
0.208956
1.428326
0.591474
0.003879
0.198288
-0.532144
-0.185451
0.667543
0.086915
-0.214127
-0.110478
-0.601510
0.320497
-0.196409
0.572029
0.351631
-0.086944
0.572295
0.122730
-0.554449
-0.306610
0.122052
0.930789
0.128652
-0.101109
-0.560202
0.546842
-0.622511
0.402940
0.252020
0.254188
-0.507810
-0.267247
-0.122275
0.730081
0.410584
0.819439
-0.660933
0.276920
0.199150
-0.417275
-0.036839
-0.128441
-1.029070
0.467754
0.365512
0.810159
-0.247885
-0.190499
0.514899
-0.383388
0.439555
0.524352
0.317349
0.400213
0.428500
0.273058
0.414199
-0.014610
-0.517556
0.694668
-0.902770
0.475827
0.187819
-0.239680
0.073463
0.199545
-0.189179
0.278917
-0.207910
0.252916
-0.016987
-0.134011
-0.139154
0.553274
0.126897
-0.536080
0.168725
-0.319616
0.346594
0.046762
0.076486
0.779195
0.299398
-0.389443
-0.077819
0.355083
-0.939533
-0.224845
-0.185160
0.068444
-0.553434
0.280635
-0.642819
0.184314
-0.232144
0.250270
-0.579849
-0.026534
0.194489
1.096822
-0.030888
-0.177859
-0.341265
-0.300505
0.225106
0.055460
0.173691
0.284469
-0.171713
0.843771
0.248071
0.152320
0.131820
-0.096295
-0.895521
-0.801018
0.361292
-0.554665
0.101100
0.272958
0.143409
-0.336859
0.273996
0.022120
-0.053287
0.322396
-0.333545
0.163977
-0.051306
-0.765473
0.543386
0.009856
-0.102461
-0.094829
0.861811
0.205592
0.267879
-0.262477
-0.358565
0.128551
0.958264
0.042443
0.139133
0.307349
-0.028240
-0.329410
0.133198
-0.409096
-0.074139
0.404081
1.401367
0.158219
0.870883
-1.022406
0.477681
0.079740
-0.033224
-0.351591
0.430367
0.254357
-0.047109
-0.768742
-0.813145
-0.487609
-0.627912
-0.504674
-0.201142
0.597900
0.445087
-0.318205
0.694800
0.494838
0.423387
-0.873460
-0.372860
-0.195331
-0.586000
0.374667
0.594254
-0.308632
0.017252
-0.015138
-0.148494
0.009121
-0.280270
0.126811
0.151933
-0.094446
-0.359291
-1.058660
0.347867
0.093739
-0.092659
-0.290588
-0.256641
0.195723
-0.035822
-0.440117
0.833788
-0.507454
-0.061512
0.045647
-0.230547
0.405700
0.589936
-1.075273
0.270021
0.077168
-0.397261
-0.404942
0.339884
0.020743
0.569823
-0.441685
-0.670044
0.149847
0.761863
0.504390
0.136152
-0.095070
-0.448810
-0.360090
0.069465
0.142193
-0.169405
-0.357374
0.691511
0.826411
-0.169175
-0.002853
0.335432
0.314057
0.116007
0.191201
0.273639
-0.506618
0.022469
0.330320
0.530122
0.430290
0.035894
0.558898
0.192100
0.050636
0.120493
-0.237102
-0.033413
-0.549394
0.142441
-0.313569
0.502039
0.339712
-0.498645
-0.212975
0.393970
-0.719429
-0.204740
-0.417601
0.932327
-0.215590
1.379809
0.179035
-0.603303
0.345405
0.205730
-0.544180
-0.080889
0.184703
0.128962
0.546965
-0.381499
0.403960
-0.361234
1.028660
0.739756
0.307662
0.005367
0.607722
-0.563722
0.396444
0.248827
-0.334797
0.336312
