-0.392406
0.162841
-0.608714
0.621703
-0.209601
0.465774
0.221069
0.308756
0.152707
0.798146
0.223560
-0.527400
0.094787
-0.264667
-0.209341
0.062125
0.078235
0.058400
0.225785
0.583670
0.373749
0.522366
0.406796
0.179692
0.502945
0.285737
0.338580
0.570970
-0.604113
-0.161277
0.407342
-0.010250
0.331872
0.185746
0.036525
-0.558992
0.185343
0.524204
-0.040490
0.183093
0.515769
-0.275620
0.531022
0.110756
-0.412278
-0.375586
0.349813
-0.346804
-0.898051
-0.582155
-0.130215
0.242373
-0.232976
-0.289649
-0.318021
-0.581027
-0.503577
0.265372
0.241234
-0.125286
0.053568
0.252509
-0.731583
-0.771068
-0.220277
0.227126
-0.110310
-0.738190
-0.070105
-0.298658
-0.910352
-0.282252
1.004918
0.143386
0.322494
-0.135690
0.229478
0.522255
-0.311786
0.741357
-0.295550
-0.172080
0.245638
0.211907
0.270273
-0.271987
-0.138867
-0.016088
0.264199
0.035102
-0.159096
0.665507
0.021888
0.865577
-0.576537
-0.332128
0.688255
0.195000
0.274933
0.117203
0.283694
0.458746
0.152424
0.192018
-0.045140
-0.150390
0.030939
-0.226299
-0.211554
0.217799
0.009618
0.249811
-0.260713
-0.563268
-0.063150
0.228917
-0.025670
-0.030950
-0.100144
-0.415586
0.571582
-0.159130
0.029756
-0.062419
-0.288765
0.573615
-0.660366
-0.043414
-1.012997
-0.040144
-0.287680
0.408613
0.032003
-0.851747
-0.796371
-0.782946
0.092965
-0.745648
0.472586
-0.803393
-0.073287
-0.005249
0.222468
0.715394
0.238755
-0.590808
1.024567
-0.530631
0.067980
0.054596
-0.604339
0.493546
-0.631319
0.207712
-0.997262
-0.012164
0.739672
-0.117302
0.244726
1.101852
0.032196
0.400532
-0.471137
-0.002453
-0.140089
0.877503
0.781019
0.469107
0.622180
0.767508
-0.684560
0.174216
-0.131924
0.185563
-0.165752
0.101387
0.469772
-0.141165
0.242776
-0.259571
-0.027748
-0.353800
0.380439
0.115544
-0.386059
0.065740
-0.082853
0.469587
-0.358899
0.153466
0.124044
0.127727
0.428430
0.448229
0.201958
0.360176
-0.353482
0.625496
-0.397183
-0.257118
-0.474274
-0.923206
-0.384475
0.079423
0.679061
0.286952
-0.451560
0.078686
-0.511683
-0.149905
0.797936
-0.231300
-1.170496
0.256633
-0.610707
0.200071
-0.253711
-0.205143
0.207135
-0.101183
-1.861778
-0.015003
0.143491
-0.071302
-0.373537
-0.474218
0.014463
0.274075
-0.449953
-0.514495
0.476049
-0.120266
-0.312384
0.201783
0.016749
-0.151754
-0.165631
0.254209
0.008462
-0.254601
0.275714
-0.552634
-0.001112
-0.439474
-0.760171
-0.095228
0.210796
1.041453
-0.065080
-0.217529
0.141856
0.212465
-0.932359
0.189595
-0.130938
-0.249093
-1.250899
-0.478384
0.000806
-0.391182
0.443732
-0.737505
0.195451
-0.182571
0.217369
0.238151
-0.516390
0.026747
0.212910
0.290120
-0.528920
0.503769
-0.195983
-0.381821
0.446300
0.003462
-0.234781
-0.412445
0.058364
0.294086
-0.523284
0.531266
-0.712010
0.040742
0.318553
0.315250
-0.151604
-0.324614
-0.319580
-0.537600
0.004995
0.175782
0.370304
-0.839896
0.726106
0.102450
0.371109
0.360302
-0.648980
-0.189271
-0.341475
-0.617342
-0.401849
0.130888
-0.047190
-0.132075
0.065297
0.280713
-0.353468
-0.108988
-0.183135
0.278281
0.042239
0.128240
0.573023
-0.743566
0.032900
-0.145580
1.066953
0.094458
0.399798
-0.189100
-0.072393
-0.222484
-0.496585
-0.169382
0.279430
-0.470754
-0.876007
-0.151221
-0.183653
-0.075804
0.385707
-0.056449
-0.291801
0.577212
-0.728074
0.324406
0.582888
-1.159031
-0.257354
-0.176147
0.675178
-0.658932
0.184096
-0.006011
-0.121855
-0.216253
0.105426
-0.111139
0.215282
0.857625
-0.044155
0.372444
-0.004255
0.055033
0.127267
0.372727
0.379501
-0.617684
0.108788
-0.110598
0.123688
-0.114730
0.542332
-0.260783
0.178193
0.258704
-0.173725
-0.952588
-0.066648
0.001920
0.030304
-0.824071
-0.305212
0.052168
-0.337239
0.615531
-0.107675
0.080360
-0.066615
-0.684956
0.837247
-0.393785
0.093352
0.142576
0.364030
-0.372141
0.790183
0.194498
0.036831
-0.315017
0.400859
0.004772
0.457358
-0.020054
0.298758
-0.121693
-0.134629
0.199289
-0.772827
-0.005399
0.053724
0.462309
1.057858
0.659463
0.232108
-0.054148
0.495656
-0.395310
0.440720
-1.152437
-0.164675
0.383667
0.251000
-0.383854
-0.057417
0.095482
0.957873
0.069541
-0.286338
0.402809
0.317957
-0.585389
0.420543
0.786485
-0.210812
-0.454960
0.757030
-0.506009
-0.213006
-0.093141
-0.015696
-0.719146
-0.339846
-0.228441
-0.579020
0.747939
0.303084
-0.532626
-0.304196
-0.046603
-0.032829
-0.639660
0.036978
0.065292
0.899638
0.278132
-0.224068
0.036226
-0.965592
-0.061255
0.081708
0.766430
-0.105274
0.822317
-0.078880
0.297078
-0.041317
-0.161434
0.530562
-0.249606
0.401420
0.206542
0.898672
1.173014
0.054322
0.457292
-0.109736
0.187755
0.643482
-0.256507
-0.190684
-0.312473
-0.204792
-0.382573
-0.113918
0.016236
-0.382769
-0.253741
-0.245486
0.044204
-0.138874
-0.135138
0.320073
0.053294
-0.201443
-0.111812
-0.658640
0.189526
-0.928896
0.288730
0.139639
0.152809
-0.276372
-0.108136
-0.596509
0.039911
-0.500595
0.116316
-0.207219
-0.162401
-0.028217
0.693579
0.529088
0.347616
0.577394
0.048775
-0.151076
-0.227910
0.430003
-0.123898
-0.373115
0.337081
0.640768
0.699088
1.025905
0.294518
-0.228169
-0.400096
-0.076387
0.329658
-0.324715
-0.624971
0.007001
-0.242187
0.212961
0.474851
-0.127284
0.874362
0.276347
0.135321
0.414496
-0.175055
-0.055416
0.271385
0.104126
-0.484703
-0.183068
-1.199497
-0.761070
0.320888
-0.246106
-0.083100
0.239304
-0.079599
0.129527
-0.455126
0.281875
-0.174658
-0.606774
0.078321
0.214897
-0.475709
0.022631
-0.226305
0.313938
0.973120
0.173755
0.006744
-0.279634
0.275924
-0.020245
0.425733
-0.108850
-0.777943
-0.861855
0.198576
-0.901681
-0.855754
-0.058107
1.331006
-0.745163
-0.176987
-0.277690
-0.312837
0.443350
0.302024
-0.592221
0.236904
-0.284028
-0.250404
-0.709599
-0.202130
0.292003
-0.460368
0.203212
0.515518
0.057188
0.346969
0.125127
0.287176
0.141042
0.144753
-0.029511
-0.052776
-0.876210
-0.450936
-0.026256
-0.128363
-0.613533
-0.020820
0.848715
0.163852
0.046995
0.147112
-0.942608
-0.049648
-0.044981
0.398438
0.423201
-0.124609
0.732921
0.077482
0.401204
0.405521
-0.419293
-0.310054
1.707986
0.660068
0.182237
0.423710
-0.123183
-0.502270
-1.224024
-0.180654
-0.388212
-1.044583
0.880278
0.337703
0.335445
-0.289057
0.094594
0.581159
-0.821796
0.217981
0.619916
-0.078845
-0.442249
-0.386598
-0.098247
1.067583
0.126987
0.294114
0.311965
-0.159463
0.157710
-0.054330
0.269570
0.617168
0.294098
-0.452225
-0.423354
-0.279080
-0.680991
-0.045660
0.371741
-0.368740
0.225108
-1.035123
-0.321784
0.420087
1.080150
-0.207385
0.410847
-0.447385
0.120971
0.233239
0.418494
-0.092821
0.227817
0.520129
-0.137833
-0.392658
0.302869
-0.545701
0.463826
-0.097142
-0.214483
-0.032774
0.071848
0.289843
0.537415
0.189889
0.566489
0.579051
-0.094699
0.350993
-0.361392
0.198119
-0.450104
0.299975
0.237636
0.489028
0.694885
-0.598919
0.804265
-0.177462
-0.556930
0.750385
0.673985
-0.006710
0.106292
0.099173
0.024194
0.304138
0.254007
0.375561
-0.472845
0.113886
0.579171
0.058431
0.617003
0.000924
-0.041036
0.133190
-0.444658
0.052381
0.413037
-0.236753
0.053477
0.441539
0.123287
-0.072627
0.003673
0.044883
-0.118754
0.715932
0.329527
0.370482
-0.396002
-0.510347
0.428199
-0.438439
-1.053805
0.282039
-0.131036
0.441892
-0.390304
-0.516561
0.073939
0.118860
-0.540247
-0.677942
-0.782591
-0.202607
0.055045
0.620180
0.329209
-0.518298
-0.341204
0.225756
0.071856
0.111812
0.537426
-0.092893
-0.064344
-0.386611
0.425713
-0.033010
0.383996
0.880094
0.205145
0.376765
-0.072358
-0.340413
0.073875
-0.211623
0.606148
0.550924
0.199705
-0.350463
-0.564738
0.415024
-0.038212
0.416645
-0.937382
0.357544
-1.279814
0.857843
-0.534906
0.514634
-0.268339
-0.678153
0.126425
0.029266
-0.299528
0.080630
0.048888
0.106122
-0.622316
0.269185
-0.269337
-0.324405
-0.155840
-0.538531
-0.602085
-0.229757
0.236622
-0.733234
-0.323075
0.771980
0.913786
-0.411018
0.299067
0.104619
-0.190231
-0.209310
-0.497502
0.389017
-1.203844
0.176163
0.132548
0.737514
-0.778275
-0.142844
0.306596
-0.229028
-0.209951
-0.281257
0.142709
0.451630
-0.028443
-0.241970
-1.040600
0.024626
0.057823
0.242908
0.019716
0.400358
0.314032
0.459982
0.541094
-0.322535
-0.024607
-1.155394
-0.791820
0.516501
0.056325
-0.392918
0.094120
0.792589
-0.268031
0.642996
0.025974
0.277820
0.033108
0.516081
-0.566651
0.448802
-0.424028
0.161022
0.261006
-0.734168
0.216307
-1.561072
-0.530480
0.511200
-0.128294
-0.320493
0.614063
-0.272701
0.055605
-0.181267
0.061758
0.267111
0.249709
-0.127222
0.438888
-0.217641
0.297387
-1.100560
0.095435
0.289043
-0.375347
-0.048854
0.483743
0.698387
0.599224
0.306389
-0.071734
-0.700112
0.484578
-0.210582
0.146907
0.330348
0.388601
0.068760
0.258039
0.410676
0.232816
0.074593
-0.666608
0.268707
-0.345912
0.111305
-0.003593
-0.248501
-0.448197
0.267746
-0.642602
-0.213342
-0.311719
-0.042737
0.414812
0.395279
-0.193646
0.239529
0.601529
0.169294
-0.223759
-0.088975
0.397155
0.626807
0.035494
0.263510
0.526226
0.219986
0.472352
-0.552912
0.534649
-0.448413
0.551632
0.585019
0.179700
0.170918
0.070826
-0.013706
0.601680
0.551135
-0.135912
-0.008812
-0.288931
0.639398
0.079877
-0.440503
-0.186654
0.425198
0.136649
0.926225
0.574900
0.634901
0.271729
0.201121
-0.392560
0.514691
-0.096747
0.295622
0.330723
-0.124424
0.174633
0.046674
-0.214496
0.208214
0.109767
-0.543178
-0.861108
-0.697349
0.235992
-0.629428
0.481353
0.363961
0.801999
0.288537
0.617853
-0.037270
-0.724100
-0.692479
0.067352
-0.365270
0.028928
0.657076
-0.121960
-0.140308
-0.124507
-0.298119
0.130090
-0.036633
0.008162
0.540882
0.073233
0.250668
-0.332034
-0.271270
-0.177124
-0.262752
0.135947
0.151084
-0.256640
-0.267945
-0.114083
0.181908
-0.140259
-0.329331
-0.324149
-0.309944
-0.140411
-0.407712
-0.184064
-0.164938
0.992721
0.715719
-0.147286
0.798221
0.495754
0.148807
-0.289646
0.056225
-0.484956
-0.121723
-0.089894
0.039656
-0.198680
-0.500019
-1.316761
0.101036
0.264321
-0.634739
0.039476
1.010468
0.176381
-0.144437
0.036971
-0.144219
-0.287971
-0.086475
-0.668777
-0.395086
0.351717
0.455723
-0.821506
0.100653
0.517798
-0.653269
0.232826
-0.614331
0.041713
0.311111
-0.132850
0.537778
1.394021
-0.268476
-0.307254
-0.396678
-0.000183
0.154944
-0.489269
-0.410707
0.718513
-0.366344
-0.508788
0.001872
0.021973
-0.396749
0.141434
0.328045
-0.522744
0.024657
-0.294426
-0.476940
-0.292370
-0.275608
0.270479
-0.452201
-0.665920
0.468560
0.386608
0.209781
-0.319303
-0.413533
-0.478347
0.178286
0.363368
-0.380299
0.283396
0.273454
-0.651048
0.501502
0.112756
0.080641
-0.073080
0.382351
0.040364
-0.124600
0.017283
0.265986
0.002966
0.449303
-0.121025
0.334300
0.885036
0.088433
-0.364909
0.260526
-0.116746
0.179547
0.652333
-0.281196
0.287915
-0.207795
0.413803
-0.568055
-0.108458
-0.083912
-0.264944
-0.227830
0.706496
0.012689
0.155438
0.271663
-0.822422
0.359945
0.440210
0.346427
0.262013
-1.199314
0.127594
-0.348884
0.357656
-0.709187
0.204464
-0.013558
0.080338
0.039602
-0.423255
0.032314
0.028723
0.355659
-0.381394
0.411487
0.363684
0.785638
0.701692
1.172740
-0.627080
-0.522424
-0.154712
0.366843
0.143220
-0.331932
0.097203
-0.226363
0.095085
-0.751489
-0.134474
-0.031714
-0.019113
0.304776
-0.199754
-0.265487
-0.192489
0.139892
-0.245827
-0.826030
-0.325295
0.589434
-0.590961
-0.322919
0.018941
0.383751
-0.355065
-0.755139
-0.689040
0.099760
0.193803
0.627335
-0.465834
0.121500
0.397031
-0.806011
0.198705
0.303975
0.926264
-0.864532
-0.615096
-0.572527
-0.091553
0.395836
-0.992306
-0.429691
0.441302
-0.082527
0.178681
0.124276
-0.067808
-0.193250
0.126386
0.369090
-0.223519
0.866733
0.551265
-0.056392
0.185760
-0.127196
0.187284
-0.752424
0.232482
-0.265692
0.043836
0.751853
-0.243220
-0.440463
-0.038457
0.474465
-0.033708
-0.613304
0.082934
-0.310383
0.628446
-0.680332
0.833590
0.080711
-0.004733
-0.142086
-0.005547
0.394222
-0.118117
0.236484
0.086794
0.121695
0.105675
0.372753
0.474450
0.450028
-0.501044
-0.488110
0.203295
-0.938920
-0.496251
0.289518
0.104898
-0.348289
-0.694321
0.525345
-0.073179
0.832956
-0.101685
0.131373
-0.430187
-0.213472
0.149316
-0.195741
0.583745
0.361642
-0.344603
0.498185
0.552535
0.909502
-0.735423
-0.492095
0.030573
0.627393
-0.355716
-0.353879
-0.072709
0.738917
-0.084667
0.473174
0.297101
0.607380
0.390559
0.096553
-0.374350
-0.529175
-0.636244
-0.036261
-0.198576
-0.700087
0.332219
-0.079158
0.608978
-1.063319
-0.250076
-0.946029
-0.043883
-0.452483
-0.280868
-0.197536
-0.369908
0.400647
0.518804
0.244217
-0.280770
-0.697353
-0.312350
0.152067
-0.068173
-0.717201
0.256847
0.155856
0.073878
0.158728
0.045784
0.833914
-0.671768
0.702461
-0.192518
-0.268935
-0.075495
0.176301
-0.292703
-0.282030
-0.029637
-0.131483
-0.313967
0.174120
0.725698
0.406592
-0.174661
-0.238283
0.465659
0.083503
0.478486
-0.671285
0.736164
1.211005
0.464782
0.536908
0.251949
0.169663
0.303713
0.107500
-0.185478
-0.312414
-0.191495
0.345069
0.135320
0.236880
0.382076
-0.541285
-0.458513
0.077991
-0.000441
-0.131377
-0.594202
-0.469505
0.069065
-1.214849
-1.121835
-0.570212
-0.437753
-0.040453
-0.236649
-0.089501
-1.214910
-0.650814
-1.429518
-0.958481
-0.434497
-0.743514
-0.076989
-0.330026
-0.465867
-0.044102
0.236464
-0.202577
0.012999
0.301432
0.712648
0.364517
-0.509222
0.297126
0.917449
0.484838
0.544487
0.686137
0.919105
0.892586
0.598748
1.375036
0.609608
0.784050
1.609725
0.821275
1.835970
0.193891
0.650349
0.524351
0.090125
0.931719
0.687793
0.322547
0.553202
-0.315175
-0.553204
-0.276727
-0.117000
0.338558
0.322911
0.056113
0.112285
-0.816969
-0.345968
-0.141371
-0.663054
-0.206419
0.400507
-0.872902
-1.017616
0.045505
-0.423811
-0.235361
0.449277
-1.170066
-0.544723
-0.109603
0.053032
0.197725
-0.011308
0.089206
0.516009
0.069032
0.224566
0.402260
-0.021391
0.118380
0.331647
-0.359474
-0.481937
0.568460
-0.044134
-0.179310
0.243471
-0.192421
-0.594678
0.374092
0.187992
-1.045468
0.196589
0.884884
-0.565740
-0.936158
-0.705725
0.608832
-0.802276
-0.260174
0.121891
-0.638092
-0.063669
-0.615866
0.452003
0.264932
0.270000
0.423378
0.114557
-0.580954
-0.180622
0.674434
-0.225111
0.435548
0.110089
0.197485
0.561452
0.783381
0.551547
-0.095572
-0.116836
-0.033798
0.452354
0.694628
-0.121126
-0.056421
0.199545
-0.048491
0.070715
0.180601
-0.343793
-0.391649
0.173041
-0.138899
-0.722289
-0.121860
1.107303
0.222339
0.222568
-0.245717
0.359339
-0.350936
0.024724
-0.196176
-0.334259
-0.305561
0.212158
0.526751
0.235669
0.245995
0.941891
0.597345
-0.534761
-0.035285
-0.350699
-0.740106
0.205599
-0.427002
0.052677
0.577625
0.864693
-0.441994
-0.350297
-0.255528
1.048169
-0.274625
-0.850999
-0.180847
0.689081
-0.208243
0.286431
0.590361
-0.296134
0.007533
0.359093
0.032116
0.803114
0.438506
-0.647937
0.641129
0.410946
0.476130
0.325528
0.185863
-0.078933
0.337917
0.301554
-0.665235
0.175424
-0.591987
0.472246
0.960410
0.281724
-0.760759
0.523518
0.294265
0.129680
-0.675671
0.484802
0.482217
-0.545656
-1.024867
0.608211
0.302846
0.104316
-0.035747
-0.739593
-0.614755
-0.738349
-0.304675
-0.588134
0.353005
0.292599
-0.235198
-0.445435
0.338761
0.270226
0.324672
0.174121
-0.582243
0.311085
0.597960
-0.565375
0.083588
0.324355
-0.249276
0.631784
-0.680942
-0.233709
0.168470
-0.819043
-0.654183
0.163155
-0.029030
-0.122021
0.218750
-0.094158
0.182087
-1.075517
0.005314
-0.005494
0.259463
-0.439509
0.369895
0.512703
0.634928
-0.265603
-0.508586
0.188957
0.603416
0.140991
-0.622902
-0.126482
-0.090482
0.614598
-0.227929
0.575682
-0.060563
0.391420
0.488183
-0.426800
-0.323853
-0.491694
-0.040000
-0.168657
0.276669
-0.492433
-0.029096
-0.432175
-0.504018
-0.094462
0.220719
-0.762560
-0.487336
0.026908
-0.064734
0.547530
0.465778
-0.593907
0.677505
0.197216
0.408284
-0.438570
0.343751
0.689534
0.308097
-0.796743
0.715246
-0.342401
-0.720982
-0.085700
-0.049623
0.202522
0.186208
0.286552
-0.210083
0.134518
-0.648058
0.171847
0.202151
0.059963
0.027516
-0.220730
-0.163361
-0.713629
0.170681
-0.222084
0.029323
-0.926481
0.600090
0.084755
0.298466
0.653268
0.415968
0.406097
-0.498490
0.452847
0.319445
0.425847
-0.376901
0.170194
0.274317
-0.145196
0.085174
-0.573751
-0.134591
-1.245540
0.534627
0.402975
-0.082735
0.042371
-0.446328
-0.468538
-0.252721
0.005201
0.172527
0.707332
0.129848
-0.405438
-0.731795
0.099544
-0.116987
-0.262672
-0.651877
0.400009
0.667472
-0.205606
0.173675
0.239042
-0.177077
-0.276333
0.609787
0.244409
0.022676
1.256699
0.082958
-0.168104
0.397656
0.029057
0.098985
-0.072134
-0.359577
-0.393554
-0.484077
0.907926
0.271814
-0.107042
-0.617102
-0.715969
-0.160729
-0.240920
-0.717021
-0.119618
0.235126
0.382070
-0.640967
0.749463
-0.273008
0.658516
-0.606031
-0.138963
-0.651451
-0.898558
1.024786
-0.593558
0.115366
0.320413
-0.705967
0.553508
-0.404545
0.372354
0.187660
0.803518
-0.802643
0.263850
-0.982901
-0.549940
-0.311668
0.376592
-0.115038
0.260668
-0.300028
-0.407386
-0.299920
0.083510
-0.218237
-0.638001
-0.547846
-0.013743
-0.179667
0.155863
0.799240
-0.111035
0.033480
0.279600
1.290705
0.755802
0.039642
0.232893
-0.341875
0.111051
0.601227
-0.004206
0.028845
0.265850
0.264840
0.361544
0.053640
0.098121
-0.260271
-0.021015
-0.828536
-0.072235
-0.397176
-0.396855
-0.135195
0.452446
0.595469
1.032329
-0.105390
-0.758617
-0.845440
-0.219844
-0.570504
-0.041241
-0.159177
-0.310215
0.104259
0.105345
-0.296235
0.081767
0.410276
0.563807
0.574528
0.160001
0.505847
-1.343092
-0.159716
0.150623
0.804359
0.308845
0.582808
-0.691530
-0.095656
0.752875
-1.090294
0.395229
0.167888
-0.363864
-0.746789
0.000256
0.032847
0.041416
0.883969
0.444573
-0.008809
0.380244
-0.105053
-0.529797
-0.474827
0.257638
0.464799
0.908359
0.774187
0.007119
0.542241
-0.135257
-0.741453
0.591940
0.436010
-0.272753
-0.573265
0.578236
0.185627
0.944370
0.283766
0.108184
0.171409
0.135736
0.487529
-0.213864
0.213292
-0.038727
0.136244
-0.066276
-0.302894
-0.418540
-0.157809
0.026277
0.625877
0.645817
0.707806
0.405334
0.216690
0.097996
-0.408520
-0.261909
0.057718
0.828889
-0.139879
-0.492234
0.459422
0.690091
-0.290233
-0.084422
-0.800678
0.825355
-0.542287
-0.212959
-0.505952
0.467593
-0.386295
-0.587487
0.340178
-0.371562
0.491694
-0.236185
0.639213
-0.627877
0.351803
0.490596
0.186667
0.288122
0.513363
0.830244
-0.131465
-0.237345
0.431158
-0.475021
0.014369
0.630282
0.146688
-0.407550
-0.409245
-0.927564
-0.123706
-0.505115
-0.352977
0.238120
-1.117513
-0.234890
-0.196517
-0.103014
-0.200025
0.661033
0.677892
-0.221096
0.244457
0.690556
-0.365530
0.084357
-0.661459
0.039216
0.272616
0.464709
0.707349
0.191242
-1.067417
-0.154842
0.456287
0.057452
0.250140
-0.235521
0.146891
0.025559
0.672496
-0.143673
-0.148200
0.434785
0.181004
0.121390
0.089231
0.539800
0.472396
-0.138510
-0.699853
0.234930
-0.161437
-0.116066
0.078371
-0.293192
0.219773
-0.636192
0.313174
0.957246
0.407753
0.814131
-0.076909
1.174332
-0.125856
-0.284082
0.151543
-0.111849
-0.176419
-0.594961
-0.528725
0.974029
0.252395
-0.461193
-0.532171
-0.401343
0.615337
-0.294088
-0.166407
-0.120571
-0.510171
-0.370836
0.618479
-0.426296
0.186684
-0.414337
-0.693594
0.019141
-0.661496
-0.245995
-0.396853
0.148715
-0.386486
0.109005
-0.354214
-0.214680
0.084873
-0.367097
0.271996
-0.024827
0.544648
-0.338101
0.286306
0.054120
0.205530
-0.330572
0.547754
0.085866
0.296129
0.072050
0.571539
0.071605
0.726051
0.107212
0.316581
-0.267553
0.390342
0.513154
-0.437805
-0.128897
-0.743524
0.462988
0.742451
-0.104431
0.420773
0.437474
-0.490423
0.787213
-0.545223
0.117308
-0.618177
-0.363103
-0.171651
-0.243784
0.188557
-0.298002
0.464311
-0.494934
-0.327244
0.370305
-0.282081
-0.241854
0.454956
-0.506956
-0.070439
0.522941
0.354192
-0.448260
0.048439
0.094945
-0.198092
0.312502
0.394180
-0.438149
-0.532182
-0.348483
-0.659606
-0.006093
-0.795751
-0.381499
-0.202424
-0.641281
-0.143793
0.250137
-0.318895
0.726549
0.178161
0.221811
-0.190427
-0.247131
0.202281
-0.527153
0.118513
-0.986660
0.369107
-0.702744
-0.278564
0.096660
0.403768
0.216528
0.145639
-0.307914
0.185556
-0.501072
-0.998754
-0.496679
0.698670
-0.201161
-0.717963
0.317328
-0.091268
0.400235
-0.649158
-0.263521
0.145515
0.022849
-0.138260
-0.496018
0.868274
0.443531
0.843924
-0.065888
0.530229
0.327976
-0.328920
0.249358
0.349387
0.356101
-0.142814
0.286982
-0.372798
0.480892
-0.127042
0.414770
0.266989
-0.336767
0.320096
0.457141
-0.291533
0.349801
-0.181202
0.486657
-0.480277
-0.334080
0.736263
0.047692
0.215417
-0.714509
0.818619
0.179733
0.558390
-0.906613
0.599321
0.083605
-0.158376
0.899257
-0.720142
-0.537139
0.533789
-0.207996
-0.383149
0.288652
-0.494614
-0.242345
-0.770306
-1.029988
0.462205
-0.424170
0.372563
-1.465408
0.163104
-0.160732
0.068087
0.196911
-0.288005
-0.085072
0.265115
-0.542060
-0.858447
0.099752
0.175989
-0.191832
0.062534
0.493594
0.022827
-0.821854
-0.051919
0.294271
1.126328
-0.367065
-0.757881
0.286402
-0.702760
0.497952
-0.084754
0.500267
-0.474654
0.555822
-0.033494
0.160861
-0.009717
0.303251
-0.503042
0.628011
0.240236
0.326370
0.387432
-0.107714
0.079436
0.172029
0.301194
0.074863
0.203883
0.081057
-0.153982
-0.204057
0.576218
0.611562
-0.067386
-0.588400
-0.136068
-0.012997
0.213551
0.455490
0.030915
0.195825
-0.070686
-0.385585
0.626075
-0.110366
-0.113033
-0.190778
0.030774
0.011042
-0.225936
0.147270
-0.290098
0.188394
0.319183
0.203644
0.547934
0.073450
0.285269
0.054108
0.591957
0.339154
-0.266174
-0.046001
-0.057593
0.285060
-0.309728
0.389796
-0.521283
-0.666462
0.005418
-0.801084
-0.100461
0.166957
0.325305
-0.302691
0.199988
-0.354035
-0.295784
0.758234
0.704995
-0.269106
0.229820
-0.124301
0.325808
0.299404
-1.216431
-0.281782
0.473921
0.693206
0.159161
-0.674790
-0.456186
0.210867
0.408301
-0.571245
-0.426314
-0.247546
-0.486318
-0.865985
-0.907874
0.359129
0.685873
-0.170598
-0.127476
0.839812
-0.104278
0.208829
-0.339211
0.246106
0.616216
-0.093744
0.145398
0.051568
0.509787
-0.017906
-0.073986
0.043081
-0.309595
0.613171
-0.597566
0.244149
0.198261
-0.260245
0.170223
-0.413662
-0.263391
-0.362944
-0.552251
0.051392
-0.551959
0.100513
-0.249167
-0.150753
-0.221219
0.295273
0.675732
-0.253197
-0.594442
-0.560120
-0.544043
-0.457310
-0.018033
0.800416
-0.210207
-0.363192
-0.227690
0.636079
-0.161941
-0.390753
-0.290539
-0.608582
0.062654
0.537818
-0.304183
0.048570
0.222529
-0.726626
0.222908
0.679510
-0.224272
-0.299173
-0.347417
0.110812
-0.080837
-0.462979
0.201361
0.890498
-0.420269
0.490588
-0.450673
-0.453102
-0.796025
0.469166
0.448809
0.441912
-0.415425
-0.195060
-0.028635
0.077534
0.702783
-0.495176
0.480898
-0.825850
0.251266
0.378098
-0.834521
0.488793
0.226927
-0.230279
-0.401200
0.401117
-0.258080
-0.301203
0.120692
-0.070907
-0.045216
0.393047
-0.633051
-0.013210
-0.578135
-0.960042
0.379198
0.257762
-1.321893
0.675492
0.495604
-0.787589
-0.561816
-0.436912
0.242154
0.105417
0.323815
0.501286
-0.051782
-0.772241
-0.941225
-0.279445
0.142661
0.186063
0.130424
0.056950
0.559868
0.466733
0.278999
0.702913
-0.097909
-0.466206
-0.355863
-0.212636
-0.283590
0.264743
-0.113773
0.366083
-0.049235
-0.418828
0.309157
-0.299962
-0.022077
0.262857
0.320805
0.276297
-0.488914
-0.138911
0.242114
0.396712
-1.029727
-0.291678
-0.127026
0.256774
-0.525415
0.297194
-0.079700
-0.594084
0.358541
-0.760898
0.042438
-0.079701
-0.688046
0.150943
1.363574
0.071171
-1.028589
-0.269175
-0.581662
-0.480700
-0.138409
0.089216
-0.511236
0.187576
-0.724065
0.537668
0.371941
0.293267
0.441051
-0.202782
0.511408
-0.559471
-0.494251
0.232010
-1.135937
-0.028409
-0.149310
-0.393415
0.192843
0.215443
0.101899
-0.056160
-0.454580
-0.212870
-0.150336
0.449411
0.158546
-0.226140
-0.198898
-0.234401
0.305134
-0.021777
-0.043229
0.298317
-0.325684
0.193895
-0.162307
0.028893
-0.618495
0.121026
0.101373
-0.636547
-1.304675
0.312399
0.619266
0.475418
-0.744756
-0.396253
0.003365
0.179556
-0.333277
-0.435885
0.256174
0.347173
0.247139
-0.148718
-1.546660
-0.337653
0.252957
0.738871
0.089083
0.032205
-0.313021
-0.225660
0.708482
0.885087
0.128062
0.598805
0.141901
-0.079614
-0.235979
-0.385454
-0.346256
0.362046
-0.324126
0.594658
0.036406
-0.714438
-0.072442
0.663396
0.726827
-0.183539
-0.490802
-0.182793
0.293681
0.316433
0.425599
-0.119697
-0.794718
0.337826
-0.366086
-0.053695
-0.364644
-0.026296
-0.078773
-0.250080
0.437430
-0.277139
0.250688
-0.060736
0.145158
0.160597
0.327345
-0.770954
-0.008266
0.773274
-0.211840
0.128575
-0.709851
0.583867
0.137277
0.391453
0.167687
-0.119459
0.107305
0.022915
-0.693288
0.037730
-0.600616
-0.298504
0.021820
-0.252987
-0.590275
0.386352
-0.988938
-0.190657
-0.654648
-0.085938
0.090795
-0.627190
0.542046
0.081590
0.138608
0.222785
-1.021410
0.310423
-1.012734
0.242437
0.197746
-0.499076
0.061727
-0.657430
0.778863
-0.200474
0.319248
0.672298
-0.092445
-0.369965
-0.415410
-0.884539
1.323633
0.210436
-0.405605
-0.185226
-0.673148
0.674150
-0.629284
-0.055134
-0.206572
-0.098697
-0.340928
0.319392
0.062382
1.473523
0.424357
0.334613
0.314215
0.320860
-0.628471
-0.638313
-0.924928
0.159735
-0.526905
0.059440
-0.326441
0.663317
-0.207403
-0.224457
0.093768
-0.341667
0.070408
-0.047537
-0.125189
-0.358262
-0.063515
0.054557
0.584962
-0.173654
-0.431112
-0.013098
0.291604
0.422737
0.206956
0.280717
-0.279764
0.169707
0.268328
0.099937
-0.717549
-0.709065
-0.436354
0.017646
0.064775
0.102479
0.378620
0.355824
-0.074230
-0.553577
-0.330856
-0.142747
0.460817
0.300457
-0.424206
-0.673955
0.583330
-0.310458
0.367430
0.758263
0.846425
-0.502320
-0.178397
0.782615
0.276112
-0.470823
0.471030
-0.407139
0.264740
0.223029
-0.356801
0.488370
-0.363938
-0.274495
0.789199
0.017206
0.246448
-0.499972
-0.048525
-0.699636
-0.450400
-0.220002
-0.586094
0.026257
0.632867
0.183807
-0.104247
0.089641
0.140633
-0.344533
-0.363255
0.291306
0.054984
-0.237673
0.762870
0.455393
0.134804
0.553845
-0.665299
-0.062816
-0.075488
0.502890
0.222358
-0.562368
0.482285
-0.395345
0.101896
0.419303
0.897984
0.645191
0.112056
-0.056063
-0.717661
0.231486
-0.173814
-0.002829
-0.315665
-0.489541
0.745487
0.437887
-0.204918
-1.285261
-0.431963
-0.477736
0.125590
-0.947661
-0.197315
-0.528400
0.383396
-0.708172
-0.164191
-0.384381
-0.035881
0.197983
-0.072432
0.112877
-0.182389
-0.450041
-0.446085
0.239320
-0.221390
0.128668
-0.105314
-0.299496
0.118441
-0.199865
-0.574066
0.189041
0.706373
0.766867
-0.162658
0.274057
0.675918
-1.102039
0.484716
0.519236
0.424325
-0.073127
-0.214537
-0.528141
0.098607
0.464462
0.340218
0.073020
-0.357518
0.142206
-0.245389
0.736999
-0.714010
-1.272885
-0.522424
-0.111966
0.583211
0.075779
0.372875
-0.528403
-0.007092
0.013522
-0.590121
-0.110916
0.038421
0.177268
-0.130074
0.334888
-0.474844
0.392903
-0.261859
0.265427
-0.211125
0.826295
-0.128172
0.108022
0.353859
0.204677
-1.196506
-0.382012
0.547216
0.319922
0.201029
-0.034396
-0.821065
0.195586
0.109255
0.025150
0.412279
0.077687
-0.047578
0.085140
0.210155
0.325174
-0.207218
0.825182
-0.158240
0.049736
0.245397
0.193683
0.582433
1.038485
0.025979
-0.557818
0.232121
0.237180
0.057525
0.448205
-0.250546
-0.241151
-0.471597
-0.639798
-0.204146
-0.071338
0.200006
-0.633010
-0.096111
-0.392160
0.627923
-0.841073
-0.178580
0.378187
-0.576371
0.960745
0.531357
-0.034292
-0.049816
0.045318
0.225165
0.257642
0.075820
0.034982
0.325670
0.493919
-0.406679
-0.005730
-0.132570
-0.072554
0.161714
-0.375987
0.604155
0.392017
0.265997
0.513383
-0.504227
0.473344
0.595605
0.309085
0.665235
-0.243074
-0.860744
-0.155227
0.428198
0.032085
0.163434
-0.129606
0.310367
0.348969
-0.455072
-0.418125
0.045334
-0.527774
0.036080
-0.052722
0.256370
-0.106111
0.139664
-0.163788
-0.633030
-0.603310
-0.075381
0.386761
0.061135
-0.043415
-0.161032
1.342034
0.710584
0.643752
0.055715
-0.301156
-0.091079
0.316831
-1.128825
-0.765909
-0.450524
0.281219
0.651046
0.096747
0.765877
0.146934
-0.293920
0.288259
-0.249951
0.730154
-0.448156
0.294412
-0.019795
-0.923958
-0.339910
-0.155089
-0.029649
0.543747
-0.302655
0.210036
0.078098
-0.578454
-0.354425
-0.318816
0.008709
0.157056
0.338874
0.146951
-0.529562
-0.874990
-0.658147
0.249808
-0.067833
-0.329704
0.123285
-0.245022
0.178713
0.067875
0.067909
0.469418
-0.139172
0.435594
-1.244278
-0.395584
-0.409364
0.082380
-0.490128
0.550932
-0.485263
0.015892
-0.536611
-0.183872
-0.299202
0.357713
0.375865
-0.108572
-0.905722
-0.287948
0.544734
-0.367363
-0.163913
-1.253201
0.019399
-0.435936
0.355526
0.241688
0.165050
-0.251525
-0.049458
-0.041939
-0.598246
0.000894
-0.028986
-0.080056
-0.098601
0.958169
0.093386
0.153014
-0.709546
0.728960
-0.512137
0.414587
0.145403
-0.351151
-0.198438
0.109741
0.052634
-0.514034
0.001305
-0.031399
0.307264
-0.191196
0.143324
-0.085083
1.105808
0.069693
-0.020751
0.442629
-0.542233
0.173768
-0.664368
0.078736
0.219285
-0.605424
-0.143068
0.365762
-0.330822
-0.546694
0.521945
0.164612
0.290800
-0.990454
0.806622
0.159892
-0.289383
-0.224066
-0.641455
1.428458
-0.223341
-0.426189
0.047010
0.661749
-0.164919
-0.867264
0.096902
-0.491787
0.262724
-0.362374
-0.703009
-0.123625
-0.475461
-0.441484
-0.383818
-0.145042
0.163980
-0.208130
0.148922
-0.292750
0.376383
0.422040
0.195190
0.692958
0.153793
0.097984
0.418780
0.548324
0.575276
-0.412056
-0.017786
-0.532662
0.166863
0.409024
-0.430906
1.049688
-0.372407
-0.039971
-0.079209
0.358996
-0.132374
0.265416
-0.943491
-0.659677
0.535005
0.080572
0.118172
0.480395
0.016948
0.173154
-0.357578
0.403774
-0.175392
0.113114
0.015400
-0.744494
0.014270
-0.069424
0.992624
0.595766
0.268097
0.692160
-0.049763
0.271066
0.093283
0.346180
-0.229498
0.343913
0.083282
-0.021240
0.244548
-1.086026
0.958646
-0.445708
0.776117
0.221046
1.151135
0.282126
0.140731
0.667081
0.373716
-0.550432
-0.619465
0.594116
0.850619
-0.300232
0.997498
-0.357420
0.145927
0.244639
-0.397364
0.317059
-0.596705
-0.542415
-0.080817
0.214456
-0.207211
0.426519
1.312644
-0.009545
0.571724
0.572143
0.676066
-0.036956
0.016933
-0.570652
-0.196315
-0.048389
0.645224
0.381694
-0.576917
0.093628
-0.002869
-0.704056
0.280770
0.934767
0.390849
-0.149411
0.917287
-0.538715
0.384636
0.182554
-0.062276
-0.353008
0.195015
0.306295
0.129362
-0.259104
0.417254
0.031527
0.026773
-0.376204
-0.091473
-0.444794
-0.224962
-0.299211
-0.510388
0.098317
0.707463
-0.360871
0.372964
0.356987
0.205906
0.109998
0.199588
0.673087
-0.030166
0.097469
-0.304878
0.507589
0.249927
-0.187897
-0.273561
0.442344
-0.105113
0.319523
0.121023
-0.316252
0.360328
0.043175
-0.653900
-0.173000
-0.017954
0.400556
0.240385
0.453770
-0.209757
0.428307
-0.516176
0.305613
0.384574
-0.504163
0.392018
-1.379199
0.402886
-0.900828
0.743828
-0.157156
0.081760
-0.489387
-0.703419
0.789612
-0.435695
0.347462
-0.308838
0.407332
0.142068
-0.393296
-0.069652
-0.236017
-0.412001
-0.433092
-0.115357
0.183584
0.133006
0.217671
0.466170
-0.524111
-0.094927
0.109373
1.098399
-0.203424
-0.173939
-0.115576
0.359443
0.330548
0.188922
0.751765
0.286416
-0.190310
-0.227896
0.732960
-0.560989
-0.567811
-0.240831
-0.295740
0.673351
-0.382963
0.341754
-0.722130
-0.379704
0.393647
-0.932845
-0.244277
0.772660
-0.385718
-0.255357
0.756280
-0.128997
0.197434
-0.403474
-0.488910
0.064030
0.028738
-0.045253
0.666665
0.741639
0.359823
0.404197
0.035368
0.509778
0.060844
-0.036610
0.342011
-0.119628
-0.456437
-0.267565
0.474144
0.678763
0.192414
0.364227
-0.133931
-0.108580
-0.044297
-0.249127
-0.350688
-0.674821
-0.915306
-0.282022
0.591572
-0.303481
0.526725
0.436526
-0.669568
0.235841
-0.718199
0.102325
0.580602
0.347026
0.091830
-0.259560
-0.393253
-0.619205
0.296259
0.041634
-0.524465
-0.208991
-0.327855
-0.049344
-0.207161
-0.596468
-0.095024
0.382687
1.258171
-0.738306
0.385272
0.775541
-0.288853
-0.321546
0.569002
-0.223450
-0.085947
-0.160980
0.657716
-0.104752
-0.243087
0.072527
-0.565822
-0.030374
-0.062286
0.570492
-0.573809
-0.346616
-0.199194
-0.314223
0.402132
-0.024488
-0.045391
-0.302033
0.171712
-0.839023
-0.196897
-0.469116
-0.013912
0.254675
0.084907
-0.278378
0.311124
0.017361
-0.355273
-0.563998
0.468972
-0.348211
-0.298728
0.230668
0.284346
0.068502
0.299592
-0.132863
-0.334237
1.090192
-0.759393
-0.123141
-0.709131
-0.169703
-0.070088
-0.690027
-0.338268
-0.197220
-0.118525
-0.256753
-0.758478
0.147207
0.513898
-0.413038
0.196211
-0.255949
-0.527887
-0.268479
-0.567963
0.072523
-0.195475
0.302846
-0.934561
0.289286
0.251430
0.451155
-0.030232
-0.539355
0.052390
0.079702
-0.046745
0.100627
-0.167489
-0.846056
0.421329
0.002749
0.184936
0.114141
0.397958
-0.313305
0.432766
-0.858922
0.391489
0.207984
0.441300
-0.258910
0.940163
0.073881
-0.308786
-0.369310
0.576903
0.125429
-0.486220
0.822938
-0.318136
-0.080991
0.108742
-0.233494
-0.051937
-0.237607
-0.300678
-0.346909
-0.653316
-0.136421
-0.426671
0.630646
0.273953
0.199949
-0.304512
0.643506
0.500082
-0.318987
-0.184184
-0.351030
-0.393994
0.479758
-0.907235
0.306464
-0.638002
-0.232081
0.058751
0.485810
0.295410
-0.121000
-0.261419
0.293374
0.327351
0.212187
-0.402737
0.431790
-0.136293
0.009028
0.564128
0.007057
0.279786
-0.611894
0.306497
0.643181
-0.977827
-0.126240
-0.489223
0.261953
-0.034369
-0.018698
-0.329986
-0.784432
0.268026
-0.101223
0.483098
-0.334518
0.166124
-0.761085
0.366158
0.932716
-0.428320
0.299110
-0.111134
0.833853
-0.618494
-0.844352
0.253589
-0.741875
-0.226179
0.393368
-0.089530
-0.477922
-0.641522
-0.500567
0.576578
-1.404884
-0.537871
-0.533698
0.687939
-0.055842
0.689217
0.141274
0.356147
-0.665506
-0.510619
0.716319
0.278756
-0.766954
-0.113790
0.541629
0.477471
0.442118
-0.095749
-0.917794
0.183529
-0.341701
-0.035587
0.310597
-0.447180
-0.362709
0.373505
-0.292359
0.105509
0.696670
0.435253
0.521024
0.305909
0.158207
0.129756
-0.279341
0.002491
-0.240372
-0.559808
-0.017117
0.264074
-0.011761
-0.637925
0.178598
0.000559
0.139585
-0.398802
0.257112
0.024603
0.991545
0.410179
0.512842
-0.325233
-0.168266
-0.465858
-0.145680
0.167142
-0.324121
-0.049019
-0.048737
-0.927886
-0.728268
-0.192424
-1.037066
-0.098415
-0.066831
0.295109
-0.774831
-0.014830
0.265062
-0.535324
0.164211
0.350612
-0.292121
-0.043437
-0.054888
0.103461
0.179853
-0.001803
-0.277068
-0.340221
-0.362084
-0.370733
-0.031020
-0.754762
0.151344
-0.693558
-0.266781
0.467557
-0.354770
0.528657
0.796469
-0.310245
-0.090018
1.073785
-0.693088
0.041280
-0.689351
0.161848
0.883699
0.367690
-0.546858
0.709120
0.144891
0.556990
0.038262
0.549157
0.168606
0.521165
-0.448233
-0.258265
0.053057
0.855455
-1.521931
-0.131020
0.534800
-0.129947
-0.061037
-0.366699
-0.015157
0.147667
0.684262
-0.884643
0.778740
0.208138
-0.792080
-0.212125
0.218192
-0.330121
0.235061
-0.274026
-0.577951
0.931437
0.540050
-0.205212
0.649907
0.194977
-0.895728
0.147517
-0.245206
0.067393
0.014512
-0.323485
-0.224002
0.017190
-0.463876
0.206404
-0.395927
-0.202741
0.014858
-0.799811
0.510922
1.267255
-0.143616
0.462403
0.755726
-0.471777
0.501900
0.913299
0.156565
-0.217433
0.002737
0.319197
-0.607422
1.121578
-0.413127
0.065935
-0.753814
0.680612
0.293064
-0.475210
0.013355
0.235737
0.236378
-0.047652
0.690637
0.381122
0.277488
0.013901
-0.597163
0.621390
-0.759661
0.545159
0.190813
0.070343
-0.249031
-0.616049
-0.163093
-0.713903
-0.094714
-0.912611
-0.263154
0.074914
0.427344
-0.288183
-0.394631
-0.040792
0.049048
0.001282
-0.260201
-0.298714
0.857186
0.014165
0.298416
0.454833
0.750614
0.012823
0.753470
0.223804
0.560297
0.190969
0.096363
-0.007830
0.630057
0.524648
0.103635
-1.161735
-0.733131
-0.572732
-0.269360
0.074326
-0.393164
-0.118339
0.183919
-0.096490
0.432582
1.082446
-0.099619
0.715894
-0.330658
0.794091
0.475824
0.156153
-0.295520
-0.390792
0.451827
0.237735
0.332425
0.890218
-0.018030
0.020621
0.927541
0.152943
-0.232587
-0.554259
-0.146190
0.668465
0.479915
-0.958385
0.256844
-0.401246
-0.319267
-0.319311
-0.024330
0.269259
0.071505
-0.003180
-0.596148
0.816942
0.247985
0.264375
0.680026
-0.268409
0.247159
0.089039
0.251232
0.145400
0.559498
-0.072750
-0.140083
0.700401
0.368102
0.018845
-0.153527
-0.312556
-0.451613
0.487780
-0.034046
-0.099104
0.001967
-0.721375
-0.558411
-0.233955
-0.119460
-0.772030
-0.503312
0.309387
0.045550
0.556524
0.291550
0.115813
0.889922
0.961723
-0.982772
0.438251
0.405751
-0.211914
0.015420
0.621963
0.002834
0.266083
0.236549
-0.631146
0.204094
0.313777
-0.235167
0.561489
-0.384058
0.381858
-0.046683
-0.507628
-0.292657
-0.003435
-0.039075
0.241385
0.108739
0.162052
-0.030768
-0.009066
0.445328
0.749086
0.872649
-0.397428
0.300021
0.397819
-0.170081
-0.648363
0.555152
0.486093
-0.170314
-0.478974
0.504639
-0.331467
0.541429
0.244033
0.211418
0.889184
0.205684
0.249796
-0.138530
0.771968
0.756529
0.151722
-0.686165
0.046401
-0.648103
0.054242
0.338974
-0.110933
-0.108390
-0.082060
0.061656
0.180054
0.810289
0.413258
0.490263
-0.593544
-0.691282
-0.196549
-0.112738
-0.367158
0.308112
0.385862
0.416354
-0.141294
-0.676194
0.570354
-0.189875
-0.696612
-0.469318
0.118269
-1.446693
-0.111543
-0.296379
-0.065550
0.213190
-0.751212
-0.290370
0.180074
-0.325212
-0.091831
0.025200
-0.194404
-0.286965
-0.142999
0.095278
0.310447
-0.818818
0.338012
-0.151396
-0.027614
0.620938
-0.044515
0.917804
-0.079880
0.406099
-0.097100
0.187213
-0.121309
-0.492915
0.174747
0.009447
0.509074
0.619447
-0.324144
0.443483
-0.189585
-0.155194
-0.178842
0.495802
-0.064542
-0.313944
-0.483686
0.873848
-0.516820
-0.431706
0.058409
0.397524
-0.387190
0.561994
0.587403
-0.228553
-1.259337
0.759714
-0.357444
0.338767
0.604307
0.235718
-0.124714
0.778190
0.153440
-0.298841
-0.183553
0.150444
0.659204
-0.369900
-0.206261
0.355047
0.803390
-0.300666
0.319261
-0.390480
0.146151
0.105125
-0.221258
0.193226
0.853658
-0.338602
0.316659
0.440409
-0.446954
0.178529
-0.274148
-0.278734
0.079023
-0.036771
-0.146587
0.267999
0.304795
-0.373272
0.408926
-0.511348
-0.149311
-0.715016
0.055119
-0.548098
0.075594
0.558905
-0.998061
-0.266958
0.327790
0.567069
0.010540
-0.244112
-0.529029
0.764411
0.231498
0.238725
0.062683
-0.261825
0.210859
0.657036
0.108926
0.237384
0.065564
-0.852064
0.542698
0.305746
-0.069258
-0.024906
-0.230087
0.091081
0.242984
-0.328993
-0.400148
0.450060
0.175884
-0.085103
-0.561440
0.388775
-0.295782
0.374849
-0.488748
-0.287758
-0.590849
-0.283479
-0.397140
-0.178611
-0.703606
-0.247077
-0.636090
-0.077330
-0.209583
-0.010321
-0.013772
0.321954
0.129365
-0.138544
-0.085537
-0.105184
-0.208335
-1.248350
-0.410090
0.405785
0.407227
0.002039
-0.052472
0.468731
0.845298
-0.128754
-0.501703
-0.138061
-0.186072
-0.224990
0.006768
-0.805914
0.188845
-0.541512
-0.107108
-0.103707
1.004130
-0.005508
-0.616959
-0.276905
0.903550
-0.330810
0.271522
0.061928
-0.271228
-0.697590
0.141941
-0.289335
0.248660
0.097599
-0.044348
0.854766
-0.745610
-0.037236
-0.028390
0.636792
-0.330032
-0.151421
-0.002462
0.674011
0.255700
-0.296789
-0.003587
0.499846
0.022740
-0.262756
-0.451304
0.062439
0.071079
-0.523115
0.142671
0.303160
0.129309
-0.515764
-0.693478
0.146520
0.463187
0.226657
0.061739
-0.416658
0.238606
-0.084119
0.367043
-0.285619
0.082172
-0.797198
0.455824
0.591397
0.030839
-0.273722
0.666242
-0.198747
0.058218
0.274694
0.132269
0.266855
0.168738
0.253952
0.402540
0.233283
0.685754
-0.061504
0.454091
-0.110623
-0.940331
0.175603
0.452596
-0.659783
-0.074363
-0.371208
-0.141950
0.209505
-0.279283
-0.131977
0.829805
-0.520916
-0.207453
-0.222229
0.069763
0.273037
-0.214472
-0.221148
-0.035944
0.959412
0.282025
-0.289325
-0.359461
-0.189704
0.488248
0.667010
0.694312
0.042988
0.182823
0.447515
-0.096121
-0.321051
0.187936
0.328709
-0.120769
0.162430
-0.379580
0.934242
-0.414024
0.054984
-0.589435
0.726305
