-0.332025
-0.080064
-0.481534
-0.378476
-0.450090
0.341213
0.449853
0.183867
0.193326
-0.113137
-0.294352
-0.340642
0.619624
-0.504141
0.194972
-0.385166
-0.002934
0.174655
-0.026533
0.652698
0.273685
-0.244038
-0.269023
0.593766
0.338562
-0.304043
-0.237782
0.113905
0.287205
0.230802
-0.134831
-0.411526
-0.105358
0.707507
0.167225
-0.784248
-0.160634
-0.958900
-0.072951
-0.719036
-0.441861
-0.253310
-0.832103
0.256886
-0.765550
-0.278598
-0.125439
0.090491
0.074127
0.224641
0.037995
0.226567
-0.444836
0.401087
0.232506
-0.438369
0.298632
0.261414
0.773174
0.380580
-0.556636
1.032595
0.517682
-0.402298
0.193705
-0.094092
0.089501
-0.816559
-1.121138
0.080338
-0.643202
-0.269239
0.786376
-0.040813
-0.367592
0.307120
-0.345431
0.630984
0.085875
0.077086
0.668855
0.027551
0.402154
0.062970
0.420530
0.142849
0.493494
0.635373
0.128106
-0.043430
-0.070435
-0.201779
0.451904
-0.510835
-0.552613
-0.313073
0.428731
-0.024388
0.415497
-0.147337
-0.293984
0.294241
-0.004048
-0.570417
-0.237936
0.346579
-0.815013
0.200241
-0.093857
-0.324025
0.772896
-0.384592
-0.094675
-0.095455
-0.033959
0.555288
-0.133625
0.388443
0.210872
-0.520927
0.334855
-0.046490
0.422815
0.702224
-0.158412
-0.329475
-0.648318
-0.015438
0.201037
0.853253
0.107368
0.081358
-0.082846
-0.915421
-0.233723
-0.045240
0.375573
-0.054321
0.153098
0.135085
1.037289
-0.372234
0.193962
-0.313734
0.112860
0.181516
-0.313589
0.261514
-0.360181
-0.091149
-0.074191
0.271242
-0.480134
-0.630246
0.064822
0.186897
-1.028218
-0.542787
0.323679
-0.676489
0.539586
-0.375400
0.110643
-0.505191
0.200775
0.413244
0.165392
0.890062
0.280737
-0.090063
0.097511
0.119954
0.627853
-0.459264
-0.180741
-0.134437
-0.442683
0.591523
-0.886292
0.331003
0.418296
0.727498
-0.500567
-0.403029
-0.260343
-0.250743
0.151880
0.448791
-0.566481
0.355812
0.532228
0.049280
-0.376076
0.156077
0.702071
0.164245
0.700567
-0.107202
-0.473291
-0.849456
-0.100261
-0.751015
0.090066
0.344064
-0.297639
0.128295
-0.503978
-0.244384
1.022388
-0.676503
-0.009619
-0.294792
0.075539
-1.427943
-0.242286
0.279618
-0.051870
-0.215090
-0.135400
0.074320
-0.022727
-0.403731
-0.094371
-0.627637
0.385078
0.151792
0.009950
-0.347380
0.595183
0.130028
-0.246390
-1.642187
-0.338344
0.234906
-0.101749
-0.224365
-0.029962
-0.476229
-0.131030
0.187608
0.089247
-0.046373
-0.491564
0.819699
0.261881
-0.704904
0.232705
-0.379466
0.424794
0.349005
-0.067157
-0.657132
-0.307017
0.545053
0.360574
-0.141500
0.102792
-0.093896
-0.182438
-0.180661
-0.388084
-0.563329
0.230293
-0.620917
0.045871
-0.278518
-0.332129
-0.799653
-0.929239
-0.347163
0.030676
1.100746
-0.099560
-0.011323
-0.538735
-0.281819
0.425582
-0.068957
-0.497989
0.436602
0.052465
0.024388
-0.088507
-0.515095
-0.443059
0.668168
-0.687587
0.485059
-0.057065
-0.441948
1.124112
-0.069303
-1.054087
0.656659
0.041237
-0.002578
1.111233
-0.019871
0.568452
-0.284559
0.355007
0.478896
-0.091561
-0.007228
-0.166856
-0.235722
-0.326855
0.652623
0.378830
-0.059329
-0.404805
0.494511
0.407356
0.318303
1.058775
-0.240503
-0.282735
-0.053557
-0.990859
0.433056
0.655278
-0.105854
-0.199277
-0.243032
0.402114
-0.648813
0.192663
-0.874026
-0.742643
0.778126
0.161042
-0.135956
0.229320
0.162385
-0.427010
-0.541405
0.557752
0.534742
0.200601
0.499001
-0.338651
-0.262759
0.412699
-0.222310
0.479865
0.078272
0.187099
0.040229
-0.302191
0.288945
-0.446899
-0.218757
-0.024371
0.627599
0.266739
0.191478
-0.690449
0.226135
-0.114335
0.178501
-0.175557
-0.566534
-0.393109
-0.302130
0.465785
0.130133
0.179066
0.403820
-0.044513
-0.285820
-0.569011
-0.136394
-0.667423
-0.482347
0.105913
-0.630432
1.331662
-0.128608
-0.107418
-0.026096
-0.568846
0.153236
-0.164149
-0.702615
-0.174749
0.100651
-0.656612
-0.041001
-0.186371
0.033362
0.490745
-0.737175
0.013473
0.403142
-0.142385
-0.084458
-0.163896
0.342943
-0.070508
-0.053736
0.050524
0.060588
-0.218584
-0.163297
-0.805730
0.373610
-0.901708
-0.262670
1.218126
0.292633
0.166666
-0.156001
0.349707
0.264276
0.284471
0.366979
-0.018073
-0.058808
-0.217326
0.251062
0.139660
-0.280227
0.182827
-0.424560
-0.194401
-0.134853
-0.906202
-0.447752
-0.192312
-0.579880
-0.247132
-0.107621
-0.247169
0.201201
0.666688
-0.204570
0.505932
0.390155
-0.285406
0.522300
0.361859
0.323983
0.088370
0.286807
0.184522
-0.755879
0.092572
-0.169833
0.986034
0.576328
-0.670942
-0.639047
0.294586
-0.112935
0.424861
-0.729827
-0.321005
0.150237
-0.351659
0.758405
-0.413150
0.386284
-0.053402
-0.092802
-0.334533
-0.646154
0.578722
-1.029423
-0.239864
-0.550340
-0.245354
-0.638520
-0.250830
0.633060
0.177750
-0.156978
-0.617973
0.169745
-0.707730
0.461414
-0.329199
0.699840
-0.007131
-0.061277
-0.214903
-0.168759
-0.580244
0.095212
0.445672
0.775469
0.729532
-0.078323
0.064440
-0.215626
-0.622227
-0.038790
0.142318
-0.202177
-0.550253
-0.393818
-0.546570
-0.607521
-0.331288
0.339532
-0.911802
-0.095497
-0.052080
-0.203779
-0.267068
0.271165
-1.049157
0.075088
0.261605
-0.245760
-0.515900
-0.438679
0.246912
-0.332415
0.033832
0.562234
-0.019685
-0.212972
0.277284
-0.155924
-0.417780
-0.050059
0.011516
0.439284
-0.562823
-0.282129
0.450367
0.026329
-0.286452
0.227506
0.423394
0.500833
-0.265862
-0.283658
-1.258598
-0.531485
-0.596203
-0.208864
-0.446194
-0.147133
0.273077
0.165828
0.359732
0.064600
0.356224
1.052975
0.925081
0.310272
-0.043829
-0.142035
-0.126225
0.070594
0.351079
-0.138781
-0.682085
0.333668
-0.939788
0.100423
-0.026782
-0.312434
-0.563628
0.148592
0.346613
-0.240472
-0.006176
-0.360264
-0.116720
0.089351
0.081197
-1.262483
-1.001193
-0.139451
-0.625042
-0.496927
-0.397775
1.187077
0.051480
0.492845
-0.911301
0.006283
-0.506203
0.928381
0.300899
0.490501
0.369642
-0.208049
-0.498705
1.515639
0.353006
-0.158912
0.382380
-0.121413
-0.873668
0.436827
-0.177870
-0.159430
-0.284854
0.016530
0.081896
-0.359342
0.138822
-0.281532
0.350971
0.177823
0.771645
0.468794
0.016156
0.454885
0.795698
-0.200252
0.359538
0.200563
-0.433466
0.762785
0.021073
-0.128610
-0.542440
0.245263
-0.239620
-0.399984
1.412668
0.180356
0.177000
-0.807087
0.536174
-0.703337
0.129751
-0.129994
-0.097435
0.720478
0.354646
0.734053
0.352309
-0.220366
0.078671
-0.017971
0.096201
0.250163
0.454698
-0.191626
0.727545
-0.184685
1.092976
0.215754
-0.159257
0.034149
0.144287
0.982298
0.235338
-0.288666
-0.670075
-0.167828
0.745371
-0.001270
-0.540304
0.169540
-0.361288
0.466736
-0.879770
-0.328288
-0.039008
-0.873485
0.689660
0.489446
-0.659004
0.556372
-0.051938
-0.538403
-0.865675
-0.322754
-0.390074
0.428273
-0.352163
0.567142
-1.001799
0.240829
-0.434167
0.288317
0.477889
-0.736214
-0.148946
-0.345444
-0.262933
-0.281353
0.580286
-0.332187
-0.278290
-0.299578
0.793085
0.183074
0.232909
-0.810932
0.578982
-0.337873
-0.120250
0.494326
-0.344564
-0.130924
0.115630
-0.790726
-0.198830
0.355669
-0.057000
-0.574023
-0.190668
0.413942
0.283335
-0.376875
-0.194356
0.318305
0.201742
0.517302
0.354735
-0.323503
-0.638711
0.097041
0.270708
0.201342
-0.127800
0.450400
0.398015
0.574591
-1.168882
0.459511
0.573459
-0.258500
0.481437
-0.430328
0.745635
-0.344586
-0.538881
0.215831
0.346054
0.662406
-0.417601
-0.475602
0.140945
-0.326362
-0.560422
0.371299
0.319067
-0.345427
-0.108537
0.204657
-0.440239
0.383795
0.978937
0.052432
0.420585
-0.234420
0.459133
-0.168546
-0.194561
-0.021674
-0.426131
-0.650935
-0.287413
1.133411
0.287717
-0.296681
0.043010
-0.417354
0.965372
-0.152619
0.608554
-0.030624
-0.163377
0.154152
-0.197908
-0.603444
0.183248
-0.432766
-0.246068
-0.683739
-0.304951
0.612728
0.370062
-0.112839
0.607321
-0.394224
-0.065263
-0.235881
0.440801
0.656650
-0.156403
0.766145
-0.226816
0.716555
-0.257292
0.360180
0.456362
0.168527
0.693720
0.207844
0.227373
-0.704989
0.479530
-0.252793
0.237582
0.292328
0.887071
-0.168476
-0.038922
-0.696667
-0.292591
-0.380561
-0.168358
0.327410
-0.324321
0.185711
0.513042
0.615377
-0.275396
0.099507
0.227451
0.626965
-0.015750
-0.834805
-0.499484
0.137709
-0.139347
0.436902
-0.336087
-0.343130
0.769210
0.166572
-0.010778
0.555818
-0.716997
0.547205
0.478814
-0.272796
-0.709849
0.020528
0.450448
0.153865
0.274838
-0.141836
-0.842905
-0.359181
-0.568970
0.674175
0.676794
0.214175
0.190271
-0.105848
0.472021
-0.368971
-0.101029
-0.774973
0.042129
0.370532
0.087665
0.251273
0.195884
0.451492
-0.575967
0.028637
-0.414849
-0.041634
0.542223
0.567113
-0.348333
0.089914
-0.116522
-0.152709
-0.221083
-0.169704
0.310349
0.687217
0.097184
0.073875
-0.450745
0.004837
-0.347339
0.241682
0.153031
0.668793
0.795431
0.924508
-0.124340
0.750289
-0.046765
-0.102960
0.605119
-0.446805
-0.225312
-0.073576
-0.368308
0.095971
0.358073
0.081639
-0.400281
-0.719278
0.439144
-0.282216
0.122254
0.341410
0.064567
0.982780
0.103519
-0.164130
0.492518
0.219710
0.188078
-0.274130
0.281490
-0.109110
-0.011227
-0.575026
-0.571254
0.058574
-0.270530
0.845608
-0.052006
-0.434185
0.518265
0.401900
-0.353717
-0.090152
0.431884
-0.068053
0.131075
-0.203453
-0.063797
0.080648
0.153069
0.090014
0.502575
0.570943
0.622715
0.846043
-0.062554
-0.554825
-0.035997
-0.746888
-0.304779
0.347677
0.047340
-0.062940
-0.858918
-0.282774
-0.295846
-0.011861
-0.019019
-0.263499
0.094313
0.475483
0.443873
-0.627496
0.603150
0.229349
-0.111501
0.594184
-0.267009
0.094533
0.204063
-0.580794
0.598183
-0.354671
0.479635
0.575239
0.293934
0.360696
-0.276406
-0.119047
-0.434192
0.518892
0.610104
0.391561
-0.746738
-0.496656
-0.503569
0.480842
-0.414350
-0.067212
0.383331
-0.043423
0.205847
0.240670
0.684401
0.089980
-0.019318
0.550811
0.137882
-0.018318
0.798336
-0.396984
0.581010
0.191705
-0.214451
0.420713
-0.168793
0.074495
0.060266
0.482014
-0.342404
-0.824677
0.119768
-0.108880
-0.353083
-0.669241
0.463871
0.724292
0.746840
-0.160431
0.319129
-0.229030
-0.460957
-0.301017
-0.181599
-0.444647
-0.031974
0.280913
-0.057174
0.627989
-0.623217
0.588798
0.159241
-0.370930
0.509769
0.490919
0.047006
0.465492
0.083229
0.292786
-0.361065
-0.245155
0.113463
-0.972870
0.088726
-0.230204
-0.270973
-0.463551
0.040426
-0.039288
0.266602
0.059091
1.052654
-0.463407
-0.141729
-0.518657
-0.388607
-0.484949
0.405824
0.295609
-0.702558
-0.633998
-0.039308
-0.658626
-0.493210
0.460804
0.150177
0.296922
-0.683987
0.280714
-0.828236
0.031347
-0.021604
-0.456003
-0.264746
-0.128103
-0.388426
-0.999936
0.302561
0.297179
0.224523
-0.226379
-0.482158
0.532520
0.215857
0.011524
-0.415493
0.012606
0.308158
0.488832
0.659003
-0.249247
-0.082224
0.242816
-0.247584
0.104367
-0.797750
-0.945172
-0.543047
0.043838
-0.072592
-0.576571
-0.092438
-0.114332
0.307227
0.276140
-0.202008
-0.282562
-0.497537
0.640113
0.475037
0.157510
-0.204405
0.670325
-0.607797
0.772327
-0.768147
0.178060
0.283314
0.093430
-0.911748
-0.451346
-0.247607
0.110935
-0.578510
-0.795004
-0.210805
0.494771
0.218416
0.191969
-0.481107
-0.187249
-0.443713
0.362174
-0.108675
0.351002
-0.306192
-0.304541
-0.105391
-0.206834
0.093161
0.086039
-0.530232
-0.282008
0.385791
-0.126368
-0.029961
-0.275912
0.522360
-0.371082
-0.568201
0.140843
0.634333
0.168018
-0.171256
-0.415538
-0.988790
0.728775
0.121847
-0.106931
-0.394259
-0.004704
0.502696
-0.836903
0.351999
0.326923
0.257611
-0.122322
0.024764
0.887446
-0.170442
-0.241226
0.169211
0.246384
-0.290063
0.068704
-0.392851
0.019884
0.298638
0.623897
-0.198331
0.065687
-0.257796
0.520049
-0.287728
0.255852
-0.671148
0.747577
-0.099582
0.076167
-0.199181
0.184416
0.193374
-0.543288
0.231416
-1.076929
-0.019663
1.177360
0.760718
-0.101715
-0.642282
-0.535254
-0.419599
-0.007553
0.653538
-0.169805
-0.395325
0.966301
0.110172
0.327069
-0.538332
-0.172082
-0.226964
-0.151445
-0.141133
0.308674
0.277384
-0.313715
-0.494866
0.704336
-0.198484
0.186190
0.065616
-0.414132
0.232856
-0.052321
0.606969
0.064732
-0.824599
-0.379193
0.016534
-0.253274
-0.111362
0.187104
0.080566
0.499391
-0.112930
0.092385
0.091959
0.307496
0.547709
-0.407214
0.198869
0.199504
0.776066
-0.454959
-0.579315
-1.020494
0.346521
0.052706
0.101363
-0.200953
-0.187052
0.894265
-0.513095
-1.454909
-0.159281
0.686638
-0.480449
0.628301
0.077641
-0.117903
-0.432031
-0.396204
-0.835484
1.240488
-0.127790
0.213545
0.493638
-0.051297
0.193430
0.225396
0.255338
-0.329645
0.268569
-0.453434
-0.401192
-0.878290
0.095927
-0.558772
-0.904188
0.416554
1.065541
0.156180
0.478496
0.824280
-0.064141
0.548698
-0.289259
0.136659
-0.169031
0.169117
-0.266515
0.073961
-0.584426
0.152662
-0.208725
0.341484
-0.209547
-0.603942
0.198938
0.127052
1.142815
-0.129205
0.264913
-0.675995
-0.067845
0.074461
0.059389
-0.350023
0.184369
0.113832
0.015098
-0.511238
0.499145
-0.082764
-0.284219
-0.263821
0.317067
0.055201
0.530065
0.738768
0.365780
-0.129833
0.807525
0.986518
0.697804
0.964687
0.022203
0.188747
0.379218
0.289655
0.188877
-0.289740
-0.547797
-0.213436
-0.668596
-1.332260
-0.554571
-1.246178
-0.857754
-0.578395
-0.070938
-0.635461
-0.636747
-0.879218
-1.001963
-0.890766
-0.177436
-0.981285
-1.415972
-0.063446
-0.112300
-1.159253
-0.226857
-0.030320
0.206266
-0.013055
0.487054
-0.085686
0.113705
0.363066
0.092081
0.368773
0.209662
0.292087
1.264253
0.087081
0.379202
1.402509
1.080196
1.109891
1.790957
0.973910
0.882154
1.334588
1.184345
1.825040
-0.463426
0.571652
0.833099
0.504212
0.423856
0.108356
-0.147486
0.130408
-0.197358
-0.505452
-0.604340
-0.374989
-0.766832
-0.851295
-0.480348
-0.158365
-0.203358
0.046356
-0.904622
-0.072182
-0.719867
-0.907678
-1.139932
-0.290832
-0.730982
-0.044130
0.035160
0.812211
0.431576
-0.725707
-0.446444
-0.294008
0.409166
0.354775
0.130269
0.044973
-0.111894
0.118754
0.305647
0.136896
0.444514
1.170523
0.357191
-0.091010
-0.159526
-0.118151
-0.658458
0.018284
0.035064
0.239766
-0.693100
-0.222322
-0.708295
-0.562331
0.116550
-0.433620
-0.985667
-0.004960
-0.744716
-0.533043
-0.526092
0.066910
0.412448
-0.199801
0.357402
0.590587
0.292977
-0.326015
-0.666730
0.584717
0.122789
0.672830
0.089723
0.181967
-0.001852
0.153978
-0.459217
0.162863
-0.229280
0.621231
-0.358562
-0.270064
0.552763
-0.711608
-0.003438
-0.161142
-0.152979
-0.425786
-0.035099
0.286235
-0.839027
0.301819
-0.050069
-0.182636
1.243216
-0.419171
-0.971383
-0.284038
0.047135
-0.245176
-0.287523
-0.604947
0.552165
-0.120392
0.450667
0.057547
-0.297109
0.213196
-0.090900
0.090610
-0.583000
-0.244509
0.137563
0.157348
0.323283
0.669445
0.622237
-0.335546
0.743410
-0.330732
-0.477389
0.269339
-0.122113
0.272249
-0.181037
0.027770
-0.032068
0.176058
-0.660567
-0.518637
0.465137
-0.612892
-0.197236
0.261072
-0.733925
-0.339333
0.159604
0.218455
-0.291747
0.034397
-0.150117
0.092435
0.418521
-0.428761
0.445759
0.063817
0.021287
-0.079801
0.158153
0.183825
-0.281734
-0.171123
0.786764
-0.956276
-0.270619
0.018831
-0.155027
0.105474
-0.238352
0.428629
-0.676398
-0.299500
-0.220405
-0.447010
-0.112515
-0.767143
0.625248
-0.472936
-0.030457
0.090919
-0.114756
1.093059
-0.170835
-0.497234
0.053096
-0.373929
-0.567505
-0.477056
0.431005
-0.126296
0.161343
-0.202327
0.096287
0.552761
-0.344736
-0.011269
-0.455586
0.112224
0.038299
0.205234
0.195423
0.792270
0.392211
-0.086163
-0.032968
-0.180238
-0.291065
-0.215603
0.245234
-0.002802
-0.886133
-0.661467
0.256305
1.364432
-0.145421
-0.510514
-0.262507
-0.242335
0.571625
0.713531
1.038581
0.396899
-0.093453
0.354156
-0.479407
-0.075051
0.229648
0.616023
0.527351
-0.259998
0.484703
0.666170
-0.445354
-0.108159
-0.296789
0.241826
0.046089
0.031226
-0.903747
-0.810783
-0.403070
-0.870421
-0.386176
0.361293
-0.567661
-0.456014
0.001056
-0.484844
-0.230427
-0.208255
-0.438132
0.626463
-0.401541
-0.433378
0.214392
-0.077262
-1.125587
0.436581
-0.878766
0.369431
-0.198662
-0.343725
-0.223959
0.479457
-0.033165
0.113834
0.006539
0.070746
0.702888
0.465110
-0.047627
-0.288163
-0.222853
1.095086
-0.368145
0.115649
-0.269296
-0.633431
-1.035117
0.654880
0.403092
0.171663
0.132241
-0.307217
0.198680
-0.455240
0.358824
-0.300892
0.091034
-0.880345
0.387957
-0.145595
0.871533
0.689287
0.386958
0.323283
0.335552
0.112641
0.118999
-0.163596
-0.149430
-0.136788
0.574800
-0.043676
0.072760
-0.281419
-0.875584
0.181965
-0.264083
-0.177166
0.251873
0.336099
0.726315
0.023837
0.347179
-0.605048
-0.023308
-0.003787
0.280551
0.346909
0.056547
0.548447
-0.750252
-0.234152
0.757572
-0.007999
0.468979
0.029634
-0.114142
-0.678479
-0.094690
0.080560
-0.250472
-0.181587
-0.190138
-0.610052
0.288488
-0.598451
-0.661473
0.091986
-0.565306
-1.476460
0.178670
0.637667
0.218711
-0.108577
1.005153
-0.514799
-0.042720
0.344263
0.226002
1.020355
-0.864760
0.053033
-0.089587
-0.787601
0.785429
-0.138895
0.169739
0.207814
0.698437
0.615697
0.613463
1.092320
-0.091872
0.549363
0.088774
-0.102426
-0.143734
-0.153468
-0.023109
0.029455
0.126272
-0.394076
-0.465106
-0.321255
-0.350304
-0.459217
-0.223509
0.363742
0.159904
-0.824132
-0.190916
0.959022
0.499802
-0.854167
0.839593
-0.203308
0.211036
0.136062
1.325101
0.002393
0.181879
-0.166935
-0.960565
-0.899182
-0.854686
-0.076896
-0.031255
0.130856
0.185863
0.184470
-0.233792
0.226934
-0.465648
-0.165747
-0.243981
0.025641
0.094352
-0.356409
0.109006
-0.551320
-0.009349
-0.394419
0.575540
0.112973
0.167440
-0.072476
-1.029546
0.302034
-0.247762
-0.220536
0.761923
0.208396
0.593537
-0.182521
-0.116758
-0.341406
-1.051038
-0.233468
0.192792
-0.691124
0.574167
-0.753498
0.252303
0.142245
1.155610
-0.862405
0.030212
0.607985
-0.686439
0.001924
-0.205432
-0.508553
-0.285156
-0.425788
0.135608
0.383180
0.108183
-0.747526
-0.313507
-0.211420
-0.306387
-0.609924
0.912254
0.868900
0.147580
0.414372
-0.501861
-0.552170
-0.912213
0.401409
-0.220464
-0.328277
0.510267
-0.448279
-0.089393
-0.389043
-0.863166
0.136203
-0.087733
-0.623867
0.592285
0.093739
0.379155
0.681627
-0.147340
0.167288
0.023831
-0.001829
0.019283
-0.357161
0.673077
-0.059032
0.113559
0.215039
0.471909
-0.146720
0.257441
0.752984
-0.170577
0.044606
-0.966454
0.134439
0.019769
0.150166
0.311769
0.075215
-0.199207
0.687512
0.493523
0.452962
0.272084
0.102165
-0.100091
-0.431968
0.047163
-0.110168
0.559342
-0.229594
0.594273
-0.380257
-0.296226
0.326086
0.057654
-0.012002
-0.276834
0.298462
0.426972
0.078221
0.957713
0.019773
-0.770023
0.466032
0.976685
-0.134165
-0.485902
-0.586894
0.197926
-0.697022
-0.428509
-0.572786
0.552280
-0.074290
0.824719
-0.122414
-0.628982
-0.528540
-0.825717
-0.199241
-0.158911
-0.899798
0.694662
0.400390
-0.070155
0.619134
-0.156158
-0.217213
0.956513
-0.399903
0.061181
0.255307
0.038994
-0.738945
0.423496
0.499426
0.287026
-0.008763
0.198960
0.007546
-0.372201
-0.343963
0.475217
0.168198
0.922315
0.375989
0.203162
0.147801
0.860373
-0.292902
0.613515
0.057515
-0.437932
0.147208
0.328705
0.378469
-0.059453
-0.058719
-0.047555
-0.209805
0.349447
-0.228966
-0.603651
0.048226
0.501059
-0.123469
0.135511
1.340428
-1.388227
0.179641
-0.811701
0.075186
0.656817
0.420790
-0.206094
0.063359
0.149818
0.570014
-0.350491
0.113788
-0.062654
-0.159373
0.063340
-0.159437
0.216664
-0.025716
0.205983
-0.108613
-0.992342
-0.494753
-0.671830
0.202324
0.443140
-0.032368
-0.404432
-0.139868
0.376172
-0.515412
-0.549630
0.021695
0.097140
0.408585
0.830306
0.664891
0.289538
-1.002116
0.562935
-0.388970
0.082733
-0.425885
0.755755
-0.047067
0.084801
0.034661
0.930039
0.035995
-0.171198
1.204056
0.992813
-0.091189
-0.345067
-0.251791
0.075484
-0.460894
0.374417
-0.922557
0.384066
0.445542
-0.188439
0.170682
0.990974
0.109455
0.131054
0.754806
-0.323007
-0.765262
-0.548815
-0.090170
-0.364011
-0.259351
-0.708411
-0.098931
-0.373902
-0.238403
-0.255345
-0.248243
-0.476749
0.515035
0.263254
0.672879
0.244702
0.432915
-0.232184
0.374996
-0.095191
-0.181865
-0.293700
-0.314288
-0.770480
0.206181
-0.956308
-1.134173
0.364279
0.339656
0.422397
0.676362
0.345407
0.266199
-0.670431
-0.312541
-0.228765
-0.420542
-0.040927
-0.921623
0.258343
-0.012551
-0.214499
0.283719
-0.984150
-0.254249
-0.785587
0.516559
0.094116
0.978902
-0.357188
-0.334236
-0.702701
0.735406
-0.286104
-0.844967
0.233467
-0.162989
0.391804
-0.170736
0.001493
0.478095
-0.443414
0.010198
0.316395
-0.106939
-0.299118
-0.435517
0.143974
-0.235608
-0.238699
0.825196
0.712534
-0.448567
-0.367375
0.032699
0.336423
-0.286036
0.170688
0.079393
0.467268
0.103407
0.575431
0.173912
0.518715
-0.047272
-0.008161
-0.013193
0.496967
0.397686
0.537134
-0.144198
0.058084
-0.250508
-0.614177
0.318316
0.059697
0.188028
0.373040
0.671175
0.098914
-0.409766
-0.869622
-0.568133
-0.083168
0.026303
-0.343296
-0.580970
0.351104
0.212795
0.266648
0.116203
-0.228725
-0.114791
-0.775982
-0.723126
-0.622205
0.555149
-0.143807
-0.315153
-0.849042
-0.678874
-0.298923
-0.261530
-0.061783
-0.369470
0.679368
-0.286388
-0.165656
-0.200567
-0.048472
-0.338331
-0.192671
-0.476230
0.342588
-0.359540
-0.705391
0.353801
0.783933
0.810554
-0.433718
-0.197947
-0.294613
-0.039997
0.685762
0.631604
-1.073105
0.415203
0.421518
0.237658
-0.689178
-0.797054
0.032667
-0.176452
-0.388743
-0.759639
0.417518
-0.853416
-0.105856
0.512378
-0.063282
-0.075548
-0.033847
-0.067967
0.231274
-0.689851
-0.254097
0.034167
-0.131756
-0.306966
0.481366
0.990480
0.393879
-0.359972
0.258564
0.011871
0.826316
0.406738
-0.111848
-0.785397
0.512617
-0.477491
-0.094765
0.456191
-0.241188
-0.420943
0.722430
-0.442374
0.178883
-0.114844
0.256436
0.437630
-0.427609
-0.219832
0.249053
0.197707
0.398571
-0.173299
-0.722397
-0.693276
0.187599
0.316194
0.053764
-0.514532
0.815261
-0.020892
-0.254408
-1.104154
0.194322
-0.148743
-0.196269
0.628664
-0.249407
0.462296
0.773003
0.271647
0.890547
-0.053906
0.057333
-0.473495
-0.018643
0.315896
0.367193
-0.746234
0.390725
-0.076796
-0.883404
-0.148173
0.865021
0.242687
-0.016451
-0.296486
0.243080
0.445780
0.246704
-1.106351
-0.259145
0.150344
0.587003
-0.103052
0.206717
0.648657
-0.427896
-0.517081
0.294278
0.343243
0.200333
-0.067124
-0.600526
-0.447304
0.786587
0.834188
0.903871
0.264449
-0.143412
-0.188541
-0.023501
0.249903
0.026623
-0.231379
0.154561
0.932646
0.261561
-0.296509
0.196230
-0.384517
0.697818
0.370307
-0.153839
0.553871
0.309746
-0.107861
-0.072569
-0.125729
0.292395
-0.069036
-0.503247
0.571617
-0.847658
-0.229336
-0.138230
-0.603010
0.793551
-0.457766
-0.110245
1.041263
0.334434
0.199347
0.553610
0.164452
0.161806
0.089373
0.872189
-0.033369
0.414246
0.069674
-0.378858
0.193962
-0.309010
-0.342245
0.450319
0.474000
0.203308
0.360722
-0.551658
0.749277
0.158710
0.305585
-0.463484
0.061505
-0.837043
-0.638884
0.654668
0.088125
0.140129
0.028342
0.125379
-0.012021
0.644472
0.566461
0.143668
0.209240
-0.253552
-0.269803
-0.211808
0.092257
0.255591
-0.563289
-0.419299
-0.177770
-0.582384
0.713052
0.574768
-0.649670
-0.123749
0.061705
-0.969769
-0.286078
0.598055
-0.018776
0.897456
0.049284
0.118841
0.537480
-0.650276
0.814901
-0.060557
-0.568298
0.330057
0.297174
-0.040931
-0.149700
-0.057374
-0.159587
0.047132
-0.646206
-0.005395
-0.559484
-0.204515
-0.094737
-0.782555
-0.109112
-0.163503
-0.382993
-0.207600
0.099714
0.161501
-0.064349
-0.532080
0.001255
-0.472506
0.311287
-1.485970
-0.102183
1.411969
-0.224093
-0.233785
-1.083834
-0.522981
0.421186
-0.155233
-0.138719
-0.470884
-0.697752
-0.062590
0.302321
-1.093289
-0.006669
-0.254348
0.346240
-0.409577
-0.466462
-0.126056
-0.820695
-0.311958
0.028479
0.161740
0.239141
0.149371
-0.200988
0.146967
0.069795
0.704920
0.396640
0.378827
-0.382437
0.242692
0.053167
-0.511186
0.154341
0.224243
-0.170594
-0.022218
-0.544802
0.414592
-0.206856
1.672732
0.167231
0.583247
0.012181
0.630690
0.547084
0.102209
-0.337834
0.209253
0.030394
-0.088738
-0.400675
-0.268841
0.037951
1.039525
-0.266462
-0.184367
0.575469
0.366264
-0.499465
-0.389471
0.107580
-0.073835
-0.149472
0.648189
0.850694
-0.855886
0.080832
0.080781
-0.573795
-0.118709
0.135329
1.123451
0.065328
-0.085244
0.462938
-0.814818
-0.783307
-0.913763
-0.868903
0.240362
0.987457
0.419654
0.236160
0.702044
-0.525076
0.116149
-0.734434
-0.630387
-0.230580
0.111634
-0.197364
-0.268741
0.046538
-0.147603
-0.143422
0.778643
0.326473
-0.699448
-0.216169
-0.347009
-0.994383
0.437006
0.137232
-0.154513
0.400862
0.236317
-0.099621
0.766644
0.200969
0.056869
0.438314
0.479328
0.446300
0.109925
0.461833
-0.145816
0.228567
0.160671
-0.429675
0.558035
0.703670
-0.155773
-0.646920
0.283768
-0.508491
-0.597619
-0.474940
-0.576554
0.082445
-0.415437
-0.270689
0.375439
0.121396
0.328969
0.082584
-1.203801
-0.702111
0.513197
-0.044319
0.292624
0.584692
0.545313
0.442358
0.255089
-0.468609
-0.135620
0.166659
0.277877
-0.146436
0.562688
0.165230
0.280144
-0.567929
-0.545433
0.114501
0.543070
1.082530
-0.626512
0.480018
-0.936162
0.168371
-0.062917
-0.683510
0.067593
0.269849
-0.027632
0.303633
0.288743
0.072061
-0.218833
0.388693
0.254270
-0.346216
-0.083875
0.538279
0.048488
0.118022
-0.940955
0.046974
0.877937
0.494949
-0.222355
0.197121
-0.334422
-0.541098
-1.166445
-0.255832
0.776466
-0.803617
-0.290010
-0.045179
-0.108527
0.180707
-0.753456
-0.151530
-0.228212
-0.593604
0.264740
-0.415505
0.055612
0.291918
0.053036
-0.442804
-0.251791
0.234648
0.455266
0.084712
0.244530
0.471675
-0.462462
0.350132
-0.315358
0.091250
0.415049
0.682340
-0.638980
-0.217939
-0.776050
0.284873
0.650691
0.208644
-0.579810
-0.607418
0.268137
0.135030
0.263922
-0.072925
-0.022390
0.489455
-1.174284
0.267595
-0.278878
-0.379217
1.117411
0.105490
0.171980
-0.510792
0.069091
0.006805
0.114700
0.759750
-0.072074
0.564207
-0.262778
-0.128676
-0.241737
0.408991
0.435496
0.275659
0.261452
0.006698
-0.100557
0.111658
-0.426027
-0.261658
0.214318
-0.210319
-0.382763
0.116093
-0.141386
0.135486
0.743473
0.183096
0.113421
-0.487934
-0.130321
0.451431
-0.253342
0.328681
-0.180129
-0.249877
0.061133
0.468916
-0.043847
-0.014118
-0.468274
0.365802
-0.531011
0.249726
0.024227
-0.526183
-0.486208
0.253212
0.330953
0.504527
-0.456017
-0.113037
-0.026870
-0.585173
0.267758
0.481513
-0.309470
0.237248
-0.168575
0.630630
0.094827
0.818500
-1.143986
0.397727
-0.289231
0.520636
-0.620344
-0.027007
0.065920
0.022182
0.644655
-0.657673
0.284190
-0.271483
0.229397
-0.573717
-0.069048
-0.590625
-0.671038
0.235760
-0.348773
0.048806
0.707413
-0.170922
-1.001739
-0.164388
-0.387207
-0.198010
-0.533991
0.833120
0.325603
0.014187
0.143354
-0.103356
0.428258
0.401856
-0.253581
-0.029853
0.450186
0.462688
0.313510
-0.432682
0.166398
0.226823
-0.650057
0.169013
-0.683700
0.833907
0.289568
0.352298
-0.017512
-0.960442
0.667344
0.127791
0.175925
0.039507
-0.417823
-0.695837
-0.324191
0.367255
0.069683
-0.105746
0.217350
0.209002
0.066518
0.538994
-0.185964
0.095241
-0.163706
-0.139791
-0.965229
-0.556016
-0.420180
0.331597
-0.532094
0.292293
0.761966
0.368849
0.237047
-0.074809
-0.339632
-0.210243
-0.279495
-0.244205
0.316836
0.417606
-0.528701
0.032846
-0.095326
-0.374358
-0.203073
0.260727
-0.045514
0.181174
0.689560
-0.273811
-0.052022
1.145709
0.644412
0.002502
0.101673
0.364020
-0.794795
0.657368
-0.736406
0.892513
-0.582195
-0.263021
0.191383
0.322573
0.233930
-0.284830
-0.331009
-0.331743
0.850543
-0.121326
-0.228285
0.063955
0.169521
-0.558045
-0.105066
-0.159839
-0.199712
0.530765
0.509450
0.387657
0.124575
0.602748
-0.050184
-0.621277
0.652983
-0.214526
0.856620
0.026409
-0.326848
0.059656
-0.334464
-0.110053
0.074057
-0.537051
-0.230839
-0.485435
0.559837
-0.228355
0.136994
0.014863
0.578135
-0.110464
0.003221
0.671503
0.204753
-0.083629
0.227057
0.639793
0.147563
-0.496972
0.309026
-0.793060
0.071988
0.352503
0.128130
0.533657
0.582522
-0.247315
0.794249
0.453415
-0.497122
0.433612
-0.125390
-0.519293
-0.207183
0.016648
0.282566
0.121221
0.254881
-0.357675
0.015480
-0.168218
-0.104193
0.071104
-0.269465
0.599847
0.222037
0.598007
-0.323094
0.044585
0.099020
0.738475
0.492667
0.684337
-0.094487
0.573967
0.758245
0.040615
-0.569933
-0.500965
1.162269
0.036938
-0.387800
0.444496
0.770673
0.446816
-0.367187
0.438896
0.726996
0.313590
0.685664
0.677925
0.122970
-0.178702
-0.287234
-0.266414
0.305625
-0.338003
0.379312
0.421268
-0.036494
-0.643771
-0.332511
0.229383
-0.405284
-0.543894
0.724461
-0.636180
-0.325594
-0.303350
0.237096
0.465407
-0.523600
-0.530794
-0.168424
0.388049
0.915329
0.386737
-0.423132
0.098291
-0.467808
0.391520
0.001512
0.327970
-0.337595
-0.125302
-0.020370
0.714527
1.182189
0.194756
-0.567276
0.152932
0.313726
0.049623
-0.851180
-0.218241
0.306750
0.359983
-0.651592
-0.130966
0.018283
-0.084309
0.470697
-0.241972
0.981323
-0.366202
-0.615998
0.766633
-0.047303
-0.689594
-0.141343
0.131854
0.278068
0.497384
0.482280
-0.107421
0.223057
-0.144831
-0.230499
-0.092958
0.237884
0.036684
-0.191337
0.041032
0.612444
1.046759
-0.080488
0.200650
-0.916459
-0.762520
-0.389039
-0.249555
0.560371
0.704925
0.030504
0.326657
0.100791
-0.877526
-0.176716
-0.008083
-0.791756
-0.062211
0.433032
-0.181356
0.013336
0.128905
0.321916
0.086892
0.120248
0.211226
-0.610476
-0.302173
0.959399
-0.168353
0.505938
-0.105006
0.506409
0.510737
0.199620
0.356633
-0.248485
0.388030
0.470308
-0.627631
0.352876
0.621773
0.688597
0.329774
0.682419
-0.578598
0.123806
0.099241
-0.292842
-0.364099
-0.279772
-0.028059
-0.170251
-1.271097
-0.300275
-0.727811
0.605001
0.198562
-0.048521
0.195462
0.179268
-0.417172
0.340260
-0.771189
0.268495
-0.907902
-0.070782
0.536094
0.203955
-0.046199
0.315053
0.372912
0.254737
0.367712
-0.533855
0.328009
-0.047531
0.287077
0.477079
0.472848
0.324546
0.330126
-0.675243
0.036819
-0.028715
-0.238293
-0.423875
-0.431873
0.077217
0.279017
-0.198079
0.673424
0.255666
0.171945
-0.114636
1.208585
0.966781
0.606406
0.396585
-0.050987
0.007027
0.321470
-0.486858
0.300021
0.169211
0.208986
-0.141705
-0.057539
0.802377
-0.077932
0.529115
0.066513
-0.243868
0.164827
0.379162
-0.116838
-0.065228
0.135903
0.237435
0.021456
-0.304646
-0.431618
0.234174
-0.167122
0.965089
0.309555
0.044706
-0.161325
-0.274920
0.156594
0.080679
-1.315084
0.452255
0.602610
-0.327822
-0.765739
0.315263
0.139328
0.764423
-0.434516
0.024635
0.379731
-0.393170
0.277610
0.189431
-0.263284
0.448351
0.044786
-1.241011
0.563467
-0.342185
-0.196876
-0.479723
0.288650
0.351978
0.837582
-0.540347
0.443375
0.324293
0.305855
0.413240
0.377709
0.262346
-0.183987
-0.595532
0.312318
-0.418893
-0.139400
-0.075772
0.155527
-0.062109
-0.046499
0.406560
-0.713771
-0.172755
-0.247466
-0.312874
0.091747
-0.177528
0.714948
-0.818772
0.364100
0.054948
-0.088983
0.674937
-0.904813
-0.207113
1.416883
-0.137296
0.777311
-0.342034
0.191956
0.203642
-0.706783
-0.362022
0.250835
0.132026
-0.547041
-0.011058
0.339408
0.028410
-0.042422
-0.473451
0.247156
-0.691114
-0.224398
-0.149000
-0.253222
0.681136
-0.070402
0.178305
-0.640255
-0.639680
-0.268288
0.208285
0.173152
0.554904
1.011471
-0.461689
0.733707
0.048012
-0.052400
-0.379280
0.259701
-0.937499
-0.099103
0.445191
0.755463
0.721897
0.273851
-0.075555
-0.426516
0.458509
0.037439
0.419195
0.146637
0.315552
-0.012000
0.618011
0.109942
0.725758
0.295528
-0.229306
0.650351
0.251839
-0.475755
-0.270797
0.333343
-0.494117
-0.822919
-0.399342
-0.032425
0.895135
-0.312376
-0.006502
0.028258
-0.796329
0.459855
-0.836207
0.672883
-0.095465
0.638801
0.077026
-0.294071
0.351053
0.565676
0.632038
-0.023270
0.256838
-0.395140
-0.214442
0.136749
-0.264527
-0.154711
-0.883432
0.191930
-0.303023
-0.059332
0.054196
-0.181400
-0.409287
-0.132085
-0.198788
0.026252
-0.496156
-0.104811
-0.010105
-0.707364
0.010186
0.029707
-0.105918
-0.331168
0.718507
-0.149331
-0.255351
-0.171018
-0.036612
-0.371107
-0.018519
-0.225679
-0.044403
0.073009
0.518612
0.861457
0.186489
-0.596323
0.449636
0.393284
-0.111228
0.446848
0.552962
0.052666
0.310829
-0.336761
-0.526464
0.310293
0.350420
-0.341895
0.143029
-0.818996
-0.352476
0.110692
-0.211936
-0.007529
0.119727
0.169351
0.237124
-0.301702
-0.040925
0.546461
0.538916
-0.286301
0.801397
-0.236012
0.908441
0.266779
0.162571
-0.021173
-0.448473
0.221726
-0.139265
0.371011
0.268194
0.546141
0.067347
-1.242720
-0.162954
0.338207
-0.469179
0.157300
-0.198901
0.356019
-0.578332
0.232565
0.345544
-0.009866
-1.060151
-0.247199
0.326684
0.276093
-0.443139
0.382636
-0.692302
-0.407994
-0.002543
0.424905
0.374570
-0.221443
-0.148189
-0.308347
0.721131
-0.984850
-0.305062
0.424821
-0.071744
-0.098335
-0.101765
0.378639
-0.338274
-0.187130
0.046308
-0.388809
-0.402601
0.227640
0.082588
-0.147833
-0.428859
-0.255081
-0.688745
0.104665
-0.667780
0.050230
-0.447357
0.262962
0.050430
-0.688645
0.298329
-0.786115
-0.102236
0.131168
0.058339
-0.068711
-0.151969
0.711872
-0.227969
0.360734
0.499981
0.020972
0.359672
-0.073520
0.091776
-0.092158
0.437667
-0.279329
0.387012
-0.081224
0.022599
0.187853
-0.264625
0.764782
-0.018767
-0.151249
-0.649322
-0.327411
0.070897
0.256168
-0.046976
0.044135
-0.125420
0.198834
0.369187
0.478418
-0.699962
0.061910
-0.412293
0.155167
-0.032598
0.042787
-0.441882
0.150457
-0.447968
-0.467810
-0.528395
0.006123
0.227659
0.738335
0.575934
-0.961527
-0.493573
-0.067772
0.429443
-0.504989
-1.159692
0.340916
0.151728
-0.489831
0.359367
0.134126
0.028553
-0.894904
-0.364286
-0.068830
-0.365559
-0.083653
0.306466
-0.001418
0.149255
1.182110
-0.288435
-0.277577
-0.135539
-0.101529
-0.043827
-0.121870
0.368204
0.099026
0.142884
-0.139183
-0.146894
0.470379
0.353409
-0.195980
0.065777
0.325460
-0.416702
-0.186303
-0.667357
0.273308
0.553816
0.215729
0.105724
-0.856087
0.218838
0.081906
0.485152
-0.156691
0.487864
0.055914
0.279012
-0.010297
-0.058401
-0.278378
-0.138834
0.510276
-0.327400
0.282644
0.425529
-0.651920
0.130140
-0.014588
0.005606
-0.570333
0.237847
0.537579
0.058040
0.679745
0.002727
0.225448
-0.670742
0.558177
0.349518
-0.076672
0.392666
-0.754424
-0.187296
-0.637749
0.545140
-0.334961
0.019226
-0.620631
0.140016
-0.824533
0.063030
0.150693
-0.858442
0.311735
-0.670085
-0.253644
0.171307
-0.840382
-0.660994
-0.460050
0.793022
0.167502
-0.616737
0.077658
0.589056
-0.625533
-0.118432
-0.624786
0.028660
-0.008673
-0.295813
-0.571790
0.592160
-0.707542
-0.360472
-0.355690
0.225900
0.337700
-0.195579
-0.077570
0.281393
-0.527293
0.603511
-0.043986
-0.333428
-0.746854
0.501770
-0.469620
0.193595
0.647292
0.787833
-0.144605
-0.647349
0.170159
-0.164965
0.269440
-0.612063
0.313304
0.570444
-0.145735
-0.374033
0.568001
-0.033152
0.198193
0.632664
0.791230
0.177090
0.234688
-0.831251
0.561848
-0.567093
-0.093675
0.079953
-0.053799
-0.371939
0.269593
0.354612
0.586769
-0.441402
-0.620307
0.566334
-0.044718
0.108098
0.368600
-0.708590
-0.907717
0.199525
-0.180520
-0.596433
-0.112308
0.310741
-0.145338
-0.084139
1.088884
0.418406
0.051372
-0.558482
-0.907074
-0.023930
0.183375
0.972721
0.181095
0.262536
-0.013290
-0.368637
-0.706314
0.170673
-0.207816
0.204082
0.463348
-0.443462
0.104249
-0.743235
0.618578
-0.968713
1.226926
-0.816808
1.262410
0.428182
0.168862
-0.302214
0.307081
0.256067
-0.383788
0.147918
-0.424838
-0.034554
0.750826
0.428573
-0.170202
0.294269
0.058326
0.125494
-0.303468
0.042556
0.352967
-0.015613
0.332846
0.372983
-0.300553
0.603085
0.541776
-0.319051
-0.869394
1.131316
0.027055
0.068712
0.566441
0.845197
0.189183
0.817633
-0.103663
0.103923
0.762870
-0.105277
0.697768
0.249995
0.306250
0.019636
0.295265
0.346388
0.182668
-0.178294
-0.346039
-0.632251
0.298242
-0.111212
-0.848823
-0.694306
0.306058
0.835445
-0.415699
-0.043298
0.533718
0.504802
0.253909
0.176678
1.425996
-0.503340
0.409147
0.607816
-0.019281
-0.133459
-0.497184
-0.045092
0.581986
-0.586193
-0.029762
-0.598250
0.024436
-0.082581
-0.173671
-0.085333
0.460001
0.006755
0.712074
0.448858
-0.400715
-0.064597
-0.764194
1.319724
-0.021815
0.083356
-0.437739
-0.013001
-0.411703
0.528222
-0.096807
0.285643
-0.302446
-0.404454
0.362757
0.297932
0.875609
0.272451
0.015244
-0.430050
0.027442
-0.240163
-0.381757
0.591605
-0.186398
0.203595
0.463273
-0.066978
-0.309176
0.128818
-0.493924
-0.460103
0.338239
-0.009756
0.554389
-0.397019
-0.435615
0.095146
-0.249131
-1.048287
-0.853244
-0.474787
0.365774
-0.256795
-0.513747
-0.647337
-0.553007
-0.764895
-0.182600
-0.278728
0.168861
-0.471266
-0.265490
0.310448
-0.635431
0.232571
0.229767
-0.636990
0.366834
-0.575752
-0.248850
0.430362
-0.271337
0.377079
-0.498897
-0.894465
0.091393
-1.061808
0.364385
0.023497
-0.018674
0.284417
0.067380
-0.290476
-0.114726
-0.191750
0.161272
0.592461
0.118077
0.121851
-0.114978
0.911573
-0.044340
-0.413959
0.634309
-0.581680
0.131508
0.034823
-0.054552
-0.294130
-0.014586
-0.225107
-0.370716
-0.393579
-0.186388
-0.073225
-0.251807
0.406264
-0.054844
0.337201
0.004043
0.149380
0.496715
-0.185715
-0.445911
0.328994
0.130679
-0.497960
-0.223442
-0.045614
0.168828
-0.011321
-0.024913
-0.389664
0.074165
0.340248
0.096091
0.082998
-0.391728
0.364321
-0.243132
0.049029
-0.131467
-0.221036
0.933853
0.082072
-0.680425
-0.098663
0.525025
-0.582708
0.089688
0.282617
-0.231153
0.202954
0.634816
0.285082
-0.018277
-0.379859
-0.167229
0.061058
-0.396853
-0.159259
-0.344719
-0.401552
0.586509
-0.379753
-0.074387
-0.238113
0.324421
-0.096045
-0.209103
0.543165
0.149311
0.361559
1.236370
0.397142
-0.222657
-0.050014
-0.353962
0.463725
-0.596139
0.032308
-0.245077
-0.422504
0.051798
0.031882
0.999872
0.117112
-0.214908
0.679763
-0.176038
-0.142117
-0.173424
0.422489
-0.062740
-0.480706
0.007057
0.999446
0.112637
-0.152979
-0.154728
-0.322523
0.300169
1.033645
0.223394
-0.473792
-0.589353
0.729234
-0.053640
0.267209
0.253220
0.355577
0.047225
0.259229
-0.447208
0.264870
-0.044296
0.389136
-0.055042
0.585382
0.634260
0.260458
-1.054140
-0.019145
0.187907
-0.322316
0.001696
0.151961
0.190241
0.303855
0.024920
-0.432923
0.340219
-0.152217
-0.575587
-0.191333
0.873178
-0.861261
-0.571004
-0.292672
-0.343551
-0.074522
0.165165
-0.067372
1.013803
-0.180493
0.401311
0.021284
0.014076
-0.871647
-0.334071
0.315354
-0.519276
-0.106953
0.699100
-1.303328
0.067778
0.315036
-0.204212
0.710252
-0.345052
-0.374644
-0.093168
-0.018005
-0.257240
-0.251651
0.445204
0.068408
0.014205
-0.006905
-0.814579
-0.861083
-0.224444
-0.249507
0.337747
-0.429711
-0.139719
-0.300069
-0.011318
0.154977
0.246844
-0.583491
-0.249644
0.114490
-0.500974
-0.314324
-0.041083
0.189487
0.030801
0.004355
-0.679669
0.064965
-1.153580
-0.064807
-0.188544
-0.326252
-0.006240
0.647721
-0.150075
0.097339
0.568472
0.032473
-0.235925
-0.232699
-0.832519
0.392925
0.070916
0.052015
1.055529
0.333574
-0.865877
0.020905
0.309279
0.519735
0.150808
-0.651912
0.490333
-0.229093
0.421146
-0.089519
-1.434185
-0.315174
-0.260893
-0.123809
0.616026
-0.409647
0.027939
0.307063
1.124354
0.163966
0.182227
-0.081409
0.262581
0.054456
-0.438567
0.726222
-0.509949
-0.208197
-0.689571
0.008640
-0.264051
-0.608463
0.389716
0.031744
1.369523
-0.611949
1.072815
-0.012930
0.806281
0.143385
-0.520332
0.598230
0.039128
0.218690
0.267511
0.848285
-0.243574
0.288855
-0.206554
-0.014791
0.329030
-0.332493
-0.765731
0.425169
-0.167640
-0.690837
-0.191650
-0.204109
-0.453240
0.725492
-0.695056
-0.709749
0.346128
0.177079
-0.751740
0.061330
-0.119280
-0.439472
0.157426
0.130489
-0.768889
-0.480619
0.742703
-0.015374
-0.149856
0.247902
0.715574
-0.077318
0.413487
-0.342202
0.639256
1.334052
-0.135362
0.120936
0.244882
0.374721
-0.590096
0.513074
0.274876
0.371640
0.734209
0.626574
0.023637
-0.099352
0.117394
0.650743
0.106125
0.597326
0.391335
-0.103449
-0.276401
0.343971
0.179849
0.518247
0.276601
0.609644
-0.598335
0.693931
0.266187
-0.088756
-0.100830
0.471085
-0.658989
-0.046351
0.569336
-0.273806
-0.013212
0.377949
0.401501
-0.830730
-0.113936
0.599973
-0.180111
