-0.561549
-0.172360
0.294505
-0.210872
0.110501
-0.529933
-0.479729
-0.394061
-0.224842
0.629297
-0.208810
0.194887
0.106728
-0.342116
-0.376472
-0.142455
0.275404
0.045461
1.220105
0.107007
0.040008
-0.264991
0.576545
0.290640
-0.419193
-0.494925
-0.449717
-0.717717
-0.035411
0.251245
-0.083033
0.229220
0.200537
-0.074855
-0.019658
-0.560682
-0.404829
0.045589
0.244113
-0.109858
0.036233
0.937454
0.260160
-0.215317
-0.314707
-0.037315
0.275548
0.350753
1.174689
-0.068888
0.315146
-0.402554
0.291477
-0.288285
0.372961
-0.209505
-0.136244
0.631327
0.281939
-0.022110
0.713228
0.627922
0.659630
0.662457
-0.195408
-0.356030
-0.308187
0.235953
0.069171
0.370127
-0.129488
0.356405
-1.011166
0.393188
1.077408
-0.359784
-0.337023
0.309416
-1.194460
-0.281559
-0.252110
-0.131243
0.199230
0.684035
0.180094
-0.559446
0.364478
0.330275
-0.284955
0.639625
0.259957
0.413318
-0.098003
0.285746
-0.029082
0.330019
0.675477
-0.606831
-0.499169
0.294858
0.601527
-0.243080
-0.327353
-0.624305
0.540775
0.797709
0.719231
-0.609876
1.029282
0.111150
0.903609
0.926022
-0.425465
0.802333
-0.166343
-0.571072
-0.581483
0.299466
0.217640
-0.361909
0.241014
0.473076
0.088051
-0.325184
-0.598052
-0.070634
-0.532197
-0.423588
-0.451453
0.036895
-0.002684
0.477360
0.133749
0.327656
0.007268
-0.402943
-0.069973
0.550103
-0.288574
-0.179378
-0.383991
-0.678680
0.040974
-0.114048
0.276497
-0.239982
0.498020
-0.780789
0.459928
0.207259
-0.280775
-0.763780
0.245899
0.464173
-0.068732
0.590718
0.127867
0.474220
-0.112965
0.482142
-0.240608
-0.671493
-0.077981
0.429612
0.304320
-0.177716
-0.238401
0.019335
-0.083896
-0.115999
0.187384
0.843213
0.408530
-0.236708
0.338789
0.120595
0.153946
-0.007693
0.103972
0.344850
-0.659803
0.430727
-0.785212
-0.078605
1.052082
-0.120989
0.485913
-0.223093
-0.649892
-0.106492
0.121928
-0.003576
0.008402
0.024335
0.012412
-0.295179
-0.013568
-0.793360
0.402859
-0.125891
-0.406495
0.585004
-1.106705
-0.102092
0.476409
-0.332567
0.310935
-0.929621
0.153696
-0.022882
-0.082869
0.063630
0.329013
0.607240
0.071483
0.654468
-0.561313
-1.165922
-0.380957
-0.236832
-0.712752
-0.443658
0.473408
0.912352
0.121102
0.022307
-0.281740
0.894295
-1.117164
-0.175173
-0.085332
-0.198050
0.272372
0.867611
0.588935
-0.790501
-0.661296
-0.120473
-0.018908
0.455048
-0.672094
-0.760803
-0.259721
-0.054154
0.897115
-0.061564
-0.819412
-0.580688
0.121015
-0.096596
-0.490237
0.278583
-0.085653
-0.348114
0.704598
-0.252841
0.678988
0.673109
-0.047858
0.320881
0.411238
0.094740
-0.158197
0.176132
-0.038377
-0.332658
0.683298
0.440669
-0.290996
0.341233
-0.091609
-0.310800
0.220465
-0.639933
-0.044146
0.960713
-0.350736
-1.112808
-1.548888
0.173223
0.795158
0.390981
-0.949111
0.360431
-0.772877
-0.780270
-0.103681
1.345498
-0.310135
-0.673091
0.257832
-0.644008
-0.188202
0.416439
0.610382
0.104606
-0.483326
-0.818729
-0.308317
-0.944328
-0.493499
-0.621723
0.383526
0.625649
-0.213917
0.517516
0.236109
0.034581
0.048374
-0.220773
-0.208543
0.141044
-0.411146
-0.058620
-0.285373
0.787070
-1.024677
-0.796805
-0.472071
-0.826909
-0.024654
1.180013
0.453993
-0.678644
0.041520
0.212853
-0.014025
-0.007773
-0.844287
-0.723726
0.205740
0.312458
0.430881
-0.059833
0.317751
-0.498089
-0.145907
0.325933
-1.327758
0.595708
-0.509705
0.709681
-0.492400
-0.657370
-0.291210
-0.548020
-0.544756
0.042940
-0.032742
0.387121
-0.488099
-0.764657
-0.437512
-0.409297
1.019410
0.925624
0.071946
-0.083579
0.008698
-0.396349
0.619767
0.085038
0.217928
-0.297184
-0.000428
-0.151625
-0.330991
0.638193
0.060336
-0.368151
-0.260632
0.581594
0.372412
0.162910
0.077319
-0.798260
-0.099632
0.392034
0.502818
0.266544
-0.181316
-0.795941
-0.084034
-0.699610
-0.942522
0.548323
-1.098984
-0.415627
0.267394
-0.065009
-0.141953
1.060673
0.169718
0.092087
-0.668465
-0.331585
0.100511
-0.025625
-0.189347
-0.441367
0.279507
-0.189915
0.078994
0.390776
0.755490
0.334057
-0.004202
-0.119229
-0.234313
-0.284716
0.121048
-0.943197
1.365336
0.820218
-0.230703
-0.180609
-0.222851
0.163199
-0.270264
-0.261261
-0.092649
0.282649
-0.150184
0.605591
0.056746
-0.158063
-0.129446
-0.141721
-0.070275
0.234859
-0.809050
0.216902
0.357180
-0.171668
-1.044619
0.073331
0.043831
0.227540
0.166363
-0.249875
-0.084853
0.314173
-0.407482
0.350544
-0.801372
0.388636
-0.854380
-0.030217
-0.156783
0.056895
0.254593
-0.039986
-0.079407
-0.037779
-0.312653
-0.005129
0.014840
-0.202430
-0.060089
0.405693
0.757968
0.094458
-0.310899
0.382531
-0.197837
-0.836212
0.245607
0.995290
0.274262
0.186358
0.240131
-0.245431
-0.907502
0.770783
-0.417657
-0.252893
-0.081793
-0.102714
-0.971010
-0.016104
-0.333963
-0.935808
0.087063
0.399294
-0.662363
-0.143616
0.250695
0.063739
0.233908
-0.064633
0.285141
-0.052752
0.281670
0.221081
-0.333855
0.853029
0.513624
-0.007931
-0.101012
-0.869059
-0.149237
0.091563
-0.232307
0.036752
0.303032
-0.462089
0.730761
-0.620165
-0.379881
0.129873
0.373251
-0.244250
-0.429595
0.241794
-0.224803
0.108595
0.789141
0.578965
-0.586629
0.112159
-0.399917
-0.454851
-0.231278
0.168670
-0.162474
0.065791
0.214175
-0.390064
0.499373
-0.073543
0.101969
-0.474482
0.153786
-0.371084
-0.181179
-0.253978
0.394442
-0.294943
0.965303
1.129341
-0.174073
0.671576
0.241370
0.014034
-0.172543
0.267276
0.373702
0.124799
-0.177333
-0.153389
0.301086
0.679191
-0.064965
-0.058261
0.760249
-0.299457
0.472783
0.006017
0.398892
0.238762
0.307956
1.133403
0.214509
0.917649
0.670620
-0.072090
0.963671
-0.316699
0.410777
-0.222067
0.375082
-0.016597
-0.847051
-0.308502
-0.647606
-0.014543
-0.732964
-0.053115
0.324231
0.091513
0.566144
0.004340
0.589122
0.689148
0.265618
-0.080423
-0.700658
-0.698080
-0.261124
0.580053
-0.043288
0.407886
-0.388249
-0.175285
-0.556725
0.889307
0.003466
0.001899
-0.693601
0.123640
0.352308
-0.461530
-0.945759
0.166020
0.595352
-0.584298
-0.581764
0.700963
0.258459
0.320528
-0.337439
-0.109533
0.473710
0.271724
0.335296
-0.195556
0.365266
0.280106
-0.092975
-0.635480
-0.211365
0.542303
-0.066380
-0.101718
0.136175
0.160217
-0.121064
0.371962
0.127314
-0.429553
-0.043088
0.528962
-0.268084
0.195908
0.079694
-0.008894
-0.011816
-0.408496
-0.252657
-0.180938
0.203936
0.060515
0.559761
-0.011018
0.821222
-0.251555
0.054075
-0.001720
-0.057185
-0.022542
0.032901
0.247884
0.117098
0.093638
0.061761
-0.030807
0.151439
-0.183784
0.081709
0.365540
-0.526310
0.259560
0.508075
0.177457
-0.051348
-0.293429
-0.401871
0.454336
-1.045278
-0.039177
-0.397918
0.585249
0.033739
-0.143885
0.274009
0.539981
-0.100423
-0.331732
0.108854
0.024706
0.884559
0.452348
0.955358
-0.366789
0.343118
-0.478596
0.670150
0.049195
-0.856069
0.123196
0.011467
-0.010112
0.638343
-0.080832
-0.311337
0.076726
-0.583919
0.297336
0.365903
-0.106603
0.014206
-0.247245
-0.690649
0.326922
-0.143672
-0.280874
-0.010479
-0.171901
-0.651136
-0.523359
-0.161737
-0.226902
0.354537
0.380303
1.133503
-0.150136
0.175814
0.676881
0.044600
-0.783361
-0.333259
-0.686914
-0.403654
0.072106
0.103649
-0.234789
-0.064878
-0.155109
-0.289834
-0.407555
0.677638
-0.438551
-0.179345
0.988892
-0.518333
0.183148
-0.217240
-0.200323
0.221296
0.383015
-0.667351
-0.058304
0.090605
-0.216003
0.410259
-0.641866
-0.192673
0.094046
-0.141413
0.690149
0.309210
-0.109638
0.287936
0.125240
0.298516
-0.194241
-0.087703
0.483302
0.314692
-0.193723
-0.438188
0.307990
0.016366
1.067838
-0.399033
0.936389
-0.184835
-0.020739
0.172255
0.092889
-0.022566
0.136389
0.003287
0.001218
0.418553
0.197297
0.234668
0.055280
0.134361
0.565871
-0.064217
-0.490407
0.306039
0.098232
0.318371
0.165405
-0.061726
-0.635433
0.303015
0.208647
-0.249796
1.154174
0.053290
0.586569
0.989328
0.420429
-0.214089
-0.314438
0.409563
-0.233986
-0.053263
-0.079432
0.046591
-0.629242
0.503084
0.201582
-0.398283
1.181133
-0.099727
0.384338
0.695684
-0.763509
0.826262
-0.242358
-0.362957
-0.718553
0.098776
-0.382816
-0.440458
-0.276182
-0.191834
0.305767
0.113040
-0.513235
-0.139989
0.527857
0.273898
0.016899
-0.471520
0.149111
0.874728
0.477307
-0.580152
0.434593
0.457435
0.678061
-0.333291
0.053186
-0.537722
0.174859
0.228686
-0.231641
-0.485901
-0.065990
0.680579
0.047016
-0.634140
0.043795
-0.549552
0.096517
0.307354
-0.034883
0.233077
-0.001661
-0.205449
-0.228568
0.636689
-0.656433
-0.211908
-0.283438
-0.715486
-0.396312
0.580496
-0.178598
0.606862
0.591176
-0.430917
0.099350
-0.172258
-0.551421
0.097326
-0.036957
0.428076
-0.662408
-0.497824
-0.118562
0.017203
0.105047
0.396081
0.663316
-0.683178
0.383277
0.340475
0.101646
0.593119
0.625183
0.178559
-0.479785
-0.007451
0.098819
0.327947
1.306314
-0.645930
0.835315
0.133859
-0.475171
0.017663
0.127520
-0.345357
0.427748
0.241613
0.256529
-0.634419
0.093944
0.574502
-0.208763
-0.099658
0.669394
0.362253
-0.059545
-0.366587
0.643738
-0.483222
0.332332
-0.554350
-0.012341
0.687703
0.092939
-0.158798
0.708404
0.195654
0.078419
-0.399314
-0.143444
0.480294
0.928320
0.799135
-0.790522
0.119515
-0.594157
0.796472
0.357628
-0.586286
-1.003951
-0.309380
-0.125068
0.390107
-0.037523
0.951197
0.276573
-0.366201
0.827057
1.272472
-0.458134
0.098431
0.263977
0.327610
0.241384
-0.299424
-0.052838
0.079028
0.524312
-0.152897
0.082420
-0.264891
0.523878
-0.453006
0.383442
0.600217
0.644739
0.272903
-0.578911
-0.339393
0.011898
0.111752
-0.146150
0.411889
-0.090522
-0.059769
-0.952491
0.327737
-0.217309
0.942728
0.164730
-0.154229
-0.024049
0.685396
0.638622
0.235294
-0.537100
-0.501556
-0.373452
0.124224
-0.259156
-0.470907
-0.454845
-0.092332
0.067871
0.570837
-0.912605
-0.971292
-0.179152
-0.212462
0.180397
0.232174
-0.248445
0.784169
-0.214127
0.204817
-0.133426
0.169572
-1.090215
0.749433
-0.056317
-0.018316
-0.037421
0.218233
0.292830
0.809471
-0.080878
0.671940
-0.379040
-0.359013
-0.035661
-0.066550
0.006819
-0.061163
0.151045
0.580025
-0.103783
-0.668524
0.386549
-0.553110
-0.248345
-0.010672
0.875180
0.280197
-0.043142
0.254596
-0.309157
0.330518
-0.445120
-0.650758
-0.078930
-0.701030
-0.585358
0.282671
-0.075061
0.163014
0.234463
0.224082
-0.198567
-0.061698
0.018712
0.309348
0.837065
-0.002318
-0.208162
-0.098795
0.256194
0.990417
-1.124404
0.615699
-0.814656
0.290494
-0.195768
0.489699
-0.281833
-1.167918
0.314054
0.352332
-0.765515
-0.549922
0.111952
-0.094462
1.108333
0.251568
-0.026957
0.598559
-0.036068
0.021645
0.613980
-0.040722
0.650230
0.893333
-0.525370
-0.874415
0.747291
-0.322408
-0.618616
-0.012919
0.390084
-0.221684
0.114961
-0.034465
0.167149
0.532119
-0.524141
0.800107
-0.338940
0.610776
0.232191
-0.112942
0.514324
-0.143720
0.419586
0.070686
0.308245
0.211359
-0.335144
0.230994
-0.083627
0.311133
0.073084
-0.627125
-0.218758
0.438859
-0.282989
0.038311
0.110183
0.092965
0.338364
0.169672
-0.508695
0.092757
-0.026120
-0.142802
-0.249560
0.320806
-0.247519
1.001440
0.147729
-0.497063
0.241676
-0.075775
-0.349518
-0.309391
-0.595712
-0.171543
-1.595582
0.250504
-0.432182
-0.270935
-0.243998
-0.121624
-0.505964
-0.221048
0.062909
-0.094546
-0.755449
0.062220
-0.073214
0.059145
0.158907
-0.151733
0.391577
0.387438
-0.106540
0.942760
-0.067617
0.322869
0.125773
0.273840
0.490984
0.022879
-0.271413
0.106356
0.030231
0.992792
-0.177476
0.255028
-0.884462
-0.921442
0.902294
0.434112
0.724260
0.162886
0.440883
-0.144492
0.211663
-0.299856
0.002017
0.038521
0.648223
0.041519
0.316844
-0.723896
-0.407305
-0.070288
-0.612881
0.054080
-0.665851
0.462186
0.566142
-0.592908
1.065404
-0.016658
0.477489
-0.323886
-0.657928
0.039071
0.711095
-0.383001
-0.537127
-0.076260
0.752827
0.801514
0.027769
0.255122
0.410293
0.503293
0.057143
-0.308081
-0.363390
0.519932
-0.498983
0.687134
-0.459112
0.085752
-0.723587
-0.071389
0.281164
-0.153681
-0.062312
-0.741359
-0.011325
0.047093
-0.227385
-0.471008
-0.539369
0.563233
0.011211
-0.014588
0.482688
-0.654191
0.371314
0.011961
-0.569856
-0.118482
0.655906
0.244471
-0.252037
-0.672075
0.400375
-0.027445
0.150874
0.166535
-0.143321
0.318214
-0.214457
-0.273895
-0.347005
0.993302
0.549143
-0.108944
0.588172
-0.236986
0.002251
0.009835
-0.287905
-0.178834
0.142913
-0.645797
-0.612469
0.203348
0.344622
-0.081594
-0.074359
-0.173332
-0.071254
0.363704
-0.258859
-0.584617
-0.410381
0.479326
0.378578
0.213716
0.348941
-0.248365
-0.521786
-0.377472
-0.333713
0.579837
0.165512
-0.432315
-0.224245
-0.249398
-0.516265
-0.268894
0.002235
-0.322240
-0.171899
0.288827
-0.627686
1.147957
-0.119634
-0.570606
-0.594264
-0.042775
0.378507
-0.636702
0.304867
-0.278453
0.877899
-0.241834
0.130100
0.921592
0.516368
0.394605
-0.114239
-0.713262
0.288475
-0.514814
0.320707
0.189458
0.508738
0.665671
0.074203
0.298523
-0.057363
-0.294426
-0.157836
0.194205
0.107072
-0.851361
0.184103
-0.411983
-0.407005
-1.056961
0.455702
-0.088156
-0.730723
-0.303341
-0.846781
0.229808
-0.624561
-1.195537
-0.892580
-0.459828
-0.860388
-0.939401
-0.351329
-0.372585
-0.566509
-0.942144
-0.701252
-1.448172
-0.833132
-0.219834
0.027720
0.033726
0.293394
0.996273
0.880597
-0.090479
0.604276
0.324103
1.129635
0.783666
1.328481
0.959040
0.750911
0.659902
1.368318
1.160085
0.798112
0.226211
1.308852
0.495087
0.848750
0.186288
0.612416
0.369756
-0.134275
0.290381
-0.489819
0.694161
0.248647
0.361029
-0.066925
-0.632876
0.048910
-0.204919
-1.024712
-0.510122
0.110870
-0.764223
-0.218416
-1.131761
-0.221272
-0.461067
-0.856793
-0.934973
-0.825317
-0.504473
-0.062676
-0.664111
-0.155830
-0.392941
-1.035540
-0.547161
-0.143299
0.670060
0.339431
0.152067
0.446517
-0.486870
0.734314
0.114517
0.173837
-0.305878
0.471130
-0.474750
0.061561
0.711766
-0.455557
0.242857
0.269739
-0.009425
-0.072047
-0.122270
-0.238572
-0.427668
-0.979223
-0.970649
0.152585
-0.275806
0.262895
0.223713
-0.192090
0.810430
-0.166337
-0.071522
-0.507428
0.079080
0.904909
0.187722
0.454501
0.502436
-0.658035
-0.018822
0.258990
0.294785
-0.110080
-0.217592
0.243722
0.265875
0.257282
1.109021
-0.627309
-0.366235
-1.083567
0.351141
-1.406381
1.134282
-1.038012
0.056913
-0.567451
-0.140416
0.763016
-0.472924
0.205255
0.194359
0.003895
0.191959
-0.102393
-0.335184
-0.426455
0.426968
0.130402
0.382488
-0.374058
-0.335409
-0.019192
-0.064554
-0.214091
-0.627122
-0.180134
-0.537162
-0.289091
0.143738
0.536241
0.781385
-0.346146
-0.225477
-0.937107
0.731657
0.148284
0.786479
0.093564
0.028145
0.089541
-0.148233
-0.068670
0.163542
-1.015351
-0.066991
-0.588199
-0.578494
-0.208186
0.072334
0.174255
-0.620890
-1.104521
0.223039
-0.135719
0.033705
0.382862
-0.033283
-0.334806
0.400272
-0.680250
-0.299358
0.080248
0.483638
0.126077
0.588934
0.094317
-0.592055
0.593090
0.337311
0.252222
0.099190
-0.207719
-0.291962
-0.852706
0.087555
-0.052657
0.028892
-0.160377
-0.455315
0.111775
0.120335
0.022920
0.561877
0.678013
-0.599277
0.225067
-0.068261
-0.708655
-0.180529
-0.049520
-0.283198
0.341423
0.575695
0.439164
-0.236666
-0.087165
-0.009482
0.570456
0.681691
-0.536782
-0.307906
-0.010857
-0.515936
0.412850
-0.028495
-0.930454
-0.241719
-0.306052
-0.418818
-0.365942
0.267355
0.119335
0.217725
0.677197
-0.306853
0.478582
-0.148386
-0.593084
0.555904
-0.012556
-1.064344
0.712448
-0.057082
-0.621790
0.533406
0.017817
-0.315965
0.020663
-0.844160
0.068315
0.676237
0.079479
-0.253851
0.554454
-0.275339
0.089745
0.229246
-0.213086
0.922811
-0.228490
0.177655
-0.472343
-0.261875
0.250444
0.381107
-0.125518
-0.237434
0.180979
-0.709880
0.232521
0.081301
0.434916
-0.234499
-0.392812
0.336980
0.616922
-0.073845
0.003465
0.397658
-0.453603
0.328428
0.278938
0.478104
0.556983
0.366997
-0.353406
0.021061
0.502801
0.647388
-0.398566
0.096167
0.172110
0.567638
-0.050361
0.613125
-0.054549
0.100215
-0.351942
-0.154628
0.357340
0.666630
0.185140
0.661220
0.525460
-0.007180
0.043190
0.429612
0.805985
-1.009652
-0.564745
-0.294115
-0.416576
0.566931
-0.788286
0.301726
-0.396973
0.346237
0.066112
-0.288427
1.159519
0.594461
0.345567
0.251358
-0.103398
-0.105954
1.671925
-0.411263
-0.261526
-0.304766
-0.363580
-0.052839
0.168926
0.194840
-0.297329
-0.002491
0.385968
-0.121265
0.463595
0.682424
-0.315607
0.610965
0.020630
0.415633
0.244289
-0.043179
-0.137026
0.366462
0.603280
0.302878
-0.431023
0.508260
0.674162
-0.407192
-0.007139
0.620385
0.403812
0.076510
0.028432
0.526689
0.004748
-0.543607
-0.093073
0.248769
0.451777
-0.286355
-0.577997
0.847845
0.400061
0.534073
-0.026465
0.148593
-0.782046
-0.364248
0.073819
0.044235
-0.582565
-0.906094
-0.590765
1.081750
0.356236
-0.939967
0.538613
0.361127
-0.525990
-0.127855
-0.127956
0.581322
0.134254
-0.426042
0.432872
0.184047
0.806662
0.751233
0.827065
0.140907
-0.341528
0.951500
0.225019
0.731102
0.605413
0.118023
0.349768
0.495128
0.250078
-0.504283
-0.236573
1.275284
0.112712
0.322434
-0.122841
0.364740
-0.543858
0.536422
-0.002297
-0.250913
0.710392
0.360404
0.195441
-0.715562
0.139314
-0.174146
0.207330
0.122479
0.575162
-0.496067
-0.154528
0.159051
-0.190957
-0.540570
0.401166
-0.470205
-0.316885
0.196385
0.567941
0.643134
0.821007
-0.238412
0.037437
0.058035
0.006412
-1.199768
0.458472
-0.614006
0.488194
0.195761
0.008438
0.230578
0.283377
-0.124282
-0.227281
0.138920
0.056926
0.688187
0.158299
-0.622654
0.486021
0.117676
-0.167391
-0.377087
0.701503
0.235007
0.681617
-0.147114
-0.057321
0.406065
-0.335988
-0.156528
1.089827
-0.830177
-0.250421
-0.085807
0.118710
0.678716
-0.508472
0.032561
0.042388
0.112162
0.547782
-0.100645
1.143310
0.335329
-0.064131
0.404269
-0.651725
-0.042733
0.056585
0.277486
0.210043
0.195789
0.612465
-0.634005
0.248471
0.204578
0.141686
-0.180083
0.621149
-0.586001
-0.569671
-0.543513
-0.103394
-0.650687
-0.600351
-1.072264
0.367296
0.198126
-0.148389
-0.727423
0.694705
0.221961
0.554991
0.079644
0.083960
-0.443502
0.172902
-0.081886
-0.737118
0.929927
-0.190830
-0.287314
0.236295
0.470502
-0.378340
-0.464187
0.033175
1.077547
-0.602891
-0.543961
-0.035764
-0.827181
0.013682
0.606038
-0.444731
-0.603563
-0.831949
-0.396516
-0.012615
0.898561
0.144130
-0.575729
-0.510159
0.373647
0.018961
0.509067
-0.781357
-0.194977
-0.606959
-0.856581
0.817422
-0.471329
-0.002897
0.963006
-0.749313
0.640182
-0.232424
-0.741428
0.448540
0.193348
-0.256005
-0.292557
0.224194
-0.358006
-0.214620
0.109586
-1.192712
0.231220
0.197614
-0.122244
0.612580
-0.429023
-0.154147
0.118543
-0.053381
0.548613
-0.517287
0.554996
-0.234862
0.047306
0.929421
0.279547
-0.933711
-0.519226
0.346508
-0.148276
0.225941
-0.039951
0.004729
0.171739
-0.298818
-0.361195
0.120006
0.413250
0.169539
-0.230029
0.266809
-0.341981
0.137913
1.164390
-0.429314
0.472706
0.195194
0.234851
-0.314266
0.492951
-0.934006
-0.676873
0.138360
0.591197
-0.223292
0.199009
-0.490153
0.148500
0.168559
0.064900
-0.384139
-0.311459
-0.136292
-0.233655
0.125077
-0.224590
0.396249
-0.048225
0.017742
-0.132910
0.252909
0.355510
0.387660
0.041943
0.492070
-0.336765
0.074724
0.545956
0.184479
0.509195
0.745765
-0.009936
-0.358425
-0.026438
0.289233
-0.466298
0.714002
-0.310992
0.455512
-0.737400
0.274546
-0.855012
0.274473
-0.118394
0.216436
0.127577
-0.576694
-0.566106
0.564256
0.050764
0.332646
0.134363
0.040614
0.155493
0.070994
0.173965
-0.256198
-1.503537
0.373339
0.022705
-0.761633
0.385086
-0.161852
0.406603
0.166905
-0.117153
0.103545
0.822120
0.222620
0.796537
0.195567
0.608925
0.399190
1.190281
0.086665
0.528554
0.598750
-0.494801
-0.009620
-0.592264
-0.314843
-0.531967
0.042338
0.035122
0.203023
0.284597
-0.010226
-0.085838
-0.754002
-0.041716
-0.325327
-0.486903
1.433677
-0.511923
-0.327469
0.233422
-0.189241
0.436100
-0.429705
0.123062
0.392503
0.296159
-0.703912
-0.148936
0.434967
0.105545
-0.356417
0.142568
-0.075666
0.576675
-0.126485
-0.649732
0.199091
1.027052
0.524905
-0.385104
0.377113
-0.112312
-0.099501
-0.290185
-0.335547
0.335681
0.070326
0.882476
-0.645229
0.656342
0.520901
-0.422809
0.361783
-0.351672
0.414904
-0.182703
0.672386
0.281012
-0.553510
-0.246103
0.523406
0.136759
0.070294
0.016219
0.597842
0.007329
-0.110258
-0.520922
0.132888
-0.173626
-0.080132
-0.218629
-0.502267
0.189421
-0.351918
0.521386
-0.306421
-0.724510
-0.989260
-0.222288
-1.082715
0.534686
0.304384
0.318078
0.753464
0.313547
-0.829346
0.555198
0.323139
0.048918
-0.276722
-0.190866
-0.125375
0.466730
0.231719
-0.185426
0.067113
0.739674
-0.240502
-0.834119
0.065467
0.438673
0.260738
0.882638
-0.115662
-0.404367
-0.054018
-0.965918
-0.038959
-0.234895
0.034206
-0.183948
-0.092994
0.165390
-0.206617
-0.590970
0.417297
-0.184876
0.039847
-0.467663
0.363270
-0.360064
-0.309865
0.596597
0.879687
-0.168192
-0.603552
0.389086
-0.100473
-0.141452
0.342680
0.020632
-0.592739
-0.346846
-0.055781
-0.647234
-0.177631
-0.033687
-1.002630
0.343148
-0.657273
-0.262531
-0.407242
-0.060736
0.216446
0.706952
-0.011632
0.694490
-0.184954
-0.296382
-0.036998
-0.372750
-0.700290
0.014953
0.275060
0.244263
0.457041
-0.031964
0.115063
0.474185
0.114282
-0.329869
-0.154556
-0.470215
-1.132648
0.083797
-0.031613
0.463208
0.155164
-0.748315
0.659692
-0.882489
-0.077944
-0.268231
0.111578
0.557905
0.325108
0.027030
0.270696
0.307929
0.224039
-0.034855
0.226034
-0.051609
-0.132353
0.096523
-0.525415
0.092136
0.442231
0.439161
0.711689
0.409012
-0.071739
0.262365
-0.255217
-0.719711
-0.013015
-0.922762
-0.244376
-0.324303
1.041735
0.228517
-0.034313
-0.021808
-0.188127
-0.242853
0.854770
-0.933184
-0.499735
0.924734
0.341560
-0.458743
-0.159218
0.203305
0.310383
-0.264768
0.283256
-0.382130
-0.763531
-0.047708
0.208377
-0.191820
-0.063536
0.127725
0.270980
-0.395788
0.718469
-0.121783
0.263787
-0.314440
0.162500
0.080589
-0.255222
0.356198
-0.039360
0.132786
-0.165913
-0.035987
-0.258224
0.329209
0.319774
0.485495
0.322556
-0.089454
0.567193
-0.731979
-0.442069
0.402083
-0.571405
-0.180324
-0.471273
-0.023426
-0.282625
0.618267
-0.056988
0.986602
-0.596808
-0.101181
0.401567
-0.374786
-0.580780
-0.150514
0.921013
-0.333018
0.397213
-0.445913
-0.075982
0.308017
0.288064
0.036742
0.005421
0.306815
1.154017
-0.285977
0.771601
-0.624982
0.087418
0.126380
1.162727
0.885374
-0.278147
-0.301859
0.781698
-0.040988
0.154608
-0.507465
0.224695
0.610773
0.278409
0.278045
-0.879121
-0.099673
0.204324
-0.863776
0.349860
-0.659071
0.221101
0.677477
-0.382406
0.519655
0.006815
-1.072419
-0.079069
0.618941
0.269967
0.191676
-0.053786
-0.489808
-0.640529
0.388442
-0.430980
-0.616202
-0.517234
0.263232
-0.181780
-0.646162
-0.581226
0.176514
0.935384
0.249747
-0.067672
-0.947366
0.202878
-0.301764
0.550457
0.777666
-0.092460
0.067246
-0.562479
-0.576615
0.655713
-0.507988
0.149880
-0.105508
-0.139577
0.230970
0.537055
0.331533
0.979112
0.087691
-0.771261
0.243708
0.247638
-0.367352
-0.151459
-0.239704
-0.094209
-0.163678
0.815901
-0.691091
0.410625
-0.215225
0.064518
0.279230
0.193567
-0.117235
-0.315118
-0.306965
-0.093842
0.058582
-0.351011
-0.265848
0.045637
0.030201
-0.210322
0.052371
0.739206
-0.289934
-0.086677
0.103675
-0.232140
0.044313
-0.187410
-0.195996
-0.156083
0.517745
0.341626
-0.585556
1.082840
0.149656
0.676619
0.092376
0.340015
0.017222
-0.522965
-1.029366
0.481233
-0.307089
-0.968669
0.634226
-0.440161
-0.181413
0.270379
-0.210221
-0.204253
-0.578181
-0.073952
0.826766
0.393557
-0.371658
-0.228105
-1.187620
0.350587
-0.101908
-0.638635
0.413943
-0.692174
0.086802
0.183870
0.443198
0.074461
-0.144531
-0.303201
0.253885
1.196334
-0.290028
0.047543
-0.568117
-0.273649
0.238598
-0.893442
-0.395825
0.072956
-0.216022
0.713920
-1.012944
-0.868279
-0.180012
0.395881
-0.853621
0.080934
0.171318
-0.554290
-0.010890
0.942718
-0.139284
-0.541530
-0.342542
1.014274
0.114692
-0.499880
-0.651093
0.189026
0.207903
0.498891
0.259572
0.252650
-0.235383
-0.361025
-0.038914
0.182245
-0.572783
0.041484
0.631282
-0.195825
-0.117179
-0.042372
0.326050
-0.712498
0.342935
-0.457509
-0.018007
0.582385
0.060556
0.157891
-0.166253
-0.596428
0.132604
-0.543318
0.010628
-0.340982
0.256038
-0.400575
-0.113024
-0.364116
-0.602764
-0.889234
0.036517
-0.357990
0.297667
0.179765
0.856832
-0.454361
0.773955
0.680244
0.055806
-0.412217
-0.122654
-0.358207
-0.351123
0.185141
0.037665
0.229327
-0.366418
0.304088
0.151278
-0.391466
0.050575
0.592450
-0.260926
0.024453
0.386934
-0.405121
-0.368091
-0.208280
-0.704926
0.203330
0.150947
-0.520151
-0.389051
0.325354
-0.088025
0.499684
0.000216
0.043185
0.908661
0.032438
-0.420889
0.686440
0.009318
0.142364
0.140369
0.250300
0.435827
-0.546489
0.176239
0.306352
0.071182
-0.010848
-0.141870
0.215489
0.279587
0.550638
0.620340
-0.081015
-0.883383
-0.151557
-1.206855
-0.096925
-0.027227
0.361062
-0.332234
-0.031298
0.051069
-0.195479
0.122684
-0.045179
-0.229237
0.739634
-0.011616
0.091445
-0.318855
-0.039329
0.409954
-0.425174
-0.444999
0.192743
0.117926
-0.145953
-0.518298
0.347468
0.042920
0.768758
0.159841
-0.279928
0.524761
-0.163366
-0.172220
-0.421791
0.559141
-0.849430
-0.241429
-0.067140
0.603865
0.544291
-0.248281
0.352169
-0.123427
0.326503
-0.447028
-0.069587
0.892411
0.030661
-0.228961
-0.804332
-0.171224
0.409611
-0.184957
0.212659
0.100402
0.666058
-0.040087
-0.503116
0.285383
-0.159910
-0.433407
0.499797
0.495153
0.518769
0.751137
-0.196935
0.058387
0.181233
-0.053755
0.185160
0.719194
-0.557002
0.909654
1.030709
-0.367500
-0.031454
-0.804597
0.193978
0.460672
-0.283775
0.313607
0.285052
0.298014
0.626137
-0.771658
-0.084900
-0.012494
0.597154
-0.449942
-1.023473
-0.188180
0.554412
-0.374478
0.275813
0.341081
0.809657
-0.407525
-0.676709
0.578973
0.790958
0.111455
-0.086859
-0.036754
0.680413
-0.031052
-0.087424
-0.066814
0.029061
-0.824582
-0.068588
-0.262046
0.444850
-0.699890
-0.916896
0.180435
0.714094
0.233202
-0.010855
0.586423
-0.530665
-0.758801
0.213547
-0.661883
-0.160143
-1.148210
0.346552
-0.255085
-0.319391
-0.454771
0.133804
-0.589693
0.445794
-0.367519
-1.041995
-0.518734
-0.319912
0.105206
-0.239383
-0.556107
-0.193315
0.044889
-0.258996
-0.200356
-0.358621
0.348325
-0.180878
0.189423
-0.458141
0.315229
0.042803
0.765838
0.056537
-0.650917
0.694110
-0.174626
-0.008677
0.245121
0.375820
0.039458
-0.356249
0.074304
0.064000
0.601909
0.169015
0.455924
-0.361202
0.254502
0.245182
0.147002
-0.577465
0.157266
-0.190801
-0.293002
0.036300
0.011733
0.044665
-0.037506
-0.443132
0.281013
0.636131
0.070258
0.214493
-0.132013
-0.224885
-0.205247
0.178529
0.763028
-0.008338
-0.444810
-0.044699
-0.498807
-0.529856
-0.181340
0.012743
-0.546275
-0.889555
-0.336033
-0.062304
0.176791
-0.118639
0.008850
-0.088981
-0.382150
0.140457
-0.454973
-0.256565
-0.769874
0.045222
-0.429079
0.187547
-0.239707
-0.010256
0.048047
-0.622713
0.282532
-0.098253
-0.010864
0.908509
-1.011746
0.747818
-0.156000
0.519204
0.467884
-0.568915
-0.506121
-0.439727
-0.895202
0.139345
0.777403
-0.250112
0.000146
0.626589
0.006686
0.615883
-0.621746
-0.340336
-0.363234
1.139258
0.269817
0.625210
0.404719
-0.617798
-0.648646
0.259698
0.021684
0.013966
0.330696
-0.376142
-0.731609
0.069271
0.686746
0.590765
-0.588937
-0.157100
0.078830
0.020004
0.431478
-0.127917
-0.104572
-0.857772
0.233502
0.019075
-0.142707
-0.335749
0.349429
0.288744
-0.040257
0.334890
-0.791294
-0.311134
-0.762467
-0.635943
0.287716
-0.431650
1.357528
-1.255489
0.133469
0.751787
0.061653
-0.727743
0.414485
-0.106982
0.038634
-0.563965
0.303835
-0.651693
0.373232
-0.006374
-0.106278
-0.792551
-0.420824
-0.163018
0.101919
0.221761
1.022908
-0.728481
0.949534
-0.072218
-0.649420
-0.462314
0.451781
0.876609
0.144032
0.671950
0.409293
0.453452
-0.218813
0.033118
0.026557
-0.253967
-0.166317
-0.524872
0.387157
0.022589
-0.747461
-0.666582
-0.143167
-0.465522
0.249278
-0.152086
-0.462811
-1.123703
0.308693
0.346975
-0.306376
0.471012
0.355262
0.074535
0.912178
-0.373253
-0.037988
-0.124017
-0.335104
0.221219
0.073135
0.346088
-0.412399
-0.094095
-0.552397
-0.072220
-0.450012
-0.670339
0.621724
-0.217798
-0.277705
-0.129361
-0.187813
0.264103
-1.132978
0.152158
-0.256306
-0.259282
-0.494414
0.755257
-0.229535
-0.685746
0.220599
0.770294
-0.850861
-0.270187
0.662059
-0.452910
0.008509
-0.523028
-0.349275
0.265977
-0.546384
0.301059
-0.355782
-0.081205
-0.383538
0.027142
-0.479117
-0.239351
0.363324
0.065074
0.005011
-0.115282
0.296156
0.218315
-0.566138
-0.557522
-0.170401
-0.403158
-0.964239
0.633764
0.743688
0.480388
0.258865
-0.520487
0.212525
0.832018
0.304052
-0.570978
-0.295102
0.355449
-0.410917
0.031845
0.465223
0.427549
0.090509
0.858512
0.545448
0.590762
0.052078
0.262924
0.642307
0.033301
-0.241963
-0.802721
-0.219935
0.370695
0.678095
0.218210
-0.395917
0.322225
-0.051875
0.151834
-0.125141
0.014142
0.210967
-0.224606
0.074124
0.293526
-0.257609
-0.042647
0.058019
0.886304
0.204902
0.678457
0.423605
0.140114
0.063077
-0.823376
0.827978
-0.107032
0.014499
-0.072216
0.169819
0.446448
0.188242
-0.062310
0.245471
-0.176823
0.197086
-0.518908
0.055316
-0.505592
0.424786
-0.306391
-0.259948
0.373606
0.293200
0.317915
0.609215
-0.028281
0.801204
-0.425765
0.385933
0.120767
0.251344
0.111905
-0.703782
0.644185
0.363842
0.066324
-0.439834
-0.817841
0.422518
-0.913893
-0.159102
-1.297454
0.198807
0.096086
0.237713
0.463168
-0.531841
-0.062005
0.361766
0.516624
-0.067285
0.011276
0.564807
0.025272
0.032659
-0.688941
-0.666653
-0.279694
0.122599
-0.001591
-0.005022
-0.090020
0.433576
0.282229
1.003296
-0.087706
-0.103826
-0.161498
0.543528
0.258756
-0.054205
0.171328
-0.856651
0.908025
0.103087
0.057842
-0.510352
-0.135869
0.655427
-0.165850
-0.414161
-0.115985
0.969788
0.222730
0.014575
-0.579417
-0.382839
-0.051017
-0.139308
0.595706
-0.848745
0.321111
-0.374568
0.277011
0.040905
-0.256139
-0.477486
0.873769
0.001648
-0.109591
-1.029930
0.348367
-0.261512
0.442580
-0.097121
0.132050
-0.040883
0.259715
0.125542
0.311856
-0.485111
-0.092991
-0.721450
0.134275
0.081077
-0.182296
-0.392812
-0.355308
-0.428720
0.109023
0.577818
-0.322940
0.449354
0.036075
0.609655
-0.555014
-0.076238
-0.279974
0.266315
0.203108
0.067675
-0.763974
0.501866
0.433591
-0.068484
-0.289176
0.294697
-0.689953
-0.535163
0.436820
0.447125
-0.401394
-0.596805
0.591766
0.449665
0.230781
0.470045
-0.072375
-0.436907
-0.099568
0.143473
-0.012698
0.018015
1.077288
-0.267496
-0.913127
-0.001071
0.365103
-0.751724
-1.327306
0.504872
0.021062
0.072892
-0.239591
0.218947
0.296863
-0.410422
-0.759255
-0.403788
0.808846
-0.340235
-0.873839
-0.005094
0.188920
-0.707569
-0.436404
0.217909
-0.087838
0.698680
0.502659
0.361851
0.520449
0.095095
-0.170782
-0.595888
-0.291864
-0.631079
-0.145680
-0.331735
0.588155
-0.095873
0.166075
0.079200
-0.366117
0.474661
0.235300
-0.930939
0.075042
-0.571103
0.513030
0.048365
-0.018443
0.213066
-0.611314
-0.225163
0.341053
-0.084684
0.013024
0.128442
-0.774396
0.046204
0.109105
0.652148
0.065528
0.140771
-0.026773
-0.045425
-0.526264
-0.081831
-0.302421
0.763755
-0.581868
0.640459
-0.061976
-1.095038
-0.093093
-0.566850
0.890648
-0.013555
0.816508
0.288025
0.258866
0.810998
0.375743
-0.728120
0.099325
-0.410885
-0.618832
0.482582
0.594574
0.013530
-0.583344
-1.042921
-0.066567
0.660632
-0.642697
0.320943
-0.738873
0.270245
-0.596395
0.644507
1.226356
0.164191
-0.401490
0.577144
0.266393
0.337438
-0.161051
0.609783
0.453444
0.897450
-0.402190
0.339364
-0.661013
0.333393
0.167063
0.049790
-0.455771
-0.076075
-0.583577
-0.151899
0.226321
-0.076939
0.246919
0.238560
0.149165
0.108796
0.285332
0.156475
-0.285693
0.229557
0.031295
0.417778
0.509427
0.013059
0.057079
-0.594820
-0.058035
-0.629369
-0.735668
-0.818307
0.058842
-0.011593
0.257318
0.228597
-0.820822
0.720235
-0.547928
0.208083
0.008464
0.422456
-0.526100
0.143146
-0.295572
0.038736
0.772586
-0.062394
-0.423730
0.315489
-0.606211
-0.626757
-1.086340
-0.447858
-0.807689
-0.391939
-0.110108
0.197838
0.546084
-0.907451
0.255091
0.850306
0.737050
-0.952071
0.971052
0.595343
0.034548
-0.247767
-0.135402
0.688234
-0.349700
-0.642575
0.043377
0.097737
-0.483581
0.490701
0.148050
0.684456
0.537843
0.016623
-0.110389
-0.184677
0.563521
0.642807
0.307766
-0.455548
0.377699
-0.456769
-0.141895
-0.052212
-0.902368
0.145076
-0.177497
0.257693
-0.049718
0.519763
0.064279
0.899336
0.080437
0.240857
-0.093052
0.047607
0.278207
-0.496362
-0.351265
-0.120113
-0.112556
0.048283
0.431446
-0.600654
-0.171976
0.195723
0.602540
0.039262
0.706021
0.404490
0.951105
-0.416880
-0.144280
-0.749961
-0.280502
-0.438303
-0.821430
-0.315175
-0.346587
0.522592
0.140362
0.360235
0.510658
0.005922
0.178854
0.156637
-0.440323
0.134848
-0.501343
0.370310
0.297990
0.398141
0.386027
0.157680
-0.353502
-0.724162
0.298608
-0.128433
-0.591743
-0.311557
-0.044355
-0.750377
-0.662932
-0.096069
0.818688
0.143207
-0.884819
0.102238
-0.752187
0.101020
-0.246984
0.185790
-0.404239
0.112705
0.349737
0.889311
-0.066625
0.357029
0.259340
0.591995
-0.832063
0.002657
-0.272508
0.069400
0.944595
-0.798167
0.260720
-0.051722
-0.316474
-0.642113
0.086919
0.167992
0.383267
-0.534740
0.129057
-0.468901
0.039601
0.614601
-0.325929
-0.215366
-0.175608
-0.363317
0.465682
0.279438
0.110495
0.381500
0.795272
0.539328
0.159182
0.175392
-0.124702
0.270706
0.094721
-0.096710
-0.428447
0.548852
-0.587938
-0.117786
0.834277
0.308757
-0.558228
-0.245257
0.239429
0.309293
0.438531
0.868701
-0.494456
-0.083166
0.174017
0.158546
0.347246
0.275084
-0.434196
-0.388637
-0.029569
0.181941
-0.845919
-0.216039
-0.111440
-0.068222
0.014362
0.132642
0.169745
-0.340790
0.470513
0.525861
-0.337650
-0.001912
-0.057246
0.548348
0.516096
0.414700
-0.146232
0.833684
0.032249
-0.136476
-0.046548
-0.277918
-0.289889
-0.227469
-0.429148
-0.275052
-0.423671
-0.210783
-1.351847
-0.544719
-0.327739
0.149877
-0.408701
0.381507
0.388126
0.296533
-0.433906
-0.620108
0.194962
-0.268052
0.467920
0.418656
0.409902
-0.063711
-0.195958
0.945647
0.041026
0.209063
-0.260082
0.041216
-0.429392
0.663008
-0.765923
-0.199379
-0.496174
0.361026
-0.252223
-0.066231
-0.360387
-0.042000
0.646824
0.110315
-0.596127
-0.056955
-0.101069
-0.556662
0.608472
0.660129
-0.210730
0.923076
-0.099887
-0.429709
0.766120
-0.180572
-0.018810
0.404223
-0.181560
0.492332
-0.010267
-0.546800
-0.439394
-0.192029
0.146846
-0.008379
0.593198
0.747069
-0.077231
0.113751
0.898945
-0.159877
-0.479038
0.318194
0.680117
-0.014398
-0.288374
0.054724
-0.728293
0.123188
-0.613234
0.146802
-0.131766
-0.337635
-0.473862
-0.143694
0.578946
0.165058
0.248920
-0.126279
0.064791
0.098557
0.003432
-0.807364
-0.545147
-0.489049
-0.033011
-0.113817
-0.160930
0.533204
0.647746
-0.402468
0.036560
0.745508
-0.035394
0.230848
-0.811105
-0.560763
-0.882470
-1.018605
0.482084
-0.774953
-0.105742
-0.161148
-0.033967
-0.073439
-0.134626
-0.054353
0.483060
0.055232
0.496230
-0.029911
-0.120185
0.233418
-0.781014
0.397580
-0.056211
0.256577
-0.246652
-0.180778
0.084250
-0.327961
-0.553618
0.031071
-0.273813
0.231396
-0.402009
-0.353238
-0.286734
-0.311485
0.596156
0.067436
-0.177413
-0.706716
0.321624
0.636415
-0.951949
0.045106
0.329067
0.072867
-0.828422
0.745223
0.479376
-0.144435
0.210935
0.296365
-0.243864
-0.235983
0.766006
-0.586838
-0.827160
0.315312
-0.051871
-0.380185
0.103573
0.417041
0.079572
0.690100
-0.373666
-0.464191
0.710342
-0.429141
-0.381387
-0.232556
-0.006087
-0.339468
0.132135
-0.347118
-0.049694
0.783890
0.082291
-0.045991
0.502782
-0.212602
-0.386500
-0.200216
0.050936
0.495478
-0.113204
0.084584
-0.395798
0.444924
-0.087703
-0.529253
-0.312352
0.281926
-0.258930
0.381340
-0.171145
-0.872009
0.115477
-0.379156
-0.194352
0.663003
-0.172939
-0.177876
-0.023196
-0.735857
0.593811
-0.158853
0.803887
-0.788756
0.663316
0.212709
0.390226
0.386434
0.675572
-0.119642
-0.030669
-0.271640
-0.162560
0.767105
0.174699
0.110960
-0.032169
0.003559
0.183863
-0.270032
-0.520465
-0.123028
0.229415
-0.419179
0.234842
0.119044
-0.803752
-0.663295
0.220934
-0.248587
-0.243864
-0.239716
-0.312867
0.211762
-0.227820
-0.080650
-0.210043
0.450077
0.070548
0.463306
-0.812441
-0.328459
0.022749
-0.329233
0.767804
-0.312924
-0.249385
-0.824052
0.226630
-0.037418
-0.371449
0.889304
0.015705
-0.455332
-0.215387
0.290659
-0.301976
-0.777600
-0.627560
0.360214
0.120497
-0.077149
-0.298623
-0.575852
-0.448495
-0.624048
0.000466
0.545735
-0.060047
0.207916
0.358543
-0.361418
-0.213114
-0.535293
-0.006251
0.012859
-0.494550
0.213537
-0.187765
0.186000
0.271214
-0.025517
-0.158914
-0.403280
-0.450537
-0.171821
-0.562569
-0.386039
-0.592547
-0.137780
0.968572
0.507239
-0.087225
0.684755
0.153284
-0.552053
-0.186168
0.382476
-0.484097
-0.120773
-0.267552
0.207884
0.363130
0.017944
0.521180
-0.494179
-0.532677
-0.227182
0.387519
-0.646499
0.081580
0.163149
-0.249393
-0.365349
-0.143451
0.337365
-0.421663
-0.222296
-0.268691
-0.096233
-0.047733
-0.370071
0.376166
0.201742
0.607243
0.223706
-0.163880
0.122986
0.208326
-0.783491
0.324861
0.021329
-0.350196
-1.431132
0.445499
0.229557
0.609412
0.163828
0.432946
-0.367805
0.799416
0.042445
0.706627
0.033873
-0.107376
0.178600
0.007505
-0.156085
-0.318499
-0.210232
-0.106222
-0.083538
0.442391
0.521001
-0.074477
0.630478
-0.024012
-0.555924
-0.021002
-0.097414
-0.286719
0.459021
0.455252
0.059847
-0.176359
-0.292722
0.807568
0.362179
-0.184412
0.119239
-0.335510
0.219414
-0.078494
0.032391
-0.187748
0.725494
-0.275306
0.383011
-0.905321
-0.067346
-0.225330
0.377485
0.052998
0.649922
0.516503
0.060861
0.150163
-0.252741
0.578615
-0.818798
0.068790
-0.112172
0.431207
0.694551
-0.864083
-0.577616
0.916485
-0.085773
0.330570
-0.109563
-0.638093
0.639644
-0.358449
-0.099561
-0.530380
0.395358
0.157091
-0.043160
-0.275336
-0.441457
-1.602562
-0.377850
0.549425
0.173293
0.685372
0.472729
-0.769844
-0.665676
0.029755
-0.754409
-0.025531
0.044554
0.466300
0.320272
0.194639
-0.624619
-0.196125
-0.390959
0.620891
0.142135
-0.428587
-0.198512
0.173355
0.387082
-0.506094
0.457895
0.349367
-0.462026
0.433811
0.312548
0.039132
-0.141300
0.382673
-0.056753
-0.416285
1.029870
0.534999
0.219107
-0.206489
-0.435511
-0.151822
0.596494
0.098986
-0.152896
-0.464549
0.325620
0.195723
-0.696892
0.325212
-0.381854
-0.488840
-0.154326
-0.208249
0.245464
0.523053
0.533910
-0.638448
-0.079540
-0.087324
-0.540007
-0.262289
-0.273701
1.012570
0.571488
0.463042
0.470487
-1.219502
0.317628
-0.493422
-0.899569
0.370023
-0.345147
-0.271269
0.420039
0.376552
-0.036841
-0.650659
-0.702481
0.478264
-0.309243
-0.516633
-0.113825
0.164166
0.833921
-0.092829
-0.278576
-0.379547
0.211425
0.472464
-0.371266
-0.613131
0.199399
0.145603
-0.486415
-0.589890
0.607675
-0.427996
0.466233
-0.016436
0.099261
0.279283
-0.422508
1.138384
0.528318
0.607312
-1.223746
-0.185620
0.194950
0.342194
-0.295297
0.054596
0.147150
-0.095215
-0.066076
0.204853
-0.411320
-0.292762
0.007740
0.058163
-0.113060
0.474216
-0.397014
0.053237
0.434295
-0.305807
0.890205
-0.389786
-0.353573
1.045873
0.360524
-0.050689
-0.252072
-0.787120
0.335003
0.040241
-0.426643
0.410795
-0.100847
0.469322
-0.142381
-0.255014
-1.037643
0.003034
-0.039730
-0.904697
0.500498
0.283119
0.345987
-0.190197
1.375490
0.027241
-0.279488
0.197185
-0.235994
0.582530
0.049160
0.662558
-0.047644
0.115279
-0.204839
0.524320
0.148713
0.336253
-0.751963
-0.850339
-0.046703
-0.824670
0.160971
0.126912
-0.027833
-0.468748
-0.858891
-0.193400
-0.230735
0.073208
-0.388737
-0.665107
1.591530
0.125254
0.038266
0.252104
-0.264837
-0.254180
0.846467
-0.126333
-0.266937
0.045419
-0.871703
0.146250
0.380745
0.224931
-0.089794
-0.050618
-0.027614
-0.496961
0.900711
-0.388744
0.176569
0.193663
0.618077
-0.353294
0.082010
-0.650990
0.385259
0.521112
-0.033360
-1.229321
0.388625
-0.235844
0.361554
-0.345090
-0.667210
0.394373
