0.512422
-0.151790
-0.551622
-0.112617
0.085697
-0.830398
-0.715580
-0.335372
-0.015210
0.253544
-0.501556
-0.358465
0.086495
-0.244127
0.693440
-1.092442
0.816219
-0.229621
-0.048067
-0.851620
-0.066668
-1.045937
-0.716650
-0.115617
0.020358
0.105185
-0.174975
0.373187
-0.669160
0.210607
-1.247016
-0.649309
-0.404876
-0.288643
0.535468
0.026645
0.193556
0.205753
-0.574879
-0.624423
-0.633814
-0.183656
-0.021703
-0.455918
0.621482
0.220734
-0.122826
0.213950
0.564086
-0.467325
0.061329
0.093910
-0.678240
0.619496
0.861405
-0.496349
-0.758346
0.464443
0.108243
-0.367627
0.021163
0.136761
0.384856
0.299861
0.091528
-0.507465
-0.174322
0.599588
-0.126600
0.393765
0.606862
-0.479057
-0.070494
-0.308598
0.552674
-0.307240
0.096706
0.444756
0.379939
0.001844
0.066863
-0.031886
0.356360
-0.179058
-0.594034
0.394440
0.419991
0.467238
-0.417492
0.087785
-0.342794
-0.136364
-0.386608
-0.032986
0.254682
-0.180976
-1.002827
0.108107
-0.431449
0.578639
0.252623
0.967684
-0.133104
-0.064314
-0.714888
0.581299
0.147432
0.540448
0.197708
0.034671
0.162770
-0.420235
0.423976
0.285854
0.045455
0.242834
-0.101665
0.062675
0.061806
0.202355
0.454388
-0.314340
-0.367297
-0.434292
0.418015
-0.397446
0.206794
-0.260251
-0.023826
-0.247988
0.188862
0.111415
-0.745996
-0.030622
0.396813
-0.802620
-0.633619
0.557288
-0.750541
0.338186
-0.473376
-0.369991
-0.169509
-0.724807
0.211942
0.656956
-0.306463
0.098667
-0.251528
0.477620
0.122821
0.271308
-0.223616
-0.110202
-0.040511
-0.248905
-0.563647
-0.437999
-0.438475
0.492485
-0.081242
0.502782
-0.015100
-0.336881
-0.830970
-0.050873
-0.342714
0.269080
-0.156123
-0.113559
-0.722229
0.007295
0.775286
-0.130433
0.284621
0.284356
0.423478
0.753318
-0.945021
-0.820984
-0.569492
0.810996
0.365837
0.307522
1.082606
0.170217
0.304204
0.028493
-0.231047
-0.236537
-0.190473
-0.009770
-0.629545
0.440396
-0.537889
-0.439963
-0.733598
0.054363
0.055668
0.408411
-0.771853
0.385670
0.344529
0.704687
-0.334079
0.187255
0.457973
0.684039
-0.436757
-0.058389
0.055831
0.140219
0.304505
-0.657937
0.217542
-0.309662
-0.063546
0.335067
0.315770
-0.130529
0.302285
0.028994
0.269318
0.715692
0.591619
0.156633
-0.385250
-0.245790
-0.310400
-0.485358
0.560610
-0.190205
-0.109085
-0.248464
0.823090
-0.193114
0.294962
0.083983
-0.281777
-0.381254
-0.198026
0.176897
0.050587
-0.609775
-0.294867
-0.045411
-0.107416
-0.185294
-0.365328
0.229084
-0.194658
-0.104273
-0.289633
0.061575
-0.251359
-0.076558
0.151676
0.283710
0.160264
0.282151
0.515094
0.111588
-0.332644
-0.701008
-0.036818
-0.105096
0.461523
-0.204199
0.332616
-0.249561
-0.969114
-0.710814
0.137321
0.118862
-0.206109
-0.367969
-0.548779
0.253119
-0.144498
0.388315
-0.337319
-0.251298
-0.056087
-0.230415
0.689061
-0.544054
-0.376407
-0.688150
0.576667
-0.474432
-0.283742
-0.020677
0.568486
-0.146960
-0.571944
0.394525
0.939931
1.026574
0.237054
-0.213746
0.206856
0.114083
0.319282
0.291752
-0.702785
0.468670
-0.671750
-0.005953
-0.152456
0.805706
0.568715
0.379211
-0.106267
-0.218301
0.838309
0.006630
0.263506
-0.165355
0.062015
0.291728
0.250414
-0.657451
0.494164
-0.212899
-0.497397
-0.548020
-0.577646
0.126086
-0.744365
-0.229606
-0.036193
-0.126430
-0.463797
-0.268169
-0.241290
-0.075849
-0.414630
0.098524
-0.223258
-0.404139
0.374388
0.464885
0.979279
0.630900
-0.194504
-0.184876
-0.442215
-0.216104
0.229937
-0.659218
-0.703420
-0.071518
-0.194351
-0.981403
0.810691
-0.899261
-0.300644
0.336088
-0.064146
0.152685
0.440700
0.410749
-0.544227
0.609245
0.537987
0.510259
0.561778
0.171448
0.174385
-0.328974
-0.192453
0.020198
-0.559053
-0.274452
-0.074445
0.276798
0.241473
-0.632627
-0.069456
0.559819
-0.806545
0.158979
0.401204
0.232524
-0.051592
-0.177902
0.498719
0.386635
0.583200
0.483038
0.374389
0.197395
1.191724
0.199184
0.159975
0.458565
0.148754
-0.028887
0.483628
0.656626
0.375979
0.268543
-0.398383
-0.717433
-0.922010
0.565427
0.343091
-0.871421
-0.346691
0.760988
-0.276817
-0.125460
0.082116
0.296001
-0.420509
0.476661
1.664821
-1.010593
0.253774
0.321188
0.160694
0.539869
0.055274
0.128488
0.384963
-0.788556
-0.705297
-0.384160
0.276136
0.164836
-0.683606
0.076635
-0.385793
0.483807
-0.195235
0.236822
0.292492
-0.172432
0.264528
0.452980
0.368929
-0.827745
0.290897
0.449733
-0.056257
-0.234713
-0.823703
0.011629
0.164998
-0.426396
0.250781
-0.038382
0.154937
-0.246294
0.251672
-0.162512
0.539186
0.129039
-1.205506
-0.464523
-0.273481
1.115007
0.799465
-0.461134
-0.184873
0.133041
-0.017921
0.062323
0.588412
0.117550
-0.424099
-0.278743
-0.217996
-0.482546
-0.142733
0.482709
-0.528681
0.597166
-0.974819
0.610694
-0.466869
0.671967
-0.265029
-0.289055
0.145562
0.196286
0.074761
0.119449
0.417414
-0.143766
0.052710
0.057506
-0.612201
0.692048
-0.425028
-0.466591
0.823545
0.666763
-0.068311
0.773606
-0.089096
0.020136
0.656400
0.601788
0.358787
0.216199
-0.095791
0.214603
0.193914
-0.275787
-0.071194
-0.204930
-0.409303
-0.459618
0.280849
0.318086
-0.115442
0.224530
-0.288982
1.747969
-0.325552
-0.181926
-0.091408
0.362061
-0.527024
-0.026532
0.824605
0.081221
-0.080127
-0.514348
0.358236
-0.047346
-0.269300
-0.157035
1.034098
-0.498355
-0.058614
-1.058301
-0.424142
-0.206578
0.073174
-0.594742
-0.391734
-0.080669
-0.445893
-0.345884
0.227811
0.286623
0.567214
-0.155469
0.219426
0.660786
-0.433085
0.098888
-0.011709
0.633077
0.388097
-0.078801
-0.048621
-0.105456
0.234777
0.416853
0.292320
-0.602592
-0.005107
0.345918
-0.061217
-0.100135
-0.460093
0.226766
0.425253
-0.027987
-0.465170
0.442446
-0.109459
-0.319414
-0.295766
0.968721
-0.110755
0.219939
-0.156541
0.388464
-0.401212
0.088566
-0.123509
-0.326086
-0.176442
-0.785253
-0.316776
0.562357
-0.326619
0.593578
-0.093745
-0.001331
0.013978
-0.305554
0.747453
0.395165
0.046760
-0.273230
0.093534
-0.120655
-1.192532
0.564440
0.430732
-0.036389
-0.383167
0.016262
0.369387
-0.256151
-0.556350
0.595171
0.047289
0.555195
-0.024497
-0.970373
0.044141
0.387287
-0.146447
-0.523569
-0.617864
-0.422722
-0.031621
0.070304
-0.222097
-0.405619
-0.330870
-0.590040
-0.477866
1.081916
-0.207726
0.246787
0.580671
0.211389
0.201284
0.537853
0.418273
-0.146594
-0.256100
-0.522340
-0.575123
0.181312
-0.238513
-0.203162
-0.748273
0.467565
0.328791
0.189131
-0.623395
-0.186093
0.081708
0.758705
-0.159259
0.387913
-0.668714
-0.021683
-0.454191
-0.180142
-0.224973
0.768424
0.166267
0.075441
-0.121917
-0.434506
-0.164726
-0.081227
0.259012
-0.194876
-0.161365
-0.064510
-0.696801
0.545371
0.611419
0.117709
-0.687182
0.303559
-0.047344
-0.072600
-0.633075
0.527928
-0.493839
-0.370917
-0.057598
-0.896692
0.230751
-0.450192
0.471375
-0.008704
0.659385
0.038168
0.348619
-0.489064
0.245180
-0.072012
-0.195179
-0.996054
0.350080
0.205659
-0.199974
0.500842
0.049824
-0.500992
-0.132600
-0.610298
-0.053106
0.663128
0.099790
0.047895
1.065393
-0.159111
-0.391451
-0.090475
0.443450
0.337964
0.095972
0.102614
-0.110684
-1.055634
0.198452
-0.206939
0.386229
-0.035223
-0.534714
0.334697
0.663754
0.276858
0.269443
-0.844544
0.377684
-0.694795
-0.468576
-0.754071
-0.607574
0.325675
-0.336184
0.570260
0.312394
0.145795
-0.069240
-0.157736
-0.297562
-0.918551
-0.447942
-0.239660
-0.385300
-0.151448
0.381671
0.331734
0.519673
-0.042355
0.655000
-0.449294
0.104241
0.006272
0.741865
0.238196
-0.803474
0.867081
-0.243445
0.943395
0.661589
-1.190185
0.488225
0.280853
0.375759
1.042846
-0.243383
-0.539765
-0.234237
-0.273570
0.292135
0.144376
0.009983
0.092976
-0.594689
-0.108141
0.311967
-0.672922
0.033688
-0.156023
0.293340
-0.139154
-0.113795
-0.340013
-0.849104
-0.096209
-0.310560
0.037113
-0.578449
0.013909
0.452830
-0.631225
0.310931
0.583774
-0.089276
0.413416
-0.862788
-0.632707
-0.203928
-0.106894
-0.268171
0.078398
-0.003182
0.191588
0.860553
0.070417
-0.291197
-0.260267
-0.285346
-0.394973
0.313867
0.568900
-0.606636
-0.226345
-0.135624
0.548394
-0.136532
-1.004027
-0.143275
-0.062873
0.072844
0.245670
-0.264975
-0.218357
-0.203237
0.027213
0.171056
-0.275318
0.592203
0.264654
0.357675
0.063593
0.044595
-0.410113
0.367139
-0.177320
0.024908
-0.787468
0.189151
-0.522179
-0.444988
0.089118
0.785134
-0.654598
-0.089293
0.518467
0.175244
-0.702752
-0.116214
0.315372
0.526289
0.256825
-0.677980
0.059795
-0.139078
0.233988
-0.040408
0.701511
0.202987
0.088668
0.217714
0.125051
-0.036564
0.388524
-0.437371
0.136823
0.678746
0.395860
-0.236591
0.315178
0.215865
0.131524
-0.051860
-0.224952
0.000050
-0.139370
0.178950
1.053985
0.260733
0.518329
-0.005723
-0.378624
-0.137659
0.236893
0.228808
0.458079
0.093048
0.141842
0.012402
0.454261
0.198488
0.320797
-0.292419
-0.233315
-0.126265
-0.506958
0.257585
-0.189622
0.555712
0.242526
0.029389
-0.019754
0.029619
-0.225917
0.620973
-0.185543
0.435759
0.062657
-0.497380
0.026933
0.705420
-0.869600
0.869992
0.785245
-0.084200
-0.572727
-0.002715
-0.045178
0.562127
-0.645850
-0.173690
0.872380
0.110698
0.530430
0.325134
-0.619107
0.109217
0.653043
0.251472
0.508438
0.172967
-0.073788
-0.316932
-0.135199
-0.040597
0.870184
-0.527056
0.312897
0.437632
0.079236
-0.109509
-0.065179
0.907975
-0.376383
0.055522
-0.398290
0.264714
-0.713052
-0.312684
-0.286782
0.819911
0.128884
-0.420621
-0.660278
-0.007994
0.228141
0.255830
-0.527995
-0.027069
0.308284
0.051684
-0.181247
0.368714
0.358051
-0.696871
0.265467
-0.526757
0.451144
0.133518
-0.104795
-0.687329
0.025625
-0.137401
-0.349839
-0.630069
0.114928
0.000018
-0.706607
-0.158703
0.333549
0.467221
0.918933
-0.932497
-0.119143
0.090612
0.014754
-0.557673
0.479961
-0.027741
0.580119
-0.260677
-0.102016
0.065732
-1.158534
0.417237
0.639682
0.115975
-0.818956
0.538159
0.489570
-0.305220
0.080738
-0.110843
0.489906
1.012403
-0.292921
0.581874
-0.327386
0.212092
0.474848
0.066815
-0.331587
-0.484148
-0.441241
1.119936
-0.547015
-0.188418
-0.064613
-0.519620
-0.557740
0.107357
-0.449089
-0.550063
-1.024176
-0.524361
-0.212877
-0.282035
0.100878
0.230249
-0.206654
0.192432
-0.226180
1.053819
0.292043
0.143129
0.537112
-0.214703
-0.559686
0.079874
-0.502683
-0.850084
0.077444
0.422796
-0.696936
-0.538693
0.568771
-0.254500
0.205427
0.393075
-0.727126
-0.369242
0.012243
-0.643394
-0.102325
0.146401
0.511911
0.681766
-0.043385
0.204939
-0.133925
0.147494
0.391585
0.140511
-0.008213
0.249717
1.038982
0.188545
-0.314921
-0.073281
-0.153072
0.297774
-0.452128
-0.030548
-0.088406
-0.474942
-0.031959
0.471254
-0.075838
-0.567207
0.151248
-1.221101
0.908705
0.194595
-0.941987
0.745368
-0.621563
0.310027
0.105463
0.176548
0.906180
-0.385648
0.007614
-0.407286
-0.096353
-0.485860
0.289236
-0.712537
0.161400
-0.163037
-0.153218
0.124331
0.110522
-0.365981
-0.902177
0.280938
0.186221
-0.437070
-0.502104
0.224436
-0.852138
0.405776
0.500245
-0.195745
-0.138373
0.323251
-0.111543
0.139620
-0.082679
0.058514
-1.205539
-0.815076
-0.268984
-0.011273
0.322602
-0.117246
0.064894
-0.087822
-0.411417
-0.161413
0.653015
-0.137441
-0.363890
-0.060935
0.432229
-0.400713
-0.204505
0.201893
-0.305689
-0.199441
-0.068855
-0.089201
-0.532828
0.067498
0.157980
0.547032
-0.033174
-0.191351
-0.063266
0.105664
-0.443025
0.122041
0.028926
0.550983
0.427589
0.321487
0.140175
-0.192876
-0.518567
-0.389998
0.738719
0.145300
0.175021
-0.296395
-0.101691
-0.325601
0.257833
1.037225
0.012412
0.471616
0.112033
-0.597005
0.228851
-0.138964
-0.125660
0.396367
0.470176
-0.354314
0.469132
0.006467
-0.612351
-0.329161
-0.738681
-0.816259
0.969529
-0.575161
-0.230170
0.358182
0.014964
-0.366924
-0.282063
0.519876
-0.035500
0.414148
-0.585040
-0.094493
-0.309847
0.290384
-0.108318
0.384219
0.437927
0.471150
-1.074373
-0.497434
-0.345103
0.210469
0.282052
-0.195589
0.169551
0.577988
-0.042113
1.490202
-0.410688
-0.333987
0.171230
-0.820373
-0.856620
0.060893
0.044890
0.179405
-0.577930
0.026485
0.123725
0.321147
0.547909
-0.354493
0.637310
0.340780
-0.202198
-0.918380
-0.823344
0.347675
-0.188987
-0.847794
-0.193603
0.299387
0.035048
-0.032619
0.191136
0.688984
0.450593
-0.067001
0.289182
0.085104
-0.195426
-0.540456
0.233411
-0.164664
-0.164577
-0.006214
0.424969
0.055706
0.011931
0.471905
-0.280510
-0.545908
0.451858
-0.050578
0.447246
-0.693416
-0.050908
-0.817327
0.299994
0.489637
0.986688
0.429676
-0.324524
-0.066178
-0.229478
0.062283
0.523652
-0.106167
-0.613320
-0.297031
0.189996
-0.031646
0.573385
0.200537
-0.154133
0.054162
0.202140
0.402184
-0.204099
0.618672
0.022960
-0.174867
-0.159804
0.731954
0.160466
-0.324336
-0.125207
0.149373
-0.095405
-0.755404
-0.252266
0.282696
-0.370956
-0.067247
-0.357342
-0.412776
-0.038459
0.300009
0.345208
0.461321
-0.215833
0.736817
0.143225
0.620331
-0.587337
-0.144356
0.720772
-0.064670
-0.408025
0.018937
0.459233
0.035887
-0.228110
1.020044
0.350856
-0.820379
-0.683031
-1.074259
-0.925420
-0.620556
-0.708804
-0.211599
-1.341969
-0.346096
-0.973671
-0.382795
-0.716081
-0.724403
-0.492049
-0.764711
-0.581237
-0.724618
-0.626585
-0.067133
-0.063272
-0.262511
0.431539
0.732529
-1.038475
0.184202
-0.188671
0.506829
0.651110
-0.108409
0.621075
0.150877
1.287575
0.391770
0.623154
0.755493
1.937215
2.047724
1.023587
0.483876
1.191099
0.778583
0.350064
0.537777
0.540145
0.942957
0.441757
-0.035015
-0.139071
0.143974
-0.261335
-0.467932
0.099750
0.152774
-0.318731
-1.025564
0.045524
0.006842
-0.604938
-1.413001
-0.851517
0.275763
-0.503446
-0.512127
-1.415016
-0.225137
-0.350769
0.024075
0.034161
-0.882758
-0.921790
0.164109
-0.889005
-0.910768
-0.326408
-0.329308
0.199727
0.514724
0.826810
-0.125090
0.879349
0.665412
0.235709
1.058705
-1.069368
-0.130254
-0.068111
-0.215746
-0.634557
0.614200
0.285353
0.045843
0.884142
-0.045706
0.189471
0.196552
0.122443
-0.903237
-0.460064
0.543441
-0.551851
0.508105
-0.126978
-0.318034
-0.518000
-0.065465
-0.632761
-0.120403
-0.286021
0.631895
0.320161
-0.383021
0.328028
0.251788
1.400733
0.494296
0.460692
0.335758
1.012470
0.118250
-0.503942
-0.564797
-0.170611
0.376214
0.367916
0.522947
-1.203829
1.133847
-0.048140
-0.073056
0.250340
0.617132
0.263986
-0.576519
-0.601883
-0.286162
-0.141293
0.502141
-0.478697
-0.092915
-0.026566
0.377915
0.530740
0.176761
0.475765
-0.153842
0.112033
-0.113138
-0.174359
0.348886
0.104131
0.452707
-0.223359
-0.103162
-0.224504
0.399020
0.528988
0.486133
-0.375225
0.278882
-0.204362
-0.479147
0.616610
-0.073682
0.579038
0.325941
0.619528
0.708385
-1.698235
0.160105
0.509842
-0.236906
-0.787752
-0.390394
-0.795068
0.480032
-0.444350
0.208491
0.240789
-0.052189
-0.774042
0.318225
0.066196
0.243064
-0.901798
0.490247
1.591955
0.147669
-0.210174
0.231135
0.732183
0.571510
0.169717
0.072763
0.305693
0.035534
-0.516285
-0.215952
-0.888074
0.406387
-0.701380
-0.299804
-0.609040
0.073613
-0.147371
0.069699
-0.255808
0.461474
-0.262786
-0.116523
-0.620076
0.573235
0.395077
0.206004
0.742628
0.020780
0.065244
0.371594
0.390280
-0.378116
-0.210275
-0.691668
0.032955
0.655944
0.086393
0.959135
-0.339117
0.445817
-0.317423
-0.905263
-0.153671
0.043686
0.639810
0.080730
-0.197116
-0.740136
-0.236851
-0.147241
0.002550
0.211502
-0.510048
0.178771
0.498334
-0.060419
-0.465397
0.154654
0.245232
0.772145
0.245423
0.368057
-0.470426
0.090435
0.024494
0.502853
0.215492
-0.056635
0.040477
0.228977
1.031253
0.106723
0.231963
0.616597
-0.082530
-0.445592
-0.387604
0.336552
0.348807
0.204495
-0.076168
-0.082301
-0.635061
0.206224
-0.017790
-0.548946
-0.278226
0.750524
-0.443176
0.492827
0.299620
0.240881
0.014726
-0.096889
0.050365
0.827685
0.257395
0.230864
-0.272705
0.575969
0.674970
-0.066594
0.120120
0.635340
0.459600
0.780962
0.264143
-0.325547
-0.197488
-0.681666
-0.090163
-0.521453
0.226723
0.263267
0.205856
0.192092
-0.311748
-0.265226
-0.150673
-1.239149
0.178823
0.385835
0.090283
-0.361130
0.740152
-0.357152
0.443643
-0.230311
-0.217886
-0.779991
0.185647
-0.913238
0.604267
0.614143
0.079819
-0.265032
-0.069840
0.022480
0.052338
-0.015809
-0.020796
0.281617
0.045178
-0.435241
0.139659
0.464733
-0.191580
-0.161124
0.015514
0.276952
0.421540
-0.712788
0.276400
0.101818
-0.390174
0.686717
0.243220
0.449907
0.658649
-0.563397
0.177114
-0.150806
0.150949
-0.241911
0.093236
-0.225711
0.603598
-0.414803
0.432703
-0.162814
0.855213
-0.314817
-0.479539
-0.185364
-0.098610
-0.021253
0.403391
0.257477
0.054450
-0.291365
-0.177598
0.532467
0.524321
0.158903
0.024057
0.019164
0.310505
-0.182689
0.742795
-0.554445
-0.826813
0.472144
-0.226276
0.315557
0.793931
-0.183729
-0.250614
-0.777945
-0.105630
-0.293482
-0.922972
0.259856
0.460262
-0.324831
-0.284195
-0.408412
0.657947
-0.565458
0.140670
-0.054786
-0.600768
0.423141
-0.119208
0.623121
0.236896
0.506655
0.595781
-0.396068
0.191843
-0.611649
1.041005
-0.446586
-0.085855
-0.097673
0.726785
-0.202456
-0.043072
-0.130676
0.441095
-0.028493
0.520472
-0.297309
-0.347957
0.409410
0.316615
-0.224679
-0.350873
-0.477894
0.127376
0.087605
0.615756
-0.025698
0.188727
0.847554
-0.492021
-0.379705
-0.186021
-0.172973
-0.441845
-0.043773
-0.252464
0.055229
0.315698
-0.298840
0.248091
-0.176055
0.676927
-0.039509
0.051035
-0.271402
-0.067320
-0.247308
0.210393
-0.224767
-0.099008
-0.219420
0.371052
0.720145
-0.229263
-0.421047
0.001049
0.604084
0.260073
-0.021940
0.559115
0.014195
0.084130
0.689335
-0.179496
-0.063363
-0.431085
-1.224280
-0.352047
0.099664
-0.733363
-0.299869
0.167302
0.011737
-0.942376
0.118903
0.419204
-0.067962
-1.101454
0.586630
0.033950
0.226345
-0.225532
-0.269163
-0.059313
-0.233583
-0.643885
0.886653
0.408404
-0.061466
0.638716
-0.110136
0.050966
0.485271
-0.785348
0.050468
0.263336
-1.246434
-0.285154
-0.682643
0.202729
-0.280278
-0.107860
0.727910
-0.483981
-0.692752
0.400457
0.150370
-0.360240
0.755964
-0.425206
0.324139
1.166759
0.378201
-0.425400
1.144178
0.302156
0.355578
-0.186470
-0.062913
-0.862582
0.061695
0.172081
-0.014502
-0.542031
0.326931
0.495386
0.648986
0.641465
-0.114384
-0.642698
-0.080084
0.043420
0.318162
1.053470
-0.251252
0.008359
0.453670
-0.033866
0.607398
-0.792010
0.275871
0.012503
0.220565
0.340498
0.138415
-0.535017
0.360252
0.060717
0.298993
-0.262765
-0.172438
0.605058
-0.225639
0.143603
0.324608
-0.062232
-0.239938
-0.471322
0.655453
0.531446
-0.248597
0.286433
-0.620048
0.121038
0.079792
0.162082
-0.989936
-0.105567
0.141905
0.462242
0.192387
-0.419451
-1.134042
0.379828
0.444509
0.948481
0.065089
-0.539427
-0.859157
-0.171891
0.086795
-0.204470
0.235235
0.418860
0.457031
-0.004869
0.645028
0.597575
-0.311247
-0.721289
-0.960713
0.868885
0.276203
-0.751083
0.177910
-0.262887
0.303488
-0.083414
0.235911
0.149195
-0.689150
-0.128239
0.785797
0.249650
-0.596470
-0.081998
1.433872
-0.692405
0.276779
-0.449743
0.800143
-0.433070
0.111678
0.351649
0.122614
0.693312
-0.504925
0.180771
-0.004941
-0.954853
0.417814
0.612800
0.116236
-0.135990
-0.793743
-0.049050
0.528230
0.202368
0.102569
0.345425
-0.473176
-0.597980
-0.142857
-0.174360
0.046708
0.759580
-0.180432
-0.365513
0.341372
-0.233404
0.055822
-0.639985
0.205775
0.494780
0.177944
-0.276953
0.249794
-0.217633
-0.275351
0.640738
0.370184
-0.185557
-0.137168
0.327814
0.158018
0.422167
-0.358982
-0.179407
-0.171944
-0.597373
0.235085
-0.922914
0.306508
-0.116456
-0.890825
-0.564123
-0.795627
0.156355
-0.514893
0.521157
-0.956577
-0.105192
-0.373293
-0.131049
0.158234
-0.192169
0.359483
0.376663
-0.340342
0.656352
0.197070
-0.451836
0.278490
-0.515459
-0.023234
-0.057653
0.193131
0.701727
-0.021459
-0.309065
0.225115
-0.268543
-0.571093
-0.581440
-0.685898
-0.079712
-0.083607
0.309631
-0.246008
-0.308657
0.351089
-0.436828
0.708015
0.184976
-0.190094
0.908080
-0.453257
0.147834
0.299927
-0.183904
0.105128
0.218367
-0.768354
0.209907
-0.282577
-0.719899
0.546732
-0.503432
-0.077113
-0.244093
-0.714762
-0.027991
0.589234
0.357254
-0.183955
-1.234588
-0.378775
-0.781190
0.127543
-0.983018
-0.206198
-0.037595
-0.476910
-0.481048
-0.088729
-0.116577
0.867740
-0.340743
-0.764575
-0.229384
-0.226830
-0.433362
0.158945
-0.755502
0.004241
-0.482233
-0.174501
-0.651154
-0.282911
0.523969
-0.083664
0.427007
-0.290071
0.203254
-0.464797
-0.477303
-0.921959
0.342331
-0.302264
-0.048158
0.400264
0.628708
-0.115735
0.265423
0.040854
-0.875961
-1.070043
0.358244
0.798157
-0.598629
0.288668
0.450346
0.535657
0.566388
0.697859
-0.113376
-0.273290
0.428116
0.159918
0.314722
0.097654
-0.260956
0.721774
0.452723
-0.156625
0.264216
0.029779
0.253498
0.124389
0.515595
-0.122855
0.050241
0.085687
0.169257
0.526126
-0.752330
-0.093334
0.856427
0.331737
-0.414701
0.275043
-0.074781
-0.051939
-0.142947
0.499192
-0.099129
0.077793
0.432616
0.337521
-0.561459
-0.548656
0.003250
-0.071980
-0.289653
-0.800928
-0.144476
-0.440028
0.027735
-0.606582
-0.275774
-0.104247
-0.099423
0.053209
0.222836
-0.462901
-0.011731
-0.280741
1.036895
-0.568425
0.334330
0.022003
0.610457
0.127345
0.142112
-0.039068
0.410102
-0.223440
-0.392816
1.010860
-0.268324
0.215358
0.718082
0.368926
0.449220
-0.622820
0.835059
-0.186085
-0.004435
0.117126
-0.145464
0.180285
-1.100292
0.609604
-0.130936
0.971710
0.550941
0.641815
-0.274594
-0.185057
0.174673
-0.415520
0.341453
-0.455266
-0.086669
0.213929
-0.070640
0.686483
0.169824
1.078825
0.153944
-0.019628
0.228364
0.615654
-0.781858
0.801079
0.148899
0.451169
0.217694
0.266972
0.436084
-0.993654
0.191233
0.585501
0.220864
0.804992
0.044891
0.148696
-0.086090
0.258775
0.576072
-0.308586
0.392341
0.209477
-0.053325
-0.222912
0.409464
0.265491
-0.478968
0.496814
-0.102736
-0.591286
0.319418
-0.105131
-0.236634
0.455343
0.179532
0.182045
-0.132170
0.473521
-1.016018
-0.410318
-0.278973
0.782967
0.081063
1.061682
-1.066722
0.436808
1.193067
-0.596518
-0.903842
0.353443
0.989680
0.636854
0.241234
0.428732
0.438494
-0.716798
0.072602
-0.504371
-0.229479
0.229652
0.680029
-0.338939
0.223558
0.522904
0.716044
0.039775
-0.236865
0.595221
-0.225527
0.081923
-0.726073
0.155786
0.604489
0.928933
-0.414593
-0.507087
-0.846282
-0.571063
0.574157
-0.739397
-0.922886
0.342588
0.094706
-0.501605
0.141036
-0.049701
0.103120
0.669955
0.570911
-0.044534
-0.557580
-0.228447
-0.150187
0.520171
0.127141
-0.212333
-0.323482
0.450498
0.395014
0.530410
-0.387604
-1.068329
-0.659705
0.598676
-0.331911
-0.191624
-0.033146
0.251198
-0.357042
-0.616231
0.001139
-0.161224
0.271037
-0.159028
0.478797
0.375247
-0.056644
0.505877
0.075822
-0.371485
-0.407173
0.544893
0.330471
0.139743
-0.245209
-0.142045
-0.113011
0.048413
-0.190582
0.355007
0.481949
0.508589
0.335634
-0.251511
-0.694980
0.538332
-0.079278
-0.459740
0.302836
-0.924373
-0.037740
0.388356
-0.217290
0.349515
1.493352
-0.263207
-0.043696
0.221269
-1.087760
-0.263861
0.346992
0.204936
-0.371319
-0.901414
0.165443
0.017871
0.198876
0.015383
0.880227
0.503352
-0.005956
0.794266
-0.052354
-0.255889
0.395942
0.571015
-0.943624
-0.498434
-0.262009
0.231501
-0.491112
-0.214620
0.060370
1.192266
0.384940
0.002554
-0.216582
-0.066509
-0.138334
0.118425
-0.010874
-1.226502
0.120180
-0.356121
-0.163086
0.661788
-0.473513
0.349913
-0.483365
0.572525
-0.362550
-0.432127
0.410276
-0.196559
0.542524
0.308714
0.771529
-0.300891
-0.468591
-0.170631
0.795053
0.658636
0.150387
0.399442
0.162460
0.107225
-0.149723
-0.234008
0.024024
-0.431664
0.023764
0.620319
0.373540
-0.072437
0.912336
0.325864
0.044755
-0.283736
0.278969
0.340648
-0.149622
-0.664115
0.240457
0.242070
0.639154
-0.000498
-0.009092
0.886836
0.323259
-0.255558
-0.754419
-0.215442
-0.098227
0.588960
-0.576091
-0.172158
-0.076854
-0.190024
0.057406
-0.192563
-0.116353
0.338031
-0.194378
0.668879
0.791868
-0.284129
0.165165
0.189603
-0.320084
0.408164
0.578149
-0.329521
-0.725315
-0.304449
-0.007148
-0.368815
-0.479153
-0.161033
-0.539654
0.274649
-0.545216
-0.194980
0.151033
-0.050960
-0.400907
-0.065809
0.120564
-0.491029
-0.052707
-0.640364
-0.112657
1.240425
0.147907
-0.785379
-0.452442
-0.473374
0.585725
0.057931
-0.504488
0.608020
-0.187885
0.041953
-0.089403
0.656320
0.203184
-0.203050
0.104675
-0.371398
-0.074322
0.509699
0.154645
0.720001
-0.353725
-0.171644
0.911911
-0.601588
0.436693
0.243094
0.302918
0.057629
0.155458
-0.110640
0.150014
-1.191689
-0.473598
-0.094567
0.339606
0.181257
0.246418
0.363235
-0.347062
-0.103169
0.385647
0.198524
-0.455264
0.378280
-0.117473
-0.367164
-0.061971
-0.714852
0.269531
0.395390
0.347968
-0.900026
-0.314931
0.126193
-0.067574
0.244432
0.326387
0.432275
-0.632046
0.632741
-0.122405
-0.285774
0.904842
-0.106236
0.575376
1.021343
0.173738
0.297654
-0.272567
-0.484552
-0.345410
-0.362361
0.870810
0.749229
0.888168
-0.179401
0.851858
-0.187627
0.257011
-0.931387
-0.096746
0.368339
-0.919644
0.158543
0.441931
-0.096387
0.524515
0.270532
-1.008518
-0.035667
0.002471
0.348258
-0.472623
0.043482
-0.112359
0.884129
-0.833842
0.407098
-0.398011
0.141186
-0.516790
-0.240912
0.002725
0.136593
-0.159218
-0.358983
0.645674
-0.162407
-0.601871
1.015161
-0.355570
0.986920
-0.149473
-0.307081
-0.531559
-0.338474
-0.232806
0.608584
0.267897
-0.284359
0.090019
0.046700
-0.215667
0.263810
-0.554517
0.598649
0.258137
-0.047182
-0.189659
0.039192
0.636700
-0.109303
-0.588262
-0.564992
-0.050357
-0.780616
-0.397408
-0.014357
0.395217
0.104235
-0.090618
-0.440215
-0.557735
-0.378937
0.271277
-0.858516
0.063101
0.320673
0.043488
-0.202021
-0.483495
-0.323848
0.564324
-0.496344
-0.456126
0.623101
0.216219
-0.386865
-0.874288
-0.302193
0.404496
0.308529
-0.647395
-0.005080
0.837085
-0.439562
0.192365
-0.120105
-0.360461
-0.429280
0.342754
0.133946
-0.103895
0.165826
-0.587342
0.125641
-0.697032
0.319870
0.127556
0.681298
-0.311380
0.373160
-0.602741
0.960520
-0.198888
-0.379037
-0.287291
0.437611
0.595893
0.011988
-0.772507
0.581903
0.294432
0.052603
0.104722
-0.192738
0.398553
-0.819459
0.465179
-0.337770
0.084580
-0.149751
0.093428
0.240633
0.228185
0.087771
-0.459435
-0.029423
0.187448
0.523494
-0.113494
0.382935
0.329845
0.308031
0.739841
-0.344562
-0.024030
0.428617
0.323676
1.046312
0.273863
-0.239032
0.218569
0.584079
-0.261756
0.784654
-0.637521
0.264682
0.008424
-0.340754
-0.580307
0.239928
-0.384124
-0.164109
0.060026
0.691397
-0.884848
0.334362
0.456466
-0.410914
0.021943
0.089778
0.508100
-0.518617
-0.296442
-0.061700
0.151868
-0.275037
-0.078834
0.805692
-0.018146
0.269887
0.314550
-0.518480
-0.418696
0.596852
0.185498
-0.741712
0.042155
-0.283266
1.050674
0.343758
-0.471307
-0.182285
-0.531019
-0.055771
0.077957
0.883871
0.264225
0.234533
-0.459926
-0.271528
-0.163375
0.700833
0.285131
-0.223522
0.556903
-1.070219
0.126235
-0.614693
-0.407908
-0.330928
0.190429
-0.465346
-0.256195
-0.657281
0.251610
-0.465469
-0.884306
-0.001571
0.030541
-0.000816
0.394534
0.120948
-0.199449
-0.882433
-0.806072
0.379959
0.845772
-1.313575
0.028910
-0.437061
0.613777
-0.184238
0.664026
0.339340
-0.561395
0.223783
0.150380
-0.177391
-0.192714
-0.331808
-0.152447
-0.574019
0.391504
-0.300077
0.305283
0.145045
-0.223166
-0.870640
0.143881
0.464803
0.181970
-0.095910
-0.747887
0.410511
-0.167509
0.667100
-0.214513
0.608446
-0.226875
-0.210245
0.535947
-0.102100
0.128103
0.068771
0.400171
-0.011800
0.391792
0.163025
-0.099293
0.062357
0.402230
0.009507
0.089691
-0.217589
-0.020303
0.369179
0.049421
0.180543
-0.027831
-0.588733
0.344765
-0.111164
-0.278375
-0.072161
0.555721
-0.059195
0.315096
-0.393093
0.037924
0.201026
-0.167895
0.524909
-0.753741
-0.400737
-0.045764
-0.115934
-0.138306
-0.147780
-0.129844
-0.248805
0.506634
-0.486778
0.001185
-0.840834
-0.890054
0.214054
0.002898
-0.118253
0.466075
0.275145
0.101070
-0.731725
0.249609
-0.153784
0.155174
-0.517251
0.487893
-0.085235
0.382797
0.183503
0.512529
-0.177917
0.347471
0.007570
-0.045511
-1.170616
0.190583
0.378783
-0.204997
-0.181902
0.981284
-0.059885
0.210055
0.241036
0.419095
-1.405208
-0.213464
-0.053979
-0.354004
-0.761480
-0.684991
-0.036443
0.149546
0.564312
0.123306
-0.294975
-0.715978
-0.285745
-0.274678
0.100573
-0.488491
0.593790
-0.536191
0.648755
0.258919
0.181631
0.547466
-0.054135
-0.165259
0.024556
0.043355
-0.059773
0.162464
-0.252048
0.151782
-0.441423
-0.048337
0.675550
0.172526
-1.059469
0.383122
-0.831521
0.185833
-0.086520
0.515433
-0.182798
0.101317
0.285137
0.160964
0.325314
-0.579046
-0.199973
0.295606
0.113461
-0.391144
-0.577990
-0.270935
-0.137262
-0.008869
-0.270313
-0.073225
-1.106185
-0.525487
-0.065073
-0.011263
-0.547495
-0.794910
-0.594121
0.125179
-0.130350
-0.430389
-0.485148
-0.161505
-0.059248
0.177322
-0.681315
0.638221
0.439819
0.477038
0.290365
-0.828943
-0.837414
0.120554
-0.074499
-0.005809
-0.000574
-0.482797
-0.300244
-0.204602
0.551191
0.388186
0.856531
-0.166830
-0.444668
0.323336
0.375587
0.097508
0.129932
-0.029738
0.299949
-0.334888
0.292833
0.911573
-0.229148
0.299016
-0.051143
0.028197
-0.266323
0.038709
-0.019598
0.247299
0.212028
0.117128
0.059682
0.051310
0.745902
-0.029132
0.318927
0.315024
-0.843287
0.028634
0.035416
-0.269247
-0.550992
-0.595253
-0.767926
-0.726377
0.552006
-0.244865
-0.203383
0.741392
0.255095
-0.587907
-0.850059
0.334406
0.008098
-0.586564
0.328763
0.597962
0.598899
0.105467
0.158906
-0.849738
-0.745228
-0.344077
-0.506824
-0.631240
-0.639280
-0.745889
-0.131406
-0.651493
-0.236867
-0.416198
0.215960
-0.304390
-0.401215
0.340352
0.178444
-0.747098
-0.103625
0.242717
-0.107189
0.069421
-0.095630
-0.300931
-1.195449
0.308032
0.530021
0.521479
0.730282
-0.382139
0.042184
-0.012347
0.057131
0.859976
-0.255639
0.609976
0.389722
-0.598609
-0.537433
0.277655
-0.249057
-0.177642
0.611092
-0.083908
0.560608
0.184807
-0.321568
-0.355226
-0.044427
-0.185559
0.155373
1.735393
0.096787
-0.833995
-0.459498
0.529913
-0.252140
0.498004
0.280174
-0.036041
0.224340
0.174586
0.084558
-0.457129
0.205984
0.160598
0.239269
0.688332
-0.024639
0.001504
0.051802
-0.206309
0.369070
0.523185
0.264441
0.931612
0.506211
0.326493
-0.653984
-1.032543
-0.078155
-0.174935
0.340719
0.130275
-0.534436
-0.237120
-0.223149
-0.273046
0.357592
-0.258208
-0.062853
0.239903
0.688812
-0.020702
0.320961
0.189859
0.189432
-0.566380
0.657145
-0.924501
0.737202
-0.520650
-0.588152
-0.006221
0.684005
-0.008501
-0.502538
0.201327
-0.096330
-1.098157
0.445965
0.150543
-0.238652
0.624788
-0.217059
0.444192
-0.348139
-0.117341
-0.419579
-0.179543
-0.056819
0.655351
0.398897
-0.176882
1.223558
-0.599298
-0.106141
0.027662
0.713107
-0.510981
-0.781061
0.803105
-0.233940
0.813154
0.413206
0.723650
-0.742015
-0.116939
-0.198062
1.021390
-0.411677
0.279015
-0.446053
0.104345
-0.051165
-0.092049
-0.126529
0.106664
0.067694
0.369800
-0.117037
-0.243037
-0.261716
0.110983
-0.128332
0.087824
0.584142
0.365837
0.941201
-0.159184
-1.031256
-0.118179
0.978169
-0.490784
-0.168628
-0.623494
0.591597
-0.085071
0.022544
0.036039
-0.942337
-0.045671
0.479681
-0.474322
0.508584
-0.211165
-0.156520
-0.464687
0.251843
-0.379982
-0.051287
0.519738
-0.291783
0.233607
-0.657951
-0.033760
0.133681
-0.020439
0.780340
0.844793
-0.125650
0.118773
0.132793
0.465607
0.263613
-0.341964
-0.256788
0.378295
0.403515
0.439178
-0.702196
-0.353433
0.275096
0.612191
-0.083196
-0.005277
-0.063972
0.505262
-0.280420
0.026790
0.187964
-0.390537
-0.735027
-0.446601
-0.225053
-0.564817
0.081747
0.105568
-0.787165
0.202242
-0.714291
-0.168321
-0.384812
-0.315973
-0.154492
-0.241135
0.142455
0.189794
-0.614649
-0.278593
-0.497449
-0.398440
0.595250
0.017324
0.382275
0.398692
0.011808
-0.379139
-0.050747
0.137997
0.355496
0.317355
0.146082
-0.814399
0.108746
-0.501757
-0.474871
-1.050612
0.279686
-0.481044
0.072298
-0.004854
1.004281
0.303852
0.134755
0.137762
0.740494
-0.588566
0.564793
-0.318769
-0.129770
0.497360
-0.337945
-0.037910
-0.096342
0.122902
0.620315
-0.690749
-0.313100
-0.178248
-0.239130
-0.077210
-0.106352
0.311029
-0.471350
-0.792451
-0.297893
-0.261528
0.898277
0.748340
0.322821
-1.222265
0.957117
0.004323
-0.201710
0.230967
0.682918
-0.295933
-0.483674
0.233104
0.548412
0.672004
-0.391678
-0.156276
-0.770113
0.401421
-0.103500
-0.124207
0.524866
0.217904
0.174888
-0.095899
0.364211
0.124239
-0.251445
-0.454312
0.034804
-0.510984
0.089437
-0.316820
0.252712
0.676880
-0.895677
0.241182
0.230763
0.497319
-0.127218
-0.249290
-0.441994
0.325827
-0.169245
-0.543657
-0.438082
0.253172
-0.085067
0.318849
0.096340
0.167270
-0.650849
-0.308972
0.409659
-0.458134
0.088668
0.222303
0.003617
-0.280101
0.168454
0.196171
0.574859
0.003090
0.166586
-0.235174
0.016188
-0.031023
1.126670
-0.617120
-0.301594
0.360434
-0.263179
-1.441073
-0.312149
-0.668819
0.801785
0.061619
-1.051599
-0.211409
0.135809
-0.195611
0.355316
0.084330
-0.010949
-0.523926
-0.886615
-0.002994
-0.192897
-0.152934
-1.478174
0.396685
0.101914
-0.174777
0.591605
0.989135
-0.179270
-0.189755
0.120834
-0.230154
0.253439
-0.192003
0.316129
-0.011587
0.569496
-0.828851
-0.292858
0.405362
0.434094
0.172840
0.621001
0.419618
0.120364
0.141699
-0.825777
-1.080650
0.559505
0.195251
-0.348535
-1.101215
-0.011045
0.348995
0.358300
-0.075616
-0.329496
0.143914
-0.332590
-0.157235
-0.003895
0.187301
0.145431
-0.175459
0.013214
-0.082318
0.331051
-0.687272
-0.095294
-0.247604
-0.007430
-0.002322
-0.332236
0.418412
0.256111
0.141822
-0.109786
0.672361
0.516731
-0.594153
-0.421232
1.247429
-0.704070
-0.273351
0.334774
-0.185134
0.444356
-0.067745
-0.221601
-0.379243
0.204227
0.248559
-0.459442
1.116272
-0.298642
0.071159
0.237673
0.422608
0.038568
-0.051297
0.030878
-0.616020
-0.063608
0.826046
-0.343270
0.152682
-0.300669
0.698114
-0.332696
0.000074
-0.177768
-0.451738
0.435328
0.327515
0.232952
-0.181178
0.345508
0.130686
0.796977
0.342707
0.359034
0.375339
0.705574
0.750532
0.108756
0.850161
0.044591
-0.038433
-0.915431
0.512738
0.071406
-0.085843
-0.540153
-0.320287
0.382872
0.554096
0.649611
0.685003
-0.442696
0.086053
0.302814
-0.597378
-0.176601
0.026913
0.428941
0.439418
-0.255814
-0.344007
0.372306
0.104144
0.000553
-0.217603
-0.670890
0.457133
-0.276122
0.662986
-0.343168
0.182442
-0.087329
-1.163891
0.277081
0.609190
-0.226784
0.695506
0.893342
0.280066
-0.407741
-0.330115
-0.363537
-0.159692
-0.006985
-0.786303
0.083288
-0.296813
-0.397838
-0.351166
-0.740804
-0.155042
-0.105003
0.022029
-0.657601
-0.729736
-0.062209
-0.427654
0.023262
-0.279514
0.780060
0.349463
-0.475321
-0.966159
-0.024147
-0.338368
0.149675
-0.006532
-0.094821
0.700264
-0.018557
0.102287
-0.446337
-0.084332
-0.346103
0.390316
0.410940
0.062601
-0.339259
0.846611
0.678397
-0.345937
-0.107143
-0.220983
-0.037646
-0.835602
0.471063
-0.884257
-0.275388
0.251959
0.436140
0.341444
-0.412407
-0.510877
0.013185
1.120006
-0.019930
0.281379
0.379386
-0.541791
1.098717
0.199941
-0.555697
-0.116818
0.734047
0.243423
0.309689
-0.181269
0.587278
0.138707
-0.072158
0.919031
0.571656
-0.032412
-0.627931
-0.261259
0.302734
-0.552257
0.329665
-0.007613
-0.001420
-0.394735
-0.586997
-0.146176
-0.693022
-0.162051
-0.006157
0.401141
0.340272
-0.384775
-0.191016
-0.389985
0.323190
-0.219642
-0.289607
0.132847
-0.391016
0.109919
-0.035268
0.294139
0.807455
0.991477
0.663393
0.434868
-0.019620
0.294937
0.278544
0.370927
-0.167946
0.514319
-0.378001
-0.162777
0.009175
-0.466787
0.046962
0.366809
-0.195585
0.212696
0.178454
0.803829
-0.178206
0.132839
0.505268
-0.022272
-0.475903
-0.806409
-0.244987
-0.076050
-1.373623
-0.569223
0.458605
-0.551467
-0.412501
0.398894
0.855918
-0.606948
-0.940667
0.424020
-0.106422
-0.600372
0.079458
0.116805
-0.610301
-0.115150
0.427405
-0.148915
-0.027320
0.596909
-0.703461
0.391921
0.852982
0.367406
0.430240
-0.704014
-0.088614
-0.819447
0.038080
0.436202
-0.218052
0.063747
-0.224748
-0.024985
-0.124295
-0.852677
0.174498
0.337636
-0.455636
0.316509
0.149421
-0.134364
0.568279
-0.028118
0.319224
1.094633
-0.365821
-0.708466
-0.047541
0.738225
-0.196128
-0.532157
0.072413
-0.581522
0.464442
0.585066
0.163442
-0.684801
-0.429180
-0.755027
0.333565
0.017180
1.212571
0.847440
0.186001
-0.133853
0.098503
-0.579409
-0.328499
-0.520772
0.310683
0.203658
0.344416
0.257683
0.142136
0.144576
0.104057
-0.037194
-0.179570
0.587293
-0.411637
-0.665274
-0.303364
-0.371313
-0.296090
-0.312645
0.353016
-0.683009
0.045544
-0.329551
-0.644078
-0.073751
-0.231596
0.945117
0.020457
-0.362984
-0.069843
0.564054
0.672275
0.013596
0.022730
-0.081050
0.712181
-0.054942
-0.321240
0.802155
-0.208710
0.446950
0.202036
0.363273
-0.176687
0.152134
0.720319
-0.000429
0.467809
-0.238880
0.358398
-0.104099
-0.495234
-0.395038
0.507071
-0.499100
0.002863
-0.052402
0.377073
-0.442244
0.000247
1.091229
-0.724411
1.012044
-0.022824
0.393639
-0.037174
0.030686
-0.107335
1.343787
0.234646
-0.159990
0.496112
0.485103
-0.391611
0.006050
0.147811
0.255947
-0.464325
0.256625
-0.178788
0.029644
-0.227967
0.044772
1.672939
-0.412143
-0.190834
0.015689
-0.563828
0.128410
-0.767417
0.328821
0.245253
-0.002084
-0.091829
0.084134
-0.509859
-0.217434
0.398307
-1.018612
0.241243
-0.328643
-0.545162
0.316116
-0.260426
0.214619
-0.935160
0.538514
0.258223
-0.515950
0.039568
-0.167578
0.993247
0.348133
0.158186
-0.140448
-0.491436
0.180937
-0.152333
-0.375368
0.075806
-0.492560
-0.064942
0.091060
-0.031397
-0.387077
0.223729
-0.347078
0.523981
0.564567
0.755745
-0.627263
-0.358611
-0.301200
0.055186
-0.294939
-0.306876
0.105981
0.922719
0.436176
0.079364
0.341144
0.613190
-0.112661
1.443736
-0.265273
0.795584
-0.013022
-1.062791
-0.190266
0.485861
-0.255865
-0.126327
-0.672011
0.177266
0.153114
-0.317040
-0.609044
0.031125
0.045782
-0.101484
0.176685
0.053054
0.585916
-0.383338
-0.360787
-0.186703
-0.188126
0.444615
0.767869
-0.492420
-0.377978
-0.335663
0.327509
0.373841
-0.021881
0.514578
-0.131578
0.002246
-0.019594
0.665266
-0.490980
-0.120119
-0.205656
-0.420458
0.194650
-0.418590
-0.236984
0.895916
-0.480297
0.324693
-0.311369
-0.692850
0.914675
-0.159230
-0.573393
-0.510683
0.039476
-0.309390
1.003630
0.257465
-0.134095
0.183505
-0.035089
-0.390680
0.145651
0.172943
-0.388711
0.275792
-0.439330
0.720954
0.085840
-0.227743
-0.630680
0.254418
-0.803977
-0.512964
-0.216581
-0.092732
0.359956
0.132861
0.365928
0.460722
0.542990
1.118821
-1.027934
0.795763
-0.313787
0.362459
0.460204
0.382165
-0.254983
-0.110294
0.271094
0.168421
0.346875
0.051640
1.100304
0.435110
0.179578
-0.185457
-0.608790
0.227758
0.125649
-0.346635
0.482940
0.171111
-0.568207
-0.644637
-0.614494
-0.153656
0.178800
-0.127403
-0.247882
-0.552814
-0.204937
-0.436869
0.343455
0.128267
-0.054274
0.442679
-0.451549
0.189702
0.443970
0.061156
-1.107667
0.520917
0.660568
0.162051
-0.326717
0.672111
-1.093221
-0.819269
1.552119
0.137382
-0.115027
0.555623
-0.364865
0.350510
0.881455
-0.421614
-0.770593
-0.293471
0.596116
-0.319391
0.252529
0.201615
0.515086
-0.345185
-0.255021
0.221303
0.051607
-0.759077
0.086723
0.276210
-0.007895
0.775291
-0.473294
1.050058
-0.062222
0.021210
0.487398
0.674579
0.054524
-0.432654
-0.124142
-0.147158
-0.200414
-0.490556
0.711853
0.460079
0.497900
-0.219655
-0.422544
-0.178494
0.988605
0.231529
-0.507881
0.212070
0.327842
-0.634827
-0.467584
0.541548
0.219078
-0.086689
-0.632028
-0.144941
-0.347085
0.219931
-0.714606
-0.046615
-0.612725
-0.409916
0.124840
0.432157
0.379917
-0.465386
0.252164
0.218538
0.163271
0.826344
-0.125867
-0.036586
0.433911
0.034104
0.662368
-0.474588
0.089485
0.214012
1.147064
0.533912
-1.101099
0.195661
-0.201089
0.218357
0.343003
-0.027331
-0.023566
-0.163488
-0.203260
0.664886
-0.682341
-0.262364
0.236905
-0.642276
0.028977
0.355648
-0.388043
0.876418
-0.016832
-0.760641
0.026687
-0.444855
-0.485151
0.020031
0.355784
-0.739341
-0.345955
-0.127315
-0.262441
-0.175668
0.203757
-0.390340
-0.112236
0.317040
-0.944806
