-0.898966
-0.663561
-0.124430
0.186150
0.163658
0.005771
-0.292950
0.312334
-0.004424
-0.604409
-0.151574
-0.386833
0.473387
-0.079292
0.386465
0.514806
-1.109250
-0.218778
-0.292431
-0.016612
0.655149
-0.078459
-0.336713
0.588177
-0.577673
0.367622
0.091023
-0.079417
-0.094158
-0.555861
-0.263803
-0.076814
-0.049746
0.203432
-0.148969
0.199237
0.125137
0.363156
0.351726
-0.423969
-0.178592
-0.537587
0.691861
-1.057057
-0.491529
0.031486
-0.039885
-0.063371
-0.176716
0.965537
0.161529
0.630700
0.270813
-0.245939
-0.525633
-0.096371
0.292225
-0.116890
0.211300
-0.361722
0.130828
-0.698560
0.118715
-0.704512
0.484703
-0.596094
0.096676
0.352318
-1.042594
0.130555
0.285429
0.462433
0.252744
-0.376476
0.194237
-0.405395
0.000421
0.579371
-0.230600
0.375259
-0.012201
0.499438
-0.112443
0.068260
-0.325890
-0.195549
-0.460829
0.071232
0.807536
0.086713
0.020582
0.099423
-0.430293
-0.306354
-0.129159
-0.104640
-0.174651
-0.166461
0.203886
-0.060078
0.339086
0.296553
-0.690120
0.328710
-0.315935
-0.152375
-0.040040
1.017523
-0.672202
-0.250677
-0.063510
-0.162339
0.330818
0.847876
-0.049898
-0.401170
0.169883
0.316240
0.092671
0.764871
1.091030
-0.063766
0.271219
0.819951
-0.166148
-0.331209
-0.205568
-0.263409
-0.931230
-0.107688
0.842597
-1.041618
-0.795568
-0.415225
0.310454
-0.539488
0.915161
-0.337004
-0.224090
-0.042631
-0.024200
-0.121850
0.929321
-0.259815
0.585445
-0.419583
0.064930
0.671888
-0.429817
-0.423710
0.155685
0.090288
0.084229
-0.601524
0.341832
-0.022553
0.088482
0.010822
0.205745
0.564852
-0.341500
0.420320
-0.271524
0.205539
0.012162
0.200013
0.426308
-0.371239
-0.053651
0.319127
-0.187731
0.295674
-0.067061
0.532394
0.804615
0.184722
0.589963
0.875995
0.106216
-0.322695
0.240544
-0.098469
0.275725
0.094687
0.472117
0.635078
0.138579
-0.541899
-0.374883
0.762803
-0.482278
0.574365
0.581575
0.391539
1.208261
-0.319956
0.367475
-0.230911
-0.193864
0.143116
-0.759629
0.198817
0.040292
0.528656
-0.414875
0.096791
-0.282598
0.026758
-0.815284
-0.016089
0.549446
-0.231276
-0.105237
0.308277
-0.274379
0.961581
-0.342100
-0.603195
-0.236665
-0.243230
0.288311
0.345590
-0.241799
-0.969679
-0.049810
0.328553
-0.813023
-0.646565
0.175687
-0.369922
0.431296
0.667108
0.562351
-0.607958
0.366504
0.043076
0.429889
-0.051270
0.083168
0.704351
-0.411797
-0.177580
-0.437364
-0.021877
-0.199180
0.205298
0.564426
0.736509
0.682019
1.170408
-0.334608
-0.685239
0.285560
-0.470857
-0.325576
-0.367599
-0.281233
-0.422389
-0.385441
-0.549987
0.767490
-0.699714
-0.732909
-0.638161
-0.423389
-0.807743
0.274012
-0.131764
0.448244
0.468546
0.742011
0.188185
-0.354526
0.377177
0.412336
-0.474587
0.207671
-0.205161
0.345294
0.011106
0.370978
0.113402
0.231478
0.814420
0.372859
0.146529
-0.586164
1.606017
-0.167992
-0.542023
-0.467502
0.370775
0.489028
-0.500828
-0.594375
-0.207664
0.742006
-0.191338
0.323035
0.482964
-0.089887
-0.139828
-0.536698
0.712535
0.681065
-0.185112
-0.415073
-0.164471
-0.344550
-0.223273
0.029239
-0.075071
-0.540306
-0.120593
-0.009199
-0.001345
0.152241
0.120644
0.324190
-0.301218
0.122889
-0.205102
0.506594
0.069863
0.128119
0.505286
-0.542735
-0.630632
-0.280515
0.142412
-0.317911
0.491663
0.572048
0.217004
-0.491387
0.441219
-0.614789
-0.624714
-0.373435
0.134984
0.656774
-0.965381
-0.223783
-0.283548
-0.070627
0.512084
-0.890052
-0.709327
0.180461
0.301148
-0.098767
0.355287
-0.125244
0.121853
-0.030326
0.340650
0.184979
0.109359
-0.711213
-0.181934
-0.465046
0.556418
-0.137981
0.653099
-0.488408
-0.234172
-0.721869
0.161130
0.477868
0.076797
-0.128200
-0.790426
-0.040569
-0.600930
-0.727233
-0.294871
0.103566
-0.580949
-0.490105
0.015129
-0.103654
-0.123223
0.157026
0.216791
0.217457
-0.410777
0.554116
-0.253288
-0.576387
0.176858
-0.672560
-0.059469
0.237035
-0.240869
0.260386
0.637195
0.626409
0.358905
-0.336514
-0.398628
0.461951
-0.687716
0.202335
0.415774
-0.154246
0.229289
0.155156
0.296021
-1.134932
0.083743
-0.243680
0.407793
-0.290728
-0.038138
0.048282
0.289784
-0.121293
-0.768051
0.724922
-0.789288
0.313691
0.778071
-0.050338
-0.013799
-0.828254
0.716731
-0.391743
-0.000597
0.699958
0.166721
0.132530
1.051711
-0.402593
-1.376442
0.313874
-0.065674
-0.093946
-0.191289
0.272394
-0.104795
-0.098440
-0.161750
-0.877472
-0.763467
-0.159524
-0.543419
0.121573
0.027223
-0.372628
-0.040083
0.102661
-0.539174
0.457853
-0.347723
-0.429820
-0.101284
0.058220
-0.063463
-0.026084
0.035284
-0.543763
0.188866
0.575347
-0.864045
0.879322
-0.873016
1.079382
-0.088012
-0.574862
0.462361
-0.471849
0.317734
-0.703780
0.063808
0.219138
-0.118746
0.112418
0.062863
0.036230
0.128047
-0.887512
0.276092
-0.307266
0.432994
-0.310897
0.257308
0.002443
-0.367569
-0.555427
-0.244992
0.555160
-0.521352
-0.734384
-0.083585
-0.153460
-0.674781
-0.512433
-0.417241
-0.400245
0.329693
-0.219697
-0.269683
-0.878133
-0.041598
0.435805
0.311982
0.126674
-0.747376
-0.233839
0.619992
0.172186
-0.713164
0.430570
-0.015811
0.000582
0.201221
-0.442706
1.045978
-0.041094
-0.178714
0.372078
0.291358
-0.595374
-0.841793
0.577639
0.639979
0.705561
0.347248
0.415470
-0.233063
0.102234
0.748649
-0.039327
0.099248
0.535757
0.006241
-0.437789
0.602239
0.526017
-0.536897
-0.198918
-0.233772
0.555484
-0.765210
-0.787507
-0.517659
-0.001014
-0.349564
0.690824
0.065054
-0.106199
0.345334
-0.031339
0.479140
0.303015
0.629861
-0.733502
0.521240
-0.739146
-0.553903
0.283019
0.692366
-0.071204
0.037400
0.356799
0.419246
0.036821
-0.293534
0.382026
0.068408
-0.451618
-0.539708
0.261617
-0.652064
0.041454
-0.035859
0.082808
-0.236363
-0.034011
0.081994
-0.784917
0.688823
0.459231
-0.287941
-0.374396
0.612276
-0.317294
-0.542948
-0.696346
-0.179084
-0.276387
-0.102753
-0.174144
-0.034204
-0.712453
0.757067
-0.345816
0.467297
0.208333
-0.381545
1.027257
0.565891
0.273189
-0.270499
-0.240607
-0.141723
0.281955
0.391202
-0.258824
-0.384075
-0.082667
0.377597
0.275998
-0.023700
-0.051567
-0.165872
-0.365634
-0.369850
0.198830
0.557399
0.478837
0.364366
0.475988
-0.562707
-0.373542
-0.019858
0.093754
-0.277435
-0.356462
-0.984614
-0.461009
0.347110
-0.248371
0.032065
-0.177502
-0.217588
0.268234
-0.762447
-0.131702
0.247180
0.766233
0.505075
0.547881
0.368735
0.307850
0.297487
0.167835
0.323930
-0.238819
-0.265231
0.078427
0.326751
-0.058751
0.554478
0.053743
0.152181
-0.467888
0.503855
0.462874
0.071158
0.551365
-0.160825
1.388209
0.253492
-0.492686
0.032661
0.023807
-0.178064
0.122805
-0.305392
-0.114739
-0.328509
-0.287528
0.094818
0.830221
0.062658
1.169058
0.244233
0.596587
0.222489
-0.451112
-0.097959
-0.902816
-0.560439
-0.189116
-0.503474
-0.117547
0.400705
-0.957599
-0.122174
-0.183180
-0.853481
-0.848393
0.046776
-0.022475
-0.220215
0.024130
0.359614
0.201555
-0.036608
0.146346
0.299522
0.172874
-0.100775
0.234191
-0.302712
-0.091583
-0.163147
-0.252358
-0.514072
-0.450517
-0.262399
-0.554674
0.431345
0.498290
0.922406
0.102637
-0.135615
-0.148182
0.058563
-0.209314
-0.061411
0.327267
-0.165752
-0.147668
0.022752
-0.200187
0.166548
-0.783704
-0.144381
-1.066092
1.096150
-0.580484
-0.535705
1.064205
-0.402981
0.746865
-0.442926
0.190469
-0.050349
-0.065362
-0.263524
0.118047
0.998849
-0.355862
0.200701
0.877425
0.738324
0.261905
0.447375
0.236322
-0.665250
-0.495012
0.063934
0.906754
0.345911
-0.151186
-0.485730
-0.039900
-0.158332
0.601705
0.286725
-0.289101
0.060050
0.270112
-0.058659
0.751527
-0.088193
-0.060332
0.354358
0.377753
-0.954833
-0.221384
-0.178403
0.746033
0.163412
0.134810
-0.704591
0.156960
-0.062746
-0.144575
0.933021
0.668207
0.107791
-0.706693
0.566651
0.661618
0.165921
-0.590066
0.679103
-0.248107
0.467559
0.507161
1.215801
-0.088226
-0.270348
0.155631
-0.252628
-0.037965
-0.227090
-0.081010
-0.180774
-0.013526
-0.665867
-0.310099
-0.752412
-0.491472
0.491603
0.313079
0.000153
-0.288826
-0.404399
-0.214823
0.092039
-0.604770
-0.378310
-0.384666
-0.402432
0.575667
-0.121386
-0.343716
0.109855
0.805612
0.300338
0.365827
-0.598918
0.442263
-1.119222
-0.178528
0.524199
0.429795
-0.529866
0.172997
0.814930
-0.152788
0.416702
0.278465
-1.149014
0.409787
0.553495
0.251111
0.508424
0.938403
-0.383094
-0.445004
-0.457784
-0.983996
0.218969
-0.447228
0.035984
0.369158
0.355615
-0.437714
-0.047549
-0.310606
0.517498
0.460435
0.335008
-0.619658
0.073028
-0.184526
-0.134017
-0.134638
-0.758588
-0.678385
0.509206
-0.077249
0.132846
0.646134
0.160188
-0.304434
-0.124145
0.221950
-0.550296
-0.403901
0.032045
-0.616580
0.734372
0.162550
0.416935
0.408456
0.865981
0.261308
0.025157
0.755172
-0.420388
-0.338571
-0.316556
-0.090304
0.105017
-0.034449
0.010328
0.109451
-0.575778
-0.539802
0.325627
0.646532
0.430974
-0.365490
0.038984
0.095682
0.619452
0.320193
-0.200531
-1.115712
0.103511
0.093934
0.446404
-0.127765
0.722199
0.230151
-0.499230
-0.226404
0.097598
0.262906
0.856132
0.057980
-0.621956
-0.010878
0.297663
0.227928
0.004296
0.425889
-0.049590
0.497686
0.201150
-0.364838
0.232381
-0.435480
0.478008
-0.089846
0.114598
0.677264
0.069611
-0.066769
0.581143
-0.635154
0.075966
0.140145
-0.863259
-0.401783
-0.549159
-0.429540
-0.819692
0.047324
0.390900
-0.516602
0.626733
0.145631
-0.111932
-0.066449
-0.480261
0.228916
0.536609
-0.043247
-0.827791
0.048818
0.326519
-0.238179
-0.234872
0.041277
0.480643
0.215751
0.758602
-0.337702
1.021459
-0.073469
-0.129841
-0.420940
-0.089538
0.459183
-0.131580
-0.316103
-0.143474
0.395811
0.567267
0.151664
-0.508983
-0.231821
-0.310253
0.479500
-0.087332
0.435853
-0.100733
-0.361011
-0.961998
-0.075076
0.489009
-0.461241
-1.017862
-0.144901
0.924024
-0.457942
0.259612
-0.529316
-0.272951
0.314154
-0.185773
-0.308724
0.479372
-0.332359
0.292665
0.159932
-0.362614
0.215793
-0.365236
0.068516
0.008452
-0.921228
0.129843
0.300305
-0.399613
0.044486
-0.836149
-0.351985
-0.052057
0.440895
0.187371
-1.113783
-0.247230
-0.109215
0.449835
-0.723113
-0.658403
-0.628483
0.843060
0.470184
-0.460570
-0.227719
-0.018734
0.007417
0.215691
-0.496796
-0.340451
-0.455324
0.487036
0.454246
-0.835140
0.075216
0.174175
-0.139202
-0.726309
-0.026808
-1.157181
-0.400930
-0.087967
0.091747
0.291876
-0.239299
0.482126
-0.463819
-0.092441
0.474355
-0.213190
-0.067442
0.455061
-0.271965
0.235849
0.436112
-0.096801
0.225010
-0.318127
-0.034736
-1.406038
-0.075799
-0.406653
0.405135
0.353625
0.766336
-0.080350
0.482216
-1.031685
-0.415993
0.837203
0.730123
-0.358445
0.601933
0.209687
0.241896
-0.637541
0.256276
-0.302749
-1.169599
-0.299561
0.673895
-0.195642
0.133945
-0.985896
-0.300527
-0.468222
-0.062136
0.259819
-0.481588
0.449099
-0.167602
0.106963
0.344289
0.594199
-0.066296
-0.122096
-0.712557
0.695382
0.399674
0.471048
0.344700
0.341960
0.899633
0.569472
0.057324
0.071168
0.196914
0.623454
-0.556129
0.435418
0.851339
0.118098
0.011704
0.579971
-0.055166
-0.358424
0.005869
-0.262398
0.568158
0.193065
-0.786270
-0.497408
0.019896
0.379886
0.106630
0.004794
0.104958
-0.611699
-0.561049
0.423510
-0.505047
-0.537084
0.233336
0.200118
0.264934
-0.134149
1.003701
0.339570
-0.354438
-1.094462
0.276531
0.085068
0.497793
0.160152
-0.341655
-0.911004
-0.329309
-0.234912
0.439938
0.409334
0.156157
0.553812
-0.324856
0.100918
0.460587
0.601021
0.319903
-0.191439
0.011335
-0.578597
-0.015938
0.407683
0.536205
0.249858
0.088865
-0.650881
0.326450
0.181171
-0.083477
-0.348045
-0.576609
-0.007219
-0.280224
0.069324
-0.652054
0.558719
-0.038991
-0.117737
-0.058413
-0.250416
-0.060665
-0.362342
-0.149667
0.366899
-0.197120
0.099331
-0.112662
0.421840
0.044878
0.079861
0.213467
-0.166098
0.024812
-0.209613
-0.079234
0.421661
0.270529
-0.574559
0.300021
0.268122
-0.303029
0.398390
-0.151894
0.103883
-1.394482
-0.150585
-0.162982
-0.325813
-0.748248
0.064943
-0.122608
0.313055
-0.057462
0.257095
0.088008
0.023723
0.001546
-0.591576
-0.132512
-0.147236
0.111351
0.457054
-0.132883
0.012923
-0.478798
0.206781
0.029455
0.197607
-0.134398
0.378254
-0.108625
-0.442770
0.491593
0.474649
-0.714780
-0.470303
-0.351477
0.170873
0.597399
-0.228338
-0.379763
0.590182
1.158133
0.327863
0.437861
-0.087616
-0.227259
0.161839
0.670881
0.765794
0.276618
0.061939
-0.271293
0.009988
-0.294382
-0.316152
-0.425135
0.314625
0.440259
0.628635
-0.358674
-1.060345
-0.744217
0.395771
-0.554875
0.681315
-0.450913
0.099395
0.110479
0.271228
0.822968
0.519694
-0.475679
0.399257
-0.483884
-0.292631
0.244710
0.598426
-0.265629
0.011498
-1.055100
0.301036
-0.092547
0.276982
0.474716
-0.229851
-0.233816
0.166695
-0.030523
1.064519
0.188917
-0.137147
0.054397
0.749639
-0.843230
-0.485781
0.232916
0.474623
0.528227
-0.403046
-0.572089
0.269442
0.392996
-0.176544
-0.064289
0.376838
0.357159
0.550871
0.005884
-0.447443
0.568972
0.177693
-0.530873
-0.228320
0.025877
-0.547809
-0.424023
-0.176394
0.210749
0.498051
0.446024
-0.205112
-0.085464
-0.687855
-1.820764
-0.852153
-0.294505
-0.687816
0.209951
-0.584212
-0.349951
-0.364421
-0.958098
-0.307906
-0.585477
0.148283
-0.174468
-0.108496
-0.358366
0.341972
-0.332771
0.404596
0.079022
-0.061148
0.621336
0.841369
0.899940
0.495872
1.014598
1.318243
2.070682
0.143639
0.315512
0.291771
0.890769
0.828955
1.526027
0.585326
1.189759
1.240205
0.297498
1.371114
0.639253
-0.251009
0.903040
-0.081865
-0.153803
0.716373
-0.918744
0.334679
-0.388737
-0.119244
-0.456812
-0.378347
-0.724562
0.047525
0.133839
0.277230
-0.487853
-0.927531
-0.543103
-0.712659
-1.202749
-0.837693
-0.531386
-0.688071
-0.436452
-0.229688
-0.023827
-0.508909
-0.312614
0.384658
0.354378
-0.146185
0.972309
0.299634
-0.024651
0.680930
0.096867
0.476288
0.297852
1.124540
-0.313380
-0.089296
-0.299893
-0.301920
-0.724244
0.306097
-0.069113
-0.460485
0.279768
0.342883
-0.841333
0.003801
0.658184
-0.155315
-0.377777
0.282828
0.546282
0.284227
-0.727237
-0.416993
-0.669745
0.469698
-0.284093
0.035343
0.386767
0.574820
-0.297586
-0.485318
0.234879
-1.180464
0.694780
0.433009
0.450550
-0.644426
-0.051621
-0.194096
0.490219
-0.141162
0.083458
1.103611
-0.005341
-0.225955
0.126242
-0.151609
-0.013889
-0.304279
-0.017948
-0.008828
-0.223508
-0.261910
-0.326460
-0.160531
0.400963
-0.822341
-0.141982
0.068518
0.653254
-1.012842
-0.126370
-0.562046
-1.091586
-0.102327
0.228368
0.478269
0.400116
-0.151940
1.742225
-0.149018
-0.298564
-0.164748
0.258598
1.332012
0.711320
0.128788
0.044039
0.034735
-1.036172
0.658962
-0.324478
0.202035
0.378079
-0.199988
-0.452074
0.183738
0.168426
-0.340577
-0.618657
-0.554512
-0.374379
0.316821
-0.477154
-0.546425
0.461004
0.296668
-0.291965
0.882025
0.049464
-0.206905
-0.030215
-0.272702
-0.131780
0.160756
0.161606
0.389043
0.182189
0.308712
1.350197
0.465711
0.995890
0.116627
-0.516828
0.639641
-0.311743
0.186829
0.935349
-0.475550
-0.708520
-0.061886
-0.629654
0.174158
-0.425087
-0.781128
-0.798081
0.665174
0.359058
0.639078
-0.144642
-0.354541
-0.329449
0.071690
-0.218581
0.058709
0.269590
-0.556984
-0.278984
0.320627
-0.436562
0.434286
-0.079103
-0.367945
0.675768
0.310743
0.015619
0.135966
-0.036186
0.149784
0.390980
-0.179150
-0.197061
-0.339049
-0.608065
0.058853
0.157961
-0.251434
0.622100
-0.798933
-0.036274
-0.208538
-0.461352
-0.426322
0.129006
-0.436207
0.648880
0.023410
-0.530776
-0.225525
0.214429
-0.352565
-0.158949
0.356573
0.359281
-0.608262
-0.582831
0.356389
-0.079069
0.261113
0.810122
0.570100
0.919709
0.224216
0.422587
-0.443783
-0.252457
-0.167492
0.306759
-1.089735
0.357294
-0.680374
-0.317331
0.212807
-0.323571
0.509118
-0.636239
0.471791
-0.336337
-0.457309
-0.098284
0.203318
-0.309375
-0.176856
0.015682
-0.449334
-0.160848
0.515815
-0.653720
-0.025086
0.390735
0.151424
0.353993
-0.815568
-0.120925
-0.243375
-0.967473
-0.590974
0.360241
-0.383085
-0.402243
0.168906
-0.220288
-0.219075
0.288341
0.027418
-0.476246
0.648517
0.148708
0.989447
-0.404889
-0.264240
0.145445
-0.397680
0.117311
0.797435
0.580662
-0.196857
-0.190277
0.441337
-0.632113
0.130441
-0.068696
0.715967
-0.179325
0.526084
0.265467
0.688501
0.386833
0.325145
-0.143411
0.234071
0.340366
-0.216295
-0.511546
0.446741
-0.077851
-0.115994
0.155075
0.219569
-0.563760
0.195283
-1.172282
0.308365
-0.059809
-0.122701
0.178026
-0.273124
-0.379599
0.041592
-0.358296
0.446487
0.225774
0.077356
-0.158464
-0.170041
-0.096300
0.585500
-0.171969
0.720252
-0.193615
-0.167413
-0.041572
-0.101462
0.511186
-0.200157
-0.572354
0.580621
-0.156226
0.062069
0.236604
0.289311
-0.651188
-0.541050
0.040942
-0.756796
0.152138
-0.485318
-0.281343
-0.251131
0.462205
-0.572004
0.103344
-0.335398
0.545326
-0.335632
0.018554
-0.198904
0.313176
0.301338
0.018101
-0.972289
-0.139335
-0.895417
0.310128
-0.110886
-0.755787
-0.472501
0.021643
-0.799537
0.314186
-0.336867
-0.652976
0.197855
0.790933
0.540548
-0.011719
-0.032389
-0.061847
0.178997
1.023029
0.195216
0.022149
0.280954
-0.327356
-0.622336
-0.026954
-0.590421
0.691183
0.305116
-0.094815
-0.175078
-0.182029
0.519075
0.373136
-0.232076
-0.267298
0.040355
-0.102942
0.397613
-0.252899
0.326847
0.540396
0.200947
0.322280
-0.678080
-0.143991
-0.709614
0.671538
0.062075
-0.276089
0.678292
-0.075363
-0.097076
0.347740
-0.402256
-0.288927
0.017415
-0.455628
-0.000107
-0.157979
0.093299
0.268035
-0.380602
-0.101804
-0.536588
0.511316
-0.697713
0.050607
0.616382
0.818779
0.195459
-0.221803
-0.704945
-0.689178
-0.377971
0.388282
-0.012160
-0.175909
-0.522411
-0.344635
-0.508981
0.606058
0.276304
0.422550
0.064854
-0.032970
0.330704
0.705804
0.470333
-0.459270
0.005209
-0.623461
-0.408042
0.334792
-0.466434
0.362575
0.804342
-0.142053
-0.029990
0.476425
0.375997
-0.205913
-0.038606
-0.288447
-0.307017
-0.634693
-0.670520
-0.192345
-0.624110
0.316200
0.141892
0.467997
-0.463828
0.025304
-0.297716
1.094961
0.414420
0.507016
-1.014295
0.366155
-0.530405
0.104146
-0.470823
1.038210
-0.026886
-0.601760
0.166552
0.849748
0.207913
0.153192
-0.283273
0.474045
0.362152
0.115137
0.197311
0.828805
0.742563
0.220137
-0.627376
-0.136617
-0.624584
0.455240
0.059623
0.072508
0.684982
-0.280599
0.267769
0.314525
-0.290105
-0.398848
-0.405420
-0.358272
0.039874
0.838471
-0.156436
-0.049235
-0.258473
-0.368332
-0.122536
-0.459597
0.181005
0.490897
0.716728
0.056014
0.117048
0.738831
-0.391044
-0.098699
0.020860
0.385281
0.392098
-0.235119
0.034433
0.382997
0.250109
-0.565573
0.148989
0.047366
0.667807
-0.049643
0.388873
-0.417293
0.181908
-0.383546
-0.581744
0.387629
0.366809
-1.019464
0.935793
0.159690
-0.670353
0.186233
0.036029
-0.390050
-0.183750
-0.032634
0.118999
0.368187
0.303834
0.031816
-0.518054
0.162515
1.083728
0.458238
0.146131
0.224576
-0.806994
-0.195659
0.637563
0.217179
-0.088941
0.108034
0.110906
0.201748
-0.387549
0.707362
0.125247
-0.806857
0.263250
-0.763922
0.268048
-0.053208
-0.586693
-0.384878
-1.154803
0.263771
0.035452
-0.677745
-0.738641
-0.215670
0.439077
0.006122
0.602652
0.060260
-0.126395
0.352676
0.444307
-0.918318
-0.442394
0.401767
0.736779
0.571733
0.287598
-0.005225
0.764584
-0.459338
0.357576
-0.330604
1.502542
0.130178
-0.240924
-0.256590
0.067605
-0.529717
-0.903958
-0.375838
0.133897
0.145381
0.427886
0.428146
0.197591
-0.453255
-0.346384
-0.654747
0.339365
0.034003
0.119770
-0.862603
0.063628
-0.022539
-0.216330
-1.510671
0.152102
-0.701789
-0.233628
-0.324744
-0.093591
-0.077101
-0.009286
0.595692
1.687294
0.268394
-0.933443
-0.407042
0.132992
0.351928
-0.176904
-0.031764
0.522033
-0.405025
-0.160658
-0.754113
-0.554614
-0.778358
0.551709
-0.659372
0.503876
-0.091060
-0.641874
0.411895
-0.679939
0.125628
-0.023616
-0.008314
-0.236726
0.369592
-0.164886
0.228638
-0.124221
0.166763
-0.157618
-0.112951
-0.017689
0.040356
0.193363
-0.176841
-0.031295
0.493169
-0.009005
-0.189670
0.226234
-0.436235
0.174823
0.513712
-0.514885
0.008188
0.095241
0.179278
-0.553356
0.493688
-0.619095
-0.085807
0.003114
-0.610249
0.137385
0.222228
-0.560672
1.178931
-0.889676
-0.216994
-0.544902
0.200090
0.372880
-0.021769
-0.646869
-0.097528
0.480807
0.074146
0.711560
-0.315256
-0.214776
-0.276909
-0.303662
0.803979
0.017696
0.101367
0.454768
-0.293122
-0.942484
0.557610
-0.373105
0.614697
0.821298
0.180638
-1.079141
-0.653907
-0.015813
0.273159
0.086546
-0.148027
-0.326243
-0.611146
-0.223621
0.468451
0.174633
-0.012098
-0.422487
-0.236800
0.445155
0.331489
0.235693
0.662766
0.531913
-0.024691
0.413885
-0.075304
-0.755237
-0.007812
-0.094558
0.546929
-0.647041
0.079120
-0.362527
-0.220242
0.507996
-0.593904
-0.561948
0.232197
-0.371866
-0.014811
0.241484
0.041050
-1.134826
0.239066
-0.144864
0.052046
-0.853447
0.014520
-0.750833
-1.147216
0.256480
0.127075
-0.521156
0.035698
-0.401759
0.034470
-0.261731
-0.666027
0.199981
0.131689
-0.756122
-0.365679
-0.004174
0.766261
-0.004059
0.026983
-0.992643
-0.305092
0.483789
0.413750
-0.565938
0.602615
-0.340823
-0.344193
-0.000609
0.344283
0.631195
0.082663
0.128142
-0.613961
-0.300704
-0.395214
0.078834
0.255041
-0.363786
-0.275995
0.506954
-0.566438
-0.599750
1.043775
-0.428987
-0.020939
0.367444
-0.375709
-0.954599
0.161258
-0.640592
-0.418509
0.372217
0.246949
0.381586
0.342717
-0.830039
0.202454
-0.555935
-0.100213
-0.234807
0.257822
0.025611
-0.344787
-0.496576
-1.240605
0.233538
-0.345732
-0.686372
-0.175869
0.189155
-0.221462
-0.150281
0.030073
-0.566699
0.006635
0.686782
-0.247970
-0.164020
0.696305
-0.491172
-0.030709
0.279477
0.265253
0.248634
-0.281698
-0.092783
0.339181
-0.046546
1.010304
0.226727
-0.419133
-0.628507
-0.338295
0.392137
0.315417
0.351299
0.299585
0.259831
0.588894
0.094271
0.638939
0.198380
0.280272
-0.838079
0.863368
0.162869
-0.629255
-1.195828
0.127656
-0.516826
-0.888505
-0.495400
0.197247
-0.039709
-0.152934
-0.123055
0.337363
-0.150223
-0.323930
-0.352183
0.191093
-0.852850
-0.043583
0.036017
0.438489
-0.656329
0.011356
0.126373
0.004947
0.334106
0.076222
-1.110976
-0.077964
-0.038786
0.331505
0.644190
0.309505
-0.011660
0.355090
0.794808
-0.727508
-0.247444
0.231600
0.142201
-0.113079
-0.261532
-0.376965
-0.478539
-0.045513
-0.463556
0.126887
-0.563352
0.852296
-0.324668
-1.283386
0.129334
0.409231
-0.190058
-0.926175
0.149342
0.875884
-0.170455
-0.609216
-0.021224
-0.133145
-0.165150
0.050477
0.103979
-0.036384
-0.117168
-0.063659
0.174606
0.259565
-0.124235
0.405370
0.298387
0.155019
0.448711
0.018334
0.090698
-0.318267
-0.385422
-0.585356
-0.064586
0.134612
-0.241478
0.122779
0.600029
-0.398878
0.394001
-0.837442
0.264636
0.194339
0.302973
-0.510250
-0.353727
0.363487
-0.258941
0.067630
-0.436380
0.473177
-0.469144
-0.279377
0.956689
0.684441
-0.635253
0.087572
0.715073
0.785087
1.109698
-0.364149
1.024551
-0.285432
0.817283
-0.873877
0.313235
-0.744993
-0.244362
1.033462
-0.529353
0.048412
0.193705
0.657823
0.258181
0.430541
-0.016754
0.521491
0.025467
-0.039765
-0.197764
-0.102982
-0.011819
-0.896339
0.318160
0.116287
-0.244863
0.040543
0.107047
-0.380917
-0.169961
0.074864
0.325172
0.260618
-0.154478
-0.101127
0.008650
-0.105569
0.218278
0.441130
0.073763
0.234438
0.304092
0.507970
-0.315459
-0.757930
-0.117464
-0.008671
0.176968
0.297773
0.009444
-0.267486
-0.869120
0.972603
0.274858
0.605967
-0.145377
0.350775
0.677405
-0.493924
-0.080997
0.192415
-0.723948
-0.661345
0.330480
0.126543
-0.523338
-0.082500
-0.248925
-0.986023
0.047479
0.415033
-0.040180
0.684198
-0.005331
-0.245616
-0.322595
0.351444
-0.518031
-0.150994
0.180946
0.524127
-0.824200
-0.586035
-0.290155
0.379097
-0.114327
-0.380458
-0.200652
-0.465390
0.013122
-0.420352
-0.129111
0.697495
0.374944
0.553004
0.738970
-0.325091
-0.074607
-0.136619
0.554422
0.657689
-0.530231
-0.414966
-0.880511
-0.185629
0.139271
0.606921
-0.055128
0.147618
0.166803
0.439627
-0.113033
0.439514
0.504497
-0.985092
0.033351
-0.276471
-0.597799
0.702716
-0.892932
0.297581
0.803840
0.170211
0.629580
0.795906
-0.238863
-0.249337
0.103944
-0.383455
-0.253038
-0.247708
-0.331459
-1.157081
-0.533913
0.240875
-0.228723
-0.496992
-0.799993
-0.013778
0.429429
-0.004963
-0.383681
-0.301239
-0.078581
-0.524148
0.034693
-0.425883
-0.011752
-0.092866
0.161627
-0.241057
0.020888
-0.216493
-0.279767
-0.841609
-0.228960
0.270735
-0.141774
0.672345
0.254980
-0.523096
0.165468
-0.438613
0.171849
-0.756429
0.316926
0.212328
-0.251290
-0.014035
0.598512
0.177042
-0.169896
0.751338
0.161386
0.367074
0.219310
-1.186991
-0.792191
0.037760
-0.186365
-0.244484
0.215787
0.762312
0.809335
0.340404
-0.078389
-0.063233
0.081158
0.246947
0.704737
0.176479
-0.558424
-0.184707
-0.662308
0.273663
-0.240721
0.207866
0.691039
-0.062097
0.010003
0.081892
0.257685
-0.096044
-0.202383
0.451376
-0.019159
-0.774031
0.380761
0.127553
-0.483505
-0.030827
0.100869
-0.447964
0.495539
-0.726695
0.336838
0.028567
0.140008
0.421431
-0.317500
0.305511
0.130291
-0.004345
-0.101503
0.485503
0.322677
-0.772438
0.610846
0.569330
-0.098524
-0.265870
0.184393
-0.265324
-0.341715
0.127486
0.095525
0.315457
0.199004
-0.266851
0.038698
0.186816
0.928771
0.478155
0.500503
0.064679
0.541615
1.037275
-0.186024
0.174967
-0.173983
-0.039921
-0.547914
0.808941
0.453333
0.628671
-0.032107
0.573695
-0.698714
-0.421272
0.163363
-0.610852
1.258227
0.536758
0.058272
0.127647
0.075174
0.385968
-0.159247
0.249539
-0.011316
-0.040630
-0.615299
-0.063731
-0.050686
0.365070
-0.215554
0.194215
0.016163
0.585568
0.134660
0.223484
-0.118883
0.212744
0.162285
-0.649871
-0.177570
0.168059
-0.228938
-0.157958
0.111962
-1.030017
0.304043
0.308039
-0.390691
0.760413
-0.237911
-0.010868
0.132815
-0.014411
0.572885
0.791437
-0.556248
-0.251557
-0.023442
-0.575949
0.550130
0.817208
0.110772
-0.841573
0.400522
0.271964
0.103395
-0.813227
-0.292185
0.192917
1.257644
0.053233
0.536618
0.360405
-0.349309
0.758015
-0.884803
-0.389403
-0.395087
-0.252612
-0.457781
-0.746230
0.944429
0.590874
0.572012
0.238682
-0.874940
-0.341139
-0.076762
0.503714
-0.941619
0.276579
0.264657
-0.370366
-0.411023
-0.931960
1.081651
-0.280491
0.508663
0.096360
-0.575371
0.107048
0.386436
-0.326570
1.015784
0.448343
-0.699003
0.248843
-0.240733
0.581021
0.091008
-0.146250
-0.096530
-0.163946
0.368837
-0.328889
-0.111847
-0.360173
0.310310
-0.052151
-0.007930
-0.322440
-0.082551
0.751989
0.224367
0.502079
-0.197653
0.332439
-0.670686
0.101521
0.641407
0.777023
-0.016026
0.354838
-1.212161
0.195788
-0.769187
-0.065402
-0.030554
0.983163
0.673435
-0.057626
0.105773
-0.272333
-0.371581
0.753902
0.308965
-0.256932
0.486646
-0.386231
0.429305
-0.577197
-0.495071
-0.256115
-0.500437
-0.022514
0.309187
-0.193225
-0.170696
0.070557
-0.192270
0.533444
0.430735
-0.478457
-0.719808
0.199342
-0.123783
0.092769
-0.576782
0.922981
0.250222
0.471746
0.276261
0.376569
-0.316234
-0.678650
-0.231441
0.421294
0.459488
-0.585865
0.221734
-0.015442
0.087564
0.451237
0.237043
-0.433697
0.025058
-0.254314
0.290105
-0.105867
0.537207
-0.108277
0.227869
0.480873
0.080709
-0.365594
0.656650
-0.389269
-0.038941
0.258467
-0.026860
-0.350956
-0.008089
0.653418
0.159063
-0.602785
-0.589109
0.175824
-0.156607
-0.632842
-0.191310
-0.235944
-0.562130
-0.193386
-0.160043
0.342289
-0.064138
-1.121943
-0.041141
0.076122
-0.257146
0.588936
-0.002815
-0.568911
0.416768
-0.331421
1.061426
0.187001
-0.136954
-0.473608
-0.405841
0.021379
-0.210596
-0.330776
-0.011204
-0.592693
0.689088
-0.597415
-0.179973
-0.415811
-0.603073
-0.160374
0.906975
-0.113002
0.121715
-0.068249
-0.310455
0.054457
0.395652
-0.323009
-0.653055
-0.344853
0.375404
0.744120
-0.772159
1.052660
-0.301870
0.173893
0.175224
-0.173639
-0.281726
0.470529
0.717735
-0.071437
1.033714
-0.017062
0.267721
0.085965
0.097687
0.366350
-0.038047
-0.406451
-0.410780
-0.490536
0.310866
0.030413
0.474772
-0.398206
0.102988
-0.770294
-0.533449
-0.425427
-0.112248
-0.529541
-0.488173
-0.517705
-0.396784
-0.168440
0.537289
0.959877
0.284293
-0.755136
0.122213
0.201443
-0.460040
-0.419474
0.399183
-0.365924
-0.112672
-0.027935
-0.720916
-0.686743
-0.158546
-0.008673
-0.221610
-0.597564
0.214005
0.264145
0.247281
-0.342631
0.413047
0.181624
0.488436
0.550606
-0.190949
-0.080202
-0.793686
0.284937
-0.234020
-0.237037
-0.359568
0.000891
0.648515
-0.203272
-0.114323
0.232837
0.333970
0.298130
0.106998
0.014092
-0.518794
0.421916
0.546489
-0.057890
-0.052032
-0.156572
0.425984
0.516030
0.344089
0.254540
0.536130
-0.546168
0.110092
-0.357094
0.734918
-0.201729
0.444187
-0.437999
0.308038
0.470997
-0.248720
-0.099998
-0.283069
0.011381
-0.188649
0.510044
-0.282467
0.561212
-0.419853
-0.114663
0.447192
-0.467551
-0.523552
0.283660
-1.113437
0.350727
0.262635
-0.020893
-0.405599
-0.748848
0.196332
0.052573
-0.186569
-0.386189
-0.528528
-0.717312
0.368579
0.143669
-0.193988
-0.156480
-0.593925
-0.145047
-0.161247
0.365661
-0.048847
0.373875
-0.163782
-0.415916
0.149545
-0.001119
0.212974
0.215922
0.809972
-0.965954
-0.842607
0.312287
-0.861843
0.231201
-0.417288
0.271136
-0.306332
-0.114426
-0.150931
-0.828697
-0.653113
0.152453
-0.057073
-0.799263
0.144088
0.512463
0.084523
-0.015389
-0.247969
0.266586
-0.873108
-0.932160
-0.259656
-0.382927
0.674813
-0.795539
0.241253
0.037198
-0.381439
0.619466
-0.175280
-0.852299
-0.002371
0.138813
0.562083
0.094327
-0.887746
-0.735361
-0.424701
-0.019688
0.188129
0.093139
-0.105817
-0.242967
0.690234
-0.821685
-0.258538
0.544301
0.490006
0.007856
-0.286242
-0.384818
0.133300
-0.354473
-0.538131
0.856643
0.503549
0.434418
-0.103531
-0.226030
1.458138
0.346034
0.376912
0.188284
0.170008
-0.025502
0.363097
0.469186
-0.542026
-0.918771
0.501159
0.196845
1.115568
-0.767688
-0.209650
0.118237
0.454031
-0.568306
-0.432803
0.484159
-0.067425
0.518023
-0.191666
-0.270853
-0.253220
0.308584
0.034160
0.463153
-0.606906
1.201069
-0.232601
0.584487
0.457044
0.182388
0.089284
0.110663
-0.020216
-0.340218
0.435617
0.162797
0.433290
-0.524446
-0.346911
0.292385
-0.050904
0.251094
-0.038446
0.589521
-0.020270
0.062853
0.178632
-0.480103
-0.545165
0.266940
0.199424
0.713389
-0.238337
-0.428715
0.014370
-0.135319
0.013315
0.600734
-0.476375
0.396313
0.273961
-0.241803
-0.804509
0.041259
0.006910
-0.763177
-1.359443
-0.224675
0.283947
-0.303548
0.384262
0.384710
-0.440555
-0.334489
0.129686
0.059092
-0.716924
-0.222157
-0.135661
-0.461800
0.778093
0.167878
-0.059675
-0.326832
1.208073
-0.257765
-0.694870
-0.401685
-0.024614
0.204944
0.312077
-0.448939
-0.030279
0.046907
0.600432
0.072446
-0.149006
0.472677
0.795877
1.104375
0.438350
0.241971
0.168014
0.262449
-0.021591
-0.644901
0.106674
-0.758382
-0.083733
0.094754
0.683096
0.061801
-0.772363
-0.019536
-0.299982
0.522031
0.002627
0.909412
0.654632
0.272563
0.275645
-0.661022
-0.267316
-0.235811
0.402365
-0.095531
-0.399202
0.122259
0.290636
0.206101
0.520496
0.332550
-0.202587
0.861472
0.282644
-0.088061
0.538954
-0.715522
0.496746
0.331258
0.541358
0.587466
0.453280
-0.396476
0.771262
-0.681310
0.811255
0.938496
0.433352
-0.456996
-0.429660
0.002712
-0.446148
-0.569206
-0.076056
0.010072
0.202301
-0.062976
0.189995
-0.548317
0.815905
0.344476
-0.249136
0.576870
-0.232489
0.687617
0.347708
-0.425435
0.153870
0.371049
-0.371424
-0.116856
-0.189435
-0.455222
-0.215518
-0.203523
-0.334901
0.225360
-0.644751
0.558822
-0.556487
-0.424565
0.297128
-0.329034
0.735835
-0.479851
-0.155454
-1.329033
0.038679
0.212888
0.033892
0.093155
-0.134359
0.118493
1.292679
-0.084648
0.111424
0.140947
-0.075263
0.032688
0.015488
1.052885
0.492678
-0.579184
0.247645
-0.232752
-0.371913
0.008977
-0.043138
-0.879053
-0.428066
0.444733
0.179329
0.162126
-0.036176
-0.213808
-0.067764
-0.285203
0.637734
0.143181
0.103157
0.304505
0.028318
0.267743
0.220877
0.204763
0.666349
-0.554752
0.173083
0.435269
0.033674
0.365013
-0.266795
0.223851
-0.411280
-0.214452
-0.228637
0.157788
0.038920
-0.454821
-0.258300
-0.262458
-0.305319
-0.134125
0.506731
-1.356276
-0.323375
0.587166
0.381433
0.354810
0.091406
0.014829
0.344885
0.032797
0.970146
0.774445
0.076597
-0.317213
0.118538
-0.268624
-1.480031
0.077908
0.683079
-0.402821
0.499579
0.074724
0.098869
0.411196
0.511032
0.254889
-0.044555
-0.330693
0.004515
-0.498902
-0.470312
-0.613263
-0.026288
-0.561147
0.248121
0.147601
0.477264
0.422540
0.496255
0.798544
0.459246
0.000477
0.378591
0.289401
-0.119014
-1.050832
-0.512943
-0.119992
-0.267458
0.865781
-0.124882
0.452794
-0.273182
0.337951
-0.167634
0.137625
0.047215
0.554743
0.458610
-0.327752
0.023033
-0.455971
-0.490331
1.059831
0.333493
0.177977
0.056864
0.901492
0.370865
-0.610584
0.131721
0.199321
-0.166978
-0.649730
-0.329632
0.009709
0.034672
0.192260
-0.353816
-0.066622
-0.242856
-0.164121
0.214477
0.507729
-0.002222
0.003138
0.009053
-0.366227
0.011626
-0.660080
-0.258021
0.258404
0.323756
0.241623
0.434094
0.353948
-0.296246
0.432641
-0.144412
0.450081
-0.106395
0.440894
-0.056484
0.311149
-0.034243
-0.319954
0.538191
0.525684
-0.010140
0.359649
0.053483
-0.497290
0.408960
-0.352165
-0.090144
0.031648
-0.509025
0.087277
-0.822812
-0.042513
0.008150
0.093017
-0.112418
0.564639
-0.109048
-0.282497
0.555908
0.138654
-0.076571
0.389551
0.611514
-0.746002
0.486069
0.083819
-0.169198
0.111167
-0.617568
-0.231796
-0.645560
-0.519962
0.104788
0.787849
-0.103163
0.196485
-0.305098
-0.013804
0.037919
-0.155042
0.238607
0.790381
0.295714
-0.461686
-0.243296
0.601959
-0.132937
0.387276
0.631800
0.017809
-0.483486
0.434530
-0.849957
0.428699
-0.021918
0.607595
-0.132061
0.088704
0.044403
-1.176222
0.191328
0.313722
0.363564
0.675306
-0.334188
-0.213540
0.262340
0.578637
0.261504
-0.024336
1.561252
0.331175
-0.303487
0.401800
0.359528
-0.595604
0.690588
-0.408902
0.330641
-0.282234
-0.354105
-0.266487
0.142766
0.477898
0.512685
0.174975
-0.785204
-0.417283
-0.530251
0.187384
-0.092580
0.123987
-0.104995
-0.173354
-0.409396
-0.157041
-0.385175
-0.305906
-0.027040
-0.368856
0.339413
-0.543109
-0.337657
-0.029028
-0.655100
-1.021808
-0.023873
0.054320
0.368341
-0.579768
0.038747
-0.321289
0.896173
-0.088418
-0.105224
-0.064055
0.054288
-0.605114
-0.435769
-0.163822
0.115465
0.629147
0.120655
-0.127008
0.380591
-0.188926
0.409197
-0.361288
-0.449115
0.490869
-0.568568
-0.544654
0.577344
0.494775
-0.053804
-0.453076
-0.314162
0.297676
-1.040235
-0.483847
0.140747
0.739973
0.171367
0.158460
0.152385
-0.790089
-0.333201
-0.751057
-0.355599
0.025051
-0.268878
0.966821
0.530606
0.635962
0.390267
0.167220
-0.165185
-0.306182
0.322675
0.551780
0.083758
0.161396
1.135302
0.062128
-0.120004
0.057812
-0.117202
-0.442193
0.587902
0.884128
0.454973
-0.224337
-0.676559
-0.005580
0.156145
-0.246985
0.385134
-0.613224
0.338744
0.384481
0.772788
-0.559564
0.505087
0.356718
0.285246
-0.537184
-0.084078
-0.227221
0.386104
0.156857
-0.173285
-0.194873
0.367719
-0.002857
0.206561
-0.329803
-0.054311
-0.830011
0.767635
-0.349035
0.513275
0.110913
0.215278
0.195974
-0.290399
0.665755
-0.390471
0.311121
-0.166810
0.028128
-0.676268
-0.277485
-0.687807
0.060699
-0.000547
0.155462
0.750739
0.854220
0.174643
0.277824
-0.187805
-0.086285
-0.176431
0.311293
0.369047
-0.328717
-0.184128
-0.388837
0.598935
0.279976
0.271428
-0.056304
0.447320
-0.679005
0.226754
-0.327211
0.366520
-0.330892
-0.337700
-0.252166
-0.571343
-0.237492
-0.146853
0.655097
0.222687
0.471455
-0.071295
-0.012023
0.414916
-0.273732
-0.030590
0.179126
-0.427888
-0.152418
-0.261933
0.041562
-0.184478
-0.684103
-0.060937
0.563150
0.335003
0.264586
-0.782053
0.980593
0.511505
-0.187539
0.074344
0.671731
0.637223
0.126304
0.434045
0.248126
0.598405
-0.175569
0.687941
0.248829
0.562834
-0.139913
-0.591216
0.274549
0.604238
0.065219
0.042065
0.495407
-0.813855
-0.028560
0.571485
1.229646
-0.401632
-0.005914
0.713702
-0.065245
-0.111446
-0.707743
-0.490709
-0.378075
0.089922
0.135363
0.421446
0.432429
0.831912
0.074491
0.053127
-0.092164
0.168277
0.579136
0.149889
0.663648
-0.105022
0.609848
-0.125197
0.671791
-0.171765
0.152921
-0.702837
-0.156900
-0.499312
-1.083106
0.723971
-0.294654
-0.486271
-0.587486
-1.055869
0.011242
0.627234
0.283247
-0.284419
-0.310863
0.036740
0.280203
-0.995178
-0.114980
0.409102
0.784462
0.182880
0.155345
-0.351354
-0.229957
-0.429072
-0.389441
-0.387913
-0.623658
-0.448646
0.075499
-0.254167
-0.250977
0.518857
-0.506864
0.003524
-0.176705
-0.122919
-0.515229
0.021973
-0.223999
1.402484
-0.275908
-0.015059
0.423598
-0.167113
0.633600
0.293795
-0.188758
0.518202
-0.483363
-0.306771
-0.643499
-0.401796
0.331011
-0.298339
0.343003
-0.645919
-0.540032
0.150442
0.025773
-0.291775
0.555934
0.528567
-0.026953
0.602523
0.701001
-0.461234
-0.209416
0.091231
0.546606
-0.266181
-0.334961
0.131211
-0.115094
-0.181512
0.348674
0.130370
0.234305
0.001288
-0.153428
-0.122739
0.331707
-0.942449
-0.423025
0.007684
-0.264171
0.547783
-0.288191
-0.033098
-0.030065
0.660899
0.402373
-0.018689
0.098620
-0.274518
0.967951
-0.180696
0.540918
-0.373978
0.352032
0.515743
-0.350697
0.234311
0.245758
0.324960
-0.558369
-0.660860
-0.106852
0.693107
0.299746
-0.275500
0.274241
-0.059965
0.052190
0.578855
-0.201709
0.059284
-0.053158
-0.791972
-0.623641
0.415977
-0.505403
-0.300046
0.127676
0.556137
-0.624683
0.120458
1.217220
-0.135328
-0.180898
0.036717
-0.256571
0.322384
0.636509
0.662153
-0.967239
0.749342
-0.354058
-0.174846
-0.681359
0.043530
-0.070139
0.526739
0.415483
0.564289
0.416401
-0.174971
-0.443693
0.121767
-0.377498
-0.416463
-0.288262
0.224727
-0.602462
-0.295600
-0.327952
-0.026108
0.336609
0.014863
-0.642934
0.144587
-0.440110
-0.023357
-0.220162
0.562557
-0.136082
0.147012
-0.443122
-0.266894
-0.442517
-0.073559
-0.191693
0.696416
-0.391229
0.073875
-0.010822
0.172062
-0.763012
0.159714
0.161802
-0.145028
-0.263385
0.310200
0.062926
-0.152245
0.051173
-0.543739
-0.150699
0.747127
0.710340
0.160075
0.058362
1.132831
-0.415805
-0.188926
0.951654
-0.153047
-0.662384
0.038214
1.050846
0.438067
0.223109
0.840249
0.166860
-0.304491
0.155332
-0.561527
0.144642
0.463055
-0.081463
-0.198941
-0.577710
-1.272280
-0.299214
0.854034
0.077891
0.930692
0.989361
0.031070
0.559044
0.222043
0.356687
0.529961
-0.477064
0.073124
-1.418197
0.589931
0.142085
-0.122565
0.281135
-0.223018
-0.225401
-0.500736
0.469325
-0.544952
0.251490
-0.423771
-0.817624
-0.423308
-0.870245
-0.265096
-0.107250
0.457322
0.024051
-0.115810
-0.034901
-0.061057
-0.623328
0.251412
0.321762
0.079514
-0.239264
0.194228
0.008650
-0.093886
0.141745
-0.551211
0.492752
0.352568
0.377045
-0.461260
-0.297594
0.181319
-0.255520
-0.283904
-0.480152
0.299180
0.218670
0.319474
-0.291957
0.610354
0.646805
0.506061
-0.175721
-0.569514
-0.503176
0.228587
-0.198119
0.719405
1.022094
-0.425049
0.299433
0.104434
-0.631978
0.334094
-0.428648
0.685255
-0.055379
0.496506
-0.216586
-0.453844
-0.032606
0.343979
0.143044
0.529022
-0.003853
0.946071
0.267585
0.529832
0.682758
-0.059104
0.294260
-0.780694
1.128933
0.053532
-0.576471
-1.124136
-0.269883
-0.333576
0.644718
0.287434
0.222722
-0.487169
0.811979
-0.573579
-0.336683
0.046350
0.366303
0.079895
-0.424587
-0.032107
0.148516
0.259228
-0.462051
0.044717
0.230097
0.053557
-0.445295
-0.545177
0.124920
0.551996
-0.444344
0.386721
-0.057677
0.716718
0.519111
0.436825
0.099099
-0.026307
0.066885
-0.058662
0.006879
0.499697
-0.485795
0.153439
0.226851
-0.301258
-0.710583
-0.069892
-0.001488
-0.217415
0.114048
0.092951
0.103075
0.228644
-0.068919
-0.746918
0.226883
-0.617702
0.336335
0.324437
-0.200833
0.597045
0.247764
0.004699
0.415663
-0.130894
-0.418637
-0.610227
0.194473
-0.550704
0.456093
0.833468
-0.091512
-0.131057
-0.534989
0.005235
-0.031252
-0.665092
-1.183078
0.829782
0.280764
-0.352432
0.656530
0.560166
0.207277
-0.230504
0.290206
0.251573
-0.019211
-0.962142
-1.027077
0.093755
0.079982
-0.141604
-0.342155
0.459621
