-0.056289
0.081840
0.094958
0.119383
-0.348259
0.136698
0.323509
-0.204061
0.269334
-0.443516
-0.803350
-0.363698
0.045152
0.543271
-1.066647
-0.579889
0.220348
-0.604740
0.138719
0.591578
0.119104
0.792201
-0.377924
-0.133335
0.547270
-0.137371
0.001360
0.206005
-0.371612
-0.204658
-0.159822
0.778236
0.218704
0.585422
0.134456
0.200226
0.677365
-0.469314
-0.130169
0.841740
0.620114
0.207827
0.508386
-0.184513
0.572159
0.113394
0.220115
0.010983
-0.689188
0.248495
-0.268384
0.118057
-0.366084
-0.452809
0.012603
-0.858535
-0.316052
0.109778
0.134743
0.289948
0.671740
-0.634929
-0.587654
-0.624610
-0.214639
0.467266
0.895534
0.702440
0.402973
-0.584700
-0.052839
0.048812
-0.185322
-0.223026
0.468024
0.291792
-0.001308
-0.624221
0.114525
0.291661
0.269190
0.393040
0.571488
-0.648018
0.174973
0.012761
0.140194
0.333742
-0.466678
-0.401437
0.052247
0.926267
-0.206219
0.112031
-0.033698
0.205052
0.061102
0.475890
0.509904
-0.358324
0.666438
-0.206624
0.450618
-0.459796
-0.327819
0.213242
-0.124436
-0.588167
0.169470
0.212906
0.037725
0.053584
-0.621793
0.325962
0.171920
0.713285
-0.676436
0.237064
0.053437
0.042502
-0.652359
-0.186677
0.681409
0.011646
-0.167587
-0.366957
0.364368
-0.439934
0.098141
-0.010181
0.508498
-0.247391
0.003283
-0.400661
0.621973
-0.195707
-0.422740
0.005737
-0.471198
0.277265
-0.321404
-0.108292
-1.104957
-0.134698
0.523677
-0.472390
0.146855
-0.156393
0.221580
-0.227901
0.273511
-0.799722
-0.289077
0.072903
0.130699
0.116471
-0.193315
-0.741668
-0.415111
0.030727
0.689152
0.846527
-0.047772
0.093757
-0.184367
-0.239689
0.277896
0.123028
0.488325
-0.723555
-0.729459
0.355422
0.248364
0.125825
-0.443226
0.447688
-0.050679
0.431159
-0.648932
0.012515
0.503465
-0.899799
0.330755
-0.802997
0.426403
-0.159794
-0.417213
0.653304
-0.169992
-0.119474
-0.093315
0.141281
0.802043
0.270233
-0.173730
-0.248507
-0.251058
-0.513011
0.329533
0.096180
0.340337
0.166971
-0.942098
-0.406212
0.309294
0.855431
0.140292
-0.123226
0.226380
-1.172583
-0.627348
-0.209658
-0.545023
-0.009545
0.157305
-0.367242
0.122499
-0.423742
-0.182900
-0.118153
0.687502
-1.365369
0.073288
0.116116
-0.473507
-0.644963
-0.032587
0.051884
-0.475972
-0.053318
-0.256182
0.289649
-0.073145
-0.426377
0.239295
-0.268391
0.369775
0.411924
-0.715993
0.289548
0.579622
0.350565
0.579340
-0.633009
0.238276
0.284712
-0.492241
-0.670990
0.259138
0.273776
0.442586
-0.432190
0.025023
0.069641
0.575172
-0.237342
0.245402
-0.432404
-0.054302
-0.868233
-0.179256
-0.171547
-0.154369
-0.132531
0.721842
0.499433
0.266944
-0.289822
-0.038694
0.604272
-0.048587
0.000040
-0.845085
0.394177
-0.333447
-0.207876
0.290080
0.656781
-0.326968
0.427981
0.384120
0.061805
0.030212
0.132810
-0.739717
0.642672
0.422667
-0.396792
-0.020551
-0.590647
-0.571392
0.398809
-0.049961
-0.525213
0.290289
-0.199301
0.145551
0.094292
-0.762237
-0.175891
-0.162572
0.341003
-0.526741
0.324066
0.828692
0.397612
0.308767
0.010340
0.157278
0.688915
0.199827
-0.315838
0.563188
0.160444
-0.349186
-0.193739
-0.057556
0.258642
-0.240934
-0.393760
0.039752
-0.609021
0.441550
-0.682818
0.080938
0.699209
-0.012456
-0.200496
0.851671
0.127355
1.100188
0.226705
-0.547520
-0.213299
0.066396
-0.416432
-0.271235
-0.091413
-0.352385
0.281971
0.561947
-0.518871
-1.047354
0.182379
-0.987450
0.551220
-0.090326
-0.584023
0.627562
-0.344517
0.263312
-0.354395
0.663915
0.222391
0.024284
1.169328
0.127692
-0.878007
-0.050014
0.057312
-0.797377
0.562848
-0.676342
0.172664
-0.240894
0.869879
-0.058645
-0.203386
-0.688395
-0.320018
0.003121
0.528681
-0.110258
-0.083458
-0.201211
-0.203271
-1.206755
-0.229519
-0.564223
-0.730396
0.968827
0.463444
1.204501
0.104489
1.093684
0.469800
0.548251
-0.410646
-0.111691
0.204310
-0.337534
-0.002178
0.338209
0.222588
-0.210934
-0.760114
0.229035
0.338603
-0.086727
0.065745
0.303160
-0.017541
0.375924
0.180280
0.275426
-0.446034
-0.187842
0.037152
0.327355
0.154314
-0.192960
-0.316543
0.489153
-0.950746
0.078545
-0.196944
0.213282
-0.173448
0.205346
0.450789
-0.839131
0.121811
-0.410097
-0.112537
0.160201
0.852564
0.396900
-0.116451
-0.165332
0.355830
-0.520723
-0.148140
-1.131631
0.221585
-0.228215
0.376015
-0.363117
0.365688
0.229625
-0.518505
0.538438
0.971363
0.378762
-0.336765
-0.041840
0.699768
-0.391119
0.015487
-0.855561
-0.503846
-0.393239
-1.290292
0.313104
0.440408
0.446389
-0.159592
0.732954
-0.031060
0.539069
-0.634227
1.235736
-0.385031
0.925031
0.242415
-0.134399
0.529950
0.608021
0.638295
0.483733
0.548366
0.040903
-0.437418
-0.014731
-0.018868
-0.471855
-0.196152
0.211892
0.526542
-0.683844
-0.522195
0.623466
0.343438
0.739288
-0.109260
1.111269
0.790381
0.082886
-0.004422
-0.218223
-0.495693
0.469438
-0.142384
-0.017408
-1.382909
-0.091846
-0.344513
0.557906
0.369563
-0.187027
-0.352292
0.631125
-0.135287
0.034567
-0.106110
0.019643
-0.183418
-0.527514
0.317270
-0.302353
-0.998359
-0.211715
0.293861
0.125650
-0.758254
0.350996
-0.072391
-0.288332
0.273893
-0.329786
0.371199
-1.035852
0.245077
-0.208083
0.282778
0.515414
0.131045
-0.214268
0.752347
0.720995
-0.235367
-0.040565
0.029277
-0.002369
-0.730120
-0.042560
-0.005615
-0.628061
-0.174275
-0.383402
0.142364
0.241016
0.123719
0.485490
0.442649
1.319159
-0.249423
-0.036620
0.175843
-0.491599
0.282525
-0.304057
-0.142715
-0.675212
0.184233
0.159582
-0.455658
0.068949
-0.010564
0.320395
0.429910
-0.119652
0.144067
-0.355720
0.176807
0.062730
1.064753
-0.810714
-0.020265
-0.244519
0.409474
-0.304516
0.413970
1.016485
-0.615260
-0.233308
1.235789
0.198178
-0.085706
0.248593
0.998309
0.397070
0.084990
0.691453
0.276627
0.764133
-0.650906
0.446327
-0.092259
0.365603
-0.813850
0.052828
0.225660
0.723427
0.344998
-0.337720
0.582947
-0.984019
0.122714
-0.361768
0.018066
0.093751
-0.127096
0.426129
-0.540023
-0.029735
-0.110553
0.438504
-0.084194
-0.085354
0.416971
0.217551
-0.431227
-0.124732
-0.114889
0.267582
0.414790
-0.040535
-0.030150
-0.586290
-0.869855
-0.808103
-1.134471
0.033799
0.515252
-0.050507
-0.092266
0.153768
-0.754821
-0.064622
0.465959
-0.667582
0.067270
0.591368
-0.422689
-0.369029
-0.228243
-0.131236
0.293398
-0.991556
-0.493944
0.034111
-0.516387
-0.256176
-0.153880
-0.755210
0.173621
0.030013
-0.790211
0.001449
-0.094833
0.385126
0.212976
-0.277813
-0.025963
-0.765518
0.547837
0.126289
0.545552
0.068637
0.151780
-0.795118
0.677718
0.729506
-0.868459
0.341618
-0.111227
0.686127
-0.450050
-0.202500
-0.480728
-0.063655
-0.334496
-0.396390
-0.166344
0.283734
-0.480181
-0.117462
-0.118536
0.877883
0.224201
0.131362
0.086341
0.683484
0.163309
-0.058716
0.057022
-0.464369
-0.307206
-0.865205
0.070466
-0.341764
0.129979
-0.268275
0.171820
-0.030216
0.369661
0.117131
-0.048335
0.137961
0.173348
0.221192
-0.267703
-0.077221
0.058296
0.447223
0.026417
-0.567668
-0.207174
0.310745
0.333094
-0.281709
0.617165
-0.068991
0.047557
-0.257936
0.192779
0.473085
-0.385893
0.149879
-0.699437
-0.100034
0.226297
0.211648
0.510118
0.330446
0.046214
-0.368700
-0.687522
-0.071709
-0.929473
0.188380
0.147508
0.381757
0.407509
0.153931
-0.298542
0.011120
0.176745
0.115396
0.127210
0.348504
0.243534
0.304934
0.148721
0.468498
0.220275
-0.375247
-0.642070
0.510428
-0.427828
0.385639
-0.010383
0.164642
-0.083353
-0.041179
0.403101
0.227909
0.237483
-0.602020
0.607922
0.519397
0.118084
0.313127
0.438489
0.565683
0.666826
0.504556
-0.196462
0.634620
0.705187
-1.040633
0.121730
-0.660750
-0.002753
0.069209
0.240518
-0.015787
-0.215923
-0.024328
0.194009
-0.295939
0.319442
-0.125666
-0.386774
0.531471
-0.224090
-0.419628
-0.071904
0.527255
-0.287721
-0.350653
0.086558
-0.784244
0.466885
-0.400476
0.306743
0.563606
0.189424
-0.061745
-0.951986
-0.115019
-0.449162
-0.884364
0.325842
-0.273191
-0.368458
0.774665
-0.421349
0.690795
-0.701831
-0.268116
0.436304
-0.123409
-0.033217
0.068810
0.325098
-0.315512
-0.108960
0.246154
0.471877
-1.058720
-0.432281
0.287909
-0.155982
-0.126561
-1.067321
-0.439615
-0.232623
0.654458
0.287415
-0.091223
0.036707
0.792304
0.822963
0.338636
0.043794
0.156734
0.464695
0.087910
-0.220966
0.566343
0.193451
-0.608201
0.073137
-0.494836
0.011256
0.116892
-0.165972
-0.247400
0.803097
-0.826185
-0.383360
0.186406
0.318488
0.427077
0.207718
0.290856
0.005431
0.094990
0.833583
-0.347943
-0.245268
0.248507
-0.451640
-0.637393
0.460947
0.022742
0.168789
0.018398
0.626809
0.305896
-0.259554
-0.792499
-0.152903
-0.153576
-0.385688
0.018529
-0.026983
-0.041917
0.561051
0.329101
0.041269
-0.435451
0.331587
-0.082554
0.707842
0.416241
0.795175
0.544073
0.120392
1.126560
-0.603121
-0.876882
0.002704
0.617754
-0.677638
-0.220396
-1.213931
0.684671
0.620239
-0.136390
0.632664
0.341749
0.024581
-0.306484
-0.425644
-0.073101
1.185657
-0.045795
0.583144
-0.218396
0.503419
0.458441
-0.032508
-0.530948
-0.106045
0.072694
-0.202766
-1.213465
-1.139756
0.658320
0.580251
0.690436
-0.557967
-0.446181
0.242892
-0.042452
-0.036738
0.505305
-0.128428
-0.024466
0.212705
0.377262
0.199641
0.766635
0.463490
-0.357173
0.626018
0.597145
-0.299529
-0.860416
-0.379303
-0.494273
-0.171501
-0.118963
-0.301062
-0.289284
0.591903
-0.437868
-0.619108
-0.292289
-0.262608
-0.115369
-0.282600
-0.201810
0.515637
0.788033
-0.120323
-0.521643
0.379171
-0.192828
0.541042
0.329814
0.621390
0.508491
0.521210
-0.085637
0.134006
-0.047731
0.101906
0.080209
0.110905
0.640585
-0.631367
-0.596335
0.325659
0.164128
-0.360774
0.204525
-0.788586
-0.499189
0.037933
-0.098897
0.335842
0.125014
0.279467
-0.133413
-0.791123
0.939945
0.593070
-0.608766
0.209945
-0.239019
-0.071810
0.536728
1.011120
0.876205
0.411569
1.096884
0.124106
0.399027
-0.338022
0.575302
0.263686
0.010072
0.184867
-0.263532
0.548227
-0.318507
-0.477561
-0.047215
0.144174
0.456234
-0.500029
0.215496
1.272336
0.095556
-0.709817
0.003880
0.497761
0.036930
-0.413684
0.258531
0.123086
-0.636635
0.522322
0.817602
-0.842004
-0.190714
0.228781
-0.320181
0.314431
-0.067013
0.089311
-0.014154
0.464638
0.451807
-0.179039
-0.516019
0.900999
0.506916
0.227670
-0.081161
0.349405
0.425574
-0.268038
0.198613
-0.034690
0.337291
0.202501
-1.217535
-0.199909
0.061190
0.280694
0.235097
-0.529312
0.523972
-0.323175
-0.455507
0.206034
-0.061640
-0.363463
0.253884
0.503416
-0.157105
0.204157
-0.289022
-0.087144
-0.103590
-0.153087
-0.659935
-0.019139
0.196322
0.067424
-0.303562
0.615213
-0.825131
-0.094725
0.624549
-0.835279
0.268854
-0.313663
0.182266
-0.743349
0.086665
0.243248
-1.156191
0.297290
0.230522
-0.402764
-0.448655
-0.570572
-0.444193
-0.935917
-0.005397
0.268420
-0.507744
0.374802
-0.076863
-0.180169
-0.087607
-0.227549
0.471190
0.347750
0.729241
0.443347
0.048206
0.064330
0.549051
0.636254
0.070784
-0.678640
0.045253
-0.208872
-0.910443
0.435584
0.173005
-0.828055
-0.106172
-0.008866
-0.200764
-1.336589
0.363163
0.418067
1.019471
-0.338420
0.723482
-0.346073
0.236312
-0.846264
0.401989
-0.272387
0.224481
0.044129
0.401434
0.350026
-0.749653
0.027059
0.799570
0.017297
0.243159
0.752745
0.386635
-1.053284
0.014722
0.046799
-0.102082
-0.407261
0.021275
-0.069353
0.276389
-0.155114
-0.605767
0.034483
0.017597
-1.149764
-0.802239
0.246743
-0.332975
-1.135126
0.259261
-0.355320
-0.783036
0.136217
-1.103318
-0.282762
-0.021785
-0.041267
-0.090322
0.126512
0.161583
0.287032
-0.098291
-1.063772
-0.349589
0.324944
0.686049
0.046286
0.490257
0.591594
0.703415
0.019462
0.037006
-0.084611
0.304677
0.170017
0.016039
0.015004
0.459660
0.255948
-0.019996
0.204472
0.373506
0.451242
0.136653
-0.114413
0.031821
-0.029171
-0.651039
-0.804618
-0.478376
0.078865
0.102601
-0.102837
0.506388
-0.008452
0.178775
0.010660
0.915305
0.368598
-0.441638
-0.630475
-0.050120
-0.198107
0.172366
-0.396452
-0.018439
0.672763
0.134554
0.442431
0.351672
-0.426194
0.282457
0.196559
0.309177
-0.163249
0.551649
0.437109
-0.344340
-0.016220
0.058449
-0.603385
0.282882
-0.256432
-0.159978
-0.447267
-0.195730
-0.765188
1.001288
-0.443462
0.154283
0.644338
0.655025
0.037132
-0.106740
-0.294600
-0.457635
-0.191162
-0.159028
-0.305563
0.467184
-0.617489
0.133006
-0.882835
0.457761
0.099544
-0.001999
-0.409427
0.360392
1.100337
0.196055
0.712936
-0.095753
-0.213819
0.348859
0.306508
-0.024000
-0.618138
-0.013831
-0.032233
0.760964
0.023307
0.475983
-0.861119
0.504501
0.161562
-0.643291
-0.308907
-0.629128
-0.260537
0.823312
0.465493
0.487069
0.726345
0.396346
-0.151533
-0.170313
0.908325
0.713131
-0.508425
-0.805121
-0.414246
0.612582
-0.122528
0.412280
-0.138737
0.357739
-0.185212
0.348340
0.574752
1.193911
-0.150221
-0.321640
-0.611933
0.308195
0.436252
0.733855
0.168500
-0.054478
0.083843
-0.616426
-0.313933
-0.138432
0.086768
-0.205319
0.309141
0.660825
-0.239069
-0.054651
0.404174
-0.111162
-0.029876
-0.931817
-0.250638
-0.076390
-0.409695
-0.530393
-0.675595
-0.154644
-0.200933
-2.011746
-1.153926
-0.427048
-0.884165
-0.690637
-0.662441
0.042259
-0.865188
-0.718312
-0.502047
-0.094992
-0.585741
-0.635130
-0.502813
-0.320193
0.321143
-0.964936
-0.153920
-0.035331
0.306601
-0.114112
0.114000
0.362158
0.296438
0.685110
0.291812
0.710559
0.185591
0.720113
0.592940
1.139327
0.664088
1.136978
1.167962
0.274694
1.193636
0.806983
0.735307
0.614531
-0.171686
0.707956
0.252031
1.133075
0.037066
-0.574198
-0.436009
-0.535345
-0.649034
-0.178975
-0.512770
-1.008207
-0.451673
-0.467337
-1.037808
-0.883857
-0.492675
-0.713560
-0.375031
-0.946306
-1.599182
-0.314529
0.053075
0.274423
-0.748443
0.358844
-0.487291
0.061867
-0.700407
-1.007648
0.166263
0.344418
0.571130
0.731923
-0.203175
0.010329
1.109057
0.327717
0.527737
0.142743
-0.124871
0.452734
-0.207844
-0.871227
-0.379739
-0.606309
-0.729276
-0.400194
-0.464047
1.048168
-0.277570
0.405783
-0.692135
-0.243221
-0.295459
-0.140058
0.140404
-0.072804
-0.427678
-0.569081
-1.026836
0.404823
0.307977
0.135835
-0.010587
0.013491
0.103717
0.418154
-0.551292
0.783369
-0.639021
0.768508
0.216808
0.151105
0.168803
0.232725
0.171760
0.263364
-0.904861
0.503589
0.710695
0.280780
-0.196309
-0.906184
-0.679472
-0.403371
-0.128500
0.040140
-0.432357
-0.514220
-0.451216
-0.444345
-0.313780
-0.194124
-0.115768
0.088097
-0.394778
0.313709
-0.026834
0.188785
1.018167
-0.763829
0.205567
-0.333854
0.558285
0.073500
0.451918
0.133682
0.146075
-0.142311
0.109266
0.147737
0.731701
0.757242
-0.618374
0.432921
-0.246156
-0.551831
-0.340747
-0.927985
-0.125728
-0.951459
-0.515137
0.104095
-0.012465
-0.107723
0.822473
0.211651
0.167846
0.130317
-0.136064
-0.637649
-0.650350
-0.233439
0.001650
0.483733
-0.015193
0.220585
-0.605313
0.705774
0.106716
0.030188
-0.145448
0.425820
-0.147580
0.160328
0.190083
-0.301971
-0.166426
-0.254313
0.048256
0.094094
0.384427
0.111234
-0.228089
0.459557
-0.002677
-0.194883
-0.020593
-0.134638
0.115797
-0.448306
-0.422972
-0.073890
-0.690376
-0.432489
-0.130344
-0.409542
-0.420063
0.370945
0.502636
0.666805
0.385169
0.375149
-0.116072
0.670489
0.562485
0.089543
0.428378
0.185935
-0.614787
-0.133238
1.041695
0.053904
-0.451908
0.579078
0.273074
0.706679
-0.089997
0.122911
-0.119047
0.164203
-0.748684
-0.058730
-0.343737
-0.242579
-0.183336
-0.267998
0.278762
-0.698559
0.315660
0.299413
0.099303
0.059967
0.263640
0.119347
-0.166594
-0.025230
0.273827
-0.107879
0.349782
0.017209
-0.161847
0.505544
1.092027
0.553123
0.631395
-0.237224
0.084976
-0.501820
-0.591738
-0.326950
0.416181
-0.175490
-0.334725
-0.235955
-0.433454
-0.222173
-0.134309
-0.369417
0.264475
-0.042979
0.382225
-0.584869
-0.070654
0.097391
0.247593
0.430859
0.001238
-0.437855
0.385108
-0.051739
0.141213
0.063610
-0.559033
0.339221
-0.993369
-0.491219
-0.135746
-0.262423
0.149868
0.030914
0.030925
-0.257903
-0.062093
0.149252
-0.120760
-0.665797
-0.250293
0.330392
-0.497179
-0.310167
-0.438723
0.282492
0.679165
-0.806584
-0.326363
-0.296152
0.224055
-0.965671
-0.011681
0.472964
-0.464912
-0.024068
-0.171032
-0.378821
-0.211029
0.578245
0.597700
1.247481
-0.634129
0.252654
0.217159
0.162400
-0.309006
0.028694
-0.732366
0.437554
-0.126730
-0.378716
0.573095
-0.805240
-0.295335
0.544935
-0.040856
-0.109234
0.049992
-0.359261
0.366775
0.607464
0.817165
-0.105642
0.063816
-0.072037
0.390409
-0.370660
0.446257
0.839529
0.302102
0.481121
0.310961
0.775624
0.194605
-0.304095
0.735511
0.175496
-0.238347
-0.418309
-0.436429
0.271274
0.103356
0.341921
-0.044107
-0.380635
-0.168052
-0.036465
-0.693451
-0.012731
0.444560
-0.080186
0.202711
-0.435992
-0.154886
-0.066874
-0.340779
-0.069448
-0.547760
0.136062
0.381171
-0.113487
-0.154929
-0.350891
-0.439595
0.339111
0.389860
-0.910030
0.284586
-0.788657
-0.279904
-0.255899
0.521713
0.243236
-0.168644
0.637806
-0.292653
0.069178
0.270365
-0.810455
-0.859695
0.028780
-0.496923
0.252930
-0.114237
-0.377223
0.251847
-0.348586
-0.101776
0.126900
0.000782
-0.106440
0.754319
0.400810
0.123215
0.225229
-0.406423
-0.034150
0.091235
-0.535776
-0.126476
0.445449
-0.290722
0.164195
-0.661570
-0.296894
-0.254692
0.133026
0.363571
0.059883
0.327402
-0.011707
0.277201
-0.430173
-0.153102
-0.589858
-0.121880
-0.195518
0.122820
0.384202
-0.170222
-0.139394
0.033396
-0.170630
-0.003737
0.427985
-0.053900
-0.149551
-0.101466
-0.141159
-0.225256
-0.127408
-0.209577
-0.182208
0.448000
0.567707
-0.468960
0.018426
1.132533
0.233653
0.437372
0.208212
-0.348550
0.714806
-0.252319
-0.165045
0.424448
-0.049633
0.643939
-0.120858
1.373888
-0.019223
0.148396
-0.084310
0.389654
0.231473
-0.165136
0.863737
0.698759
0.389581
-0.186800
0.025322
-0.031827
-0.208448
0.178662
-0.173486
-0.539342
0.089502
0.017641
0.408100
-0.018337
-0.662925
0.616530
0.316092
-0.185448
-0.992170
-0.454937
-0.654197
0.224594
-0.539796
0.014397
0.004322
0.096388
0.643018
-0.425815
-0.115719
0.591657
0.225103
-0.113697
0.428295
-0.114794
-0.195416
0.315148
0.685659
-0.236665
0.375472
-0.294137
-0.131815
0.093782
-0.080388
-1.383867
0.881258
-0.611156
0.711650
-0.895358
-0.130040
-0.381839
0.781954
0.036686
0.546666
-0.635553
0.006439
-0.496568
-0.222774
0.367223
0.700788
-0.097793
-0.455202
0.469764
-0.983207
0.031745
0.486406
-0.209179
-0.293109
-0.339287
0.424715
0.160510
0.164714
-0.717189
-0.278238
-0.066223
0.170333
0.900864
0.587220
-0.123218
-0.695417
-0.053744
0.601317
-0.165555
-0.587762
-0.612587
-0.028899
-0.660161
-0.223369
0.336220
0.244489
-0.473215
0.826425
-0.127644
-0.651364
-0.026041
-0.211714
-0.445160
-0.275813
-0.775515
-0.496288
-0.570598
0.130680
0.068294
0.151732
-0.113608
0.249338
-0.030293
0.408462
0.292765
0.540657
0.882126
0.050715
-0.478061
-0.569790
0.521509
-0.086135
-0.212512
0.046529
-0.284303
-0.422802
-0.658960
-0.270569
-0.526875
-0.594392
-0.527111
0.814475
0.820200
-0.279463
-0.638603
0.253930
-0.438527
-0.484596
0.908047
-0.294731
0.279695
0.621510
-0.212884
0.109093
0.980478
0.329336
0.484409
0.615875
-0.103253
-0.307506
-0.894790
-0.492717
0.569889
-0.088406
0.422312
-0.483282
-0.466779
0.119983
0.247567
0.150674
-0.529471
-0.390249
0.061897
0.555972
-0.265140
-0.338251
0.277970
-0.513177
-0.006660
0.984822
-0.086651
0.219642
-0.679637
0.173896
-0.755754
-0.406154
-0.525703
-0.553317
0.212152
0.299991
0.035361
0.408641
-0.240025
0.541340
0.020462
0.146826
0.345830
0.534718
0.744743
-0.694617
0.694967
0.249867
0.056074
0.129405
0.248579
0.205628
0.803334
0.829225
0.241569
-0.398416
-0.106371
-0.535908
-1.020828
-0.328152
-0.709823
1.067978
1.162259
0.142748
0.073105
-0.098749
-0.179932
-1.051221
0.563824
0.633492
0.459306
-0.238225
0.115639
-0.999574
0.009926
0.026492
0.835663
-0.004711
0.292003
1.261497
0.392391
0.430578
0.476581
-0.430106
0.227502
0.077439
-0.136538
-0.753320
-0.178164
-0.039569
-0.016097
-0.365185
0.264018
0.443640
0.100075
0.394322
0.790250
0.168059
-0.293413
0.337351
0.573402
-0.593330
-0.554014
0.471098
0.807393
-0.676174
-0.260382
0.048096
0.631249
-0.558387
0.622794
-0.171185
0.022458
-0.031193
-0.379090
-0.601362
-0.082454
-1.435738
0.358724
-0.352660
0.292030
0.495602
0.037278
-0.300967
0.310547
-0.258950
-0.480487
0.111291
-0.622303
-0.110391
0.422849
-0.120276
0.405438
-0.754144
0.327761
-0.161664
-0.227639
0.515173
0.385239
-0.345335
0.008785
-0.021104
-0.204231
0.513163
0.495084
-0.034511
-0.344531
0.467594
-0.558496
0.159395
-0.638392
-0.364778
-0.427837
0.537699
0.269465
-0.077284
-0.665437
-0.621983
-0.587111
-0.570487
-0.974330
-0.016023
-0.184124
-0.307917
0.408754
-0.507430
0.504425
0.380733
-0.176590
-0.180392
0.398878
0.250218
-0.128618
0.533799
0.298122
-0.514893
-0.752188
0.246932
-1.527286
0.104689
0.701412
0.451366
1.164036
-0.048543
0.377118
0.278831
1.331883
-0.890824
0.228933
-0.681674
0.412860
-0.094795
0.347165
0.519923
0.540409
0.800310
0.226442
0.103611
0.525467
-0.549111
-0.024590
0.094054
0.478106
0.598333
-0.531988
0.208959
0.322283
-0.483225
0.406249
-0.112398
-0.302639
-0.752981
0.414137
-0.777204
0.273940
-0.661318
-0.910394
0.298346
1.103018
-0.188143
0.080841
0.141067
-1.075157
-0.415844
0.076377
0.597486
-0.208562
-0.571317
0.449530
0.359988
-0.805198
0.501523
0.381172
-0.638805
-0.583685
0.188750
-0.246222
-0.626820
0.038498
0.218171
-0.619498
0.641101
0.798021
0.515181
0.848554
-0.082752
-0.089485
0.549061
-0.654912
-0.914035
-0.170571
-0.485069
1.415803
-0.035174
0.013495
0.100303
0.126901
0.222268
-0.726864
-0.357703
0.086840
-0.342268
0.077487
-0.119057
0.313824
0.643929
0.410194
0.921526
0.050731
-0.011149
0.413455
0.037609
0.060599
-0.368673
-0.031895
-0.463623
-0.153555
-0.111691
-0.307391
0.111321
-0.053989
-0.833750
-0.138578
0.344074
-0.340332
0.930321
-0.140847
0.612970
0.742096
-0.096594
-0.274226
0.474346
0.370044
-0.108016
0.119121
0.310133
0.391140
-0.336692
0.112641
-0.281116
-0.181372
0.939645
-0.413261
-0.249493
0.321116
-0.339236
0.588753
0.432788
-1.233322
0.132894
0.522258
0.270221
0.277397
0.204618
-0.515821
-0.200477
0.682282
-0.870797
-0.709161
-1.174637
-0.010563
0.290412
0.359408
-1.160297
-0.265610
-0.929828
0.464650
0.065324
0.473988
-0.315622
-0.049317
0.172542
0.036863
0.344207
0.090890
0.084444
-0.119969
-0.693821
0.273153
-0.157918
-0.596869
-0.228261
0.073193
-0.095581
0.357476
0.358001
0.765695
-0.211287
-0.076682
0.372281
0.570150
0.171233
-0.156344
0.257992
0.029606
-0.460877
-0.407050
0.319263
-0.416162
0.390843
-0.141258
0.495380
0.264124
-0.059510
-0.168954
-0.404472
-0.938897
-0.489854
0.000988
0.197040
0.931368
0.944733
0.537268
0.245597
-0.421223
-0.960665
-0.121854
-0.643592
-0.569624
0.336651
-0.235662
-0.506526
0.045843
0.069462
0.105539
-0.052693
0.355493
0.003478
0.614345
0.340569
-0.112176
-0.483080
0.129326
0.460159
-0.181864
0.427210
-0.523584
0.426867
-0.340513
0.271493
0.014314
0.001550
-0.210265
0.233246
-0.263231
-0.137678
-0.015452
-0.315015
0.546463
0.409510
0.148378
-0.324377
-0.565921
-0.541777
-0.122046
-0.686846
0.138564
0.199133
-0.140067
-0.049241
-0.591565
0.279404
0.305424
-0.049559
-0.184694
-0.003115
-0.303127
0.719737
-0.200983
-0.409074
0.466105
-0.204175
0.496317
0.116598
-0.002431
0.500347
-0.726500
-0.681226
0.176194
0.309440
-0.024530
-0.774607
-0.610040
0.153459
0.130924
-0.687870
0.530132
1.300522
0.337707
0.035044
0.003529
0.014967
0.249968
-0.222446
-0.605352
-0.644207
-0.720272
-0.019160
-0.444789
-0.051950
0.703262
-0.126229
-0.412680
0.242924
-0.268272
0.243658
0.625029
-0.348011
0.072631
0.035759
-0.685187
1.200397
-0.129707
-0.892507
0.894540
0.882502
-0.262428
-0.491188
0.059482
-0.387307
-0.480900
-0.185011
0.531075
-0.561462
0.561215
0.097723
0.701536
0.054057
0.928132
-0.586491
0.315742
0.048827
-0.971449
0.058177
0.272773
0.049093
-0.157472
0.096004
0.658404
0.122976
-0.314260
0.574852
0.186839
-0.113628
0.036464
0.486839
-0.090787
-0.088034
-0.569092
0.197048
0.343571
-0.059384
0.369640
-1.426615
0.011863
-0.066273
-0.094494
0.412669
-0.002239
-0.785886
-0.350195
0.324516
0.588176
-1.114035
0.175152
0.824487
-0.633732
0.896237
0.376473
0.026500
-0.819540
-0.034337
0.310134
-0.560119
-0.195843
0.367716
-0.375722
-0.053814
0.658043
-0.081335
-0.470754
0.498619
0.428388
0.450086
-0.241691
-0.351470
-0.032991
-0.091625
-0.349676
-0.212058
-0.443373
-0.417004
-0.562352
-0.244437
-0.217648
0.022996
0.016668
0.603402
-0.252438
-0.482068
-0.152791
-0.050671
0.930461
0.282531
0.003020
-1.275282
-0.015910
-0.601244
-0.112737
0.709961
-0.695355
-0.498982
-0.042855
-0.036681
-0.439911
1.029628
0.239721
0.312053
-0.195715
-0.345434
0.160582
-0.239332
0.031244
0.987219
0.017678
-0.445143
0.648076
0.226984
0.525568
-0.483266
-0.138875
0.419136
-0.320872
-0.324627
-0.222611
-0.203171
-0.273137
-0.501017
-0.492614
0.226984
0.562872
-0.130794
-1.000642
0.630815
-0.053020
0.732026
-1.103798
-0.229039
-0.387551
0.199054
0.090384
-0.460046
0.127134
0.009364
0.278023
0.552272
-0.746044
-0.102819
-0.293595
-0.341264
0.110177
0.064586
-0.329852
0.047691
-0.168488
-0.403654
0.199866
0.123575
-0.416955
0.729719
0.673721
-0.037822
0.174880
-0.757685
0.173143
0.437963
0.039146
0.240683
0.036866
-0.457512
-0.423054
-0.519892
0.322396
0.176494
0.134616
-0.191526
-0.017142
-0.026482
-0.044188
0.108798
0.225388
0.610241
0.599070
0.017428
-0.351254
-0.406791
0.591228
0.177439
0.119124
-0.196279
-0.110658
0.298377
-0.181930
0.753742
-0.986656
0.392105
0.203283
-0.286828
-0.120769
-0.226913
-0.088742
0.024247
-0.211769
0.455459
0.399141
0.218143
0.337647
-0.294891
0.015613
-0.487344
-0.358773
0.392790
-0.346437
-0.430746
0.083582
-0.721085
0.222860
-0.213481
-0.192096
-0.233611
-0.306263
0.128128
-0.352677
-0.207352
-0.660643
0.686195
0.012594
-0.070092
0.210703
-0.146333
0.159972
0.255863
-0.754142
-0.358903
0.303552
-0.039877
0.078371
-0.055534
-0.286753
0.389486
0.511691
-0.231205
-0.442492
-0.194728
0.410138
-0.735542
-0.258152
-0.300955
-0.481137
0.321222
-0.334360
0.291041
-0.496560
0.234122
0.017393
0.053875
-0.326725
-0.522101
-0.443779
-0.507768
-0.514125
0.083878
-0.521925
0.287191
-0.365905
0.217076
0.506508
0.011666
-0.083440
0.126711
-0.471225
0.713361
-0.248010
0.118321
0.791412
0.226432
0.219270
-0.065744
0.001968
-0.415141
-0.192984
-0.314882
-0.111678
-0.737607
-0.013266
-0.337957
-0.355943
-0.198825
-0.457836
-0.159547
-0.361701
-0.081474
1.100762
-0.104040
-0.553713
-0.890359
0.581218
-0.110526
0.767480
-0.646446
0.638126
0.164519
0.217466
0.646677
0.290381
-0.070001
0.086100
0.215155
-0.005862
-0.101624
0.314159
0.308635
-0.110238
-0.918227
-0.619812
-0.094311
0.706885
0.652621
-0.263844
-0.476311
-0.673092
0.489092
-0.172079
-0.594768
0.966761
0.682391
0.439733
-0.432645
-0.223459
-0.412858
-0.096119
0.222292
-0.617006
-0.278165
0.006691
0.070487
-0.004305
0.242004
-0.452579
-0.937677
0.117849
0.489495
0.227095
-0.004762
0.459994
0.122710
0.491878
0.731619
-0.232323
0.348948
0.427717
0.923975
-0.055818
0.167801
-0.794075
-0.193492
-0.140358
-0.267475
0.370897
0.685982
0.724782
0.634508
-0.187673
0.029686
-0.524448
-0.318683
-0.101104
0.279887
0.773875
0.118686
-0.038663
0.341947
-0.092319
0.816419
-0.202198
-0.888094
0.536972
-0.490457
0.272397
-0.500178
-0.369855
-0.279089
0.190066
0.238093
0.080363
-0.151838
0.869521
-0.584033
-0.098248
-0.592788
0.247327
0.335941
-0.677411
-0.436302
0.723184
0.468729
-0.634208
-0.678930
-0.485189
0.049996
0.409226
-0.087954
-0.757839
-0.208014
0.954596
0.536594
-0.270085
0.777474
0.000705
-0.510392
-0.089912
-0.621732
0.214850
-0.027153
0.803812
-0.288392
-0.439461
0.190238
0.490970
-0.343349
-0.496444
-0.044195
1.475539
-0.951666
-0.311695
0.140981
-0.140232
1.021281
0.184389
-0.787462
0.102475
0.108438
-0.046358
0.402531
0.250066
-0.418961
0.231032
-0.247937
0.151465
-0.885667
-0.294145
0.538417
-0.257397
-0.047903
0.408268
0.786775
0.326829
-0.071670
0.156946
-0.319895
-0.247931
0.018102
0.156981
-0.024687
-0.543025
0.759398
-0.371077
-0.200035
-0.077597
0.401393
-0.380002
0.606300
0.498060
0.208842
0.154247
-0.211775
0.457334
0.158760
0.249419
0.223669
-0.857410
0.239695
-0.177623
-0.578465
-0.619880
0.254769
0.142629
0.154542
-0.676352
0.230741
0.687681
-0.285686
0.064839
-0.357517
1.060447
-0.591313
-0.047419
0.083279
-0.722549
-0.472560
0.008331
0.096166
0.559214
-0.432069
0.068932
-0.127241
0.309350
-0.375887
-0.402876
0.585754
0.220171
1.082552
0.852979
-0.600477
0.318732
0.613850
0.020076
0.639368
0.219177
-0.366676
-0.113689
-0.406577
-0.021971
0.184732
0.158559
-0.342311
-0.476630
-0.029332
-0.156073
0.610236
-0.279616
0.354738
-0.707577
1.155035
-0.003345
-0.120651
-0.942894
-0.259062
0.073072
0.168799
0.777829
0.147507
0.239562
-0.120042
-0.197682
0.269843
-0.169009
0.395182
0.063484
-0.184106
0.405892
0.005929
0.078797
0.357360
-0.261714
-1.107861
-0.202954
0.261739
0.073869
0.314214
-0.309830
0.479544
-0.135391
-0.054103
-0.080133
-0.179020
-0.274820
0.861589
0.337501
-0.079195
-0.500534
0.208188
-0.535104
-0.263542
0.037976
-1.082612
0.020224
0.074884
0.558248
0.882247
0.139506
0.130772
-1.069467
0.032242
-0.240009
0.121871
0.454375
0.203595
-0.700593
-0.278085
0.744902
0.391064
0.810374
-0.076599
-0.087288
-0.361717
0.928681
-0.244024
0.098422
-0.822543
0.023154
0.279773
-0.714563
0.923915
0.275253
0.165413
0.459800
-0.682301
-0.191755
-0.016685
0.755065
-0.223225
0.359267
0.596357
0.084646
0.359910
0.472561
0.533751
-0.231301
0.511958
0.107230
0.121935
-0.117599
-0.521231
-0.205454
-0.351588
-0.800899
-0.487040
-0.694031
-0.638601
-0.054007
-0.537957
-0.088368
1.199991
0.583713
0.242736
0.633611
-0.526862
-1.360864
0.296655
-0.428638
0.420127
0.212635
0.608778
0.281383
-0.224215
-0.411606
0.323895
-1.012269
-0.244352
-0.384576
0.707568
-0.212710
0.373721
-0.001478
0.863540
1.094364
0.303471
-0.147111
0.516875
-0.219118
0.001830
0.832773
0.121980
-0.286174
-0.418724
-0.779804
-0.234146
0.375005
-0.748279
-0.018163
-0.187268
0.437308
0.359872
-0.022066
-0.073348
0.026674
0.802650
-0.014333
-0.342329
0.842016
0.337273
-0.532995
0.223455
0.133356
-0.714719
0.793056
-0.348715
0.694997
0.332362
-0.500207
-0.033689
-0.648818
0.556361
-0.387954
-0.033919
-0.426093
0.852396
0.504699
0.530766
-0.047340
-0.037489
-0.518775
-0.508291
-0.287538
0.301128
-0.329178
-0.327278
0.037465
-0.778706
0.009581
-0.540930
0.125194
0.494557
0.303267
-0.231493
-0.651764
-0.230071
0.253824
0.673458
-0.099097
0.724940
0.867586
0.052225
0.950705
0.575366
0.027543
0.065905
-1.026657
0.139437
0.664081
0.586932
-0.501653
-0.000311
-0.367857
-0.463505
0.395137
-0.202763
-0.085301
-0.187360
-0.105788
-0.800077
0.197798
-0.312237
-0.104384
0.173874
0.593395
0.023515
-0.392278
0.004843
-0.129451
0.403584
0.170285
0.089410
0.266839
0.294982
0.018374
0.274022
0.708301
-0.651622
-0.564173
-0.566366
-0.177594
-0.276018
0.876040
0.116252
1.237114
0.378851
0.370453
0.037421
0.468599
-0.151172
-0.114229
0.726195
-0.043953
0.457845
-0.742202
1.139891
0.676859
0.500365
-0.130704
0.466179
0.881569
-0.864737
-0.264465
0.000485
0.032384
-0.345332
-0.142513
0.589144
-0.608065
0.462958
-0.385338
-0.487484
-0.866535
-0.144729
0.121950
0.022916
-0.375721
-0.482679
0.127068
-0.647423
-0.473343
-0.628138
0.131356
0.375598
0.067403
-0.862590
-0.462406
0.465417
-0.242970
0.043147
-0.160306
0.094449
0.462834
0.076343
-0.230107
0.122081
-0.001519
-0.153910
0.038764
-0.856427
0.191837
-0.566093
0.356146
-0.120362
0.423919
1.516490
-0.396869
0.006608
0.456242
-0.252126
-0.033177
0.195285
-0.220786
-0.213335
0.877789
0.230251
-0.018651
-0.222626
0.049304
-0.011049
0.027211
0.187974
-0.888332
-0.380728
-0.083000
0.350922
0.058060
0.496819
0.150899
0.864463
-0.304527
0.066048
0.210543
-0.114413
-0.058260
0.018071
-0.087575
-0.394809
0.575414
-0.114436
0.243968
-0.284082
-0.160751
0.761700
0.592645
0.085967
0.746768
0.371852
-0.903223
0.108776
-0.177170
0.262877
-0.416269
0.374204
-0.323254
0.142613
0.191005
-0.574938
-0.204224
0.442230
-0.335281
0.161359
0.431993
-0.015224
-0.100931
-0.021021
0.077755
-0.026661
0.000594
0.410851
0.463275
0.350023
-0.249343
0.091255
-0.271806
0.355557
0.656063
0.225184
0.216694
0.502938
0.232253
0.202055
0.212809
0.363645
-0.099682
-0.538242
-0.546880
0.064877
-0.467774
0.106167
0.437642
-0.048654
-0.103096
0.325502
0.027808
0.762554
-0.507377
-0.519544
0.207115
-0.067437
-0.728515
-0.306758
-0.273440
0.382125
0.538734
0.069900
-0.398638
0.573913
-0.130839
-0.095856
0.116836
0.339988
0.120115
0.616867
0.135090
-0.338665
-0.091005
0.223945
-0.142743
-0.076891
-0.327669
0.159219
0.147727
0.262178
-0.266139
-0.021750
-0.092678
0.287117
-0.545003
-0.560106
0.361978
-0.371562
0.611018
0.164370
0.009352
0.303294
0.630724
-0.640203
-0.399655
0.101544
0.098097
-0.468664
-0.001618
0.523248
-0.694818
-0.008145
-0.481224
0.532044
0.017056
0.501770
-0.231730
0.568033
-0.644293
0.155073
-0.137589
0.398718
0.474636
-0.014810
-0.221295
-0.261492
0.181215
0.536125
0.197266
-0.366607
-0.269566
-0.039605
-0.657517
0.980374
-0.290065
-0.252785
0.116791
0.054611
-0.863782
-0.404951
-0.192968
-0.038165
-0.130812
-0.351413
-0.430598
0.846806
-0.650373
-0.654812
0.094485
0.667920
-0.815243
-0.050213
-0.098915
-0.031023
0.057632
-0.103135
0.063647
0.755091
0.268309
0.260192
-0.441381
-0.092211
1.465923
-0.989898
-0.271265
0.335858
-0.034654
0.402728
0.385826
0.359635
-0.290639
0.137698
-0.161745
-0.093317
-0.391992
-0.307681
0.634997
0.083765
-0.308764
0.065389
0.134939
-0.314988
0.360108
-0.006575
0.049233
-0.590779
-1.064393
0.136944
0.627976
-0.182285
-1.087370
-0.341034
-0.497953
-0.381832
0.093385
0.231802
0.008651
0.044297
0.389692
0.675486
-0.051412
0.189478
-0.461022
-0.335601
-0.670515
0.248342
0.467609
-0.434856
-0.439581
0.298920
0.146990
-0.445848
-0.167266
0.139040
-0.393051
-0.029759
0.269419
0.224824
-0.059277
-0.322543
0.404730
0.774343
-0.530862
-0.252409
0.298570
-0.531090
-0.712480
0.267112
0.212192
0.213881
-0.014269
-0.167302
-0.163934
0.061532
-0.391026
-0.531762
-0.858238
0.556451
0.162056
0.505976
0.516066
-1.101976
-0.356700
-0.082516
-0.740238
0.450182
-0.487041
-0.005408
0.174499
0.657887
0.361718
0.595766
0.147782
0.280241
-0.175463
-0.180918
-0.047469
0.275359
-0.598603
-0.246802
-0.290321
0.199502
-0.078711
-0.861830
0.226352
0.877408
-0.243342
0.803886
0.085029
-0.208828
-0.238665
-0.286151
-0.088972
0.283358
-0.311397
-0.738075
-0.581874
0.349995
0.220958
-0.903806
-0.524367
0.856725
0.168343
-0.033638
-0.739989
-0.005557
-0.322719
0.667242
0.179622
-0.203673
-0.147920
0.442043
0.679861
0.280817
0.802264
-0.101368
0.219588
0.413547
0.077809
-0.795991
-0.495068
0.841805
-0.273186
-0.134408
-0.188201
-0.424221
0.131361
-0.618353
0.908958
-0.527090
-0.042589
-0.063497
0.766121
0.066561
-0.043885
0.544570
-0.334691
0.169772
-0.613245
0.241487
0.230634
-0.227599
-0.396906
0.239820
-0.697734
0.112059
-1.078130
-0.514554
0.027318
-0.715968
0.159955
0.407993
0.640046
0.291847
-0.018198
-0.312637
0.114944
-0.367582
-0.122403
0.738129
0.361421
0.130065
-0.197648
0.471611
0.454139
-0.088426
-0.493609
-0.240048
-0.436450
-0.035966
0.209913
0.231189
-0.732620
-0.020696
-0.381036
0.203490
0.383722
-0.629226
0.182649
-0.545659
-0.340197
-0.338050
-0.333589
-0.340971
0.306298
-0.054405
-0.256640
-0.122428
0.508538
1.432919
-0.037749
0.424608
-0.798554
0.544995
-0.667235
-0.271809
0.318575
0.337859
-0.005628
0.313094
-0.063768
-0.117034
0.125386
0.498944
0.602565
-0.501084
-0.134218
1.005970
-0.169734
-1.045425
-0.001195
0.729524
0.295709
-0.113869
-0.831892
-0.169188
0.646474
-0.614159
-0.471051
-0.756648
-0.106218
0.517529
-0.102184
-0.188124
0.049076
-0.006024
-0.314436
-0.429949
0.035309
-1.354673
-0.361432
0.175102
0.563129
0.103998
0.294732
-0.099220
-0.576226
0.462813
0.002114
0.878591
-0.530444
0.196299
0.297298
0.735376
-0.233365
-0.010288
0.479838
0.342099
-0.108765
-0.210792
0.420213
0.564187
0.229857
0.085007
-0.379013
0.612107
-0.037980
0.173954
-0.396470
0.427909
-1.039570
0.347939
-0.208333
0.041316
-0.115642
-0.275205
-0.281608
0.247880
-0.490213
0.354008
-0.107952
-0.307404
0.283977
-0.326692
0.601628
-0.114797
-0.336276
0.435311
-0.028866
-0.239883
-0.703918
-0.365722
-0.351859
-0.155658
0.072810
0.256600
1.159190
0.031555
-0.177779
-0.454958
-0.044212
0.348062
0.148728
0.461179
1.541396
0.202210
0.462453
0.217499
-0.345211
0.061779
0.227818
-0.327118
0.423627
-0.701320
-0.645500
0.045247
0.495085
0.224804
-0.137970
0.867566
0.403767
0.387360
-0.568841
0.637215
-0.225994
0.188075
-0.677516
0.261673
-0.001557
0.288239
0.551103
0.425685
0.518627
-0.000063
1.121390
0.188748
0.089358
-0.128616
-0.014058
-0.043616
0.982379
-0.143378
-0.253190
-0.633431
0.665181
-0.126433
-0.552220
-0.314224
0.302402
-0.997202
0.129142
-0.002641
0.161470
-0.172928
0.238576
0.060282
0.136354
0.480097
1.206311
-0.116117
0.226243
0.481106
0.146769
-0.184292
-0.847678
0.349428
-0.864470
-1.154083
0.472761
-0.318803
-0.376819
-0.048772
-0.007569
-0.403753
0.023924
-0.009599
0.507929
0.272943
-1.278559
-0.784770
-0.347981
0.582601
0.108259
-0.102611
0.124349
0.144640
0.155744
-0.427041
-0.335462
-0.501266
-0.947705
0.467851
0.046524
0.120594
-0.194931
-0.209677
0.352253
-0.205531
-0.211196
0.389381
-1.100047
-0.064587
-0.218179
0.114143
0.371735
-0.011168
-0.290662
-0.539647
0.298942
-0.644585
-0.214105
-0.206199
-0.066702
-0.181164
-0.538481
-0.121962
0.536543
0.352013
0.389214
-0.245459
-0.169973
-0.211202
0.607645
-0.769533
0.641689
0.743519
-0.233595
1.025211
0.410819
0.356627
-0.136777
0.276459
-0.358095
0.451024
0.199620
-0.226211
0.300917
-0.439101
0.411229
-0.038002
0.004538
0.291996
-0.013733
0.210650
0.485895
0.226601
0.738387
-0.263869
-0.542410
-0.385015
-0.389401
1.106558
0.040792
-0.941809
-0.149019
0.956214
-0.294674
-0.748805
0.073547
-0.327066
-0.234986
0.303548
-0.565154
-0.483664
-1.032415
0.225356
0.331867
-0.111286
-0.393793
-0.119677
-0.940124
-0.273200
0.168507
-0.166171
-0.158174
-0.062700
-0.308696
0.473364
0.053762
-0.058576
0.297305
-0.477067
-0.664545
0.263715
-0.277133
0.835687
-0.346254
0.549501
-0.435318
0.120264
-0.140083
0.428402
0.061421
-0.222284
0.543464
-0.190087
-0.303195
-0.596958
0.157171
0.002148
0.429403
-0.175037
0.751777
-0.690605
-0.255179
-0.074380
-0.479920
-0.561267
-0.321370
0.302949
-0.241982
-0.294175
-1.022913
0.437296
0.114132
0.123638
0.151230
-0.378200
-0.604495
-0.095308
0.356757
0.001226
0.533138
-0.376262
-0.244858
-0.487238
-0.468640
0.508680
-0.139434
-0.300294
-0.147117
0.108013
0.434156
0.064396
0.626608
0.021091
-0.286222
-0.053636
-0.136246
0.470850
0.581090
0.220761
0.384674
0.117101
-0.170794
-0.237087
0.585108
0.146327
0.512715
-0.382851
-0.933428
0.272134
0.949914
0.205323
0.579954
-0.491607
0.486458
-0.049637
-0.201013
-0.157175
0.534014
0.182028
-0.166818
0.617568
0.105120
-0.165571
-0.135633
0.207510
-0.457377
0.472348
0.338946
0.586759
0.506354
-0.712032
-0.432509
-1.110620
0.399295
-0.006768
0.599433
-0.648742
0.070054
0.433318
0.427895
0.398631
-0.063199
-0.371485
0.234626
0.269341
-0.028682
0.095979
0.558433
-0.141823
0.467441
-0.384520
0.258467
0.297086
0.557147
-0.574459
0.248562
-0.382593
-0.047983
0.132593
0.694684
-0.032094
-0.655899
-0.233458
-0.807871
0.064940
0.491421
-0.181689
-0.212254
0.731178
-0.164036
-0.367098
-0.140983
0.383248
-0.017210
-0.354992
0.282818
0.764417
0.117554
0.599638
0.582694
-0.345689
0.245142
-0.175511
-1.142285
0.157239
-0.534468
-0.616277
-0.105764
0.191976
-0.198671
0.103964
0.136038
-0.019650
-0.130418
0.017738
0.778675
0.624930
-0.076087
0.943296
-0.045670
-0.119191
-0.214275
-0.432137
0.366934
0.551853
-0.085565
-0.122347
0.067376
-0.507648
0.283673
0.836300
0.342176
-0.539013
-0.510446
-0.205687
0.053929
0.054911
0.573883
-0.569188
0.195678
-0.760750
-0.179804
0.209836
-0.022368
-0.121265
-0.431328
