0.179151
-0.001701
0.305176
-0.046854
-0.031401
0.346779
0.424915
-0.321369
0.325453
-0.463800
0.126232
0.285243
0.466062
0.673152
-0.703262
0.115615
-0.213895
-0.449075
-0.132292
-0.127793
0.119615
0.218189
0.122828
-0.058718
-0.079928
-0.017827
-0.030320
-0.553584
-0.093069
0.089080
0.024152
-0.193517
0.659024
-0.016132
-0.566066
0.495150
-0.239149
0.289620
0.155587
-0.977884
-0.502668
0.685195
0.568639
-0.279624
-0.571262
-0.018375
-0.598695
-0.572997
0.292703
-0.637546
0.738546
0.876177
-0.569891
-0.293661
0.051916
0.159405
0.976071
-0.126981
0.500223
-0.506337
-0.159594
0.129792
-0.487012
-0.557618
-0.673709
-0.118997
0.348491
-0.039042
0.477440
-0.197693
-0.045021
0.821883
-0.065993
-0.769567
0.109067
-0.794057
-0.132826
-0.512010
-0.148102
-0.206513
-0.198408
0.315111
0.233674
-0.818442
0.024284
-0.514694
0.713035
-0.120247
-0.225844
0.281523
-0.761894
0.512826
0.070115
-0.177752
-0.888715
0.307185
0.564867
0.203505
-0.186694
-0.868750
0.011696
0.244033
-0.070002
-0.188985
0.228605
0.378563
-0.163778
-0.426814
0.793469
-0.395819
-0.304754
-0.698613
0.171737
-0.212120
0.205545
0.345485
0.691010
0.826621
0.003638
0.059004
-0.246145
0.056001
-0.309022
0.525656
0.222150
-0.571851
0.034221
-0.144885
-0.471618
-0.012999
0.096054
-0.130515
-0.760269
0.299637
-0.449006
-0.611640
-0.473964
0.012473
-0.617665
-0.754252
-0.010037
0.138236
-0.217080
0.504830
-0.276514
-0.601680
-0.251011
0.289005
0.526473
0.070639
-0.273875
-0.112755
0.150082
-0.923998
-0.487310
0.700518
0.536186
0.099450
0.432045
-0.193333
-0.089127
0.119805
0.099555
-0.166293
0.694745
0.644325
-0.350115
-0.322254
0.489701
0.044042
-0.799835
0.255140
-0.593638
-0.505168
0.175949
0.437360
-0.392570
-0.696911
-0.142007
0.173413
0.265013
0.331756
-0.183144
0.227007
0.436829
-0.385305
-0.057851
0.521744
1.013659
0.491481
-0.030279
0.417068
1.038939
-0.495335
-0.209318
0.443298
0.852367
0.090246
-0.360058
-1.127291
0.158547
-0.157037
-0.150505
-0.016478
0.171178
0.209484
0.900204
0.787191
-0.021728
0.449361
0.196307
-0.420133
-0.067406
-0.955448
0.269388
0.266909
-0.065598
-0.885863
-0.928936
-0.369329
-0.033612
0.748973
-0.243912
-0.066640
-0.052414
-0.086999
0.393806
-0.406452
0.055725
0.949820
1.200955
-0.592400
0.186764
-0.122989
-1.057226
-0.762826
0.385026
-0.386886
0.023525
0.382490
0.879832
0.007724
-0.214710
-0.193890
0.024048
0.062524
0.202687
0.091434
-0.308958
-0.121696
0.112028
-0.449401
0.591412
0.816613
-0.009722
0.349616
0.440680
-0.069365
-0.212601
0.396675
0.193573
-0.466640
1.296697
0.057859
0.070249
-0.240912
0.210302
-0.179210
-0.466237
-0.512489
-0.047790
0.346641
0.042609
0.321887
0.089048
-0.420579
-0.508869
0.304610
0.031471
-0.375054
0.194757
0.142278
-0.650085
-0.219292
0.638029
0.096466
0.427597
0.777115
0.017037
0.350243
0.815228
-0.465776
-0.623718
0.044007
0.221167
0.397169
-0.398035
0.421650
0.036859
-0.932508
0.683412
0.367231
-0.188935
-0.567658
0.377725
0.269879
0.191719
-0.651751
0.543204
0.213991
-0.230398
-0.524081
0.743998
0.346136
-0.469508
0.080272
-0.645299
0.036627
-0.525219
-1.165237
0.174433
0.581583
0.353130
-0.653435
0.786782
0.015064
-0.097131
0.145597
-0.648165
0.913620
0.132813
-0.479229
-0.192343
-0.212264
-0.124212
-0.166836
-0.379651
0.217435
0.418536
-0.203492
-0.647050
0.500546
0.300901
0.012912
0.355273
0.459421
-0.543856
0.375195
-0.392174
0.151986
-0.232579
-0.004850
0.240990
-0.225935
0.520419
-0.910173
0.253345
-0.635943
0.665328
-0.634805
0.329217
0.204572
-0.111211
0.024864
0.063348
0.281616
0.078615
0.427001
-0.074279
0.358842
-0.149159
0.418983
-0.133300
0.329883
-0.433259
0.060017
0.872579
-0.454589
0.642224
0.171907
0.212634
-0.135400
0.539770
-1.370053
-0.485104
0.134503
-0.620186
-0.234925
-0.226551
0.842586
-0.454643
0.790180
0.056748
0.788458
-0.048502
0.047089
-0.187827
0.129412
-0.477761
0.681847
-0.647334
0.506983
0.614929
0.223516
-0.023499
-0.428631
0.407398
-0.219420
-0.686746
-0.289369
-0.047354
0.390778
0.115665
-0.478421
0.268159
0.923719
-0.267066
0.386046
-0.108450
0.156710
0.430386
0.129207
0.510011
-0.131356
-0.561710
0.247481
0.045811
0.039939
-0.459480
-0.170175
0.480350
-0.284401
0.069512
-0.115797
0.449922
-0.170990
1.338741
0.404080
0.449769
0.343799
0.479635
0.575503
-0.281879
0.911435
0.261996
0.203799
-1.044138
0.284571
0.368791
0.161517
0.577978
-0.170093
-0.133387
0.226637
0.032394
-0.405348
-0.326441
-0.457886
-0.348851
0.305875
-0.267676
0.298120
-0.002208
0.634706
0.581181
-0.365523
0.413932
-0.103988
0.505328
-0.229164
0.844319
-0.299135
-0.620022
-0.124054
-0.579309
-0.363851
0.140067
1.042748
-0.271468
-0.680669
0.167551
-0.277261
-0.415905
-0.706802
-0.360781
-0.057118
-0.151340
-0.147543
0.979696
0.191950
-0.250147
-0.418742
-0.146332
1.030659
-0.814451
-0.715586
0.056570
0.542237
-0.157899
-0.572206
-0.197303
0.459938
-0.249368
0.002890
-0.023560
-0.632622
-0.463495
0.321132
0.041181
0.516697
0.241962
0.529379
-0.030971
-0.163784
-0.641835
-0.493425
0.150649
0.462263
0.323284
0.548709
0.266802
0.512249
-0.509582
0.306479
-0.014724
0.224325
0.293934
-0.457651
0.381412
-0.274134
-0.441591
0.594869
-0.531262
-0.343657
0.136274
0.085829
-0.614265
-0.055112
-0.121365
0.617885
-0.353732
-0.991326
-0.463115
-0.172998
0.039825
-0.266311
0.212460
0.041566
-0.433865
0.890647
-0.947571
0.256427
0.123391
0.024448
0.111666
0.470882
0.706417
-0.101451
-0.134435
0.107850
-0.622134
-0.042938
-0.125253
-0.463042
0.345590
-1.081284
-0.154809
1.024544
-0.206707
-0.466466
-0.849679
0.678133
0.161476
0.629030
0.269717
-1.220534
-0.059343
0.693535
0.266803
-0.692695
0.394027
0.109829
0.082571
0.316863
0.363569
0.065414
0.266563
-0.085192
-0.117142
0.498424
-0.237931
0.150694
-0.168674
-0.531756
-0.312364
0.458042
-0.498776
-0.307915
-0.246694
0.171998
-0.536286
0.474848
0.161574
-0.114778
-0.500678
0.130373
0.012789
-0.168662
-0.335905
1.012098
0.416190
-0.648506
-0.293717
0.133415
-0.440970
-0.155431
0.099426
0.279099
-0.150589
0.144495
-0.513321
0.537989
0.680860
-0.019565
-0.545066
-0.105539
0.190786
-0.352656
0.287236
0.540154
0.681354
-0.238933
-0.029984
-0.704319
-0.256390
0.374578
0.127655
-0.265199
-0.477580
-0.313172
-0.081285
0.612363
0.113363
0.652606
0.152556
-0.786161
0.581525
0.205713
-0.266449
-0.076824
0.331193
-0.698671
-0.247775
-0.581659
0.832740
0.219157
-0.394339
-0.186565
-0.082429
0.078207
0.587285
-0.594460
1.092322
-0.370603
-0.053103
-0.086585
-0.869617
0.172976
-0.203608
0.004423
-0.724711
-0.356263
0.059834
0.277474
0.148861
-0.374324
-0.728531
0.321802
0.582745
0.135919
0.108778
-0.561741
0.343467
-0.478259
0.284752
-0.082015
-0.030250
-0.154751
-0.971487
0.042173
-0.360519
0.181741
0.212174
-0.176242
-0.371246
-0.054925
0.184691
-0.540885
-0.723179
-0.338398
-0.133464
-0.165582
-0.731589
-0.451851
0.598700
0.178044
-0.447559
0.139706
0.280355
-0.185060
0.034522
0.196521
-0.076884
0.546971
0.376345
-0.381313
-0.512654
-0.116869
0.332037
-0.389870
0.042426
0.327462
-0.101578
-0.429050
0.257997
0.083830
-0.125323
-0.218586
-0.122844
0.310608
-0.217042
-0.622824
-0.282017
0.567024
-0.125188
-0.591724
0.130794
0.642939
-0.402796
-0.702567
0.231234
0.490328
0.108931
-0.614848
0.222012
0.011909
0.031620
-0.429594
-0.042232
0.240316
-0.343489
-0.070074
0.407427
-0.491326
-0.532160
0.940058
0.767935
0.486415
0.251047
0.418191
0.304672
0.152337
0.028011
0.578067
0.102830
-0.001463
-0.069651
-0.299272
0.437829
-0.079672
-0.773372
0.869638
-0.577332
0.406745
0.379509
0.485248
0.317392
0.039546
0.113070
0.408028
0.096825
-0.149145
0.031743
1.062154
0.586490
-0.453297
-0.292123
0.077707
-0.587829
1.115738
-0.001736
-0.403497
-0.205403
-0.200505
0.105703
-0.257761
0.133389
-0.324964
0.038357
-0.144921
-0.126052
-0.029324
-0.111731
-0.290068
-0.187003
0.190671
1.107485
-0.617976
0.594011
-0.238818
-0.561493
0.009908
-1.245436
0.032423
-0.301281
0.558067
-0.615302
-0.864446
-0.296060
0.737686
0.122813
-0.937371
0.201852
-0.337544
0.444146
0.172228
-0.754215
-0.677797
0.591907
-0.370079
-0.076702
0.201213
0.889525
-0.439115
-0.508458
-0.038769
0.181570
-0.257342
-0.202441
0.511009
-0.293404
0.768083
-0.366372
-0.356348
-0.263954
0.065881
-0.119949
1.083582
0.761797
0.378239
0.270400
0.251873
0.308341
0.631182
0.629812
0.555332
-0.138854
0.547293
1.019308
0.004254
-0.038836
-0.837811
0.270648
0.123080
0.408411
0.359748
-0.399745
-0.081796
0.304071
-0.216491
1.126109
0.062640
-0.003536
-0.161370
-0.341579
0.169473
0.010377
-0.131432
0.065514
0.083864
0.474124
0.239081
0.025443
-0.040563
-0.320179
-1.040214
0.226605
0.082658
0.508250
0.689092
-0.273941
0.416249
0.313140
-0.582038
-0.067489
-0.058656
0.297129
0.514589
-0.451581
0.795480
0.300497
0.499095
0.326268
0.689659
0.463852
0.271614
0.240945
-0.149631
0.007589
0.446463
0.403057
-0.044796
-0.039294
0.141750
-0.150692
-0.146264
-0.232684
0.259740
0.357398
-0.303980
0.282743
-0.277554
-0.533573
-0.364111
0.728220
-0.502552
-1.237224
0.118966
-0.061203
0.632625
-1.255136
-0.239306
0.114443
0.510207
-0.122053
0.281657
-0.550251
0.296239
-0.343227
0.587114
0.427601
-0.109785
-0.279848
0.166566
-0.531029
0.048152
0.105593
0.266747
0.090729
-0.435542
-0.558311
0.782247
0.701989
0.201047
0.341189
0.883806
-1.165170
-0.189245
0.324515
-0.762404
0.182902
0.903190
-0.221064
-0.815115
0.349621
0.279832
0.261308
-0.546345
0.484958
-0.373239
-0.189691
0.364741
-0.359336
0.323355
0.297371
-0.496610
-0.364225
-0.288006
-0.491853
0.180989
-0.143052
0.333862
-1.071092
0.147085
-0.270344
0.417133
-0.606684
0.113205
0.072935
-0.062538
-0.138422
-0.187912
-0.215701
-0.775376
-0.556764
-0.822294
0.395735
-0.528608
-0.125437
0.062063
-0.002528
0.310588
0.613667
1.082791
0.391503
-0.089941
0.343326
0.193554
-0.504679
0.379138
0.174602
-0.253180
-0.095545
-0.377167
-0.109435
0.070433
0.308664
0.261144
0.616092
-0.519792
-0.152967
-0.177838
-0.015541
0.594817
1.042143
0.161405
-0.536437
0.525563
0.091006
-0.374866
0.341498
-0.085393
-0.344811
-0.262185
0.679417
-0.794501
-0.306973
-0.839147
-0.165256
0.454124
0.009511
-0.640389
0.419928
1.095318
-0.374651
-0.908277
0.011093
-0.639952
-0.313982
-0.696325
0.051281
-0.210286
-0.139934
-0.395463
0.239344
-0.202346
0.043119
0.323863
-0.086665
-0.470458
-0.195689
0.384748
-1.343324
-0.373608
0.191530
-0.284183
0.017296
-0.299877
0.096287
-0.211161
-0.788801
-0.467772
-0.444388
0.290087
0.713838
0.027238
-0.684838
0.515049
0.030576
0.184386
0.027711
-0.623542
-0.347824
0.158176
0.563641
0.169644
-0.760977
0.038434
-0.487513
0.024954
-0.263013
-0.202126
0.305819
-0.229638
-0.449332
-0.523449
0.076048
0.352497
-0.610811
1.143310
-0.128874
-0.901327
-0.601665
-0.629322
-0.397088
-0.834930
-0.037416
1.112790
-0.011863
-0.303049
0.455308
0.512325
0.101375
0.334699
0.242565
-0.095727
-0.550594
0.083200
0.146669
0.019998
-0.114226
-0.111437
0.040706
-0.181163
-0.396415
0.136336
0.686945
-0.532585
-0.206617
0.300569
1.188507
-0.312644
-0.229650
-0.006251
-0.022686
-0.551848
0.420147
0.355398
0.131151
0.140334
0.664540
-0.047143
-0.041181
1.232105
-0.345345
-0.406107
-0.248910
-0.369735
-0.497065
-0.358221
0.493574
0.402372
0.220849
-0.186477
0.256550
-0.349485
0.194095
0.264294
-0.321627
-0.130662
0.106848
0.090694
0.671969
0.403150
-0.577300
-0.730869
0.219860
-0.054828
0.386524
-0.160110
-0.246597
0.324511
1.033379
-0.253326
0.360165
-0.362270
-0.036078
-0.287882
0.617572
0.282731
-0.391737
1.262449
-0.172180
0.477995
0.073547
-0.086474
-0.150074
-0.405571
-0.177764
-0.476602
-0.223907
-0.124253
0.210821
-0.100361
-0.105036
0.526431
0.509652
0.895911
-0.161463
-0.760491
0.244064
0.101567
0.167655
-0.479698
0.000805
-0.209261
-0.324730
0.506061
-0.181256
-0.491333
-0.074069
-0.208599
0.227341
0.338747
0.897455
-0.323748
0.559159
-0.254418
0.502993
0.251912
0.289921
0.411099
0.103184
-0.575007
-0.951907
0.577878
-0.112245
-0.702010
0.903105
0.629546
-0.371208
0.632382
-0.087561
0.016082
-0.268801
-0.272123
-0.066590
-0.027552
0.685826
0.853798
-0.474856
0.060427
-0.454360
0.627738
0.219642
-0.177995
0.155957
0.603208
-0.427219
-0.107397
0.162635
-0.340143
0.602390
-0.556465
-0.288031
-0.261332
-0.134998
-0.122592
-0.338718
-0.940144
-0.783254
0.338375
-1.458120
0.308276
0.522573
-0.504116
0.026252
0.417615
0.489482
-0.497872
0.540183
-0.078801
0.075967
-0.217630
0.031678
0.160809
-0.569058
0.024564
0.312135
-0.340479
0.321685
-0.429473
-0.501831
-0.341293
-0.553726
-0.405054
0.219552
-0.167905
-0.510881
0.580238
-0.209286
0.371340
-0.682267
-0.042788
0.173851
-0.226211
0.148205
0.154411
-0.555410
0.449146
0.378231
-0.148096
0.196982
0.099746
0.440614
0.824146
0.213639
0.422472
-0.547303
0.469514
0.307049
0.446606
0.363101
0.056591
0.095577
-0.003263
-0.273208
-0.656023
-0.924633
-0.764510
-0.723968
0.120032
0.159200
0.289855
-1.188633
-0.285947
-0.571489
-0.642935
-0.486586
-0.858479
-0.170561
-0.286005
-0.246543
-0.912429
-0.325516
-0.631397
-0.409038
-1.019724
-0.393126
-0.950827
-0.914332
-0.681807
-0.258906
0.025112
-0.831197
-1.145250
-0.295239
0.036410
0.275449
0.230793
0.775053
0.331309
0.421548
-0.534575
0.544613
0.115689
0.603430
0.801047
1.262524
0.902885
0.430219
1.465164
0.667462
1.254618
0.344232
0.314940
1.163355
-0.268221
1.028120
0.564570
0.582293
0.336297
0.222952
-0.257954
0.930700
0.793238
0.300832
-0.241563
-0.166593
-0.096154
-0.541674
0.219179
-1.006978
-0.457370
-0.504131
-0.498725
-0.859741
-0.197850
-0.352405
-1.154105
-1.151250
-0.493296
-0.820288
-0.226870
-0.352332
0.068573
0.839306
0.018832
-0.173445
0.793125
-0.520305
0.396939
0.772942
0.934345
0.008870
-0.371020
0.121019
-0.149136
-0.531904
-0.220285
0.193980
0.434294
0.985578
0.391946
-0.324189
0.752645
0.028908
0.607282
0.004108
-0.264105
-0.013339
0.149199
0.004971
0.131901
0.268911
0.060211
-0.239606
-1.371816
0.026638
0.001836
-0.084189
0.668622
0.001142
-0.124692
-0.124068
-0.126948
0.611927
-0.177363
0.212423
0.337346
-0.159958
0.515952
0.125142
0.361236
-0.099998
0.571096
0.248106
-0.276732
0.402504
-0.204867
-0.087823
-0.342428
0.532691
0.421818
-0.556094
-0.373829
-0.263487
0.607645
-0.452473
0.261842
-0.710794
-0.135373
0.448855
-0.059758
-0.294039
0.376494
-0.315825
0.129177
-0.320553
-0.942393
0.050211
0.295515
-0.344785
0.141956
0.473961
0.593754
1.429556
-0.112420
0.187713
0.758857
0.141590
0.388435
-0.294474
0.207502
-0.056617
0.208927
0.029059
0.315179
0.135014
-1.096072
-0.062843
-0.143773
-0.347652
0.127822
-0.134395
0.194508
-0.245156
0.418670
0.455840
-0.135299
0.170917
-0.273089
-0.371822
0.416567
0.488104
0.873895
0.472731
-0.151278
0.507522
0.138071
0.442363
0.071096
0.851793
0.362145
1.088702
-0.201199
0.078358
0.582724
0.024510
-0.408225
0.702750
0.470056
-0.908547
0.223900
0.666875
-0.720037
0.172645
-0.080137
-0.360162
-0.556890
-0.674654
-0.306573
-0.620401
0.114555
0.190572
0.006385
0.351626
0.042211
-0.697527
0.392218
-0.381041
0.435732
0.464594
-0.087862
0.369712
0.053797
-0.976638
0.294618
-0.262318
0.355028
-0.079853
0.584275
-0.008773
-0.602553
0.705864
-0.733963
0.271421
-0.610678
-0.645478
0.023960
0.894378
-0.506842
-0.077834
-0.020888
-0.134518
-0.382710
-0.753614
0.656844
-0.138383
-0.848252
0.256809
0.281152
-0.624340
0.130086
-0.001319
-0.261237
-0.074440
-0.791290
0.071988
-0.349511
0.436348
-0.376066
-0.286501
0.348697
0.471287
0.351057
0.331542
-0.151576
-0.174437
0.182080
-0.537067
-0.479377
0.019420
0.257789
0.605067
0.826967
0.359289
-0.208911
-0.332141
0.010315
0.441679
-0.254804
-0.249153
-0.072964
0.452149
-0.060171
-0.132025
0.166980
0.462746
0.426626
0.420891
0.574672
-0.336614
0.687020
-0.476111
-0.042738
-0.546274
-0.117572
0.382266
-0.243691
0.433746
-0.045246
-0.598289
-0.345975
0.847288
0.131873
-0.271275
0.046122
-0.153450
0.462890
-0.109362
0.809521
-0.570378
0.931071
1.109629
0.807982
-0.706590
0.005895
0.861597
-0.519984
0.031638
-0.238894
-0.337828
0.587254
0.632879
0.543765
-0.053959
0.275162
-0.322941
-0.727932
-0.487038
0.661871
-0.711262
-0.190528
-0.875510
0.037078
0.561843
-0.608427
-0.011503
0.183693
-0.641005
0.776047
0.567475
0.290609
0.787547
0.027807
0.084363
0.132120
0.729702
0.112398
0.134532
-0.825399
-0.571070
-0.412061
0.382408
-0.557158
0.026604
-0.311467
0.536844
-0.628445
-0.318310
0.221870
0.225205
0.272795
-0.142296
-0.361818
-0.404140
0.907585
-0.009927
0.023728
-1.071470
-0.129132
0.409154
0.540026
-0.835147
-0.130469
-0.877778
0.655625
0.346106
-0.500271
-0.068969
0.183215
-0.268055
-0.254302
-0.150387
-0.578148
0.667355
0.275981
0.557433
0.069945
0.055638
0.029678
0.777235
-0.617145
0.363972
-0.184121
0.203267
0.121612
0.156120
-0.255386
0.172444
0.005680
0.426417
-0.141268
0.431448
-0.149454
-0.033826
0.566916
0.146669
-0.736180
-0.600363
0.401319
-0.399240
-0.337770
-0.151492
-0.284930
0.094167
0.184906
0.087556
-0.042728
-0.872338
0.562663
0.119842
-0.297392
0.858544
0.062705
-0.367668
0.213270
-0.048310
0.182649
-0.005103
0.529889
-0.935557
0.736579
-0.063609
0.196857
-0.014442
0.111539
0.334085
-0.167438
-0.259217
-0.117380
-0.328407
-0.729785
-0.266124
0.035103
-0.259580
-0.119971
0.954048
0.203857
0.225656
-0.108951
0.372186
0.064614
-0.583282
-0.453843
0.478636
0.047853
-0.305720
0.803549
0.228773
-0.300307
0.987812
-0.765296
0.669804
0.126474
0.345068
-0.626975
-0.067224
0.160129
-0.078431
0.295057
0.118435
0.233693
0.416338
-0.785725
-0.284431
0.643652
-0.208344
0.414792
-0.586743
1.108916
0.277814
-0.042603
-0.496300
0.359633
0.014280
-0.542093
-0.722859
0.367586
0.282303
1.099356
-0.345946
-0.319413
0.280510
-0.752974
0.360853
-0.366237
-0.419135
0.267919
0.335111
-0.247916
-0.031638
-0.389051
-0.339404
0.240573
-0.500901
0.362139
-0.517754
-0.450456
-0.270488
-0.301709
-0.485271
0.209592
0.070695
0.001341
-0.377328
0.076421
-0.417205
0.012969
-0.017792
-0.820636
-0.029603
0.631090
0.747298
-0.539477
0.082114
-0.253033
-0.373178
-0.451931
0.083144
-0.067452
0.018993
-0.624929
0.677894
0.504058
-1.618486
0.182365
-0.039680
0.544877
-0.387306
0.263424
0.498949
0.262231
-0.478018
-0.278267
0.569789
-0.083574
0.627469
0.788833
0.446531
0.088193
0.673583
-0.273612
0.393210
0.176710
-0.136897
-0.024817
-0.525119
-0.440736
-0.367122
-0.608820
-0.120946
0.402950
0.698710
-0.683314
-0.090196
-0.398636
0.101541
0.011323
-0.735349
-0.111150
0.246296
0.291092
0.665188
0.293243
-0.099562
0.578929
-0.321868
0.426007
-0.177206
-0.175348
0.350561
0.543628
-0.002820
0.657022
0.079613
0.280334
-0.844959
-0.073675
-0.394203
0.279374
0.833733
0.042192
0.356904
0.079151
0.147366
-0.036513
-0.304287
0.545712
-0.494112
-0.171612
-0.160608
0.159412
0.796023
-0.062821
-0.667059
0.121953
0.143723
-0.102669
0.443800
0.978221
-0.462840
-0.052476
0.174271
0.569108
-0.216101
0.300133
-0.155871
0.012962
0.046852
0.427469
0.624610
-0.889157
-0.118961
-0.110860
-0.275847
-0.093027
0.260664
0.021844
-0.427049
-0.523098
0.166039
0.044678
-0.565431
-0.055497
-0.408631
-0.214856
0.427036
0.740514
0.407784
-0.060569
-1.548417
0.413800
0.256685
0.072576
0.329396
-0.179962
0.446095
-0.114854
-0.214238
-0.478043
0.019180
0.221065
0.096258
-0.550720
-0.093734
-0.136819
-0.569177
0.049804
0.394816
0.481600
-0.530362
-0.453067
-0.065541
0.347873
0.061175
-0.123426
0.116335
0.034734
0.491433
-0.231741
0.474629
-0.496480
-0.384006
0.054832
-0.334307
-0.630714
-0.020805
-0.149683
-0.256296
-0.309094
0.358720
-0.558196
0.143802
0.502484
0.269126
-0.089817
-0.333533
0.654998
-0.333305
0.038110
-0.334553
-0.083605
0.212376
0.059620
0.164287
0.837555
-0.476759
0.061983
-1.005385
-0.288213
0.197700
0.320968
0.575561
-0.816894
1.123035
-0.108416
-0.227635
-0.731987
1.238001
1.298980
0.124924
-0.894112
0.023229
-1.264747
-0.121070
-0.267781
0.323407
-0.046672
-0.518307
0.233705
0.109024
-0.054511
-0.570340
0.398906
-0.175085
0.346949
-0.243017
0.655534
-0.346114
0.285640
0.519882
-0.128056
-0.238431
-0.914864
-0.675662
-0.218522
0.347779
0.455115
1.115598
-0.472208
0.591293
-0.211106
-0.137529
0.264655
0.301643
-0.135993
0.162041
0.062528
-0.218188
0.453612
0.538627
-0.301712
0.901830
0.322819
-0.209159
0.002093
0.087335
-0.080852
0.232558
-0.364299
1.024630
-0.150031
-0.410291
-0.576695
-0.484854
0.187209
0.096399
0.413596
-0.396350
0.019662
-0.152597
-0.482991
0.227450
-0.427234
-0.774324
0.098239
-0.135661
0.281998
-0.183288
0.365659
0.403454
0.193666
-0.216166
0.351448
0.013490
0.617500
-0.546650
-0.095062
-0.448176
0.309277
-0.228978
-0.342043
-0.366409
-0.774428
0.158377
-0.140419
-0.015105
0.888720
-0.557593
-0.861647
0.104846
0.351167
-0.320169
0.268187
0.266413
0.353076
0.101653
0.176042
0.647757
0.479920
0.319714
-0.439564
1.064331
0.857127
0.804090
0.350388
0.229636
-0.891658
-0.231326
-0.778160
-0.078869
-0.265934
0.394808
0.724230
-0.097813
0.108224
-0.159895
-0.271643
-0.044874
-0.058056
0.037733
-0.111153
0.104802
-0.692128
0.671634
0.517029
0.385536
-0.097301
0.306191
-0.168996
0.166050
0.149607
0.355134
-0.462353
0.064631
0.040665
1.413673
0.115969
-0.306397
-0.175112
0.549351
-0.172830
-0.879261
0.710406
0.619896
-0.323974
0.182736
0.268930
-0.990708
-0.049974
-0.271869
-0.241966
0.048851
0.310411
-0.168504
0.585574
0.420956
0.249908
-0.031495
0.642141
0.447886
-0.247026
-0.267943
-0.042483
0.337677
-0.012972
0.205852
-0.475605
-0.501435
0.662381
-0.469291
0.302388
-0.069191
0.116100
0.221968
-0.515407
0.354758
-0.298712
0.303411
-0.794414
0.095022
-0.038623
0.825480
-0.048382
-0.133947
0.639354
0.508984
-0.861382
0.203184
-0.187471
0.391264
-0.718082
-0.285013
0.758547
0.128558
0.588271
0.291225
0.357328
-0.328184
0.567364
0.025810
-0.557649
-0.992605
0.572847
-0.194493
-0.358314
0.078753
-0.344283
-0.891999
-0.425715
1.060829
-0.127838
-0.711685
-0.209566
-0.391636
0.316431
0.129667
0.390579
0.373039
0.215102
0.479717
0.387819
-0.680215
0.187401
-0.382438
0.335005
-0.230409
-0.258128
0.228157
-0.831151
-0.319603
-0.223198
-0.214822
-0.167338
0.427276
0.125135
0.077291
0.291843
-0.836037
0.553589
0.013823
-0.349637
0.597983
-0.020041
-0.603305
0.410317
-0.155128
0.095156
-0.271841
0.498656
-0.340901
0.445352
0.221608
0.065090
0.476399
-0.057264
-0.067315
-0.001395
-0.412701
0.216104
-0.787168
0.094331
-0.714031
0.354618
-0.076150
-0.302643
0.420960
0.563531
-0.261673
0.393381
-0.161118
-0.000166
0.310932
0.017478
-0.464824
0.886292
0.207079
0.453547
0.009420
-0.016849
0.000883
1.097092
0.355326
0.129966
-0.654959
-0.538787
0.321741
-0.437241
-0.520087
0.226953
0.519923
0.425863
0.385750
1.289348
0.105802
0.168825
-0.476061
0.635066
0.865660
-0.639331
-0.071668
-0.242363
0.080801
0.025152
0.549584
0.486127
-0.472123
0.144181
0.742840
-0.027090
-0.303453
-0.381638
-0.630394
-0.012128
-0.497086
0.113043
-0.795692
-0.417880
-0.179389
0.332423
-0.386579
0.838912
-0.117069
-0.640359
-0.823420
-0.380276
0.140314
-0.259950
-0.379955
0.307442
0.732404
-0.160017
0.449648
-0.441092
0.066161
-0.335715
-0.662083
-0.185636
0.120791
0.320133
-0.041548
0.404748
0.369730
0.152995
-0.022382
-0.088160
-0.305124
-0.236698
-0.713890
-0.236515
-0.465881
-0.184884
-0.154051
0.337405
0.017233
0.068075
-0.489888
-0.091674
0.094163
-0.511250
0.643263
0.211135
-0.065984
0.122248
0.411232
-0.314866
0.258793
0.049330
-0.479176
0.026236
-0.304379
0.085171
0.620293
-0.153382
-0.171511
-0.672367
0.219403
0.928033
-0.671704
-0.484627
0.121423
-0.567001
0.573658
-0.964822
-0.133451
-0.666341
-0.153045
0.275301
-0.219378
0.770658
0.384502
-0.082351
0.024766
-0.337980
0.135355
0.408537
0.718955
0.049387
0.203749
-1.025303
0.095705
-0.009447
0.094076
0.163796
-0.281097
0.174818
0.071723
-0.078918
0.090006
-1.042308
0.290885
-0.046390
0.105218
-0.055483
0.268894
0.005527
-1.124766
-0.903203
0.571673
0.329008
-0.866352
0.366512
-0.362200
0.596861
-0.778387
0.122833
0.141240
0.371950
0.144054
-0.241115
-0.113772
0.841184
-0.260363
0.839106
0.279694
0.723340
-0.490146
0.420182
-0.234903
-0.706577
-0.377407
0.492131
0.439513
-0.244672
-0.131614
-0.735862
0.127926
-0.028194
-0.084477
0.083362
-0.363288
-0.046071
-0.763281
1.018238
0.137583
0.104595
0.809073
-0.019222
0.425099
-0.548126
0.616572
-0.201595
-0.479545
-0.459310
0.034428
0.173112
-0.099189
-0.106111
0.235860
-0.311795
-0.518512
0.399220
-0.364249
0.233686
0.284810
-0.845183
0.668945
-0.062400
-0.600548
-0.518157
-0.204933
-0.852022
0.071676
1.374593
0.976352
0.221377
-0.949852
0.275161
0.823010
-0.211067
0.394899
0.373006
0.151395
-0.033736
0.589343
-0.367350
0.378432
0.103760
-0.720118
0.708004
-0.517695
-0.262932
0.587978
0.374047
-0.285543
-0.585880
-0.254373
0.109332
-0.678199
0.544239
0.159519
-0.042870
0.378394
-0.242387
-0.596104
0.030664
0.111232
-0.375378
-0.119976
0.044514
-0.184898
-0.420788
0.299243
0.238616
0.613541
-0.298848
0.001447
-0.911913
0.146700
0.014667
0.272035
-0.316988
-0.099224
0.175181
0.303351
0.148714
0.332644
0.205909
-0.155771
-0.177349
-0.396546
0.769790
-0.516851
-0.250800
0.720781
1.031999
0.198101
0.185792
-0.179511
0.293170
-0.136787
-0.857732
0.229772
-0.417684
-0.562624
-0.429284
-0.080029
-0.212874
-0.633536
0.284138
-0.151007
-0.199885
-0.224389
0.504688
0.693131
0.273100
-0.100421
-0.170420
-0.091300
0.282751
0.257711
0.464061
-0.062479
-0.205210
0.068778
-1.022281
0.060928
-0.369447
0.218870
0.220275
-0.370918
0.523250
-0.026019
0.629568
-0.355452
0.345928
0.908061
-0.235344
0.111689
0.944748
-0.601787
0.252314
-0.287079
-0.141915
-0.072634
-0.403685
0.342347
0.382240
-0.213271
-0.208813
0.976739
-0.076493
-0.954997
0.272015
-0.538866
0.910041
0.436852
-0.233673
0.141167
-0.753906
-0.576294
-0.265039
-0.383291
0.521045
-0.075680
0.524252
0.642349
0.094147
-0.232619
-0.137905
0.035555
0.769701
-0.008372
-0.244570
0.018088
0.372594
0.673721
0.742836
0.187134
0.563543
-0.184104
-0.278938
0.422100
-0.297871
-0.416463
0.064984
-0.163278
0.129688
-0.527554
0.290352
0.062217
1.087407
-0.239944
0.026657
-0.636847
-0.129164
0.163651
-0.262414
0.510659
-0.246850
-0.007302
0.329884
-0.042188
0.185121
-0.369088
0.021376
0.699410
-0.541707
0.323193
-0.340320
0.228391
0.247169
-0.503445
-0.034762
-0.328931
-0.001436
-0.342144
0.572026
-0.071428
-0.507097
0.953094
-0.156353
0.267218
0.205260
-0.138629
1.017335
0.639583
0.023770
0.909730
-0.070940
0.005819
1.123961
0.124573
0.013676
-0.161415
-0.079892
-0.014241
0.838908
0.076754
-0.522792
0.145754
-0.971611
0.693134
-0.279250
-0.037639
0.087910
0.257464
0.067671
-0.689082
-0.129738
0.531442
0.134339
0.569234
-0.139352
-0.487803
0.311225
0.288782
0.608641
0.025403
-0.551392
-0.043540
-0.239131
-0.358810
-0.023955
0.355893
-0.198187
-0.793941
0.125380
0.415083
0.110752
0.153807
-0.415174
0.607657
-0.332759
-0.277572
-0.073671
-0.081145
0.249151
0.718789
-0.423060
0.041820
-0.442044
-0.642029
-0.329552
0.000996
0.329543
-0.316232
-0.899733
-0.552554
0.366169
0.405044
0.846382
-0.033961
-1.089501
-0.291658
-0.895337
-0.260854
0.196695
0.278299
-0.385286
0.180890
-0.575989
-0.310117
0.031161
-0.133396
-1.001690
0.404840
-0.320549
0.198454
-0.220790
-0.030119
-0.168704
0.487810
0.058081
-0.399158
-0.175132
-0.302133
-0.096477
-0.168821
0.430967
0.270799
-0.561225
0.339436
0.411705
-0.509182
-0.219783
-0.200880
0.423481
-0.807527
0.395191
-0.716479
-0.717772
0.363195
1.015852
0.665893
-0.351029
-0.231463
-0.542384
0.087143
0.644140
-0.034653
-0.613409
-0.390998
0.531299
-0.557298
-0.091475
0.341898
-0.895921
0.253289
-0.414496
0.717630
0.538779
-0.307458
-0.132072
-0.487546
0.150473
0.743274
0.218454
-0.071142
-0.729347
0.161081
-0.057837
0.394959
-0.555920
-0.076812
-0.714793
-0.193790
-0.413844
0.544286
0.767012
0.065490
-0.139701
-0.407086
0.081354
-0.291938
-0.579926
0.303977
-0.316766
0.441161
-0.030347
-0.154441
0.098716
-0.002956
0.606455
-0.027399
0.191412
-0.142988
-0.268125
-0.076108
0.182422
0.248133
0.834162
0.509823
-0.095019
0.807317
0.266112
0.549230
0.652324
-0.283731
-0.217469
0.210723
-0.244324
0.062078
0.330284
-0.613049
-0.760971
-0.595946
0.784371
0.298509
0.458375
0.196613
-0.545606
-0.213724
-0.614754
-0.433762
-0.376801
1.484157
-0.537762
0.271294
-0.167093
-0.115103
-0.387493
-0.384883
-0.529073
0.561421
0.630323
0.132012
-0.577984
0.475438
0.061876
-0.160986
-0.098647
0.664142
0.121919
-0.372412
-0.290545
-0.326426
-0.601943
-0.464654
0.265233
-0.190685
-0.272707
-0.375382
-0.045928
-0.574587
-0.099540
0.258508
-0.198230
0.459287
-0.897660
0.534038
0.537140
0.515835
0.179657
-0.140682
0.368820
0.267776
-0.132392
-0.293925
0.104520
-0.394138
-0.461237
0.200531
-0.009446
-0.820669
0.548774
-0.089340
-0.083826
-0.025445
-0.080717
-0.399673
0.069906
0.068951
0.064223
-0.329151
-0.841731
0.186447
0.307520
-0.052211
0.052424
0.068752
0.539949
0.464068
-0.060658
-0.175714
-0.473696
-0.111853
-0.837240
-0.263103
-0.154537
-0.068519
0.387037
-0.370873
-0.227304
-0.338593
-0.166013
0.418527
-0.758804
-0.239808
-0.545629
0.028121
0.553174
0.242308
-0.686652
-0.362376
-0.447319
0.515486
0.217863
-0.378484
0.310469
0.348739
-0.363917
-0.138191
-0.362163
0.144620
0.029361
-0.686045
-0.157052
0.334400
-0.377759
-0.274239
-1.014388
-0.531944
-0.075332
-0.429276
-0.076770
-0.618588
-0.090945
0.017037
0.301601
0.837229
0.083561
-0.622356
-0.464828
-0.672560
0.237300
0.351733
-0.380058
0.423103
0.369311
1.202523
0.378070
0.251405
-0.142053
-0.929957
-0.392624
0.060460
-0.268714
0.147836
0.035824
-0.113584
-0.986403
-0.435383
-0.604850
-0.767161
0.599082
0.740068
0.762020
-1.015910
0.341800
-1.098910
-0.129800
0.110033
-0.146338
-0.459362
-0.406466
0.271781
-0.237501
0.522926
0.603415
0.936493
0.273849
0.427950
-0.398285
0.050590
-0.209939
-0.892951
0.663327
-0.223351
-0.181174
0.116811
0.612153
-0.121433
0.114593
0.219372
0.331241
0.477220
-0.349118
0.845856
0.555205
0.214741
-0.836931
0.357107
-0.285637
0.226377
-0.513196
0.234168
0.258049
0.382293
0.063046
0.300475
-0.442570
-0.732735
0.978861
-0.687094
0.036529
0.728329
0.174586
0.237763
0.229751
0.303562
0.247945
0.572622
-0.730319
0.275116
0.897250
-0.242064
-0.507002
-0.005942
0.135264
0.018108
-0.591036
0.458382
-0.869179
-0.736702
-0.066701
0.165294
-0.305227
0.233054
0.068781
0.255776
-0.305142
0.307462
-0.370130
0.084735
0.204768
0.087477
0.036206
0.035023
0.500732
0.418195
0.858258
0.234126
-0.616350
-0.131732
-0.487415
-0.188071
0.528642
-0.101333
0.461901
-0.225924
0.484783
0.945381
-0.661566
-0.037317
0.601463
0.638785
-0.102591
0.435825
-0.632670
-0.126150
-0.175106
0.530205
-0.181139
-0.211082
-0.659091
0.706472
0.598715
-0.747053
-0.101308
0.435156
-0.001400
-0.768526
0.289952
-0.072114
-0.643358
0.496468
0.769780
-0.268341
0.517745
0.176887
0.595384
-0.734973
-0.267086
0.242634
0.119687
-1.063069
-0.323720
-0.227460
0.243328
0.736948
-0.260656
0.391905
0.596312
0.176223
-0.318001
0.390159
0.637814
0.747738
0.374514
0.633349
-0.356798
-0.492235
-0.171350
0.238141
0.763992
-0.382851
-0.868108
0.901776
-0.946742
0.374808
-0.009279
0.137482
-0.230869
-0.315373
-0.565815
0.085684
0.047407
0.156342
0.038305
-0.533443
0.064600
0.467930
-0.320458
0.262641
-0.132664
0.290415
-0.382359
0.245357
-0.098723
0.066435
-0.095282
0.375623
-0.365738
-0.520161
-0.394101
0.283623
-0.319256
0.443357
-0.098415
-0.653227
0.193014
-0.643088
-0.505422
0.047301
0.213718
0.863573
-0.201952
-0.114229
-0.643748
-0.748989
0.308220
0.510766
0.059546
0.068354
0.039259
0.579230
0.430533
0.063993
-0.653391
0.022530
0.031246
-0.168222
-0.248278
-0.146385
0.316544
-0.642278
0.583155
0.070034
0.584858
-0.171586
-0.601123
0.251730
-0.554881
0.495425
0.161970
-0.097405
0.012127
0.261466
0.153229
0.445064
0.864521
-0.123504
-0.857822
0.463837
-0.437583
-0.481081
-0.275734
0.058701
-0.100385
-0.041639
-0.496012
0.350448
-0.242477
-0.638741
-0.533718
-0.487953
0.103619
-0.417355
-0.902091
0.282372
-0.514664
0.324520
0.225706
0.536451
-0.585250
-0.173962
0.715491
-0.011361
0.539078
0.669875
-0.128282
-0.629642
0.136351
-0.189781
-0.130700
0.130059
-0.329353
-0.781048
0.066701
-0.300639
0.460626
0.029238
0.477849
0.975090
-0.536759
-0.085915
-0.161004
-0.616929
0.124507
1.116583
-0.203435
0.208511
-0.231608
0.131170
-0.116119
0.328128
0.321570
-0.422508
-0.368883
-0.551741
-0.148538
1.018747
-0.259912
-0.214036
0.073860
0.007418
0.022846
-0.293912
-0.269549
-0.347733
0.282853
-0.514198
-0.422810
0.890307
-0.177701
-0.708861
0.394767
-0.033065
0.274017
0.017229
-0.371319
0.110844
-0.216896
-0.902848
-0.839003
-0.019933
-0.284249
-0.029079
-0.081051
0.410599
0.759620
0.475149
0.103843
-0.720391
0.251199
0.075263
-0.077786
0.354371
0.840761
0.464412
0.402079
-0.189617
0.013090
-0.085561
0.393859
-0.010237
0.473546
0.219345
0.480289
0.186626
0.696973
-0.193665
-0.260283
0.285692
0.363893
-0.172297
-0.353619
-0.087168
-0.289188
0.149282
0.795639
-0.012800
0.441693
0.759520
-0.000533
-0.688187
-0.279829
0.016353
0.260572
0.822515
-0.542161
1.334169
0.178783
0.407098
-0.364664
-0.809607
-0.407698
0.116662
0.541116
-0.246002
0.150523
-0.616071
0.201449
-0.085621
0.045074
-0.193898
0.680751
-0.233890
-0.411401
0.205378
0.191936
0.225709
0.447506
0.057769
-0.283950
0.968119
-0.367705
-0.187030
0.050603
0.173924
0.464505
-0.317780
-0.331028
-0.442818
0.100861
0.364226
0.632799
-0.095927
-0.178321
-0.553043
0.260575
0.225061
0.091606
0.097497
-0.177995
-0.491343
0.068869
-0.345576
0.082792
-0.449208
-0.166415
1.062821
-0.207418
-0.124060
0.592172
-1.078937
-0.213471
0.083635
-0.875155
0.313871
0.212267
-0.098443
0.199337
-0.276721
0.462322
0.724015
0.356581
0.077736
0.184917
0.021117
0.502669
-0.349312
0.061624
0.025193
0.042480
1.165073
0.368198
0.554072
-0.354496
-0.100173
0.287552
0.075142
0.052769
0.043877
1.133660
0.322936
-0.384877
0.105422
0.673864
-0.766537
-0.732801
-0.437532
-1.159562
-0.391769
-0.739697
0.196693
-0.390655
0.589461
-0.357879
0.003399
-0.047385
0.438689
0.284237
-0.320887
-0.574210
1.192796
0.220641
-0.569904
0.357747
0.267025
0.624948
0.191856
0.439653
0.184363
0.103850
0.761645
-0.290364
0.999648
-0.839432
-0.441768
0.984239
-0.145548
-0.269602
-0.439773
-0.167884
-0.202763
0.206256
-0.254329
0.127248
-0.297564
0.280387
0.044549
0.243173
0.287424
-0.811240
0.077981
0.416259
0.106918
0.619208
0.543685
0.202783
-0.556813
0.251176
-0.059883
0.267737
0.152233
-0.048290
-0.522565
-0.724354
-0.406612
0.388403
-0.107658
0.103500
0.106190
0.326130
0.076286
-0.332511
-0.181451
0.229904
-0.184253
0.706534
0.817054
-0.966083
0.276624
0.504985
-0.291435
-0.840195
-0.224503
-0.685147
-1.305385
-0.451369
0.513351
0.133097
-0.953078
0.155699
0.429329
0.005263
-0.571993
-0.079530
-0.720260
0.528277
-0.381020
0.551107
0.701033
0.031520
0.303634
0.215740
0.348640
0.617487
0.911101
0.005100
-1.151890
-0.336791
-0.003950
-0.656764
0.161143
-0.308924
-0.502655
-0.213168
-0.706457
0.043718
-0.255050
0.158085
-0.095558
-0.067929
0.151197
-0.859603
-0.533199
0.218963
0.038468
-0.380001
-0.684097
-0.346739
0.621332
-0.203458
0.072764
-0.166438
-0.419622
0.339635
-0.762314
-0.215426
-0.452143
0.037273
-0.385943
0.082162
-0.305312
0.182546
0.407124
-0.769739
0.735608
-0.201742
0.284319
0.567266
0.641502
0.255877
0.250866
-0.267986
-0.301340
-0.407645
-0.369115
0.179307
0.206355
-0.078582
-0.016456
-0.794599
-0.361956
-0.621870
0.388198
-0.509346
-0.056787
0.855881
0.173426
-0.013902
-0.358338
-0.159096
0.394373
-0.842746
-0.377568
-0.298532
0.538612
-0.725406
0.289352
0.550975
0.086503
-0.145336
1.053600
-0.166122
-0.027795
-0.428067
-1.029190
-0.319865
0.111388
0.899205
-0.558788
1.388924
-0.803696
0.047185
0.443708
0.455580
-0.465291
0.005880
0.273131
-0.677678
0.368220
-0.039912
-0.405319
0.443694
-0.488274
-0.229805
-0.084216
0.325232
-0.401824
0.025935
0.622503
0.092557
0.117057
-1.104350
0.103804
0.062450
0.150132
0.116770
-0.641833
-0.209711
0.534662
-0.485659
-0.643534
-0.437741
-0.721495
-0.333598
0.098366
-0.152432
-0.138723
0.322797
-0.069180
-0.851622
-0.096824
0.090245
-0.198318
0.506492
-0.498324
0.050384
0.109348
-0.797737
-0.168033
-0.012107
-0.431150
0.598606
-0.841620
0.101140
0.239856
-0.239280
0.202481
-0.005454
0.658800
-0.603591
-0.095750
-0.471436
-0.496700
-0.073326
0.439288
0.218602
-0.968018
-0.117494
-0.378259
-0.621671
-0.039375
0.088665
0.103256
0.407312
0.074773
-0.180246
0.119237
0.222602
-0.307754
0.036737
-0.322634
0.012536
-0.350810
-0.235147
-0.206855
-0.255175
-0.173889
-0.717957
0.491494
-0.086632
-0.354583
-0.021835
0.224030
-0.293964
-0.429165
0.813173
0.472681
-0.599392
0.444829
0.227875
-0.375243
0.411380
0.089617
-0.261422
0.537052
-0.109195
0.162633
-0.246523
-1.143682
-0.122507
-0.641987
0.411175
-0.531468
-0.125099
0.126508
-0.364751
-0.013379
0.344459
0.183830
0.697919
0.274441
-0.072133
0.147387
0.149068
-0.252318
0.386775
-0.030440
0.328928
-0.436254
0.749774
-0.421904
0.023573
-0.023768
-0.572309
0.502076
-0.248800
-0.241518
0.006133
0.346641
-0.051567
-0.010175
-0.152898
-0.070473
0.142711
-0.366406
0.411243
-0.834890
-0.505608
-0.150342
-0.395725
-0.520793
-0.063441
0.140706
0.209698
0.001308
0.454491
0.804063
-0.530196
-0.012049
-0.186052
-0.268362
-0.521399
0.701267
0.134308
-0.232725
-0.390683
-0.819262
-0.744855
0.338671
0.150883
-0.517035
0.577995
-0.105015
0.162591
-1.000736
-1.132816
0.390415
-0.491195
0.253973
-0.105639
-0.371957
0.058416
0.270079
0.103112
0.720059
0.134281
-0.281466
-0.080023
0.022271
-0.296349
-0.065849
0.002827
0.630817
-0.330244
-0.149667
1.407637
-0.121256
0.720985
-0.428168
-0.511032
0.676494
-0.101220
0.283564
-0.441478
0.112622
0.069076
-0.221618
-0.338079
0.328814
0.069235
0.409746
-0.139310
0.049019
-0.035169
0.557269
-0.017417
-0.108888
1.461674
-0.106285
-0.718315
0.207747
0.080196
0.650949
-0.220764
-0.041778
-0.299875
-0.156562
0.820865
0.051144
0.831226
-0.844655
-0.598976
-0.696321
-0.186326
0.605533
-0.604911
0.336168
0.584689
0.246436
-0.145567
-0.504178
-0.160827
0.064866
0.069253
0.124561
-0.835147
-0.015517
0.815035
0.687859
-0.274753
0.093460
-0.258279
0.280482
-0.444919
0.255208
0.110383
0.424414
-0.106808
0.458301
-0.715912
-0.366428
0.608104
1.090288
-0.089191
-0.178338
-0.558193
0.052997
-0.271490
0.529001
0.329760
-1.033399
-0.747302
0.118089
-0.023341
0.298398
0.011293
0.758113
0.068250
0.244024
0.508398
-0.051574
0.333266
0.326295
-0.312009
0.378673
0.583423
-0.251801
-0.835500
0.386172
0.119696
0.441122
0.403836
0.744401
1.397465
0.047320
-1.084078
-0.161027
0.686756
-0.228921
-0.156607
-0.058717
0.714895
0.814630
0.377207
-0.348089
0.917073
0.572806
-0.147455
0.452934
-0.561400
0.030167
-1.442348
0.236762
-0.575294
-0.264478
-0.370545
-0.190724
-0.328631
-1.121345
0.090541
-0.424568
-0.486928
0.055257
-0.159220
0.082590
0.190226
-0.126133
-0.255012
0.351588
0.020510
0.233048
0.108288
-0.180636
-0.695431
0.364736
-0.135695
-0.486638
0.251297
-0.063353
0.205931
-0.860704
0.647391
0.431305
0.110728
0.208803
-0.294370
0.150782
0.205472
-0.006632
0.705589
-0.880871
-1.000297
-0.262923
-0.036898
0.079390
0.004321
-0.746152
-0.379004
-0.299309
0.005334
-0.346936
0.252674
-0.559539
0.382982
0.290287
0.537809
0.601862
0.243354
-0.029753
-0.216376
0.421564
-0.277297
-0.312054
0.495880
0.148942
0.080301
0.742546
0.659129
0.011317
0.154862
-0.286572
-0.138418
-0.175146
0.058608
-0.225140
-0.622255
-0.278094
-0.145101
0.193155
-0.387003
0.093289
1.014750
0.276068
0.422231
0.634773
-0.530618
-0.164823
-0.383379
-0.039431
-0.217387
0.257243
-0.091728
0.121497
0.453432
-0.358601
0.750512
0.744835
0.488488
-0.404324
0.983862
1.050375
0.634678
-0.578388
-0.020582
-0.818620
0.392827
-0.642342
-0.007594
-0.734639
-0.430390
0.909080
-0.375049
0.304933
0.470405
0.271368
0.592381
0.240441
0.528411
