-0.499094
-0.085640
-0.156977
-0.436519
-0.212851
0.153850
0.430763
0.282502
0.069066
0.953787
0.113840
-0.487033
-0.827121
0.066242
0.622047
0.195453
0.060690
-0.268842
0.332877
-0.221005
-0.411120
0.380433
-0.164962
-0.930919
0.277477
-0.006860
0.090401
0.029982
0.085078
-0.074438
0.074642
-0.424466
-0.186924
0.463070
0.319459
-0.364868
-0.422875
-0.536317
0.696489
0.231150
-0.005307
-0.179965
-0.242416
0.239340
0.234750
0.015038
0.325433
0.206324
-0.540351
0.651157
-0.395766
0.144905
-1.086874
-0.108266
-0.225066
0.817764
0.155714
-0.471714
0.826570
0.596317
-0.159725
-0.179564
-0.537258
0.231610
0.231604
0.153733
-0.176666
0.307678
0.208297
-0.347530
0.185973
-0.356567
-0.318849
-0.149115
-0.985229
-1.058108
0.768498
-0.628317
0.137965
0.130724
-0.141510
-0.518131
0.523600
0.161978
-0.205497
0.148897
0.534531
-0.529996
-0.321425
0.361731
0.447031
-0.401775
0.514928
-0.184664
-0.390541
-0.196042
0.677260
0.014643
0.349237
-0.364281
-0.005925
-0.905332
0.461624
-0.528153
0.274045
-0.340466
-0.407706
-0.698277
0.033149
-0.062040
0.304167
-0.616012
-1.197981
-0.305679
0.541856
-0.498699
-0.080455
0.138718
-0.335985
-0.087918
-0.533278
-0.275116
0.137146
0.272837
-0.093489
-0.351608
-0.149541
0.226547
-0.871235
0.005654
-1.033034
-0.325391
-0.382954
-0.021308
0.670773
0.399279
-0.543641
0.327886
-0.059861
-0.300281
-0.337969
0.127577
0.365929
0.330025
0.338408
0.230723
-0.439917
-0.355573
0.126434
0.458391
-0.320970
0.739869
-0.130567
-0.607309
0.731725
0.246557
0.303915
-0.384196
-0.298904
-0.780978
-0.537574
0.487621
-0.349744
0.370655
0.377004
-0.017764
-0.402923
0.395310
0.007012
-0.222483
-0.052392
0.503443
0.178242
-0.343498
-0.397409
-0.024296
-0.420123
-0.256235
0.588693
-0.012987
-0.268239
0.429579
-0.548721
0.245800
0.070443
0.419660
0.292843
0.166672
-0.001726
0.383085
0.236370
-0.489584
0.447688
0.007917
0.886892
-0.412835
0.578406
-0.108907
0.097007
0.140686
0.865220
0.396271
0.707824
-0.030580
-0.529692
-0.153917
0.715692
0.017270
0.812111
-0.235360
-0.811896
0.128609
-0.213469
0.488958
0.018864
-0.252655
0.574829
-0.385203
-0.944917
0.170648
-0.297325
0.412136
0.256798
-0.840518
0.261441
-0.300665
0.281577
-0.355097
-1.335434
0.458680
0.404554
0.490683
0.327877
0.136453
0.120603
-0.058091
-0.005902
-0.512686
-0.234684
0.818352
0.163682
0.238008
-0.739878
0.076704
-0.711193
0.326295
-0.205274
-0.049325
0.172273
0.574710
0.504932
0.071706
-0.638476
0.038048
0.526410
-0.603169
0.708246
0.064017
-0.162320
-0.539389
-0.784245
1.188572
-0.155647
-0.440392
-0.192653
-0.331058
0.065924
0.420055
0.175611
-0.238744
0.202096
0.554020
0.105801
0.606691
0.502863
-0.535650
-0.606357
0.042854
-0.748863
-0.398233
-0.318939
-0.150617
-0.222132
0.024920
-0.684206
0.939507
-0.927948
-0.212665
-0.182916
0.442329
0.062015
-0.545005
-0.425113
-0.080333
1.051818
1.301254
0.008654
0.227485
0.299082
-0.223914
0.102601
-0.698378
-0.546548
0.069541
0.246931
1.035734
0.483861
-0.362578
-0.479537
-0.319366
-0.427223
0.138175
-0.081605
-0.094080
0.305884
-0.518642
-0.439905
0.588868
0.528821
0.149317
1.498259
0.805653
-0.737591
0.040902
0.031164
0.487519
-0.264548
0.269446
-0.038290
0.469557
0.857311
-0.181110
-0.215290
-0.171744
0.237688
-1.115640
0.293192
0.260269
0.345830
0.165983
-0.144707
-0.094474
-0.174758
-0.119384
0.187263
0.033475
-0.297230
0.055177
0.640361
0.085632
-0.939199
-0.826473
0.053693
0.580955
-0.272846
-0.440733
0.085343
-0.815586
0.282201
0.499384
0.069378
-0.116930
0.102675
0.342200
-0.293870
0.204185
0.334714
0.300605
-0.227034
-0.047096
-0.470992
-0.128489
-0.091150
0.529425
0.584668
0.669574
-0.358799
-0.071061
-0.392496
0.042744
0.364594
-0.615768
-0.263498
0.370018
-0.547276
0.120833
-0.363454
0.290590
-0.235853
-0.089056
0.176110
-0.090391
-0.153775
-0.735533
0.177511
0.032711
0.439301
0.423216
0.384950
-0.140488
0.014254
0.173237
-0.642324
0.087019
-0.232697
0.613402
0.875500
0.156816
-0.098585
0.103548
-0.524701
0.405557
0.250278
-0.193724
-0.569501
-0.097854
0.171982
-0.491603
-0.627930
-0.223248
-0.451811
0.496984
0.306872
0.671137
0.002314
-0.001656
-0.576523
0.520620
-0.180134
0.306358
0.846918
-0.227421
0.299582
-0.601816
0.314931
-0.467819
0.319365
0.354635
-0.686977
-0.287887
0.210969
-0.065304
0.799759
-0.060601
1.159359
-0.159093
0.128292
-1.305265
0.041552
0.662594
0.520688
0.226017
-0.625519
0.585499
-0.668064
-0.094540
-0.215107
0.014045
0.887657
0.129645
0.101000
-0.739474
0.999733
-0.252703
-0.125176
0.533674
-0.379599
-0.476044
-0.311312
-0.497115
-0.100420
0.639736
-0.470543
0.461860
-0.687511
0.961902
0.120905
-0.621919
0.381989
0.545441
-0.029135
0.237918
-0.167387
0.062333
-0.316305
-0.094040
-0.465954
1.044869
-0.024381
1.159363
-0.411750
0.911940
0.364275
0.460145
-0.209938
0.485054
-0.062527
-0.943165
-0.246290
0.685740
0.516640
0.140107
-0.237529
-0.158172
0.220223
0.396171
0.530600
0.882046
0.583351
-0.259714
-0.251142
-0.093208
-1.063570
-0.718634
0.690100
0.468227
-0.773740
0.113906
0.305306
0.027796
0.549412
0.194922
0.140495
-0.146948
0.329942
0.582662
0.168101
-0.472904
0.288898
0.362140
0.464749
0.190437
-0.436513
0.331806
0.212924
-0.639018
-0.201010
-0.198453
-0.108980
-0.512498
0.340513
-0.042054
-0.013144
-0.065476
0.473234
0.563178
0.359038
-0.416957
0.907107
0.302104
0.538274
-0.421957
0.033188
0.746542
0.032304
0.039721
0.440640
-0.064608
0.390908
0.285610
0.425874
0.004413
0.780738
-0.231060
0.863807
0.022086
0.410824
-0.421552
-0.122331
0.120861
-0.085201
0.900009
0.387776
0.081111
0.589836
0.202939
-0.022100
-0.510698
0.451077
-0.537487
-0.323664
0.215511
0.787495
-0.093604
0.018045
0.522392
-0.452870
0.410335
0.261057
0.372315
-0.298030
0.150427
0.398011
-0.310258
-0.081963
-0.459373
-0.396806
0.274468
0.553293
-0.072773
-0.165475
0.257477
-0.196112
-0.162879
-0.459034
0.171094
-0.196749
0.274657
-0.652569
0.028958
-0.083929
-0.019262
0.004658
0.136863
0.012351
0.206156
1.516911
0.069727
-0.924846
0.081879
-0.611107
-0.056001
-0.142399
-0.270071
-0.460743
-0.113460
-0.048437
-0.451410
0.725215
0.575653
-0.166917
1.128250
-0.217653
0.262245
0.460962
-0.057011
0.252327
0.315423
0.082335
-0.704098
-0.144998
-0.746507
0.312900
0.461396
-0.244260
-0.555902
-0.714801
0.028933
-0.658794
-0.493171
-0.162281
0.810488
0.109602
-0.698427
0.275733
0.346206
-0.303526
0.331548
-1.018353
-0.444732
0.638280
0.554339
0.148960
-0.405681
-0.258022
-0.022595
0.328599
0.402294
-0.773652
0.978836
-0.191055
-0.927461
-0.026582
0.193957
0.400527
-0.013186
0.018480
0.180512
-0.210481
0.551572
0.205109
0.242904
-0.075119
0.184272
0.118403
0.177528
-0.594535
-0.173062
-0.099766
0.092682
0.754099
0.415735
0.575755
-0.042516
-0.674170
0.514079
-0.426569
0.220720
-0.173984
-0.444504
-0.461180
0.247985
0.448280
-0.305132
0.098052
-0.297593
0.779122
0.432448
0.314128
0.043327
-0.373910
0.120428
0.641011
0.325523
-0.560306
0.220515
-0.288045
0.169978
0.082019
-1.107424
0.762732
-0.645478
0.136643
-0.309785
-0.310022
0.700248
-0.198617
0.004324
-0.116645
0.163051
-0.439938
-0.289999
0.179005
-1.070570
-0.099649
0.598992
0.456943
0.436752
0.581928
-0.703662
0.130314
-0.223705
0.523607
-0.241909
0.206106
0.140034
-0.320631
0.304049
0.568050
-0.026195
0.326979
-0.627715
0.230429
-0.285448
0.158744
-0.200733
0.736789
-0.573111
-0.026104
0.032428
-0.078859
0.306957
0.536047
0.494558
-0.120668
0.022484
0.292648
-0.413087
-0.622139
0.271410
-0.492678
0.022335
0.451990
0.334834
-0.054630
-0.217890
-0.050473
-0.541787
-0.142704
-0.288806
-0.251300
-0.524138
-0.102947
0.827185
-0.474301
-0.213531
0.071360
0.612808
0.831905
-0.139065
0.077031
0.092067
-0.063100
0.382724
0.051473
-0.367420
0.286913
0.186364
-0.755220
-0.323773
0.109511
0.287264
-0.523818
-1.542207
-0.094034
0.167752
0.091010
-0.269946
0.431675
0.414174
-0.584827
0.254693
0.440173
0.714889
-0.788462
0.556533
0.846866
0.094660
-0.663782
0.657817
0.402433
0.224233
0.504692
-0.213127
0.534335
0.317162
0.198807
-0.534325
-0.045213
0.437189
-0.390068
-0.691976
-0.563359
0.085710
0.068211
0.105925
0.529424
-0.571396
-0.025819
0.545764
0.582828
-0.070638
-0.283202
-0.283989
0.145674
-0.557242
0.224042
0.140222
-0.066243
0.035889
-0.739515
0.179067
-0.742874
-0.325928
-0.271018
0.044115
-0.521926
0.203591
0.956033
0.390228
-0.809629
-0.227957
0.799127
-0.019340
-0.147660
-0.287547
0.479495
0.083248
-0.468680
-0.895434
0.063841
-0.056425
0.208795
0.083895
-0.702302
0.254194
1.226776
0.169776
-0.115342
0.482091
0.517881
-0.185732
-0.278901
0.718867
0.428789
-0.237100
0.233534
-0.821902
0.469888
-0.494303
0.374176
-0.191939
-0.510086
0.001312
0.179059
-0.319477
-0.019456
0.432092
-0.081593
0.586211
0.922501
-0.397030
0.099144
-0.461818
-0.010043
-0.304276
0.090472
-0.339699
0.228257
-0.043612
-0.311695
-0.487070
-1.140320
-0.143178
-0.828005
0.312787
0.072849
-0.818141
0.190448
0.085743
-0.204103
-0.229948
0.070945
-0.028365
-0.971718
0.288708
-0.286555
-0.984801
-0.081176
-0.758829
-0.627245
0.512379
-1.329821
-0.550096
-0.167601
-0.294114
0.730855
-0.648750
-0.775009
0.012168
-0.615982
0.202016
0.503413
-0.227421
0.164763
-0.110920
-0.049018
0.381466
-0.192173
0.084048
-0.061951
-0.314289
-0.677134
0.460443
-0.349588
0.113392
0.170054
-0.676574
-0.114781
0.354049
0.532953
-0.344493
0.073115
-0.461490
0.499929
-0.348809
-0.050074
-0.551101
0.039399
0.054368
-0.391590
0.697181
-0.411593
-0.628648
-0.156693
0.594972
0.356217
0.308779
0.870331
-0.221111
-0.688134
0.073852
0.330362
-0.220504
-0.825310
-0.205188
-0.641944
0.236708
-0.266297
-0.042883
0.077321
0.082944
-0.120805
-0.312029
-0.097985
0.806686
0.711002
-0.009889
-0.125460
0.005796
0.266112
0.432276
-0.237240
0.218218
0.794139
0.128098
0.114371
0.277284
0.624469
0.119555
0.076190
0.034005
0.186502
-0.764205
0.626003
-0.235387
-0.240652
-1.013491
-0.076907
-0.457758
-0.456086
0.190524
0.160821
0.067710
-0.184044
0.335826
0.214827
-0.561138
-0.386585
0.401399
-0.133001
0.163004
-0.228425
0.990982
-0.307665
-0.378117
0.278787
-0.116095
0.056055
-0.130190
0.118442
-0.100740
0.121052
-0.262771
-0.382249
-0.287417
-0.628868
1.074332
-0.048623
-0.156717
-0.340384
-0.301388
-0.639842
-0.476190
-0.104057
-1.001841
0.274256
-0.090039
0.341479
-0.525369
0.805338
-0.143109
0.680879
-0.714479
-0.130474
0.827030
0.408558
1.073237
0.321096
0.776801
-0.342538
-0.024226
0.637729
-0.155981
0.504603
0.075387
0.478480
0.380699
0.629914
0.450640
0.060713
-0.081038
-0.259170
-0.072738
0.304622
0.231160
-0.221594
-0.004255
-0.121255
0.714912
-0.039809
0.005526
-0.156124
0.816012
-0.386076
0.046171
-0.432261
0.230931
-0.027583
0.302681
-0.406183
0.548832
-0.461256
-0.135570
0.650994
-0.595536
0.005764
-0.178718
0.621127
0.611961
0.005061
-0.232370
-0.008899
-0.222057
0.548505
0.539738
-0.236551
0.012376
-0.137206
-0.565636
-0.716634
0.543305
-0.647152
0.032137
-0.192472
0.552264
-0.114206
-0.154620
-0.052461
-0.670609
-0.518919
-0.110497
0.556001
-0.227887
-0.836603
-0.284434
0.959206
-0.266354
-0.193820
-0.306310
0.398003
-0.767792
-0.041595
-0.096195
-0.243471
-0.068230
-0.022433
-0.015031
-0.213912
-0.482128
0.219135
0.093979
0.403868
0.739527
-0.626140
-0.276932
-0.232589
-0.018086
0.245809
-0.442960
0.283180
0.418103
0.163259
0.335984
0.345243
0.233026
-0.069224
0.216366
0.017613
0.491236
0.952328
0.065267
0.156674
-0.643689
-0.761307
0.292745
0.175213
0.070077
-0.164668
-0.067100
0.434590
-0.617495
-0.105295
0.409599
1.025438
0.097599
-0.499134
0.006972
-0.110080
-0.361545
-0.324258
-0.301322
0.468497
0.094728
0.346666
0.394315
-0.099825
0.215643
-0.099778
0.053295
-0.345213
-0.591616
-0.108567
0.340090
-0.462736
-0.000403
-0.158891
0.101606
0.376750
0.229978
-0.631948
-0.221729
0.354532
0.566097
0.925916
-0.132070
-0.224510
0.485577
0.470815
-0.538051
0.454984
-0.243377
0.279392
0.885282
-0.087292
-0.132828
0.234085
0.250225
0.470125
0.501160
-0.434573
-0.343058
0.371903
-0.733024
-0.412598
0.372031
0.733817
-0.015644
-0.890765
0.561476
-0.335776
0.833012
-0.291311
0.003321
-0.486694
-0.909116
-0.642980
0.206027
0.065489
-0.674779
-0.667362
0.896656
-0.951723
-0.202249
0.032900
-0.494289
0.057108
0.121705
-0.088158
-0.791900
0.393595
0.217415
0.268363
0.406400
0.402216
0.196098
-0.128777
-0.499640
0.373888
-0.588066
0.107500
-1.049948
-0.026868
0.044416
0.625495
0.320864
0.624233
0.219907
-0.282715
-0.013520
1.195201
-0.105940
-0.347186
0.172078
0.398795
0.112897
-0.111146
-0.098452
0.378220
-0.117767
0.217051
-0.370928
-0.341554
-0.121876
0.246612
-0.449252
-0.324050
0.687724
-0.588253
-0.322099
-0.433488
-0.241641
-0.150505
0.329070
-0.245669
-0.122524
0.005062
0.346073
0.268315
-0.526478
-0.270837
0.412461
-0.116460
-0.408601
-0.566079
0.850164
-0.610018
0.253907
-0.950090
0.738261
0.366152
0.450012
0.127236
0.668108
-0.072396
-0.124965
-0.005584
-0.409482
0.354236
0.030175
0.320667
0.387537
-0.419221
-0.806311
0.676377
0.160017
-0.856489
-0.514209
-0.942373
-0.639512
-0.515682
-0.292681
-0.682698
-1.457792
-0.523757
0.036803
-0.335214
-0.334692
-0.130984
-0.403396
-0.701851
-0.856725
-0.319242
-0.211675
-0.504357
0.367754
0.548157
0.688461
0.412700
0.522378
0.775050
0.191029
0.715881
0.736443
1.309404
0.759737
0.095594
0.863544
0.456223
1.354605
1.011552
2.092621
1.446670
1.770777
1.415426
0.773617
1.153312
0.395034
0.037396
0.218734
0.601209
0.168228
-0.483380
-0.771093
-0.215021
0.340022
-1.180917
0.052439
-0.569609
-0.832295
0.140908
-0.999736
-0.269239
-0.277107
-0.340679
-0.898694
-0.630650
-0.462934
-0.063817
-0.624725
-0.559148
-0.552407
-0.403180
-0.528381
-0.063818
0.608988
-0.382117
-0.713575
0.021914
-0.041121
0.594919
0.480376
0.963554
0.071942
0.656852
0.911574
0.607011
-0.547674
0.608305
0.176204
-0.112821
0.116218
0.048768
0.092773
-0.132113
0.043735
-0.074083
0.425072
-0.218011
-0.243795
-0.376987
-0.009120
-1.217644
-1.212206
-0.661931
-0.651986
0.139326
-0.809112
-0.177655
-0.184878
0.299473
-0.000042
-1.025235
-0.207516
-0.096276
-0.035797
0.030300
-0.097346
0.755943
-0.615555
0.134833
-0.067275
0.013481
0.324033
-0.002624
-0.275939
-0.097362
-0.467414
0.134175
-0.617592
-0.030689
-0.559934
-0.529894
-0.144036
-0.299966
-0.392391
-0.353034
-0.038789
-0.625879
-0.679659
-0.182704
0.116750
0.432933
0.543435
-0.227181
-0.351498
0.157542
0.276849
0.075738
0.369993
0.426145
-0.429167
-0.982571
0.496800
-0.153299
0.435734
-1.334322
-0.042814
-0.700335
0.566065
1.036003
1.228388
0.545818
0.559758
-0.039398
0.087883
-0.011671
-0.276031
-0.332959
-0.527684
-1.064469
-0.415090
0.291358
-0.270550
-1.080612
0.288272
-0.587437
-0.250114
-0.401684
0.212666
0.164548
-0.063159
0.037521
-0.042384
0.022177
-0.453126
-0.083627
-0.095900
-0.426057
0.228765
0.100738
0.846540
-0.517758
0.248181
-0.204107
0.497707
-0.073533
0.557387
0.186271
0.291481
-0.661689
-0.604362
-1.274142
-0.530729
0.011055
0.087175
-0.617208
-0.820080
0.557289
-0.938518
-0.049570
0.139813
-0.212889
-1.144916
0.917641
-0.559590
-0.209573
0.357441
0.480656
0.331131
-0.054794
-0.448896
0.418142
-0.092586
-0.423714
-0.340710
0.802600
-0.698143
0.325641
0.796329
0.356964
0.399839
-0.325661
-0.125497
0.188672
0.012982
-0.366028
-0.539010
0.471804
-0.505988
-0.528188
0.111686
0.135623
-0.522174
0.111809
-0.325865
-0.408748
0.044035
0.117080
0.413237
-0.353504
0.468979
-0.311424
-0.376941
-0.015587
-0.257872
-0.383449
0.156296
0.134828
-0.209612
0.740136
0.006996
0.303607
-0.741217
-0.621653
0.165187
-1.038142
0.247074
0.103036
-0.168667
0.298631
-0.837286
0.336960
-0.594038
0.491963
-0.881282
-0.320755
0.007228
0.308354
-0.039707
0.249884
-0.615470
-0.650736
-0.392786
0.251472
0.219045
-0.152319
1.090205
-0.318436
0.236001
0.067070
0.452887
-0.311081
-0.164642
-0.801345
-0.346730
0.602239
0.472607
-0.495961
-0.425491
0.108025
0.250461
-0.315635
-0.133636
-0.642177
-0.233870
-0.179374
-0.056905
-0.301510
-0.206509
0.148483
-0.466057
-0.498191
0.360668
0.697544
-0.430434
0.307471
-0.466993
-0.277605
-0.663820
-0.159108
0.070957
-0.460786
0.371003
0.036345
-0.472088
0.441509
-0.241834
0.915642
-0.539195
0.176147
0.591249
0.097003
-0.241215
-0.031929
-1.092735
-0.488979
-0.351305
-0.368410
0.156902
0.355651
-0.081014
0.335218
0.370208
-0.103292
0.369451
-0.464842
-0.311377
0.104177
0.033653
0.199555
0.169511
-1.048902
0.080569
-0.322583
-0.577826
-0.288314
-0.386287
-0.166307
0.388662
-0.165891
0.665568
0.569051
1.079160
-0.078826
-0.348366
-0.746709
0.523126
-0.028153
0.418381
0.428006
-0.760098
-0.143326
0.149661
0.210073
0.087546
0.542575
0.207399
0.992956
-1.268193
-0.457992
0.240221
-0.046068
-0.054743
-1.073147
-0.035993
-0.063851
0.528678
-0.179891
0.223870
-0.287456
0.415860
0.570654
-0.501007
0.092649
-0.060160
0.127286
-0.336084
0.202706
0.007195
-0.172102
-0.015618
-0.020545
-0.222828
-0.171272
0.074498
0.020406
-0.407602
-0.123011
-0.168900
-0.193116
0.440206
0.135892
-0.227586
0.407357
0.026827
0.432473
-0.676393
-0.211525
0.721107
0.880159
0.256848
0.548560
-0.333033
-0.148900
-0.643486
0.091635
0.455151
0.665521
0.268277
-0.324465
0.039341
-0.154140
-0.266667
0.442674
0.004449
0.169624
-0.330380
0.080072
-0.029670
-0.050056
0.146436
0.167841
-0.252538
0.547026
-0.149938
-0.536663
0.159054
0.037438
0.213143
0.467768
-0.908051
0.556095
-0.274802
-0.863309
-0.060178
0.566010
0.429289
0.276440
0.717578
-0.366916
0.325350
0.267064
0.010329
0.434082
-0.396048
0.977169
-0.182936
0.280505
-0.190152
0.234886
0.265304
-0.432506
0.608237
-0.002894
-0.047539
0.002308
-0.161884
-0.037157
0.105621
-0.175703
0.849506
-0.739088
-0.326716
-0.229243
-0.320698
-0.092701
-0.331482
0.842468
0.690891
-0.616599
0.475478
-0.274318
0.206464
0.005909
0.025628
-0.042932
-0.670854
0.237717
0.866002
0.087083
0.018753
0.171600
0.045536
-0.716882
0.393810
-0.273476
-0.020569
-0.209333
0.266537
0.123550
-0.157370
0.160142
0.229294
0.253842
0.108496
0.282008
0.003732
-0.245211
-0.480734
-0.187945
-0.253265
0.341196
-0.541279
0.149513
0.186263
0.837444
0.129263
-0.091517
0.789328
-0.526268
0.921675
-0.658226
-0.125113
0.750535
-0.542988
-0.033415
0.290354
0.135429
0.152272
-0.238806
-0.850274
0.164062
-0.516094
0.186291
0.122316
-0.761405
0.106266
-0.232788
-0.752519
0.161789
0.213938
0.328358
0.461925
-0.008811
-0.205291
0.150343
0.626945
0.078954
-0.524292
-0.110414
0.039600
0.662030
0.033906
-0.317156
-0.539717
0.315288
-0.236934
0.225231
-0.447484
-0.177136
-0.167000
-0.084596
-0.069746
-0.080654
-0.265554
-0.431903
-0.639890
0.788999
-0.774644
-0.088334
0.376138
0.528115
-0.821118
0.548995
0.432393
0.137623
-0.131832
0.572318
0.052099
-0.233049
0.079782
-0.123236
-0.237393
-0.319357
-0.028316
-0.555336
0.186892
0.007514
0.335292
0.133227
-0.098176
-0.236796
0.632860
-0.009621
0.409032
-0.380585
-0.167733
-0.314150
-0.565564
0.137838
0.436084
0.007950
-0.418603
-0.618321
-0.642054
0.947524
-0.635989
0.538478
0.650029
0.251257
-0.670310
-0.054028
0.160475
-0.134751
-0.240001
-0.461476
-0.174224
-0.466965
-0.191438
0.628915
0.059613
0.046795
-0.757972
-0.142804
0.038237
-0.024459
0.007716
0.243229
0.075943
0.217841
0.176575
-0.834218
0.005101
-0.240603
-0.202848
-0.702909
0.276715
-0.349703
-0.173321
0.328154
0.171071
0.421637
-0.384457
-0.288840
-0.114811
0.641031
0.460211
0.562517
-0.223460
-0.181660
-0.603874
-1.304075
-0.336732
-0.022455
-0.015698
-0.251756
0.783753
-0.353153
0.514532
0.516348
-0.282766
0.007938
-0.336972
-0.248232
0.553898
0.306988
0.934315
-0.786676
-0.279406
-0.750668
0.415042
0.317970
-0.075803
-0.300418
-0.921768
-0.273196
-1.233663
-0.003631
-0.410159
0.563002
-0.334245
-0.177636
-0.681385
-0.327201
-0.188743
-0.288729
0.877626
0.430934
0.255016
0.264959
0.451460
0.407160
0.270476
0.008299
0.288650
-0.174468
-0.390685
0.244290
-0.594289
0.497713
0.034515
0.592990
0.584518
0.124210
-0.038812
1.003633
-0.597425
-0.597559
0.172981
0.361405
0.072591
0.213382
-0.429589
0.067597
-0.155195
0.390993
0.335288
0.232701
0.598815
-0.378229
-0.529255
0.041886
-0.043604
0.181498
-1.083112
0.678945
0.780833
-0.529811
0.254138
0.099201
0.076763
0.105131
0.330797
0.071288
0.397524
0.061721
0.165450
-0.458035
0.247729
0.372302
0.114388
-0.592259
0.217997
0.555889
-0.373712
-0.414372
0.763314
0.117100
0.734183
0.049086
-0.478348
-0.396327
0.037667
0.057765
0.287856
-0.551335
-0.237366
-0.505475
0.835527
0.449201
-0.127948
-0.868864
0.392468
0.357702
1.713043
0.151963
-1.171654
0.308429
0.165559
0.245929
0.226052
-0.128228
0.092815
-0.671138
0.852522
-0.308300
-0.161541
0.323676
-0.486972
0.018932
0.457591
-0.126076
-0.221401
0.403193
0.432944
-0.440987
-0.617107
0.331451
0.388587
0.399897
0.797573
0.342413
-0.718879
-0.127827
0.514443
-0.146504
-0.349518
-0.642421
0.031442
0.559468
0.061679
-0.514005
0.107672
0.255362
-0.511585
-0.664163
0.118869
0.093894
-0.159560
0.100258
-0.015977
-0.045921
0.005931
-0.618706
-0.403813
-0.240296
0.686483
0.600557
0.344827
0.853367
0.169105
0.476825
0.200893
0.472754
-0.314178
0.698967
-0.082625
0.481671
-0.089476
-0.148297
-0.087423
0.090624
-0.652748
0.010977
0.163559
-0.435057
-0.288396
-0.306676
-0.499959
-0.619175
0.026349
0.578242
0.804833
0.067965
-0.204127
0.530621
0.345740
-0.036622
-0.162261
0.446752
-0.068193
-0.313484
-0.115096
-0.218722
-0.107615
0.400050
-0.365279
-0.605905
-0.106184
-0.496652
-0.202855
-0.164294
0.296424
0.568851
0.498732
-0.249516
-0.098343
-0.111628
0.730555
-0.546468
0.317397
-0.336626
-0.513225
-0.201005
-0.037932
-0.036411
0.103103
-0.138053
-0.351578
-0.205084
0.717230
0.571997
-0.228242
-0.143286
-0.311139
0.397609
-0.563552
0.594681
0.429114
-0.694243
0.698920
-0.621380
0.608576
-0.380562
-0.306050
-1.113809
-0.016479
-1.116672
0.191615
0.055056
0.088393
0.349587
-0.266229
0.198589
0.086626
0.267200
0.313078
0.916640
0.633416
0.343809
0.134554
-0.513663
-0.008335
0.205330
0.069191
1.124596
0.048269
-0.407633
0.490522
0.459590
-0.195966
0.188946
-0.822302
0.533907
0.035373
-0.223560
-0.032050
0.087058
-0.679255
-0.659415
-0.038324
-0.847214
-0.772386
-0.519071
0.732553
-0.137820
0.454270
0.500163
-0.150600
0.109612
0.086040
0.430793
-0.449126
-0.673495
-0.261616
0.886505
-0.084320
0.596406
0.325822
0.310448
-0.326565
0.497110
-0.425342
-0.322967
-0.092061
0.379204
0.430372
0.183702
-0.140823
-0.855527
0.481269
0.229196
-0.165314
0.091282
0.142218
-0.462760
0.676410
1.596120
0.038834
-0.554054
-0.490373
0.275304
-0.408250
-0.863570
-0.478264
0.061647
-0.084540
-0.238699
0.106363
-0.486820
0.235520
0.782328
-0.308372
0.089264
-0.907141
0.603206
0.600160
-0.037632
0.044948
0.150854
-0.438114
-0.720470
0.238924
0.470133
-0.546816
0.920824
0.159497
-0.169745
-0.282879
-0.616732
0.310582
0.611351
-0.090930
-0.218747
-0.637988
0.451897
-0.075154
0.331460
-0.323999
-0.105712
-0.406382
0.100670
0.210907
-0.626784
0.008473
-0.013414
0.220020
-0.152354
0.116051
0.225300
-0.331004
-0.413909
0.462507
0.628109
0.156674
0.003064
0.110514
0.389786
0.333778
-0.514297
0.462244
-0.114543
0.016298
-0.615266
0.169774
-0.207582
-0.137429
0.027499
0.682093
0.191289
0.079244
0.083563
-0.656532
-0.465750
1.291420
-0.702259
0.174690
0.402943
-0.166998
-0.399065
-0.444476
-0.081919
1.136960
-0.424786
1.277493
-0.300065
0.181434
0.305786
-0.570974
0.022100
-0.118916
-0.804500
-0.431623
0.133634
-0.307193
-1.089206
0.087833
-0.503791
-0.167251
0.223014
0.060213
0.153323
0.790514
-0.122274
-0.344137
-0.282607
-0.197109
0.535634
-0.023541
0.206522
-0.993591
0.015061
0.208878
0.504515
-0.747227
-0.115830
0.828925
-0.736097
0.551817
0.942519
0.572739
0.056959
-0.994582
-0.237626
-0.162835
0.573593
-0.090794
0.249851
0.314725
-0.153003
0.379941
-0.003808
0.284503
0.486475
0.494541
0.207430
0.381070
-0.299605
-0.244440
0.163193
-0.382608
-0.112597
0.671429
0.266671
-0.283219
0.217643
0.159006
-0.493135
1.072768
-0.332564
0.081015
0.262008
0.180432
0.635524
0.540275
-1.086946
0.538090
-0.461283
-0.225752
0.271883
0.736825
0.067222
-0.099798
-0.291390
-0.020914
-0.363022
0.935393
0.245276
0.271238
0.387223
-0.038059
-0.464120
-0.073265
0.058193
0.210325
1.170849
0.332250
0.861765
-0.330809
-0.668014
0.235326
-0.263657
-0.464340
0.615563
0.253764
-0.321903
0.067055
0.108320
-0.216814
-0.501683
-0.446860
-0.334581
-0.305774
0.649630
0.435196
-0.491313
-0.373116
0.735159
0.111997
0.276525
-0.075443
0.363916
-0.979294
-0.549470
-0.377323
0.219266
-0.026275
0.617814
0.795443
0.555212
0.229681
-0.430762
-0.362115
1.010406
-0.390182
-0.686078
0.067953
-1.079284
0.420436
-0.277204
-0.522427
0.164470
-0.464127
0.768199
0.527552
-0.616572
-0.925758
0.370283
0.317003
0.073612
-0.534882
0.314099
0.690210
0.727323
-0.624038
0.787411
-0.904472
-0.541592
0.140943
-0.620067
0.013895
0.322735
-0.343585
0.177346
-0.278553
0.319483
0.051817
-0.347797
0.095745
-0.250581
-0.708623
-0.561427
-0.210594
-0.226964
-0.046373
-0.177462
0.913520
-0.245235
-0.303818
0.177319
-0.328040
-0.113821
0.654992
-0.086288
-0.893891
0.339490
0.485782
-0.867324
-0.204477
0.440382
-0.284859
0.150745
0.556829
-0.351450
-0.050304
-0.452340
-0.526947
0.253621
0.378453
0.205609
-0.308276
-0.253277
0.072843
0.273628
0.012726
0.705435
-0.152426
0.026992
0.004453
0.772163
-0.232728
0.151420
-0.221670
0.598704
-0.259111
-0.175532
-0.262868
0.493306
0.686860
-0.036992
-0.332393
0.084983
0.326702
-0.145312
0.258429
-0.906723
0.053621
-0.897229
0.616663
0.331131
-0.545416
-0.226849
0.677244
-0.952760
-0.167994
0.102136
0.188615
-1.318079
0.305021
0.027625
0.481165
0.545908
0.790161
-0.594746
0.647073
-0.349999
-0.671230
-0.439443
0.017375
0.456660
0.198894
-0.128977
-0.504332
-0.805744
-0.529740
0.126850
-0.088496
-0.774082
0.141690
0.354900
0.673244
-0.776481
0.248951
-0.058910
0.039062
0.412463
0.175507
0.580590
0.168889
-0.059792
0.721938
-0.162541
-0.376467
0.392335
0.504755
0.717515
-0.547636
-0.304457
0.664943
-0.762742
-0.242760
-0.071574
-0.252362
-0.307681
0.110064
0.189020
-0.593349
-0.588860
0.488644
0.448454
-0.499233
-0.318078
-0.129211
-0.659197
0.192521
0.305428
-0.154121
-0.607710
-0.273850
-0.267560
0.547687
-0.281219
0.376823
-0.476839
0.505395
0.308776
0.111304
0.172917
-0.116101
0.249163
-0.651012
0.379366
-0.052840
0.435701
0.148418
-0.268692
-0.406113
1.102238
-0.497722
0.369478
-0.203776
-0.160199
-0.744443
0.145924
0.071976
-0.538357
-0.748855
0.325609
-0.079784
0.130735
-0.228569
0.467397
-0.171890
-0.959665
0.443342
0.106098
0.425247
0.446130
-0.579773
-0.027932
0.407450
-0.534797
0.390044
-0.380870
0.123565
0.021779
0.788819
-0.953776
0.427157
-0.105224
-0.195257
-0.091381
0.351564
1.511192
-0.550097
-0.236681
0.095319
-0.542354
0.479548
-0.335475
0.071531
0.183360
0.555418
-0.067217
0.550016
0.389283
-0.085123
-0.029042
0.017048
0.102873
-0.488186
-0.413431
0.718247
0.302100
-0.526050
0.086755
-0.507122
-0.988362
-0.356517
-0.275472
0.491564
0.298547
1.071339
-0.735944
-0.398912
0.042824
-0.332055
0.353208
-0.029077
-0.272871
-0.817387
-0.277626
-0.092537
0.298979
-0.417510
0.234084
1.296848
0.673594
0.122092
0.302968
0.321410
-0.151637
0.118796
0.196454
0.715390
0.647754
-0.189640
-0.049796
1.025309
-1.059014
0.481560
-0.623320
0.289163
-0.345357
-0.066023
0.502035
0.013971
-0.372157
0.041368
0.269489
0.173040
0.393309
-0.275723
-0.723082
0.380883
-0.112180
0.048867
-0.102356
0.195471
-0.667137
0.320583
-0.517622
0.581753
-0.025614
-0.185777
-0.056774
0.653840
-0.398243
0.273717
0.354919
0.112095
-0.077925
0.089493
-0.667310
0.248357
-0.883142
-0.242311
0.244774
-0.278088
0.432917
-0.866060
-0.513516
0.012174
-0.316412
0.075081
-0.290794
-0.126024
0.811821
-0.255647
-0.398526
0.650508
1.013288
0.286887
0.026454
0.663098
0.381481
0.396661
0.025676
-0.297957
0.143084
0.941362
0.073365
-0.031941
-1.015938
-0.169482
0.271680
0.065808
0.299365
0.168359
-0.425511
-0.823644
0.106523
0.211731
-0.436108
0.019389
0.066628
0.091050
-0.280656
0.256401
0.665239
0.234427
-0.367876
-0.312446
-0.439838
-0.146044
0.242829
-0.737962
-0.172792
0.368461
-0.744669
0.732862
-0.382188
-0.002172
0.239540
-0.941767
-0.075082
0.575668
-0.233432
-0.669476
-0.278132
0.311072
0.730910
0.559869
-0.308046
0.219273
-0.072129
-0.497086
-0.677494
-0.067739
-0.190053
1.125841
0.242907
0.449193
-0.018521
-1.041869
-0.311526
0.413724
0.859245
0.297487
0.408446
-0.317947
0.286650
0.582583
0.996742
-0.247087
-0.059979
0.016406
-0.097066
0.282374
0.125877
-0.088136
-0.229166
0.107134
0.348324
-0.107055
-0.147701
0.350634
-0.363063
-0.415475
-0.323354
1.145295
0.316072
0.033001
0.343456
0.258551
-0.184271
0.956499
-0.061873
0.253215
0.166219
-0.014172
0.269907
-0.495263
0.314334
0.159746
-0.115823
0.031834
-0.352385
0.364777
-0.440903
0.488426
0.160597
0.243271
0.202216
0.327230
-0.066404
0.035129
-0.303378
-0.200275
-0.166996
0.330773
-0.289754
-0.313946
-0.792177
0.477892
-0.014655
-0.261563
-0.187724
-1.153685
-0.346204
0.280467
0.164532
-0.497091
-0.369235
0.591732
-0.644261
-0.592393
0.181892
0.114978
-0.502311
0.303604
-0.733145
0.193199
0.182510
-1.015963
0.320301
0.110612
-0.492829
0.181116
-0.304991
0.268452
0.511960
-0.108658
0.294902
-0.248961
-0.377583
-0.370402
-0.752971
0.303674
-0.449012
0.413387
0.160614
-0.631323
-0.554502
0.607706
-0.287024
-0.285336
-0.036107
-0.074648
0.592836
-0.559974
-0.586885
0.221026
-0.556393
-0.501575
0.085820
0.108226
0.173749
-0.362666
0.670331
-0.522116
-0.035339
-0.193778
0.153751
0.019099
0.467147
0.723182
0.247485
-0.342115
0.170198
0.322886
-0.741159
0.189019
-0.543617
0.441573
-0.253012
0.568431
-0.546745
-0.632244
0.167498
-0.042441
0.831055
0.074936
0.238290
-0.027579
-0.233832
-0.003685
-0.070323
-0.322063
0.880557
-0.525127
-0.172440
0.001871
-0.183345
-0.654403
-0.328528
-0.468261
0.648729
-0.055569
-0.525019
-0.197884
-0.075320
-0.329344
0.082601
-0.234962
0.285110
-0.264865
0.520620
-0.372405
0.174532
0.386187
0.368851
-0.338804
0.081116
-0.201677
-0.404469
0.201626
-0.330689
-0.888776
-0.232740
-0.138004
0.033121
-0.259190
0.382956
-0.283803
0.562810
-0.910367
-0.120040
0.742469
-0.068405
0.653213
0.069029
-0.255018
-0.763395
-0.548119
0.535109
-0.145525
1.150723
-0.281758
0.022004
0.102557
-0.904129
-0.123197
0.071368
-0.813316
0.394988
-0.135782
0.252172
0.882497
-0.306309
1.372855
-0.306003
-0.055673
0.011091
0.243201
0.774217
-0.411755
0.096058
-0.270564
-0.020236
0.434446
0.765324
0.270380
0.117228
0.376152
-0.285953
0.010376
0.162476
0.794922
0.084846
-0.362606
0.075448
-0.007406
-0.149113
-0.251751
-1.116659
-0.288879
0.866413
0.504781
-0.213122
0.019580
0.789053
-0.449116
-0.371560
-0.174366
0.222342
-0.686104
-0.018256
0.061430
0.507456
0.128667
0.204061
-0.101956
-0.164404
-0.447747
0.148726
0.195953
0.088425
-0.075120
0.017216
0.349105
0.500687
0.399619
0.402903
-0.235067
0.647649
-0.383834
0.252466
0.626070
-0.464770
0.157907
-0.100713
-0.346213
0.845936
0.016657
-0.230305
0.622315
0.205324
-0.086114
-0.315843
-0.162973
-0.179127
-0.071679
-0.104311
-0.607402
0.867297
-0.331826
-0.733452
0.077311
-0.338007
-0.189547
-0.728424
0.569105
1.075617
-0.563131
0.391792
-0.101780
0.244043
-0.148438
-0.137590
-0.142251
0.150350
-0.158720
0.539182
0.098080
-0.157591
0.947204
0.392124
0.346662
-0.058757
-0.281236
0.071439
0.240113
0.217304
-0.271042
-0.562520
0.037054
-0.553269
0.123174
-0.377747
-0.121240
-0.420902
0.033494
-0.181053
-0.784208
0.091129
0.290341
-0.390530
0.112226
0.291465
0.250651
-0.178717
0.559504
-0.740324
-0.306375
0.602718
-0.399081
-0.633655
0.414825
-0.265429
0.326001
0.195478
-0.321411
0.018163
-0.413707
-0.088169
0.353850
0.384697
0.176600
-0.074978
-0.295822
0.224500
0.252370
0.171667
-0.181266
0.256574
0.073433
0.216105
0.622688
0.277911
-0.572668
-0.664643
-0.120206
0.174586
0.492177
0.646322
0.101638
-0.334804
0.616804
0.916865
-0.585568
-0.918217
0.121800
0.304213
-0.058117
-0.461928
-0.552599
-0.510996
0.278671
0.310481
0.479559
0.264566
-0.638682
-0.881312
0.448743
-0.232381
-0.299407
0.224841
0.262644
0.850748
-0.308392
0.196308
-0.168253
-0.303403
-0.790855
0.200968
0.050480
-0.064840
0.629116
-0.162019
-0.217267
-0.016252
-0.363555
-0.456659
0.940510
-0.285634
-0.048770
0.376980
-0.222222
-0.053965
-0.138173
-0.074838
0.462666
0.395731
-0.043488
-0.006153
0.097325
-0.292090
0.218611
-0.144313
-0.101496
-0.143970
-0.122894
-0.093137
0.538138
-0.139099
-0.239263
-0.096737
0.461047
-0.201354
0.156573
-0.007308
-0.288744
-0.057654
-0.744489
0.583062
-0.177573
0.344544
0.369873
0.212995
0.224797
0.264259
0.319108
0.536809
0.311135
-0.190704
0.168787
-0.319776
0.102808
0.291792
-0.252992
-0.060931
0.541053
0.262784
0.451154
-0.268749
-0.332847
0.589828
0.560479
-0.121000
-0.321151
-0.885327
-0.733483
0.037623
-0.808420
0.837237
-0.385508
0.157696
-0.246814
-0.044667
0.080090
-0.251534
0.583301
0.171066
0.136212
0.076637
0.507930
-0.124146
-0.214670
0.491904
0.114271
-0.137847
0.454974
0.091931
-0.924937
-1.087688
0.490204
0.568479
-0.025705
-0.382673
0.167325
0.017083
-0.023974
0.367214
-0.235116
0.220033
0.591221
0.077344
-0.481535
0.036852
-0.436490
0.113711
0.277322
-0.141655
-0.773589
0.001397
0.291547
-0.210621
0.058641
-1.137058
0.052479
-0.076800
-0.238247
0.741730
-0.376065
0.104105
-0.108528
0.152245
0.264992
-0.338297
-0.500334
-0.351170
-0.602043
-0.066865
0.098944
-0.383748
0.514166
-0.021291
-0.048739
0.606817
-0.395356
-0.430353
0.378135
-0.564778
-0.200243
0.543975
-0.325812
-0.380567
-0.028100
-0.224466
-0.485832
-0.123203
-0.190285
-0.162392
-0.057222
-0.057002
-0.314562
-0.348674
0.043413
-0.010503
0.196055
0.147792
-0.604785
-0.522888
-0.459994
-0.093596
-0.700080
-0.296046
0.053785
-0.095762
-0.943228
0.779871
0.263587
-0.027017
-0.078997
-0.027592
0.674847
0.498186
-0.605919
-0.673019
0.218551
-0.960818
0.218210
-0.693709
0.064635
-0.615632
0.193034
0.625811
0.120427
0.481101
-0.277817
-0.624221
0.775025
0.216105
0.208414
-0.256149
0.178588
0.296013
0.298143
-0.320377
-0.070557
0.510237
0.110857
0.603603
-0.633888
-0.325967
0.138228
-0.363397
0.333464
-0.644034
-0.266653
0.240589
0.933877
-0.157564
-0.753643
-0.059516
0.661897
0.147862
-0.108444
-0.803999
-0.564599
0.344526
-0.825253
0.759201
0.497553
-0.018334
0.079996
-0.262738
-0.327789
0.015530
0.357165
0.626138
0.681149
-0.548099
-0.027069
-0.612907
0.328157
-0.813780
0.816839
0.011524
-0.759016
-0.336949
0.109506
-0.072370
0.313474
0.517557
-0.140777
-0.095116
-0.085006
0.012753
0.097883
0.395007
-0.144313
0.334874
-0.063865
-0.422033
-0.205594
-0.434520
-0.081513
0.557680
-0.160892
0.278686
-0.517409
-0.514665
0.100927
0.127654
0.233669
0.235502
0.346676
0.411393
0.010591
-0.216067
0.291731
0.322040
0.153017
0.364879
-0.310501
0.161235
0.199520
0.060770
-0.236062
-0.165057
-1.253768
-0.824489
-0.395436
0.873826
-0.381484
0.028661
-0.439890
-0.412753
0.367336
0.015446
-0.072357
-0.365503
0.668136
-0.157373
-0.264339
0.328249
-0.291240
-0.540998
0.090751
-0.235965
0.032786
-0.740575
0.688433
0.289359
0.575122
0.040258
0.519780
0.293456
0.716514
0.321199
0.507190
-0.119039
0.434886
0.094442
-0.373913
-0.190078
0.490666
-0.450281
0.370866
-0.322796
0.006034
-0.074736
-0.308356
0.231002
0.201446
0.354988
-0.654460
1.053435
0.651130
0.391273
-0.185942
0.799089
0.956897
0.285426
-0.146713
0.167660
-0.037752
-0.518934
1.201968
-0.329165
-0.733492
0.380283
-0.815582
0.441043
-0.046801
0.696704
0.168612
-0.416720
-0.170623
0.099588
0.333317
0.571564
0.367165
-0.900815
0.567306
0.798722
0.700805
0.433136
0.276899
0.333929
-0.587375
-0.079821
0.136320
-0.856681
0.004079
-0.804281
-1.010063
0.034595
0.657443
0.675196
-0.473945
-0.409928
0.634211
0.394942
-0.175053
0.311194
0.636610
-0.120006
0.261888
-0.176940
0.041884
0.185693
-0.153252
0.678163
0.739730
-0.081552
0.115224
0.254665
-0.182600
0.431738
0.479752
-0.394898
-0.142105
-0.159023
-0.182515
0.310142
-0.260136
-0.549591
0.412498
-0.697181
-0.075816
0.405283
-0.233662
0.123403
0.089324
-0.091025
-0.032324
0.166536
0.502651
-0.119674
0.544940
0.413468
-0.432636
-0.569328
-0.039535
0.041738
-0.214127
0.404879
-0.298382
0.540690
0.946483
-0.351177
0.108176
0.276792
-0.543235
-0.165082
-0.084046
-0.100520
-0.610090
0.468462
0.069565
0.302389
0.512642
0.515795
-0.514865
0.217385
-0.272289
0.598174
0.450558
0.257603
-0.212914
0.480126
0.482429
0.756578
0.121792
-0.541040
0.860624
-0.385757
-0.401674
0.119918
0.617632
-0.104069
0.330350
-0.796978
0.209206
0.070696
-0.626245
0.200392
0.333230
-0.312474
-0.743417
-0.644871
0.220583
-0.114090
-0.078209
1.130307
-0.343084
-0.202451
0.008523
0.014817
-0.647013
-0.010853
-0.172171
0.326260
-0.521122
0.292224
-0.047151
0.108840
-0.047283
-0.106770
0.469144
0.453608
0.286270
0.611218
0.087880
0.617368
0.554757
-0.468717
-0.145601
0.445187
-0.199800
-0.293853
0.109071
-0.017553
-0.064289
0.782615
0.051123
1.348180
0.680007
-0.590096
0.226532
0.611114
0.057509
-0.567386
0.254682
0.253997
0.234471
0.527573
-0.823014
-0.074779
0.011234
0.043047
-0.988993
-0.179481
-0.632541
0.036924
0.229609
0.299917
0.021688
0.032787
-0.027087
-1.067234
-0.724113
-0.084969
0.147740
1.191905
-0.252806
0.080834
0.119978
0.219493
0.512235
-0.293224
-0.842166
0.140479
0.005079
-0.193245
-0.270737
0.589811
-0.044650
0.176592
-0.422300
-0.105707
-0.475366
-0.358431
0.344575
0.123462
-0.572960
-0.202873
-0.363644
0.052244
0.460468
0.355003
0.151069
0.077561
-0.165876
0.085812
-0.517910
-0.156358
-0.051055
-0.106871
-0.475705
-0.109515
-0.164619
0.364722
0.374730
-0.616122
0.177236
-0.375261
-1.119308
-0.379956
-0.166329
0.767811
0.049412
-0.156013
-0.043508
0.040278
-0.533018
0.222523
0.135510
-0.135846
-0.066790
-0.242767
-0.052583
-0.880910
-0.739634
0.404027
-0.088470
-0.347023
0.812261
-0.498112
0.468978
-0.144722
-0.389931
-0.515538
0.121825
0.021891
0.376414
0.306676
-0.447486
0.417999
0.130933
-0.114635
-0.027286
0.854609
0.165947
-0.406216
0.389193
-0.151835
-0.153327
0.736073
0.416188
-0.732417
0.387517
0.449854
-0.156696
-0.238591
0.963042
0.080098
-0.035947
-0.255871
-0.250227
0.217496
0.053483
1.016819
0.482077
0.099614
0.223931
-0.233698
0.179172
0.127736
0.219682
0.258309
0.763617
0.088120
0.214230
-0.459371
0.709515
-0.735166
-0.748222
0.816688
-0.802578
0.418778
0.110200
0.021005
-1.132398
0.170375
-0.971326
-0.287028
0.151412
1.109036
-0.871884
-0.528255
0.074242
-0.629969
0.341892
-1.510735
0.049583
0.127822
0.220970
0.612593
0.092770
0.977744
-0.311522
-0.982680
0.214553
-0.033199
-0.163877
0.444824
-0.197273
-0.377366
-0.121638
0.194484
-0.114450
-0.125332
0.467648
-0.267591
-0.109000
0.424837
0.534409
-0.066540
0.203562
0.402570
0.082232
0.518806
1.251952
0.299449
0.864242
0.042644
-0.595303
-0.023508
0.778223
-0.074997
0.029860
-0.538356
-0.019903
-0.116459
-0.395075
-0.421517
-0.094513
-0.568556
-0.305095
-0.261673
-0.609887
-0.461070
-0.037050
-0.412101
0.062956
0.367950
0.545124
-0.222166
-0.186621
0.342840
0.301663
-0.558005
-0.005081
0.003601
-0.383368
-0.171351
-0.294512
0.822564
-0.977752
0.334242
-0.232767
-0.570147
0.697509
-0.375236
0.119545
-1.148438
0.639123
0.674323
-0.137126
-0.080280
0.232047
-0.204994
-0.601554
0.486734
-0.341910
0.092248
0.691977
0.448181
-0.225165
0.603211
-0.416054
-0.104218
0.655239
-0.518903
-0.626175
-0.450430
0.232783
0.442004
-0.217105
1.105974
0.553244
0.275129
0.483715
-0.227055
-0.025791
-0.655423
-0.073190
0.735422
-0.202453
0.368792
0.064655
-0.375013
-0.798441
0.392707
0.590721
0.351257
-0.825120
0.258811
0.107101
-0.200042
0.088133
-0.636793
0.731237
-0.877462
-0.164961
0.985614
-0.126904
0.725116
0.051001
0.490016
-0.073761
-0.249590
-0.181443
-0.882056
-0.149472
-0.025005
0.790025
0.407450
0.240021
-0.398267
-0.392891
