0.250031
0.354419
-0.015231
-0.334957
0.798861
0.185353
-0.127504
1.065552
0.553748
-0.558492
-1.200802
-0.402008
0.281209
-0.365940
-0.299260
0.403205
-0.805738
-0.723103
0.845527
-0.375446
0.303912
0.021621
0.201999
0.458946
-0.171448
0.272885
0.723778
0.052024
0.140074
-0.886713
-0.563447
-0.798803
-0.281342
0.523707
-0.118230
-0.230565
-0.034693
-0.594319
-0.123287
0.782240
0.245236
-0.459557
-0.150819
0.230855
0.518293
-0.899652
0.318595
0.927238
0.881860
-0.135661
-1.269144
-0.304319
-0.379245
0.588375
0.600590
0.974528
-0.336259
0.739984
-0.184802
0.198345
0.142002
0.368082
0.169191
0.317513
0.180857
1.053448
-0.535805
0.669087
-0.067472
-0.376377
0.538400
0.746564
0.169793
-0.092462
0.477391
0.059996
-0.074883
-0.042416
0.219498
0.336293
-0.022577
0.137318
0.767039
-0.016345
-0.348154
0.066334
0.520902
-0.875809
0.005671
0.205866
-0.749618
0.052223
0.579225
0.539287
-0.269723
0.588427
-0.203801
0.082596
-0.028400
-0.070289
-0.133370
0.191409
0.275807
0.235183
0.684026
-0.415230
-0.019528
-0.258328
-0.412667
-0.082054
-0.276602
-0.708312
0.684506
-0.289811
-0.331404
-0.301249
0.420278
-0.058517
-0.781604
-0.431349
-0.447490
0.190628
0.202482
-0.518290
0.107004
-0.352847
-0.488850
0.663056
0.001099
0.432998
-0.228073
0.057432
-0.030942
0.609011
0.412889
-0.038859
-0.652252
-0.593250
-0.210496
0.607239
-0.183081
-0.079892
-0.297006
0.209380
-0.022695
-0.283654
0.115937
0.181961
-0.759022
0.725172
0.695952
-0.450467
0.313399
-0.546016
0.165359
-0.113695
0.114226
-0.310429
-0.532412
-0.199964
0.128945
0.111628
-0.150806
-0.668755
0.309335
0.924127
0.472343
-0.307577
-0.156701
-0.064212
0.386332
0.202807
-0.737153
-0.040707
0.968561
0.139490
0.201294
-0.611950
0.177365
0.048800
0.448589
-0.070793
-0.071232
0.215962
-0.567274
0.120293
-0.143865
-0.162055
0.543845
0.396309
-0.501432
-0.445375
0.461938
0.029059
-0.337888
0.093037
0.331489
0.667043
1.047687
0.052310
0.552989
-0.725043
-0.432663
0.495413
-0.216316
0.259155
0.886771
0.574430
-0.081721
-0.060470
-0.045159
-0.241087
-0.649058
-0.214363
-0.167433
-0.945875
0.417129
0.229086
0.950496
0.148132
0.371170
-0.476794
-0.422816
0.328500
-1.148268
-0.286675
-0.118061
-0.765791
-0.111732
-0.256790
0.826344
-0.031342
-0.055812
-0.013617
-0.442431
-0.144171
-0.430185
0.092359
0.252883
-0.198280
0.094266
0.445213
-0.562518
-0.107852
-0.030232
-0.130196
-0.334566
0.383181
0.349635
0.582014
0.574815
-0.026554
-0.378517
-0.171809
0.337996
0.108420
0.548014
0.970724
0.109253
0.484079
0.275430
-0.379600
-0.269804
-0.328509
0.023601
-0.439975
-0.059740
-0.477121
0.121540
1.260633
-0.292589
0.659734
0.461345
0.395552
0.081585
-0.138047
0.169540
0.252494
0.243410
0.682559
0.383961
0.314948
-0.037542
0.130494
0.261977
-0.058110
0.365258
0.588595
0.256640
0.499779
0.221916
-0.211012
0.208885
0.164748
0.512114
0.181688
0.206055
0.138708
0.729674
-0.091122
0.640006
0.796569
0.462675
0.031834
-0.336987
-0.360629
-0.596233
-0.061161
0.056716
-0.044998
-0.260463
-0.646178
0.678415
-0.763447
0.171036
0.304098
0.481450
0.344152
0.390646
0.066948
-0.239920
-0.271678
0.106850
-0.692112
-0.459510
0.574895
0.443431
-0.109955
-0.282920
0.926262
-0.338362
-0.101423
-0.531655
-0.429058
0.203768
-0.457851
-0.468217
-0.157340
0.132380
0.433602
0.992840
0.074286
-0.007696
0.009044
0.401503
0.109176
0.129154
-0.148756
0.244842
0.564854
0.036548
-0.442574
0.564723
0.628044
-0.256993
-0.130261
0.232762
-0.317286
-0.328621
-0.311191
-0.216281
0.127845
0.643831
0.429988
0.203182
-0.028884
-0.234508
0.382697
0.305122
-0.202384
0.515678
-0.630766
0.212005
-0.576126
0.579790
-0.076376
0.493152
0.548259
-0.065992
0.464572
-0.568427
0.004245
0.352320
0.174498
0.133378
0.088177
0.341601
-0.649076
-0.146803
0.706618
0.662011
0.225601
-0.686799
0.239612
-0.818857
-0.008567
-0.204010
-0.175221
-0.342632
-0.370669
0.655983
0.027983
0.082442
-0.373854
0.563823
0.091805
0.215015
-0.562634
0.306695
0.486891
-0.533055
-0.143032
-0.062101
0.183893
-0.560014
0.180465
-0.189728
0.695111
0.262157
0.595098
-0.848685
-0.291430
0.187302
-0.072321
-0.459819
0.034776
0.189622
-0.151320
-0.899588
0.348930
0.474512
0.108259
0.157958
-0.359805
0.441614
-1.501025
0.284310
0.483566
-1.078590
0.181769
0.707049
-0.262076
0.392692
-0.338797
0.054343
-0.395911
-0.526178
-0.129396
-0.088627
-0.382460
-0.276076
0.186927
-0.054472
0.503822
0.144307
-0.407086
0.882240
-0.509953
-0.163271
0.522787
0.077314
-1.019375
-0.596918
0.382434
-0.370064
0.317181
-0.211953
0.486060
-0.321633
-0.182053
-0.418217
0.125308
1.325789
0.418533
-0.010857
-0.357106
0.259396
0.410610
0.159871
0.921749
-0.033112
0.028358
-0.083465
0.992908
0.373308
-0.264152
-0.366052
0.046845
0.476115
0.568404
-0.154648
-0.427079
-0.970927
-0.525638
0.067537
0.813622
0.429925
0.394450
-0.155988
0.273978
0.667168
-0.987333
-0.569376
-0.982340
-0.447737
0.013065
-0.339773
-0.400959
-0.406657
0.092132
0.173892
-0.412600
-0.428256
0.022235
0.214030
0.107660
-0.133289
-0.181783
-0.288821
-0.062367
-0.091281
-0.757502
0.802527
-0.220263
-0.614094
0.481393
0.725407
0.185359
0.231066
0.018566
-0.658350
0.074633
0.324103
-0.030638
-0.252387
-1.067893
-0.071340
0.167953
-0.732060
-0.227701
-0.438628
0.621314
0.000320
-0.036367
0.042750
-1.099344
-0.673009
-0.167438
-0.197747
0.248977
-0.052214
-0.203603
0.794115
-0.367628
0.335704
0.059911
-0.267381
0.142659
0.048687
0.213423
-0.015488
0.250851
0.203617
0.108486
0.776860
0.086189
0.249101
0.324031
-0.422119
-0.471862
-0.135089
-0.035430
0.268929
0.466306
0.514915
0.016381
-0.151518
0.553952
0.072099
0.047167
0.138798
-0.520234
0.239502
-0.421913
0.266462
0.421158
-0.028174
-0.396599
0.051118
-0.580645
1.087789
-0.138061
0.040105
-0.536564
-0.060225
0.326921
-0.172537
0.253446
-0.063149
-0.074380
-0.769306
-0.092153
0.046041
-0.057519
-0.506270
-0.052450
0.110633
0.320018
0.052320
0.561340
-0.815358
-0.442141
0.068092
0.339119
-0.296867
0.052127
-0.265082
0.240644
0.251535
0.560077
-0.403738
0.028331
0.752870
-0.234263
0.201842
0.311594
0.088443
-0.010753
-0.543824
0.320868
-0.733649
-0.858201
0.607892
0.504091
0.130004
0.244772
-1.004466
-0.451846
-0.351185
0.434137
-0.511436
-0.174569
-0.750695
0.246212
-0.254029
-0.336506
-0.032864
-0.070259
-0.244430
-0.658010
0.090489
-0.984099
0.697214
0.837456
-0.692806
-0.209761
0.756463
0.323755
-0.156680
-0.274061
0.270122
-0.247938
0.799243
-0.822394
0.228326
0.853762
0.407692
0.488703
-0.054282
0.106376
-0.033046
0.173952
-0.150313
0.029276
0.093135
0.245165
0.324115
-0.634499
-0.510252
0.014507
-0.226488
0.199231
1.065429
0.437821
0.999666
0.247022
-0.126123
-0.096203
0.284382
0.426378
-0.253997
-0.496939
0.779194
0.052429
-0.487547
0.236961
0.293178
0.040395
0.255523
-0.016671
0.318369
-0.238455
-0.018353
0.180871
0.183288
-0.005248
-0.517414
0.814992
-0.217912
-0.503084
0.622507
0.373972
0.138836
0.141561
-0.253567
-0.402258
0.179146
-0.416398
-0.717767
-0.442974
0.868114
0.337923
-0.096167
0.246625
-0.131367
0.086159
-0.047701
0.424588
0.025014
0.118094
-0.572648
0.201520
-0.279764
0.466232
0.180809
-0.109273
0.060322
-0.713756
0.611548
-0.769240
0.398728
-0.601957
-0.268857
-0.121166
0.165590
0.086574
0.619892
-0.369644
0.281199
-0.735832
-0.234621
-0.590044
-0.350298
0.556040
0.292090
0.159641
0.499200
0.012209
0.251014
-0.269272
-1.089670
-1.016020
0.382744
-0.196327
0.559120
0.564172
-0.517528
-0.193282
-0.510011
0.336638
-0.159962
0.525329
-0.070391
-0.919439
0.446015
-0.274631
0.398191
-0.044057
0.758952
0.072503
-0.093805
-0.250739
-0.474870
-0.179009
0.058229
0.185312
0.440930
0.941424
0.270568
0.253730
0.199079
-0.457954
0.408741
-0.091008
-0.238361
-0.629647
-0.371962
0.354673
-0.942642
0.705770
0.870597
0.573542
0.130024
-0.479748
-0.230450
-0.341024
-0.055627
-0.420773
0.108524
0.050769
-0.013483
-0.186017
0.187256
-0.702820
0.187287
0.757644
-0.647083
-0.304735
-0.101073
0.187902
-0.012175
0.238674
-0.637494
0.006587
0.291973
-0.283175
-0.139301
0.032833
-0.465419
-0.417010
0.018618
0.302759
-0.635156
-0.213376
-0.754760
0.045906
0.339879
-0.575664
0.395813
-0.047675
-0.402940
-0.103824
-0.260942
-0.628032
0.224682
0.291330
0.784235
0.354064
0.387746
0.205618
0.585246
0.789237
-0.034932
-0.119066
0.027525
0.324709
-0.164115
0.799477
-0.234050
-0.046079
-0.017421
-0.278509
-0.022687
-0.346665
0.024132
0.119838
-0.525615
-0.565106
-0.357892
0.247100
0.728059
0.138512
0.371828
-0.493634
0.042720
-0.504693
-0.651839
-0.112686
0.096767
0.231307
1.153583
-0.103327
-0.769634
-0.559449
-0.064043
-0.162601
0.631213
-0.382712
0.017100
0.761327
-0.103010
-0.262977
0.393850
-0.172982
0.649631
-0.531297
-0.038298
0.447240
0.293140
0.005236
0.247296
-0.572750
-0.097962
0.021742
0.496692
0.625956
0.213959
-0.564758
-0.234544
0.291208
-0.138290
-0.317597
-0.417077
0.134709
-0.301245
0.478634
0.329032
0.056750
0.642291
0.394888
-0.079539
0.062573
-0.164805
-0.001154
-0.511990
-0.540841
0.258582
-0.478657
0.393134
0.003842
0.396699
0.132110
0.304899
0.007543
-0.935330
-0.051684
-0.258646
0.271403
-0.989277
-0.041576
-0.981586
0.656219
0.871035
-0.633480
-0.360340
0.127957
-0.792952
-0.374227
-0.485818
0.323086
-0.757506
0.383852
0.238793
0.161065
0.073329
-0.227917
0.049252
-0.048173
0.201349
-0.112622
-0.225398
-0.266060
0.378816
0.346454
0.041310
-0.529840
0.782281
-0.136644
0.604745
-0.566688
0.219271
0.087040
0.065007
-0.326916
-0.602268
-0.147937
-0.319636
0.074597
-0.222033
-0.647000
-0.256147
0.644658
-0.085017
0.463466
-0.826303
0.150328
0.055529
0.016262
-0.152003
-0.949889
0.203399
-0.339455
-0.084766
0.726739
0.887809
-0.533020
-0.391976
-0.204179
0.502703
0.300156
0.361489
-0.196919
-0.147468
-0.373434
0.791231
0.908632
-0.387905
0.438658
1.015502
0.581278
0.525045
-0.587757
0.572624
0.514276
0.061096
-0.787413
0.050387
-0.239102
-0.573667
0.094778
-0.118347
-0.016916
-0.544563
0.627906
0.145462
0.168238
-0.077358
-0.340120
0.599155
-0.020994
-0.814539
0.048532
0.204695
0.126839
-0.751213
0.151521
0.063364
-0.557549
-0.639677
-0.543349
0.101307
-0.484793
0.279737
1.104092
0.320755
0.456866
-0.289790
-0.667864
-0.473369
-0.278172
0.493185
-0.112525
-0.117348
0.022363
0.380349
-0.903073
-0.249857
-0.575375
-0.316804
-0.555756
1.296706
0.888289
0.666929
0.074368
-0.688247
-0.010667
-0.367019
0.708765
-0.166425
0.510506
-0.706900
-1.173814
-0.145328
0.080904
-0.988732
0.783303
0.111731
0.489110
-0.142749
-0.059292
1.045923
-0.470858
-0.114967
-0.228243
0.462616
0.406375
0.233664
0.820576
-0.008976
0.605467
0.204961
0.521375
0.245114
-0.125554
0.693181
-0.325991
0.155870
0.552996
-0.022480
-0.358461
-0.352848
0.468745
-0.037641
-0.474972
-0.234431
0.494680
-0.081687
0.116318
-0.252899
0.310873
1.302044
-0.153002
0.416185
0.247882
-0.616258
0.045620
-0.117447
-0.411142
-0.757196
-0.032407
0.465040
-0.262873
-0.109336
-0.065130
0.602334
0.134211
0.366750
0.336166
0.012427
0.571610
-0.674121
-0.017293
-0.212703
-0.751669
0.026187
-0.554334
0.502333
0.616770
0.035399
-0.315216
0.816270
0.182743
0.148304
0.467189
0.617610
0.479699
-0.324045
0.108550
0.132564
0.651831
-0.008936
-0.328396
-0.118127
0.387080
-0.243719
0.544856
0.817484
0.358170
0.365578
-0.290646
0.579028
0.587691
-0.210217
-0.141609
0.021486
0.199716
0.382665
-1.204502
0.359390
-0.188474
0.177053
0.421743
0.698325
0.000565
0.078023
0.082985
-0.027331
0.509066
0.068012
-0.146202
-0.886779
0.195522
-0.232584
0.567136
-0.459908
-0.196940
0.268660
0.124375
-0.060733
-0.145057
0.716381
-0.125578
0.035169
0.607322
0.087457
0.862123
0.540390
0.197002
0.251791
-0.117444
-0.498899
-0.467932
0.482362
-0.121507
0.472767
-0.025217
0.428614
0.730260
-0.866155
0.552787
-0.688358
1.617696
0.696569
0.096359
-0.029920
0.299709
-0.594579
0.370758
0.705630
0.701079
-0.256937
-0.631198
0.422241
-0.160702
-0.151187
-0.004045
0.193977
0.463428
0.309388
0.247268
-0.014143
0.369664
-0.667238
-0.011299
-0.340569
-0.167630
0.259052
-0.481122
-0.324801
-0.151693
0.214389
-0.140684
0.254496
-0.800524
-0.628385
0.769496
0.176013
-0.692976
0.405243
-0.102470
-0.387380
-0.082356
-0.422082
-0.388299
0.432416
0.328048
0.238724
0.035223
0.685397
0.170501
0.008096
-0.291600
-0.069802
0.786367
-0.148922
0.012751
0.157499
0.284750
-0.021271
-0.742414
0.723201
0.438780
-0.304212
0.113361
-0.146824
1.002269
0.637987
-0.012116
0.002433
0.334758
-0.612643
-0.167550
0.238300
0.015877
-0.046766
-0.561644
0.027635
0.251600
-0.362679
-0.152834
0.184337
0.825844
-0.107629
-0.091804
0.009728
-0.539945
-0.961061
0.398034
0.242502
0.026908
-0.348403
-0.287641
0.207676
-0.021126
0.799839
-0.751789
-0.870967
0.376668
-0.174037
0.360900
0.122542
-0.295006
0.404593
0.806269
0.026470
-0.125464
-0.982386
-0.178664
-0.058626
0.690509
0.237951
-0.159028
0.143196
-0.251370
0.220044
-0.283375
0.465062
-0.135174
0.882702
-0.202632
0.202649
0.247265
-0.042076
0.557401
-0.123150
0.322227
-0.623784
-1.430928
0.050255
-0.447020
-0.131525
-0.613363
-1.314959
-0.864636
-0.842590
-0.884809
-0.240666
-0.753971
-0.614162
-0.416861
-0.350042
-1.023220
-0.756699
0.078540
-0.014571
-0.366692
-0.422320
-0.396219
-0.866376
0.082038
-0.454243
0.390549
-0.478362
0.225735
1.013984
0.815752
0.527511
0.588563
0.408403
0.760237
1.390716
1.118612
1.072767
1.384911
1.662439
1.340335
0.643003
1.054908
0.585996
0.989308
0.469098
0.553419
0.544831
0.411201
0.495253
0.503048
0.390026
0.508436
1.097702
-0.104512
0.142927
-0.072579
-0.734118
-0.604470
-0.410539
-0.736917
-0.316090
0.436092
-0.613314
-0.537688
-0.027584
-0.515820
0.489741
-1.081934
-0.343689
-0.671330
-0.597916
-0.551094
-0.352540
0.818485
0.273238
-0.144372
1.067948
-0.411216
0.485116
0.345484
-0.222883
0.002068
0.467144
0.135382
0.395691
-0.019766
0.066758
0.255863
0.460132
-0.051190
-0.027132
0.461115
0.758145
0.351896
-0.380357
-0.261549
-0.077189
0.237457
-0.701780
0.160056
-1.145062
-0.454492
-0.211925
0.134943
-0.143998
0.350783
-1.048143
-0.357850
0.148447
0.744733
0.732439
-0.149298
-0.142723
-0.140098
0.053341
-0.321699
-0.121854
-0.014577
0.079056
0.015323
-0.070960
-0.171129
-0.540001
-0.917017
-0.743342
0.223937
0.717965
-0.477665
-0.899368
0.083151
-0.428880
0.372714
-0.248638
0.104208
-0.351877
0.723680
-0.153592
0.539392
-0.277061
1.114025
0.470142
-0.133360
0.044573
0.096803
0.340922
-0.087276
-0.262337
0.051079
0.427838
0.074207
0.486995
-0.568074
-0.107466
0.295285
-0.277585
0.309588
-0.248947
0.577517
0.501129
-0.698897
-0.587619
0.125458
-0.035001
0.692520
-0.028181
-0.404528
-0.243755
-0.039195
-0.610725
-0.604100
-0.586812
0.200083
0.256519
-1.343570
0.981403
-0.607646
-0.023585
-0.401438
-0.800818
0.750009
-0.803156
-0.066914
0.750633
-0.148622
0.402424
0.263892
-0.470137
0.043667
0.999458
-0.330603
-0.407062
0.410022
0.085304
0.246850
0.510131
0.936959
0.268352
0.556887
-0.827153
0.707071
-0.831567
0.191673
-0.284408
0.424631
-0.052443
-0.175852
0.505633
-0.231361
-0.367138
-0.780067
0.354478
0.229937
-0.236661
-0.864548
-0.154618
0.226215
0.080753
-0.402899
-0.570147
-0.007480
-0.060174
-0.102323
-0.040499
-0.299745
0.137910
-0.563828
-0.260251
-0.056762
0.158379
-0.136931
-0.441295
-0.205287
-0.255254
0.070971
-0.617014
0.100813
-0.276494
-0.731813
-0.594044
-0.101534
-1.122843
0.176966
-0.499756
0.450708
-0.091145
0.672086
-1.177143
-0.421376
-0.132304
-0.418542
0.503076
0.188424
-0.130234
-0.872059
0.292893
0.884261
0.525003
-0.518883
0.545113
-0.340210
-0.233444
0.043396
-0.374157
-0.142878
-0.389264
0.092542
0.863237
-0.355562
0.053882
-0.368851
-1.057442
-0.412594
-0.758743
0.093818
-0.787377
-0.046072
0.036122
0.111501
-0.235257
-0.510340
0.468637
0.016341
0.045296
-0.133612
0.079905
-0.569827
0.458866
0.047758
0.509300
0.758860
-0.138703
-0.731952
-0.857674
0.443725
0.857962
-0.736997
0.281077
-0.089448
0.408278
-0.603341
-0.384319
0.214216
0.429969
-1.178744
-0.005145
0.365646
-0.028500
0.104431
0.379779
-0.407449
0.414712
0.798826
0.076304
-0.302629
0.467169
-0.015042
-0.204776
-0.387080
-0.196275
-0.257208
0.190294
0.178190
0.322082
0.048244
0.846154
-0.107655
0.344037
0.606401
-0.022026
-0.341463
0.799520
-0.279883
0.243534
-0.243802
0.677468
-1.193169
0.178246
-0.073279
0.413297
-0.671093
0.668763
-0.424837
0.092288
-0.186031
-0.194814
-0.220158
0.437253
0.466669
-0.117754
0.534582
-0.139990
-0.392812
0.350250
0.080039
0.805159
-0.045916
0.009966
0.445591
0.446666
0.391000
-0.016397
-0.188916
0.308976
-0.242775
-0.476396
-0.379626
-0.621231
-0.355808
0.159035
-0.160975
0.147201
-0.392047
-0.969524
0.043388
0.396642
-0.040696
-0.462345
0.213453
-0.497336
-0.372020
-0.189173
-0.091758
-0.553204
0.516017
-0.533671
-0.343567
0.658962
0.485037
0.638119
-0.011019
-0.147627
-0.658665
-0.260690
-0.808827
0.592819
-0.474248
0.554990
-0.159460
-0.341544
0.670406
-0.180226
0.326754
0.017755
0.548488
-0.315078
0.940977
-0.523456
-0.411259
-0.386933
-0.384454
0.242031
-0.010560
0.074468
-0.594547
-0.363595
-0.321125
0.274452
0.443563
-0.246762
0.233934
-0.180095
0.076939
0.065794
0.219402
-0.104541
0.895061
-0.055166
0.357967
0.091842
0.122588
-0.339945
-0.407249
0.308291
-0.102566
0.001380
-0.803620
-0.314029
0.430711
-0.786815
0.400286
-0.007507
-0.333154
-0.374696
0.297339
0.004056
-0.442534
0.064038
0.269302
0.361022
0.712487
-0.378465
-0.493052
0.280282
-0.497374
-0.151990
-0.159651
0.618618
-0.190162
-0.116775
0.483472
0.354940
-0.421354
0.089930
-0.027044
0.715968
0.017765
-0.386100
-0.886686
-0.608413
-1.303367
-0.008290
0.042691
-0.048209
0.129663
-0.413412
-0.455582
-0.195657
-0.276352
-0.343853
-0.007969
-0.573645
-1.089779
-0.217166
0.719578
-0.055065
0.055744
-0.003708
-0.054730
0.290788
-0.167597
0.129138
-0.011225
0.332060
-0.473132
-0.377790
0.002543
-1.100558
1.154140
-0.235705
0.426867
0.121756
0.014672
0.006268
-0.026533
0.295840
0.250586
0.634146
0.408747
0.014377
0.127251
0.197941
-0.927890
-0.493225
0.176379
1.020643
-0.094810
0.049024
0.723266
0.219724
0.061881
-1.141937
0.199860
-0.260452
-0.886978
-0.184777
0.107686
-0.072724
0.138063
0.325971
-0.214873
-0.422510
-0.755355
-0.279854
0.043203
-0.422274
0.457908
-0.049971
-0.290818
0.222272
-0.289234
-0.233764
0.381977
0.626540
-1.058667
-0.622109
0.150894
1.162560
0.305161
-0.868272
-0.362745
0.038562
0.314426
-0.340578
0.242955
-0.197415
-0.006190
0.301788
-0.385486
0.178429
0.424403
-0.565971
0.068193
0.409405
-1.021013
-0.126982
0.083300
-0.020615
-0.592645
0.281166
-0.411201
-0.440156
-0.444538
-0.376635
0.678380
0.356555
0.235371
0.381635
0.284371
0.073645
-0.175450
-0.732865
-0.200370
0.130472
-0.587108
-0.095922
0.558151
-0.196013
0.310193
0.054879
0.143576
-0.073814
0.084460
0.348811
0.136389
-0.467231
-0.331559
0.501139
-0.111312
-0.625094
-0.108469
-0.555179
-0.274689
-0.103139
-0.965384
1.008569
0.147456
0.073609
0.630956
0.007450
-0.566186
0.105932
0.441853
-0.711006
0.251658
0.013469
0.549729
0.431466
0.128912
-0.037178
-0.596129
0.432617
-0.037208
0.558117
-0.496425
0.260578
-0.053000
0.546234
-0.468831
-0.420239
-0.415711
0.581961
-0.528617
0.231788
-0.249826
0.046035
-0.162635
0.378114
0.016274
0.283695
-0.111599
0.530178
0.560720
0.459253
0.088436
0.050271
0.161329
-0.190576
-0.106424
0.134543
-0.233036
-0.291939
0.237308
0.463508
0.009618
0.046723
0.128818
0.062231
0.225949
1.038806
0.012436
0.381242
-0.217907
-0.051477
-0.112795
0.422373
0.082893
-0.301381
0.052329
0.168113
-0.316719
-0.102116
-0.545750
-0.301296
-0.181355
0.408903
0.917818
0.613727
0.024904
0.221767
0.891746
0.112726
0.252441
-0.391364
0.179060
0.271965
-0.146697
0.329341
-0.611912
-0.434457
0.874263
-0.148906
-0.205089
0.045869
-0.101259
-0.198803
-0.088375
-0.049911
0.279363
-0.784933
0.767965
-0.092535
0.145400
-0.480659
-0.507491
0.168568
0.585088
0.357711
0.117332
-0.432996
-0.092448
0.264648
-0.114150
0.162492
-0.349496
-0.461826
0.111904
-0.554563
0.533851
-0.609303
0.395378
0.224313
-0.509226
0.336406
-0.161886
0.253478
-0.448899
0.351735
0.139570
-0.101584
-0.112161
0.472980
0.315508
-0.334600
-0.163690
-0.130087
0.181427
0.065759
-0.605756
0.047968
-0.234437
-1.074780
-0.463446
0.763870
-0.093607
-0.255417
0.609278
-0.837076
0.426188
0.158746
0.568888
0.143667
-0.418038
-0.635514
0.614782
-0.228695
0.145399
0.031643
0.300825
0.627114
-0.256659
-0.275785
0.239743
-0.207259
0.171524
0.213798
0.409940
0.043344
0.300275
-0.084203
0.034130
0.080036
0.788489
-0.170972
0.045021
-0.561632
-0.296528
-0.707211
-0.019581
0.691656
0.927771
-0.671323
-0.124709
0.092715
0.325478
-0.544197
0.284792
0.840343
0.168097
0.419933
0.013305
-0.253042
0.827931
-0.660285
0.252168
0.094911
-0.086654
-0.566104
-0.162288
-0.416324
-0.683195
-0.414745
-0.039307
-0.017002
0.288586
-0.029288
-0.158437
-0.215523
0.452843
-0.845767
0.039646
0.542171
-0.334391
0.451136
-0.359304
-0.397000
0.022183
-0.399325
0.938059
0.398258
-0.351480
0.950329
0.426766
-0.194194
-0.144408
0.624882
0.241427
-0.165067
0.188118
-0.035199
-0.288819
-0.601374
-0.200543
0.056479
-0.205136
-0.142709
0.580305
0.191249
0.478901
0.376286
-0.619097
0.081096
-0.307971
-0.220624
0.423192
0.711571
0.540649
0.385766
-0.016156
-0.309765
0.095448
0.219290
0.791084
-0.472512
1.366657
0.088377
0.063311
0.282849
-0.448020
0.535752
0.304169
-0.024984
-0.394993
0.845979
0.014160
0.628565
-0.810496
0.283146
0.702192
0.209048
0.006389
1.353838
0.432955
0.680329
0.584418
0.553916
-0.690987
0.416966
0.063484
0.426271
0.168918
0.866484
0.586927
0.483026
-0.040462
-0.136778
-1.306432
0.627845
-0.223294
0.274328
0.387271
0.521225
0.338228
0.435515
-0.327895
0.202031
-0.404527
-0.332007
0.633806
0.435226
0.101353
-0.355582
0.019661
-0.541895
0.133141
-0.245031
-0.476888
0.709556
0.133062
1.007462
-0.012284
-0.131307
0.433218
0.811209
-0.620003
-0.177032
-0.661507
0.017720
0.198026
-0.346566
-0.246217
-0.699939
-0.637716
0.026179
0.180157
-0.848489
0.183856
0.237006
-0.371482
-0.957597
-0.314886
-0.378062
-0.566604
-0.294346
0.179029
0.133333
0.002477
0.091912
-0.138395
0.221076
0.059129
-0.047251
-0.532187
0.552288
-0.480146
-0.367720
-0.480661
-0.128970
-0.549969
-0.017357
-0.302620
-0.360221
-0.074531
0.545635
-0.115266
-0.054036
0.490931
-0.147534
0.044096
0.006747
-0.228988
-0.391123
-0.086944
-0.228540
0.282951
0.066931
0.154949
0.830024
0.283087
0.352889
0.662414
-0.463569
-0.487359
-0.534143
0.212813
0.797058
0.074780
0.045156
0.355825
0.049790
0.021756
-0.526377
-0.198343
-0.105799
-0.196224
-0.129618
0.823344
0.130935
0.170069
-1.013589
-0.161523
0.413761
1.246297
-0.470488
-0.236575
0.721502
0.336576
0.023467
-0.087920
-0.515353
-0.842455
0.114832
0.008504
0.610244
-0.489693
-0.017359
-0.262716
-0.770817
-0.832959
0.303122
0.266238
0.975603
-1.079120
0.407045
-0.304387
-0.264743
0.790123
-0.758136
0.497753
0.588794
-0.397907
-0.029253
-0.034647
-0.553728
0.105664
0.063177
-0.044309
0.228702
0.130352
0.258176
0.240549
0.292080
-0.091976
-0.292158
-0.004075
-0.453403
-0.321049
-0.053466
-0.409012
-0.637715
0.285797
-0.069675
-0.008410
0.083904
-0.295975
-0.611211
0.418331
0.290367
0.810156
-0.205771
0.550971
0.342222
0.357047
-0.377880
0.748982
0.403034
0.256962
-0.493560
-0.169046
-0.199944
-0.704560
0.068702
0.955222
0.053606
-0.119900
0.187974
-0.230718
-0.567305
-0.888055
1.137537
0.354255
-0.219013
0.190773
-0.451049
-0.493063
-0.570690
-0.806010
0.503883
-0.024391
0.349492
-0.550734
-0.907626
-0.201370
-0.193698
0.928221
0.439926
-0.240696
0.017523
0.611051
-0.631626
0.043022
-0.721291
-0.143397
0.366538
0.222871
-0.294480
0.297779
0.044225
-0.032922
-0.054326
-0.581773
-0.371659
-0.662324
-0.124361
0.128910
0.338874
-0.656492
-0.025277
-0.433538
-0.914725
0.206826
-0.149594
-0.503666
0.247882
0.978312
-0.223943
0.299080
-1.618114
0.629866
-0.077692
-0.113140
-0.331407
-0.057166
-0.192375
0.023002
-0.117308
0.135574
-0.215167
0.429897
-0.571940
-0.547902
0.311442
-0.100091
0.150149
0.385031
0.375040
-0.321903
-0.651816
-0.168539
-0.033107
0.171985
-0.154486
0.212443
-0.496125
0.096451
0.567037
-0.328739
0.848117
-0.860980
0.450049
0.585332
-0.401513
0.124939
0.087830
0.418628
-0.160753
-0.504121
-0.483499
-0.239267
-0.012796
-0.648374
-0.459895
-0.113149
-0.184726
-1.332424
-0.370693
-0.711897
0.179186
0.180975
-0.679122
0.953427
-0.104092
0.689344
-0.901789
-0.382676
0.236924
0.275772
0.029422
-0.659260
-0.776159
-0.050038
-0.315020
0.253014
0.459134
-0.039945
-0.156590
-0.132483
-0.209008
-0.139516
-0.349332
0.085400
-0.578970
-0.045276
0.008504
-0.136815
-0.415364
-0.415906
0.517512
0.120466
0.567511
-0.583024
0.034222
-0.289101
-0.083296
-0.174850
-0.301066
-0.062579
-0.319245
0.233358
-0.074931
0.422123
-0.643210
-0.323414
-0.081143
-0.650958
0.348258
-0.301157
0.724331
-0.422166
0.149121
-0.908675
-0.008907
0.400714
0.063824
-0.299385
-0.559221
-0.369041
-0.190670
-0.370148
-0.509220
-0.621223
0.173345
0.150464
-0.228213
-0.451520
-0.473985
0.428032
0.285663
0.160566
0.266554
0.308319
-0.816211
-0.130840
0.581022
0.418948
-0.363464
0.165155
0.387757
0.151937
0.004923
-0.722168
-0.801818
0.320309
0.308421
0.753603
0.536537
-0.200719
0.203476
-0.204959
-0.459921
-0.097852
-0.376356
0.049601
-0.094864
-0.068990
0.183447
-0.030049
-0.466464
-0.627712
-0.169955
0.507383
0.012755
0.065616
0.995607
0.441213
-0.230819
0.242613
-0.157309
-0.064570
0.276635
0.228167
-0.640819
-0.079311
0.864367
-0.055624
-0.101555
0.221492
-0.573718
0.256034
0.108867
-0.392318
0.641124
0.295484
0.129464
-0.142379
-0.365261
-0.129639
0.136685
0.880813
0.594606
0.179868
-0.093026
0.333452
0.089817
-0.582005
0.001413
-0.587559
0.712193
-0.946316
-0.694465
-0.228483
0.500354
0.726805
0.100516
-0.119849
-0.255965
0.092632
0.337706
0.164321
-0.124978
0.380220
0.800738
-0.597343
0.187796
-0.153314
0.780018
0.189552
0.022503
-0.654952
-0.441373
0.276315
-0.093484
0.066717
0.173924
0.210782
0.320917
0.345550
0.294899
0.106215
-0.024677
-0.525312
0.683840
-0.207143
0.663543
0.476709
-0.316729
0.821851
0.065880
-0.303868
0.119023
0.879900
0.458222
0.139611
-0.370671
-0.100896
1.039220
-0.668282
-0.650668
0.115657
-0.764525
0.815214
-0.870247
0.351461
-0.315814
-0.038972
0.855136
-0.240873
-0.159797
-0.115917
0.282435
-0.443153
-0.293486
0.271281
0.741259
-0.074122
-0.134072
-0.560096
-0.346543
-0.571633
-0.482237
-0.499047
-0.220352
-0.756504
0.589032
0.479755
0.336258
0.342165
0.137980
-0.051767
-0.222441
-1.381863
0.520685
0.052944
0.573560
0.033805
-0.450454
-0.560213
0.483044
0.148478
-0.601235
0.436622
-0.037420
-0.165376
-0.456583
0.018485
-0.211618
0.077925
0.305320
-0.477001
-0.156806
-0.066369
-0.397659
-0.018524
0.336055
-0.702974
0.424801
0.116013
-0.581583
-0.979850
0.370764
0.042655
-0.344714
0.569546
0.351069
-0.572157
-0.014741
-0.275596
0.144269
0.502265
-0.211469
-0.213112
-0.337741
0.087158
-0.632380
0.778345
0.881570
0.045307
-0.541339
0.120038
-0.179379
-0.017380
0.035680
0.230783
-0.296614
0.216545
0.613696
-0.233932
0.277760
0.060469
0.355530
-0.701465
-0.053828
0.250187
0.587329
-0.497885
0.809453
0.346470
-0.023460
0.277739
-0.271820
0.335286
0.175713
0.324409
-0.020587
-0.037762
0.227714
0.608255
-0.605352
-0.501236
0.082952
-0.149429
-0.220414
-0.130610
-0.505877
-0.069380
0.470903
-0.535208
0.100562
0.159130
0.448214
-0.549104
-0.390405
0.169395
-1.298587
-0.880880
-0.112140
-0.176935
-0.040215
-0.077419
0.091827
0.685766
0.168481
-0.326677
0.421946
0.178307
-0.265893
0.523751
0.521356
-0.257969
-0.215058
-0.259061
-0.179897
-0.239240
0.148210
-0.261219
0.116320
-0.942825
0.077127
-0.544049
-0.353397
-0.029846
0.549273
-0.992958
-0.443839
-0.668462
0.971000
-0.225500
-0.374256
-0.041195
0.097134
-0.316518
-0.511063
0.406282
0.170290
-0.363394
-0.273509
-0.541660
0.074772
-0.736808
0.264468
-0.274884
-0.211553
-0.390095
0.251981
-0.468247
-0.203360
0.244862
0.495146
-0.005676
0.048778
-0.375019
0.322611
-0.987993
-0.232550
0.496501
-0.556265
0.179716
-0.654141
-0.245398
0.466536
-0.746032
-0.104586
0.181568
0.528371
-0.088936
0.456915
-0.555092
-0.200101
-0.572832
0.017938
-0.194569
1.362738
0.641574
-0.150255
0.131029
0.653601
-0.520543
0.413920
0.162402
-0.154139
0.167925
-0.237095
-0.147521
-0.094458
-0.537903
0.444053
-0.499574
0.205417
-0.196581
0.384205
0.371885
-0.002741
0.849344
-0.432595
0.633070
0.174606
0.073319
0.146618
0.078478
0.013113
-0.136939
0.123321
0.531499
0.494584
0.330888
-0.038937
0.696397
-0.276359
-0.156026
-0.277426
0.459525
0.250096
-0.206119
-0.265869
-0.659144
0.023042
-0.328951
0.118753
-0.626758
0.330870
0.414701
0.538549
-0.453329
-1.004657
-0.646355
-0.757625
0.340609
0.822478
-0.340084
0.849897
0.026303
0.288618
0.182590
-0.572379
0.152243
0.441242
0.170496
0.371306
-0.436515
-0.349432
0.176678
-0.254281
-0.264847
-0.031377
-0.011703
0.568021
-0.104934
-0.673917
0.402185
0.269115
0.139383
-0.317598
0.308836
-0.158626
-0.188128
-0.185475
0.103806
0.063399
-0.388627
0.488899
0.370832
-0.370073
0.161725
-0.623692
0.551752
-0.703908
-0.212266
0.275310
0.232792
-0.383208
0.203498
-0.835754
-0.194292
-0.233830
-0.061198
-0.487417
0.073247
-0.317200
-0.374763
0.557663
0.388096
1.185711
-0.700882
-0.545492
0.297239
0.509092
-0.565494
0.220419
-0.037191
-0.368737
0.652750
0.555324
0.986607
0.205407
-0.309734
-0.492135
-0.414451
-0.398884
-0.579484
-0.528621
-0.492401
-0.200871
0.231548
0.296752
-0.481141
-0.131114
-0.391710
0.236376
-0.246851
-0.598972
0.269112
0.590977
0.446211
0.799088
-0.290592
0.009657
-0.196174
-0.173303
0.083489
-0.050949
0.404401
-0.495749
0.155514
1.361721
0.203282
0.476642
-0.067966
-0.513782
-0.160727
0.010091
0.033171
-0.709638
0.965459
0.420836
0.167194
-0.127644
0.296200
-0.470655
-0.146644
-0.131679
0.249964
-0.469445
-0.072811
-0.457266
0.400141
0.731199
-0.338599
0.270570
-0.297305
0.598843
-0.419472
0.364759
-0.049702
0.295423
-0.352701
-0.360222
-0.202264
0.385018
-0.064934
0.458107
-0.154162
-0.350665
-0.226260
0.300825
0.318930
-0.122277
0.778927
0.223884
-0.205334
0.392725
-0.407650
0.243374
0.218989
0.368299
0.104541
-0.676703
0.440814
1.230472
-0.911353
0.112707
0.135532
0.606519
-0.077657
-0.385882
0.059532
-0.071917
-0.296230
-0.045019
0.038097
0.088431
0.185882
-0.915104
0.114187
-0.703760
0.196126
0.231566
-0.193823
-0.220271
-0.320217
-0.323124
-0.329125
0.655719
0.030736
0.404444
0.468739
-0.441564
0.034641
-0.940696
0.496161
-0.055246
0.131325
0.195652
0.473511
0.116261
-0.512627
0.050155
-0.289229
-0.320379
-0.038860
-0.179043
0.003627
0.140072
-0.240570
0.376082
-0.616816
-0.033951
-0.738264
0.287253
0.208355
-0.036718
0.475894
-0.489551
0.462154
-0.672913
-0.195631
-0.071241
-0.374633
0.397583
0.019333
0.376918
-0.179622
0.383768
0.235019
-0.544488
-0.300532
0.594540
0.031159
-0.379793
0.067425
0.845193
0.149493
-0.415179
-0.118951
0.119617
-0.073036
0.103187
-0.435102
-0.007179
0.104651
0.211299
-0.116924
0.411116
-0.514417
0.325442
0.471597
0.711107
-0.218958
-0.546662
0.054011
0.590655
0.164405
-0.542811
-0.193455
0.240254
0.034300
-0.135896
0.188228
-0.879582
0.332245
-0.096977
0.009003
0.071533
0.014201
-0.458546
-0.194610
0.273576
-0.713538
-0.482644
0.288168
-0.458922
-0.199956
0.537192
-0.001721
0.461128
0.020701
0.074791
0.748813
-0.244681
0.620961
-0.322874
-0.384452
0.147563
0.750825
0.447647
0.375169
0.673922
-0.303340
0.132331
-0.006396
0.466650
0.399062
-0.113854
-0.056653
-0.813862
0.491034
-0.429006
-0.375833
0.198561
0.387079
-0.142533
-0.237560
-0.220194
-0.377166
-0.004597
-0.136501
0.287951
-0.344435
0.335736
-0.095756
0.954999
0.033762
0.138272
0.120545
-0.683347
0.262704
-0.370772
0.646115
-0.591293
0.305808
0.081720
0.144033
-0.105652
-0.299990
0.647133
-0.366534
-0.277049
0.245138
-0.009431
0.716124
0.062567
0.584459
0.094479
0.510808
0.214015
-0.124680
-0.768128
-0.202414
0.715885
-0.046866
-0.029557
0.654180
0.414699
0.046643
0.436710
-0.374433
0.073588
0.557514
-0.669284
-0.521664
0.551164
0.663977
-0.811568
-0.827825
-0.060648
-0.246228
-0.065146
-0.649463
0.492256
0.406459
0.201950
-0.258450
-0.680146
-0.174634
-0.278187
0.232997
0.217173
0.356958
-0.538281
0.202799
-0.506868
-0.076496
0.210857
0.413211
0.350159
0.531352
-0.399023
0.227382
-0.473998
0.402739
0.242220
0.345747
-0.033817
0.102583
0.295020
-0.259606
0.562267
0.196438
0.163384
0.750464
-0.162471
0.703096
-0.594390
0.073466
0.045489
-0.140431
0.532377
-0.582356
-0.709060
-0.220734
-0.245377
-0.294763
0.377058
0.321336
0.599023
-0.137843
0.252015
0.114827
0.360603
0.722514
-0.277269
0.170827
0.205912
-0.240487
-0.063212
-0.208782
-0.204718
-0.008387
0.055800
0.486914
-1.135338
0.503133
-0.174643
0.287781
-0.212575
0.248533
-0.109068
0.426367
-0.190856
-0.386289
0.625976
0.750805
0.146311
-0.468227
-0.270114
-0.504564
0.564460
0.015813
0.466368
0.193985
-0.182837
-0.625376
-0.002273
0.139667
0.418583
0.044353
-0.402722
0.746370
-0.928775
-0.350455
0.481749
-0.170039
0.031299
-0.060284
0.114425
0.307393
-0.435332
-0.701374
-0.200416
-0.130396
0.240744
-0.657040
0.865549
-0.187183
0.283371
-0.342564
-0.267062
-0.028629
-0.327145
-0.691562
0.667435
-0.195654
0.387343
0.233885
-0.109038
0.619090
-1.118867
0.905972
-0.745317
-0.388149
-0.225693
-0.097951
-1.118767
-0.059821
-0.740059
0.312887
-0.612196
-0.167529
0.156325
0.280926
-0.098684
-0.176864
0.619541
-0.782459
-0.344428
-0.510348
-0.026901
0.015749
-0.288916
0.462455
0.123013
-0.008245
-0.768533
0.221942
0.002408
-0.092939
-0.144341
0.301675
0.351303
-0.071923
-0.232700
0.834445
1.038554
-0.537526
-0.963465
0.146105
-0.645959
0.222212
-0.233325
-1.001566
-0.068518
0.292600
-0.236896
0.290620
-0.177279
0.803400
0.072195
-0.483021
-0.271527
-0.073068
0.353947
-0.025336
0.389670
0.170100
-0.191137
0.440278
-0.217312
-0.518783
-0.197535
0.325940
0.345355
-0.069765
0.376448
-0.599787
-0.278259
-0.302694
-0.127776
0.675856
-0.601623
0.294916
0.042790
0.559678
0.417996
-0.499834
0.019918
0.494283
0.112403
0.431056
-0.275928
-0.465598
0.141319
-0.132118
-0.555024
-0.075281
-0.046784
0.012735
0.126541
-0.189587
0.630127
0.012466
0.147732
-0.068750
-0.777822
-0.078590
0.269548
-0.022653
-0.531754
-1.127978
0.240350
-0.049920
0.011419
0.370975
-0.477100
-0.407393
-0.763842
0.270489
-0.673399
0.637127
-0.550417
-0.524490
0.229752
-0.370022
-1.080920
0.615538
0.914267
0.466673
-0.097717
-0.657593
-0.066485
-0.093155
-0.147185
-0.449211
0.410583
0.414165
0.779803
0.247793
0.262186
-0.395188
-0.768457
0.476503
0.431716
-0.071599
-0.135409
0.282429
0.162792
0.702332
-0.130315
0.410570
-0.202105
-0.953252
-0.518595
-0.302094
-0.432281
0.528306
-0.626676
-0.724393
-0.065357
0.190260
0.468799
-0.195824
-0.432867
0.324142
-0.069933
0.412117
-0.005574
-0.276529
-0.557481
0.683940
0.409374
0.028912
1.014325
0.152509
-0.307435
0.473827
0.218900
0.521150
0.463674
-0.410501
0.763145
0.547577
-0.036372
0.168212
-0.064458
-0.089033
-0.470995
0.006101
0.470465
-0.337340
-0.645601
-0.312511
0.149805
-0.049625
-0.545358
-0.294945
-0.566513
0.147112
-0.241859
-0.074973
-0.243070
0.590762
-0.484105
0.371318
0.200176
0.522158
0.050717
-0.344466
0.268885
-0.901639
-0.241518
-0.255850
0.444269
0.014609
-0.251121
-0.579783
0.239960
0.242854
-0.809349
-0.705300
0.257732
0.050597
0.278614
0.210519
-0.855064
-0.729478
0.561738
0.117760
0.672947
0.055618
-0.970909
-1.629662
1.206758
0.263436
0.303123
0.265962
-0.092290
-0.231672
0.268488
-0.296350
-0.800212
0.447821
-0.045300
0.753888
-0.825373
0.598738
-0.015670
-0.033753
0.097956
0.548970
-0.753100
-0.009208
0.054369
-0.345958
-0.243924
0.212892
-0.169545
0.081513
-0.091506
1.357221
0.068755
-0.018348
-1.075158
0.818962
0.433732
-0.465337
0.215644
-0.297483
-0.238019
-0.610752
0.354843
0.230469
-0.877648
-0.651029
-0.598507
0.756224
0.432113
0.044799
-0.008375
-0.042665
0.198725
-0.075849
0.072662
-0.005470
0.087307
-0.132022
0.255411
-0.136236
0.266293
0.053579
-0.989685
0.263394
0.288010
0.023334
0.363751
-0.306618
-0.310388
0.266096
-0.036911
-0.075588
0.134282
0.405183
-0.229599
-0.639528
-0.778063
-0.810758
0.527369
0.484744
-0.133191
-0.168205
-0.487150
-0.770992
-1.070628
0.095264
0.711216
-0.437348
-0.280665
0.011529
0.375137
-0.037856
-0.790573
-0.345910
0.559650
0.167264
-0.400323
-0.110332
-0.083418
0.428758
0.248849
0.288672
-0.546834
0.868161
0.260912
-0.637773
-0.826311
0.187708
0.494191
0.943091
-0.448129
-0.628715
-0.615315
0.279438
-0.856561
-0.182052
0.672433
-0.371567
-0.507375
-0.149951
0.450454
0.517318
0.400394
-0.188310
0.260341
0.489248
-0.240946
0.133569
0.297821
0.991414
-0.219735
0.331604
-1.159489
-0.703333
0.439917
-0.414119
0.471967
-0.598012
-0.109781
-0.350984
0.608613
-0.362118
0.392284
-0.185511
0.042786
0.894024
-0.323919
-0.513120
-0.556694
-0.434993
-0.581213
-0.303973
0.129077
-0.361023
0.151309
0.068674
0.970661
-0.219522
0.696902
0.179299
-0.121356
-0.546020
-1.062545
-0.003591
0.671768
-0.374897
-0.204449
-0.436050
-0.178652
-0.172371
-0.077204
-0.567708
0.246969
1.115770
-0.782258
0.436438
0.423618
0.202040
-0.142649
0.287499
-0.166424
0.407905
-0.228477
-0.233780
-0.711920
-0.272750
0.526681
0.007742
1.177789
0.167595
0.446725
0.076645
-0.383655
-0.598164
1.202380
0.033509
0.316020
0.196438
0.154810
0.056425
0.134924
-0.048347
-0.427626
0.807661
-0.172962
0.680955
-0.659148
-0.454319
-0.453156
0.384987
0.269043
-0.007731
0.012467
-0.179264
-0.008377
-0.826747
-0.201378
-0.410881
0.426700
-0.447732
0.601679
0.102708
0.081476
-0.205699
0.281158
-0.678731
-0.437804
0.124924
-0.406288
-0.004348
-0.043890
0.670113
-0.727830
-0.222654
0.350034
-0.596026
0.281838
-0.503979
-0.413127
-0.446516
0.096008
0.297106
0.273869
-1.040506
-0.546137
-0.997224
-0.220300
0.018668
0.460234
-0.144034
-0.181084
-0.465862
-0.765015
0.110598
0.913534
0.585643
0.322000
0.265537
-0.048492
-0.386749
0.278430
-0.850486
-0.156634
-0.223532
-0.001096
0.476832
0.788280
-0.081802
-0.142244
0.012911
0.028773
-0.305023
0.079192
-0.355542
-0.221293
-0.120556
-0.256308
0.612392
0.296847
0.662231
0.618946
0.506053
0.413339
-0.182093
-0.193590
-0.310574
-0.465242
0.047349
-0.121960
-0.226716
0.164445
-0.057412
0.122211
0.377958
0.316733
0.718216
0.044966
0.143545
0.209102
-0.833454
-0.373653
0.266182
-0.039245
0.043822
0.304745
-0.516089
0.113692
0.165171
0.134928
0.471646
0.012682
-0.304978
-0.376315
0.018493
-0.086741
-0.160530
-0.230233
-0.038303
0.315321
0.088692
0.056292
-0.479182
-0.970607
-0.118471
0.236815
0.136244
0.213876
0.126367
0.661491
1.306544
0.150166
-0.392473
-0.037673
0.547581
0.087673
0.074594
-0.248114
-0.339641
0.662339
0.108938
0.412285
-0.403291
0.322523
0.077823
0.409023
0.181207
-0.935684
0.079412
-0.079770
0.787567
-0.373494
0.166582
0.095010
0.315600
0.271411
0.665653
0.091153
-0.554691
-0.290414
-0.440516
0.090781
-0.104288
-0.390894
0.976641
0.732094
0.491181
0.488739
0.567413
0.115004
0.347582
0.268841
0.327678
0.132729
-0.822935
0.372418
-0.465071
0.049940
-0.258255
-0.287963
-0.920974
0.075874
0.285882
-0.453799
0.104687
0.014719
-0.457254
-0.299680
-0.115135
0.368373
-1.059820
0.268342
-0.415031
0.465463
0.039875
-0.428235
-0.139115
0.718062
1.124352
-0.026918
-0.223969
0.125764
0.311712
0.209685
-0.414182
-0.561871
1.091945
-0.466468
0.421566
0.096106
-0.116633
-0.500907
0.589351
-0.031140
0.805625
0.010268
0.169148
-0.609187
-0.226992
0.157388
-0.247309
0.203349
0.632667
0.410598
-0.006235
0.044843
1.090900
-0.105862
0.363023
-0.255581
-0.061593
-0.278754
0.011086
-0.122269
-0.733090
0.917936
0.640423
-0.259285
-0.806327
1.308483
0.508683
0.305074
-0.574199
0.568797
0.185492
0.297263
-0.001667
-0.146567
-0.006016
-0.136708
0.072639
-0.065462
-0.220121
-0.097405
0.232357
-0.079608
0.213028
