0.259752
-0.782576
0.932795
1.071676
-0.687467
-1.139123
-1.991713
-0.440221
-0.919843
0.033456
-0.444837
1.773632
0.379314
-0.352257
0.212304
1.701963
-0.072503
0.170354
0.816829
-0.187518
-1.701741
-1.290371
-0.227123
0.709479
-0.063791
0.207468
0.333462
0.664432
-0.062887
0.409448
-0.936183
-0.319363
0.086748
-1.815162
-1.523418
-0.466460
-0.628535
-0.101598
0.816460
-0.152686
-1.629887
-0.561756
1.290886
-0.818621
-0.058683
1.385565
0.538510
-1.029812
-0.611780
-1.891000
-0.846348
-0.863727
0.052835
-0.792142
-0.871483
-0.560871
1.601582
-0.084468
-2.243992
-0.573415
0.125522
-0.557551
0.373061
-1.510580
1.210362
1.564768
-1.514812
-0.039753
1.967611
1.053143
-2.087702
0.424954
0.713010
0.334120
-0.796794
0.447567
1.138097
-1.054409
-1.172045
-0.344840
-1.114886
0.469098
-1.887981
-1.339466
1.580947
0.358343
-0.392855
1.683947
0.583040
0.968883
0.101357
0.162636
-0.550434
-1.055306
-1.015116
-0.074337
0.048485
-0.054248
1.207661
-0.329210
-0.782311
-0.551072
1.370430
0.028452
-0.704490
-0.218133
1.032346
0.421469
0.331863
-0.103721
0.144848
-0.911349
0.891304
-2.748664
1.603853
-0.992432
-1.301528
-1.750991
1.673597
0.242733
-1.035554
-0.070579
1.806592
-0.014699
0.291823
-0.337406
-0.651835
-1.896007
1.040294
-0.916156
1.782233
0.001909
0.268233
-0.004631
0.180215
-0.858671
0.907760
-1.237499
-1.075237
0.804140
-0.343839
-1.363720
-0.284432
-0.001303
-0.255502
1.045830
0.560593
1.197794
-0.765726
-0.622110
-0.560601
-0.231358
-0.509844
0.710736
0.424305
-0.650921
-0.357718
0.521403
0.007053
-0.087791
0.186348
-0.941722
0.183380
0.780189
0.339286
-0.691774
-0.408550
0.089892
0.407465
-0.448165
0.129234
1.945703
0.692684
-0.367050
-0.216506
-1.020016
-2.488052
1.058899
0.414715
2.282936
0.042381
-1.344467
0.545695
0.587302
0.606581
0.564346
-2.004840
0.112983
0.770343
-0.226320
-1.028849
2.210461
-1.203820
-1.067576
-0.216220
0.927243
-0.417620
0.003991
0.500689
0.237460
-0.724293
-0.073590
1.054414
0.689838
-0.355398
-0.545744
-0.543351
-0.171356
-1.495167
-0.155662
-2.114091
1.481480
0.572456
-0.259081
-0.424496
0.091741
0.311097
0.843203
-0.932817
0.538423
0.991821
-0.501267
0.384337
0.672125
-0.583834
1.045171
-0.461386
-1.985373
-0.602455
1.217371
1.036420
2.078317
1.002450
-0.782039
0.865361
-0.319008
-0.885840
0.301120
-0.118005
2.030839
-0.012738
-1.238509
-1.064811
0.161902
-1.684113
0.388390
0.463627
0.002572
0.595648
0.383104
-0.925858
-1.981118
0.085660
0.500299
0.083486
-0.538564
0.004718
-0.375552
-1.353298
0.499996
1.830399
0.072205
-1.315902
-0.283255
0.545654
-1.240808
-0.996935
-0.277464
-0.607621
0.393888
0.156434
-0.528008
-2.083765
-0.083858
1.908419
-0.641014
-0.188631
-0.388399
1.038587
1.634189
0.856025
0.365812
0.736195
0.823387
0.100847
1.316544
0.842996
-1.022729
-0.493967
-0.206075
1.464886
0.902048
0.182299
-0.698027
-0.107757
-1.140494
-0.307016
-2.182947
0.352226
0.344886
-2.427623
0.003171
0.778844
-1.229647
1.125378
1.197712
-0.114324
0.227829
-0.165901
2.320963
-0.175689
0.994218
0.050800
-2.468103
-0.325448
-1.024806
-0.287331
-0.177185
1.567682
-0.943409
-0.888026
0.848484
1.356599
0.513244
0.407026
-0.522493
-0.914749
-0.009318
1.860102
1.178393
2.285963
0.236078
-1.135338
0.826493
-0.967208
-1.076372
-0.549477
0.290284
-1.578812
-0.067266
-1.241414
-0.038349
-0.727294
0.605366
-0.181677
-1.310117
0.274615
1.882112
-0.275882
-0.622528
-1.000257
-0.697666
-0.774627
1.284045
-0.459902
0.620076
1.070947
-0.381195
-0.471564
0.367808
-0.591270
0.240165
-0.436005
0.264914
0.074255
-0.848047
-1.401590
0.622267
0.087263
-0.392658
-0.195520
-0.502328
-0.235038
1.127508
-1.214042
1.444679
-0.046212
-0.896092
0.876206
-2.060573
-1.936071
2.059763
-0.173838
-0.285875
0.208644
-0.721101
-0.208790
0.245857
1.405444
0.207211
-1.243337
0.590182
-0.394803
1.028996
1.151193
2.102969
-0.248055
0.146965
-0.342965
-0.284922
-1.802013
-0.450353
0.592884
0.530774
-0.548411
-1.236893
-0.225504
-0.088101
-0.585195
0.535447
-0.407713
1.396084
-0.112037
0.199561
1.544295
-1.732609
-1.199542
-0.336889
-1.030115
1.102754
1.989471
-0.731054
0.579207
-1.538620
0.184816
0.753996
-0.143321
0.320892
-0.825504
-0.803715
1.085576
1.188208
0.354840
-0.491848
0.419324
-0.945652
2.112131
-2.048683
0.299928
0.144032
-2.502872
0.716712
-0.795637
0.068571
-0.398308
-0.899373
0.806518
-0.876689
0.983326
1.250454
1.599521
0.326972
-0.149528
0.247184
0.939301
-1.723041
-0.197443
0.880990
0.286772
0.761637
-1.929881
1.491593
-0.924899
-0.458190
-0.033231
-1.188884
0.757729
-1.962732
-1.186611
-1.218744
-0.205844
0.471313
0.736505
-0.258497
0.009137
1.580436
1.666790
0.021446
0.529038
1.222058
0.563094
0.359772
0.439357
1.369625
0.572226
0.366411
0.866720
0.076172
-0.387582
0.436988
-0.098553
-0.919816
-0.659745
-0.047210
-0.898061
1.751454
-0.559511
-0.225552
1.134113
-0.199259
0.518264
1.738322
1.139623
-0.522140
-0.444265
-0.370680
-1.077223
-1.115319
0.238384
-0.337712
0.252134
0.275073
0.100279
-0.422658
-1.007192
-0.867578
0.302216
0.128337
0.895026
-0.056752
0.372616
0.170667
-0.116315
-0.144655
1.157440
-0.410613
0.006974
0.755608
0.549839
0.643705
1.482883
1.397487
-0.196604
0.939513
2.893609
-1.497430
0.864540
1.619895
-0.177497
-0.688913
-0.044251
1.418474
0.677107
0.850756
0.412512
2.720989
0.385806
-0.033375
-1.777269
0.512197
-0.841201
0.320362
-0.722494
-0.733916
-0.611493
2.086049
-0.447867
-0.876160
0.615849
0.237307
1.456969
-0.122531
-0.003217
-0.272950
1.344030
0.883538
-2.006161
-0.197165
-1.552299
-0.070929
-0.474425
0.650964
0.316310
0.423028
-0.285239
0.123943
0.711426
0.622564
1.799594
0.246972
-0.720331
-0.718079
-1.278838
-1.228121
1.355009
0.856117
-0.149439
0.247140
-0.755565
1.451789
0.484339
0.422440
-0.296139
0.359913
-0.508575
0.767298
0.983665
-0.009727
0.950612
-1.469573
0.021830
-1.197537
-0.255627
0.394763
0.666461
0.788641
0.651080
-0.833024
0.133638
-1.448218
0.226412
-1.438177
-0.466190
-0.947798
0.385533
0.664822
0.200506
-1.238823
-0.544357
0.520409
-2.052019
2.145850
-0.116867
0.630189
-0.031886
-0.099528
0.695421
0.030349
-0.043927
0.023245
-1.280159
1.425498
-0.900863
0.651756
-0.081801
-0.429782
0.533749
-0.669851
-0.311997
-0.740549
-0.425378
-0.080724
-0.451936
0.288562
0.104744
-0.706297
0.932611
1.948068
-0.541398
0.306311
-0.530293
-0.549593
0.197514
1.746072
-0.093389
-0.132497
-0.023626
-0.008405
-0.604705
-0.451759
-1.463732
0.353165
-0.261463
0.965774
-0.197483
-0.614676
-2.120755
0.359543
0.351523
-1.109064
-1.472829
0.864934
-1.316366
0.087430
-0.585240
1.054050
1.335312
-0.233650
0.518291
0.278590
0.533272
0.972703
1.283381
1.285165
-2.514851
0.723286
-0.571744
-0.609464
0.693383
0.589452
-0.707409
1.154040
-0.006640
1.442031
-1.800508
1.109640
-0.756832
0.574058
-1.230776
-0.744051
-0.509451
-0.051574
-1.126982
-1.149506
-0.144234
-1.000081
-1.430617
1.244013
-1.303956
0.628543
-0.153044
1.077645
1.408734
0.429443
-0.682741
-1.462710
0.523016
-0.815727
0.280240
-0.307678
-0.330860
1.546440
0.369308
0.198417
-1.324704
-1.349756
-1.522570
-0.600881
-0.004651
0.808691
0.965020
1.011423
0.018901
-0.531048
0.834929
0.097280
0.266728
0.145052
0.882388
0.806989
1.533911
0.434948
0.766398
-1.965989
0.133632
1.674214
-0.373134
0.705811
0.901825
0.084972
-1.649580
-0.625325
-0.036415
-1.244757
0.781242
-0.476011
0.376005
0.071691
0.487003
1.300517
1.828663
0.923601
-0.681890
-0.375613
-0.501307
-0.520493
1.049176
-0.409637
1.327317
0.298320
0.611100
1.192778
-0.413987
0.767632
0.900264
1.395368
-2.037976
0.221549
2.090465
0.930330
0.357585
-0.458292
2.003291
-1.074637
-0.641735
-0.150915
-0.514193
-0.645796
-0.606949
0.260339
0.274925
0.841544
-0.528075
-0.462285
0.107453
0.932927
-1.390884
0.074905
-0.210504
-0.515045
0.584448
-0.136312
0.632011
-0.054807
1.171965
-0.286747
-1.041089
0.765780
1.637552
0.756727
-0.891954
-1.666758
-0.478142
0.353245
0.322024
1.815227
0.043231
0.263974
-0.285298
-0.199574
1.314965
0.897201
-0.357322
1.704003
-0.184155
-0.487366
-1.985280
-1.262931
1.168182
0.031041
-0.344263
0.058551
-1.450286
0.691813
0.888836
1.822114
-0.531564
-1.430599
0.465548
0.026611
-0.630477
1.219950
-1.060745
0.051938
1.961684
1.158889
0.644349
-0.818313
-0.256564
-0.591056
0.923760
-0.560148
0.219605
-0.550460
-1.073376
1.021273
-0.097888
-0.338138
-1.586729
-1.279049
-0.774226
0.766612
-0.919598
-0.613213
-0.110116
0.565886
0.663253
0.298600
0.515697
1.724591
0.075724
-0.087074
0.275784
-0.218219
-1.204582
-1.373036
0.745869
-0.840595
-1.723863
1.563709
0.738411
-1.691260
0.175169
-0.055622
-0.342402
0.733756
0.685846
1.698063
1.150396
-2.416671
-0.055978
0.050585
-0.959201
-0.556586
-1.050371
0.512192
1.166585
-1.344655
-1.717861
-1.011998
-0.642429
-0.281527
0.512500
0.999244
0.653544
-0.610157
-0.070219
1.192679
-1.220244
0.868204
0.103832
-0.350997
-0.117396
-1.557179
0.063903
-1.359035
-0.566699
0.328589
0.012201
-0.942809
0.196672
0.034617
0.863155
0.078296
-0.360817
-0.087882
0.220292
-0.968347
-1.978962
0.440785
-1.143544
0.511099
0.377934
0.156488
-1.532558
0.761604
2.281419
0.907320
-0.241474
-0.583983
0.357326
0.484884
-0.225195
0.495241
0.318193
-1.709509
-0.165901
0.587749
-1.310752
1.168287
-0.283431
-0.828058
2.161609
-0.785091
1.327513
0.520945
0.661276
0.561701
-1.052049
-1.096943
-1.420463
-0.094769
-1.562606
1.010302
-0.955637
1.685175
0.185128
1.018929
-0.372928
-1.132767
1.128310
-0.424982
-0.969745
1.826978
0.285756
-0.055494
1.415623
1.290302
-1.148934
-0.449812
-1.495848
0.244803
1.288826
0.213850
0.612790
-0.546387
0.845880
-0.228466
0.904537
-1.285186
-0.329658
-0.571922
1.537540
0.422191
0.372409
-0.394960
-0.261666
-1.025374
0.834997
0.104906
0.112974
0.839212
-0.768596
0.871859
-1.069972
-0.583095
-0.114556
0.199153
0.573949
-0.605768
-0.035551
-1.711635
0.784801
-1.419910
-0.202996
-1.796911
0.065307
-0.128008
0.074101
0.447507
-0.091935
-2.603891
-0.211197
0.314826
0.533710
-0.719406
-1.332602
0.235663
-1.505612
-0.841291
0.051179
-0.217515
2.567565
-0.482496
0.140104
-0.518492
0.108026
-0.887441
-0.068532
0.817405
-0.948474
-0.501080
-0.535085
1.164284
0.697983
-1.069511
0.091139
0.753401
0.191060
1.265438
-0.025637
-0.498869
1.314228
0.782902
1.352793
0.096377
-0.867598
-0.084513
1.271058
-0.394974
-0.332603
-0.088771
0.424122
-0.847051
-0.054467
-1.817195
-0.747106
-2.029105
-0.825682
-1.762457
1.000020
-1.411289
-0.414255
-0.604578
-1.644755
-1.776402
-1.522424
-1.471345
-1.504297
-2.249076
-2.447910
-3.304303
-0.397995
-3.410596
-3.002062
-1.392723
0.488222
-1.635964
-1.380564
0.468255
-1.093382
-1.160814
-1.125183
1.038658
1.945847
1.302075
1.959220
2.039813
1.899004
2.106558
1.260225
2.293255
-0.047768
2.473715
3.535060
2.088231
2.558987
2.243236
1.177452
0.656992
2.858631
1.090137
1.741672
1.818860
-1.395158
-0.653758
0.226725
0.442940
0.306782
-0.878585
-1.340838
0.217290
-1.439353
-1.658729
-2.521511
0.319182
-0.341368
-1.406075
-2.000133
-1.891556
0.033750
-0.676369
-3.001703
-1.414876
-1.150781
-1.536386
-0.520673
-2.078581
-0.796628
-0.315503
-1.376777
0.043403
0.139414
0.990044
0.173108
-0.057924
0.844464
-0.266202
0.671889
-0.298819
1.603785
0.310200
-0.412101
-0.759662
-1.803949
0.840652
-0.625276
1.778658
0.892829
-2.045610
0.790533
-0.562994
-0.282163
1.645011
-0.650983
-3.333311
0.308250
-0.681672
-0.204103
0.471712
-1.377247
0.397755
-0.210630
-0.231011
1.253304
0.598572
-0.515597
-0.970148
1.996737
0.418220
0.065299
1.655533
1.219366
-0.297482
0.967096
0.203306
-0.657034
0.075251
0.033922
-0.177346
-0.262627
-0.680966
0.258966
1.135396
0.326791
-0.776492
-0.257403
0.514359
-0.083253
-0.112243
-0.566693
0.139637
-1.612857
-1.988222
0.273272
0.091923
-0.155690
-0.993910
-0.421534
0.500401
-1.067109
-0.980171
-0.662960
1.017154
-0.352532
0.345334
0.563819
0.830207
-0.248238
1.063559
-0.346215
-1.288027
-0.428985
-2.085565
-1.103304
1.146337
-1.008035
-0.980674
0.294485
-0.595251
0.411630
1.777553
-0.655086
-1.074011
-0.285129
0.100925
0.699065
-0.568364
0.377882
1.465630
0.319386
-1.079143
0.022723
-0.185561
-2.382431
-1.841094
0.030727
0.187034
0.625001
0.958376
-0.433192
1.763066
1.520852
0.416370
-0.332839
1.021624
-0.348734
0.756801
0.522946
1.620135
0.408167
1.147026
-0.180038
-0.062928
1.233443
-0.172722
-0.057683
1.830269
-0.013082
0.508502
1.926389
-0.424577
-1.127066
0.593395
-2.181491
-0.625343
0.741371
-1.615065
0.482063
-0.390688
0.123212
-1.013285
2.469310
-1.270762
-0.647719
-0.357536
1.455215
-0.925158
-0.018251
-1.190801
0.779460
0.272065
1.659202
1.819795
1.558674
-0.603506
-0.028900
0.979895
0.890682
0.292191
-1.264050
-0.302999
-0.241174
0.275511
-0.686112
-0.211361
0.983213
-1.115071
0.039845
0.920527
-0.109977
-1.338929
-0.421325
-0.321790
-1.688678
-0.908864
0.382486
-0.095471
0.540921
0.015144
-0.624791
1.709786
0.508422
1.455393
0.202944
0.245064
-0.175636
-0.019620
0.507337
-0.107794
-2.254762
-1.154263
0.351433
-0.039112
-0.591718
0.678469
-0.054425
-0.852495
-0.763387
-0.822460
-0.151221
-0.935326
0.250517
-1.084226
1.265682
0.548250
-0.966524
0.196570
-0.294012
0.039071
1.152877
0.329015
-0.239223
0.506091
-0.122011
-0.124576
0.742276
0.634682
1.644422
1.376236
0.044308
0.061133
-0.600734
0.321442
-1.008296
-0.472761
0.662303
0.531433
-1.692714
-1.053368
-2.813983
-0.360127
0.271380
-1.806348
1.046394
-0.679328
-0.724901
0.654188
1.863188
-1.855260
-0.595029
0.930947
0.813570
0.293571
0.401815
0.147477
0.240220
0.891152
-0.897052
1.604188
-1.179247
1.071930
-1.581849
-0.386369
-0.142765
0.060677
0.716834
0.734016
0.770482
-0.375545
-0.362071
-0.695964
1.025369
1.034450
-0.544882
0.329509
-0.722476
-0.543220
-0.745450
0.352877
0.949918
0.232454
0.952501
1.579103
0.920215
0.413143
0.162358
-1.488619
-0.920491
-0.117958
-2.563482
-0.137246
1.624454
-1.107902
-0.653434
-1.025375
-0.605861
-0.413994
-1.075754
-0.152676
1.643682
0.080097
-0.346445
0.853007
0.378403
1.597993
-1.101317
-0.005443
0.165120
-0.202677
-0.812382
-1.145279
0.304784
-0.991209
-0.242378
-0.258480
0.267961
-0.588683
0.294610
-0.523718
0.778397
0.073918
-0.671649
0.443459
0.460945
-0.292787
0.030059
-0.827124
0.401761
-1.078126
0.461665
1.019141
-1.241741
0.407301
0.714191
-0.787903
1.562177
0.909242
-0.041176
0.471600
-0.551280
-0.123568
0.095558
1.197851
0.727416
-0.949546
0.762513
0.666389
0.725288
0.449204
1.296408
0.235777
1.269601
-0.580793
-1.011030
0.494429
1.569146
1.141954
0.348861
0.832041
-1.331090
1.002546
-1.412388
-0.043094
0.576290
-0.439010
0.242633
0.906085
1.693133
-2.276579
-0.940014
-0.685304
-0.397739
-0.306412
-0.414560
0.510779
0.755860
-0.489997
-0.841948
-1.364225
-0.979042
0.139786
-1.193134
0.202493
-1.436903
-0.173778
-0.714726
-0.159578
-0.904097
-1.372029
-0.721958
0.820612
0.059313
-0.409670
-1.041141
1.034956
0.358749
-0.241438
1.320011
-1.427618
-0.843776
2.069370
0.284352
-1.821162
-2.709106
-0.642406
-0.180559
-2.437407
-0.016665
0.613248
0.266756
-0.726434
1.041850
-0.839428
0.442125
0.660759
-0.573434
0.606094
1.915440
-0.020779
1.273889
-0.543563
-0.220538
-1.232892
0.518066
-0.635702
0.905584
-0.011877
0.263608
-0.088170
0.415030
0.153034
-0.229267
0.154505
0.018005
0.109649
-0.506261
1.436840
0.344838
0.115568
1.254712
0.338206
-1.379622
0.932574
0.724121
2.123771
0.329171
-2.326600
-0.128148
1.196583
0.136109
-0.506812
0.465564
0.079829
1.060546
-0.228462
-0.356136
-1.305752
-0.251002
-0.190587
-0.801142
-0.224529
-0.514667
-0.223994
0.313346
1.032813
0.178674
0.062498
-0.785908
-0.480236
-1.417739
-0.645051
0.138098
-0.248614
1.221292
-0.233794
-0.401021
-0.991254
-0.233647
0.032677
-0.786400
-0.053851
0.612680
-1.024114
-0.740612
0.020614
1.114144
-0.699892
0.746066
-1.462067
-0.135161
0.481852
1.763114
1.021353
-1.880044
0.053197
-1.066494
0.438674
-1.025195
-0.899504
-0.337291
-1.221039
-0.663260
-0.104144
-0.531057
-1.020336
-0.216249
-0.642381
-0.770618
-0.208982
-2.050987
-1.101203
0.195457
0.764590
1.275140
-2.249870
0.876089
-0.240902
-0.596508
-0.723644
-0.195423
0.709054
-0.200546
0.620100
0.135906
2.274606
-1.261177
0.629577
0.390333
0.484606
-1.018793
-0.333297
2.336981
0.345055
0.091006
-0.770137
0.770083
0.262203
0.958222
1.755634
0.206383
-1.096156
2.330442
1.443178
1.078292
-1.360245
-0.088704
-1.053248
-0.989987
0.157950
1.833606
0.218862
-1.371588
1.080083
-2.036352
2.261525
1.252710
-0.073105
0.056551
2.305787
-0.776013
-0.149156
-0.341759
0.623578
0.672617
-0.456604
-0.140518
-0.296919
-0.722139
-0.953970
0.834633
-1.046739
1.021789
0.265261
-0.431749
1.016876
-0.203096
0.522204
-0.241279
0.768200
0.643025
1.142934
-0.967109
0.741078
2.720630
-0.170997
0.332696
0.194475
0.728421
-0.067468
1.349876
0.382697
-0.482439
-0.411724
-0.429361
-0.122907
1.421170
-0.975968
0.007509
-0.678987
0.209698
-2.218507
1.317684
-0.477317
-0.104323
0.535785
-2.045620
1.263446
0.390327
-0.625865
-1.360353
0.612494
0.576965
0.170770
0.046189
0.671102
0.428662
0.256211
-0.544160
-0.435924
0.214545
0.275238
0.058766
0.717071
1.983204
0.306687
0.459112
0.569739
-1.470041
-0.793569
-1.397354
0.087318
-0.034420
0.631974
0.390449
-0.517277
0.188253
-0.907351
-0.456836
-0.178931
0.978158
0.387324
0.725392
-1.302829
1.234678
1.234007
0.833229
2.573140
-0.871952
-0.559243
0.243926
0.169544
1.165325
0.038033
0.109660
0.982975
0.014593
0.001340
0.533483
-0.155580
0.302213
0.706214
1.485547
-0.899843
-1.138302
-0.742236
-0.000132
-1.356714
-0.888020
-0.155304
0.101360
0.540459
-0.421790
-0.997315
1.071444
1.995153
-0.049440
1.113730
-0.010566
0.839387
-0.316899
0.237981
1.047300
-0.315286
-0.215709
-0.453466
-0.234759
-0.704356
-0.532301
1.421205
0.335225
1.373605
0.150921
-0.181102
-1.892885
0.657392
-0.422580
-0.112502
0.804252
0.199007
1.189492
-0.455836
0.152876
0.130651
0.184701
-0.889327
-0.857218
-1.878729
-0.650246
0.365987
-1.643566
-1.320037
-1.215691
1.075260
-1.594994
-0.339317
1.273378
-0.459344
-1.248451
-0.575122
0.143025
-0.748144
-0.753936
2.537650
-1.039568
0.366754
-0.330816
0.285534
-0.759401
0.572734
-0.414521
-0.798876
-1.148165
0.317030
0.985367
-1.859774
-0.462175
-0.780494
-0.275413
0.732596
-0.045085
0.843303
-0.065754
1.297412
-0.640237
0.227336
1.405379
-0.130147
-0.195242
1.280977
-1.062529
-0.795752
0.291756
-0.542541
1.040146
1.203982
0.296382
0.046776
-0.627161
0.262033
-0.154253
1.398783
0.340486
0.419977
0.189824
0.629802
-1.039825
1.296242
0.352164
-2.516144
0.285989
-0.476912
0.661864
0.055095
1.079057
0.026057
-0.164358
-0.810030
1.865586
-1.033181
0.218474
-0.220098
0.007319
1.058977
-0.100319
-0.800692
-1.620312
0.130961
0.302209
1.150972
-0.989024
0.493591
0.512147
0.084805
1.939450
1.736730
0.022755
0.768898
0.500031
1.902997
-1.236741
0.425459
-0.525685
-0.922025
1.624268
-1.087326
0.861229
0.324792
-0.699261
2.093398
0.678876
-0.148018
-1.312416
-0.428710
-0.575041
-0.126294
0.750099
-0.873798
0.525057
-1.999508
-1.300492
-0.342008
-0.526735
-0.388396
-1.087122
2.312049
-0.188960
0.953947
0.593611
0.899235
-2.147908
-0.287445
-0.012262
-0.137043
0.310183
0.153282
0.905373
0.646629
-0.124314
-0.441736
-1.161970
1.072224
-0.023115
-0.602010
-0.733018
-1.379981
0.149039
-0.701960
-0.541493
-1.634055
-0.867820
-1.677425
-1.558844
-0.811500
-0.773059
-2.035816
-0.198287
0.308370
0.033126
-1.240242
-1.034338
0.617422
0.551329
-0.926576
-0.565947
1.091511
-1.025544
-0.748335
0.482211
0.221710
-0.156524
-0.221321
-0.109018
-0.817534
-0.701506
0.475821
0.216234
-0.778326
0.457159
1.245698
-0.770621
-1.367355
0.694345
0.577522
-2.359107
-0.214392
-1.229649
-2.703096
0.902521
-0.208942
1.050971
-0.183284
-0.486157
0.351761
-0.403477
1.088719
-1.302640
0.516675
0.897330
-0.111090
-0.298038
-1.333707
-0.146309
0.899240
-0.269704
-0.187585
0.142980
-0.062866
1.799021
-0.958824
0.374365
0.486004
-0.742167
-0.098329
2.290945
2.106988
-1.411672
0.400490
0.472569
0.351400
-0.305361
0.123483
1.145893
0.246675
-0.078744
-0.566371
0.688393
-2.357920
-1.613975
-0.763960
-0.835340
-1.237138
2.069890
0.467335
0.796843
1.059516
0.680512
0.974512
0.097124
0.600252
-0.259534
1.149488
-0.605061
-0.894833
0.088199
-0.839657
-1.003373
-0.463371
-0.215488
-0.840049
0.193125
0.265315
-0.054708
-0.202140
-1.380408
-0.770582
2.217969
-0.633282
-1.374970
-1.798857
0.394479
0.316371
-1.817246
0.161951
1.427862
-0.032696
-0.750864
1.484624
0.660736
-1.729282
-0.425438
-0.537971
-1.493777
-0.829600
0.800372
0.945891
-0.008747
0.583580
-1.382727
0.774813
2.375295
-0.611242
-0.832090
1.058889
-1.238910
1.420707
0.310890
-0.125246
-1.310957
1.892339
-1.009283
1.544929
-0.280257
1.033053
0.755334
1.353050
1.017276
0.211889
0.180748
-0.599918
1.907806
0.900477
0.836172
1.490874
0.749295
0.194860
-0.174694
1.458836
0.856684
-0.390440
-0.278285
0.592795
0.185725
-1.990380
0.304351
0.482224
-1.681908
-0.232667
0.020339
-1.228825
0.588316
-0.471765
-1.521578
-0.111771
0.197657
1.542445
-0.295023
-1.550349
-0.153085
-0.478601
0.281080
-0.521294
0.150407
-0.212468
-0.010831
0.544882
0.494154
-0.443802
-0.596306
-0.796660
-2.067594
0.477954
-0.350950
0.668777
-0.571179
0.947209
0.579078
0.903147
0.333333
0.693497
-0.340705
1.790657
0.136463
0.123344
-1.115644
-1.168449
-1.335302
-0.523431
-0.059296
0.290955
-0.451196
-0.070118
1.844450
0.600006
-0.214508
-1.176835
-1.129216
-0.071351
0.141087
-0.451122
-1.019173
0.901410
-0.587416
-0.440374
-0.544250
-0.114519
-0.715146
0.776996
1.021653
2.470562
0.043071
2.328899
-0.720161
1.194490
-1.101510
-0.771050
-0.379223
0.733569
-0.163101
1.076019
0.472006
-0.234796
-0.031400
1.595747
-0.044150
0.154281
1.053328
1.035432
0.050410
0.477833
0.641089
0.028190
-0.667189
0.501905
-0.300285
-1.199021
-1.644875
0.415887
1.401312
0.051200
0.240695
0.553174
1.365157
0.132824
0.061952
1.019451
0.496193
1.459220
2.718347
-0.184583
0.863458
-0.926847
1.190475
0.276391
1.424310
-0.276102
-0.659677
0.682426
-0.970679
-0.331885
-0.017748
0.194439
0.051151
-1.425895
1.285147
0.881818
-0.081569
0.390264
1.915802
0.379705
1.770809
-0.620536
-0.823114
0.472566
-2.402468
-0.101260
0.514497
1.289323
0.041755
-0.323676
-1.388304
2.608370
0.220938
2.085440
0.713630
-0.772731
-0.363534
0.165729
-0.147748
-1.147231
1.370567
1.902652
-1.003848
0.481359
-1.960595
0.577828
-0.711287
-1.348225
0.472473
1.011864
0.264200
0.925269
-0.620157
1.821808
-0.466089
0.772685
-0.276905
1.369896
1.526757
-0.681611
0.029063
0.563767
-0.391274
0.397049
-1.072371
0.258690
-0.335552
-0.954941
0.702156
0.039206
0.971512
-0.221534
-0.384299
0.138626
1.412007
-0.666594
0.798776
0.810021
0.785545
-0.555264
0.025379
0.507678
1.688619
0.591346
-0.969350
0.125823
0.985783
-0.237693
-1.893634
-1.235188
-1.098515
-1.977257
0.520716
0.798327
1.130070
1.391882
1.700360
1.547020
0.878149
-0.305487
2.613481
-1.264212
-1.196707
0.525268
-0.501308
-0.703271
0.726333
-1.850950
-1.019642
0.927448
-0.492815
1.375165
0.370515
0.806713
2.585094
-1.491477
1.248160
1.058909
0.055615
1.644936
0.545527
0.979831
-0.184911
-0.066363
0.519527
-1.121230
-0.879061
0.104630
0.156685
2.852153
-0.214506
-0.344689
-2.706531
-0.478286
0.224179
-1.200417
-0.087578
1.060167
-0.782274
-0.414648
-0.516325
0.080568
3.147686
-0.531982
-2.209362
0.803766
0.802288
-0.426449
1.184110
0.100399
0.761696
0.817565
1.353327
0.050170
-0.765381
0.348339
-1.179394
-1.649502
0.132110
-0.684885
-0.001159
0.005270
-1.081602
-0.405183
-0.932707
0.190412
-0.560140
1.533346
-1.111914
0.244853
-0.520938
-1.920175
-1.489119
0.587774
-1.209684
-1.047954
-0.719542
1.465061
0.716705
0.054295
-0.523494
-1.174775
-1.086212
1.314215
-0.989387
-0.472696
-0.906199
-0.268704
-0.161664
-0.864864
0.490444
0.893624
-0.295516
0.388468
0.875359
-0.700443
0.389544
0.349060
-1.129121
0.434249
0.116644
-1.843915
-0.428905
-0.463746
0.106549
-0.104731
-0.449569
-0.447003
0.528813
0.125994
0.790306
-2.860778
0.769942
-0.110456
0.844071
0.523609
0.726242
-0.760450
0.601434
0.426928
-1.385131
0.400947
-0.525556
-0.272641
0.322847
-0.129497
0.906918
0.720200
-0.659373
-0.511728
-0.016331
-0.139772
-0.204858
0.204977
1.519628
-0.054123
0.616614
1.443381
0.567682
-0.688953
0.866775
1.287553
-0.251229
-0.187054
-0.790478
1.375558
-0.688741
-0.027336
-0.841950
0.589995
-1.212419
-1.009863
0.425086
0.129116
-0.268414
1.251732
-1.426816
0.964896
-0.939197
-1.684065
-1.673845
0.089659
-0.678252
0.807903
-0.840526
-0.873693
0.407357
-0.908652
0.255601
0.753700
-0.464560
0.204609
-0.240588
0.890907
1.159469
0.536907
-0.648776
0.754484
0.287289
-0.404880
0.578296
-0.916766
0.090933
1.256288
-0.238619
-0.917716
-0.495434
0.414186
-1.024858
-0.314597
-1.974893
-1.122735
0.173234
-1.805608
1.042533
1.464736
-0.631073
0.965775
-0.145219
-0.125494
-0.411177
-1.372182
0.465131
-0.234916
-0.701587
0.257404
1.146316
-0.996324
-0.775030
1.290078
-0.489547
0.028769
-0.049468
-0.088555
0.769003
-0.583237
0.919133
-0.544718
0.247826
0.068686
-0.358611
-0.725006
1.242235
0.492267
0.293745
0.082563
0.136622
0.349638
0.354272
0.774576
0.417904
1.610461
0.275887
0.761557
-0.283280
0.788185
-0.106013
0.263493
1.108942
-0.994123
1.146320
-0.456253
0.463322
-0.002861
-0.204402
0.560370
-0.655249
0.375529
-0.697041
-0.415329
0.152716
0.218607
1.111717
-0.484065
-0.570061
0.347610
0.132737
0.575612
0.493725
0.520843
0.989936
0.092359
-0.500570
0.271691
2.452021
0.248474
2.618020
0.773754
-0.666488
-0.266094
0.964839
-1.051615
0.712213
-0.019393
0.359266
-1.346727
-0.543865
-1.202292
-0.747490
0.806453
0.889129
-0.284141
0.680588
-1.008850
-1.942714
0.653060
-0.659944
0.038000
-1.453778
-0.113601
0.057055
0.096862
0.195926
-2.026469
-0.806699
-1.249770
-0.916301
-1.999554
1.614766
0.491770
0.756715
1.260104
0.246902
0.156628
-0.953307
-0.933924
0.021497
0.808207
1.103762
0.631801
-0.494144
-0.196351
-0.639104
-0.566621
1.124859
-0.058733
0.158269
-2.093441
1.242273
-0.243908
0.909821
1.375405
-1.027751
-0.563828
0.945512
-0.578401
-0.365398
-0.101560
-1.246125
0.065854
-0.271267
-0.576864
1.094171
-0.327126
0.002750
-1.430634
-1.714294
-1.491329
-0.302620
0.163859
0.857296
1.380392
0.010320
2.075017
1.582339
0.581611
-0.337395
1.359693
0.743820
0.186624
-0.163283
0.065667
-1.739455
-0.355764
-1.272489
0.970928
0.306390
0.396401
-0.330765
-1.318676
1.619843
-0.991116
0.819505
-0.512573
-0.444699
0.489601
0.149838
-2.131576
-0.572153
0.156984
0.459682
0.886058
0.143101
-0.272756
-0.627590
0.730332
-0.215246
-0.524976
-0.435436
-1.138453
0.346027
-0.952551
0.297792
0.067004
0.632042
0.311954
-0.393570
2.565427
-0.327338
0.618112
-0.197560
-0.712008
0.473122
0.005439
-0.473077
0.537083
-0.180411
0.962725
0.557972
-0.563437
1.136897
-1.007587
1.077517
-0.153267
1.445992
1.443124
-2.887561
1.090166
0.559154
0.419347
1.476424
0.237962
2.024261
1.447943
2.243483
1.099023
0.129279
-0.805186
1.396747
-0.983088
-1.139128
-1.308733
-0.521926
1.759881
0.900721
1.331221
0.672386
-1.230921
0.725620
-0.064463
-0.883349
-0.745578
1.611440
-0.521545
1.269963
-1.204242
-1.290316
-0.700890
-0.522518
-0.198690
0.263418
0.170835
-1.358637
1.663132
0.634780
-0.937695
0.357240
-1.176563
-0.496041
-0.631681
1.527091
-1.984698
0.176075
0.258126
0.964759
1.213994
-1.577709
-0.787096
1.304124
-1.051865
1.265438
-0.296485
0.537604
-0.638321
0.428651
-1.010795
0.762045
0.562380
-0.535212
-0.076796
0.030013
0.010602
-0.764047
1.374871
-3.103242
1.008855
-0.756458
0.972017
0.815104
1.386191
1.070837
-0.011429
1.601935
0.703309
2.291053
0.684821
-0.400258
-1.149329
-0.869940
-0.325414
-0.012868
-1.157472
-0.635264
-0.207064
0.434267
-1.562502
0.586114
-0.258695
-0.357332
0.025855
-0.284887
1.119481
-0.454159
-1.097397
0.034592
-0.761048
0.156639
0.405753
-1.415876
0.613241
1.727371
1.597591
0.015775
0.691009
-0.121280
-0.292105
-0.015485
0.266071
0.348201
0.209513
-0.362823
1.121793
1.870977
-0.614465
1.326564
-1.500122
-0.768511
0.904514
-0.192042
0.355494
-0.819716
1.024768
1.392649
-0.445034
-0.017400
0.961246
1.703951
-0.143753
0.501168
-0.046470
-0.031832
-0.756921
0.382169
1.098431
0.299870
-0.568735
-0.314697
-0.328265
-0.212532
-0.041221
0.248569
-0.877652
-0.250103
0.489896
-1.303758
-0.064726
-0.591449
0.311601
-0.273355
0.296494
-0.506181
-0.870855
0.789765
-0.248638
2.030004
0.891525
0.204838
-0.723251
-1.430538
0.395200
1.498723
-0.331682
1.346825
1.205013
0.521157
-0.687321
1.194864
-1.816017
0.490777
-0.740061
2.390718
-1.388629
-0.940995
0.124322
0.700264
-0.732225
0.392850
-0.572780
0.383687
-1.877959
0.392863
0.636766
0.723034
-1.515996
-0.128173
-0.408173
-0.290503
0.627522
0.634780
-1.385341
1.042998
-0.022374
0.763739
-0.074102
-0.900553
0.462752
-1.313118
0.895260
0.221088
-0.902677
0.377983
-0.079832
0.743416
-0.789576
-0.303301
0.502057
1.096632
1.000366
0.570169
0.717755
0.415370
1.699216
0.492557
-1.998372
1.110198
-0.196091
0.593913
0.086166
-0.838805
0.486489
0.644368
-1.280090
0.067965
-0.850239
1.886501
1.165323
0.209665
-0.478895
-1.208091
-0.952700
1.034208
0.793207
-0.988676
1.317389
1.471278
1.329472
-0.304841
0.805311
-0.461432
-0.266166
-1.291105
0.698059
-0.629477
-0.958805
-0.156910
-0.649953
-0.475700
1.363470
0.984383
0.090852
-1.143139
1.681781
2.123517
1.455616
-0.521830
0.272589
0.186381
-0.461539
1.699924
1.298744
0.728371
-0.289809
0.730574
-1.641460
-0.277953
-0.161986
-0.683464
-0.216334
-1.425957
-1.077239
-0.054162
1.274751
-0.494089
1.012500
1.833040
-0.135169
1.188722
0.418053
-1.690525
0.351352
-0.193969
-0.884998
0.109395
0.081140
-1.364117
-0.319840
2.053019
0.778660
0.536053
-0.157021
-0.605150
0.839399
0.079645
-0.097402
1.486935
-1.104594
-0.600363
-0.000367
-0.398306
0.649085
1.459917
0.253397
0.951632
0.022974
1.569380
1.022964
1.209882
-0.144795
0.629316
-0.386183
1.667370
-0.517095
1.521323
-0.293718
0.243713
-0.200892
1.243500
0.343164
-0.488020
2.489136
0.937510
-0.357876
0.103035
0.520066
0.128325
0.177338
0.208813
0.696865
-0.358180
-0.233344
2.031084
-0.636875
-1.308332
-0.126378
1.151019
-1.371106
1.170364
-0.609262
-0.076171
-0.308151
-1.186932
0.763460
-1.190313
1.420573
-0.432509
-0.787422
-0.934619
1.348244
0.447464
-0.738825
0.393267
1.191972
0.358969
-0.504106
-0.070022
1.332163
0.333684
0.665496
0.046266
0.233657
-0.152608
0.515020
0.565451
0.576999
0.197482
-0.684397
0.387144
0.121726
-0.309343
-0.813344
0.319404
0.081842
0.695050
-0.650409
0.342171
0.703707
-0.996210
1.311907
-0.628885
0.483097
-1.643516
1.935278
-1.133326
-1.022992
0.820957
0.631044
-0.151472
-0.158918
-0.632444
0.366052
0.360128
-0.848597
-0.033376
-0.902231
0.492736
-1.032474
-1.065620
-1.048419
-0.169373
-0.368357
-0.823664
-0.170217
-0.036472
1.722087
-0.564786
-1.009887
0.426365
0.019312
1.036623
-0.768597
-0.534617
-0.444065
1.318196
1.123744
-0.807384
-0.401359
-0.294850
-0.386162
-0.267427
-0.567524
1.490522
1.079763
0.948298
-1.003938
-1.823572
0.652247
-0.007896
-0.200670
-0.016031
-0.745354
1.668545
1.016744
-0.516685
-0.661986
1.598709
-0.045151
-0.496976
1.713429
0.929484
1.022634
0.299847
0.209294
-1.482963
1.230444
-0.775313
-0.436800
-1.083372
-1.327097
-0.423480
0.881563
0.422942
-1.321275
0.558435
0.185447
0.553175
-0.335403
-1.214448
-1.421650
0.238704
-0.433956
-0.274793
-0.535237
1.931992
0.433035
0.067822
-0.975599
-0.126022
1.535553
-0.468283
-0.719609
-0.228374
-0.012113
2.032401
-0.842267
0.704360
-0.131025
-0.359323
-0.033158
0.565101
-0.216567
-0.787946
-0.001212
-0.016481
1.505261
0.284135
0.084789
-0.662926
0.736883
-0.272232
0.778453
-0.908195
-0.130661
0.664848
-0.821674
-1.159854
0.045906
-0.799244
2.097692
0.074435
-2.173601
0.130623
-1.014028
0.365791
0.672264
0.837905
-1.738580
-0.548729
-1.576025
0.046967
1.103356
-0.189247
-1.561090
-0.104642
0.072142
-0.000513
0.603249
1.573466
-0.104526
0.683048
-1.594746
0.753350
0.594267
-0.448882
-0.027145
-0.348409
-1.276971
0.077150
0.156805
1.420821
0.722080
1.130800
-0.641990
-0.074129
0.863583
-0.264789
0.215106
-1.115224
1.199255
0.781201
0.392747
0.688108
-0.261337
-0.293953
-0.168000
1.021970
-0.359385
0.387207
0.210231
0.520096
-0.652217
0.905232
-1.230692
0.009074
-0.170105
-0.130306
0.322446
-0.133249
-1.280562
-1.073131
-0.728962
0.298475
0.354361
0.941784
1.057677
0.324218
-0.285813
-1.892361
-0.040862
-0.001685
1.547252
0.328464
0.273080
-1.119535
1.342609
1.303196
1.200753
-1.309397
0.173284
-1.314626
0.242610
1.182833
-0.925941
1.967450
0.039583
0.027502
-1.930739
0.138085
-0.341727
-0.580256
0.132928
1.117373
-1.022598
0.163772
0.937557
0.617656
0.324403
1.209142
-0.726100
0.160247
-2.071697
-1.119642
-0.569426
-0.765266
-1.399750
-0.708506
-0.827392
0.319221
0.671754
1.589488
-0.471238
-0.329958
-1.320631
-1.143527
-0.586382
-0.228054
-1.591979
-1.887460
0.441857
-0.043800
-0.634765
-2.104663
-0.447470
-1.085755
1.433088
-0.730253
1.455046
-1.092950
-0.113537
0.707585
0.820338
-0.639277
0.991937
-0.358233
1.203695
-0.501485
-1.079138
0.373008
0.433950
0.308688
1.118474
1.655131
-0.437334
-1.105415
0.110168
0.213297
-0.285622
0.432577
1.001335
-0.769914
-1.180696
-0.661588
-0.629221
-0.081040
-0.839031
-0.546663
-2.005657
0.065395
-0.769162
-0.192927
-1.933213
0.896555
0.075323
-0.399046
0.565039
1.784397
-0.247054
-1.714003
-0.097903
-1.150698
-0.574178
-0.574032
1.108221
0.971805
0.346836
-1.071973
-0.267046
-0.385933
0.322825
0.422962
-0.191368
-1.026703
2.935728
0.088665
0.794709
0.661388
0.224431
0.550673
-0.106893
-0.587137
-0.279808
-0.097952
1.574220
-0.272398
0.482296
-1.020518
-0.649807
-1.453795
1.006723
0.254400
-0.313974
0.315793
1.194266
0.090825
0.659975
-1.204404
0.168314
-2.984777
-1.345209
-1.441431
-1.492829
-0.460613
-0.616303
-1.758340
0.443908
0.482637
0.167106
-0.815931
0.981138
0.314893
-1.381550
1.208254
0.031367
-0.150978
-0.153816
-0.255188
-0.907910
1.114642
-0.415581
-1.178541
2.096066
0.622765
1.049204
1.540050
0.807604
-0.395259
1.234667
-0.183495
0.021836
0.262379
-0.017107
1.163347
0.295160
1.490294
-0.889936
0.040499
-0.131452
-0.678140
-0.036736
-1.188190
0.497517
-1.918597
-0.524483
1.556298
0.371459
-0.293755
0.261789
-0.316994
-0.617277
1.020768
0.723638
1.156232
0.176785
-0.118596
0.382725
0.487477
-0.900638
-0.160369
1.497255
0.601010
0.316310
1.110928
-0.063392
1.480764
-0.011242
-0.022589
0.376404
0.041720
-0.329901
-1.173544
1.427075
-0.169532
-0.759426
1.998886
0.806266
0.473269
1.410713
-0.641979
0.875644
-1.169616
-0.649140
1.533823
-0.553345
0.381051
1.639057
0.179286
-2.058573
-0.626921
-1.999924
0.270735
0.834667
-1.931684
1.013717
-2.167643
0.119203
1.716183
-1.059133
-0.987162
-0.815813
1.145602
-0.527511
0.179694
-0.630149
0.453518
0.100736
-1.058375
-0.440896
-1.181180
0.144874
-0.200332
0.282163
0.620350
1.621955
-0.663994
0.261165
1.606344
0.614732
0.909944
-0.277852
-1.212279
-0.021077
-0.421924
-0.305154
-0.342298
-1.467541
0.511874
0.085121
0.062427
-1.404367
0.134147
0.176008
-0.615416
0.729404
0.077707
1.066637
-1.734097
-0.068226
0.823042
-1.679971
-0.278016
0.086376
0.498508
0.220008
1.009010
-0.510616
-0.330101
0.104481
-1.506568
-1.688024
1.293096
-1.062774
-0.472667
-0.387123
-1.551025
0.485340
-1.478908
-1.683563
1.163912
1.227566
0.680952
-0.214070
-1.033992
-0.908215
1.676557
2.037451
1.401625
0.296250
-0.703471
-0.192084
1.621756
-0.572340
-0.266112
-0.022041
0.807726
0.574528
-0.710293
-0.822968
-0.772007
-0.594220
0.314435
1.193416
-1.694281
-0.869026
0.503453
0.044179
0.289600
-1.649227
0.585429
0.875014
0.947219
-1.010002
1.097499
1.630380
1.037231
0.467712
1.227800
1.028362
1.938523
0.603345
0.494675
1.154360
-1.271866
0.852301
-2.311817
-1.014874
0.447953
1.487428
1.034078
-0.756466
0.982313
1.084294
1.580634
0.338400
-1.255721
-0.937237
-0.281035
1.154469
-2.158893
-0.434269
-0.229075
0.392133
1.703667
1.445312
0.682465
0.691282
-0.686529
-0.781761
-0.167821
-0.018859
-1.630890
-0.168282
0.631341
-0.611964
-1.186261
0.463159
1.353181
-0.123488
0.347048
0.201122
0.299833
-0.203751
1.785679
-1.543733
0.168147
-0.416676
0.762329
-0.442567
1.649205
0.480835
0.918683
-0.027788
2.265018
1.416350
-0.546308
-0.215306
-0.219589
1.596941
1.570640
-0.786454
-1.514199
0.107597
-0.220095
-0.682530
-0.612933
0.933954
-0.571539
-0.439836
-0.172202
1.168543
0.251183
0.215605
2.889694
0.523424
0.807716
-0.821384
-0.128752
-0.697246
1.284822
0.570913
-0.833460
1.995788
1.579337
0.489952
-0.718415
-0.862596
-0.514462
-0.642241
-0.099867
-0.239609
-0.020663
1.537526
-1.319794
0.413369
1.098554
-0.196426
1.518636
1.009813
-0.435514
-0.743539
-0.984748
-1.245335
0.911299
-1.027880
-0.633289
0.054918
1.994801
-0.396992
0.047038
-0.622913
-1.691775
-1.174109
0.980244
-1.379036
-0.127744
0.078612
-0.242180
0.499211
1.527292
0.348154
-0.316328
-0.969629
-0.254330
0.776555
-0.604828
-0.433689
0.159301
0.471832
-1.095089
-0.196842
-0.755948
-0.950691
-1.337829
0.528771
0.084813
-0.730255
-0.473084
-0.708012
-0.859803
-0.504205
0.249418
0.018965
0.367382
0.019331
0.687559
-1.220079
-1.060099
-1.227021
-1.837632
0.355711
0.786327
-0.843326
0.471873
1.092861
-0.939698
0.236684
0.449736
-1.594202
1.174138
-0.456807
-0.622831
0.603923
2.051661
0.492811
-0.179198
1.503436
-1.373262
-1.212403
0.570080
1.270163
0.455376
2.055720
-2.334542
-1.407333
0.428560
-0.193641
0.379971
1.326453
-0.867694
0.631309
1.407074
0.627407
-0.166690
-0.500421
1.155105
1.868994
-0.415919
0.874413
1.630138
-0.421523
0.204946
1.900199
1.167341
0.193064
0.172284
0.291639
0.965610
-1.877537
0.326682
0.541210
-0.441480
0.051046
1.226684
-0.671853
-1.836230
0.703899
-0.184725
-2.518297
-0.868022
-0.852727
2.074629
-0.700828
-1.562059
-0.843663
0.502433
0.047026
-1.120349
0.680374
0.242586
1.016983
-0.384730
-1.261165
0.389748
-1.655847
0.139778
0.825474
0.233031
0.021482
-0.914636
-0.191172
1.838105
-0.730601
0.635063
-1.159450
0.259207
-0.476577
0.138062
0.889576
-0.418183
-0.040690
0.457281
0.629002
-0.257833
-0.580619
0.964688
-1.812057
0.797070
-1.079807
-0.670858
2.157875
0.592329
0.121719
0.349742
1.303719
0.718511
-1.105040
-1.210548
-0.353175
2.068627
-1.852300
0.865597
0.517980
-0.586297
-0.574501
0.606663
-1.284230
-0.386217
-0.741709
-0.287254
0.791801
-1.027459
0.781873
-0.818491
0.535437
0.281084
-0.647376
-1.887762
-0.090733
-0.767855
1.416254
1.721148
-1.045665
-0.676615
-0.553735
-1.532801
0.316373
-0.290851
-1.044250
0.334133
-1.027055
-0.785593
0.901829
-1.204122
-0.412159
1.441360
-0.342667
0.072782
-0.905498
0.203917
0.076416
-1.528393
-0.858880
-1.190996
-0.295608
-1.264296
0.351687
0.087232
1.619309
0.162880
-0.213146
-1.699979
0.274687
-1.194303
-0.656769
1.225967
-2.106881
-0.446322
-0.119518
0.206788
0.200376
0.376941
-0.148432
1.138626
-0.399065
-0.059700
-0.055072
-0.517426
-0.383297
-0.553385
-0.672601
-0.005982
-0.687088
2.060454
1.284507
-0.670020
-0.713677
-0.164973
0.554592
-0.498972
-1.935303
0.670131
0.087293
-1.424223
-1.050564
-0.747514
-0.595280
0.648698
-0.587850
-0.987896
0.200974
0.651234
-0.241126
-0.734420
-0.069549
0.182603
-0.835296
0.658962
0.188660
0.829165
-1.439929
-1.297009
0.095229
-0.849869
2.107954
-0.333957
0.274102
-0.071749
0.762394
0.714091
-0.199080
1.017211
-1.864728
1.120018
-0.924848
-1.556731
-0.902878
-1.408690
1.168003
-1.238360
1.045140
-0.828410
-0.058492
-0.387464
-0.460032
1.050089
-0.562767
0.174866
-0.355797
1.665298
0.882120
0.209120
0.568528
-0.236793
0.167916
0.868324
0.106697
0.285500
-0.079203
2.295346
0.367321
0.612869
0.395398
-1.474390
-0.397536
-0.897994
0.201071
-1.816592
-1.840025
-0.290580
-1.090824
-1.053270
-0.983667
-0.211355
-1.762167
0.339888
-1.136936
0.952144
-0.481151
-0.718839
0.777941
-0.859455
0.438789
-0.420802
-0.535951
-0.191056
0.261697
-0.879476
-1.117763
