-0.615991
0.930979
-0.464918
0.540774
-1.011128
0.610443
-0.671655
0.398137
-0.224633
0.646891
0.454572
-0.500253
-0.107697
0.796919
1.000642
0.117630
-0.002482
-0.188451
0.418276
0.148957
0.151069
-0.172762
-0.032079
-0.457890
-0.224924
0.540225
0.264905
-0.157061
-0.428436
0.812981
-0.156325
0.107461
-0.160793
-0.107009
-0.024850
1.079791
-0.800013
0.370424
-1.152360
-0.300516
0.604079
-0.137766
-0.598468
0.065005
0.254199
0.015668
0.124024
-0.272669
0.059712
0.468114
-0.068439
0.065246
0.233370
-0.601414
0.056899
-0.197703
-0.132763
0.477700
-0.128170
-0.766881
-0.381919
-0.522855
0.348758
0.092487
0.589047
-0.139338
-0.072164
0.018037
0.464245
-0.381771
-0.046820
-0.023172
-0.211926
0.417364
-0.329946
0.183704
-0.163028
-0.359583
-0.247723
0.583865
0.271837
-0.010848
-0.625502
0.323973
0.179953
-0.833996
0.022418
0.604331
-0.311161
-0.003675
-0.074097
0.759581
0.865175
-0.339682
-0.146585
0.015995
0.231429
0.332560
0.253493
-0.391697
-0.148032
-0.413363
0.533524
0.475830
0.091120
-0.163807
-0.230537
0.566818
-0.576605
0.883772
0.212094
-0.395115
0.259560
0.820345
-0.442494
0.781824
-0.117881
0.184669
-0.628608
-0.604015
-0.309847
-0.487190
0.126658
0.509705
0.517141
-0.018209
-0.365035
-0.141593
-0.680178
-0.220590
0.212833
0.704477
-0.000745
-0.259541
0.214762
0.080977
0.171709
0.531426
0.257146
0.216117
0.458147
-0.853020
-0.164656
-0.278347
-0.207243
0.674612
0.430065
0.710634
-0.651366
-0.376822
0.279157
-0.111875
-0.375550
0.022211
-0.452093
-0.546134
0.428449
0.408414
-0.260844
-0.120209
-0.423119
0.205245
-0.380744
0.005667
0.008504
-0.276717
-0.123619
-0.244377
0.348644
-0.033602
-0.186099
-0.377599
-0.505861
0.231533
-0.153547
-1.132356
0.140046
0.300791
-0.153714
-0.421921
0.021910
-0.778183
0.103811
-0.336560
0.208200
-0.006046
-0.048287
0.816385
-0.006261
-0.011996
0.035675
-0.302770
0.350708
-0.329232
0.271853
-0.545232
0.440131
0.026508
-0.192038
-0.285770
0.327679
-0.465803
-0.501953
0.005008
0.163097
-0.055111
-0.235940
-0.692371
-0.177820
0.419850
0.418305
0.580586
0.360806
-0.333422
-0.030387
0.118514
0.264954
0.212339
0.189672
-0.418758
0.030374
-0.350217
0.402801
0.689914
-0.172845
-0.577930
-0.112439
0.510561
-0.572566
-0.145076
-0.227422
0.380021
-0.459602
0.139239
0.484856
-0.347261
-0.224059
-0.152176
0.695566
-0.272004
-0.725689
0.291907
0.433769
-0.027645
0.079518
0.311659
0.135385
-0.616313
-0.465646
0.452910
-0.186547
-0.352833
0.767671
0.183307
0.159654
0.895557
0.456407
-0.510308
0.115493
-0.280905
-0.061198
0.003365
-0.153471
0.192413
0.082310
0.086894
-0.727565
-0.439391
0.236157
-0.423535
0.418612
-0.999823
-0.149189
-0.308296
-0.433971
0.043558
-0.608098
0.761802
-0.344165
-0.170279
0.228186
0.582057
0.690916
-0.254520
-0.430222
0.432281
-1.063539
-0.166935
-0.553294
-0.171332
0.509946
-0.580671
0.166340
-0.244699
0.061000
-0.379603
0.089557
-0.252015
0.114847
0.233166
-0.505822
-0.610612
-0.367408
-0.248624
-0.068372
0.896900
-0.582532
0.329859
0.431464
-0.420536
0.012978
0.189977
-0.180098
-0.446198
0.282483
-0.251298
-0.402091
-0.463040
-0.760562
-0.627023
-0.093409
0.251124
0.137866
-0.643450
-0.018257
-0.361027
-0.188907
-0.206002
0.082699
-0.668297
0.386165
-0.218094
0.279182
-0.130938
0.685190
-0.468534
-0.122762
0.313583
-0.442071
-0.697633
0.652425
-0.589259
-0.283136
0.621354
-0.274915
0.082470
-0.254441
-0.009809
0.605266
-0.296440
-0.168112
-0.484700
0.082266
0.362837
-0.314172
-0.039637
0.046013
-0.087250
-0.089816
-0.179637
-0.824342
0.533952
-0.301482
0.593191
0.447161
0.769553
-0.090696
0.395542
-0.490241
0.182218
-0.225233
0.413059
0.627598
-0.084887
0.849597
-0.233146
0.031872
0.317045
-0.198112
0.463756
0.230634
0.055757
0.501600
0.794317
0.201251
-0.351364
0.680898
-0.373515
0.619990
0.389024
0.279875
-1.195170
0.390509
0.415819
0.020759
0.519594
1.515424
0.335306
-0.022474
0.183103
0.246523
0.190187
-0.148445
-0.541758
1.302636
0.095305
-0.331338
-0.448202
0.339932
-0.133796
0.206794
-0.492529
-0.421705
-0.518117
-0.138491
-0.004126
-0.150708
-0.760215
-0.196800
-0.089821
0.181502
0.510845
0.244495
0.066949
-0.100154
-0.010421
-0.773842
-0.617164
-0.234720
0.115041
-0.020934
-0.517498
0.603257
0.033438
-0.142113
-0.247715
-0.519096
-0.631879
0.821751
-0.332111
-0.522336
-0.242591
-0.109506
-0.258825
0.345283
0.625236
-0.436870
0.261871
0.019596
-0.317745
-0.240841
-0.166125
-0.455153
-0.150422
-0.402086
-0.086519
0.067481
-0.056250
-0.067516
-1.010211
0.168281
0.081152
0.217845
0.562307
-0.020263
0.370169
-0.554572
0.715153
0.011372
0.647763
-0.571175
0.017628
-0.186404
0.192842
-0.255331
0.256730
-0.216054
-0.467495
-0.432572
-0.326985
0.006300
-0.522795
0.404518
0.315747
-0.235473
-0.051419
0.647472
0.373157
0.475436
0.668453
-0.224533
-0.030317
0.079142
0.416274
-0.005662
-0.486728
-0.070826
0.327847
-0.294893
-0.002060
-0.560225
0.372491
0.069770
0.113409
0.898706
1.026109
0.023922
0.704919
-0.462137
0.261914
-0.588802
0.002695
0.313505
-0.325308
-0.123855
-0.052678
0.590759
-0.342092
-0.925543
-0.198867
0.075559
-0.490709
0.106619
-0.618060
0.658992
-0.110543
-1.682787
-0.755497
0.745282
-0.224879
-0.429231
-0.208697
0.478780
0.717465
-0.494923
-0.941024
-0.183150
0.128039
0.044241
0.230941
0.423826
-0.475662
-0.939788
0.117731
-0.526792
0.002537
-0.899418
0.322922
-0.202895
0.022860
0.216051
-0.362616
-0.461529
-0.521068
-0.404000
-0.335954
-0.118050
0.050936
0.159438
0.377600
-0.077569
-0.151565
0.248667
-0.305420
0.134471
-0.127387
0.048548
0.312379
0.004743
-0.490956
0.372474
-0.274574
0.314409
0.024602
0.367430
-0.308732
0.057550
0.071230
-0.827678
0.372324
-0.738746
0.122894
-0.453348
-0.293874
-0.606983
0.228055
0.913337
0.704416
0.582360
-0.708888
0.386320
0.594511
-0.314544
0.327608
-1.068121
-0.233750
-1.026791
0.320564
0.365148
0.164912
0.023320
0.452549
-0.744117
-0.395089
0.810017
-1.052589
0.453479
0.965404
0.366500
0.074246
-0.808755
-0.219790
0.174880
0.005499
-0.395062
-1.347000
0.074442
0.088387
-0.286362
0.692768
-0.550380
-0.309291
0.553691
-0.328001
0.101026
-0.157928
-0.979727
0.112681
-0.137948
-0.529940
-0.276803
-0.142341
-0.174544
0.193988
-0.466554
0.128827
-0.161663
0.588729
-0.428167
0.403110
0.093666
-0.333603
-0.251106
-0.821827
0.405480
-0.094835
-0.345878
0.695165
-0.380946
0.720452
-0.535266
-0.161055
0.194407
-0.734950
-0.135969
-0.146490
0.093464
0.137156
-0.543085
0.398422
-0.592229
-0.005603
0.199325
0.468338
0.060213
-0.459111
1.083951
0.701441
0.674447
-0.060767
-0.215442
0.556042
0.275948
0.654066
0.276705
-0.376071
0.498862
0.680495
0.374687
0.453824
0.155196
0.023149
0.096956
0.340157
0.681705
-0.059393
0.313694
1.125713
0.061382
-0.051135
-0.359034
-0.539505
-0.065330
0.013425
-0.090559
0.200300
0.121527
-0.227084
-0.625976
-0.252263
-0.144441
0.130846
-0.003576
-0.256750
0.065803
-0.201804
0.534990
0.535600
-0.061121
-0.012149
-0.522383
0.333274
-0.156818
0.497374
-0.478853
-0.469991
0.007851
-0.374254
-0.607697
-0.551794
0.425955
0.656245
-0.036279
-0.508096
0.529590
-0.033982
-0.319395
-0.281844
-0.495142
0.094650
-0.386507
-0.403931
-0.613339
0.148900
-0.288364
-0.312279
-0.288860
0.410661
0.483522
-0.572090
-0.285924
-0.038043
-0.881702
0.274633
-0.324680
0.226063
0.904149
-0.460350
-0.192603
-0.323539
-0.299766
-0.172229
-0.582247
-0.279610
-0.044866
-0.432608
-0.084873
0.167519
-0.016052
-0.310021
0.283617
0.643866
0.189810
-0.040862
-0.595066
-1.089564
-0.117864
0.017244
-0.258058
-0.445342
0.249102
0.604532
-0.385246
0.348193
1.160082
0.491186
-0.237256
-0.148691
0.451128
-0.340345
-0.180821
-0.606787
0.316056
0.639178
0.166277
-0.242238
-0.192180
-0.151687
0.207781
0.428997
0.192542
0.329118
0.477673
-0.063922
-0.316170
-0.104980
0.411867
-0.156879
0.521937
-0.331298
-0.331581
0.154421
0.576041
0.410282
-0.303163
0.456377
-1.199412
-0.603832
0.127093
0.310593
-0.358112
-0.332887
-0.448142
0.103169
-0.754519
0.511765
0.552384
0.166552
0.274272
-1.387141
-0.642389
-1.056153
-0.007141
0.614763
0.397204
-0.073593
-0.201998
-0.153089
0.315190
0.447088
-0.685385
0.219682
0.187747
0.195218
0.462909
-0.101666
-0.230630
-0.826311
0.442718
-0.574480
-0.565162
-0.320864
0.470196
-0.112586
-0.014090
0.495634
-0.217919
-0.148931
0.634786
0.390415
0.348421
-0.187142
-0.323901
-0.353520
0.225167
0.062921
-0.010956
-0.239615
-0.051141
0.989565
-0.707728
0.115637
0.503746
0.218303
0.070932
-0.322420
-0.481113
0.217723
-0.166314
-0.192902
0.991682
-0.156579
-0.450182
0.196939
0.274419
0.213022
0.247217
0.223376
-0.172995
0.413023
0.170602
0.130632
0.128058
-0.010972
-0.064052
0.078057
-0.060078
-0.149047
-0.550482
-0.045308
0.444179
-0.542373
-0.323407
0.266442
0.689901
-0.082721
-0.678753
-0.381655
0.535518
0.852755
0.696329
0.597241
0.288293
-0.433114
1.019059
0.154319
-0.580146
-0.445377
0.457401
0.244035
0.463134
-0.186312
0.260521
0.403876
-0.061149
-0.060715
-0.052931
0.244591
0.650668
-0.410803
0.508384
-0.067434
0.018163
-0.158276
-0.574013
0.140184
-0.291119
-0.706920
0.010030
-0.747604
-0.468694
-0.531449
0.347099
1.105624
-0.132198
-0.073136
0.304140
0.030297
-0.102494
0.190399
0.266751
-0.451356
-0.196748
0.021641
0.276600
-0.085275
-0.048564
-0.534507
-0.048177
-0.138600
-0.261609
0.181903
0.182509
-0.539827
0.714526
-0.286041
-0.755347
-0.431643
0.724963
0.378930
0.055949
-0.001204
-0.594434
0.593090
0.679882
-0.318589
-0.091685
-0.107443
-0.121686
0.101808
-0.220342
0.378368
-0.412976
0.287558
-0.146571
-0.079663
0.411738
0.329066
0.095795
-0.337751
0.300539
0.359689
-0.546446
0.348699
0.317153
-0.578154
-0.695082
0.015061
-0.400786
-0.119469
0.112874
0.262541
0.756807
-0.153145
-0.016232
-0.366547
-0.257645
-1.015381
-0.304963
-0.128126
0.551334
-0.284358
-0.087161
0.593854
0.054292
-0.282655
0.623879
0.117259
-0.090159
0.456729
0.183304
-0.354335
-0.279843
0.716925
0.370815
0.025101
-0.266531
0.135567
-1.180891
0.050900
-0.938811
-0.123168
-0.652944
0.158493
0.284318
0.002501
0.416232
0.245715
-0.294410
-0.032406
-0.403634
0.042559
-0.296357
0.421449
-0.029307
0.480514
-0.152819
-0.475767
0.397807
0.278164
-0.198478
0.033952
-0.101706
-0.431086
-0.321752
-0.153068
-0.022172
0.025767
1.016033
0.286792
-0.260462
0.918603
-0.402835
0.135723
0.015455
-0.045856
0.324029
-0.176080
-0.226803
-0.515825
0.265451
-0.566714
-0.537796
-0.168173
0.036071
-0.750454
0.065028
0.268048
-0.124199
-0.539805
0.211335
0.135978
-0.405307
-0.005144
-0.078737
0.065926
-0.183233
-0.362467
-0.267975
0.630872
-0.061151
0.561068
-0.576235
0.527071
0.313956
0.146560
0.515203
0.384032
-0.075059
-0.296327
-0.475186
0.393196
-0.234385
0.035509
0.690870
-0.662401
-0.707166
-0.262672
0.142488
0.273306
0.621710
-0.407961
-0.097069
0.195321
0.507537
0.285697
-0.223340
0.023384
-0.459530
0.508914
0.438534
-0.044882
0.363672
-0.382769
-0.129680
-0.589097
0.651846
-0.003072
0.561828
-0.456200
-0.472831
-0.250767
0.252424
-0.103940
-0.556821
0.759831
0.155097
0.077181
-0.363832
-1.509923
0.746883
-0.079948
0.373327
0.361978
0.108241
0.359563
0.119308
0.625495
0.170074
-0.205395
-0.745311
-0.014655
-0.546935
0.203119
-0.485848
0.185584
0.951758
0.084175
0.117433
0.185959
-0.054632
0.310728
0.320068
-0.482081
-0.817439
0.261249
0.162740
-0.309564
-0.203700
0.121508
-0.439586
-0.330532
-0.057299
0.289909
0.603911
-0.630214
0.545570
-0.472635
0.295499
-0.500662
-0.317050
0.155826
-0.726210
0.042325
0.849613
-0.300675
0.076864
-0.147999
-0.418275
0.012563
0.321486
-0.526734
-0.083818
-0.703558
-0.275564
0.483301
-0.349840
-0.432151
0.082918
0.127757
0.505248
-0.245240
0.640745
-0.221778
-0.146642
-0.056905
0.602620
-0.334816
0.115029
-0.194291
-1.134163
-0.682785
-0.000730
-0.688292
0.606654
-0.656307
-0.200264
-0.214666
-0.738737
-0.079226
0.068595
0.576233
0.126838
-0.265227
-0.067992
-0.245249
0.113648
0.177289
0.193850
0.793909
0.075455
-0.412013
0.155228
-0.088427
0.217701
0.528898
0.162982
0.120984
-0.083370
-0.858478
0.000008
0.325791
-0.382962
0.384324
-0.247039
0.028795
-0.463287
-0.077557
0.160383
0.598559
-0.428258
-0.091578
-0.125662
-0.279189
-0.054801
-0.107013
-0.516529
-0.030363
-0.068178
1.062288
-0.094901
0.820834
-0.848051
0.674691
0.321765
-0.206568
-0.188221
0.209033
0.066426
0.539279
-0.083479
-0.077287
0.026351
0.160598
-0.138663
0.652269
-0.006511
0.015284
0.674657
0.730518
0.237590
0.100719
0.654872
-0.481631
-0.106729
0.531630
0.302098
-0.396628
0.455855
-0.126800
0.711176
-0.385689
0.139460
-0.254215
-0.921745
-0.103073
0.148680
0.168685
-0.599160
0.411037
0.360638
0.379454
-0.032268
-0.357833
-0.544240
-0.004355
-0.006211
-0.696405
0.351211
0.017188
-0.642016
-0.355362
0.351838
-0.093426
0.189830
-0.149117
-0.007539
-0.249891
0.582746
0.342426
-0.331886
0.074318
0.296681
-0.120423
-0.584290
0.842924
0.835157
0.406661
-0.366438
-0.226455
-0.414708
-0.567493
1.996439
0.356336
0.352623
0.569759
-0.316462
0.004149
0.639853
0.172194
0.833914
-0.499077
-0.038664
0.354479
-1.257589
-1.031836
0.082545
0.136052
0.724113
-0.527552
0.773624
-0.413104
-0.590541
-0.186492
-0.671170
-0.118237
-0.476958
-0.436902
-1.027424
-0.370553
-0.023139
-1.242197
-0.723305
0.225785
-0.604680
0.219382
-1.342707
-0.796425
-0.776403
-0.160121
0.218457
-0.030109
-0.812296
0.703939
-0.447993
0.547509
0.557443
0.137032
0.524312
0.217539
0.701983
1.585944
0.640110
0.431366
1.165438
0.343592
1.044906
1.550113
0.597753
1.331409
-0.082172
0.467739
1.257120
0.693013
0.818244
0.635558
1.617559
0.153151
0.698783
1.136013
-0.848135
0.104307
0.026227
0.200133
0.511426
0.193543
0.189206
-0.789292
-0.508252
-0.576926
0.099888
-1.083286
-0.976536
0.159775
-1.708462
-0.731555
-0.904538
-0.566360
0.034785
-0.642330
0.618161
-0.663682
-0.229047
0.834407
-0.021439
0.036364
-0.753197
0.128965
0.231756
0.188922
0.817542
0.601609
0.797591
0.035079
-0.459074
-0.010607
-0.315593
-0.733233
-0.109929
-0.173318
-0.153251
-0.630384
0.294473
0.177366
-0.508390
-0.555972
-0.467232
0.016476
-0.238062
-0.056418
-0.601981
-0.251419
-0.283620
-0.458980
0.129034
0.195217
0.049197
0.282345
-0.371609
0.019485
-0.409905
1.259345
0.532112
0.498487
0.686157
0.586046
-0.173653
0.785880
-0.680451
0.215228
0.219997
0.989534
0.501125
0.455201
-0.279459
0.170158
0.096450
-0.355164
1.159147
0.214290
-0.073929
-0.034584
-0.230941
0.354331
-0.750482
0.000620
-0.354474
0.359587
0.929750
0.493335
-0.091900
0.086300
-0.226780
-0.295149
-0.259592
1.121189
-0.041864
0.559868
0.410858
0.474576
-0.126870
0.395878
-0.387974
-0.345614
-0.607443
-0.497991
-0.299189
-0.097598
0.508295
-0.422901
-0.055249
-0.121403
1.012603
0.296702
0.367671
-0.203767
-0.485102
-0.358043
-0.416262
-0.103669
-0.065291
-0.300081
-0.404902
0.626226
-0.283010
-0.001388
-0.122337
0.169481
-0.480725
0.042351
0.066032
0.744592
0.209164
0.287520
0.526250
0.289250
1.081795
0.290791
0.060584
0.663210
-0.400672
-0.360589
0.397370
0.019862
0.471473
-0.389151
0.625900
-0.442646
-0.476187
-0.059039
-0.326573
-0.412917
0.076893
-0.759072
-0.461347
0.462216
-0.125227
0.062214
0.218278
0.034909
0.200225
0.031042
-0.212522
1.186154
-0.295582
0.284766
0.259710
1.469926
-0.518762
-0.133133
0.049622
-0.287779
0.608442
0.281241
0.579502
-0.607842
0.414094
-0.209239
0.437628
0.192044
0.548323
-0.410367
-0.345742
-0.578909
0.431022
0.632953
0.561826
-0.745737
1.006690
-0.146013
-0.082889
0.906797
-0.064664
0.284516
1.085168
0.148592
-0.479806
0.707036
0.623773
0.325874
0.140070
0.241776
0.361327
0.470452
-0.021946
0.339869
0.180583
0.613564
-0.112699
-0.486052
-0.194973
-1.118727
-0.664231
-0.309084
0.081427
0.640839
1.015407
0.381348
-0.265908
-0.556242
-0.094799
0.230947
0.151437
0.679514
-0.913520
-0.175475
-0.692334
-0.488257
0.007020
0.108771
-0.612393
0.570948
-0.362856
0.142522
-0.302916
-0.101007
-0.461555
0.380000
-0.095438
-0.023297
-0.150071
-0.019197
-0.238289
0.123693
-0.007783
-0.588917
-0.266664
-0.849420
0.107867
-0.178436
0.222649
0.989301
0.002918
-0.402775
-0.042445
-0.150551
0.291661
-0.582738
-0.370027
-0.254550
0.362345
-0.537636
0.470873
0.055894
0.432151
0.269109
0.206183
-0.083146
-0.279749
-0.278643
-0.255293
0.705753
-0.015647
0.598004
-0.340402
0.102316
0.449685
-0.280868
-0.923058
-0.275206
0.347212
-0.250753
0.171739
0.768618
-0.025425
0.108716
-0.034242
-0.312701
0.802598
0.041023
-1.009493
-0.307168
-0.236143
-0.751449
-0.188580
1.049761
0.737825
-0.126029
-0.240214
-0.177641
0.659953
-0.091045
-0.634229
0.149614
-0.820038
-0.331973
0.339843
0.160477
0.111480
-0.206471
-0.255489
0.789535
0.621612
0.219833
0.825454
-0.012127
-0.154623
-0.242867
-0.517304
-0.346428
-0.111006
-0.602572
-0.672469
0.645073
0.399086
-0.003168
-0.335219
0.262392
-0.249050
0.387323
-0.188209
0.653232
0.490113
0.044186
0.427742
-0.331458
-0.484196
0.406398
0.161675
0.056720
0.015597
-0.310533
-0.057565
0.240826
0.036279
0.273096
-0.371854
0.071801
-0.387405
-0.164684
0.989509
-0.881566
-0.228870
0.067221
0.204326
-0.394273
0.078571
-0.131126
-0.239187
-0.308201
-0.299147
0.098127
-0.444032
0.355781
-0.325161
0.045127
-0.080203
0.231258
0.817521
-0.192581
0.281874
-0.314586
-0.286719
0.008508
0.516270
0.120336
-0.217606
-0.304526
0.643939
0.332322
0.423310
0.655072
0.127658
0.193447
-0.059025
0.296358
-0.041255
0.122706
-0.357413
0.581634
-0.477393
-0.742058
0.335019
0.052086
-0.538072
-0.035276
-0.623973
0.182336
-0.621972
0.149521
-0.642823
-0.194150
-0.753898
-0.375871
-0.666002
0.643249
0.006311
0.305445
0.741034
-0.434813
0.102683
-0.074156
-0.296020
0.936726
0.164272
0.271577
-0.732969
-0.552921
0.580293
-0.339548
0.186369
0.108483
0.261322
-0.425561
-0.186939
0.211815
-0.200289
-0.026470
-0.453239
0.502032
1.140706
0.650231
-0.378420
-0.449236
0.089635
0.361095
-0.271106
-0.022913
-0.289834
0.084166
-0.483654
0.652392
-0.463647
0.733631
0.038189
-0.101012
0.263304
-0.330157
0.093859
-0.097603
-0.576717
0.396026
-0.413880
0.473136
-0.415945
0.150934
-0.334176
0.275572
-0.598909
-0.030431
-0.604780
0.401908
-0.368044
0.033651
0.389560
-0.567454
-0.508193
0.122427
0.147541
-0.734464
-0.352759
-0.124260
0.265826
0.056984
0.835555
0.315844
0.397379
0.099539
0.328836
0.012561
0.725560
-0.337638
0.076948
0.185533
0.598162
0.321356
0.194451
0.067319
0.463983
-0.034067
0.631784
0.423992
0.144909
-0.026953
-0.472537
0.119500
0.477349
-0.129359
-0.119121
-0.488566
0.337318
0.314607
-1.107236
-0.161106
0.127551
0.006223
0.135325
-0.219348
0.502516
0.343179
-0.484613
-0.222881
-0.063704
-0.512787
-0.598597
0.266007
0.983570
-0.577727
0.293017
-0.474306
0.441122
0.199663
-0.350981
0.638436
0.121085
0.807888
0.090952
0.302362
0.157205
0.325545
0.241788
0.607883
0.629312
-0.071044
0.736043
0.193506
0.672269
-0.318561
-0.243409
-0.627520
0.199000
-0.294502
-0.353444
0.016579
-0.087548
-0.497012
0.707519
0.327863
0.507579
-0.626152
-0.238749
-0.279566
0.578366
-0.269181
0.069944
-0.219030
0.115306
0.510883
0.859796
-1.265002
1.096658
0.749307
-0.167598
0.628198
0.059164
0.608803
0.187993
-0.994411
0.293800
-0.273376
-0.539735
-0.013357
-0.356032
-0.675594
-0.008563
-0.340918
-0.249132
-0.517913
0.925693
-0.137107
-0.053071
-0.850425
-0.233140
0.089103
0.707188
-0.393486
-0.434354
0.190889
0.112657
0.014516
0.001844
0.346582
0.076602
0.057780
0.107196
0.138618
-0.177518
-0.184715
-0.088556
-0.062843
0.434999
0.030532
-0.743444
0.141319
0.252570
-0.072766
-0.044301
0.502882
0.254137
0.651385
-0.115447
0.542575
-0.196159
-0.308915
-0.928648
-0.142599
-0.091348
-0.602403
0.054365
-0.399199
0.221875
-0.549203
0.512117
-0.153679
-0.382135
0.379652
0.402620
1.067477
1.016286
-0.325767
-0.006512
-0.480670
-0.506068
0.625587
0.542966
0.070652
0.604961
0.685345
-0.670445
0.651172
0.628004
0.626210
-0.039850
-0.339554
0.526137
0.031858
0.893290
-1.124690
0.312962
0.003933
0.179324
0.421844
-0.335241
0.578235
-0.237569
0.100698
0.093332
-0.012017
-0.216061
-0.193982
1.313836
0.654684
0.240639
-1.145571
0.562230
0.064506
-0.616476
0.185529
-0.623123
-0.396522
0.319660
-0.534791
0.353265
0.230743
-0.414025
0.830780
-0.301139
0.007349
0.249785
-0.224170
-0.403052
0.235270
0.201704
0.297686
-0.121837
-0.466769
0.146528
0.719034
0.003158
0.223832
-0.616926
-0.549250
0.866325
-0.482997
0.115478
-0.301184
-0.900532
0.276895
0.357324
-0.454928
-0.418074
-1.079943
0.293064
0.352194
-0.250896
-0.225922
0.133527
0.084502
0.521105
0.686431
0.048413
0.466927
0.536679
0.117452
0.574883
0.157930
0.260937
-0.090131
0.195409
-0.391998
-0.386549
0.061643
-0.071964
-0.339522
0.076297
-1.121082
-0.551600
0.374423
-0.400009
-0.613321
-0.055212
1.171006
0.041814
0.333667
0.199682
-0.328570
0.104199
-0.732596
0.775785
-0.333147
0.114956
-0.370847
0.429187
0.246129
0.507227
-0.198483
0.433926
0.264294
-0.529839
-0.438187
-0.417094
-0.213191
0.036376
0.485052
0.041303
-0.402814
0.491500
0.268920
-0.198387
0.125054
-0.214771
0.198577
-0.628494
0.562609
0.035440
-0.014191
-0.530550
-0.799444
0.613231
0.502555
-0.315421
-0.726023
-0.145925
-0.594444
0.017540
0.318186
-0.106627
0.285002
0.031621
-0.587845
-0.420575
-0.455641
-0.277663
0.361216
0.400648
0.235794
-0.228356
-0.486293
-0.020039
-0.369716
-0.201752
0.339073
-0.831740
-1.179119
-0.113618
-0.045513
-0.276498
-1.272192
0.560080
-0.262332
-0.623236
0.995618
0.665333
-0.572679
0.923165
-0.045934
-0.518014
0.158704
-0.015380
-0.255780
-0.171313
0.282248
0.734448
0.402600
0.539255
0.049137
-0.005716
-0.041116
0.230194
0.133844
-0.567595
-0.357726
0.794885
0.789063
0.528929
0.574029
0.429321
-0.366036
0.121494
-0.003131
-0.476536
-0.997186
0.393564
0.005193
0.433875
-0.112371
-0.109756
-0.265513
0.070368
0.190680
-0.383888
-0.254257
-0.641834
0.414849
0.428362
0.038858
0.143216
-0.088817
0.296330
-0.023934
0.171320
-0.455961
0.506168
-0.135876
-0.035590
-0.541040
-0.101012
0.568489
-0.137519
0.347789
0.891102
-0.367352
-0.157076
0.564360
0.183773
-0.135130
-0.581162
0.104947
-0.722811
-0.023045
-0.122436
0.268408
0.194270
-0.002159
-0.198000
-0.430761
0.082152
0.316840
0.194659
-0.526260
0.009745
0.400474
-0.010623
-0.739940
-0.343191
0.131689
0.755847
-0.065788
0.137265
-0.891483
0.077310
-0.590851
-0.209604
-0.510180
-0.215226
0.063932
0.607346
0.687427
-0.473186
-0.816887
0.255707
0.618248
0.016283
-0.279207
-0.394387
0.954778
-0.297840
0.512550
0.102117
-0.644654
-0.714323
0.169726
-0.035296
0.350352
0.266724
-0.917022
-0.427602
0.591869
0.232207
-0.932919
0.432689
0.072696
-0.352792
-0.672370
-0.891210
-0.308073
0.383178
-0.281646
0.270003
-0.328088
0.507116
0.169904
-0.318770
-0.178111
0.136270
0.007798
-0.214189
-0.122500
0.009944
-0.011166
0.078315
0.697308
0.374665
0.272567
0.391676
0.611982
-0.908637
0.303218
-0.327033
-0.196160
0.227258
-0.336205
-0.541935
0.027749
-0.357968
-0.470089
0.720041
0.262718
-0.431995
-0.245561
0.171750
-0.495318
0.033013
-0.788450
-0.185298
0.509307
-0.633798
-0.564021
0.665127
0.251057
0.712984
0.699283
-0.043882
0.418048
1.603613
0.281813
-0.220212
-0.399860
0.179221
0.277959
-0.248401
-0.261035
-0.521300
-0.299006
0.345752
-0.528055
0.189109
-0.038872
-0.478574
0.124704
0.025274
0.261095
0.010643
-0.499505
0.405642
-0.618978
-0.070364
-0.982079
0.124193
0.396810
-0.315289
0.418413
-0.766320
0.675339
-0.219215
-0.105730
0.301882
-0.106114
0.013481
-0.277896
0.458845
-0.100977
-0.330942
-0.549394
-0.426080
-0.378826
-0.298027
0.174693
-0.318306
0.050727
-0.093298
-0.769128
0.774274
0.138299
-0.485911
-0.239337
0.198811
0.042591
0.290738
0.296554
-0.105374
-0.223088
-0.355694
0.542307
0.756620
-0.427186
-0.827867
0.393683
0.130133
0.330492
-0.566876
0.064103
-0.023090
0.006537
0.462276
0.319299
-0.323605
-0.120371
-0.271531
-0.720520
0.170779
-0.099681
-0.385128
0.112707
0.198618
0.140493
-0.493972
0.256736
-0.688203
0.112583
0.174464
0.424878
0.265014
-0.231733
-0.120093
-0.132482
-0.640300
-0.029316
0.174564
0.277327
0.696421
-0.416726
-0.218037
0.918518
-1.029899
-0.037867
0.356191
-0.151722
0.669638
0.120399
-0.188373
0.268266
0.146326
-0.378247
-0.081407
-0.039561
-0.107773
-0.154932
-0.394266
-0.218602
0.013276
0.528761
0.754480
-0.305569
-0.058609
-0.542432
0.047495
-0.012418
0.037871
0.197363
0.421541
0.155626
-0.470604
0.217007
0.358416
-0.239938
0.978305
0.009371
-0.136536
-0.164418
0.489994
0.037518
0.009009
-0.831537
-0.047007
-0.655440
0.376296
-0.070715
0.354768
-0.083140
-0.553527
0.552740
0.442769
0.898813
0.222081
0.386444
-0.044688
0.356348
0.491396
0.465328
0.863411
-0.549336
-0.275082
0.110132
0.637643
-0.046948
-0.468782
0.834952
0.229404
0.032231
-0.249479
-0.429346
0.091619
0.335705
0.612439
-1.020876
-0.273094
-0.553081
-0.015027
0.191189
-0.150063
-0.022982
-0.463018
-0.399401
-0.833121
0.089921
-0.344478
-0.060566
-0.261299
-0.091263
-0.176225
-0.521800
0.213669
-0.154136
0.371532
0.100753
0.611855
0.266866
-0.896254
0.180433
-0.692019
0.769071
0.437070
-0.134674
0.708262
0.203381
-0.028942
0.193461
0.427496
0.321015
0.281720
0.301244
0.189106
-0.268369
-0.142404
-0.242223
-0.101080
0.520773
-0.422727
-0.343493
0.582541
-0.016447
0.226832
0.463156
0.382111
0.741951
0.510653
0.514857
-1.124817
0.162082
-0.246356
0.074463
0.543636
0.736345
-0.581003
0.750297
0.296355
0.384075
0.315433
-0.475604
0.798690
-0.353203
0.477149
-0.364192
0.428749
-0.337549
-0.399641
0.259294
0.587762
0.534076
-0.379140
0.191399
0.504245
-0.441801
0.081392
-0.798275
1.413552
-0.576927
0.071802
0.179299
0.303723
0.049129
0.096576
-0.126943
0.671535
0.164503
0.472393
-0.336223
0.654371
-0.219835
-0.204396
-0.240244
-0.121773
-0.172453
-0.738264
0.448471
0.046723
-0.295718
0.812370
0.322875
-0.031958
0.072013
-0.256585
-0.088215
0.044101
0.320303
-0.546522
-0.238162
0.436224
0.109388
0.444370
1.518322
0.777199
-0.106536
0.482075
-0.579610
-0.545352
-0.041369
-0.882668
0.165480
0.275883
0.521186
0.042941
-0.691081
-0.361374
0.562566
-0.086573
-0.595551
-0.806195
0.157456
0.307976
-0.225482
-0.221862
0.098164
0.056682
-0.676012
-0.206440
-0.049516
-0.127848
-0.203614
0.340127
-0.239763
0.462374
-0.655078
0.366890
0.358445
-0.395714
0.493401
-0.122738
0.118396
0.175177
-0.796768
0.467120
0.453044
-0.570545
0.339350
0.281257
-0.383050
-0.265523
0.389756
-0.372751
0.129283
0.121016
0.002631
-1.146155
-0.268516
-0.352007
0.319258
0.029173
-0.032510
-0.496601
0.013996
0.308120
0.616471
0.918969
0.249103
0.477523
0.477299
0.474456
0.128153
0.026490
0.335438
0.096972
0.075938
0.311307
0.126738
0.200754
0.668283
0.198466
-0.152309
0.342556
-0.148065
0.029174
-0.124066
0.321492
-0.620033
-0.071128
0.256248
-0.116577
-0.175259
-0.372809
-0.054334
0.578048
-0.011846
0.152777
0.159317
0.207638
0.289606
-0.290673
1.104816
-1.152866
-0.720792
0.675101
-0.146551
-0.217041
0.901217
0.159456
0.193072
0.162184
0.406445
0.082578
-0.614875
0.783271
-0.437188
-0.007059
0.458940
0.200491
-0.021821
0.562209
-0.004515
0.775239
-0.354264
0.121330
0.242489
0.032019
1.090562
0.409367
0.336526
-0.097520
-0.764327
0.057070
-0.173740
0.189266
-0.273648
0.555136
0.053285
-0.938865
-0.104165
0.014042
0.341733
-0.284224
-0.044877
0.990013
0.289855
0.237262
0.682445
-0.158455
-0.208460
-0.352915
-0.568958
0.309546
0.557959
0.291224
-0.174779
-0.323683
-0.107222
-0.261016
0.697944
-0.111689
-0.446386
-0.023961
-0.809732
0.204127
-0.304465
0.281118
0.632322
-0.260376
-0.497702
-0.295693
0.397439
0.094037
0.465474
-0.623969
-0.457510
0.167594
-0.280517
0.101519
0.137364
-0.128910
0.222273
0.327881
0.455791
-0.110208
0.294165
0.065618
-0.200711
-0.227672
-0.130958
0.456182
-0.096554
-0.248864
-0.178448
-0.161343
1.029145
-0.595073
0.913372
0.042346
0.679012
0.393795
0.439200
0.229831
-0.065681
-0.313534
-0.206755
-0.219847
-0.567879
-0.447495
0.187722
-0.236806
-0.497233
0.105987
-0.229366
-0.386601
0.021885
0.118326
0.140093
-0.150652
0.034884
-0.491382
0.444051
-0.298164
-1.031766
-0.873744
-0.290934
0.526814
-1.187658
0.077762
-0.363113
0.008521
-0.680449
-0.035401
-0.243807
-0.421764
0.086301
0.455928
-0.618896
-0.036652
-0.023605
0.304286
0.298796
-0.244386
-0.345167
-0.064738
0.050682
0.519945
0.552100
-0.380431
0.462393
-0.326495
-0.373841
0.093136
-0.473731
0.697403
0.518242
0.041749
-0.030873
-0.306173
0.190971
-0.547712
-0.126865
0.219732
-0.583210
-0.440295
0.160711
-0.475575
-0.179383
-0.131182
-0.170803
-0.279228
-0.875880
0.071284
0.249695
-0.071775
0.083578
-0.110584
0.157924
0.671334
-0.240708
0.310042
-0.174454
0.346395
-0.700241
-0.239739
-0.684446
0.555929
0.732015
-0.197411
-0.167323
0.236050
0.272663
-0.870549
0.237244
-0.130563
-0.036073
-0.550257
0.573243
0.256492
-0.263053
-0.973881
0.981446
0.079217
0.051753
-0.514944
-0.143773
-0.046595
0.242663
0.020533
0.234707
-0.026461
0.579245
-0.287033
-0.522948
0.619663
-0.615147
-0.014197
-0.509204
0.252948
1.033936
-0.172377
-0.164817
-0.142657
-0.221074
0.716877
-0.479461
-0.151950
-0.213861
0.321763
0.226367
-0.885727
1.291761
0.283660
0.320313
-0.555511
-0.426660
0.016378
0.140272
-0.316080
0.205850
-0.505786
-0.361925
0.267482
0.394759
-0.172746
-0.726421
0.525700
-0.000551
0.548772
0.464465
-0.258995
-0.617693
0.134088
-0.286661
-0.137426
-0.189294
0.799379
-0.676590
-0.415326
0.071880
0.234673
-0.209928
0.539350
0.253037
0.183924
-0.458810
0.122319
0.130989
-0.138175
-0.777032
-0.252273
-0.090648
0.155157
-0.066933
-0.135145
-0.978569
-0.090715
0.226220
0.529415
-0.019756
-0.479714
-0.615039
-0.425616
-0.419159
0.475429
0.865971
0.349567
-0.355529
-0.668016
-0.139981
-0.060781
0.177644
-0.489611
-0.037728
0.185972
-0.274671
-0.743092
0.068939
-0.260467
-0.136165
-0.461255
0.063019
-0.086318
-1.129390
0.993299
0.254598
-0.344429
0.680591
-0.081986
0.471432
-0.298583
-0.473150
0.276339
0.018744
-0.020637
0.282122
-0.497270
0.004572
-0.086704
-0.358339
-0.280739
0.134479
0.658755
0.211417
-0.643852
0.183505
0.088389
0.176603
-0.347104
0.390563
-0.111639
-0.540218
0.174148
0.684167
0.126979
0.273536
-0.423862
-0.387279
-0.499855
0.989555
-0.342583
0.052250
-0.362457
0.927309
0.159844
-0.120887
-0.276430
-0.251967
0.387770
-0.024003
0.329250
0.002004
0.121745
-0.580118
-0.641805
-0.314149
0.095197
0.391623
0.107812
0.732881
-0.169815
-0.042541
-0.074949
0.518761
0.558051
-0.689778
0.347707
0.960175
0.428866
-0.226662
-0.234040
0.366327
-0.143875
-0.009378
0.077763
-0.682809
-0.135598
-0.854717
-0.537495
-0.219939
-0.397250
-0.067627
-0.721829
0.057647
-0.482718
-0.460936
-0.358542
0.519453
-0.079798
0.462053
-0.053568
0.744832
0.084449
0.094100
0.049870
0.260482
-0.049137
-0.234434
0.701917
-0.849881
-0.060412
-0.086871
-0.212043
-0.056791
-0.943130
0.377731
0.091873
-0.496612
-0.040009
-0.267155
0.135903
0.264073
-0.587773
-0.077393
0.082478
0.357600
-0.399574
-0.466380
-0.750956
0.127048
0.381837
-0.863525
-0.197357
0.547518
-0.496012
-0.055569
0.310869
-0.359964
0.091173
0.251463
-0.336227
0.130679
-0.262594
0.040500
-0.490320
-0.895582
-0.836232
-0.387643
0.122012
-0.136455
0.375412
0.446012
-0.087509
-0.257796
0.412895
-0.638496
-0.480826
-0.128495
-1.142918
0.789036
-0.216789
-0.285331
0.054536
-0.158743
-0.204842
-0.652611
-0.466722
0.220367
-0.320028
0.248572
0.564484
0.199943
0.114864
-0.528139
-0.087593
-0.393401
0.210055
1.193537
-0.316459
0.489606
-0.328151
-0.417430
0.806241
0.776664
-0.037758
-0.236225
-0.215530
0.472380
-0.606901
0.396549
0.503190
-0.645439
0.249157
0.187493
0.247800
-0.292920
0.256265
-0.015699
0.071427
0.673488
-0.363565
0.138189
-0.096699
0.856769
0.205202
-0.157509
-0.295543
0.066294
-0.124494
-0.454898
0.051702
-0.515366
-0.393516
-0.329569
-0.391815
0.066075
-0.812906
0.098610
-1.382588
0.056971
-0.553911
0.018905
0.196532
-0.089630
0.465075
0.241668
-0.533507
0.482304
0.646108
-0.382540
0.384489
-0.277546
-0.025033
0.510207
-0.255715
0.232621
0.481510
-0.400594
-0.377025
0.126108
-1.050673
0.327048
-0.087903
-0.139113
-0.299435
-0.564080
-0.373876
-0.385288
-0.093478
0.211270
0.439874
-0.005038
0.097821
0.346368
0.765918
0.272072
0.050129
-0.029055
0.378310
-0.091382
-0.684245
-0.013024
0.066495
-1.039006
-0.068934
0.209876
0.192788
0.295876
0.541527
-0.645284
-0.008456
-0.114299
-0.083085
0.097798
0.121748
0.259777
0.305093
0.692940
-0.546610
-0.241525
0.819455
0.347018
-0.197492
0.220457
-0.325580
0.377696
0.698306
0.370504
-0.336892
-0.514070
-0.250024
0.092998
-0.601939
0.045779
0.035023
-0.367099
-0.372829
0.215643
0.477592
-0.133567
0.590890
-0.215657
0.662183
0.452754
-0.792568
-0.298156
0.524443
0.015639
-0.248241
-0.202583
-0.113785
0.074711
-0.143315
0.436534
0.434753
-0.629201
0.033972
0.098123
0.120427
-0.236136
-0.815835
0.318252
0.320384
0.033275
-0.383341
0.276485
0.303431
0.443800
0.735442
-0.322573
0.087915
-0.368302
0.516156
-1.077750
0.141205
-0.319973
-0.409764
0.292392
0.160891
-1.103528
-0.168729
-0.526240
-0.518450
0.218170
-0.216869
-0.625576
0.008138
-0.573484
-0.432037
1.049701
-0.051652
-0.329273
-0.068960
0.149006
-0.153292
-0.198543
0.546485
0.685646
-0.532274
0.328029
-0.821173
-0.467990
0.178745
0.370349
0.148235
0.358324
-0.423777
-0.235695
-0.479928
0.119081
-0.589990
-0.623581
-0.924258
-0.480562
0.108073
0.057230
0.059526
0.640568
-0.332799
0.261837
1.028971
0.690068
0.034177
-0.442908
-0.584696
-0.648114
-0.308128
-0.399526
-0.845197
-0.481068
-0.010657
-0.457570
0.839739
1.214525
0.530638
-0.046403
0.470443
0.320930
-0.243313
-0.172465
-0.102306
0.849535
-0.966452
0.009408
-0.398663
0.069265
-0.168729
-0.439789
0.150705
-0.020722
-0.806053
0.112450
0.221564
0.299842
-0.083374
0.021475
0.504678
0.241654
0.253716
-0.007838
0.313740
0.197924
0.753145
0.382219
-0.022314
-0.022619
0.173054
-0.202972
0.265265
-0.110423
0.220254
0.428066
0.061815
0.010216
-0.016764
0.590071
-0.615908
0.080198
-0.330635
-0.196808
-0.376346
0.201926
-0.235165
-0.281573
0.408195
-0.198204
0.125413
0.415305
0.211689
0.398660
0.488617
-0.234326
-0.231518
-0.593294
0.635597
-0.138606
0.540653
-0.207600
-0.242813
0.133021
0.129453
-0.152862
0.117370
0.222174
-0.820643
-1.217806
0.564413
-0.213735
0.261292
0.250352
-0.054776
0.317334
-0.293568
0.342872
-0.516955
0.206790
-0.154436
-0.129945
0.383213
0.322483
0.320827
-0.135966
-0.319717
-0.079767
-0.857107
0.145887
0.428682
0.188970
0.155611
-0.057069
0.252245
-0.780707
0.197911
-0.143552
0.214047
-0.045203
-0.084777
-0.258080
-0.542214
1.090224
-0.798242
0.115934
-0.664763
-0.529161
-0.182022
0.162340
0.077898
0.198856
-0.474125
-0.056077
-0.799048
0.441714
-0.894931
-0.037725
0.185971
0.069731
0.405839
0.437305
0.287049
-0.214556
1.658173
0.353645
-0.125838
0.008461
0.144877
-0.062372
0.023296
0.827296
-0.385004
0.577157
-0.217467
-0.125553
0.848090
-0.320446
0.007736
-0.353651
-0.236980
0.348800
0.133516
-0.381995
0.083019
-0.175429
-0.242599
-0.327540
-0.113478
0.271093
0.166815
0.152510
-0.140343
0.824156
0.516410
-0.107848
-0.421346
-0.124637
0.284880
-0.107404
0.387762
0.080705
0.271136
0.495148
0.517976
0.130796
0.175593
0.185063
0.244612
0.149049
0.669398
0.124393
0.076282
-0.215495
-0.668416
-0.509863
-0.055943
-0.070700
0.133999
-0.096054
0.308921
-0.388533
-0.058583
0.070947
0.336204
-0.626575
-0.383024
0.307966
-0.868756
0.500772
1.071600
-0.063450
-0.056024
0.494962
0.245148
-1.102331
0.464743
0.891783
0.253891
-0.173989
-0.403408
-0.042411
-0.382091
-1.464730
0.707406
0.126887
0.096631
-0.006045
-0.140794
0.551075
-0.038091
0.623401
0.186026
0.205221
-0.334493
0.338251
-0.005523
-0.092626
0.112206
0.442522
-0.699729
-0.229112
-0.139851
-0.328653
0.030527
-0.079272
-0.291049
-0.192289
0.364506
-0.479924
0.386445
0.291924
0.196768
-0.063676
0.182881
0.627388
0.550975
-0.475776
0.379518
0.388471
0.484008
-0.243174
-0.299363
-0.105240
-0.459230
-0.114425
0.124183
-0.298473
0.304023
-0.487166
-0.331940
0.366231
-0.222054
-0.248671
-0.034906
0.298408
-0.087659
-0.947046
0.541982
0.222207
0.041163
0.637343
0.185825
0.561401
-0.174002
0.755818
0.223980
-0.448084
-0.479478
0.923972
-0.190554
-1.298637
-0.739694
-0.106126
0.181819
0.257828
-0.838844
0.772238
0.104480
-1.065361
-0.201172
0.815261
0.113603
-0.482572
-0.003879
-0.469642
0.447631
-0.327986
0.635326
0.204173
-0.522933
-0.567277
-0.590595
-0.278735
-0.385171
-0.226319
0.056864
-0.267312
-0.013966
-0.560324
-0.346536
-1.165904
0.257802
0.100209
-0.113898
-0.413856
0.455530
-0.133067
-0.134753
-0.099105
0.542059
0.689573
0.099687
-0.896779
-0.906732
-0.182451
0.583706
-0.642879
0.162280
-0.951285
-0.111184
0.552686
-0.177296
0.353103
-0.566295
-0.399375
0.353663
-0.159047
-0.161935
0.831348
-0.101917
-0.020710
0.277124
0.553084
0.376352
-0.375915
-0.003662
0.824363
-0.580698
0.035009
0.589307
-0.164111
-1.053626
0.255473
-0.314923
1.139410
0.626104
-0.158127
-0.918059
-0.289067
1.008657
-0.129205
-0.602006
0.270546
-0.226974
-0.720178
-0.150808
0.081762
-0.276323
0.363541
0.031911
0.635584
-0.025979
0.482499
-0.060388
-0.563542
-0.180195
0.156092
-0.561369
0.337811
-0.098537
-0.051842
0.394828
0.492634
1.100631
-0.454725
0.340876
0.859718
0.384346
-0.284605
-0.480906
0.243569
-0.342962
0.039882
0.888160
-0.205078
0.290915
-0.138431
-0.505996
-0.109847
0.374930
0.735420
0.099502
-0.358154
0.308083
0.726429
0.753944
-0.408920
-0.724252
0.190091
0.717200
0.093893
0.394401
-0.413497
-0.092235
-0.404787
0.572591
0.214472
-0.131219
0.223654
0.534786
0.674215
0.779274
-0.110327
-0.195974
-0.120907
-0.353953
0.429603
-0.051941
0.051864
-0.107114
-0.087364
0.279741
0.100141
0.221421
-0.046182
-0.252435
-0.096688
0.055994
-0.416226
-0.312226
0.312929
-0.387670
-0.471380
-0.448022
-0.752207
-0.101179
-0.167380
-0.279126
1.190400
-0.309978
0.047880
0.066045
-0.033032
-0.142604
0.601433
0.132001
-0.239597
0.228310
-0.130737
-0.385371
-0.082691
-0.177860
-0.360146
0.077096
-0.192437
0.835140
0.345416
0.262430
-0.943552
0.004081
-0.715751
0.435940
0.234924
0.304809
0.108699
0.000537
-0.089670
-0.158102
0.506265
-0.229458
-0.451160
-0.340033
0.499122
0.077599
0.305673
0.531894
-1.029926
0.011240
1.316475
0.814694
0.211389
0.513869
-0.912259
0.622172
0.067511
0.041607
-0.266490
-0.046722
-0.035438
0.095681
0.864202
0.249302
0.106123
0.302381
0.113567
0.097639
0.656027
0.190467
0.878514
-0.270031
-0.081823
0.604827
0.437884
0.651187
-0.540068
0.720874
0.149066
-0.594998
0.355691
-0.536434
0.707306
0.585046
0.343083
0.566240
0.026915
0.690763
-0.163492
-0.292932
0.360941
0.225163
-0.302441
-0.079389
-0.091003
0.236133
-0.654020
0.070746
0.628079
0.345810
-0.769358
0.111431
0.671446
0.537382
-0.079242
0.124076
-0.456986
0.062412
-0.941465
-0.792221
-0.190684
1.054927
-0.419999
-0.655685
-0.152759
-0.366385
-0.530823
-0.531926
0.022150
-0.437665
0.516764
-0.508277
0.369043
0.208342
-0.013479
-0.624684
-0.900621
0.673353
-1.142718
0.506941
0.035066
-0.336550
-0.256938
0.476746
0.421628
-0.137156
0.249282
0.503425
0.426906
0.405095
-0.458728
0.474325
-0.107743
0.900834
0.050454
0.107388
-0.505556
-0.511515
-0.087360
0.088579
-0.342246
-0.365590
0.247545
-0.742858
-0.011992
-0.878260
0.289276
0.261254
0.808094
-0.570450
0.290252
-0.242577
-0.479570
0.590509
-0.340972
0.746369
-0.106148
-0.260162
-0.229702
-0.100063
0.110162
1.134380
-0.643380
-0.413507
-0.314122
-0.347504
-0.372516
0.555370
0.179897
0.538648
-0.417518
0.413557
-0.396212
-0.385505
-0.094045
-0.008017
0.683228
-0.853163
0.321869
0.531995
-0.039740
0.603112
0.815215
-0.155833
-0.086079
0.188852
-0.444071
0.300385
-0.529892
-0.402390
0.118139
0.308823
-0.494320
-0.489250
0.341119
-0.609845
-0.332478
0.867407
-0.320032
0.283318
-0.205860
-0.715929
0.543644
-0.218655
0.137817
0.256852
0.439078
0.252474
0.465630
-0.416939
0.431336
0.392912
0.158095
-0.320086
0.662918
0.300186
-0.110210
0.115915
-0.529963
0.139700
0.055658
-0.546629
0.199633
