-0.805141
-0.262245
0.592808
0.296497
0.408105
-0.102233
-0.308320
-0.521265
-0.164798
-0.188563
0.392151
-0.301276
0.041051
0.244047
-0.484910
0.777142
-0.410435
-0.240331
-0.120435
0.106022
0.807194
0.191777
0.481442
0.305353
0.111350
-0.463597
-0.068819
-0.251613
0.048537
-0.797649
-0.521049
-0.404469
-0.268652
-0.291013
0.697522
0.297421
0.535315
0.020495
-0.007865
-0.385044
-0.237758
-0.472579
0.029621
-0.547322
0.060502
-0.294135
0.220824
-0.288285
-0.500316
-0.154514
0.290279
0.036661
0.308678
-0.252327
0.431815
0.118968
-0.148412
0.154109
-0.469629
0.616674
0.248094
-0.484428
-0.224024
-0.138128
0.080854
0.392374
-0.578415
0.218545
0.066769
0.418215
0.208230
0.529567
0.168297
0.299201
-0.335629
0.826490
-1.196989
0.461853
0.301573
0.056349
0.170273
-0.170820
-0.085244
0.086280
0.463776
0.343926
0.262120
0.032867
0.044818
-0.346117
0.368849
-0.639422
-0.696982
0.257173
-0.217692
0.925847
0.061465
-0.319380
-0.011009
-0.340410
0.139579
-0.010892
0.394047
0.193309
-0.196254
-0.349510
0.684847
-0.758515
0.150614
0.490058
0.047479
0.056228
0.129531
0.299437
0.333335
-0.614521
-0.112989
0.040886
-0.026773
-0.097680
-0.129973
0.147335
-0.293116
-0.045366
-0.194298
0.081892
0.362010
0.192453
-0.359127
-0.395362
0.249726
0.231864
-0.244488
0.751749
-0.332773
0.296784
0.275479
0.232181
0.103332
-0.809325
-0.234042
0.276721
0.269897
-0.363846
0.196768
0.144274
-0.492043
0.308165
0.158979
0.305599
-0.041736
-0.049722
-0.543254
-0.175826
-0.089322
0.472713
-0.062871
-0.394531
0.321982
-0.554265
0.390342
-0.382709
-0.462009
-0.259952
0.621197
0.207191
-0.863796
-0.508811
0.337867
0.615189
0.088175
-0.664953
0.469241
0.139824
-0.899970
0.116264
-0.013655
0.101563
0.510071
0.489100
-0.146375
-0.326454
-0.435104
0.644416
-0.601484
-0.618866
-0.341230
0.473696
-0.251947
0.463488
0.778384
0.062609
-0.325823
0.039306
0.362730
0.489811
-0.248191
-0.433494
0.474060
-0.069282
0.032187
-0.120387
0.076610
-0.356254
0.486198
0.014849
0.078604
-0.227391
-0.095927
-0.272455
-0.109019
0.120826
0.258673
-0.279270
-0.170198
1.097034
0.409494
-0.570221
-0.100621
0.195795
0.779139
-0.338274
-0.058335
-0.799048
-0.057017
-0.459358
0.098514
-0.082611
0.152221
0.248949
-0.133148
0.414323
0.185789
0.846780
-0.269256
0.437374
0.159309
0.477267
-0.476522
0.041133
0.347336
-0.230375
-0.304173
-0.126812
0.033736
0.392129
-0.007494
0.639227
-0.295713
-0.023740
0.642082
-0.571309
-0.086159
-0.533093
0.366730
0.419329
-0.402244
0.969515
-0.700948
0.677614
-0.145386
-0.218054
0.265698
0.039855
0.545509
0.293244
0.551307
0.520330
-0.065229
-0.352214
-0.837938
0.938848
-0.068700
-0.331383
0.435896
-0.354590
0.331580
-0.375395
-0.682023
0.180694
0.236518
-0.171909
0.085119
-0.378975
-0.322778
-0.197711
0.617294
0.565797
0.575404
0.210227
-0.239589
0.655869
0.145438
-0.022708
0.516523
-0.407471
-0.513900
-0.439353
-0.562861
-0.115921
0.957075
-0.286838
-0.742703
-0.356270
-0.361925
-0.380167
-0.399434
0.065651
-0.200729
0.017816
-0.830419
0.205867
0.002941
-0.035617
0.069961
0.401259
0.133340
0.540953
-0.102670
-0.170508
0.350305
0.249739
0.112739
-0.415311
-0.537626
0.270534
-0.073557
-0.295892
0.070739
0.475390
-0.088892
0.330144
-0.450045
0.387391
-0.107180
-0.171002
0.328152
-0.122934
-0.537683
0.468112
-0.271587
0.298691
0.907717
0.683336
-0.730850
-0.663186
-0.177382
-0.632184
0.842325
0.277101
-0.180032
-0.450573
0.500849
-0.377850
0.139563
-0.216176
-0.703385
0.215269
-0.077171
-0.371261
-1.298918
-0.061260
0.373719
-0.114190
-0.911647
-0.663874
-0.440066
-0.491425
0.467581
0.167289
-0.137419
-1.290223
-1.080477
0.316903
0.090900
0.416028
0.004271
0.136936
0.308662
-0.028030
0.329948
0.169676
0.370662
-0.748560
-0.202812
-0.040842
0.162226
-0.377363
-0.318530
-0.309229
0.162137
-0.494076
-0.361386
-0.983455
-0.294388
0.961538
-0.142838
-0.016218
0.220223
-0.603853
-0.790666
-1.087192
0.591463
-0.225488
-0.041585
0.294776
0.565877
-0.036210
0.530726
0.640945
-0.093145
-0.236207
0.157846
-0.106957
0.572448
-0.026556
-0.098955
-0.345621
0.115165
0.886536
0.021868
0.297120
0.482808
-0.912243
0.313396
0.007064
-0.567170
0.613568
0.074257
-0.047550
-0.254322
0.342743
0.348446
0.597516
-0.203430
0.355143
0.244504
0.165253
-0.261892
-0.338838
0.313131
-0.084448
0.265660
-0.168434
0.086365
0.281199
0.659351
-0.604646
-0.047793
0.531685
0.185149
-0.007233
-0.382040
0.250819
-0.309619
-0.700175
-0.172754
0.572287
0.346115
0.703911
0.346544
0.506967
-0.174653
-0.000508
-0.805654
0.239412
0.222119
-0.509373
-0.488525
0.131912
-0.215271
0.159472
-0.227597
0.695429
0.300129
0.494499
0.769305
-0.109896
0.127525
-0.463056
-0.002912
-0.689072
-0.663961
0.248877
-0.332578
-0.047104
-0.099247
-0.515357
-0.601818
-0.884722
-0.069352
-0.092340
0.485969
-0.299252
0.416931
0.035872
0.911719
-0.059649
-0.313070
0.294455
-0.078362
0.279797
-0.157378
-0.338605
-0.746268
-0.447474
-0.192382
0.021936
-0.310485
-0.131994
0.196192
-0.359296
-0.102121
0.134959
0.363982
-0.090569
0.379609
-0.130163
0.047947
-0.559911
0.216680
0.147296
-0.283332
-0.136951
-0.736244
-0.060235
-0.788787
0.176020
1.204589
0.075928
0.087709
0.146012
0.455963
0.412869
1.247090
-0.827045
0.845862
0.282315
0.678010
0.543087
-0.411537
-0.181626
-0.216708
-0.273180
-0.610565
-0.364710
0.428220
-0.326733
0.116335
0.300740
-0.397991
-0.481269
0.179275
0.867566
-0.134171
0.669724
0.028944
0.120292
-0.060387
-0.166936
-0.319400
0.288112
-0.335367
0.550021
0.630922
0.503966
0.221426
0.008023
0.306854
1.136519
-0.253264
0.000288
-0.085005
0.717568
0.588866
0.207785
0.124475
-0.133704
0.578600
-0.032032
0.129361
0.403707
0.426603
-0.722103
-0.091183
0.144257
-1.064023
0.063463
-0.073876
-1.170590
0.076117
0.701095
-0.630179
-0.552864
0.095719
0.559980
-0.004006
-0.321046
0.821071
0.526952
-0.084794
0.226833
0.425276
-0.019871
-0.182122
-0.536517
-0.134271
0.746077
-0.187141
-0.414770
-0.730217
-0.417599
0.271769
0.598002
0.414813
-0.115981
0.045919
-0.381153
-0.360825
0.038155
-0.259314
0.101248
0.076361
-0.368351
-0.636853
-1.190648
-0.333203
-1.018511
-0.147772
-0.267180
0.704674
-0.054760
0.401589
-0.045326
-0.375596
-0.754143
0.503679
0.165170
0.806344
0.123694
-0.994564
0.164760
0.572863
-0.010893
0.608914
0.436427
-0.366091
0.610044
-0.543845
0.263249
0.728843
0.482797
-0.463518
-0.383626
0.305907
0.653604
-0.087225
-0.151825
-0.473860
-0.250622
-0.365659
-0.164663
0.355462
-0.336612
0.247078
0.262879
-0.357061
0.133381
0.220703
-0.465401
-0.117182
-0.176821
-0.370011
-0.533514
-0.351226
-0.788794
-0.342828
0.175562
0.329810
0.422456
0.209902
-0.282610
0.036132
0.120624
-0.290243
-0.649747
-0.205806
0.143739
-0.662871
0.038150
-0.261136
-0.298209
-0.272783
0.282167
-0.102527
0.801123
0.066618
0.289093
0.382009
-0.342581
0.369569
-0.126773
-0.155474
0.393267
-0.173129
-0.096514
-0.231973
-0.651082
-0.077785
-0.167622
0.460995
0.322722
-0.548165
0.400724
-0.265234
0.061069
0.456439
0.078217
-0.572198
-0.419719
-0.430727
-0.436495
0.526321
-0.119601
0.199371
-0.068376
0.378774
0.321552
0.207623
-0.114265
0.410890
-0.749029
-0.064516
0.463739
-0.046672
0.253493
0.506971
0.086931
0.039198
-0.051233
0.887522
-0.117189
0.691339
0.103324
0.362885
-0.016498
0.045431
-0.354182
-0.014824
0.287151
0.212018
-0.378001
0.182245
0.468832
0.081235
-0.367277
0.253167
0.476909
0.058279
-0.623579
0.396633
-0.077711
-0.361650
-0.165553
-0.143292
0.425324
0.244887
-0.074595
0.291235
0.155038
-0.445949
-0.031325
0.491687
0.016029
-0.113802
-0.322981
0.168974
-0.672631
0.364295
0.146065
-0.012922
0.291292
0.573293
-0.461097
-0.448840
0.645345
-0.000984
0.389359
1.059397
-0.355456
-0.229402
0.038999
-0.143605
0.663921
-0.035560
-0.357385
0.237349
-0.370577
1.191064
-0.298220
0.164596
0.829464
0.122756
0.046022
0.619195
0.547112
0.011509
0.042740
-0.580722
0.387610
0.350903
-0.182302
0.660235
-1.163259
0.400882
0.011592
0.363399
0.284112
-0.443512
0.357426
0.037608
1.006641
-0.506211
0.438764
0.578822
-0.903537
-0.552938
0.137031
-0.684463
-0.506081
0.256352
-0.313662
0.179901
0.682051
-0.899882
1.016874
-0.598130
-0.768705
0.264270
0.145669
-0.436156
-0.163312
-0.057654
0.684238
-0.715994
0.123511
-1.303105
0.005889
-0.454388
-0.348349
-0.389470
0.569478
-0.265053
0.359461
-0.213807
0.047499
-0.303813
0.378264
-0.131251
-0.332343
0.031877
-0.765026
-0.363485
0.133218
0.108735
0.326617
0.691736
0.215911
-0.088504
0.180263
-0.117010
-0.044849
-0.045181
-0.104151
-0.116494
-0.034396
0.937527
0.514049
0.735474
-0.533170
0.177966
0.486381
0.240476
0.507714
0.251040
-0.041621
0.215319
0.066976
0.311949
0.332592
0.081019
0.524476
-0.240193
-0.192563
-0.457335
0.187609
-0.411236
-0.319100
0.432080
-0.037957
0.279278
0.078539
-0.424555
0.363118
0.248247
0.025779
-0.118122
1.177719
0.046949
0.283876
0.576509
-0.916180
-0.297904
0.005274
0.577223
0.150821
-0.492092
0.075253
0.248955
0.384823
-0.153926
-0.041320
0.442689
0.415653
-0.079775
-0.117873
0.447907
0.166544
-0.433922
-0.215134
0.254184
0.701688
0.742493
0.531844
0.275281
-1.411255
0.678357
0.407930
0.343490
-0.029209
0.005724
-0.258498
-0.183108
-0.401522
-0.877063
0.009478
0.534216
0.216064
-0.232871
-0.561687
-0.433001
0.330923
0.087349
0.219938
0.015803
-0.090990
-0.604776
-0.278674
0.007392
-0.474314
-0.267180
0.761085
0.256663
0.116441
0.383647
-0.143035
-0.263933
0.330950
0.439162
-1.577478
-0.146597
-0.260017
-0.105041
0.603293
0.200154
-0.434303
0.025914
0.647417
-0.311863
-0.319566
-0.160112
0.160186
-0.285739
0.589069
0.085063
-0.675114
0.791916
-0.073340
-0.217328
-0.438823
0.563651
0.703416
0.769397
0.612694
-0.007607
-0.340304
0.039459
0.236183
-0.090456
-0.431862
-0.401451
0.051489
0.654252
-0.214365
0.287012
-0.352406
0.156736
-0.652987
0.074280
-0.068102
-0.552707
0.516650
-0.360549
-0.568089
0.086251
-0.898224
0.380967
-0.286988
0.023730
0.210549
0.281128
0.023954
1.058480
-0.829558
0.544654
-0.699635
0.071635
0.236548
-0.577951
0.308611
0.385396
0.032848
0.163867
-0.384776
-0.220703
0.367260
-0.244520
0.020781
-0.082965
0.294185
-0.463703
0.364827
0.172844
0.208402
-0.211500
-0.229602
-0.054665
-0.693384
0.345503
-0.097141
-0.291395
0.092542
0.400647
-0.515609
0.286984
0.004250
-0.347241
0.146982
-0.016302
-0.212684
-0.624862
0.167293
0.409279
-0.091745
-0.877927
-0.192793
0.674611
0.297912
-0.593258
0.111897
0.652622
0.563321
-0.022463
0.162336
-1.082247
-0.011184
0.321254
0.656147
0.256813
-0.266254
0.172062
-0.594344
-0.310555
0.319614
0.602948
0.219636
1.022975
-0.101513
0.455642
-0.625996
0.430629
-0.801225
0.007914
0.327656
-0.552100
-0.175451
-0.559885
-0.275021
0.473367
-0.771691
0.490092
-0.217646
-0.180677
0.263492
0.406826
-0.286437
0.236396
0.070619
0.436016
0.057894
0.360643
-0.631297
-0.080313
0.161931
0.018670
0.267569
0.326334
0.475610
-0.053856
-0.715139
-0.324421
0.210813
0.061673
0.031171
0.194934
-0.312203
0.701658
0.064697
-0.185843
0.648352
0.081766
-0.754619
0.164466
-0.714648
-0.221370
-0.269382
0.343037
0.261832
-1.251022
-0.160029
-0.292222
-0.016308
-0.540719
0.032205
-0.216265
0.599903
-0.166315
0.048390
-0.611143
-0.686055
-0.723240
-0.301612
-0.458778
-0.465952
0.186729
0.063675
0.635009
-0.141206
0.163663
0.777365
-0.458493
-0.489047
-0.725120
0.498895
0.018664
0.201978
-0.393689
0.584247
-0.448702
0.076969
-0.364361
0.298347
0.815554
-0.012438
0.676946
-0.799900
-0.119558
0.547385
-0.514932
-0.082316
0.442716
-0.146431
-0.017314
-0.724909
-0.034384
-0.183237
0.463553
-0.111434
-0.183311
-1.029520
0.808707
-0.384095
0.060980
-0.544013
0.031599
0.430328
-0.181862
0.015178
0.097502
0.623533
0.093989
0.172139
-0.881295
0.247850
-0.353767
-0.425858
-0.039999
-0.087448
0.219636
0.037475
0.021361
0.140314
-0.426991
0.156794
-0.341302
0.533112
0.073436
-0.240300
0.028676
0.258808
0.520743
0.156455
-0.779206
0.022000
0.515422
0.543060
0.200171
-0.679740
-0.089366
-0.069733
-0.312529
0.228232
0.180563
-0.626637
-0.012311
1.520612
-1.091324
0.291388
0.612645
-0.216008
-0.366547
-1.159410
0.704501
0.014206
0.230293
0.294359
-0.414246
-0.431788
0.524525
0.719731
0.082236
0.312073
-0.600719
-0.108752
-0.490214
-0.035515
0.485105
0.058807
-0.036061
-0.199075
-0.061039
0.021303
0.452956
0.799204
0.598378
-0.515304
-0.108155
-0.207441
-0.540182
0.346814
0.100188
0.292468
-0.380373
-0.082159
0.208492
0.371076
0.187792
0.536196
-0.251602
-1.098571
0.182281
0.136843
0.521168
-0.295966
0.753640
-0.261815
-0.383991
0.097729
0.581447
0.014391
-0.394238
-0.440863
0.298325
0.568995
-0.648146
0.745909
-0.631883
0.852267
-0.251204
0.350718
0.311730
-0.695933
0.555719
-0.465697
0.159742
1.056438
-0.512688
-0.017293
1.126927
0.853028
0.280004
0.671638
-1.013151
-0.074535
0.166317
-0.799491
-0.310041
0.444507
0.164386
-0.247029
-0.037246
0.030579
-0.189614
0.049793
-0.033095
0.202849
-0.225565
-0.635078
0.614409
0.627355
0.073781
-0.088854
-0.180716
0.028164
0.128421
-0.022910
-0.065535
0.026473
0.293272
0.108750
1.231720
0.861588
0.691620
-0.078259
0.224417
0.070127
-0.338917
-0.373716
0.581369
-0.127728
-0.693270
-0.052705
-0.554375
-0.132155
0.078833
0.309811
0.204837
-0.554184
-0.654546
-0.514853
-0.397660
-0.869391
-0.122817
-0.982804
-0.504038
-0.496105
-0.145553
-0.548755
-0.282805
-1.121783
-0.678043
-0.606668
-0.992399
-0.207670
-0.320821
-0.132933
-0.481276
0.275332
-0.492971
0.369630
0.160315
0.273575
-0.588942
0.240163
0.420349
0.272977
0.209765
0.532350
1.157689
0.341215
0.925995
1.152368
1.641890
1.071506
0.734369
0.715017
1.284242
0.812319
0.728370
0.615059
0.888650
0.308608
0.179967
0.083591
-0.081504
0.277368
0.146750
-0.053440
0.336848
0.198917
-0.593786
-1.164242
-1.117928
-0.098157
-0.929379
0.055165
-1.071480
-1.120992
-1.752424
-1.423943
0.308166
-0.370160
-0.692765
-0.810095
-0.504923
0.300174
-0.857921
-0.422376
-0.548132
0.987440
-0.290045
0.325786
0.647513
-0.365206
0.244539
-0.253565
0.245870
0.705200
0.624120
0.272339
-0.230313
-0.187337
0.259733
-0.172065
-0.199605
-0.053617
-0.399836
0.597938
0.079064
0.332781
-0.396413
-0.244779
0.066283
0.580396
-0.274077
0.247864
-0.527989
-0.080865
0.313888
-0.945733
-0.286019
-0.042363
0.047300
0.011387
0.816735
-0.505336
-1.062113
0.417339
0.067390
-0.037115
0.325788
0.901484
-0.126174
0.034315
0.372173
0.643621
-0.311314
-0.499873
0.377424
1.023377
-0.033218
0.550423
0.427414
0.007380
-0.468727
0.035487
-0.660387
0.379149
-0.821787
0.142985
0.372499
-0.653551
0.073407
-0.432820
0.119309
-0.358297
-0.449227
0.165373
-0.145791
-0.040173
-0.831160
0.332574
0.175747
-0.076765
0.450887
0.655228
0.447288
0.334537
-0.267376
0.581219
0.446427
-0.444193
-0.753277
0.381312
-0.183259
-0.290426
0.303021
0.030019
0.139266
0.667828
-0.681886
0.849006
0.955530
0.120196
-0.171865
-0.047851
-0.553223
0.098189
0.299163
0.162273
-0.143981
-0.360454
0.665921
-0.148602
-0.448165
0.185628
0.084835
0.317707
0.022441
0.887885
-0.111740
0.718647
-0.251054
-0.052012
-1.035617
-0.069817
-0.026324
0.266346
0.155686
-0.251764
-0.365107
-0.938352
-0.487589
0.583579
-0.428419
0.292618
0.174237
0.947525
-0.254902
-0.408033
-0.177382
0.155550
-0.865799
-0.678772
0.100237
-0.245423
-0.426381
-0.164823
0.054088
-0.103184
-0.070111
0.080086
0.517810
-0.137938
0.520148
0.612178
0.412257
-0.002792
0.012789
-0.083063
-0.377971
-0.473361
0.064094
0.127003
-0.223107
-0.481487
-0.519441
-0.714454
-0.655722
-0.666347
0.240434
-0.266959
0.084992
-0.056266
0.060799
-0.152217
-0.460886
0.766644
-0.483858
-0.176830
0.592682
0.686347
0.128663
-0.583639
-0.717342
0.153816
0.008441
0.622988
1.088171
0.070508
0.227911
-0.105354
-0.124723
0.451108
-0.148414
0.080934
-0.023275
0.341698
-0.259227
0.164746
0.970367
-0.544867
0.188220
0.077156
-0.123981
-0.034815
-0.670708
0.315368
-0.624484
0.280824
0.087059
0.013511
-0.059521
-0.304483
-0.227126
0.153955
-0.326871
-0.260184
-0.773345
-0.258545
0.497947
0.005373
0.015877
0.956976
0.186017
-0.010169
0.253587
0.251244
0.822624
-0.091287
-0.286929
-0.575043
0.114424
-0.121187
-0.366008
0.253260
0.224656
1.274193
-0.226821
0.404462
-0.261774
0.255111
-0.436648
-0.123413
0.000531
0.449581
-0.475837
-0.687290
0.322341
-0.399382
-0.133548
-0.982356
0.146561
0.559953
0.225349
0.807761
0.393797
-0.480354
-0.194939
0.695194
-0.089681
0.517078
0.093357
-0.143259
0.849806
0.354032
-0.585861
-0.312492
0.127424
0.274834
-0.653831
0.111069
-0.118541
-0.310582
0.667654
-0.320145
-0.179881
-0.088275
-0.114022
-0.327608
-0.071186
-0.313470
-0.275907
0.095792
0.763495
-0.130088
-0.407170
-0.569062
-0.086582
-0.725619
-0.231529
0.064346
-0.764032
-0.171989
-0.214087
0.283888
-0.448267
0.265482
-0.303959
0.419952
-0.318284
0.325130
-0.489665
0.133048
0.041774
0.274924
0.141044
0.004356
0.028059
-0.005548
-0.051879
-0.241743
-0.160142
0.288328
-0.494282
0.449891
-1.004684
0.297573
0.188499
0.090503
0.186878
-0.426486
0.125213
0.412375
-0.666829
0.214257
0.079296
-0.005700
0.318996
0.504036
0.124723
0.166423
-1.154700
-0.548723
0.769701
-0.730774
0.169467
0.836993
-0.708984
0.100638
0.263408
-0.325717
0.017595
-0.491592
0.249027
0.415625
-0.526854
-0.078231
-0.006198
-0.190576
-0.686472
-0.058998
-0.369484
0.724887
-0.473479
0.144234
0.708352
-0.194862
0.565050
0.020212
-0.824249
-0.764508
-0.033662
0.793814
0.566763
0.548030
0.011938
0.673258
0.989516
-0.178790
-0.143883
-0.103068
0.503560
0.351620
0.186309
-0.334701
-0.169098
0.874400
0.009936
-0.252906
0.225998
-1.291447
-0.300928
-0.112326
0.480567
0.264527
-0.579481
0.058236
0.460448
0.806357
-1.029089
0.288299
0.054492
-0.112581
-0.160022
-0.303662
-0.094174
-0.091183
-0.030221
-0.184138
0.842974
-0.359130
-0.377403
0.245184
0.529349
-0.024146
0.686698
-0.572176
0.016351
0.539188
0.483210
-0.057793
0.549039
-0.431748
-0.167879
-0.230880
-0.513913
-0.723169
-0.151572
0.818589
-0.028930
0.169191
-0.118736
0.568172
-0.087546
-0.312165
0.025962
0.418654
0.393825
0.124835
-0.027039
0.395220
-0.107490
-0.521216
0.388922
-0.593586
0.179517
0.435369
0.193035
-0.505697
-0.263720
-0.107293
0.393174
0.344079
-0.647233
0.111275
-0.586034
0.453546
0.263590
0.582169
-0.766371
0.499042
0.500211
0.526263
0.187650
-0.260961
0.036131
-0.075413
1.050805
0.277115
-0.563855
-0.607093
-0.308406
0.295674
0.613055
-0.520039
0.196078
0.290187
0.405161
0.544238
-0.125515
-0.970504
0.166452
-0.479519
0.931656
-0.170577
0.294850
0.521449
-0.087393
-0.006894
-0.118964
-0.064919
-0.523437
0.109030
0.064421
0.044498
-0.141872
-0.299508
0.336086
0.557420
-0.298175
-0.834594
0.021532
0.262154
-0.079400
0.361994
-0.135196
-0.012774
-0.430966
0.092561
-0.277542
-0.010761
0.342707
0.341947
0.245302
0.072356
-0.284455
0.668997
0.147471
0.576896
-0.206440
-0.042284
0.504915
-0.647470
0.082872
0.495232
0.678583
-0.087781
0.193027
-0.302613
0.296595
-0.554142
-0.163806
-0.849626
0.064230
0.220195
0.385773
-0.707572
0.211939
-0.655179
0.122050
0.226308
-0.242209
0.370476
0.413710
0.052231
-0.646613
-0.402483
-0.344016
0.273262
-0.278110
0.300005
0.581888
-0.390859
-0.195598
0.357830
0.163061
0.593497
0.224668
0.123268
-0.031975
0.363945
-0.063676
-0.311539
-0.050269
-0.249400
0.361013
-0.648867
-0.173770
-0.120904
-0.207064
-0.099798
0.247045
0.338806
-0.411430
0.342582
0.051642
-0.129418
-0.225748
-0.444682
0.091525
0.144887
-0.211315
-0.416690
-0.131100
0.188351
0.454472
-0.752655
-0.266642
-0.014159
-0.781223
-0.283326
1.086589
-0.285117
0.055133
-0.632465
0.578782
-0.698412
-0.513424
-0.397349
0.151868
-0.774841
0.665743
0.196676
0.473128
-0.723259
-0.991194
0.021748
-0.840863
-0.001671
-0.752966
-0.149023
-0.425241
-0.418842
-0.187517
-0.260676
-0.605927
-0.254175
0.206527
0.348504
0.051125
0.333315
0.298205
-0.250838
0.445390
-0.064848
0.013490
0.255370
0.281268
0.141549
0.302636
0.125230
0.389164
0.122545
0.538821
-0.207366
0.613795
0.422527
-0.331853
-0.276334
-0.560980
0.154579
-0.845747
-0.338201
-0.242530
0.849718
0.013983
0.227880
-0.585508
-0.204367
0.649469
-0.019830
0.062700
0.123771
-0.076284
-0.191314
-0.218873
-0.045017
0.651912
-0.128605
-0.053236
-0.426138
0.169709
0.191992
0.303935
0.533987
-0.047108
-0.358740
-0.158065
0.098677
0.223967
0.277399
0.118150
0.146675
-0.062324
-0.188627
0.349677
-0.177363
-0.318434
0.920138
0.078326
0.528234
0.052271
-0.487163
-0.033038
0.031591
0.240770
-0.214610
-0.633671
-0.236930
-0.356126
0.240274
-0.069912
-0.263507
-0.000636
-0.208845
0.268041
0.312338
0.908801
1.185659
0.422697
0.093269
-0.122380
-0.259383
-0.051889
-0.582310
0.225310
-0.648641
-0.420038
-0.037744
0.594110
-0.410800
-0.112872
0.096698
-0.656760
-0.045107
-0.120170
0.014555
0.220775
-0.091001
-0.130737
-0.467496
-0.436511
0.017967
-0.635826
0.176519
-0.117852
0.254693
0.504382
-0.532904
-0.171678
-0.289257
0.007368
0.037287
0.625190
-0.094660
0.223167
-0.065250
0.134156
-0.167144
0.065658
-0.550555
0.215639
0.508340
-0.201067
-0.160459
0.589907
-0.556521
1.354030
-0.268045
0.249460
0.168332
-0.405423
-0.228390
0.065673
0.739494
-0.341237
-0.080998
0.092890
-0.110698
-0.109252
0.040673
0.167132
0.147034
-0.416228
0.479074
-0.158762
-0.555657
-0.151727
-0.075018
-0.509440
0.027764
0.605192
-0.121799
0.704401
0.775700
0.340274
-0.205002
-0.275976
0.281624
0.058908
0.044160
-0.270164
-0.029407
0.386928
-0.323541
-0.638496
0.431371
-0.199046
-0.205608
-0.710325
-0.278961
-0.088754
-0.629443
0.172452
-0.118575
-0.589528
0.513782
0.149247
0.282991
0.428805
-0.037008
-0.386064
-0.300606
-0.401966
-0.127575
0.445462
-0.038553
0.064787
-0.119635
-0.518366
-0.068695
-0.339980
0.110432
0.436430
0.110135
-0.316147
0.006831
0.113003
0.170414
-0.431904
0.167793
0.320528
-0.062572
-0.198930
0.137164
0.308284
0.322708
0.697403
-0.764761
-0.088878
-0.463613
-0.028310
0.236073
-0.105741
-0.410267
-0.407748
0.386971
-0.123454
-0.100425
0.636242
0.024355
-0.173914
0.350636
0.543350
0.369788
-0.025670
0.076077
-0.360385
0.467138
-0.268449
-0.658737
-0.375994
-0.133750
0.701057
0.247202
0.807763
0.303201
-0.270261
-0.016706
-0.442131
-0.101993
-0.917659
0.323759
-0.742878
0.306168
0.507129
-0.150183
-0.294638
0.652498
-0.407748
-0.347227
0.151991
0.362164
-0.336923
-0.348904
0.315021
-0.268364
-0.217295
-0.146950
0.081576
0.982668
0.304505
0.281404
-0.194902
0.007067
0.478616
-0.203692
0.292158
0.441640
0.083098
-0.376768
0.067600
-0.561553
0.212814
0.013169
-1.176113
0.357128
-0.387403
0.158677
-0.673750
-0.492572
0.777233
-0.238065
0.660729
0.452169
0.351486
0.028176
0.181605
-0.184224
-0.609954
-0.608023
0.300938
0.488997
-0.063732
0.025313
0.038121
0.635922
-0.430739
-0.497055
-0.239351
0.006761
-0.279477
0.051886
0.673541
0.245726
0.591846
0.475197
0.139151
-0.366366
0.241424
0.063826
0.198082
-0.495301
0.423428
-0.136877
-0.707347
-0.363963
-0.080933
0.446221
-0.497694
0.582692
-0.151933
0.033728
0.144175
-0.789228
-0.051418
-0.282432
0.078699
-0.093467
-0.186014
-0.107663
0.071588
-0.276968
0.383382
-0.533263
-0.227102
0.158975
-1.247255
0.057945
-0.402042
0.366352
0.042965
-0.574290
0.041995
-0.170150
0.828649
0.055187
-0.442232
-0.028500
-0.228808
-0.346328
-0.460973
0.971615
-0.307679
-0.183076
-0.154755
0.348316
-0.222988
-0.300974
0.431573
0.173402
-0.288692
-0.563097
0.632272
0.253181
0.112994
0.441961
1.087414
-1.226309
1.446770
-0.434465
-0.366040
0.753039
-0.303261
0.613620
0.246521
0.409650
-0.284344
0.250320
-0.298123
-0.444008
-0.616924
0.196841
0.184723
0.123734
-0.290745
-0.122544
1.228912
-0.101929
-0.045086
0.232631
-0.204581
-0.459974
-0.030902
-0.019790
0.819461
-0.317947
-0.026994
0.185330
-0.623308
-0.172562
-0.170263
0.103088
0.180030
0.315280
-0.683676
0.164536
0.243735
-0.549961
-0.191954
-0.385620
-0.286588
0.053696
-0.395310
-0.143743
-0.122992
-1.065909
0.185093
-0.113830
0.267124
0.097272
0.184901
-0.979063
-1.023149
0.103243
0.447252
-0.510989
0.094244
0.064116
1.001053
-0.648595
-0.372181
-0.104268
-0.588298
-0.347735
-0.272735
0.651340
-0.082715
0.457283
0.122036
-1.202799
0.625655
0.117528
0.793101
0.434893
0.155490
-0.444041
-0.743485
-0.221853
-0.958883
0.173472
-0.085945
0.511297
-0.029188
-0.261843
0.130801
0.139088
-0.523253
-0.126195
-0.006802
-0.491285
-0.582593
0.483257
0.735784
-0.013912
0.037381
-0.566290
0.209355
0.076423
0.241541
-0.369778
0.572309
-0.291880
-0.171952
-0.451785
-0.215969
0.183826
-0.509614
-0.723958
-0.139619
0.372312
-0.874484
-0.248247
-0.157627
-0.650587
-0.190954
-0.268604
-0.726083
-0.555637
-0.625651
0.552798
-0.221220
0.434901
-0.374594
0.165385
0.043178
0.458748
0.343018
0.313777
0.139753
0.550852
-0.296438
0.081447
0.511739
0.602065
-0.024065
-0.240470
0.307343
0.169340
-0.103040
-0.413209
0.202766
-0.062618
-0.647518
-0.424627
-0.041169
0.350871
0.412745
0.500828
0.192249
-0.024410
-0.088459
-0.329330
0.212287
-0.436601
-0.057022
0.813307
0.640677
0.041332
0.031119
-0.304190
0.371528
0.217144
-0.216617
0.145289
-0.020190
-0.575460
0.549645
-0.112494
0.127084
0.531481
-0.245493
-0.167205
0.135552
-0.001404
-0.250304
0.478914
0.923350
0.457415
0.254643
0.510918
-0.560217
0.183833
-0.025014
-0.588462
-0.893233
-0.291759
-0.435703
-0.543348
-0.344119
0.315539
-0.271605
0.332016
-0.356237
0.364734
-0.326408
0.012513
-0.457545
-0.138896
0.570251
-0.145073
-0.167703
-0.014483
-1.053721
0.130900
-0.084837
-0.541627
0.377752
0.222042
0.313984
0.449340
-0.115993
-0.315044
0.500751
-0.433581
-0.589574
0.223819
0.402783
0.629719
0.524554
-1.081648
-0.194053
0.483430
-0.010619
-0.185359
0.718728
0.571730
0.470567
-0.105032
-0.174531
0.091057
0.284278
-0.498185
-0.502576
-0.255420
-0.198640
-0.055159
-0.163531
0.016053
-0.115528
-0.300235
-0.445259
-0.581073
0.004275
-0.154138
-0.319226
0.304493
0.403170
-0.708627
0.003298
0.057839
1.322536
-0.591662
0.378695
0.611625
-0.433039
0.407559
-0.275427
0.466315
-0.169336
-0.536726
0.127937
-0.160953
0.413467
0.839833
0.164189
0.655234
-0.095122
-0.413222
-0.458168
-0.537415
0.175398
0.070176
0.704434
0.077666
0.676870
0.939514
-0.310968
-0.347190
-0.529194
-0.337793
0.867695
0.042730
-0.113018
0.594394
-0.234871
-0.417914
-0.546368
-0.241013
0.121135
-0.834379
0.583525
0.801817
0.422014
-0.874123
0.144696
-0.623576
-0.182770
-0.164760
0.300566
0.231139
-0.206939
-0.225115
0.391575
0.675671
-1.105434
-0.645145
-0.001124
-0.036486
-0.325627
-0.291123
-0.004928
-0.500868
-0.873008
-0.315956
-0.171613
0.187086
0.225178
-0.164405
-0.039404
0.483214
0.216398
-0.108492
0.647825
0.417053
-0.164567
0.439185
-0.319542
0.581004
0.531202
-0.994964
0.405163
-0.016415
0.383267
0.205900
0.372593
-0.872805
-0.337057
-0.141761
-0.174323
-0.287323
-0.064209
0.010539
0.367725
-0.729628
0.846406
-0.432386
-0.381003
-0.617094
0.217727
0.509357
0.092460
0.564677
-0.300001
-0.092393
0.749244
0.883556
-0.183435
0.278183
0.486553
-0.061248
0.779517
0.032961
0.224000
0.228245
0.110873
0.180819
-0.529973
0.168502
-0.166567
-0.239751
0.453421
-0.172281
-0.933585
0.207909
-0.510678
-0.150115
-0.233515
0.467564
0.074952
-0.241872
-0.208737
0.123262
0.638438
-0.354755
-0.393535
-0.510335
-0.104771
-0.355135
-0.076089
0.259625
0.209239
0.560105
-0.243304
0.929999
-0.059813
0.836679
0.364503
0.099425
0.944888
-0.417825
-0.435125
-0.056787
-0.692343
0.024360
-0.454039
-0.674527
-0.104441
0.118259
-0.532941
0.422153
-0.188266
-0.678931
0.117905
0.485940
-0.142650
0.279518
-0.025229
-0.132144
0.753503
0.461558
0.563607
0.309009
-0.294253
-0.030132
0.237668
0.217130
-0.168990
0.806995
-0.057481
-0.191237
0.251465
0.519405
0.746646
-0.623631
-0.231142
1.085944
0.371803
-0.362041
-0.613014
0.942860
0.075314
0.495221
0.632779
0.317753
-0.069004
0.104488
-0.098864
0.116907
-0.430223
-0.105399
0.629285
-0.088427
-0.122822
0.518410
-0.066292
-0.456891
0.209523
-0.349579
-0.739420
-0.562422
0.273152
0.320052
0.698015
-0.817492
-0.193834
-0.335826
-0.970527
-1.158580
0.212716
-0.485151
-0.158541
0.698266
-0.144836
-0.086155
1.026082
-0.131211
-0.555536
0.073153
0.121558
-0.015508
-0.420451
0.499356
-0.590526
0.132396
0.403534
-0.166119
-0.080028
-0.118360
0.445531
-0.263054
0.677472
0.356525
0.014393
-0.449147
-0.505117
0.083610
0.044254
-0.162131
-0.118109
0.225287
0.233984
-0.599134
-0.942862
0.446353
-0.091837
-0.072716
0.069170
0.021081
0.568361
0.221432
-0.435673
0.001600
-0.864075
-0.061861
-0.187206
0.740607
-0.041751
0.871890
-0.171834
-0.009324
0.274793
-0.234019
-0.350571
-0.292588
0.805544
0.394184
-0.224368
0.538144
0.499844
0.006323
0.097715
-0.308066
-0.431493
-0.551167
-0.025139
0.406628
-0.001504
-0.056175
0.653142
0.173928
0.189073
0.497190
0.285319
0.363000
-0.612328
0.424252
0.440463
-0.432665
-0.344140
-0.527486
-0.392067
0.068036
-1.438276
0.546135
0.544537
-0.306622
0.232352
0.475363
-0.060232
-0.212087
0.176023
0.006746
-0.525623
-0.700254
0.292507
0.388262
0.400627
0.012514
-0.385519
-0.537524
0.165064
-0.415196
0.963517
0.085643
0.040417
-0.311621
0.308624
-0.744370
0.451324
-0.418987
0.646619
0.485669
0.525595
-0.006856
0.597506
0.138192
-0.621497
0.149308
0.402726
-0.119858
-0.185343
0.452920
-0.659420
0.434411
-0.189743
0.077548
0.277402
0.064513
0.721070
-0.695473
-0.147425
0.304219
0.695804
0.330879
0.918247
0.877408
-0.415593
0.882685
0.069437
0.542891
0.223618
0.491814
0.452851
0.420301
-0.543136
0.016766
-0.324621
0.088896
0.154485
0.370927
0.012137
-0.098153
-0.331593
-0.440023
-0.400956
0.205465
-0.138396
-0.079110
-0.956239
-0.154150
0.243955
0.009362
0.119004
0.348798
-0.414402
0.171412
0.097701
0.321778
-0.040665
0.360601
-0.923473
-0.400803
0.050161
-0.377012
0.345536
0.232061
0.216949
0.178042
-0.226363
-0.200838
-0.272466
-0.057119
-0.025936
-0.124811
0.090774
0.142791
0.344474
0.172359
0.456260
-0.631870
0.342726
0.572267
0.353249
0.063192
0.119419
0.698674
-0.151401
0.063146
-0.432120
0.089138
0.173878
-0.120420
0.147773
0.370117
-0.111980
-0.153010
0.145288
-0.257991
-0.019354
0.086491
-0.518615
-0.417405
0.549597
-0.221543
-0.251730
-0.224691
-0.235352
-0.159722
-0.554167
-0.572294
0.535453
0.851765
-0.119322
-0.261555
0.357344
-0.349520
0.110745
-0.057433
0.715752
0.354500
0.222026
0.083328
-0.529373
-0.112430
0.290303
-0.045697
0.469864
0.692290
0.070203
0.489652
0.825802
0.399341
-0.390961
0.325196
0.130038
-0.313478
-0.168604
0.686717
-0.416601
-0.056202
-0.575141
0.569738
0.122189
0.785570
-0.076360
1.333485
0.576891
0.669673
0.309921
-0.572541
-0.243962
-0.097920
0.058230
0.675632
0.454985
0.007538
-0.609498
-0.244447
-0.175441
-0.849504
-0.087982
-0.166465
0.614456
0.397386
-0.298851
0.024173
0.057626
0.075765
-0.013245
0.239024
-0.569859
0.072675
-0.006163
-0.027685
0.542216
0.308591
0.417605
-0.296886
-0.265624
0.072661
-0.278864
0.131677
0.233005
0.273540
0.754235
-0.184796
-0.780746
0.695325
0.520628
0.510246
0.107752
-0.366539
0.021179
0.326697
-0.443296
-0.353718
0.244726
-0.386678
-0.079359
-0.530208
-1.021472
-0.421145
0.000897
-0.226098
1.094481
-0.238565
-0.216144
0.294811
-0.781980
-0.381604
-0.292811
0.441255
0.908553
0.326871
-0.383364
0.588242
0.323080
-0.071728
-0.729096
-0.419149
0.518898
-0.146479
0.191364
-0.323832
0.627334
-0.030428
0.196042
0.119870
-0.025233
0.350844
-0.176884
0.199112
1.000954
-0.740507
-0.139833
0.172791
-0.329016
0.118066
0.111312
0.297533
-0.030017
0.078502
-0.085497
0.023504
0.103287
0.808043
-0.484162
0.562037
0.385820
0.569981
0.128209
0.020394
-0.505916
-0.118746
0.625140
-0.913599
0.113361
-0.193508
0.352945
-0.265044
0.253750
0.259195
-0.111025
0.450734
1.116523
-0.789219
-0.359014
-0.256270
-0.114265
-0.234149
0.004328
-0.432568
0.877078
0.264751
0.395342
0.096465
-0.438832
0.055813
-0.347322
-0.986567
-0.208861
0.174112
1.441547
-0.661174
-0.249931
-0.281969
-0.086796
-0.070861
0.449523
-0.429241
-0.016941
-0.712518
-0.193864
0.035415
0.031524
0.673397
0.517135
-0.112607
-0.293368
0.017065
-0.267587
0.163774
0.087246
0.150588
-0.448863
0.439274
-0.354964
-0.242118
0.253037
-0.176562
0.346751
0.002661
-0.213959
-0.119698
0.369258
0.176052
0.072301
-0.422363
-0.483124
-1.168445
-0.262540
-0.109528
-0.144371
-0.907788
0.193211
-0.181746
0.304294
0.097515
0.108359
0.170345
-0.639523
0.234577
-0.828387
0.082939
0.814290
-0.139094
0.180023
-0.484600
0.362951
0.454136
-0.132114
-0.534262
-0.399557
0.328401
0.398095
-0.174425
-0.196033
0.498895
0.213162
0.630073
0.284259
-0.734693
0.222170
0.054783
0.032227
-0.298395
0.091257
-0.442378
-0.607088
-0.013028
-0.012852
0.062702
0.326968
-0.134335
-0.290543
-0.112721
0.042274
-0.514370
0.259653
-0.781857
0.377835
-0.209712
-0.261920
-0.364500
0.413009
-0.387293
0.421325
-0.209648
0.165814
0.340603
-0.314498
-0.070016
-1.047063
-0.248954
0.146385
-0.187154
0.275993
0.143091
-0.402797
-0.372193
0.054725
0.132452
-0.221745
0.354832
0.531965
0.319790
0.342292
-1.014814
-0.630895
0.260972
-0.441974
0.198614
0.180802
-0.058722
-0.267428
-0.154074
-0.612231
-0.151456
0.399671
-0.700080
-0.291097
0.711839
0.633171
-0.049297
-0.176374
0.847063
-1.154319
0.777650
-0.837001
-0.069495
0.806430
0.538906
-0.692577
-0.149129
-0.334130
-0.326973
-0.434716
0.415732
0.324940
-0.814888
-0.185377
-0.318844
0.333430
1.184978
0.548689
-0.168840
-0.024701
0.502244
-0.553808
-0.821238
-0.132087
-0.639114
0.443974
-0.586341
-0.436284
0.376660
0.004010
-0.194935
0.149982
0.148473
-0.182741
0.557459
0.356373
0.544255
1.174623
0.229538
-0.362550
0.320799
0.147677
-0.367456
0.581458
0.212518
0.288788
0.446978
0.247507
-0.557389
0.255551
0.648418
-0.190443
0.304409
0.604067
-0.041722
0.408428
-0.147797
0.328205
-0.108362
0.137474
0.387696
-0.244962
-0.071986
-0.066789
-0.641626
0.204519
-0.120458
-0.993795
0.743376
0.510718
0.001870
-0.312748
-0.143810
0.581778
-0.362555
-0.193334
0.178269
-0.629465
-0.307732
0.181215
0.065717
0.063684
0.117058
-0.222133
0.601337
0.392622
-0.006727
0.624462
0.197279
0.175596
0.375012
0.880897
0.253665
-0.479141
0.293357
0.556470
0.208796
0.023976
-0.269921
-0.129804
0.577290
-0.000050
-1.205227
0.187092
0.377533
-0.299473
-0.852852
0.103223
0.442336
-0.336289
-1.097066
0.180498
0.181306
0.444656
0.156322
1.228130
-0.064011
0.217400
-0.961871
0.343156
-0.776786
0.380472
0.107214
0.072510
0.351662
-0.051723
-0.700651
-0.225506
-0.184169
-0.315054
0.878832
-0.338810
-0.282145
-0.410918
-0.215944
-0.406132
-0.136018
0.191251
0.362778
0.013204
-0.479741
0.947902
-0.412210
-0.191565
0.099161
-0.691209
-0.044269
-0.393848
-0.180544
0.541651
-0.925755
0.493298
0.457300
-0.976030
-0.653189
0.426625
0.512316
-0.181572
-0.156518
-0.004006
-1.047073
-0.290461
-0.204377
0.095095
0.617884
0.137228
-0.316421
0.155259
-0.428623
-0.153489
-0.069127
0.304487
-0.268553
-0.313417
0.541960
0.037230
0.770890
0.492566
-0.323968
-0.551461
-0.238094
-0.996630
-1.287937
0.019067
0.456928
-0.074539
-0.006410
-0.281721
1.105285
-0.224770
0.211709
-0.491044
0.502152
-0.290833
-0.430628
0.405287
-0.647033
-0.098038
-0.406556
0.213020
-0.318228
-0.188619
-0.212318
0.122710
-0.411498
0.536792
-0.120039
-0.388491
-0.174283
-0.892272
-0.395319
-0.359220
0.429132
0.188728
-0.181766
-0.289227
-0.014506
0.565187
0.452125
-0.213943
0.325105
-0.610154
0.365115
0.446385
0.243670
0.450899
0.844945
0.791993
-0.240905
0.037928
-0.454720
-0.568233
-0.274171
-0.352097
-0.467175
-0.141754
-0.585939
0.028048
-0.558455
0.239668
0.075438
-0.491650
-0.049087
0.168951
0.042254
-0.063426
-0.023466
0.939511
0.070750
-0.470500
-0.289042
-0.199514
0.141234
-0.094995
-0.017758
-0.620526
-0.755922
-0.731501
-0.037047
0.750013
-0.679422
-0.163214
-0.776552
0.262825
0.166398
0.119263
-0.282436
0.931102
0.578587
0.003016
-0.078058
0.253884
-0.280120
0.461073
-0.624386
0.493818
-0.265893
-0.553320
-0.326213
-0.704950
-0.067012
-0.015333
-0.396613
0.175017
-0.163588
-0.810907
0.109725
0.531854
0.446929
-0.177831
-0.132168
0.315949
-0.092132
0.684052
-0.057006
0.552374
-0.598933
0.575735
-0.033576
-0.110116
-0.634523
0.231708
1.222330
-0.154355
-0.278130
0.519648
0.374766
0.078402
0.128502
-0.271805
-0.282756
0.816034
-0.191953
0.661560
0.431506
-0.048627
-0.629613
1.195466
-0.780806
-0.103154
0.449740
0.662057
0.264465
0.862652
-0.933299
0.088808
-0.068105
-0.353815
-0.021814
0.276494
-0.548397
-0.387267
-0.419876
0.093204
0.232817
0.309502
-0.132188
0.730933
-0.055976
0.478140
0.330132
-0.145057
-0.203141
0.125559
0.460110
0.248948
-0.452126
-0.994258
0.114729
-0.092680
0.428946
-0.363167
-0.225332
-0.485990
0.127049
-0.106133
0.362355
-0.563647
0.769525
0.009412
0.338771
0.385876
-0.089362
-0.227126
-0.211717
0.362277
0.934898
0.926388
0.287355
-0.520999
0.222623
-0.013332
0.064634
-0.753397
-0.632423
-0.459349
-0.549938
0.290595
0.291442
-0.450197
0.397182
1.181100
0.206703
0.153596
-0.035122
-0.019655
0.196195
0.644272
-0.408306
-0.086718
0.006304
-0.343246
-0.305880
0.511832
0.361711
0.789750
0.649608
-0.268790
-0.002457
0.120198
-0.001822
0.658295
-0.452370
-0.002494
-0.792203
-0.062103
-0.031120
-0.316626
0.329956
0.373249
-0.020217
-0.240865
-0.081269
0.220453
-0.410184
-0.122312
-0.001939
0.397912
-0.794924
-0.560104
0.753346
0.028376
0.069252
0.253763
-0.197735
-0.775947
-0.196357
-0.084542
0.166911
0.013568
0.342567
-0.002125
0.298890
0.177690
-0.181140
0.033623
0.372105
0.544056
0.124523
-0.441922
-0.526889
-0.270958
-0.904628
-0.230951
-1.249415
0.700179
0.604435
-0.132032
0.066214
0.012310
-0.024892
0.678771
0.867763
-0.269596
0.238797
-0.794624
0.379807
-0.305280
0.002009
0.107147
0.130041
-0.046666
-0.124621
-0.176354
-0.463022
-0.140532
0.224242
0.522305
-0.276184
0.019091
0.322049
-0.445720
-0.996197
0.161384
-0.021063
-0.134191
0.208194
-0.356263
0.379716
-0.055567
-0.090094
-0.052551
-0.669777
0.273794
-0.169044
-0.769436
0.437103
-0.743968
-0.145230
-0.057902
-0.276187
0.499934
-0.219469
-0.160438
-0.057598
0.022574
0.084161
0.029176
0.581676
-0.517704
-0.274025
0.039346
0.006855
0.686038
0.004203
-0.299217
0.887070
0.200014
0.112823
-0.353582
-0.444691
0.693184
-0.143189
0.244735
0.257040
-0.703463
-0.338234
0.192245
0.412500
0.335345
0.622843
-0.051828
-0.952444
-0.024513
-0.340183
0.253350
-0.217493
0.578493
-0.843632
-0.081045
0.896941
-0.623543
-1.270948
0.280542
-0.209553
0.481425
0.103471
0.202433
0.508338
-0.650647
-0.199768
-0.239042
-0.295886
0.212741
0.063226
0.501389
-0.820946
-0.225950
0.716513
-0.287702
0.444005
-0.636037
-0.325862
0.006538
0.776353
0.260044
0.769882
-0.167619
0.140168
-0.018718
0.315906
-0.115222
0.532488
-0.429391
-0.162434
-0.258514
-0.212853
-0.466557
-0.108249
0.073753
-0.135332
-0.418055
-0.389652
0.367065
0.317440
-0.008799
-0.348070
-0.566037
0.147159
-0.618816
-0.385304
0.847562
0.106756
-0.219574
-0.473445
0.307613
0.876653
-0.079736
0.074888
-0.625406
0.284782
0.936167
0.534895
-0.190318
0.048766
0.152467
0.495448
-0.006053
0.124669
-0.017222
0.104208
0.241510
0.242257
0.723152
0.255228
-0.151095
0.531561
1.075116
-0.167141
0.465711
-0.945307
-0.090640
0.842611
0.579169
-0.052802
-0.560523
0.320327
-0.006692
-0.474396
0.021112
0.322464
-0.049330
-0.556389
0.822747
0.382237
-0.297167
-0.175664
-0.662346
-0.434626
0.015643
0.050942
0.685906
-0.017250
-0.222084
0.117616
0.299167
-0.171462
-0.518539
0.634557
0.130566
-0.397729
0.579993
-0.578212
-0.056945
-0.199826
-0.795987
0.237741
0.406808
-0.373880
-0.091095
-0.086725
-0.378105
0.198654
-0.394496
-0.302601
-0.354502
-0.656627
0.329815
0.184471
-0.363979
0.354506
-0.776416
-0.136784
-0.795485
-0.066608
1.142484
-0.152633
-0.922406
0.346283
-0.105170
0.384629
-0.288651
0.221775
-0.220559
-0.105342
-0.189099
0.455041
0.219480
0.107262
0.092674
-0.081908
-0.518987
0.325225
0.170523
0.254389
-0.294173
-0.251272
0.087343
-0.872530
-0.404389
-1.068818
-0.161797
0.788455
0.253960
0.038883
0.869431
-0.739249
