0.446147
0.665528
0.640202
-0.015007
0.040106
-0.286589
-0.321873
-0.159188
0.780451
0.114775
0.319821
0.205877
0.066050
-1.003118
0.375962
-0.222988
-0.566985
-0.882513
0.290848
-0.435282
-0.076675
0.082449
-0.795498
-0.576831
-0.086733
-0.582661
0.757899
-0.334067
0.497205
0.921142
0.205518
-0.450581
-0.186112
-0.502720
-0.130213
-0.173858
-0.158116
-0.548232
-0.265591
-0.338498
-0.253535
0.536116
-0.378740
1.399410
-0.139580
-0.656899
-0.113619
0.355981
-0.626430
-0.154657
0.022578
0.726797
0.762897
-0.468023
-0.736148
-0.186490
-0.132934
-0.041042
0.143477
-0.530973
-0.708050
0.015009
0.315533
-0.215206
-0.053868
-0.164469
0.092799
0.004024
0.301996
-0.065253
0.022702
0.304169
0.126185
-0.064914
-0.057759
0.393399
0.279414
0.021337
-0.291588
0.233935
-0.586000
0.095203
0.977276
-1.438603
-0.432765
0.351974
0.394257
-0.071219
0.410739
-0.345946
-0.260068
-0.037823
0.487023
0.421956
-0.568862
-0.320251
0.318358
0.021650
-0.095366
-0.814577
0.299699
0.345983
0.380059
-0.331018
0.012555
-0.113846
0.455316
-0.694752
-0.135474
0.474516
0.508113
0.051484
-0.067217
-0.843078
0.968872
0.067216
-0.068763
-0.333583
0.648673
0.264362
-0.591468
0.574446
-0.441144
0.129762
0.622171
-0.151764
0.020930
-0.012090
0.391466
0.267170
-0.163763
-0.060715
-0.545724
0.519675
0.653853
0.058962
0.253836
0.254619
0.376558
0.473157
-0.501995
0.192127
0.663390
0.298490
0.210773
-0.242114
0.274603
-0.515136
-0.177886
-0.208276
-0.293118
1.165690
-0.498046
0.262105
0.269214
-0.167427
-0.229699
0.039347
-0.037311
0.373681
-0.433902
0.066021
0.246369
0.051419
0.684444
0.264008
0.139419
-0.141892
0.486934
-0.314043
0.718128
0.505297
-0.249136
0.342135
-0.471787
-0.080137
-0.338320
0.085433
0.242370
-0.297210
0.263589
0.175701
-0.589942
-0.422997
0.239007
-0.820988
-0.545258
0.359844
0.268346
-0.425459
0.380522
-0.069881
-0.124494
0.306808
-0.265255
-0.440584
0.050729
0.077679
0.410087
-0.547933
0.211433
-0.476212
-0.572478
-0.463433
-0.601856
-0.318785
0.266672
0.625860
0.352911
-0.464852
-0.028475
0.202063
-0.285845
-0.301128
-0.783094
-0.216183
0.385982
0.084907
0.357584
0.270018
0.666936
0.249001
0.372143
0.685051
0.120749
-0.636827
0.266946
-0.391625
-0.328279
-0.302484
-0.059984
0.454852
0.737946
-0.012274
-0.048597
0.150047
-0.282252
-0.141691
-0.460186
-0.053948
0.180520
-0.418893
0.064494
-0.051323
-0.386076
0.372090
1.008360
0.214239
-0.155244
-0.354914
0.036413
0.486577
-0.069087
-0.227582
0.115756
-0.258322
0.780793
-0.088874
0.709129
0.361316
-0.118557
0.244601
-0.376261
0.304984
-0.241950
0.446598
0.261322
-0.509000
-0.254974
0.361595
-0.270948
-0.087921
-0.369288
-0.301328
0.514174
0.138620
0.618120
0.100143
-0.467844
0.463921
0.036851
-0.116126
0.234749
-0.096752
-0.079325
-0.420923
0.204226
-0.445827
0.483845
-0.693279
0.196140
-0.067750
-0.113320
0.963701
0.567336
-0.181403
-0.062845
-0.027750
-0.207730
0.450687
0.327040
-0.116134
0.158784
-0.381100
-0.005759
0.190520
-0.116657
-0.099433
0.707456
0.166745
-0.751574
-0.574686
0.544206
-0.797349
-0.314379
0.116467
0.146586
0.238822
0.012899
-0.219881
-0.154597
0.070135
0.217063
-0.299037
-0.699809
-0.856213
-0.566822
-0.605514
0.521328
0.539197
-0.087790
-0.182857
0.495088
-0.016981
0.719365
0.535466
0.449178
0.129672
0.132739
-0.638177
0.379293
-0.038690
0.397929
-0.080051
-0.960071
-0.357330
0.356459
-0.032350
-0.398971
0.525808
-0.027745
-0.462906
0.447825
0.261095
-0.342079
0.422459
-0.419313
0.291294
-0.089485
0.479349
-0.005073
-0.055938
-0.575478
0.006967
0.396357
0.150027
-0.003131
0.555382
0.600344
-0.106900
0.361555
0.220925
0.266032
-0.189350
0.196713
-0.138909
0.362400
0.347449
-0.245513
0.942353
-0.352436
-0.293655
-0.407365
-0.136511
-0.161173
0.211729
0.185506
0.323677
-0.477559
-0.290781
0.150847
0.088313
0.295334
0.050619
-0.311032
0.417033
-0.451727
0.020522
-0.153809
0.516229
-0.230717
0.093919
-0.229712
0.304632
0.181600
0.034793
-0.357339
0.223813
0.573624
-0.046001
0.705950
0.625153
0.716730
0.368820
0.851596
-0.114515
-0.868369
-0.453223
-0.545868
-0.044017
0.582472
-0.072186
-0.412541
-0.170955
-0.217207
0.593370
0.136392
0.601617
0.216401
-0.543608
0.337767
-0.236112
-0.215834
-0.320618
0.141340
0.337576
-0.077778
-0.288656
0.242625
0.710742
-0.302561
0.018034
-0.480068
-0.436563
-0.083319
0.189564
0.255518
-0.155883
-0.987513
0.139096
-0.050982
-0.021947
-0.620764
0.067393
-0.491190
0.387023
0.702497
0.600040
-0.031331
0.465074
-0.203288
-0.500806
-0.191784
0.051274
-0.220951
0.244200
0.493842
0.297339
0.015382
-0.233394
1.151391
0.247601
0.214999
0.064143
-0.121254
-0.229906
0.205640
-0.231643
0.165123
0.127216
0.852441
-0.599591
0.042542
0.039238
0.282784
-0.600051
-0.866201
-0.516521
-0.347083
-0.398498
-0.061710
-0.518685
0.214389
-0.066522
0.082961
-0.186210
-0.355676
-0.361534
0.243128
0.506061
0.305163
-0.735949
0.024097
0.285389
-0.057093
0.149172
-0.418905
0.521485
-0.052674
0.039443
-0.376084
0.378971
0.349472
0.139683
-0.286639
-0.684644
-0.743375
-0.039478
0.850078
0.567733
-0.453247
0.276833
-0.189668
-0.134876
-0.295958
-0.093645
0.577599
-0.379360
-0.556765
0.925317
-0.061440
-0.141650
-0.325850
0.508077
-0.255904
-0.027527
-0.100207
0.057884
-0.824753
-0.535328
0.773043
0.042169
-0.331330
0.590459
0.270611
-0.271691
0.331313
0.280284
-0.069179
-0.617146
0.849768
-0.019092
-0.553393
0.781575
-0.589638
0.189809
-0.530507
-0.368643
0.809883
0.201070
0.205535
-0.669421
0.535028
0.954870
0.723009
-0.099376
0.174200
-0.124493
0.295827
0.770196
0.063448
-0.292010
-0.690248
0.147190
0.463926
0.473168
0.097856
0.311861
0.162606
-0.453667
0.274636
0.035423
-0.008773
-0.267405
0.330264
-0.296198
1.347185
0.125978
0.181737
-0.928020
0.855899
-0.149957
-0.411980
0.277371
-0.044150
0.126832
-0.170522
1.067616
-0.163987
0.437537
0.043778
0.477873
-0.710941
-0.001024
-0.347801
0.980320
0.298680
-0.112313
-0.282837
-0.939264
0.237935
-0.557633
-0.381832
0.113788
-0.572047
0.036922
0.099832
-0.067195
-0.715915
0.654297
-0.443639
-0.179000
0.496869
-0.782499
0.613080
0.333790
0.224018
0.332735
0.726072
0.450852
0.502793
-0.255643
0.577642
0.116091
-0.425693
1.000635
0.008092
0.128183
0.522779
0.640404
0.354545
-0.062546
0.792404
-0.198252
-0.563982
-0.743075
0.194434
0.194712
-0.101807
0.348812
-0.234818
-0.228773
0.427522
-0.203753
-0.123465
-0.145526
-0.692657
-0.438285
-0.111554
-0.173468
-0.115808
-0.985533
-0.145171
-0.456566
0.402869
-0.166838
0.516322
0.146059
-0.385442
-0.277568
0.325424
-0.375432
-0.107753
0.293048
-0.054077
0.608138
0.041876
0.068968
0.128634
-0.038066
1.036504
0.805975
-0.071776
-0.057779
0.357133
0.591705
0.581744
0.128760
0.108192
0.298321
-0.287909
0.067927
0.134289
0.251794
-0.384896
0.002951
0.059795
0.615177
-0.557899
0.611879
-0.025013
0.132619
-0.035133
-0.158210
0.338348
0.418241
0.109812
0.525578
-0.282240
-0.143889
-0.448842
-0.351192
-0.085590
0.712166
-0.521235
0.963239
0.851869
0.148587
-0.172166
0.699805
0.322694
0.432319
-0.138538
0.360226
-0.204191
0.386975
-0.045251
0.627466
0.221875
0.052985
-1.011938
-0.514014
0.364389
0.182232
0.077872
-0.306818
-0.029869
0.103878
-1.200789
-0.238121
0.388885
-0.145292
-0.817597
0.046627
0.482699
0.310574
0.141135
0.267953
-0.719874
0.105301
-0.308824
0.222880
0.582563
0.146814
-0.828916
0.132009
0.042957
0.670599
-0.306597
-0.373800
0.366186
-0.682428
0.637449
0.048865
-0.317327
-0.131192
0.841225
0.083617
0.337682
-0.503068
-0.020011
-0.047701
-0.543248
-0.641942
0.158106
-0.144329
-0.119182
0.300413
-0.563374
0.047972
0.247104
0.071678
0.260931
0.266100
-0.479906
-0.183143
0.224873
0.774426
0.054626
0.237812
-0.233940
0.148067
0.587527
-0.186746
0.261269
0.690769
0.595488
-0.227273
-0.269959
-0.113049
-0.395752
-0.109204
0.037467
-0.324536
0.480203
0.583613
0.613234
-0.067031
0.214786
-0.588665
0.225910
-0.495390
-0.143737
1.223789
-0.030498
0.618506
-0.180071
-0.114655
-0.409140
0.582040
-0.237162
0.285717
1.155750
-0.111169
-0.149469
-0.447034
-0.297798
-0.141258
0.075332
0.256552
-0.511573
-0.204084
0.060895
-0.453027
0.631020
-0.044714
0.152113
0.012535
-0.238558
-0.470992
0.091584
0.361849
0.609805
0.416296
-0.503900
-0.706994
0.350060
-0.451822
0.136690
0.164460
0.363297
-0.342218
-0.222120
-0.236453
-0.130138
0.031698
-0.002976
-0.943127
0.373252
-0.203485
-1.196936
0.729444
-0.435709
0.010519
-0.840952
-0.604773
0.609915
-0.450051
0.721960
0.154782
0.133535
0.260515
-0.201903
-0.297783
-0.692631
0.262715
-0.176733
0.098847
0.283406
0.265371
1.187078
-0.084209
0.551304
0.250673
0.053599
-0.430522
0.504208
0.317516
-0.073265
-0.849058
0.107768
0.137498
-0.084025
-0.537031
0.230026
-0.291338
0.295178
0.398119
0.921782
0.609181
0.474583
-0.055126
-0.027989
-0.209675
-0.115530
-0.473879
0.327387
-0.163611
0.020779
0.445986
0.148185
0.414841
0.870696
0.403761
-0.035486
-0.175167
0.514900
-0.573046
0.898430
0.816810
-0.636022
0.813162
-0.080735
0.587660
-0.446313
-0.230441
-0.611953
0.021689
-0.265442
-0.408438
0.112341
0.764651
-0.284848
0.941703
-0.540015
0.170642
0.360520
0.657637
0.463289
-0.913182
-0.705914
-0.098060
0.103601
-0.030454
0.448253
-0.706893
-0.636304
0.078922
0.195435
0.204595
0.516339
0.850373
0.262656
0.621550
-0.031822
-0.500341
1.379546
-0.376883
-0.493417
-0.285818
-0.201606
0.111311
0.737891
-0.061640
-0.161185
0.070146
0.118878
0.938118
-0.274934
0.388448
0.579647
-0.488070
-0.132873
-0.529242
-0.072975
-1.113861
-0.256182
0.239393
0.101182
0.039192
-0.168930
0.220324
-0.925654
0.529715
0.019648
-0.424506
-0.316811
-0.724688
0.198164
-0.241450
-0.664111
1.065106
0.175838
0.227561
-0.113898
0.344749
-0.701509
0.822695
-0.101341
0.044327
0.166504
0.192818
0.101637
0.617090
0.407699
-0.365597
0.265741
-0.304968
-0.282871
0.135172
0.839575
0.585001
-0.569940
-0.240418
-0.010160
-0.383209
0.358133
0.529265
-0.360741
0.328399
-0.523503
-1.103992
0.218816
-0.751385
0.087403
-0.357505
0.288605
0.514435
0.349163
0.138463
0.146094
-0.218374
-0.306343
-0.415949
0.492236
-0.639851
0.034197
-0.249282
-0.880888
0.542350
-0.130653
-0.518493
0.818857
0.094359
-0.496257
-0.169526
0.392448
0.102615
0.284409
0.119780
-0.519324
0.500401
0.282135
-0.109511
-0.347240
0.186836
0.384201
-1.300099
0.440456
-0.491611
-0.582267
-0.275536
-0.169823
0.762121
-0.121390
0.535304
-0.112141
0.441678
0.335898
-0.307287
0.135110
0.893543
-0.194937
-0.087896
-0.133684
0.320651
-0.141544
0.577818
0.369828
0.394616
0.024089
0.196217
1.349743
-1.039345
0.719941
-0.223523
-0.116805
-0.414235
0.432807
0.406681
0.592330
-0.063746
-0.054952
-0.203304
-0.532649
-0.159978
-0.820026
0.088523
0.474293
-0.252891
-0.215084
-0.667520
0.363609
-0.212400
-0.044038
0.206914
0.660635
0.453638
1.171588
0.138441
-0.060738
0.037291
0.516214
-0.561539
0.367195
-0.597311
-0.127543
0.008120
0.034204
-0.463324
-0.349496
0.471888
0.042553
-0.246740
0.220578
0.054676
-0.138693
-1.072455
0.490058
-0.277480
-0.050281
-0.058529
0.420227
-0.348396
-0.605073
-0.445470
0.045840
0.133715
0.303670
0.425945
0.078818
-0.449643
0.124593
-0.363474
0.100725
-0.459953
0.321913
-0.579422
0.126584
0.908180
-0.271282
-0.042798
0.166329
0.333207
-0.538371
-0.455333
-0.330962
0.297684
-0.828210
0.299390
-0.507818
0.486536
-0.251400
0.114893
-0.493987
-0.086809
-0.375365
0.112715
-0.173270
-0.362220
0.674221
0.416133
-0.077346
0.094508
0.069966
0.529570
0.168843
0.126591
0.009710
0.563316
-0.449197
0.499918
0.182257
0.107112
-0.262831
-0.051666
0.132424
0.662329
-0.834758
0.737984
0.233791
0.121765
0.436442
-0.211807
-0.759594
-0.010602
-0.390000
-0.099109
0.337395
-0.385985
-0.581641
-0.448223
-0.682322
-0.026034
0.016694
-0.092001
0.490726
0.475991
0.290943
0.078547
0.003080
-0.001806
-0.115943
0.014273
-0.393818
0.388145
-0.000784
0.122218
-0.502537
0.253857
-0.298296
-0.015697
-0.285072
0.495457
-0.586553
0.251354
-0.878011
-0.193164
-0.479883
0.357616
0.585066
0.414715
0.033313
0.191733
0.803413
0.439206
-0.188056
-0.533931
0.211973
0.551188
-0.574701
1.035246
-0.010849
0.452547
0.250052
0.392700
-0.210044
-0.784379
0.383484
0.324898
0.038331
0.026776
0.310783
0.367425
0.325940
-0.508042
0.592207
-0.699179
-0.556096
0.300744
0.022286
0.505877
-0.921674
0.246446
-0.455895
-0.153691
-0.720218
0.502140
-0.073195
0.606451
0.254236
-0.551959
0.414899
-0.170009
-0.667716
-0.083507
-0.079960
-0.018851
0.044219
-0.108015
-0.091390
-0.416902
-0.015763
0.109115
0.602442
-0.026340
-0.455212
0.021226
-0.455055
-0.068951
0.262581
0.415913
-0.132910
-0.161234
0.555945
0.109115
-0.029954
-0.480928
-0.061571
-0.219812
-0.493914
-1.035403
-0.833574
-0.300660
-0.070536
-0.262535
-0.377053
0.137129
-0.035475
0.544960
0.251219
-1.033001
-0.685834
-0.302277
0.050127
-0.431695
-0.286762
-0.089919
-0.201436
0.026224
-0.070517
0.657332
0.164482
-0.145419
-0.779039
-0.423313
-0.667654
-0.189091
-0.001811
-0.605147
0.346360
-0.735491
-0.031431
0.338600
0.558251
0.628499
-0.088328
0.652896
0.411398
0.695316
0.491508
-0.343446
-0.535452
0.550987
0.714759
0.129184
0.529410
0.741527
0.803922
-0.322748
0.374976
0.362752
-0.149833
0.026000
0.306076
-0.164427
0.552809
0.175997
-0.150213
0.712745
-0.171391
-0.178765
0.577786
0.052638
0.290435
-0.328151
-0.299722
-0.564388
-0.311406
-0.131493
-0.625538
-1.007302
-0.489271
0.290987
-0.359984
-0.241673
-0.020713
-0.739886
-0.896543
-0.826536
-0.581561
-0.329051
0.100360
-0.637908
-0.500024
0.121811
0.064298
-0.366555
-0.726340
0.089925
-0.203883
1.194222
0.590915
0.272750
-0.066883
0.223007
0.864411
0.929907
0.480268
0.479350
0.347893
0.995876
0.379020
0.441478
0.864814
0.673090
1.097243
1.625334
-0.009226
0.382336
0.057347
-0.431791
-0.202530
-0.672291
-0.429977
-0.079826
0.006751
-0.022442
-0.347239
0.223716
-0.195338
-0.392309
-0.214442
-0.654805
-1.098552
-0.669156
-0.248791
-1.308641
-0.467178
-0.270383
-0.609700
-0.444210
0.081394
0.298872
0.332583
-0.289225
0.638556
0.142525
0.575975
0.016589
-0.364678
0.426084
0.438741
-0.219931
-0.104115
0.452417
0.008871
0.164827
-0.002635
0.885941
0.228101
-0.367883
0.075366
0.481835
0.458384
-0.120585
0.106959
-0.493372
0.497856
-0.474807
-0.810941
-0.327041
-0.436792
-0.480481
-0.315075
0.419740
-0.799381
0.693850
-0.644516
-0.647721
-0.634873
0.811781
0.163762
0.250837
0.131235
0.899130
0.131684
0.742885
0.009759
0.150744
0.679147
-0.349909
0.163782
-0.308191
-0.023754
0.222682
-0.232292
0.025196
0.271159
0.166568
-0.112635
-0.168142
-0.141968
-0.197916
0.073471
0.020421
0.763961
-0.489302
0.068226
0.124019
-1.003372
-0.265359
-0.612374
0.337356
0.423313
-0.326564
0.572111
-0.071366
-0.519164
0.378739
0.204410
0.003884
0.182151
-0.011624
0.695934
0.134929
-0.203493
-0.156194
-0.523517
0.808051
-0.608232
0.143500
0.185916
0.088003
-0.228544
-0.413561
-0.015686
-0.243807
0.659098
0.036408
0.172242
0.565860
-0.358777
0.562057
-0.423551
0.235939
-0.717628
0.283985
0.385653
-0.181083
-0.391961
-0.008133
-0.180928
-0.055278
0.267902
0.040892
0.549468
0.196566
0.568057
0.306628
0.632438
-0.025247
0.546016
-0.288214
0.200021
-0.200173
-0.037324
-0.276808
-0.006167
0.270791
0.720523
-0.068415
0.530223
0.077126
0.533480
-0.260530
0.357853
0.382329
-0.804049
-1.292829
-0.203003
-0.283641
0.354556
0.140238
-0.142630
-0.293065
0.036941
1.075711
0.262838
-0.022344
-0.757391
0.120133
0.425262
0.059702
0.313120
-0.011455
0.076678
-0.075174
-0.050216
-0.028021
0.416524
0.094739
-0.176176
0.004299
-0.340080
0.113828
-0.155062
-0.422977
-0.068438
-0.438673
-0.231311
-0.150046
0.478934
-0.520545
-0.667734
0.581418
-0.542709
-0.244177
-0.356287
0.130446
-0.375118
0.108386
-0.078944
0.112947
0.415412
0.361552
0.160465
0.564384
0.834907
0.329343
-0.157524
0.717950
0.281283
-0.555405
0.588999
0.901178
0.092918
0.058246
-0.159617
0.676026
0.209899
0.217695
-0.303817
-0.517089
-0.111043
-0.308874
-0.268229
0.119197
0.108138
0.568766
0.216848
-0.113598
0.466929
-0.257268
0.078887
-0.598904
0.260147
0.191990
0.195067
0.279785
-0.423961
0.311287
-0.308811
-0.336195
0.054239
-0.049064
-0.469071
0.069162
-0.240824
-0.973246
0.175739
-1.067708
-0.720948
-0.253287
0.018356
0.203568
-0.274627
0.280283
0.050067
-0.378998
0.463133
-0.893950
-0.727769
-0.183670
0.239350
0.245435
0.477433
-0.159850
0.391736
0.436028
0.581197
0.085726
-0.170810
-0.703691
0.628336
0.287944
-0.046089
0.127616
-0.244508
0.622101
-0.001547
-0.227034
-0.229667
-0.310452
0.178004
-0.170986
0.699726
-0.782431
-0.265317
-0.088126
0.458906
-0.159571
-0.239788
-0.636332
0.279576
-0.407738
0.681601
-0.348662
0.149858
-0.625966
-0.002205
-0.532881
-0.534416
0.702668
0.032752
-0.996234
-0.513501
0.062079
0.129240
-0.201160
-0.102162
-0.116016
-1.091341
-0.768971
-0.919603
0.506924
-0.129662
-0.569948
0.035138
0.201794
-0.310144
-0.035027
0.453066
0.375440
0.006450
-0.223098
0.144526
0.394858
0.249322
0.452935
-0.289473
0.077044
-0.067311
0.457408
0.031416
0.193228
0.161533
0.216914
-0.306300
0.301706
-0.378353
-0.751488
-0.407873
-0.426393
0.475397
-0.769378
-0.340086
-0.102617
0.683437
-0.377802
-0.045879
-0.078249
-0.118956
0.252657
-0.512779
-0.007911
0.063749
0.290822
-0.416291
-0.606758
-0.156021
-0.502257
0.727045
-0.457050
-0.628066
0.497500
-0.702555
-0.027774
0.765411
-0.362688
0.419306
1.132402
-0.638236
-0.611311
0.064507
0.163244
0.301324
0.606086
-0.134778
-0.350468
-0.527840
0.148255
-0.010618
-0.244208
0.541277
-0.117166
0.194644
0.383653
-0.041662
0.410023
-0.146438
0.108363
0.591272
0.267459
-0.133788
-0.433965
0.333491
0.588018
0.484090
0.200995
-0.069270
0.082394
0.166973
0.068342
0.246137
0.129119
0.205254
0.618871
-0.406909
-0.232354
0.243134
0.028227
0.139981
-0.208628
-0.999872
-0.025909
1.097629
-0.037938
-0.431589
-0.057510
-0.875561
0.734270
-0.095681
-0.545811
0.017938
0.191702
0.869096
0.435922
0.402300
0.033099
-0.358575
-0.388489
0.027610
-0.632320
0.191882
-0.127305
-0.201746
-0.034277
1.011719
0.437102
-0.437565
0.018878
0.083367
-0.278548
-0.098012
0.452464
0.928778
0.293751
0.469692
-0.400870
1.265519
-0.817625
0.321832
0.030633
-0.565683
-0.201237
-0.027053
-0.230897
-1.517757
-0.583215
0.459353
0.429760
-0.129510
0.357815
0.377048
-0.315022
0.317579
0.184173
0.114932
-1.243067
0.324659
0.301327
-0.116756
0.154379
0.226721
-0.721561
-0.590698
-0.213323
0.289868
-0.722551
-0.460986
-0.186677
0.229585
0.046286
-0.367276
-0.512436
-0.098080
-0.883349
0.361337
0.529907
0.206633
-0.628120
-0.941686
0.072295
0.208340
-0.832355
-0.251272
-0.258388
-0.061530
-0.180154
0.032734
-0.085220
-0.610893
0.362786
-0.345826
-0.362199
0.419151
0.287885
-0.283624
0.694014
-0.046774
-0.056371
0.117237
0.477098
-0.092588
0.227888
0.386306
0.055373
-0.618928
-0.439791
0.399256
0.298140
0.204108
0.579718
0.156883
-0.283611
-0.420816
0.978279
0.761479
-0.471290
0.438360
-0.352099
-0.234334
-0.153216
-0.425773
-0.706049
0.700305
0.842485
0.263049
-0.014881
0.377827
-0.236516
-0.160734
-0.395100
0.171795
-0.225138
-0.351110
-0.367706
-1.025201
0.627521
-0.279976
0.347193
0.108143
-0.059648
0.330260
0.108587
0.649777
-0.374056
0.040845
-0.391206
-0.169072
0.639906
0.275292
-0.332535
0.097941
0.005368
0.416899
-0.207468
0.200945
0.279697
0.168106
0.011565
-0.420129
0.679415
0.350222
-0.203550
0.141591
0.240030
0.237776
0.644619
0.277291
0.204953
-0.056233
0.564142
0.441781
-0.029441
0.137510
0.539574
0.019820
-0.037893
-0.489268
0.523730
-0.088593
-0.041703
-0.505812
-0.219077
-0.952654
0.390165
-0.312893
-0.188875
0.155683
-0.483730
0.255769
-0.542435
-0.696027
-0.004516
-0.138358
-0.271614
0.062882
-0.005873
-0.131540
0.335403
0.661404
-0.447595
0.093020
-0.444312
-0.161504
0.294476
-0.298940
0.477919
-0.169119
-0.239254
0.294137
0.411041
0.160275
-0.247486
0.652277
0.435832
-0.231652
0.577350
-0.807890
-0.394684
0.385281
0.529473
0.208822
0.030876
-0.518252
-0.343287
-0.421586
0.186835
-0.904798
0.318456
-0.263488
-0.600525
0.303264
-0.271711
-0.422690
-0.195910
-0.422244
0.360260
-0.264746
-0.246883
0.141813
0.050683
0.672686
-0.525395
0.673515
0.566720
0.514707
0.159056
0.013547
-0.298385
0.754839
-0.499241
-0.461424
0.024238
0.233312
-0.626060
-0.157070
0.446313
-0.483054
1.284410
0.444421
0.179485
0.125709
-0.366806
-0.232982
-0.121631
0.045955
-0.092742
-0.640301
0.835095
-0.582342
-0.451051
0.274908
0.625158
-0.351655
-0.149194
0.636103
-0.481026
0.158925
-0.438329
-0.446530
0.231230
-0.140472
-0.237862
0.511640
-0.162402
-0.214746
-0.308951
0.419605
-0.373183
0.180899
-0.265999
-0.231368
-0.236191
0.474658
0.106007
0.154432
0.937963
0.202970
-0.270908
-0.105434
0.132562
-0.152024
-0.763849
-0.049000
1.246843
0.178383
0.470634
-0.303033
0.421555
-0.360163
0.313850
-0.467875
-0.456116
-1.155107
-0.297105
-0.280194
0.707893
-0.184528
-0.444350
-0.323649
-0.010087
0.270443
-1.173985
0.465991
-0.029511
-0.359103
-1.001035
0.484511
-0.047472
0.483578
0.158472
-0.119919
-0.144711
-0.493549
0.029629
-0.033389
0.132842
-0.636471
-0.720082
-0.536330
0.698892
0.198872
-0.051374
-0.061649
0.000789
-0.188008
-0.005056
-0.094715
-0.051856
0.577140
0.665051
-0.276679
0.125177
-0.204910
0.107529
0.069928
-0.189405
-0.140690
-0.434204
0.919077
0.291141
-0.455025
-0.006820
0.269815
-0.684703
0.671859
0.554151
0.642463
-0.081754
0.103192
0.049909
0.336713
-0.388323
-0.454219
0.442776
0.223598
-0.215828
-0.102356
-0.115320
-0.131973
-0.199382
0.774721
-0.444505
-0.827751
0.256148
-1.004274
1.032110
0.117258
0.112722
0.451183
-0.296384
-0.176720
-0.316442
-0.079284
0.025905
0.710615
0.523938
0.892536
0.438728
-0.422339
0.278782
0.317947
0.339208
0.198823
-0.101704
0.249236
0.043932
-0.765939
0.573833
-0.466080
-0.150776
0.224923
0.457351
0.526387
0.364941
-0.981590
0.232464
-0.070921
-0.225028
-0.601455
-0.030954
-0.412141
0.694110
-0.032526
-0.691991
0.032448
0.596079
-0.485916
0.963739
0.059228
0.288387
-0.339832
0.218158
0.097000
0.144924
0.464825
0.048637
0.758809
-0.060136
-0.782731
0.070775
0.149461
0.690391
-0.309260
-0.063247
0.780207
-0.605308
-0.142090
0.380919
-0.412322
-0.149922
0.101286
-0.092321
-0.120728
0.087555
0.249708
0.138032
-0.305486
-0.074658
0.396916
0.127342
0.069188
-0.037119
-0.191403
-0.530165
0.093611
0.284536
0.391869
-0.128038
0.090328
-0.254161
0.104791
0.282509
-0.293855
-0.004550
0.465627
0.220632
0.249685
0.141700
-0.334271
-0.259984
-0.092383
0.611463
0.489195
-0.640101
-0.069500
0.453026
0.711644
-0.214559
0.410623
0.358349
-0.586009
-0.116209
0.403008
-0.650986
-0.107339
0.259127
-0.265690
-0.177755
0.034729
0.631949
0.018677
-0.445268
0.129611
-0.538545
-0.027973
-0.345908
-0.260595
-0.079816
-0.848518
0.072262
0.476496
-0.769822
0.036732
-0.396632
-0.014045
0.107075
0.274920
-0.314252
-0.247329
0.161380
0.483787
-0.206748
0.116640
-0.358632
0.148138
0.086784
-0.530331
-0.629544
-0.072894
-0.178507
0.309935
-0.575815
-0.841555
-0.132548
0.009039
0.604277
-0.687488
-0.364596
-0.226137
0.297757
0.418247
-0.251982
0.263537
-0.516282
0.158396
-0.071241
-0.105276
-1.498801
0.721696
-0.777455
-0.390220
0.577337
0.253570
0.322095
0.417361
-0.209251
-0.802355
-0.522110
0.406578
-0.408446
0.533367
0.227262
-0.125507
-0.300646
-0.729175
0.336548
0.065438
0.001330
-0.366045
-0.171077
-0.209953
0.653621
0.294067
-0.317447
-0.636134
0.392442
0.258864
-0.162053
-0.163336
-0.006992
-0.227574
-0.096769
-0.997755
0.212596
-0.234484
-0.043978
-0.886611
0.083164
0.342479
-0.343933
-0.194074
-0.321188
-0.250000
-0.226464
-0.098013
0.128266
-0.941380
-0.261113
-0.167651
-0.375346
-0.514963
-0.065884
-0.555547
-0.609550
-0.087829
0.221331
0.517599
-0.257435
-0.542743
-0.593436
-0.085701
0.264792
0.113592
0.193806
-0.213455
-0.277835
0.388087
0.151525
-0.344354
0.149894
-0.138229
-0.185656
0.325960
0.373324
0.551162
0.195131
-0.116569
0.098926
-0.243711
-0.150574
0.035690
1.034263
1.268585
-0.583629
-0.189050
-0.290093
0.249406
-0.604199
-0.643632
0.429986
0.401092
0.713125
0.521442
0.024153
0.319787
0.013146
0.371542
0.793079
0.105199
-0.248390
-0.464633
-0.126689
-0.103424
0.186639
-0.696202
-0.431263
0.957168
0.324108
-0.333579
-0.313768
-0.865338
-0.030694
0.180761
0.614731
-0.060641
-0.003967
0.386567
-0.002042
-0.412711
-0.432672
-0.231493
-0.959667
0.498061
0.833937
0.683429
0.191263
-0.323400
0.033474
0.055535
-0.201064
-0.108634
0.007617
0.001150
-0.278232
-0.454591
1.196647
-0.048316
0.434828
0.366880
-0.280616
0.334538
0.154435
0.001346
-0.736365
-0.205931
0.631701
0.177560
-1.038102
0.089840
-0.158767
-0.040294
-0.381359
-0.431492
0.752631
0.674468
0.526813
-0.705557
0.130463
-0.356528
0.437915
-0.302483
0.693393
-0.147655
0.880249
0.861609
0.071151
0.573781
0.099022
-0.229519
0.202350
0.428437
-0.143882
-0.089674
0.516732
-0.199262
-0.364049
-0.737880
0.080913
0.233474
0.282326
0.729855
-0.413629
-1.237775
-0.508130
-0.321934
-0.436153
0.427898
0.543406
0.372899
0.325578
0.167340
-0.106105
-0.126962
0.007085
-0.308409
-0.822032
-0.241036
0.245979
-0.679850
0.081885
0.560096
-0.198900
0.623313
0.100219
0.482004
-0.343157
-0.442679
-0.285271
0.130780
-0.124367
-0.700385
1.189899
-0.192057
-0.523260
0.360947
-0.044719
-0.241897
0.077114
-0.672258
-0.366905
0.109402
0.032236
0.105172
0.043428
0.180126
0.049645
0.074105
1.401080
-0.397290
-0.245724
0.317243
0.615370
0.592495
-0.140407
-0.009584
-0.459174
-0.140478
0.334024
-0.602469
-0.432632
-0.040529
-0.176245
-0.136710
-0.448931
-0.245864
0.502654
-0.339912
0.014691
-0.024778
-0.000436
0.138121
-0.270636
0.815411
-0.091972
0.036513
0.319927
-0.260562
-0.942702
0.356665
0.181413
-0.463049
-0.149155
1.029610
-0.096666
0.122961
-0.315888
0.105007
-0.105554
0.226251
0.500806
0.905845
1.249989
0.498385
1.157530
-0.272750
-0.292260
0.676735
-0.354608
-0.550919
0.480506
-0.654363
-0.298354
-0.426187
0.657340
0.580467
-0.240545
0.359947
0.101602
0.054141
0.151227
-0.429536
0.595779
0.291961
0.083845
0.083506
0.180250
-0.270294
-0.023509
0.273159
0.225102
-0.289116
0.120587
-0.615170
-0.501066
-0.010992
0.077603
-0.337030
0.573199
0.015107
0.131991
-0.927809
-0.048758
-0.464059
0.918861
-0.311473
0.773782
0.425635
-0.454810
0.248999
0.507506
0.484331
0.388177
0.033030
0.034188
0.107224
0.075611
0.847488
-0.056154
0.218365
0.843401
0.618066
-0.365346
0.208636
-0.254642
0.152842
0.604571
-0.348660
-0.267850
-0.462106
0.350902
-0.107675
0.133955
0.097797
0.048768
-0.537032
0.090222
0.369224
-0.444738
-0.259003
-0.022176
0.223706
0.406210
0.612529
-0.189126
0.132022
-0.144809
-0.464190
0.001344
0.437317
-0.834556
-0.014498
0.437429
0.697483
-0.021593
-0.633761
-0.266922
-0.486595
-0.799808
-0.554992
0.371971
0.597511
-0.344715
-0.532423
0.170672
0.713912
0.230628
-0.000428
-0.632487
0.090004
-0.434329
0.103387
-0.746491
-0.056614
-0.231668
0.160776
0.545603
0.620855
0.071516
0.199735
0.208207
-0.612856
0.290500
0.295683
-0.345438
0.772215
0.035878
-0.560189
-0.200005
0.810535
-0.291664
-0.299253
-0.015845
0.183983
0.354325
0.165022
-0.658174
-0.041831
0.301906
-0.166641
-0.025073
-0.084550
0.211682
0.033565
-0.477505
0.125766
0.426890
-0.851327
-0.626699
-0.574390
-0.285395
-0.604084
0.110574
-0.472500
-0.813364
0.297839
0.158403
0.493312
0.279854
0.065923
-0.024793
0.357437
-0.288384
-0.337685
0.153289
-0.876380
0.266425
-0.428103
1.128250
0.629172
-0.536099
0.584979
-0.148205
-0.524143
-0.444201
-0.542273
0.016625
-0.423427
-0.683359
-0.777590
0.129574
-0.134565
-0.765341
-0.232189
-0.167652
-0.250996
-0.147984
0.151891
-0.810397
-0.440121
-0.243739
-0.107992
0.304819
0.156934
-0.782792
0.240229
0.576124
-0.447541
-0.021239
0.189145
-0.068809
-0.797129
-0.029836
-0.381743
0.178330
0.326594
-0.299019
0.034916
0.025263
0.533393
-0.460026
0.420549
-0.451639
-0.489993
0.287221
0.696797
0.220640
0.927697
0.210194
0.376000
0.006787
-0.283749
0.179083
0.043776
0.345658
0.490265
0.460375
-0.034773
-0.499173
-0.163240
0.020699
-0.355530
0.027558
-0.355851
0.243700
0.377501
-0.322179
0.741438
0.213662
-0.043176
0.018381
0.382977
-0.598149
-0.506183
-0.197559
-0.577463
0.046856
0.283336
0.282192
0.505144
-0.027517
-0.229475
-0.550130
-0.243562
0.674137
-0.056456
0.396934
-0.231904
0.186784
-0.286678
0.314813
-0.451607
-0.531399
-0.090589
-0.099038
-0.168869
0.134423
0.450109
0.143794
-0.180177
0.756892
0.289621
0.453846
0.537899
-0.285930
0.277768
0.256983
-0.503135
-0.368151
0.242850
0.684313
0.197871
0.277308
-0.130392
-0.415677
0.532428
0.181843
-0.122952
-0.101213
0.620517
-0.246946
-0.000765
0.326680
-0.339207
-0.096687
0.160879
-0.550811
0.808705
-0.905093
-0.401071
0.130782
-0.364809
-0.048076
0.792877
-0.181202
-0.087528
0.202909
0.304203
0.406463
-0.270392
0.081255
0.553478
-0.293325
0.167997
0.723554
0.707242
0.032008
0.282214
-0.677627
-0.425331
-0.393309
-0.593473
-1.027079
0.132217
-0.609855
1.041071
-0.209126
0.227225
-0.811976
-0.062015
0.007279
0.176493
-0.254524
0.995643
-0.453916
-0.223139
0.661091
-0.382155
0.075255
0.156853
-0.114430
0.267431
0.017080
-0.180083
0.565552
0.063864
-0.054758
0.912326
0.244710
0.012977
-0.134948
-0.056774
-0.426237
0.019561
0.019063
-0.350340
0.821036
0.376290
0.371591
-0.657520
-0.380668
-0.344498
-0.583839
0.412679
-0.171787
-0.323676
-0.357512
-0.093530
0.294983
-0.601288
-0.010814
0.357810
0.735473
0.454213
0.743681
0.755066
0.382401
0.380900
-0.434309
0.255738
0.410612
0.612210
-0.353275
-0.466759
0.568363
-0.506383
0.635891
0.270200
-0.602773
0.004359
-0.290759
-0.924914
-0.206864
-0.283904
-0.254590
0.471207
0.166862
0.721572
-0.400586
0.076339
-0.004979
0.122791
0.400679
0.423416
0.368338
0.431382
-0.418087
-0.404068
-0.168203
0.332169
-0.438205
-0.696317
-0.209542
0.518426
-0.427907
-0.171079
-0.228893
-0.081100
-0.209368
0.004956
-0.182471
-0.710109
-0.661503
1.150172
0.603614
0.190723
0.326903
0.206888
0.557594
0.079598
-0.311761
-0.567374
-0.063047
-0.175890
-0.699738
0.351078
-0.831191
-0.469425
-0.073926
-0.511254
-0.011599
0.113878
0.256077
0.303092
-0.230064
0.155500
0.202572
-0.408912
0.555076
0.119154
0.146864
0.389524
0.251705
0.270096
-0.104941
0.798373
-0.394627
0.236573
0.399190
-0.355950
-0.347435
0.583967
0.266915
-0.290524
-0.050132
0.599776
0.116438
-1.076963
0.738275
0.482694
0.515589
-0.242098
-0.248351
-0.269967
0.391052
-0.284338
-0.271042
-0.205031
0.371434
-0.873559
-0.512580
0.093260
0.608152
-0.280122
-0.447565
-0.528011
-0.294306
-0.145261
0.039341
-0.262402
-0.048550
-0.472240
-0.557512
-0.135704
-0.003945
0.552534
-0.003784
-0.416934
-0.093721
-0.271141
-0.214277
-0.065751
0.671927
-0.415883
0.170221
0.235593
-0.303916
-0.087302
0.278827
-0.536954
0.178658
0.288705
0.496111
0.873993
-0.643232
0.213679
-0.213324
-0.081071
0.232384
0.039978
-1.343245
0.728180
-0.413122
0.024000
0.024377
0.402920
-0.124976
-0.329399
0.014715
0.069817
1.100301
-0.687565
-0.621435
0.168248
-0.272897
-0.233740
0.067523
-0.863859
0.318325
0.153804
0.273798
-1.139647
-0.522582
-0.275179
-0.187308
-0.234737
0.858494
0.323065
-0.493556
-0.152524
0.140052
-0.203571
-0.385748
0.662755
0.028411
-0.515610
-0.219544
0.232610
-0.531784
-0.434846
-0.298201
0.172541
0.769071
-0.045079
0.150894
-1.269265
-0.067528
-0.492802
-0.555969
0.263889
0.343350
-0.524367
0.059203
0.103519
0.493114
0.879599
0.214297
0.218983
-0.670451
0.047851
-0.186722
0.090778
-0.988847
0.207636
-0.264625
0.034936
0.605327
0.688190
0.036375
-0.392108
-0.126737
-0.785272
0.238807
-0.619376
0.364052
0.174383
0.164578
-0.360640
0.887455
-0.441065
1.311084
-0.279675
0.001450
0.579314
-0.213004
0.839364
-0.078422
0.107249
-0.137562
-0.814300
-0.372184
0.277890
0.552459
-0.614138
0.106369
0.362984
-0.302766
-0.520244
-0.453204
-0.229769
-0.751437
-0.060804
-0.314485
0.414757
-0.115907
0.275161
-0.112464
0.099540
0.237144
-0.295526
0.423032
-0.346812
-0.044074
0.487835
0.154191
-0.180904
-0.479660
-0.336337
-0.510065
-0.011628
0.774576
-0.361598
0.538007
-0.602850
0.148153
0.087972
-0.138608
-0.250746
0.146456
-0.304226
0.175567
0.012109
0.348886
0.565917
0.476292
-0.530894
0.489907
0.251006
-0.346526
-0.254596
0.136174
-0.458754
0.099301
-0.324874
-0.530893
-0.194170
0.166566
-0.418274
0.005166
-0.224467
-0.730315
-0.165117
-0.157168
0.006626
1.200818
-0.314852
-0.262094
0.570294
-0.072856
-0.479117
0.593311
-0.191384
-0.036801
0.270183
-0.229467
-0.068180
0.038805
-0.291261
-0.141878
-0.137181
-1.561188
0.464821
-0.690184
-0.166307
-0.134484
-0.603920
-0.285668
0.241494
0.384670
0.686570
0.370929
-0.283055
-0.503339
0.040295
-0.237744
-0.420245
-0.288327
-0.238721
0.079803
-0.013901
0.814006
-0.377554
0.311875
0.153772
-0.415325
-0.221095
-0.604881
0.049472
0.391226
-0.617161
-0.130078
0.287487
-0.055416
0.310441
0.525740
-0.190477
-0.073815
0.221207
0.637984
-0.118514
0.078816
0.087159
0.018203
-1.201259
-0.175272
0.177154
-0.050394
-0.142341
0.358012
-0.038573
-0.544837
-0.264459
-0.609545
-0.150557
-1.110380
0.312176
-0.011134
-0.041717
0.051952
-0.209191
-0.192771
0.373057
-0.117824
-0.712001
-0.387023
0.393254
-0.130379
-0.436852
-0.389812
-0.195367
-0.200797
-0.021159
0.296810
0.168788
0.179529
-0.279800
-0.594239
0.057132
-0.357771
-0.702104
-0.287418
0.273206
-0.263552
0.268101
0.047194
0.805803
0.178224
-0.055143
-0.372471
0.259080
0.620723
-0.381123
-0.237235
-0.066952
-0.315854
0.161578
0.263997
-0.021973
-0.317106
0.301658
-0.378587
-0.123324
0.575812
0.363766
0.044419
-0.034161
0.414902
-0.238476
-0.158378
0.367604
-0.764085
0.669670
-0.120598
0.486468
-0.344084
-0.300893
0.108666
0.324518
0.319877
0.121669
-0.143020
-0.614982
0.161571
-0.250726
0.660016
0.255651
-0.958424
-0.034768
-0.534403
-0.410570
0.008489
0.028042
0.169563
-0.482966
0.134309
-0.718008
0.478465
0.156034
0.405089
-0.094963
-0.296575
0.796004
0.328929
0.043601
0.508081
-0.272367
-0.378588
0.229505
-0.364488
0.851753
-0.521548
0.132698
-0.360482
-0.698419
-0.676064
0.036344
-0.930070
-0.298211
-0.185664
0.710948
0.301927
-0.548294
0.034970
-0.189465
0.183140
-0.206212
0.207578
-0.609851
0.204555
-0.473775
-1.199729
0.062452
-0.684917
0.318914
-0.258271
0.069367
0.078664
0.308508
0.040446
0.354240
-0.964658
-0.251521
0.379559
0.336657
0.306054
-0.909695
-0.123433
-0.564481
0.091221
0.283778
-0.331282
-0.047584
-0.776907
-0.243090
-0.219896
-0.071444
-0.170814
0.124025
0.357632
-0.326364
-0.945973
0.168665
0.534158
-0.256423
0.438618
-0.825049
-0.237575
0.096211
-0.175244
-0.218949
-0.360821
-0.486280
-0.878135
0.068684
0.119564
0.610463
-1.044117
0.806381
-0.187535
0.605264
0.019013
-0.359181
0.234630
0.122474
0.249012
-0.628214
0.583093
0.123138
-0.429814
-0.063585
0.307990
-0.245361
0.537513
-0.279703
0.368448
0.086901
0.920130
0.129356
0.002287
0.490615
-0.059742
0.296326
0.951810
0.111887
-0.062223
0.358299
-0.316520
-0.539322
0.130580
0.075955
-0.271409
0.032251
-0.411742
-0.362192
0.223741
0.098047
-0.825017
-0.215519
-0.384288
-0.482256
-0.392252
-0.087183
-0.941146
0.268703
0.218483
0.480495
0.193191
0.034855
-0.595922
0.611272
-0.324843
-0.431980
0.577618
-0.152664
0.266048
-0.393892
0.136869
-0.167817
0.077512
-0.075209
-0.191676
0.247806
0.604237
-0.221531
-0.218908
0.393840
-0.170612
-0.180393
-0.074411
0.334349
-0.467855
0.174731
-0.106681
0.610402
-0.954818
0.617702
-0.518202
0.159906
0.202015
-0.107628
0.161651
-0.201922
0.094162
-0.471355
-0.342246
0.924166
-0.381091
-0.442196
0.859253
0.036616
0.272004
-0.841260
0.124421
-0.167810
-0.307961
-0.548955
-0.413781
0.134597
-0.080220
0.527751
1.096653
-0.396040
0.529319
-0.695300
0.409612
0.149346
0.240926
0.205823
0.589949
0.012522
0.481755
0.088775
-0.071294
0.200037
-0.631578
0.028342
-0.714121
0.246841
-0.537845
0.256994
-0.385720
-0.448230
0.042525
-0.314317
0.172771
0.045012
0.857359
-0.533096
0.138618
0.328256
-0.055043
0.123673
-0.372520
0.286088
-0.477557
0.414950
0.199974
0.820088
0.071204
-0.505624
-0.093747
0.338067
0.529675
-0.095874
0.166764
-0.174493
-0.025774
0.308730
-0.120472
-0.095431
0.002787
0.249627
-0.149354
0.258518
0.468084
0.064774
0.171426
0.366876
0.784345
0.356234
0.087958
-0.137838
0.861228
-0.352448
-0.392081
0.532648
-0.074550
1.010471
-0.427142
0.436735
0.211593
0.295307
-0.446679
0.040743
0.447130
-0.207024
0.310090
0.564832
0.447968
0.415549
0.368586
0.325943
0.075167
0.219943
0.520116
0.206928
-0.002902
-0.022412
0.036223
0.239810
-0.004800
-0.260805
-0.130598
-0.164247
-0.139460
-0.053352
0.338108
0.075594
-0.282170
-0.011484
-0.265118
-0.382957
0.073569
0.624148
0.480823
0.460761
0.365946
-0.086949
0.248496
-0.449868
-0.647155
-0.205065
0.069447
-0.510004
0.041840
0.073048
0.335307
-0.120984
-0.503948
-0.164021
-0.536602
-0.580963
-0.753668
-0.141123
0.017745
0.231421
-0.087132
-0.106602
-0.407975
-0.370875
1.236041
-0.627423
0.228328
-0.038001
-0.759513
0.006845
0.367672
-0.168465
-0.377197
0.056923
0.905974
0.568724
1.201697
-0.012936
0.319089
-0.712933
-0.095397
0.076705
-0.009780
-0.016142
-0.733261
0.088854
-0.374773
0.118501
-0.118549
-1.019174
-0.274749
-0.353595
0.135532
0.699287
-0.046177
-0.391310
0.094899
-0.107062
-0.422072
-0.083250
-0.345092
-0.160276
1.086762
0.127032
-0.308791
-0.089499
0.240966
0.082349
0.494316
-0.334316
-0.522854
-0.659281
0.325396
-0.013193
-0.337485
1.019123
0.036562
-0.171923
-0.306910
-0.265580
-0.312262
-0.645321
0.143591
-0.298373
-0.227000
-0.748310
0.707370
0.231703
-0.107503
0.718650
0.052463
-0.098675
-0.564103
0.501764
-0.767642
0.101404
0.189953
0.370059
-0.160366
1.089753
-0.280799
-0.686687
-0.090647
0.387094
0.250991
0.348050
-0.071167
0.358490
0.416627
0.541555
0.203685
0.894588
-0.388133
-0.086369
-0.597361
-0.266728
0.247295
-0.310915
-0.623328
0.157814
0.943632
-0.149717
0.728969
0.132918
0.136808
-0.466505
0.626370
-0.451052
-0.836921
0.148744
0.438991
-0.500473
-0.563101
-0.219951
-0.150369
-0.661862
-0.107339
-0.291802
-0.173399
-1.006406
-0.129076
0.382844
0.805161
-0.799008
0.163349
0.822009
-0.671297
0.068318
-0.771106
-0.224712
-0.053009
-0.234071
0.077353
0.106630
-0.072229
-0.095889
-0.171317
0.199943
-0.711305
0.294155
-0.111626
-0.047339
0.139643
0.121981
0.672979
0.524938
-0.238607
0.893493
0.245515
0.252457
0.274551
-0.070483
0.340384
0.315578
0.660281
-0.160282
0.199121
0.937332
-0.501529
-0.598194
-0.836243
-0.994463
0.359878
0.228076
-0.661687
-0.362319
-0.876684
-0.365299
0.767112
0.313702
0.116654
-0.162799
0.286378
0.254988
-0.487556
0.450359
-0.039711
-0.623280
0.135880
0.072751
-0.262487
0.284514
-0.656897
-0.474983
-0.010856
-0.372532
0.546900
1.275046
-0.445131
0.236324
-0.433695
0.248477
-0.145035
0.074194
-0.521457
-0.576457
-0.427727
-0.006832
-0.349885
-0.508780
0.492699
-0.277185
0.488131
0.461492
-0.737898
-0.422632
-0.395831
0.224711
0.774023
-0.215087
-0.365117
-0.161175
0.048643
-0.173531
-0.667533
0.171174
0.696310
-0.145497
0.057499
1.057967
0.310692
-0.292545
0.227877
-0.954881
-0.433796
0.110192
-0.123877
-0.221707
-0.934456
-0.564811
0.302568
0.176697
0.627021
-0.616367
-0.118364
0.116163
-0.278237
-0.297416
0.209078
0.137957
0.247624
0.107438
0.160825
0.359466
0.522183
0.710065
0.847837
-0.101473
0.395795
-0.487836
0.140593
-0.194991
-0.071513
-0.367068
-0.081882
0.368858
0.004646
0.633472
-0.134178
-0.040558
0.021168
-0.005664
-0.327692
-0.202333
0.224286
-0.036131
0.348974
-0.428826
-0.052944
-0.549723
0.548621
0.052803
0.101145
-1.067877
0.674851
0.334357
0.810306
-0.655892
-0.592140
0.535408
-0.199703
0.135830
-0.249632
-0.271383
-0.203031
0.425889
0.088872
-0.189652
0.441785
0.118089
0.329864
0.594666
-0.472437
0.056098
-0.095963
0.042751
0.195859
-0.062094
0.359855
0.361433
-0.294331
-0.002383
-0.102045
-0.247265
-0.156592
0.293854
0.592686
0.970751
-0.110606
0.297404
0.199056
0.065980
-0.273064
0.089452
-0.565591
-0.243831
0.482577
