-0.668402
0.333315
-0.138833
-0.086804
0.712818
0.175257
0.306420
0.131383
0.565954
-0.579049
0.746401
0.799745
-0.385374
-0.160948
-0.012197
-0.485277
0.389079
0.110645
0.072856
0.084607
-0.632257
-0.059276
-0.132803
0.434901
-0.017816
-0.240519
-0.626636
-0.479792
0.761952
-0.096527
-0.396528
-1.149226
-0.225130
0.390879
0.353758
-0.065451
-0.313864
-0.202718
-0.063069
-0.618658
-0.274376
-0.584714
0.496610
0.311368
0.325589
0.407870
0.011309
0.167966
0.447344
0.282964
0.723597
0.211874
0.643456
0.065689
0.009219
0.141646
0.093063
-0.142135
0.182187
0.067006
-0.149325
-0.445010
0.049364
-0.039860
-0.128546
-0.486896
-0.408237
0.549259
0.116165
0.123354
0.075111
0.045208
0.348092
-0.378712
1.003495
0.403241
-0.361405
1.083553
-0.290463
-0.441028
0.162715
-0.742667
0.184565
0.581323
0.046722
0.003751
0.405980
-0.250509
0.036849
0.268743
0.788878
0.001296
0.422412
-0.093229
-0.630284
0.496579
-0.734310
0.789895
0.285957
-0.144585
-0.358215
-0.897191
-0.331962
0.420211
-0.121079
-0.669340
-0.561837
0.168788
0.380923
0.556592
0.290421
-0.159078
-0.621643
0.598844
0.247039
0.650517
0.230804
-0.008419
0.644336
-0.288885
0.089135
-0.049005
-0.632022
0.373351
0.144676
-0.229292
0.077007
0.088777
0.289482
-0.200724
0.261333
-0.333061
0.217720
-0.236837
0.358407
-0.420237
-0.464181
0.120389
-0.069568
-0.885410
1.094379
0.041871
0.449205
0.389361
-0.694880
-0.080627
-0.190810
-0.221683
0.246956
0.495174
-0.862462
-0.041827
-0.460720
0.506304
-0.179604
-0.562913
0.024540
0.323735
-0.146271
0.419212
-0.577689
-0.328536
1.126850
0.568332
0.719477
0.017912
-0.811336
-0.760175
-0.322991
0.429448
-0.332679
0.520853
-0.334296
0.209158
0.399974
0.259232
0.572926
0.300520
0.063230
0.274627
-0.555828
-0.156932
-0.609051
-0.012529
0.457055
-0.087518
-0.486125
-0.351799
0.242832
-0.044738
-0.068195
-0.182105
-0.324413
0.160612
-0.034505
0.292666
-0.264373
0.150619
-0.046569
-0.641700
0.121053
-0.014106
0.102953
0.239623
0.324726
0.073109
-0.385688
0.021960
0.446115
-0.455329
1.016287
0.139000
-0.266496
-0.206647
0.268951
-0.257944
0.741868
0.195967
-0.255476
0.731735
-0.242458
-0.104523
-0.132602
-0.331960
-0.159711
-0.059336
0.104251
-0.558088
-0.128692
-0.382192
-0.051546
-0.105641
-0.146528
-0.065850
-0.429131
-0.519604
0.521913
-0.245915
-0.093057
-0.094621
-0.350792
0.430883
0.524435
-0.323029
-0.447686
0.368070
-0.827212
0.253452
0.730156
-0.333961
0.646280
0.297601
-0.749297
-0.583647
-0.025018
0.609389
-0.137882
0.415692
-0.416667
-0.333059
0.542457
0.511865
0.140089
0.564325
-0.335774
-0.073942
0.037322
-0.351453
-0.339859
-0.481596
-0.094020
-0.221379
0.544084
0.687747
-0.723382
0.392887
-0.189368
-0.258703
-0.229813
-0.661459
0.262632
-0.788607
0.167173
1.178672
-0.336872
0.271320
0.800405
1.097090
-0.113600
-0.260362
-0.077491
0.504014
-0.403267
-0.576711
0.250874
-0.225098
-0.011151
0.071897
0.288606
-0.378734
0.034421
-0.004598
-0.530941
0.701934
0.156601
-0.339733
-0.099054
0.518277
-0.183491
-0.252668
0.188514
0.696584
0.328129
-0.460173
0.506753
0.461822
0.969404
-0.029152
-0.411999
0.084773
-0.706110
-0.427811
0.641966
0.090711
-0.204062
0.605215
0.936548
-0.815937
0.099177
-0.093398
-0.715469
-0.280263
0.425527
-0.111808
0.370827
-0.380463
0.175486
0.067223
0.413681
0.427857
0.356014
0.214172
-0.173235
0.335230
0.487949
0.265575
-0.073901
-0.021492
0.014987
0.777332
-0.080721
0.056331
-0.608501
-0.115987
0.175021
-0.244926
0.664073
-0.091495
0.061512
-0.091165
-0.293976
-0.038826
-0.793839
-0.183813
0.236841
0.255071
-0.017514
0.157807
-0.570710
-0.337614
-0.752754
-0.028671
0.050725
-0.356431
-0.572437
-0.207840
0.186010
0.534772
0.290810
0.021333
-0.460527
0.430375
0.071515
-0.140039
0.414037
0.238382
0.358083
0.424853
-0.568932
-0.969141
-0.145051
0.541472
-0.013127
-0.300306
0.230108
0.564539
0.192590
0.503219
0.228357
-0.780713
0.203003
-0.071645
0.296211
0.047801
-0.264452
-0.290196
-0.037705
0.013351
0.715616
-0.318274
-0.174002
0.364000
-0.398015
0.272977
-0.201132
-1.117924
-0.297290
0.308957
0.182038
-0.502677
-0.333257
-0.654981
-0.149042
0.034533
-0.094834
-0.625394
0.660731
-0.056096
0.013668
-0.490017
0.212033
0.471145
0.012937
0.194366
-0.557956
0.259794
0.462322
-0.135746
-0.153798
-0.105370
-0.284612
-0.078758
-0.165075
0.312585
-0.575756
-0.143478
-0.038863
0.611485
0.244292
-0.264305
-0.343814
-0.059540
0.274909
-0.727471
0.154625
-0.759897
-0.458255
0.025886
-0.456522
0.582303
0.466339
-0.151815
-0.198792
-0.256687
0.122406
-0.118154
-0.464024
-0.463620
0.332124
0.013469
0.325455
0.351829
0.566602
0.312019
0.200136
0.121274
0.011770
-0.518901
0.228256
-0.189991
-0.049511
-0.462669
-0.600407
-0.044209
0.278769
0.463510
0.056172
0.212731
-0.102917
-0.420533
0.282420
-0.192786
0.153701
-0.333928
-0.407128
0.351751
0.301343
0.358932
0.383814
-0.531908
-0.085896
0.596510
-0.391536
0.506601
-0.324419
-0.498768
-0.054975
-0.916194
-0.118893
0.209788
0.546874
-0.555466
-0.209203
-0.005196
-0.109874
0.462443
0.345451
-0.471327
-0.272921
-0.311560
0.159026
-0.149135
1.134171
0.015481
0.195339
0.081405
-0.047558
-0.262820
-0.626088
-0.169573
0.549358
0.000168
0.135308
-0.013530
0.155967
0.076552
-0.267743
0.072119
0.647503
-0.006138
0.786578
0.167682
0.337048
-0.118246
0.204240
0.081288
-0.412530
0.728468
0.708490
0.338006
-0.220294
0.200446
-0.324010
0.602820
0.205755
-0.183565
-0.303061
0.019029
0.064422
1.000654
0.047559
0.050456
-0.378573
0.142251
-0.595426
-0.754664
-0.061806
-0.568291
-0.116745
0.170813
-0.097384
0.281525
-0.235272
0.042493
0.046472
-0.039519
0.326133
-0.008879
-0.290867
0.155312
-0.195356
-0.005841
0.050474
-0.407299
0.420547
-0.879329
0.132932
0.821119
-0.013062
-0.287610
-0.124572
0.548387
-0.152089
-0.242650
0.086015
0.159321
0.724646
-0.502042
-0.529529
-0.284125
0.047533
0.120840
0.031768
-0.583234
0.112681
-0.026092
-0.029622
-0.163982
-0.088195
0.075481
-0.839064
-0.462703
0.241491
0.176315
0.038769
-0.288283
-0.030849
0.028367
0.314051
0.019593
-0.271710
-0.887732
-0.586828
-0.182419
0.446311
-0.194821
0.071046
-0.245935
0.384378
-0.541269
0.660241
-0.451043
0.645921
0.352619
0.095097
-0.414466
0.251699
-0.866474
0.195426
-0.075852
-0.946388
-0.345163
-0.151891
-0.607752
0.152502
0.164842
-0.350326
-0.448080
-0.344948
0.065079
0.173999
0.502772
0.835260
0.270724
-0.336745
-0.323827
0.237412
-0.092817
-0.177416
0.400393
0.376352
0.126448
-0.261074
-0.212639
-0.445002
-0.298125
-0.310942
-0.478196
-0.796230
0.025900
0.226749
-0.002412
-0.079795
-0.225566
-0.340558
-0.520150
0.132547
1.365711
-0.071836
-0.545237
0.348550
1.323490
0.035219
-0.203653
-0.075223
-0.041768
1.451424
0.052808
0.559713
0.361811
0.483929
0.299551
-0.076838
-0.379915
-0.148508
-0.072125
-0.101868
-0.037147
0.290641
-0.197900
0.374559
0.355572
0.094562
-0.532119
-0.280497
0.032504
0.146759
0.356678
0.326882
0.076119
-0.112225
-0.727605
-0.282087
0.598429
0.391538
0.335733
-0.277404
0.134568
-0.487199
0.523434
0.525490
-1.541062
-0.052507
-0.358277
0.481760
0.014433
-0.115991
-0.724198
-0.310642
0.009669
0.867565
-0.592738
0.181384
-0.077360
0.070799
-0.278245
-0.457565
-0.239418
-0.421515
0.844803
0.448237
0.357743
-0.329081
0.570236
0.015125
0.307919
0.134732
0.173418
0.183253
-1.084447
-0.839747
-0.321973
-0.576485
0.156960
0.180168
-0.351374
-0.276367
-0.272788
0.505662
0.669496
0.440322
-0.073540
-0.012876
0.737596
-0.299424
-0.456039
-0.191749
-0.137504
-0.259203
0.324155
-0.280088
-0.349032
-0.004391
-0.859775
0.088967
0.250838
0.151399
0.037345
-0.368766
0.266040
0.167753
-0.461544
-0.473228
-0.311998
0.169715
0.613121
0.205499
-1.576125
-0.453016
-0.239969
0.415608
0.094972
-0.228866
-0.284970
0.284985
0.439686
0.785988
-0.043344
0.554645
-0.222899
-0.182204
-0.692767
0.355239
-0.397912
0.349344
0.366751
0.449412
-0.488152
-0.232355
0.582333
-0.591956
0.885129
-0.192864
-0.339028
-0.559555
-0.214249
-0.065707
-0.479975
-0.237452
-0.325129
-0.360136
-0.062469
0.205362
-0.641457
0.170135
-0.506744
-0.128855
0.173229
-0.042278
0.290097
-1.269075
0.405630
-0.225728
0.448977
-0.435504
-0.556603
0.820025
-0.322097
0.920263
-0.476203
-0.317475
0.792501
-0.335461
-0.849833
0.906056
-0.394999
-0.684774
-1.010238
1.036142
-0.105330
0.225730
0.654057
-0.255547
-0.376639
-0.649208
-0.109870
-0.603754
-0.706054
0.792970
-0.379792
-0.507868
-0.237199
-0.142150
0.849660
0.127364
-0.771951
0.588451
0.065295
0.211046
0.190984
-0.448194
-0.098440
-0.652943
-0.049295
-0.426747
-0.152839
-0.697544
0.056341
-0.612617
0.021168
-0.640947
0.580941
0.316177
0.103397
0.292386
0.317228
0.312350
-0.703266
-0.120966
0.525926
1.094738
0.116671
0.671786
0.106216
0.183399
0.405829
0.356678
0.529153
0.569455
-0.060891
-0.559687
-0.154517
0.257987
0.361884
0.597965
0.075928
0.415356
0.644183
-0.069957
-0.036525
0.392633
0.451131
0.148908
0.426804
0.290950
-1.102629
0.021899
0.146564
-0.317222
0.002870
-0.235866
-0.090378
-0.224941
-0.188696
-0.075374
-0.420988
-0.417717
0.336783
-0.632601
0.422950
-0.256432
-0.199442
-0.127365
-0.445648
-0.551630
0.753761
0.409054
-0.651276
-0.241186
-0.473555
-0.190805
-0.039997
-0.337419
0.051970
-0.191691
0.226351
-0.014078
0.660732
-0.271718
-0.562328
-0.474288
-0.298902
0.408607
-0.308723
0.508201
-1.004789
-0.634394
-0.286999
0.094950
-0.214579
0.502834
-0.236823
-0.290147
0.660173
0.358229
-0.388002
0.220059
0.309242
-0.432720
-0.050046
0.533781
0.201191
0.055434
-0.871388
0.002754
0.386575
0.041994
0.535079
-0.544011
0.161757
0.160022
0.067368
0.684153
0.855780
-0.482364
-0.031561
0.758981
-0.543196
0.470014
-0.481450
-0.558218
0.540110
0.077115
0.052317
0.540478
0.830462
-0.577232
-0.164986
-0.059857
0.467107
-0.417803
-0.350474
0.561482
0.057699
0.294662
-0.150855
-0.361443
0.112342
0.353388
-0.099984
-0.477557
0.000729
-0.346414
0.250681
0.198816
-0.071614
0.195315
-0.248569
0.033973
0.871428
0.112510
-0.138161
-0.125210
-0.124820
0.353220
-0.007166
0.299193
-0.113492
0.086018
-0.253301
-0.254291
-0.336862
-0.139427
0.011899
-0.030695
-0.381366
-0.246351
1.478791
0.332103
0.648727
0.691348
-0.808057
-0.595037
-0.132715
-0.577633
0.647821
-0.417488
-0.218873
0.654540
0.095459
0.063788
-0.434732
-0.033120
0.114728
-0.409537
0.521690
-0.818004
-0.124943
0.446023
0.548963
-0.115824
-0.693267
0.538248
0.336946
0.291577
0.740919
0.149973
-0.683076
-0.016015
0.253472
0.208246
0.489561
0.983330
0.071770
0.401063
-0.195278
0.017829
0.327940
-0.132107
0.146596
0.608955
0.740297
-0.274633
-0.286796
0.603719
0.292991
-0.201424
-0.335970
0.210553
0.377004
0.594098
0.185216
-1.146053
0.773586
0.008718
0.326236
-0.142277
-0.151315
-0.255025
0.134042
0.774913
0.085589
0.237925
-0.765118
0.051726
-0.107221
-0.196942
0.067587
0.376376
-0.244964
0.098129
0.247215
-0.035782
-0.238152
0.132025
-0.550474
0.094991
-0.339374
-0.466571
-0.272210
-0.855693
-0.419942
0.302057
0.116311
0.202249
-0.982250
0.678299
-0.394068
0.491101
-0.136229
-0.464319
-0.228519
-0.026693
0.040246
0.012921
0.611660
0.961196
-0.319798
0.347629
0.099409
-0.208783
0.784898
0.269676
-0.265768
0.300222
0.132984
-0.453998
0.120504
0.297407
-0.715359
-0.674705
0.212455
-0.129647
0.307380
0.143010
0.290245
0.381974
0.006051
-0.657169
-0.287647
0.136357
-0.022755
-0.047676
-0.021449
0.197066
0.029750
-0.611211
-0.400914
0.269648
0.336267
0.689057
0.162074
0.104555
0.190494
0.221351
0.100250
0.589723
-0.335822
-0.494330
0.648717
0.030998
-0.881022
0.414165
0.681405
0.197483
-0.679743
-0.049862
0.320864
0.231383
0.380228
0.200893
0.005374
-0.087005
-0.796153
0.261177
-0.253797
0.390692
0.519204
-0.153420
-0.231677
0.070824
0.378217
0.504156
-0.010114
-0.081088
0.251814
-0.532761
0.438718
0.226950
-0.948379
-0.116681
-0.080402
0.627173
-0.255053
0.174392
0.281554
-0.024633
0.121636
-0.335973
0.807259
-0.176298
-0.050615
0.059889
-0.052396
0.495272
-0.019010
-0.268267
-0.048656
0.341751
-0.480333
-0.455815
-0.183941
0.074571
1.041174
0.106685
-0.536386
0.039548
-0.224016
0.221222
0.605185
-0.351775
-0.075223
-0.245225
0.143318
0.145315
0.249265
-0.851814
-0.671185
0.498881
0.748295
0.112854
0.394383
-0.598395
0.252841
0.744516
0.285943
-0.108576
-0.524108
-0.402689
-0.125875
0.109974
-0.826405
0.533924
-0.042848
-1.128900
0.211430
0.265089
-0.459924
-0.462449
-0.055358
0.414355
-0.346402
-0.505828
-0.183366
-0.322794
-0.490244
0.677525
0.038741
0.209673
-0.457810
0.156906
-0.237479
0.514838
-0.275633
-0.415929
-0.237007
-0.094264
1.126824
-0.252112
0.608165
-0.449035
0.085740
-0.558903
-0.018195
-0.058094
-0.185662
0.147242
-0.248703
0.450538
0.414342
-0.128556
-0.071627
-0.250357
0.552204
-0.041867
-0.340145
0.238473
0.312536
0.377350
-0.245540
-0.553730
-0.709713
-0.144510
0.294408
-0.003473
0.267927
0.559134
-0.532546
-0.259392
-0.545886
0.858321
0.351282
-0.260711
0.850195
-0.389359
-0.473191
0.248587
-0.044081
0.354163
-0.486949
-0.047009
0.379002
0.376174
-0.280906
-0.414227
0.297931
-0.408198
0.270634
-0.090191
-0.436900
-0.540462
-0.198396
0.091940
0.072019
-0.217443
0.292500
-0.600331
-0.111313
0.152964
0.240853
0.851314
-0.309195
0.104246
0.599985
0.441057
-0.358471
0.693473
0.592948
0.107871
0.989746
-0.091294
0.062041
0.499814
-0.264356
0.317894
-0.536300
0.410307
0.161961
0.578546
-0.223432
0.505701
-0.698790
-0.232404
0.029133
-0.223437
0.141990
-0.191504
-0.342167
0.027142
0.189296
-0.493965
-0.153955
-0.445539
-0.119194
-0.648170
-0.969542
-0.900158
-0.112850
-0.619053
-0.547201
-0.686458
0.352919
-0.808771
-0.358937
0.245110
-1.106707
-0.555046
0.052277
0.489223
0.329848
-0.295447
-0.065407
0.221518
-0.655428
-0.114240
-0.606140
0.119339
1.193934
0.680396
-0.392446
0.514911
0.706551
1.442116
0.935941
0.897318
0.873795
0.688413
1.428432
0.152978
1.005559
0.542707
1.227627
0.724725
1.065041
0.108770
0.564972
-0.124432
-0.258890
0.083575
-0.262115
1.197048
-0.486392
-1.194108
-0.656725
-0.796190
-0.740971
0.090455
-1.174224
-0.998856
-0.410241
-0.119509
-0.313582
-0.403864
-0.083934
-0.142073
-1.093185
-0.323288
-0.127875
0.333603
-0.183477
-0.374918
0.350262
-0.401265
0.327769
-0.534268
0.273669
0.290171
-0.142649
0.989862
0.462814
0.324589
0.837811
-0.580794
-0.342491
-0.131749
-0.395410
-0.121244
0.312513
-0.065819
0.070534
-0.423480
-0.078039
-0.512966
0.464747
-0.443611
0.067648
-0.160981
-0.592407
-0.307912
-0.012038
-0.973175
-0.152923
0.083980
-0.092819
-0.163438
-0.209672
-0.323843
0.600976
0.052485
0.465187
0.051315
0.185137
-0.363084
-0.210387
0.282107
0.322843
-0.483361
0.285164
1.018347
0.433629
-0.336125
-0.153295
0.639045
0.410341
0.746957
-0.046336
0.183844
-0.003727
-0.177513
-0.152057
0.082350
0.271601
-0.059297
0.251237
-0.177469
-0.195064
0.103587
-0.292993
-0.748121
-0.097305
0.234110
0.531489
-0.330067
-0.039310
0.659296
0.252178
0.289039
-0.173807
0.326443
-0.204944
-0.330983
0.324015
0.705021
0.223093
-0.442301
0.903004
-0.256742
-0.620342
0.022043
0.086197
0.588264
-0.388657
-0.318317
-0.596587
-0.703071
-0.147791
0.287455
-0.207819
-0.422432
-1.253737
-0.742656
0.101259
-0.060000
0.088857
1.182371
0.642782
0.339683
0.355363
0.360534
0.983416
0.151328
0.574675
0.049887
-0.169012
-0.586184
0.636933
-0.116442
0.399693
-0.379609
-0.190959
-0.249745
0.734247
-0.125391
-0.393759
0.237678
0.020506
0.615131
-0.026062
0.155866
-0.164678
0.125523
-0.749801
0.015580
0.684456
-0.492601
-0.026925
-0.567101
0.517852
0.118200
-0.398837
0.769960
-0.051301
-0.621978
0.194794
-0.501380
-0.619046
0.035526
0.044126
0.485546
0.125858
-0.144215
-0.070137
0.342598
-0.155960
-0.076321
-0.121999
-0.408186
0.371157
-0.355249
0.872051
-0.252760
-0.646785
-0.112838
-0.025244
0.328708
-0.456862
0.394136
0.063289
0.632229
-0.203740
-0.813033
0.215987
0.004342
0.406846
0.037899
-0.182947
-0.264705
1.558736
-0.027853
0.307482
0.529127
0.466953
0.304951
0.121560
0.269251
0.432456
0.216014
0.291060
0.895531
-0.443810
0.191772
1.228909
-0.178981
0.076195
-0.466149
-0.180653
-0.157283
-0.145644
-0.051083
-0.265959
0.239807
0.526389
-0.488984
0.334392
0.755945
0.384354
0.123581
0.031575
0.426453
0.109676
0.481201
0.265041
0.536193
-1.100399
0.265513
-0.659684
0.036206
0.490479
-0.177901
0.815650
0.075795
0.662742
-0.338360
0.138424
-0.239087
-0.179633
0.008624
-0.131263
-0.096575
-0.096184
-0.150501
0.003882
-0.013107
-0.142404
-0.719953
-0.469790
0.877954
0.330359
-0.063212
0.428653
1.242612
0.175807
-0.032948
0.068585
-0.063791
-0.244039
-0.174492
-0.014955
0.236898
0.484765
0.341179
-0.166569
-0.316135
-0.626571
-0.023081
-0.051464
-0.235884
0.362345
-0.151742
0.898156
0.157411
0.174543
0.232667
-0.019694
-0.574265
0.302814
0.864986
-0.719512
0.612322
0.440913
-0.528562
0.654890
0.420558
0.363270
0.029655
-0.260955
-0.799024
0.373585
0.234214
0.373499
-0.137743
-0.077821
-0.115239
0.406490
0.138589
0.056761
0.028292
-0.812837
-0.798595
-0.038192
-0.957026
-0.595636
-0.181816
0.085527
0.029055
0.485824
-0.593307
0.317396
-0.436753
0.147991
0.702847
0.098738
0.655932
0.626164
0.679299
-0.215269
0.035462
-0.073770
-0.457090
-0.227644
-0.113966
0.043163
0.411138
0.453768
-0.669467
-0.305629
0.387836
0.051354
0.441013
-0.041885
0.004859
-0.031924
0.078228
0.863354
-0.365829
0.222102
-0.403201
-0.434329
0.276627
0.251757
0.864709
-0.481928
-0.115046
-0.532662
-0.968913
-0.069348
0.247758
1.331704
0.054212
0.419716
-0.275836
-0.201912
0.720522
-0.220084
-0.289022
-0.533063
-0.483916
0.637475
-0.484145
0.053237
-0.476042
-0.156558
0.161585
0.277237
-0.357407
-0.326195
0.389034
0.360931
0.248890
0.351687
0.450098
0.870053
-0.261049
0.438004
0.097903
0.349987
-0.256931
0.611613
-0.471179
0.084020
0.041193
-0.096969
0.157153
-0.407680
-0.638130
-0.557296
-0.420516
-0.251301
-0.509696
-0.448861
-0.129512
-0.241966
0.080266
0.046230
0.057916
-0.572963
-0.143535
0.475689
-0.159751
1.351272
0.388021
0.044791
-0.249714
0.621567
-0.725786
0.262176
0.377565
-0.231370
-0.468240
0.513555
0.349875
-0.190080
0.625982
0.318335
0.141812
-0.196946
-0.081698
0.003045
0.333122
-0.873706
0.639272
-0.009112
-0.510770
-0.163224
-0.345491
-0.215664
-0.698469
0.588420
0.028733
-0.035201
0.029087
-0.014953
-0.658169
-0.937925
-0.189863
0.246219
0.100300
0.441431
-0.206511
0.504432
0.356840
0.072945
-0.555167
-0.862183
-0.321084
-0.188961
-0.561428
-0.683304
-0.144926
0.335362
0.720960
0.116723
-0.203098
-0.868135
0.560504
0.218860
0.365970
0.222738
-0.617122
-0.115812
0.404359
-0.096445
0.494223
-0.261778
-0.280355
0.161632
0.149528
-0.455773
0.646183
0.058286
-0.486345
-0.285458
0.231872
-0.921863
0.050242
-0.556697
0.466255
0.750661
0.312110
-0.561360
-0.096116
0.164504
-0.622581
0.213255
0.084723
0.045171
0.086338
-0.436127
0.192739
0.675606
-0.162869
0.006440
-0.151091
-0.781430
0.037652
0.758442
-0.028402
0.056883
0.041925
-0.837186
-0.701106
-0.581542
0.215053
0.015625
-0.383683
-0.413272
0.030475
0.475351
-0.093908
0.249223
0.343488
0.283262
-0.209615
-0.805088
0.810089
-0.275196
0.154131
-0.155720
-0.045017
0.186276
-0.000881
0.316839
0.029147
0.502053
0.416409
-0.119108
-0.437069
-0.116080
1.081223
0.182014
-0.603494
-0.134871
-0.192142
0.512761
-0.054488
-0.554126
-0.082937
0.317400
-0.056394
-0.451734
-0.438048
-0.238712
0.822457
0.143083
0.463913
-0.168735
0.076399
-0.154547
0.427884
0.202861
-0.347005
0.440565
-1.036472
0.291726
-0.192604
0.173852
0.003919
0.181885
0.502636
-0.166330
0.234474
0.049748
0.453781
-0.169298
0.071278
-0.405027
0.320570
-0.065242
-0.080568
0.064640
-0.247405
0.050211
-0.739838
-0.642819
-0.190918
1.111212
-0.525812
0.737452
0.839785
0.750414
0.143114
0.276064
-0.145194
0.253416
0.343831
-0.262261
-0.096860
0.046425
0.370650
-0.683325
0.168327
-0.664998
0.410991
-0.317020
0.381826
0.309596
0.143829
-0.288294
0.873184
-0.873615
-0.106923
0.612867
0.305808
0.128930
-0.635336
-0.053403
-0.147593
0.299562
-0.023396
-0.393008
-0.383218
0.009054
0.304930
-0.433935
0.142523
0.300838
0.524215
0.497936
-0.568107
-0.422930
0.024178
-0.842362
0.399493
0.327254
0.489794
-0.116652
-0.608841
0.251943
1.241181
-0.127409
1.023917
0.019089
-0.546878
-0.656323
0.047183
0.447795
-0.212781
-0.920209
-0.213622
0.416645
-0.028563
-0.360525
-0.008316
-0.260328
0.092324
0.014076
0.127513
-0.011549
0.364911
0.622185
0.046696
-0.160869
-0.626723
0.067893
0.072502
0.235589
-0.048855
-0.668808
-0.172881
0.222078
0.320923
-0.026898
0.328926
-1.013384
-0.166193
0.047793
0.186647
0.090739
-0.107164
0.220768
-0.875889
-0.835276
-0.323046
-0.100037
-0.147322
-0.235921
-0.401323
0.391438
0.178746
0.126625
0.328792
0.003985
0.285893
-0.325566
-0.663577
0.148782
0.197279
-0.335684
0.110188
0.780466
0.790306
0.267598
-0.184563
-0.001535
-0.747937
-0.639991
-0.603733
0.064473
0.644331
-0.022104
0.327989
0.504176
-0.088868
-0.184685
-0.142060
-0.353566
0.308704
0.521347
0.474308
0.193420
0.161604
-0.529417
0.181010
-0.072126
-0.009059
0.146554
-0.656147
0.067371
-0.030496
0.589863
-0.215717
0.013722
0.397847
0.074262
0.069496
-0.685098
-0.310050
0.819054
0.129062
-0.450286
0.692738
-0.492296
0.237581
-0.386883
0.064741
0.110396
-0.420639
-0.434437
0.103339
-0.378005
-0.708456
0.195402
-0.028936
-0.142883
-0.115101
-0.599046
0.679674
-0.279356
-0.184106
-0.061951
-0.113270
-0.383312
0.173066
-0.407723
-0.359092
0.340364
0.056173
0.507721
-0.708101
0.241186
0.480651
0.243805
0.052184
-0.784004
0.360186
0.257842
-0.815166
-0.427637
-0.099924
0.267639
-0.560024
0.480797
0.560559
-0.092501
0.028303
-0.256231
-0.426116
0.182480
-0.590445
0.409617
-0.118059
0.280851
0.368142
0.957071
0.336957
-0.242475
0.004953
-0.013361
0.304831
-0.066887
-0.751893
-0.649536
0.027832
0.405912
-0.276941
0.229588
0.648854
0.600854
0.241781
0.189642
-0.402299
0.108702
0.740671
0.223763
-0.047202
0.172307
-0.319614
-0.037279
-0.814396
0.425768
-0.144178
-0.103527
0.642678
0.277656
0.020154
-0.258578
0.022221
-0.108736
-0.193753
0.090379
0.626297
-0.673079
0.544231
-0.129124
0.534839
0.810756
0.082867
-0.499158
0.197897
-0.047611
-0.475868
0.251244
-0.013464
0.098012
-0.016610
0.205027
0.072814
0.221780
-0.098053
-0.649551
-0.674103
-0.799263
-0.686224
0.914794
-0.127527
0.730231
0.210378
-0.173013
0.072390
0.389880
-0.736586
0.118734
0.548164
-0.183702
-0.574185
0.011611
-0.028190
0.651108
0.113284
-0.026729
-0.220364
-0.147223
-0.340031
-0.175818
0.293040
-0.076360
-0.023066
0.600931
-0.439034
-0.415764
-0.293052
-0.473750
-0.359195
0.100316
-0.083013
0.596476
0.701962
0.595984
-0.496202
0.055199
0.033154
-0.033461
0.603033
-0.434383
-0.009101
0.482663
-0.114207
0.164807
0.092355
-0.774955
-0.330366
-0.223913
-0.568852
-0.179900
0.572318
-0.337509
-0.808851
-0.246423
0.029448
-0.042159
-0.077042
0.125018
0.050143
0.138851
0.654891
-0.015289
-0.107954
-0.622435
-0.657710
-0.068929
0.332425
-0.786268
-0.324254
-0.085127
0.130041
-0.266329
-0.051840
-0.358069
1.184989
0.162845
-0.115675
0.386920
0.044576
-0.052521
0.418095
0.189683
-0.501724
0.699739
-0.078560
-0.282116
0.371061
0.659077
-0.188025
-0.908419
0.184133
0.450604
-0.182777
0.410873
0.188197
-0.010593
0.349090
-0.326691
0.167309
-0.207463
0.038539
-0.403769
-0.128538
0.716821
-0.780405
0.783819
0.056226
-0.197098
-0.506498
-0.023715
-0.657735
0.159115
0.242598
-0.888986
0.082722
0.309947
-0.325298
0.189065
-0.333757
-1.112038
-0.338263
-0.027422
0.050196
0.236433
-0.168352
-0.065398
-0.034724
-0.385001
0.152833
-0.830515
-0.083145
0.179657
-0.228307
0.069189
-0.232767
0.083937
0.075528
1.222193
-0.208090
0.212256
-0.039026
0.320797
-0.318905
-0.272897
-0.545583
-0.505729
-0.057526
-0.297397
0.256824
-0.413556
-0.527089
-0.003749
-0.267785
-0.366859
-0.366200
0.129314
0.004578
-0.504328
-0.461714
0.889794
0.001051
0.215709
-0.390771
-0.276980
-1.106426
-0.459838
0.169545
-0.384879
-0.164306
-0.068073
-0.482761
-0.025327
-0.281697
0.225245
0.034781
0.360845
0.726038
0.104389
-0.218442
0.467096
0.538606
0.077656
-0.355968
-0.174293
0.349898
0.514565
0.375869
0.060174
-0.334941
-0.966611
-0.473730
0.228728
-0.174454
-0.586776
0.327902
-0.677461
-0.216708
-0.010237
0.175658
-0.197516
0.501076
0.409866
-0.140039
-0.048722
0.026010
0.052871
-0.750479
0.339608
-0.251411
0.778317
-0.176669
0.532735
0.479593
-0.031099
0.588264
0.667306
-0.353789
0.002678
0.357245
0.013037
-0.769639
0.176561
-0.541326
0.060181
-0.131177
-0.200681
0.257965
0.111286
0.022568
0.075134
0.945346
0.299783
0.369891
-0.420990
-0.407539
-0.768921
-0.182914
-0.357026
0.277885
-0.443510
-0.551867
-0.770991
0.284393
-0.082702
-0.023993
0.020477
0.346537
-0.035762
0.170273
-0.002480
-0.048507
0.951945
-0.330462
-0.089657
-0.575671
-0.106404
0.441216
0.331511
-0.705449
0.433122
0.238526
0.317153
0.924013
0.244985
0.224407
-0.327729
-0.334112
-0.093092
-0.414327
0.549120
-0.024111
-0.265102
-0.316479
-0.074490
0.185150
-0.989775
0.308550
-0.135721
-0.052751
0.141158
0.298988
0.198099
0.628221
0.484832
0.243805
0.130129
-0.287243
0.075876
0.006784
0.257587
-0.438242
-0.727263
-0.159000
-0.594778
0.255197
0.571266
-0.070023
0.035034
-0.672984
0.010696
-0.262160
-0.284701
0.103701
0.265278
-0.126696
-0.486937
0.153826
-0.410244
0.149356
-0.683892
0.023792
-0.048341
-0.449034
-0.294219
-0.413000
0.967753
-0.208479
0.150310
0.338360
0.269338
0.148427
-0.782796
-0.987998
1.002985
0.778576
0.562001
0.888324
0.136415
0.001224
-0.463903
0.420475
0.182278
-0.276353
-0.892743
0.466310
-0.469237
0.350147
0.638662
0.074004
0.303740
0.462949
0.575880
0.591449
-0.239855
-0.211254
0.197316
-0.248860
-0.833242
-0.401777
0.499117
0.579560
0.299127
0.138376
-0.385069
-0.809412
0.309638
0.341356
0.177806
-0.094324
-0.222788
0.918759
0.678554
-0.614931
-0.069337
0.018158
-0.617351
0.574585
-0.211677
0.164846
-0.025795
-0.106157
0.080319
-0.171926
-0.710505
-0.326161
-0.469181
0.726853
-0.120704
-0.500164
1.004471
0.302738
0.361141
0.360980
-0.106647
0.445571
-0.457768
-0.674089
-0.047316
-0.397805
0.046404
0.023301
0.167074
-0.717263
-0.244494
0.331746
-0.254336
-0.012414
0.025165
0.352246
-0.113363
-0.272530
0.064370
0.123201
-0.594508
0.165117
0.347671
0.609353
-0.080129
-0.006758
0.276446
0.616488
-1.048526
0.174062
0.365696
-0.097023
-0.344159
0.244036
0.523490
-0.220234
0.743559
0.811089
-0.056950
-0.317621
0.014494
0.237651
-0.487029
0.429880
-0.056272
0.389811
-0.127211
0.106621
0.172769
-0.290661
-0.098112
-0.121748
0.143732
-0.529866
-0.624733
0.067752
0.246683
-0.576101
-0.124308
-0.012211
-0.143711
0.074559
0.161191
0.989996
0.140958
0.009306
0.258717
0.738153
0.041870
0.729784
-0.129339
-0.999074
-0.632264
0.316775
0.539401
-0.573432
0.907484
-0.049216
0.022850
-0.320866
-0.527095
-0.740601
0.233197
-0.209251
0.315567
0.634432
-0.015923
0.318010
-0.010466
-0.090047
-0.268560
-0.051493
0.470723
-0.121130
-0.547856
0.185177
-0.203671
-0.278073
-0.044775
0.302167
0.366806
-0.340636
-0.096151
0.392509
0.745056
-0.873902
0.897970
-0.380362
0.197413
-0.464116
-0.111032
-0.231642
-0.216330
-0.505006
0.618993
-0.228025
-0.408310
-0.375083
-0.397971
0.073557
-1.074551
0.519020
-0.696151
0.085468
-0.293146
-0.014651
0.801813
0.305602
0.213779
-0.052451
0.330490
-0.041144
0.647448
0.073323
-0.136436
-0.519358
-0.277458
0.144926
0.397940
0.046027
0.157145
0.812851
0.372851
-0.031849
0.254153
-0.155149
0.446394
-0.034559
-0.483313
-0.006705
0.395666
0.379384
-0.537785
0.120673
0.067607
-0.056872
-0.769857
-0.326854
-0.193510
0.669713
-0.083820
0.009580
-0.189290
0.064562
0.480079
0.379012
0.081416
-0.098812
-0.472744
-0.409326
0.039441
0.391523
-0.197734
-0.503755
0.063443
-0.529535
0.183503
0.167497
-0.157071
0.040505
-0.613143
-0.029797
0.084935
-0.022657
-0.255634
0.574751
0.339583
-0.127470
-0.003340
-0.119410
-0.202335
0.302904
-0.245323
-0.056553
-0.227301
-0.521944
1.119931
0.688778
-0.248732
0.178426
0.039790
0.192968
0.131840
-0.897150
0.230663
-0.361679
-0.747230
-0.349772
-0.292828
-0.003729
0.346118
-0.497572
-0.065117
0.336490
0.737105
0.851600
0.420352
0.270236
0.319353
0.227407
0.472858
0.395090
0.319860
0.271186
0.046383
-0.705442
-0.153328
-0.024622
0.783507
0.245286
-0.019745
0.070350
-0.158197
-0.248700
0.104458
0.500470
0.557397
-0.927221
0.103589
0.600084
0.134622
-0.470593
0.400164
0.609764
0.168331
0.165394
0.010622
0.158383
0.160045
-0.402695
-0.260848
0.084221
0.551831
-0.156547
-0.665729
-0.163823
-0.135989
0.184260
0.113126
0.010652
-0.313171
0.029000
-0.428334
0.009578
-0.622737
-0.160871
-0.524302
0.316081
0.194511
0.654523
0.219070
-0.383157
0.282462
0.672971
0.017616
0.120366
-0.085873
0.019125
0.599051
-0.532440
0.476453
0.259264
0.659840
0.591901
0.305480
0.034590
-0.119646
-0.321127
0.122607
0.520200
-0.388709
-0.032765
-0.352400
0.121411
-0.050954
0.435762
-0.185111
-0.620839
0.630317
0.088855
0.254879
0.763128
-0.201881
-0.764134
-0.173912
-0.700225
0.314495
-0.406732
-0.400885
0.222508
-0.456275
-0.262361
0.065654
-0.314112
0.376263
-0.254831
0.398540
0.964241
0.230863
-0.535524
0.285124
-0.314894
-0.491184
-0.081984
-0.386437
0.398553
0.145281
0.202136
0.254066
0.138462
0.164195
0.210381
0.205704
-0.091470
0.330213
0.649848
0.499858
1.005518
0.057105
-0.166510
-0.291345
-0.013094
0.819954
0.307921
0.048425
0.512185
0.493335
0.352433
0.365658
0.259893
0.277035
-0.224538
0.318788
0.140835
-0.036007
0.725051
-0.071263
0.394030
-0.762496
0.349276
0.158838
-0.074502
0.345469
0.565009
-0.255330
-0.366173
-0.353993
0.259490
0.129210
0.638843
-0.739549
-0.446758
-0.620157
0.103218
0.447537
-0.383920
-0.133693
0.478839
0.276027
0.730374
-0.275757
-0.858745
-0.231918
0.381295
-0.114126
0.033121
0.531921
0.111666
0.753055
0.158114
-0.072108
-0.430589
-0.289504
-0.188176
0.537882
0.331283
-0.039161
0.343252
-0.377520
-0.529511
-0.359613
-0.345870
-0.264872
-0.554172
0.206697
0.287593
0.127205
0.596572
-0.274316
-0.107354
-0.047813
-0.661603
0.271840
0.305679
0.267735
0.410734
-0.027786
0.869257
1.190279
-0.045621
0.109565
-0.390113
-0.122128
0.157813
0.202611
0.481127
0.103511
-0.539359
-0.211764
0.535038
0.077706
-0.342770
0.120559
-0.393936
0.301238
-0.113306
-0.817633
0.151275
0.558937
-0.017016
0.090078
0.055266
0.288096
-1.114687
-0.254990
-0.768378
-0.208242
-0.046991
0.321553
-0.076471
-0.676147
-0.796516
-0.320465
0.440555
-0.529158
0.363931
-0.043195
-0.170507
-0.485371
-0.047628
0.090728
0.416378
-0.163216
-0.042384
0.151231
0.505484
-0.054821
-0.463788
-0.796092
0.130914
-0.147390
0.009177
-0.397266
0.191123
-0.029789
0.594493
0.386708
0.271315
0.845727
0.031447
0.428329
-0.178596
0.141671
-0.093956
-0.647091
-0.206106
0.083813
0.111264
-0.221440
0.009938
-0.022109
0.417163
1.202947
-0.180337
-0.093125
0.054268
-0.214350
-0.426653
-0.087117
-0.157336
-0.977194
0.824016
0.705539
0.862178
-0.105978
0.009699
-0.309205
-0.321069
-0.717249
-0.376078
0.190827
0.197643
0.066676
0.127930
-0.601459
0.031716
-0.097407
0.364047
-0.311383
-1.149635
-0.050366
0.299764
-0.455562
-0.894386
-0.025873
0.270257
-0.320362
0.185624
-1.041977
-0.288526
-0.017139
-0.322977
-0.030677
0.178581
-0.483972
-0.102422
0.342695
-0.364042
-0.060397
0.992892
-0.190222
-0.026360
0.046667
-0.140596
-0.015896
-0.498765
0.321290
-0.779238
-0.389823
-0.334020
0.226963
-0.265745
0.400046
-0.290030
0.419625
0.656330
0.147647
0.320585
-0.464846
-0.514439
-0.201303
0.174012
1.026104
0.112684
-0.243454
0.447279
0.193756
0.119518
0.138681
0.508889
0.052822
0.293970
-0.720592
0.927305
0.155407
-0.111604
-0.888649
0.417051
0.151984
-0.135135
0.045253
0.225190
0.042694
-0.277742
-0.233401
0.273542
0.608817
-0.351319
0.292484
-0.643471
0.528528
0.508097
0.144766
0.378532
-0.240748
0.235979
-0.069242
0.264853
-0.332057
0.591522
0.620891
0.226445
0.402595
0.089464
-0.415178
-0.952935
0.254415
-0.457271
0.091782
-0.317238
0.020987
0.653148
0.191045
-0.606170
0.051543
-0.043752
-0.187888
-0.306642
-0.297289
-0.387112
0.002851
-0.396153
0.562345
0.501198
0.373015
-0.146284
0.032086
-0.176214
-0.176813
0.029717
0.062210
-0.261653
-0.247867
1.181233
0.341005
-0.514806
0.108780
-0.767255
-0.528856
0.173180
0.139346
-0.658218
0.663742
-0.250573
0.011325
0.088446
0.602486
-0.226316
0.284328
-0.678511
-1.101959
0.365419
-0.610367
0.619165
-0.012942
0.584772
-0.546791
0.111527
-0.295913
0.022974
0.045933
0.636006
-0.305368
0.158834
-0.194253
-0.236886
-0.431708
-0.421218
-0.442927
-0.573983
0.071820
-0.188486
-0.238032
0.055005
-0.349509
0.745494
0.134376
-0.192680
-0.318340
-0.967154
0.249845
-0.736161
-0.677687
0.070911
-0.102554
-0.118640
0.076801
-0.735194
-0.217052
-1.184064
-0.114425
0.489364
0.255221
-0.275393
-0.669800
0.441174
0.399154
0.084906
-0.151483
-0.199851
-0.793823
-0.101337
0.593855
0.575192
0.189936
0.944994
-0.029333
0.223991
0.443049
0.937052
0.142454
-0.190897
0.784288
-0.324212
0.332924
-0.336898
0.516721
0.207137
0.450123
0.521149
-0.407406
0.076052
0.089910
-0.028794
-0.466513
0.085583
0.412938
-0.086076
-0.599848
-0.051637
-0.070001
-0.118647
0.125563
-0.128102
0.332586
0.716669
-0.642454
-0.907313
-0.227447
-0.262055
-0.014433
0.178835
0.466756
-0.003558
-0.603191
0.386349
-0.605719
0.498843
0.201072
-0.489329
-0.230036
0.383003
0.161245
-0.240593
-0.293163
-0.283779
0.537463
0.626275
0.455664
0.097712
-0.303473
0.056328
-0.919184
0.382645
0.787309
0.380232
-0.169633
0.208432
0.338394
0.199219
-0.292819
-0.956516
0.106350
-0.663084
-0.121524
0.030069
-0.067379
-0.121569
-0.221284
0.660128
0.484637
0.267114
-0.239336
-0.297828
-0.849980
-0.527947
0.544759
0.195901
0.286028
0.487481
0.000209
-0.783349
-0.251092
-0.489323
-0.233535
-0.905557
-0.367098
-0.225131
0.425197
0.090826
0.067730
1.037248
0.535938
-0.415766
-0.598094
-0.393584
0.705882
-0.557348
0.233183
-0.178295
0.328388
0.118573
-0.290446
-0.542670
0.599640
-0.221978
-0.111012
0.225696
0.120569
-0.288900
-0.144736
-0.223435
0.242583
0.185002
0.083993
-0.469875
0.087949
-0.203352
-0.136350
-0.419775
1.065376
-0.576303
-0.688053
0.320374
-0.786680
0.204449
-0.050269
-0.149367
-0.281336
0.034506
-0.150151
-0.202618
1.144622
-0.446234
0.429621
-0.429041
-0.081944
-0.324955
0.041953
-0.060411
0.186965
0.303092
0.401914
0.031878
0.045177
0.010949
-0.089676
0.049681
-0.207125
-0.461767
0.396222
0.443889
-0.426590
0.387371
-0.295359
0.118366
-0.314274
-0.356683
-0.159770
0.288896
0.090031
0.172753
-0.003426
-0.592098
0.592832
-0.875602
-0.059427
-0.029094
-0.180701
-0.033960
0.895823
-0.336635
-0.386983
-0.009045
-0.427333
-0.088768
0.856372
-0.029119
-0.235634
0.485305
-0.440332
0.367529
-0.246601
-0.220851
0.720594
-0.073994
0.371383
-0.152792
-0.530601
-0.523305
0.147885
-0.105191
-0.170359
-1.016680
0.427911
-0.080529
-0.138174
0.410029
-0.283904
0.337914
-0.611139
0.305724
0.202676
-0.084377
-0.241307
0.330247
0.102029
-0.052303
-0.424146
0.319580
0.289726
0.411919
-0.271219
-0.004630
-0.049516
-0.663628
-0.003603
-0.083716
-0.209600
0.459996
0.604610
-0.084706
0.009268
0.873034
-0.075041
-0.142446
-0.408822
0.023478
-0.347853
0.602977
-0.100951
0.437729
-0.631251
-0.367467
0.320777
-0.646720
-0.169584
0.284987
-0.008459
-0.040518
0.567596
-0.529802
0.175171
-0.563929
-0.057709
-0.214694
0.076284
-0.350398
-0.418000
-1.193641
-0.058548
-0.187017
-0.015469
0.421385
0.090485
-0.393714
0.056827
0.827418
0.211242
-0.009930
-0.739078
-0.532970
0.271219
0.298732
-0.200565
-0.322191
-0.459934
0.240277
-0.055801
-0.138432
0.271017
-0.269579
0.125333
0.364391
0.073044
-1.097871
-0.593117
0.457864
0.964185
0.021767
0.652906
-0.398336
-0.482639
-0.910159
0.141771
0.173473
0.365508
0.100478
-0.862923
-0.016574
0.278781
0.498748
-0.075828
0.325384
0.266759
-0.050278
-0.114028
0.381850
-0.005518
0.095139
-0.444621
1.195593
0.021328
0.106079
0.127525
-0.310513
0.710276
-0.041477
-0.170123
-1.072270
-0.281721
-0.123075
0.286352
0.520934
-0.031333
-0.120856
-0.297585
-0.494453
0.196045
0.022632
-0.625846
-0.285955
0.127767
-0.221727
0.867865
0.273199
-0.205958
-0.251343
0.088087
-0.118860
-0.373090
-0.328605
-0.315806
-0.612154
-0.497134
-0.510049
0.333597
0.032933
0.140659
0.360371
0.115168
0.255051
0.103451
0.143840
-0.425374
0.239776
-0.274143
0.371573
-0.135840
0.685318
-0.057660
0.044458
-0.165765
0.242503
0.247693
-0.124515
1.015862
0.513609
0.039317
0.365304
-0.126810
-0.253039
0.754015
0.375048
-0.476525
-1.083351
0.298342
-0.005530
-0.132117
0.138682
-0.141753
0.183336
0.253795
0.270740
-1.033808
0.205337
-0.186221
-0.317980
-0.241111
0.069058
-0.143717
-0.754253
-0.110099
-0.319397
0.492446
-0.096013
-0.331690
-0.154737
-0.022203
0.654632
0.043718
-0.471602
-0.008510
0.718258
-0.135180
0.036692
0.668069
-0.104965
-0.055906
-0.376140
-0.017585
0.239431
-0.190250
-0.737204
-0.199613
0.057073
-0.385791
-0.691299
0.222423
0.534760
-0.422285
0.136909
-0.496404
-0.607548
-0.414042
0.226758
0.098568
-0.339743
0.200646
-0.012913
-0.090161
0.719112
-0.264846
-0.613125
0.348693
0.837724
0.395273
0.165310
-0.290288
0.006462
-0.152696
-0.347785
0.001759
-0.293375
-0.789175
0.483803
0.942906
0.142140
-0.365021
-0.049169
0.222113
-0.061199
0.318700
-0.045493
-0.281610
0.315476
0.233024
-0.627747
-0.248792
-0.557003
0.373103
0.335696
0.387308
-0.901993
-0.213120
0.594207
0.181728
0.811151
-0.037284
-0.474270
-0.217125
0.655085
-0.815976
-0.027828
-0.407098
-0.632778
-0.167352
0.067422
0.224990
-0.098832
-0.538767
0.020738
-0.067001
0.585394
0.153423
0.276418
-0.252531
-0.133937
-0.387531
-0.309810
-0.564290
-0.136875
-0.102724
-0.238922
-0.624877
0.044141
0.228779
-0.202351
0.155921
0.527508
-0.045597
0.391119
0.213264
-0.426639
0.023420
1.025830
0.843184
-0.121409
-0.203827
0.746005
-0.312904
0.257436
0.605401
-0.052371
0.383199
0.192329
0.230223
-0.316007
-0.428788
-0.900886
-0.014602
-0.374877
0.028040
0.485583
0.932698
0.448699
-0.331718
-0.010549
-0.562573
-0.005263
1.314530
0.115217
0.483375
0.571059
-0.621126
-0.299222
0.425453
0.441994
0.624365
-0.175513
-0.568960
-0.212196
-0.570056
0.413018
1.049276
0.303860
0.108194
0.059678
0.345521
-0.067740
-0.413880
-0.218021
0.119364
0.306277
0.045278
-0.241097
-0.390950
0.300431
-0.720189
-0.442446
-0.415404
-1.014958
0.240499
0.110122
0.632633
0.015258
0.091138
0.390227
-0.642727
0.324468
-1.258491
-0.061254
0.662640
-0.148517
-0.369823
-0.130136
-0.244154
-0.497498
0.935874
-0.041742
0.102867
-0.106804
-0.520723
-0.194848
0.409303
0.088661
-0.392302
-0.786597
0.475616
-0.591029
-0.645071
0.776226
0.620766
0.265501
0.241294
-0.862640
-0.056906
0.270134
0.160778
-0.697259
0.201024
-0.880638
-0.267710
-0.082230
-0.585499
0.579765
0.432097
0.553945
-0.022587
0.715239
0.367221
0.591274
0.044123
-0.403572
0.139356
-0.372643
0.189924
0.224796
-0.172916
-0.125568
0.343682
0.071677
0.072992
-0.578079
-0.366299
0.383917
-0.174968
0.197170
0.673186
0.113042
-0.314559
-0.462506
0.333064
-0.080774
-0.360662
0.345821
0.266701
-0.021273
-0.016401
-0.028882
0.270249
-0.506156
0.263828
-0.490578
-0.012649
0.022532
-0.196973
0.141847
0.116451
-0.227323
-0.644592
-0.781713
-0.522874
-0.478229
-0.597179
0.708725
-0.273034
0.037576
0.195951
-0.267366
-0.155751
0.321408
0.088945
-0.408244
-0.197873
0.237018
-0.213942
-0.393314
-0.216683
-0.252209
0.031182
0.128157
-0.410427
0.571431
0.129896
0.253858
0.134009
-0.978128
0.683735
0.120701
-0.026977
0.267892
0.534403
0.641656
0.312762
-0.563938
0.576797
0.185610
-0.334792
-0.369991
0.234241
-0.248171
0.719780
0.527312
0.143156
-0.639672
-0.292034
-0.613925
0.316253
-0.181371
0.542055
-0.006741
0.879215
0.098718
-0.333123
0.027516
0.064585
-0.097857
-0.141351
-0.791595
-0.213519
-0.142116
0.448545
0.470780
0.020933
-0.413965
-0.702032
-0.547173
-0.381491
0.148103
-0.559957
0.478730
-0.127889
0.139023
0.621121
-0.120179
0.117857
0.234646
0.359136
