0.364341
-0.033535
-0.107417
0.242655
0.333538
0.597814
0.322850
0.015150
-0.000868
0.406820
0.219942
-0.436911
0.147108
-0.396925
-0.207684
-0.040692
-0.174185
0.255532
-0.196152
-0.189488
-0.065099
0.315274
-0.193928
-0.496273
0.102406
0.183725
0.142346
-0.384724
0.488877
0.050390
-0.120283
-0.201009
0.935867
0.676893
-0.062832
-0.533412
0.691153
0.410846
0.173273
-0.199230
0.205723
-0.351397
-0.351625
-0.320033
0.159680
-0.343590
0.150785
-0.154516
-0.957205
-0.671964
0.658894
0.098173
-0.300914
0.550806
0.315990
0.396371
0.616946
0.239707
0.449188
0.490461
-0.351581
-0.476276
-0.027728
0.167813
0.741287
0.117287
-0.562130
0.274898
0.216186
-0.033498
-0.314190
-0.058505
0.086221
0.468342
-0.026493
-0.444011
-0.289501
0.424342
-0.159652
-0.865062
0.333617
-0.303444
0.329170
0.267888
0.098563
0.261345
0.028682
0.146026
-0.346178
-0.285600
-0.436102
-0.375722
-0.048157
0.053705
-0.715692
-0.417866
0.257510
-0.300306
-0.050224
-0.169150
-0.590976
-0.305399
-0.809449
0.140321
-0.069538
-0.074324
0.249523
-0.842195
-0.066897
0.624824
-0.466445
0.795237
0.553972
0.684531
0.064833
0.462550
0.013621
-0.059528
-0.631472
0.375601
-0.097884
0.804801
-0.427382
-0.242604
0.575769
-0.274519
-0.505952
0.553756
-0.257586
0.209069
-0.240385
0.197647
-1.258846
-0.116351
0.510909
0.255948
-0.441106
0.054120
0.961566
-0.093082
0.353505
0.698401
-0.082510
-0.167525
-0.510035
0.640600
-0.678470
-0.147390
0.223937
-0.179977
-0.095296
-0.196787
0.033281
0.167582
0.132701
0.098798
0.213111
-0.515694
-0.293408
0.228487
-0.391245
-0.300088
-0.241470
-0.550357
0.054091
-0.321132
-0.446013
-0.580148
0.401621
0.353233
-0.327859
-0.021548
0.164673
0.890786
0.459909
-0.514498
0.334228
-0.161369
0.328131
0.107279
0.132756
0.774285
-0.343984
-0.031923
0.237039
0.345304
0.252201
0.462589
0.710599
0.374224
0.314486
-0.302411
0.262473
-0.232261
0.074441
-0.846758
-0.068299
0.463381
-0.089974
0.370567
0.521174
0.633882
0.380698
0.141724
-0.412669
0.029769
0.150353
-0.901034
-0.174502
0.432935
-0.059486
0.250898
-0.723210
-0.145204
0.007341
-0.389877
0.319011
-0.436166
-0.311763
-0.022788
-0.094606
-0.461751
0.588562
-1.364468
0.034502
0.296229
0.091408
-0.449720
-0.898642
-0.380828
-0.450813
0.118633
-0.031601
-0.210747
-0.432947
0.570335
-0.271910
-0.301336
-0.010716
-0.140982
-0.025614
-0.094571
0.060427
0.496963
-0.409236
0.155161
-0.379031
-0.245864
-0.302211
0.197552
-0.039056
0.956051
0.273959
0.538222
0.628232
-0.307515
0.301331
0.299334
0.026720
-0.095404
-0.217671
0.474308
-0.216774
0.371506
0.251158
0.209469
-0.041442
-0.128283
-0.179407
-0.547603
-0.321879
0.520658
-0.651146
-0.343172
-0.461751
0.109929
-0.121428
-0.063071
-0.637597
-0.200641
-0.091403
0.180820
0.378333
-0.242735
0.652904
-0.154221
0.611400
0.032877
0.383423
0.304950
-0.115692
0.810114
-0.238502
0.584564
-0.253428
0.159938
0.500114
-0.365452
0.453742
0.885442
-1.136110
0.091632
0.155659
0.494792
0.142267
-0.238613
0.637830
-0.088785
1.150553
-0.130394
-0.174910
0.524094
0.327610
-0.076866
-0.319871
-0.685719
0.410119
-0.195824
0.252266
-0.324328
0.299105
0.870373
0.103876
-0.072327
-0.101623
0.005715
-0.693541
-0.391635
0.001615
-0.196619
-0.474780
-0.855116
0.180984
0.190309
0.304485
0.245979
0.045844
0.388653
0.242749
-0.112115
0.216147
-0.162758
0.190293
0.214905
0.344492
-0.145304
0.480475
-0.245869
-0.663170
0.603708
-0.023050
-0.151755
0.405672
0.873739
-0.293652
-0.351665
0.042518
0.343818
0.112339
-0.019000
-0.930997
0.279984
-0.099513
0.289242
-0.131565
0.279687
0.143881
0.385359
-0.364074
0.434190
0.125646
0.019365
-0.342879
-0.272896
-0.425572
0.159317
0.795138
-0.249316
-0.012527
0.471474
0.309445
-0.323131
-0.089140
0.289075
-0.551688
0.380457
0.062046
-0.111393
-0.097765
-0.329873
0.020721
0.232143
-0.087000
-0.223851
-0.178232
0.537000
-0.259450
-0.060805
-0.061440
-0.496481
0.134852
0.309370
0.622953
-0.168509
0.703859
-0.748728
0.061338
0.446049
0.088644
0.010786
-0.077646
0.219110
-0.130082
0.032034
-0.359871
0.212555
0.166427
0.696496
0.271205
-0.461545
-0.705690
-0.141453
0.090772
-0.523128
-0.142591
-0.510754
0.243028
-0.480092
-0.860112
-0.631010
0.483853
-0.447757
-0.172211
0.132966
-0.471485
-0.053940
0.701644
-0.368721
-1.234067
-0.005487
0.716544
-0.544819
-0.076552
0.697314
0.090711
-0.205836
0.433967
-0.288517
0.274429
1.028105
0.568539
0.308038
-0.278024
0.079750
0.133208
-0.319175
-0.075615
0.071508
-0.430161
-0.726811
0.319178
-0.407139
-0.180668
0.372411
0.747433
-1.145978
0.070344
0.300705
-0.218532
-0.093119
-0.328515
0.035613
0.604494
0.115190
-0.026022
0.279824
0.270808
0.448995
0.157741
-0.309375
0.374052
0.008929
0.690008
-0.304451
-0.306867
-0.278139
0.006271
0.115419
0.616153
0.086582
-0.038684
0.521145
-0.666633
-0.526647
-0.175987
0.054236
-0.313999
-0.633094
0.530135
-0.044349
-0.523049
0.654689
-0.291456
0.351114
-0.263436
0.773478
0.189993
0.253133
0.521022
0.513531
-0.467636
0.327166
-0.344234
-0.540692
0.746382
-0.639798
-0.742283
-0.283490
0.511233
-0.097354
0.020997
0.126972
-0.335848
0.283986
0.552480
-0.240005
0.448908
0.079477
0.460988
0.199455
-0.710201
0.536285
0.017085
-0.243442
-0.173026
0.680514
-0.523202
0.565965
0.283228
0.610747
-0.026010
-0.294915
-0.256596
0.854437
0.023154
-0.030936
0.092001
-0.116021
-0.728932
0.149146
-0.282706
0.236060
0.202372
-0.279030
-0.246072
0.574952
-0.087879
0.218497
-0.044054
0.509405
0.110564
0.147245
-0.664702
0.117348
0.147297
0.231443
0.593331
-0.768418
-0.125091
0.207423
-0.322078
-0.128345
0.604808
-0.419605
0.590896
-0.181462
-0.403191
0.151064
0.225311
-0.274231
-0.115646
-0.061505
0.595759
0.398332
-0.054731
-1.300084
0.208308
0.384897
0.307780
-0.705496
-0.485272
0.295468
-1.027186
0.033224
0.483000
-0.488352
0.954973
-0.344756
-0.133756
0.124268
0.578971
0.654297
0.423759
0.743761
-0.110355
0.448694
0.456874
-0.528418
0.121744
0.085231
-0.945211
-0.370968
-0.122560
-0.215683
0.123260
0.479680
0.378359
-0.023139
0.311458
-0.060428
0.436181
-0.231930
0.454163
-0.527566
0.182254
-0.547822
-0.203978
0.204760
0.201669
-0.251326
-0.055090
0.748642
0.142866
1.100578
0.403768
0.104429
-0.214074
0.470514
0.154028
0.431138
-0.989309
0.471680
0.180229
0.153742
0.342771
-0.028427
0.387862
-0.685900
-0.662449
0.200717
0.236349
0.068599
-0.475074
0.473804
-0.778979
0.712763
-0.635307
-0.587490
-0.377480
0.251174
0.074844
0.557107
-0.241296
-0.064441
0.507510
0.263139
0.355759
-0.194792
-0.174182
-0.071486
-0.094885
0.281422
0.033470
0.219326
-0.348704
0.092253
-0.212348
0.273390
-0.359333
0.135503
-0.306151
-0.046269
-0.345295
-0.120244
0.637696
-0.842938
-0.268275
-0.579288
-0.141095
0.585220
0.123087
0.033485
0.046244
-0.423703
0.062274
0.340546
-0.394398
0.070098
-0.377637
-0.388268
0.211597
-0.832585
0.203057
0.070992
-0.147076
0.494537
0.245259
0.375351
-0.390734
-0.527433
0.324943
0.040901
-0.155853
0.429891
-0.011796
0.219590
0.141284
0.069670
-0.985921
-0.396453
-0.280509
-0.006727
-0.135754
0.225345
-0.181947
-0.174071
0.143349
-0.009137
-0.009180
0.207516
0.335622
0.050017
0.223250
-0.129504
-0.149038
0.086545
-0.026924
0.843489
0.380956
0.034550
0.110251
-0.192177
-0.445539
0.260280
-0.131916
-0.043404
-0.171032
0.073554
0.376950
0.379149
-0.154335
-0.284658
-0.416587
-0.020937
-0.107746
-0.414002
-0.117847
-1.201356
0.483997
-0.241447
-0.573250
-0.008889
0.539722
-0.147074
0.011061
-0.462076
-0.129811
-0.228969
-0.235929
0.542460
-1.291263
-0.391517
0.279232
-0.170560
-0.383411
0.924417
0.253703
-0.480797
-0.017269
0.020361
0.354258
0.269706
0.122917
-0.051810
-0.333398
-0.270362
-0.422418
-0.104906
-1.206412
0.259650
0.574520
0.270425
0.148497
-0.201511
0.143018
0.357721
0.215015
-0.230588
0.713320
0.433106
0.243452
-0.292099
-0.118699
0.138155
-0.165600
0.436249
-0.379477
-0.957629
-0.090032
-0.462261
0.111128
-0.317277
-0.466641
-0.081448
0.162134
-0.456976
0.288904
0.598822
-0.079968
0.289491
0.490932
0.195820
-0.911338
0.235845
-0.341877
0.464950
0.002131
0.581097
-0.008155
0.041636
0.395815
-0.096847
-0.282939
0.306000
-0.880783
-0.781220
-0.493114
0.701294
-0.627417
-0.353571
0.598672
-0.170377
-0.263149
0.201697
-0.161523
0.527715
-0.074514
0.104766
-0.686766
0.479052
0.649786
0.270598
0.038749
-0.163511
-0.825069
-0.233046
0.335308
0.285486
0.263070
-0.428679
-0.248507
-0.024820
-0.633382
-0.591568
-0.123409
0.033764
-0.320524
-0.023072
-0.459680
-0.610864
0.208157
0.285921
0.144995
0.499869
-0.010280
-0.170208
-0.024334
-0.352422
-0.376613
0.123958
0.017465
-0.321263
-0.066540
-0.109888
0.314653
-0.353260
0.479371
-0.198881
0.009713
0.539919
-0.448924
-0.165883
0.532107
-0.196919
-0.250555
0.166733
-0.091049
-0.221647
0.301375
0.403121
-0.185023
0.451711
-0.428709
0.099688
-0.063634
0.248605
0.503318
-0.015346
0.408952
-0.067155
-0.175416
0.417152
-0.350776
-0.203851
-0.191021
0.123435
0.102095
-0.046545
-0.102613
-0.498689
0.081247
0.267364
0.315111
0.170413
0.088787
0.563315
0.472648
-0.458957
-0.478913
0.652914
0.340274
0.406763
0.345627
-0.156279
0.426349
0.548203
0.256347
0.406815
-0.234206
0.076403
-0.440903
0.027477
0.484718
0.745664
-0.497022
0.820988
0.008032
-0.006287
-0.215748
-0.150912
0.478455
-0.360799
0.348996
-0.768042
-0.299505
-0.334500
-0.796861
-0.033561
-0.180894
-0.145952
-0.435583
-0.458133
0.064073
-0.199025
-0.029343
-0.371039
0.372994
-0.277895
-0.332609
-0.454258
-0.053417
0.415006
-0.480855
-0.231825
0.031811
0.720564
-0.220375
-0.102621
0.321990
0.520403
-0.002286
0.157581
0.560439
-0.211434
0.278557
0.135423
-0.392523
0.330983
0.287829
-0.170918
0.606596
0.210291
0.001209
-0.543183
0.321535
-0.954632
0.277166
-0.752793
0.504190
-0.278371
-0.070000
0.416044
-0.017010
0.532699
-0.009480
-0.293595
-0.036923
-0.251002
0.327480
-0.104376
0.612231
0.419026
-0.378019
-0.036593
0.092516
0.524544
-0.708185
-0.486896
-0.108757
0.089448
-0.492024
-0.086204
-0.191410
0.410397
-0.263125
-0.443297
-0.332353
-0.285377
0.155271
-0.037651
-0.113044
-0.137830
0.174278
0.210298
0.075543
-0.115245
-0.727918
0.075580
-0.625098
0.314400
-0.443669
-0.927891
-0.294450
0.056451
-0.120891
0.393836
-0.721405
0.279962
-0.320167
-0.121566
0.237523
0.460931
-0.532967
-0.384168
-0.080573
-0.004885
0.053097
0.359238
0.503064
0.111104
0.386392
-0.610727
-0.615479
0.218851
-0.226270
-0.195442
0.464420
-0.131858
0.008523
0.314463
0.090111
-0.220745
0.195672
0.264016
0.286402
-0.032230
0.052483
-0.283334
0.142619
0.024455
-0.201717
0.178340
0.270565
-0.668217
0.082099
-1.409738
-0.336197
-0.708635
0.204290
-0.192869
-0.762303
0.525142
-0.465729
-0.052385
0.748747
0.865365
0.331648
0.692518
0.199288
-0.111127
0.391385
0.210977
-0.253060
0.641585
0.595457
-0.482973
0.279584
0.280407
0.499468
0.255406
0.435282
0.095804
0.185657
0.493751
-0.089751
0.234577
0.201145
0.025313
0.058735
0.456961
0.025446
-0.400143
-0.550345
-0.155146
-0.105656
-0.218765
0.400081
-0.240231
0.375692
-0.255471
0.111105
0.087622
0.245851
0.477706
0.073868
0.711322
-0.746858
-0.394585
-0.406380
0.404128
0.599274
-0.589272
0.409469
-0.011536
-0.613292
0.075347
-0.239981
-0.140416
0.155933
-0.861360
0.352705
0.447940
0.467145
-0.021519
-0.544080
-0.735130
0.163132
-0.087305
0.075826
0.091386
0.288796
-0.061966
-0.512114
-0.410842
-0.393732
-0.032461
0.164424
0.755494
-0.380029
0.012718
0.039212
0.688913
-0.145152
-0.482781
-1.174865
0.609514
-0.010138
0.209403
0.224683
0.105094
-0.504104
0.638084
0.250543
-0.032267
0.054181
0.536779
0.517342
-0.456135
-0.195187
0.103249
0.549233
-0.312680
-0.416534
-0.199427
-0.322154
-0.162525
0.945742
0.457304
0.202814
-0.560563
-0.016883
-0.577933
-0.129165
-0.282734
-0.022065
0.031024
-0.167062
0.714514
-0.403729
0.697272
-0.081531
-0.071761
0.277806
0.051286
-0.158777
-0.334157
-0.097608
0.520575
-0.236022
0.008139
0.195033
-0.541189
0.499817
-0.351633
0.212191
-0.185984
-0.076096
0.235883
-0.223916
0.113528
-0.525945
0.356708
0.106392
0.076515
-0.301076
0.019115
0.138693
-0.050050
-0.532715
0.242255
0.270903
-0.544876
0.215524
-0.584232
0.799705
-0.061784
0.082862
0.465120
0.139779
0.001235
0.041339
0.228215
-0.361706
-0.167509
0.169280
-0.435989
-0.091375
0.064602
-0.607125
-0.473560
-0.381705
0.429214
0.124888
-0.130689
0.528252
-0.245419
-0.554009
-0.785045
-0.007958
-0.081353
0.350512
0.283002
0.404577
0.182085
-0.952812
0.204433
0.060787
-0.123618
0.128868
-0.118783
-0.156587
-0.356117
-0.079729
0.724786
0.708542
0.352454
0.215231
0.169127
0.347104
0.025072
-0.346773
-0.116826
0.935580
-0.045596
0.387977
-0.178243
-0.729567
-0.364629
-0.066433
-0.318962
-0.372469
-0.410049
-0.432393
0.660276
-0.083048
-0.100405
-0.118235
-0.224113
0.284156
-0.240822
-0.128923
-0.398808
0.114659
-0.065388
-0.095344
0.130153
-0.302379
-0.698806
0.813599
-0.281251
0.056229
-0.575759
0.403357
0.008489
0.167416
-0.496529
-0.076525
0.635151
0.044260
-0.323834
-0.266565
0.188481
0.274899
0.777244
0.821473
-0.097810
0.218859
0.365111
-0.113766
-0.243302
-1.029161
0.503433
-0.742435
-0.125103
0.252945
0.157776
-0.188223
-0.781738
0.397393
-0.106080
-0.439224
0.556323
-0.305025
0.193026
0.645607
0.442497
-0.127524
-0.874789
-0.397402
0.255200
0.415424
0.124449
0.397624
0.336674
-0.708044
-0.186973
-0.136312
0.216583
-0.496886
0.004416
-0.109374
0.373758
-0.237391
-0.166337
-0.735574
0.498546
-0.122320
-0.087369
0.260525
-0.639150
-0.941786
0.037685
0.361319
0.542611
-0.390331
-0.734905
0.513880
0.130294
-0.141045
0.591908
0.421900
-0.035838
0.166230
-0.254467
-0.369709
0.010347
-0.304363
1.046751
0.769533
-0.397289
0.309739
-0.268312
-0.089458
-0.078170
0.328515
0.556655
0.004025
-0.088947
0.116345
0.064591
0.167894
0.437904
0.103842
-1.074408
-0.278786
-0.503745
-0.378741
0.450563
-0.574816
-0.418302
-0.448832
-1.283564
0.152714
-1.143766
-0.309095
-0.789054
-0.775944
-0.500590
-1.165822
-0.138656
-0.366452
-0.610794
-0.138951
0.008906
-0.147191
-0.357351
-0.021016
-0.121161
0.752044
0.220900
0.129220
0.772003
1.114981
0.113374
0.439131
0.747869
0.624843
1.177573
0.731503
0.360247
0.296653
1.106134
0.988194
0.868097
0.548405
0.430827
0.449227
0.715409
0.572257
0.779723
0.273392
-0.134231
0.039344
0.303301
-0.160367
-0.259738
-0.010039
-0.114743
-0.336299
0.174724
-0.119991
-0.627146
-1.017893
-0.758882
-0.166206
-0.445263
-0.673815
-0.375250
-0.086583
-0.382491
-0.828150
0.170992
0.060837
-0.889322
0.434887
-0.198932
-0.477647
-0.413461
-0.290369
0.245351
-0.058743
0.025535
-0.127945
0.236759
0.018477
0.587962
0.299954
0.045977
0.029225
0.267383
0.457154
-0.511875
-0.332428
0.682650
-0.907612
-0.225830
-0.122026
-0.151710
-0.141568
-0.238605
-1.179595
0.117636
0.055166
-0.475426
-0.844118
-0.873243
-0.354273
-0.631473
-0.092886
0.170870
-0.352052
-0.242653
0.368747
0.499429
0.514072
-0.040933
0.267132
0.298620
-0.248016
0.001423
0.552751
0.428726
-0.169897
0.431501
0.711697
0.026588
-0.394616
0.098572
0.209990
-0.004406
0.252778
-0.731026
-0.469725
-0.262094
-0.004596
0.557008
0.179208
-0.039923
-0.344877
-0.351665
-0.160166
-0.604633
0.057364
0.478598
0.745412
-0.355199
-0.647907
-0.036557
0.423606
-0.206364
0.302697
0.313687
-0.345222
0.229944
-0.269258
0.064873
0.594574
-0.098815
0.168552
-0.184934
-0.627286
0.190861
-0.180319
0.253503
-0.246947
0.328204
0.916384
1.026627
0.754474
0.065071
-0.034448
0.496363
0.128664
-0.512161
0.362460
-0.302590
0.047668
0.436609
-0.559920
0.638627
-1.173540
0.110760
0.512552
0.488003
0.243820
0.460051
0.266387
0.833460
0.393201
-0.001366
0.192333
-0.439136
1.048009
-0.350814
-0.063870
-0.097411
-0.335123
-0.299007
-0.828887
0.636025
0.012948
-0.060078
-0.204505
0.237725
-0.035462
0.252943
-0.758427
-0.502178
-0.483003
-0.022062
-1.207816
0.042226
-0.553887
-0.030444
0.032629
-0.357920
-0.120194
0.072044
-0.150393
0.114310
0.044026
-0.050018
0.035590
0.165439
0.284990
0.186671
0.598403
-0.323738
-0.083877
-0.554283
-0.210557
-0.350000
-0.029692
0.258753
-0.782182
-0.373581
-0.221833
-0.260147
0.275368
0.343880
0.471261
-0.263938
-0.650129
0.175849
0.407409
0.306030
0.459481
-0.668913
0.220919
-0.217639
0.476342
-0.246962
-0.114913
-0.723862
0.458645
0.159796
0.600544
-0.470480
-0.157672
0.158463
0.567949
-0.325719
-0.573775
0.734290
-0.639735
-0.096098
0.678328
-0.563277
-0.141810
0.507685
0.050335
0.029110
0.234192
-0.593626
-0.534082
0.038546
0.117802
-0.022763
-0.179574
0.368600
-0.122113
0.285786
0.141716
0.565966
0.112279
0.079686
0.322986
-0.429988
0.530688
-0.060080
0.067167
0.474724
-0.270368
-0.008117
-0.346990
0.174312
-0.021783
-0.443220
-0.709028
0.387937
-0.391744
-0.064844
0.565425
0.067310
-0.644107
-0.058128
-0.546722
-0.943214
-0.355275
-0.348223
0.500187
0.122938
-0.362204
-0.014421
-0.034113
-0.408894
-0.205462
0.129901
-0.129012
0.499072
0.073558
-0.014094
-0.388763
-0.079046
0.370296
0.790559
0.569165
-0.032368
0.546088
-0.860087
0.114009
-0.257007
0.118389
-0.372373
-0.213414
0.004501
-0.246728
-0.657184
0.201341
0.101026
-0.761006
-0.463406
-0.378714
-0.435047
0.049826
-0.256735
-0.932131
-0.011789
0.006183
0.346077
-0.000718
-0.556412
-0.387947
0.104318
0.132122
-0.015629
-0.475296
0.278695
0.112261
0.084968
-0.394136
-0.926384
-0.106131
-0.459890
-0.562831
0.168041
0.414988
-0.059671
0.101986
-0.326383
0.115699
-0.280053
-0.604545
-0.590208
-0.270052
-0.448419
0.348297
0.225907
0.881385
-0.181211
0.406819
-0.281840
-0.062410
0.373410
0.266366
-0.426076
-0.094199
-0.179602
-0.303084
-0.420262
-0.529518
-0.592489
0.490335
0.080446
-0.275568
-0.397544
-1.069306
0.201887
0.072154
-0.320118
0.488706
-0.031255
0.166711
-0.499378
-0.457073
-0.472711
0.326207
0.011082
0.321553
-0.627786
-0.315765
0.333156
-0.062668
-0.158431
-0.502043
-0.508352
0.628874
0.819157
-0.087207
-0.133813
-0.321427
-0.403274
0.151916
0.227384
0.482481
0.091113
-0.066118
0.125613
0.025477
0.322327
-0.326667
0.034564
0.297397
-0.082334
0.260093
0.485841
0.067323
0.001661
-0.232010
0.524718
0.229015
0.350681
-0.351168
-1.190164
-0.144145
0.173509
0.606281
-0.150497
-0.206939
0.388796
0.010288
0.255852
-0.396099
-0.325069
0.304069
-1.314721
0.059442
-0.140516
-0.015553
0.119841
-0.081373
-1.195774
-0.321747
0.158570
0.116450
0.103032
0.117544
-0.597475
0.521333
0.831524
0.046412
-0.759374
-0.176957
0.517262
0.273808
0.007581
-0.264580
0.527695
0.193013
0.377637
-0.886339
0.250326
-0.499766
-0.048045
0.321919
-0.155324
0.250684
-0.004855
-0.004837
-0.225716
0.024870
0.126257
0.719209
0.394927
-0.113729
0.125274
-0.124805
-0.959140
-0.266993
-0.173596
-0.251780
-0.537786
0.058332
0.189581
0.369586
-0.184137
-0.604928
0.531544
-0.251354
0.912314
0.517159
0.613131
-0.296240
0.303818
-0.190243
0.994615
-0.139946
0.229293
-0.237668
0.176258
0.257650
-0.548760
0.162631
-0.111521
0.343464
-0.468051
-0.274941
0.181620
-0.113518
-0.228364
0.113556
-0.470690
0.553575
0.292318
-0.647513
-0.100138
0.832751
0.176241
-0.178341
-0.962543
-0.337922
0.813277
-0.285613
0.091598
0.364717
0.059614
0.075563
-0.161137
0.046907
0.681323
-0.011242
-0.068073
0.395460
-0.164295
-0.616837
0.269355
0.416668
0.390110
0.016950
0.229469
-0.594673
0.087000
-0.294510
0.083649
0.803543
-0.037897
-0.110976
-0.714067
-0.042398
-0.238430
-0.662234
0.093436
-0.095504
-0.372846
0.293816
0.148520
-0.084267
0.059581
-0.622058
0.361891
0.509089
0.215419
0.234126
-0.378373
-0.614895
-0.157615
-1.025405
-0.153661
0.270070
0.276793
0.069215
0.474593
0.264963
0.179393
-0.822911
0.519845
-0.477877
0.164315
-0.217387
-0.540068
0.070996
0.036038
0.403947
0.334327
-0.040804
0.673963
0.939289
0.094173
0.754512
0.187898
0.981052
0.016685
0.154941
0.352855
-0.030215
-0.073306
0.216996
-0.389987
0.017145
-0.110983
-0.011790
0.017962
0.768356
0.379568
-0.649599
-0.900622
-0.489453
-0.223930
0.964592
0.482037
0.234119
-0.205284
-0.415737
0.215279
-0.289717
0.388753
-0.063835
0.218425
0.086437
0.127585
-0.394940
-0.201455
-0.454434
0.546200
0.647146
0.979325
-0.195381
-0.847924
-0.255284
0.085818
0.016021
-0.509101
1.147300
0.138558
0.471750
0.374930
0.258622
-0.200952
0.439586
0.233901
-0.060052
0.161558
0.166584
0.158699
-0.664491
-0.054812
0.122860
0.055690
0.148216
0.086502
-0.524592
0.711356
-0.104966
0.422079
0.574822
1.071604
-0.084658
-0.657427
0.136371
0.228115
0.056412
0.723036
-0.313836
-0.037746
0.206367
0.238380
0.112488
0.185160
0.451651
-0.263996
0.247087
0.431037
-0.186688
-0.226532
-0.207638
-0.498683
-0.097071
0.231816
0.157402
0.036228
0.391053
0.627255
0.140666
-0.031210
0.474585
0.233020
0.000957
0.064615
0.800963
-0.150331
-0.031990
0.241185
-0.149436
-0.384191
-0.174498
0.405531
0.381355
0.247134
0.551216
-0.683796
-0.382202
-0.024557
-0.218488
-0.995236
0.246375
-0.640722
-0.767210
0.002909
0.199466
-0.062059
-0.052993
-0.208049
-0.561655
-0.514320
-0.227284
0.163841
-0.281051
0.283955
0.223767
-0.058076
-0.513643
0.872333
-0.648411
-0.498797
-0.611561
-0.489785
-0.307107
-0.555649
-0.424280
-0.128249
0.051123
0.120321
0.538722
-0.577541
-0.228738
-0.063661
-0.089313
0.178790
0.340632
-0.952655
0.227995
-0.396109
-0.080144
-0.113178
0.987060
0.306116
0.326084
-0.814534
-0.587975
0.581743
0.311354
-0.092785
-0.078512
0.211387
-0.121710
0.057134
-0.022028
0.526401
0.248088
0.375371
-0.665804
-0.326941
-0.342083
0.678971
-0.325415
0.567510
0.117389
0.288448
-0.538112
0.086539
0.676759
0.044605
0.140922
0.392828
0.138540
-0.561035
-0.393039
0.243131
0.482251
0.214536
0.297068
0.514606
-0.364590
-0.887372
0.465563
0.170771
-0.131317
0.620407
0.660056
-0.143749
0.385106
0.035016
-0.169556
-0.266794
0.016481
-0.621643
0.515723
-0.138160
0.601612
-0.046237
-0.485482
-0.889448
0.248212
0.730570
0.548894
-0.292693
0.223428
0.189769
0.054120
0.146840
-0.481525
0.107458
-0.103154
-0.744344
-0.089982
0.325407
-0.237876
0.031564
0.557677
0.061406
0.089884
-0.710106
0.116683
0.183595
0.364997
0.182666
0.199654
0.577557
0.205156
-0.103418
-0.253733
0.542069
-0.012509
-0.096443
0.116064
-0.893081
-0.175675
0.531701
0.169548
-0.160588
0.530768
-0.183110
-0.268962
-0.040873
-0.905842
-0.208992
-0.395377
-0.122679
-0.137550
0.318856
-0.254206
-0.010933
0.882059
-0.074152
0.640071
0.554555
-0.013525
-0.431412
-0.500745
-0.315038
0.889841
0.040323
-0.202997
0.071611
-0.278987
-0.049948
0.692331
0.465161
0.561510
-0.654453
0.185284
-0.722524
0.116739
-0.319591
-0.444206
0.079156
-0.120161
0.783299
-0.895142
-0.067576
0.692452
0.209236
-0.100068
0.084346
-0.393029
-0.179005
0.078222
0.090448
0.296754
0.280988
0.010767
0.250693
0.227528
0.357743
0.361188
0.183612
0.162167
0.923051
0.156497
0.614043
0.561644
0.240605
0.182263
0.622740
-0.421960
0.241407
0.066359
-0.676949
0.257303
-0.068398
0.604744
0.103342
-0.281067
0.430306
-0.155821
0.288723
0.670393
0.339445
0.436506
-0.171172
-0.451838
-0.450629
-0.115169
0.066972
-0.710004
0.272723
0.137831
-0.595873
-0.148075
0.069668
-0.076891
-0.080665
-0.171454
0.602949
0.014375
-0.256362
-0.353177
-0.462782
-0.339698
0.165550
0.363723
0.243528
0.455607
0.212611
-0.269365
0.363929
0.136307
0.001865
-0.142119
0.191542
-0.068449
-0.680226
0.034754
0.589979
-0.589815
0.550054
0.141498
0.534463
0.250238
-0.175970
0.286411
0.087765
-0.511348
0.389196
0.171005
-0.346398
-0.432535
-0.134281
-0.194571
-0.168129
0.104063
0.407729
0.507187
-0.322039
-0.695535
0.822714
-0.042308
0.068122
-0.017974
0.413584
-0.360199
0.422624
-0.109161
-0.413748
-0.137454
-0.549860
0.427321
0.090378
-0.134494
-0.492463
-0.263655
0.141154
-0.118233
-0.678609
-0.428736
-0.478209
-0.709623
-0.292673
-0.906841
0.261312
-0.052690
-0.629567
-0.266628
0.504837
0.456511
0.189636
-0.343086
0.555856
1.121941
-0.075577
0.653417
-0.235037
-0.903348
0.576524
0.125951
-0.211195
0.200765
-0.262698
0.289335
-0.219292
0.807150
0.791148
-0.205902
-0.421344
0.051246
0.037361
-0.476090
-0.359091
-0.019152
-0.112928
-0.091582
0.616975
-0.018215
-0.262617
-0.174886
-0.074549
-0.264270
-0.005970
-0.019130
-0.045296
-0.297959
0.286278
-0.247113
0.673722
-0.201491
-0.925517
0.052556
0.274292
-0.489029
-0.080021
-0.494740
-0.298827
-0.175747
-0.183111
0.487660
0.346128
-0.259465
0.272233
0.114725
0.114170
-0.235753
-0.538773
0.124190
0.747444
0.401847
-0.115255
-0.576461
0.001523
-0.100658
0.208618
0.087764
-0.801548
-0.571114
-0.139259
-0.029389
-0.531271
-0.497744
-0.954401
0.622114
0.431811
-0.238303
0.895725
-0.191568
0.452525
-0.276046
-0.043559
-0.395660
0.270294
-0.088478
-0.123410
0.292889
-0.046905
-0.155735
-0.708520
-0.300998
0.945570
0.493660
-0.033226
0.674478
0.073030
0.578885
0.032575
0.091795
-0.530054
0.269735
-0.407533
0.401507
-0.334479
0.836974
-0.399803
-0.062030
-0.367583
-0.339823
0.658913
-0.063266
0.451996
0.206067
0.427599
0.093020
0.489466
-0.432502
0.289837
0.555119
-0.329887
0.119665
0.392986
-0.061254
0.564137
0.303212
-0.074441
0.467158
-0.332586
-0.126807
0.011184
-0.060925
0.618400
0.205638
-0.408029
0.736419
-0.402109
0.851894
0.814984
-0.036935
-0.842879
-0.232746
-0.530282
-0.433689
0.005112
-0.013480
-0.078905
0.340740
-0.431339
-0.659794
0.834918
0.153499
-0.614726
-0.241827
0.261957
-0.218762
-0.974573
-0.391079
-0.281525
0.021882
0.032920
-0.205427
0.624329
-0.340620
0.095948
-0.059023
-0.306327
-0.578336
-0.058130
-0.717875
-0.367392
-0.279701
0.428751
0.276201
0.085971
0.696114
0.359851
-0.307090
-0.683031
0.200339
0.989340
-0.180850
0.136342
-0.098458
-0.084046
0.526330
-0.947866
-0.411997
-0.589535
0.344023
-0.341752
0.114667
-0.040791
0.520871
0.029079
-0.146687
0.040480
0.524862
0.688862
0.653579
-0.371245
-0.127910
0.287857
-0.259349
0.313361
-0.219098
0.000362
-0.103371
0.118888
-0.403228
-0.865480
0.438647
-0.172874
-0.643007
0.661880
-0.550190
-0.532652
-0.185531
-0.274342
-0.430238
0.185981
-0.326734
-0.339860
0.184241
0.827223
-0.501103
0.497286
-0.249360
-0.304235
0.231151
0.609997
-0.166035
-0.552206
0.291211
-0.799897
0.501542
0.004865
-0.016491
-0.371460
0.531456
-0.274872
0.401482
0.078257
0.331927
-0.244868
-0.244585
-0.002642
-0.042988
0.089088
-0.210610
-0.809481
0.305784
1.065630
-0.379228
0.034696
0.128167
-0.224324
0.096143
-0.062221
0.252893
-0.714942
-0.344900
0.202875
-0.075221
0.179961
0.189505
0.567614
0.035645
-0.082764
0.565530
0.528386
0.004264
-0.463926
-0.063314
-0.685272
-0.095296
-0.132459
-0.433762
0.094709
-0.197203
0.361461
0.596061
-0.000312
0.212375
-0.014097
0.359590
0.695197
-0.368631
-0.446392
0.022462
-0.583174
-0.125773
0.197923
-0.335363
0.056399
-0.056146
0.234634
0.140489
0.233527
-0.352888
-0.292917
0.199136
-0.110702
0.409641
-0.248228
0.379934
0.398645
0.485703
0.527445
0.300155
0.239769
0.083258
-0.466865
-0.157816
0.785127
-0.218357
0.006654
-0.565047
-0.414303
-0.123332
-0.734830
0.260062
-0.139174
0.055588
-0.241464
0.353576
-0.293426
0.350267
0.730703
-0.294968
-0.037269
0.916480
-1.314943
-0.680569
0.681717
0.085174
0.580604
-0.309438
0.594696
0.375866
0.232407
0.481350
0.311222
0.118858
0.264486
0.448989
0.114784
-0.515923
0.007332
0.085008
-0.333315
-0.304679
-0.478694
-0.809305
0.322961
0.044687
-0.371549
-0.302338
0.481417
-0.375122
-0.409061
0.459920
0.099207
-0.263539
0.343746
0.127539
0.084915
0.550253
-0.665455
0.111380
0.300827
-0.045922
-0.318988
0.400733
0.140497
-0.433245
0.110150
-0.044251
-0.385400
0.604730
-0.057239
0.543100
-0.150528
-0.599887
-0.208673
0.144893
0.235359
-0.214659
-0.080159
-0.036738
-0.536088
0.092254
-0.365621
-0.449774
0.371322
0.279575
-0.340042
0.010943
-0.171817
-0.237591
0.393519
-0.117796
0.036504
-0.260913
0.388154
0.676747
0.158412
0.713869
0.276384
0.104745
0.182524
0.169535
0.802510
0.147380
-0.287694
0.366602
-0.167729
0.537659
-0.082530
-0.557424
0.630275
0.262380
-0.453761
-0.378576
0.081055
0.231037
-0.392721
0.399942
-0.969114
-0.303996
0.422965
-0.607001
-0.310630
0.344333
0.149333
0.411608
0.401539
-0.083313
-0.989413
-0.521343
0.576222
0.138362
0.343686
0.070581
0.436937
0.688391
-0.136209
-0.143392
0.278445
0.092851
0.047875
0.178491
0.657464
0.885120
-0.205542
0.256212
0.427609
0.079873
0.542220
0.182146
-0.358025
0.091496
0.151280
0.468469
-0.221729
0.768905
-0.220233
-0.163519
0.439828
-0.379610
1.004737
-0.267371
0.082303
0.179539
-0.156209
-0.309528
0.499240
0.265625
-0.024452
0.255071
-0.065673
-0.258088
-0.030321
0.262607
-0.450885
-0.412478
0.491853
0.577343
-0.305903
0.088813
0.247219
0.820258
0.278098
-0.152509
-0.282892
-0.001736
-0.636791
-0.370588
0.365157
0.814191
0.141413
-0.162213
-0.189940
0.088423
0.523506
-0.185966
-0.229233
-0.203868
-0.176840
-0.034061
-0.553214
-0.351734
0.118514
0.179852
0.129741
0.170816
-0.349340
0.476414
0.157724
-0.814722
0.594599
-0.092378
0.291753
-0.014414
-0.054423
0.730171
0.213316
-0.586460
0.079423
-0.273737
-0.128098
-0.093720
-0.366892
-0.208700
-0.619967
-0.859024
-0.308445
0.882490
-0.054574
-0.241487
-0.314519
0.230693
0.607106
0.851092
0.585423
0.362845
0.201723
-0.744616
0.457120
-0.845243
0.771925
0.061253
0.038116
-0.378105
-0.188805
-0.287508
-0.628691
-0.168023
0.095214
-0.611231
-0.373504
0.523677
0.197671
-0.210070
1.112863
-0.044144
0.118481
-0.053390
-0.447589
-0.503320
-0.453332
0.284442
-0.131153
0.780238
-0.085532
0.309472
0.231912
-0.167025
0.607707
0.228940
0.063973
-0.088649
-0.338171
-0.139069
-0.028531
0.157063
-0.239828
0.239553
0.174466
0.300595
-0.455373
-0.467090
-0.026666
-0.484383
-0.455844
-0.494207
0.207756
-0.714112
-0.087293
-0.347163
0.294618
-0.095334
-0.115605
-0.331280
-0.165604
-0.057079
0.363815
0.296624
0.309072
0.523367
-0.005491
0.074925
-0.150117
0.058195
-0.013987
-0.213124
-0.335778
0.311350
-0.368241
0.080536
-0.255862
-0.020263
0.349062
0.195323
0.278161
0.130934
-0.447109
0.046643
0.365422
-0.803077
-0.252737
0.333583
-0.555448
-0.024097
-0.142244
0.083435
-0.357127
-0.348344
0.255742
0.467670
-0.038840
0.459749
-0.202016
0.663482
-0.261037
-0.402689
-0.349021
-0.455719
-0.278302
-0.770317
0.560172
0.135985
0.328526
0.179839
0.058031
-0.858654
0.121634
0.047202
-0.324941
0.140307
-0.081200
0.669299
-0.400781
0.058336
0.364308
-0.387658
-0.091336
0.200672
0.193819
-0.145217
0.040371
-0.247702
-0.051212
0.212924
0.661658
0.079185
-0.300876
0.347364
-0.316331
-0.172376
-0.071475
0.304614
0.048593
-0.334351
-0.375198
-0.234086
0.108942
-0.036671
0.405773
-0.054714
-0.538428
0.017126
0.263457
-0.151068
0.229031
-0.022454
0.293590
-0.329210
0.281927
-0.484714
-0.576440
-0.253958
0.307310
0.065949
0.083472
0.328237
0.088473
-0.388444
-0.026913
-0.147092
0.129824
-0.137751
-0.242403
0.483039
0.670255
-0.525193
0.866825
-0.402115
0.165715
0.224242
-0.135348
-0.133982
-0.940450
0.135246
0.578915
-0.115883
0.036888
-0.227321
-0.654077
-0.212192
0.163787
-0.494304
-0.427772
0.221135
0.397678
-0.094849
-0.272519
-0.206832
-0.271795
-0.032856
0.004950
-0.175320
-1.002926
-0.675089
-0.248832
-0.019729
-0.457239
-1.029425
0.002280
0.583297
-0.056719
0.077197
0.769354
-0.312040
-0.377576
0.604963
0.751560
0.091533
-0.550891
0.462457
0.000576
0.188106
-0.646583
0.321981
0.722306
-0.766497
-0.299541
-0.075355
0.036564
0.772518
0.171239
-0.175065
-0.473462
1.292884
-0.053271
0.127464
0.456351
0.273243
0.079043
-0.000731
0.110875
-0.871400
0.212514
-0.590620
-0.210712
0.149435
-0.344436
0.222856
0.206330
-0.352099
0.514123
0.049887
-0.222088
0.230596
0.018113
0.392912
-0.020206
-0.257321
-1.103880
0.023231
-0.056784
0.128485
-0.213444
-0.520431
0.027932
0.750529
-0.629520
-0.407294
-0.338145
1.292373
0.070900
-0.394573
0.485175
-0.751627
0.655297
0.462927
-0.002699
0.163995
0.189506
-0.290852
-0.013380
-0.011346
0.259034
-1.227323
0.464393
-0.073071
0.467235
0.489037
0.255423
0.334890
0.200342
0.053905
-0.406400
-0.536965
0.532617
-0.623423
0.191423
0.180162
-0.087999
-0.020234
0.006545
0.056779
0.704539
-0.570864
0.470755
-0.164658
0.241641
-0.626613
0.648649
-0.069515
0.239000
-0.349236
-0.484174
0.589347
0.181230
0.130013
0.342757
-0.130496
-0.204859
0.543744
0.782603
-0.424994
0.164583
-0.030056
-0.444225
-0.251245
-0.468124
-0.288708
-0.124339
0.426587
0.237160
0.396656
0.381388
-0.259946
0.303773
-0.435441
0.607157
1.053539
0.260493
-0.181729
-0.202421
0.332127
0.161080
-0.033590
-0.492211
0.149375
0.488224
0.219109
0.540953
0.527262
-0.123356
0.356478
-0.173448
-0.012580
-0.307952
-0.278584
-0.048493
0.305747
0.348458
0.251624
0.109324
0.284828
-0.598892
-0.136259
0.361970
0.558310
-0.431485
0.682348
-0.233935
0.014220
-0.102729
0.504547
-0.628099
0.212713
-0.156561
0.406942
0.418713
-0.221184
0.461735
0.091905
0.242687
0.414547
0.432347
0.296959
-0.225399
-0.189050
0.308181
0.614507
-0.086741
0.634794
0.271110
-0.333821
-0.762767
-0.311417
-0.341927
-0.178680
0.000510
0.213763
-0.003102
0.019647
0.571577
0.001473
-0.679760
0.620565
-0.255889
-0.167716
0.243806
-0.197882
0.085622
0.000521
-0.873022
-0.462817
0.517133
0.235756
0.428040
0.699620
-0.482803
-0.017348
-0.215536
-0.005977
0.101299
0.507442
-0.350466
0.338108
0.418885
-0.471278
-0.094247
-0.265671
0.522617
0.094427
-0.260219
0.055427
-0.686880
-0.581096
0.347695
-0.878795
0.037473
-0.717746
-0.411213
0.119727
0.321945
0.109481
0.106849
-1.153511
0.164116
-0.352528
-0.665049
0.202006
-0.085864
0.612875
-0.662540
-0.260579
-0.603039
0.424508
-0.533678
0.376790
0.497386
0.107659
0.111150
-0.833131
0.199914
0.024262
-0.541120
0.145871
-0.327701
-0.460131
0.668662
-0.627873
0.038530
0.435296
0.255448
0.323041
0.219643
0.230734
-0.053522
0.239944
-0.286277
0.302665
-0.024070
0.142489
-0.704366
0.324298
-0.300291
0.163514
0.265260
-0.086180
-0.111340
0.641675
0.151050
-0.199733
-0.577376
-0.350450
0.786112
0.944849
0.551315
0.209270
0.034990
-0.214094
-0.606326
-0.725698
0.036171
-0.401247
-0.122477
-0.424412
-0.351915
0.247102
0.097972
0.154876
-0.131981
-0.779729
-0.032520
-0.006089
0.375645
0.007205
-0.249059
0.619152
0.150929
0.347264
-0.444068
0.856885
0.021813
0.198393
-0.560090
-0.367268
-0.260696
-0.153997
0.947257
-0.453589
-0.174487
0.402291
-0.532061
-0.724608
-0.348301
-0.201534
-0.098389
-0.295086
0.115325
-0.286719
-0.076193
0.333961
-0.315481
0.516388
0.461224
0.227948
-0.336402
0.235611
-0.034160
-0.391158
-0.151483
-0.201285
-0.802016
-0.080352
-0.695155
-0.064391
-0.078501
0.393854
0.483981
0.183350
0.727081
-0.524566
-0.161083
-0.153797
0.227748
0.141895
-0.835117
-0.230318
-0.372524
-0.037598
0.654219
-0.070362
1.361077
0.002986
-0.582216
0.280553
0.185423
-0.101657
-0.016633
-0.848826
-0.414207
-0.399081
0.034402
0.055732
-0.099370
-0.090588
-0.455590
-0.026914
-0.504342
-0.009862
0.276291
0.219404
-0.018424
0.979016
-0.093075
0.269236
-0.413306
-0.197490
0.404410
-0.387941
-0.416526
-0.186408
-0.888372
0.435736
-0.486519
0.915468
0.004783
0.449293
-0.015767
0.590445
-0.363704
-0.052314
-0.700751
-0.290213
-0.564255
0.131547
-0.799511
0.069435
0.013821
-0.668837
-0.405895
0.803061
-1.047262
0.697868
0.857999
0.052362
-0.037140
-0.307800
0.300805
0.314449
0.307953
-0.597546
0.358583
0.219307
0.338261
0.185392
0.248404
0.002247
-0.050504
0.319296
-0.467663
0.677733
-0.018604
0.872802
-0.179406
0.329640
-0.440255
-0.147568
0.023583
0.063062
-0.564637
0.410576
-0.480966
-0.505768
0.408210
0.611068
-0.706251
0.195456
-0.178188
0.063216
-0.100761
-0.129292
-0.380174
-0.489830
0.390843
-0.102335
-0.402126
-0.982840
-0.047299
0.637141
-0.112264
-0.024719
-0.672131
0.573311
-0.089025
0.156654
0.133952
0.167523
0.418570
0.190865
0.112427
-0.302447
0.033487
0.412951
0.348930
0.503447
0.035191
0.514243
0.385080
0.526749
0.497523
1.170842
0.425307
-0.372156
-0.121291
0.712471
0.054463
0.151270
0.621675
0.079760
0.409798
-0.541018
-0.237084
-0.316138
0.357574
-0.451486
0.819908
0.009380
-0.166980
-0.656001
0.213362
-1.041051
-0.175883
-0.081707
-0.354339
-0.714997
0.025209
0.372672
0.115642
0.542586
-0.236918
-0.185842
-0.176444
0.002162
-0.016781
-0.113525
-0.342713
0.042929
-0.288010
0.398382
0.395726
0.226669
0.489810
0.499654
-0.299352
-0.351175
-0.483864
0.510620
-0.517291
-0.285367
0.315055
-0.208061
-0.474490
-0.549675
-0.022559
-0.442287
0.147807
0.401684
0.170456
0.080420
0.174887
-0.147560
0.341866
-0.449393
0.015412
0.071825
-0.341399
0.157396
0.512139
-0.974075
-0.411977
0.050741
0.876490
-0.172129
-0.238150
-0.390218
0.523153
0.447941
-0.084849
-0.506285
0.289119
-0.109275
0.101612
-0.281396
0.046827
-0.498868
-0.689070
0.534542
0.047998
0.656011
-0.317013
-0.214409
0.787038
0.558131
0.761195
-0.420660
0.144495
-0.002921
-0.181775
-0.079857
0.683392
0.045116
0.273908
0.211466
0.183313
-0.080497
-0.405089
0.069848
-0.397676
-0.239102
-0.489152
0.385091
0.439747
0.450729
-0.277553
0.774101
-0.194685
-0.243404
0.304538
-0.433141
0.073652
0.551916
-0.807968
0.016260
0.123974
0.184610
-0.353687
-0.339291
-0.557509
0.564996
0.187851
-0.626048
0.087211
0.552558
-0.535942
0.334242
0.162802
0.168417
-0.431058
0.771705
0.523659
-0.108966
0.134998
-0.562474
-0.734166
0.888439
0.202566
0.172174
-0.427764
0.334616
0.114260
-0.611507
0.484463
-0.107110
0.297767
-0.004360
-0.105275
0.405424
-0.035890
-0.100712
0.258171
-0.065485
-0.158945
-0.232977
-0.360687
0.626454
-0.157385
1.061965
0.053436
0.408058
0.365619
0.238127
0.415571
0.164599
-0.428506
0.137763
-0.227949
-0.559684
-0.368254
0.108087
0.057309
-0.243881
-0.070840
0.150529
0.031646
0.322399
-0.225395
-0.896657
-0.193499
0.108490
0.022981
-1.010835
-0.480413
-0.386753
-0.100081
0.267323
-0.553650
-0.039912
-0.007398
-0.594441
-0.073406
0.061323
0.019093
0.453181
-0.697009
0.182186
0.041688
0.459923
0.053078
0.155049
0.217708
0.369526
0.063689
0.119102
-0.126315
0.186853
0.251107
-0.401911
-0.046396
-0.553104
-0.716797
0.203247
0.200425
-0.433387
0.263544
-0.091707
0.005735
-0.102045
0.317734
-0.094202
-0.147077
0.103706
-0.687670
-0.064714
-0.209011
-0.109784
-0.140457
-0.200525
-0.374710
-0.499142
0.126791
0.019523
-0.506373
-0.088439
0.100258
0.192964
-0.080619
0.056015
0.276430
0.096215
-0.209220
0.348114
0.204852
0.198557
-0.135532
-0.311899
0.127605
0.764390
0.160937
-0.425338
0.160718
-0.041638
-0.002779
-0.011930
0.083257
-0.653870
-0.138362
0.350468
0.117739
-0.521564
0.329058
0.365166
0.206782
0.325527
-0.050686
-0.073412
0.093341
0.749075
-0.019899
0.039505
0.537760
-0.795818
0.871697
-0.622482
0.299338
0.388642
-0.397046
-0.056841
-0.794350
-0.000404
0.257566
0.518870
0.242909
0.279650
0.129313
0.719085
0.126259
-0.435395
0.398098
0.094566
0.166439
0.518944
0.062466
0.264531
0.354974
-0.306872
-0.183843
0.077868
0.627179
0.010375
0.062359
-1.166903
-0.071832
0.273833
0.711522
0.312703
-0.427375
-0.307350
-0.615685
-0.141886
-0.115877
-0.440580
-0.656338
0.328357
0.475185
-0.373369
0.193181
-0.012309
-0.013457
-0.248504
-0.360343
-0.144983
-0.002968
-0.134674
-0.097507
0.217363
0.362110
0.208870
-0.099370
0.462813
0.206172
-0.620769
-0.315310
-0.095396
-0.223044
0.027346
0.585558
-0.727858
0.677767
0.065706
-0.206574
0.463406
0.276060
0.186392
0.098620
-0.234199
0.177390
0.476043
-0.239465
0.347534
-0.162583
0.434191
-0.833945
-0.402947
-0.263234
-0.352142
-0.353715
0.342894
0.551489
-0.106198
0.344826
-0.141423
0.286015
-0.040114
0.269080
0.343153
0.040502
0.371287
0.445574
-0.270071
0.740310
0.403960
-0.320379
-0.022520
-0.072505
-0.307167
-0.515611
-0.199907
0.046620
-0.291629
-0.065317
0.203944
0.454156
-0.287971
0.463283
-0.196098
-0.445738
0.034280
-0.161854
-0.821078
-0.501165
-0.609506
0.170737
0.370677
0.407115
-0.235456
0.556145
-0.321807
0.579704
0.633453
-0.173521
0.066520
-0.110486
-0.307497
0.398266
0.296419
-0.400347
-0.055612
0.164101
-0.735051
-0.339837
-0.497043
0.883754
-0.253637
-0.846768
0.456913
0.341323
-0.385826
-0.490479
1.102155
-0.220597
0.784380
-1.176240
-0.208764
0.025127
