0.288030
0.412268
-0.363605
-0.489120
0.441963
0.210341
-0.177821
0.303792
0.267815
-0.133227
0.045531
-0.177761
-0.408731
-0.507055
-0.355220
0.092100
0.476732
-0.001645
0.173644
0.274682
-0.158731
0.090078
0.419796
0.133105
0.503843
0.026719
0.118258
-0.220510
-0.278162
0.050852
0.060170
-0.043552
0.056793
0.252602
-0.338316
-0.459336
-0.268835
0.279148
-0.355873
0.286493
0.625156
0.010577
0.239766
-0.151840
0.554641
0.821874
0.185790
0.245836
-0.078292
0.183870
0.223794
-0.336099
0.153139
0.270011
-0.036239
-0.269219
0.152408
0.416854
0.152800
-0.141872
-0.327888
0.051699
0.232351
-0.959921
0.028368
-0.362671
-0.119066
0.076713
0.192830
-0.211180
0.129767
0.114954
0.401452
0.149418
0.588092
-0.096811
-0.081002
0.126345
0.079052
-0.201123
0.791860
-0.844782
-0.780421
-0.059864
-0.173064
-0.354331
0.022865
0.159244
0.151800
0.361604
0.237912
-0.575117
0.218768
0.492009
-0.057159
-0.239103
-0.359669
0.364298
-0.007143
0.390441
-0.749247
0.187016
0.222534
0.478862
-0.232804
-0.394564
0.204233
-0.022201
0.196334
-0.187756
-0.563395
0.138570
0.237089
0.312358
0.392858
-0.117922
-0.533580
-0.049301
-0.161699
-0.148365
-0.099724
-0.407911
0.265386
-0.679070
-0.000777
0.045302
-0.170589
0.133968
-0.226551
-0.037388
0.024031
-0.292794
-0.027578
-0.341095
-0.340798
0.635440
0.226253
-0.337228
0.240836
-0.215321
0.233380
-0.082474
-0.023076
0.860368
-0.279776
-0.470893
-0.423537
0.156342
-0.020868
0.473842
-0.921122
0.773932
-0.083092
0.708259
-0.054078
-0.230933
-0.043133
-0.615801
-0.084524
-0.308398
-0.335449
0.346350
0.115451
-0.063733
0.804221
-0.719458
-0.099899
0.085213
0.218363
-0.047208
-0.069924
0.194379
-0.264228
-0.329358
0.290312
-0.554416
0.011247
-0.289223
0.330145
-0.414861
-0.108868
-0.047740
0.104768
0.232021
-0.102324
-0.911666
0.398661
0.011518
0.065063
-0.436273
0.004430
-0.350058
-0.811269
0.099932
0.368216
-0.325768
0.001054
0.277552
-0.003043
0.038363
-0.202344
0.436394
0.332023
0.248493
0.451258
0.468536
-0.329360
-0.237763
0.003091
0.406639
-0.425652
-0.111512
-0.313920
0.030963
-0.027683
0.207501
0.011007
-0.250854
-0.046530
-0.008635
0.141362
-0.573964
0.005572
-0.218866
-0.004541
0.026128
0.156033
-0.113150
0.285416
0.600273
0.169052
0.438873
-0.501651
-0.122539
-0.254998
0.532228
-0.176908
0.424572
0.167547
-0.175380
0.125362
0.358008
0.103642
0.011259
-0.383316
-0.461113
0.188359
0.284758
0.329309
0.122805
0.327310
0.254410
0.214176
-0.363303
-0.299347
-0.020031
0.269359
0.445837
0.266899
0.441893
0.673961
-0.156434
-0.668501
-0.139809
0.400029
0.031293
-0.329177
-0.125847
0.085419
-0.147185
0.175631
-0.302401
-0.633948
0.024374
-0.252938
0.213934
0.164338
0.076077
-0.169649
0.008368
-0.542947
-0.210494
0.621609
-0.425948
0.041046
0.203775
0.245856
0.713020
-0.633742
0.091903
-0.017730
0.240480
0.051837
0.243717
0.609833
-0.147000
0.561654
0.373423
0.433382
-0.023697
0.523096
0.420797
0.036235
0.276719
-0.233248
0.292805
-0.120900
-0.102234
0.465598
0.086746
0.089800
-0.499722
-0.825229
-0.268920
0.868595
0.751746
-0.404342
0.503914
0.007873
-0.935886
-0.285331
0.361370
0.618457
-0.165623
0.174909
0.480586
0.160221
0.025303
-0.379950
-0.088619
-0.269586
-0.735816
0.289833
0.322427
0.296076
-0.191284
0.403206
-0.343028
0.244847
0.376965
0.459377
0.274199
0.573766
-0.507862
-0.628613
-0.189218
0.797371
0.242308
0.045879
-0.132497
0.647698
0.649068
-0.076418
0.321082
-0.538653
-0.364502
-0.267129
0.162467
0.057295
-0.420871
0.270987
0.532158
-0.246921
0.369261
0.483895
0.273548
0.020347
-0.698808
0.124675
0.215976
-0.440516
-0.139274
0.019793
0.230791
-0.613266
-0.724506
0.207914
0.454589
0.025632
0.213112
-0.092713
0.568609
0.514731
0.310890
0.073267
0.113826
0.362308
0.322030
-0.500469
0.016468
-0.547950
-0.042981
0.934006
-0.356305
-0.264100
-0.087655
0.238023
0.054814
-0.013739
-0.656613
0.309579
0.256058
-0.317905
-0.248920
0.595136
0.019775
-0.299313
0.170382
0.128279
0.083101
-0.597388
0.395504
0.107306
-0.243997
-0.213148
-0.131842
-0.132591
-0.061620
-0.037923
-0.699836
0.409125
-0.466758
-0.686572
-0.199774
0.144260
0.105722
1.066454
-0.104482
-0.241716
-0.156391
0.013241
-0.604545
-0.164909
0.128070
0.211522
0.535762
-0.250125
-0.225629
-0.568565
-0.213757
0.073751
-0.071357
-0.274055
-0.286279
-0.327670
0.315563
0.331053
-0.446624
-0.133317
-0.411114
0.286336
-0.584483
0.255226
0.207753
0.376850
0.460445
-0.359214
-0.425621
0.299089
-0.200757
0.128748
0.291073
-0.123883
-0.232797
-0.086623
0.318212
-0.291821
0.546348
0.275381
0.250719
0.506565
0.133058
0.002020
-0.072171
0.375912
-0.104435
0.052313
-0.039719
0.198688
-0.773122
-0.188599
0.280831
-0.050543
0.373289
0.309052
0.128889
0.759369
-0.742634
-0.443313
-0.867270
0.415148
-0.405119
-0.331984
0.058261
0.261372
0.121073
-0.134375
-0.016544
-0.305492
0.132081
-0.695329
0.410694
-0.364431
-0.010394
0.105414
-0.170663
-0.343120
0.336547
0.377779
-0.276074
-0.191895
-0.314959
-0.533144
0.514297
-0.963887
-0.020975
-0.131827
0.064519
0.260726
0.071761
-0.346354
0.312326
0.515288
0.356533
0.163342
0.052681
-0.382805
-0.116947
-0.061531
-0.129011
0.628676
0.507205
0.294308
0.511574
-0.066925
-0.311549
-0.068475
0.802012
-0.779550
0.965374
-0.069659
0.854454
0.150804
-0.539500
0.041650
0.062454
0.114024
0.318387
0.141760
-0.282310
-0.221947
0.645051
0.639384
0.419303
-0.327225
0.390328
0.026036
0.343917
0.169991
0.540947
0.048084
0.503306
-0.304052
-0.421125
-0.074548
-0.282010
0.597976
-0.333377
0.787193
0.010386
-0.393665
0.543218
-0.306866
-0.187155
-0.067475
0.316534
0.050753
0.282026
-0.193542
0.361356
0.332144
-0.760718
-0.170600
-0.049486
-0.127445
0.210389
-0.015614
0.230988
0.058556
0.222508
0.275429
0.057939
0.158334
0.185537
-0.020502
0.498507
-1.011978
-0.362697
0.398957
0.168141
-0.563627
0.283771
-0.291467
0.094252
-0.019732
-0.208750
-0.499687
-0.279114
-0.033318
0.992636
0.430573
0.231371
0.016684
0.272264
-0.219366
-0.728600
-0.194779
-0.143072
0.461055
0.759261
-0.577803
0.426288
-0.999146
-0.232786
0.430955
0.105038
-0.127267
0.507686
0.290496
0.084094
0.367565
-0.264486
-0.342827
0.090280
0.141065
0.244796
0.267525
0.436412
-0.314414
-0.292780
0.566181
0.402417
-0.446709
0.319685
0.144007
0.152768
0.032587
-0.516570
0.079602
0.178980
0.167078
-0.122154
0.201158
-0.294765
-0.736958
-0.901109
-0.111032
0.588079
0.017965
-0.219370
0.345900
-0.351270
0.231464
0.627341
0.506804
0.040090
0.178566
0.029297
0.000278
0.541428
0.121010
-0.165432
0.069513
-0.022483
-0.253682
0.514867
-0.742224
0.744280
-0.161241
-0.043056
0.035529
-0.303232
-0.858437
0.078810
0.301246
-0.075240
-0.265662
0.121462
-0.417739
0.012948
-0.299436
0.378910
0.474945
0.195559
0.018247
-0.146444
-0.430720
-0.023306
0.247022
-0.176061
0.417071
-0.423520
0.234921
-0.409129
-0.109878
-0.460294
-0.036654
0.173044
0.513900
0.378668
0.062897
-0.201930
-0.516842
-0.071250
0.151389
0.492013
-0.012012
0.719053
0.327174
0.321894
0.235883
0.333516
0.244464
0.002987
0.039364
-0.063571
-0.956778
-0.658162
-0.099753
-0.095416
-0.478099
1.082032
-0.276949
0.040922
-0.048683
-0.447444
-0.161362
-0.347544
-0.411413
-0.562748
-0.067194
-0.283854
-0.196675
-0.231444
-0.438257
-0.657914
-0.090324
0.420085
-0.296932
0.114405
-0.173567
-0.403546
0.177663
-0.128282
0.060268
0.352153
-0.898346
0.097742
0.027230
0.508562
-0.622337
-0.663933
0.324372
0.290085
0.273211
-0.124705
-0.273947
0.027264
0.234609
-0.003217
-0.454792
-0.298513
-0.370093
-0.067971
0.395033
-0.122648
0.155250
-0.393237
-0.236247
0.294946
-0.445687
-0.621050
0.226193
0.496982
-0.358094
-0.390798
-0.102686
0.720725
-0.287233
-0.145572
0.029817
0.281807
-0.435849
-0.537875
0.022551
-0.125000
-0.779705
-0.008642
0.072916
0.380780
0.286251
-0.065071
-0.181942
-0.581026
-0.458432
-0.617088
-0.222618
0.337396
0.298482
0.226924
-0.526095
-0.451352
-0.555516
-0.652506
-0.060216
0.568696
0.216250
0.010447
0.474667
0.042245
0.433522
0.003131
-0.038396
-0.325393
0.158393
0.229605
-0.319574
-0.363786
-0.494047
0.302160
-0.433489
0.455637
0.153537
-0.123073
0.220299
-0.129391
-0.329046
-0.181421
0.764643
-0.072248
0.035901
-0.088807
0.290893
-0.145578
-0.566439
-0.178150
0.065927
0.041770
-0.294198
-0.681309
-1.060856
0.594214
-0.536307
0.184652
0.347584
-0.380613
0.052034
0.607577
-0.182651
0.323336
-0.621178
-0.057280
0.156425
0.067991
-0.005987
0.544265
0.565302
0.067967
0.194282
-0.313142
0.650887
-0.460748
-0.369859
0.168169
-0.526719
-0.040421
-0.027803
0.446312
-0.319958
-0.055490
-0.369724
0.343962
-0.207930
-0.210418
-0.194572
-0.796755
0.444601
0.366845
0.514639
-0.365610
-0.165595
0.391458
-0.291703
0.360129
0.230117
0.306245
0.157375
0.106228
0.321793
-0.241325
0.213706
0.165902
-0.363979
0.237878
0.266164
-0.627492
0.469231
-0.256498
-0.976899
-0.030387
0.227295
-0.401585
-0.105057
-0.109550
-0.426263
-0.729569
0.483634
0.330747
0.023117
0.368830
-0.413477
-0.781929
0.063604
-0.085888
0.375255
-0.459464
0.625933
-0.650543
-0.182596
-0.177173
-0.261048
0.324966
-0.649783
-0.462367
0.203506
-0.019338
0.378674
0.116224
0.256797
0.061679
0.291890
-0.176620
-0.075226
0.183929
-0.298243
0.130530
0.387273
-0.038548
-1.133279
-0.195266
-0.199886
0.476578
-0.134557
0.632434
0.506509
-0.091878
0.218986
-0.587741
0.052466
0.530975
0.182139
-0.812497
0.164110
-0.179345
-0.216215
0.347948
-0.446129
-0.452113
-0.416051
-0.232145
-0.704126
0.022093
-0.041793
0.125368
-0.295451
-0.493574
-0.448144
-0.678981
-0.290127
-0.995188
0.396927
-0.367061
0.183194
0.485297
-0.184735
-0.484893
0.149500
0.040233
0.282042
-0.345852
-0.522866
0.091819
0.183928
0.782874
-0.501396
0.438774
0.421925
-0.271941
-0.579676
0.182987
0.221934
-0.395606
0.224999
0.814074
-0.417256
-0.212411
-0.125864
0.375311
-0.433440
0.380082
-0.236956
0.209710
0.048554
0.732996
0.143860
0.206486
0.421585
0.316601
-0.281918
-0.059827
0.106241
0.295580
0.181505
0.306734
0.123539
0.461680
0.295338
-0.255913
-0.277443
0.146326
-0.470615
-0.069316
0.086037
-0.030688
-0.350797
-0.112034
-0.053071
-0.870247
-0.428742
0.643880
0.650890
0.342888
-0.513825
0.748069
-0.329723
-0.783946
0.335427
0.153266
0.329295
0.523532
0.293355
0.189949
0.506605
0.361522
-0.305018
0.290385
-0.415398
-0.297115
-0.518334
-0.727318
-0.327989
0.294659
0.095344
0.213707
0.128940
1.295466
-0.378294
-0.093920
0.536747
-0.100470
0.356054
0.398943
-0.000730
-0.051451
0.412525
-0.248502
0.459777
0.352911
1.004584
-0.058502
0.477706
-0.222429
-0.408104
-0.207743
-0.610506
0.415788
0.144756
0.045567
-0.139739
0.571668
0.384871
-0.499584
0.158749
0.038696
0.075097
0.000890
-0.505140
0.253755
-0.320939
0.926285
0.524241
0.309935
0.255133
0.142491
0.414664
0.060863
-0.299981
-0.362996
-0.359886
0.092624
0.011012
0.300525
0.148763
0.367314
0.274834
-0.480624
-0.150615
-0.481234
0.125286
-0.775007
0.425144
0.048300
-0.052206
-0.110135
-0.539643
-0.060547
-0.348922
-0.195957
0.208585
0.290789
0.086534
-0.419769
0.405116
-0.013203
0.140715
0.202682
0.380986
0.286110
-0.570831
-0.856921
0.064386
-0.171254
-0.027316
0.400110
-0.361449
-0.401354
-0.093006
-0.441153
-0.631937
-0.938832
-0.324278
0.605950
-0.055015
0.564439
0.861597
-0.685703
-0.342806
-0.392372
0.864792
0.522533
0.210327
0.319188
-0.013580
-0.245606
-0.399483
-0.419138
0.147865
0.432807
0.355777
-0.144435
-0.362549
-0.494366
-0.003800
-0.522047
-0.018377
0.393575
-0.042138
-0.207866
-0.014973
-0.136600
0.112074
-0.606247
-0.436587
-0.085450
0.413744
0.224834
-0.832298
-0.398191
-0.035814
0.092628
-0.096429
0.422072
0.247674
-0.581838
0.133549
0.440076
-0.128143
0.314204
-0.080565
-0.078974
-0.205070
0.204846
0.279587
0.068194
1.080873
-0.083079
0.152854
-0.507326
0.068480
-0.622304
-0.230477
-0.020443
-0.426549
-0.112503
0.135243
-0.209307
0.179051
-0.762495
-0.312853
0.557800
0.323511
-0.035930
0.299493
1.298015
0.038784
-0.118137
0.037438
-0.027270
0.088183
0.290382
0.880503
0.201050
0.074286
-0.039037
-0.001418
-0.096479
-0.348372
0.683499
-0.004563
-0.432151
-0.669718
-0.418482
0.238454
-0.319029
0.272704
0.012253
-0.601560
-0.034618
-0.535454
0.646237
0.039800
-0.183272
-0.114367
0.281490
0.572428
0.599110
0.202966
0.139246
0.095686
0.657259
-0.100825
0.377802
0.141167
-0.261195
0.690662
-0.424671
-0.096566
-0.135619
0.513851
0.068578
-0.183444
-0.142630
0.358215
0.046988
0.077609
-0.308486
-0.116605
-0.179234
0.093202
0.065759
-0.466634
0.093158
0.561538
0.100661
0.605757
0.301390
-0.022750
0.255927
-0.509011
-0.616728
0.225126
-0.202817
-0.343287
0.305143
-0.039289
0.189707
0.027012
-0.100684
-0.336377
-0.284622
0.125100
0.041944
0.074970
-0.263416
-0.031131
-0.170631
-0.015522
-0.282025
-0.224644
-0.657706
0.549342
0.277810
-0.539034
0.046806
-0.047438
-0.174183
-0.589793
0.232920
-0.129980
0.050087
0.500607
0.468044
0.598798
-0.414352
0.249673
-0.333368
-0.984574
-0.462045
0.404579
-0.097268
0.020359
0.357064
0.161430
0.011085
0.257176
-0.002259
-0.122164
-0.325618
0.045333
-0.359107
-0.053659
0.055004
-0.177611
-0.096900
-0.778434
-0.138077
-0.543227
-0.291572
0.218615
-0.349929
0.168125
0.138307
-0.315199
0.458750
0.052545
0.501467
0.147911
0.313600
-0.201527
0.205326
0.356457
0.225556
0.627712
-0.324487
0.293895
0.125652
-0.375886
-0.095844
-0.354338
0.433420
-0.049444
-0.022555
-0.058743
-0.353837
0.314860
-0.600714
0.165592
-0.045751
0.095922
-0.084498
-0.157730
-0.239165
0.102265
0.062632
-0.765256
-0.164480
-0.087367
0.067534
-0.248807
-0.227624
-0.054574
0.062595
-0.869575
-0.477482
0.381717
0.198429
0.391419
-0.026673
0.611478
0.170753
0.107711
-0.061652
0.669140
0.458612
0.013236
-0.385639
-0.024078
0.585015
-0.438343
0.175341
-0.203768
-0.084203
-0.039085
-0.311640
0.049248
0.057134
0.562221
-0.544553
0.615354
-0.243161
0.390345
-0.182317
-0.269336
0.327799
-0.673028
0.403795
0.077323
0.119605
0.165403
0.393807
0.981734
-0.469021
-0.271189
-0.529349
-0.152870
0.098187
0.329269
-0.249034
-0.020899
-0.196799
0.133189
-0.592442
0.013799
-0.197001
0.775991
0.254878
-0.426319
0.416891
-0.520241
0.208894
-0.076648
-0.048016
-0.539838
0.330199
0.143642
-0.011757
0.006831
-0.204617
0.020485
0.757394
-0.300497
0.011111
-0.135940
0.797064
0.773852
0.287154
-0.087313
-0.012103
0.027753
0.040307
-0.411466
0.089754
-0.346832
0.161288
-0.617112
0.020674
-0.961445
-0.283334
-0.525493
-0.240711
-0.425207
-0.415374
-0.236874
-0.319484
-0.310561
-0.593804
-1.127624
-0.462046
-0.325392
-0.753840
-0.935101
-0.413759
0.342144
-0.630573
-1.130269
-1.038822
-1.016166
-0.594173
-0.013026
-0.700248
0.343960
-0.577390
-0.786295
0.027634
-0.061714
0.302187
0.159054
0.719952
0.013671
0.080485
-0.131270
1.255161
1.375333
1.312773
1.036861
1.081525
0.945876
1.593363
-0.091249
1.044649
0.071345
1.247704
0.283923
0.405295
-0.216113
0.145761
0.739952
0.177313
0.003018
-0.020460
-0.332773
-0.414060
-0.190020
-0.308974
-0.520811
-0.615932
-0.893475
-0.579477
-0.009036
-0.926613
-0.348980
-0.727968
-0.873110
-0.912540
-0.546429
-0.613464
-0.420783
-0.397950
-0.978029
-0.735460
0.139782
-0.678729
0.565346
-0.209655
0.043202
0.039870
0.703451
-0.000420
-0.415921
0.455139
-0.069920
0.204026
-0.357528
0.585332
0.222389
0.074426
-0.315692
-0.325775
0.097687
-0.200476
-0.025486
-0.556146
-0.086354
-0.447856
-0.343191
-0.008720
0.132055
-0.132060
-0.626900
-0.053861
-0.198234
-0.142492
-0.070802
-0.003033
-0.765364
-0.104373
0.598256
-0.082881
0.343192
0.350255
0.722571
0.475117
0.527748
-0.684855
0.050193
0.675051
0.274924
0.498020
0.081325
0.500805
0.333954
-0.763094
0.745706
-0.096411
-0.436471
-0.580107
0.018691
0.010778
0.031121
0.762720
0.668756
-0.375659
0.125933
-0.229328
0.542763
0.016636
-0.019065
-0.360327
0.209297
-0.023479
-0.411932
0.253331
0.782092
0.158589
-0.127296
0.149512
-0.167009
0.321436
0.047801
-0.111477
-0.039969
0.706403
-0.274044
0.487825
0.000460
0.635954
-0.234114
0.568071
-0.231166
0.316869
-0.309250
-0.553593
0.080627
-0.641854
-0.371831
-0.115515
-0.256242
-0.570078
-0.190741
0.475950
-0.057636
-0.187000
-0.191885
-0.083304
0.180433
0.494001
-0.030692
-0.157475
0.331530
-0.497170
0.742687
0.291477
-0.304817
0.194651
-0.246092
-0.165834
0.195039
0.757215
0.555200
-0.120548
-0.128877
0.939501
0.511952
0.143109
-0.854008
-0.575979
-0.104366
-0.452541
-0.204672
0.694826
-1.369333
0.240494
0.109671
-0.002098
0.118786
-0.270800
-0.058725
0.313413
-0.854213
0.172947
-0.553980
0.318171
-0.299359
0.207457
0.279428
0.207259
0.453615
-0.224907
0.330816
0.298760
-0.152870
0.316874
0.041642
-0.311598
-0.395650
-0.173015
0.097950
-0.435147
0.411379
-0.323644
-0.186066
0.049178
0.079009
-0.130710
-0.173244
0.411544
-0.172901
-0.125634
0.286224
-0.447098
-0.766109
0.160434
-0.200669
-0.284978
-0.433302
0.282217
0.166229
0.503292
0.576821
-0.113848
0.399133
-0.278655
-0.082919
-0.549028
0.594826
-0.022350
-0.781790
0.204503
-0.004562
0.064094
-0.063347
-0.207919
0.570053
0.518656
0.056380
-0.418551
-0.213737
0.445857
-0.213718
-0.498827
0.204744
-0.225101
0.626795
-0.281563
-0.787854
0.173956
0.223520
0.640886
0.092639
0.416586
-0.216058
0.575221
-0.300854
-0.123442
-0.024415
-0.059670
0.000382
-0.034872
-0.107731
0.797993
-0.588212
-1.156166
-0.293415
0.478167
0.162519
-0.489959
0.511655
-0.320473
-0.754397
-0.584271
0.205308
0.296362
-0.306358
-0.033245
-0.632693
0.135734
-0.090371
0.241700
0.113231
-0.626019
-0.293089
-0.042297
0.572910
0.441450
0.091142
0.659975
-0.238064
-0.236068
0.035508
-0.208039
-0.049265
-0.117824
0.431589
-0.038151
0.047497
0.271991
-0.571225
-0.227214
0.084169
-0.385974
0.435364
-0.005051
0.103324
-0.216304
0.092292
-0.606565
-0.546355
-0.307251
0.374855
0.276437
-0.233744
-0.490761
-0.007667
0.408362
0.032798
0.219035
-0.737485
0.672343
-0.122992
0.276788
-0.011452
0.198571
-0.521460
-0.132995
0.307710
0.283299
0.484008
0.099850
-0.172234
-0.353860
0.998688
-0.466502
0.261282
0.058758
-0.611673
-0.488795
-0.147734
-0.250624
0.440941
0.249807
0.174788
0.591388
0.126121
0.372846
0.538645
0.087887
-0.189524
0.245420
0.522698
-0.128291
0.102110
-0.265708
0.357073
0.343798
-0.697460
-0.369833
-0.559962
0.173724
0.261480
-0.387338
-0.239737
0.307386
0.050746
0.332378
-0.565366
0.236905
0.086541
-0.527494
0.449095
0.347955
-0.268595
0.488703
0.165024
-0.083196
-0.257809
-0.187850
0.379620
-0.266075
0.177666
0.897792
-0.507441
-0.141576
-0.483739
-0.552685
0.676214
-0.264117
0.258049
0.675029
-0.659026
-0.011300
0.385857
-0.203000
0.084688
-0.212353
0.420118
-0.478270
0.123985
0.016846
0.224581
0.521316
-0.712164
-0.307290
0.132653
0.476970
0.360556
-0.207323
0.290074
-0.258912
-0.111501
-0.400095
0.087987
0.225855
-0.037382
-0.282269
0.062565
0.375683
-0.599734
0.090287
-0.400556
0.034377
-0.178542
0.088193
0.141142
0.162180
-0.559700
0.383578
0.210931
0.180283
-0.627974
0.136746
-0.272396
0.065576
0.030625
0.071738
-0.070594
-0.316189
0.184831
-0.546576
0.332883
0.299933
0.524659
-0.014199
0.120953
0.319987
0.248737
0.184887
0.311456
-0.030334
0.512459
-0.188511
0.319803
0.399750
-0.212843
-0.120483
0.232731
0.536839
-0.327459
-0.164606
-0.136257
0.075639
0.072700
0.103129
0.249165
0.221540
-0.042452
-0.420530
-0.263368
0.289394
0.059054
0.718923
-0.212969
0.493473
-0.308576
0.839822
0.106054
-0.558791
-0.368700
0.039075
0.155901
-0.035131
-0.047786
0.137958
0.185037
-0.961831
0.105942
-0.124163
-0.104567
-0.266872
-0.543717
0.178806
0.141359
-0.329735
0.102783
-0.412270
-0.425153
-0.309635
-0.217735
0.287793
0.049237
-0.161967
-0.075626
-0.859091
-0.029240
0.177771
0.337764
-0.267994
0.044556
-0.389945
0.328331
-0.270898
0.167807
0.476614
-0.187686
-0.131534
-0.705339
-0.769654
0.220546
-0.084858
0.332765
0.082403
0.195304
-0.345091
-0.115144
-0.213724
0.397989
-0.171378
-0.303250
-0.311954
0.395852
-0.465801
0.242542
0.238824
0.474670
0.118787
-0.670389
0.054492
0.490502
0.392321
-0.112180
0.112516
-0.420722
-0.408639
-0.592975
0.139285
0.304214
-0.228995
-0.386591
0.067601
-0.852724
-0.775357
0.151265
0.073668
0.266266
-0.042637
-0.298678
-0.544463
0.244525
0.923727
-0.215899
-0.006373
0.248286
-0.252305
0.637897
-0.457544
-0.290509
0.359717
-0.957681
-0.110316
0.408725
-0.044748
-0.710276
-0.007578
-0.039567
0.254740
0.035683
0.031355
0.429868
-0.061430
0.387781
0.303637
0.006278
0.643744
-0.276067
-0.259452
-0.172248
-0.090176
-0.167693
-0.927156
0.167096
0.011836
-0.043184
0.042219
0.504466
-0.586712
0.054703
0.393482
0.340664
-0.001448
-0.284210
-0.005813
-0.314531
0.477381
0.210004
0.058636
0.156993
-0.047241
-0.392368
0.331204
-0.142346
-0.373826
0.608773
-0.196255
0.105545
-0.267377
-0.105564
0.231152
0.094162
0.433341
-0.162157
0.189353
0.497772
-0.098444
-0.003948
-0.001310
-0.431042
0.078125
0.220950
0.633555
-0.147753
0.027172
0.731072
-0.319939
-0.066288
-0.160542
0.246767
-0.240843
0.025022
-0.379300
-0.099234
0.158969
0.119266
0.584673
0.436409
-0.131653
0.436140
0.120153
0.132602
-0.134675
-0.252701
0.594382
-0.152014
-0.302245
0.272477
-0.575874
-0.079487
0.032000
-0.537379
-0.157739
0.024190
0.251636
0.344427
0.386774
0.536289
-0.364612
-0.333438
-0.516177
-0.747515
-0.502298
-0.296128
0.326143
-0.368484
-0.200425
0.320548
0.065243
0.014305
-0.135476
-0.031076
1.029878
-0.266369
0.032139
0.006218
-0.245399
0.128134
0.483100
0.522602
0.064663
0.124118
-0.005475
-0.049877
0.091539
-0.339979
0.786775
-0.361197
-0.515038
-0.197225
-0.162910
0.747459
-0.424907
0.022160
-0.050983
-0.002087
0.027979
0.667996
0.270838
-0.653144
-0.205265
-0.214535
0.341507
-0.403112
-0.098076
0.253492
0.346885
-0.095538
-0.490185
0.262362
0.339123
0.239736
-0.213466
0.743776
0.524193
-0.035606
0.512393
-0.178674
-0.006583
-0.197386
0.008399
0.381897
0.239949
-0.189247
-1.042289
0.069841
-0.048665
0.373331
-0.291445
0.157464
0.622392
0.356142
-0.500483
-0.095960
0.126086
0.030552
-0.250043
-0.728426
-0.111006
-0.532756
0.204968
0.220783
-0.339480
-0.213320
0.455592
0.258952
-0.689887
-0.163874
0.321760
0.075789
0.462508
0.955948
-0.036103
0.797519
0.460678
-0.018337
-0.065406
-0.009660
-0.394949
0.298883
-0.078218
-0.036122
-0.130767
-0.217549
-0.630137
-0.249947
-0.089082
-0.485838
-0.321587
-0.411355
-0.237613
0.296924
0.314725
0.417886
0.497134
0.300959
-0.158379
0.378441
-0.389656
-0.014750
0.296716
0.237230
-0.087462
0.306654
-0.167402
-0.132913
0.242835
0.337101
-0.002465
-0.644613
-0.009490
0.260771
0.173103
0.205504
0.625301
0.251437
0.301378
-0.108168
-0.319789
0.518012
0.416631
0.525283
0.211803
0.289721
-0.492912
0.545250
-0.665604
-0.394606
0.141650
0.786161
-0.139879
-0.170932
0.465246
-0.030886
0.726302
-0.907608
0.340999
-0.126884
1.031210
-0.033351
-0.073050
-0.324802
0.314778
0.449146
0.009444
0.008034
-0.536458
0.068514
-0.372181
-0.539454
0.425237
-0.363467
-0.275905
0.089335
-0.157006
0.130571
0.570184
-0.175762
0.201439
-0.219147
0.442776
0.199707
-0.013709
-0.450772
0.357308
0.002150
-0.192505
-0.289235
0.010982
-0.658890
-0.403584
-0.196170
-0.710679
0.185413
0.598273
-0.022488
-0.268895
-0.149492
0.203717
0.076985
-0.559305
-0.082307
-0.549523
0.170265
0.442230
-0.219142
0.369615
-0.582779
0.028002
-0.277760
0.237803
-0.046665
-0.289607
-0.587228
-0.088167
-0.268397
0.804377
-0.126517
-0.651943
-0.678935
-0.483970
-0.119664
-0.354075
-0.009609
-0.165170
-0.171690
0.210714
0.179122
-0.110898
-0.024147
-0.492607
0.554101
0.535619
0.190752
-0.116946
0.176686
0.503363
0.213517
-0.048421
-0.282731
0.574620
-0.805378
-0.007136
-0.510531
0.312214
-0.126827
-0.022843
-0.642073
-0.391453
-0.265464
0.271597
-0.032744
-0.180633
-0.172757
-0.420100
-0.438445
-0.024456
-0.052529
0.164744
-0.328509
0.291971
-0.707068
-0.273122
0.988295
-0.210791
0.101778
0.267569
0.203631
-0.478927
0.429200
-0.494028
-0.135674
-0.279301
-0.201745
0.039335
0.427337
0.455772
-0.182412
0.492291
0.437712
-0.101444
-0.000263
-0.133726
-0.080115
0.081270
0.093192
0.093571
-0.205767
-0.779833
0.012161
0.530832
0.517293
0.040360
-0.021652
0.158799
0.216092
0.107138
-0.132074
0.587372
-0.803308
0.128249
-0.000462
0.777095
0.282945
-0.341951
0.015245
-0.192233
0.494329
0.010503
-0.022780
-0.682535
0.018962
0.132038
0.583904
0.079856
0.687266
-0.000735
0.307823
-0.139248
-0.528274
0.177879
0.074775
-0.368450
0.830292
0.824993
0.649448
0.079600
-0.243364
-0.139278
-0.200866
0.551681
-0.128529
0.194947
-0.199733
-0.609108
0.063497
-0.175451
0.285735
0.483613
-0.052745
0.188780
-0.301904
-0.148520
0.049756
0.174706
-0.256779
0.242864
-0.103750
0.104441
0.157078
0.059032
0.228104
0.632129
0.693123
-0.208575
-0.589039
0.089961
-0.311603
0.322892
-0.078032
0.407984
-0.109197
-0.213672
-0.491750
0.217969
-0.130175
0.637123
-0.153752
-0.710796
0.406266
0.465994
0.357342
-0.354472
-0.029260
-0.208033
-0.272494
0.185391
-0.154350
0.027423
-0.169431
-0.733386
0.497161
-0.060622
0.014877
-0.661626
-0.184658
-0.466758
0.362787
-0.431252
-0.589573
0.512644
-0.176125
0.110968
0.418095
-0.103655
-0.084198
0.110033
0.707949
0.097646
-0.773307
-0.191867
0.603270
0.007678
-0.190923
-0.081917
0.547225
0.347384
0.154807
-0.151591
-0.011843
0.110415
0.180840
-0.518519
0.129465
-0.309993
0.125668
-0.254615
0.449107
-0.120000
0.373996
-0.392079
0.938346
0.174645
-0.064287
-0.118974
0.530519
0.094388
-0.098863
-0.445455
0.477794
0.129421
-0.336931
-0.132887
-0.133088
-0.115751
-0.065165
0.366529
0.428749
0.093568
0.400096
0.048178
-0.815900
-0.343458
-0.419311
-0.563183
-0.174539
0.203468
0.058269
-0.077385
0.254435
-0.216159
0.125467
-0.377198
-0.558327
-0.171334
-0.114747
0.243917
0.325618
0.360762
0.098508
0.430356
0.418884
-0.644410
-0.208847
0.322991
-0.670240
-0.104001
-0.132115
-0.103893
-0.077967
0.604705
-0.042466
0.051492
-0.449791
0.113898
-0.788065
0.008946
0.118917
-0.069238
0.338814
0.361562
0.214331
0.336980
0.440119
-0.148231
-0.490193
0.469658
-0.503844
-0.379959
0.123786
0.409955
-0.464960
0.026201
-0.585192
-0.156696
0.009117
0.864820
-0.252858
-0.165482
-0.172381
0.007685
-0.146328
-0.454814
0.107484
0.482263
0.079722
-0.074023
-0.673937
-0.275482
0.233159
0.603701
-0.381265
0.246578
0.351572
0.202623
0.068032
0.095337
0.143401
-0.105112
-0.114463
0.074968
-0.548782
-0.177136
-0.210822
0.405270
-0.377592
0.067813
-0.164755
-0.459179
0.393665
-0.533787
-0.441281
0.254813
1.061883
0.152465
-0.274510
-0.304162
0.146110
0.047998
-0.454741
-0.052755
-0.178143
-0.105344
-0.406691
-0.539132
0.491747
-0.257066
0.205328
-0.239613
-0.032746
0.165609
-0.428302
0.052551
-0.205955
0.792346
0.335573
1.299219
-0.421560
-0.331987
0.010181
-0.666632
-0.166077
0.633534
1.096560
-0.635336
-0.308978
0.011555
0.046608
-0.069729
-0.202307
-0.127463
0.035132
-0.590079
-0.597626
-0.297455
0.663978
0.042105
-0.141307
-0.040152
-0.593445
-0.044252
0.158503
0.758407
0.813832
0.079794
-0.220899
-0.557276
-0.623057
-0.583922
0.389154
-0.459739
-0.178052
-0.554505
0.189971
-0.127638
-0.508857
0.084805
-0.078665
-0.326583
-0.195039
0.454293
-0.215704
-0.519720
-0.078801
0.229050
0.701144
-0.243418
0.050387
-0.441225
0.060462
-0.184172
-0.247273
-0.979703
0.010640
-0.416443
0.049072
0.579668
0.143801
-0.484746
0.488266
-0.146789
-0.516553
-0.614370
-0.143032
0.233920
0.231025
-0.568717
0.202002
0.080437
-0.309422
-0.245955
0.599554
-0.438200
-0.004713
0.204300
0.128433
0.080679
-0.349274
0.481000
0.201295
0.037094
0.299369
-0.296516
-0.321177
0.082755
-0.239269
0.518718
-0.360834
0.579842
-0.410889
-0.229423
0.479918
-0.069963
-0.365688
-0.010382
0.579430
0.498949
0.103036
0.441801
0.682237
0.193264
-0.372485
-0.034730
-0.307666
-0.200987
-0.403651
-0.095380
0.068751
0.763063
0.433469
-0.048865
-0.196345
0.566166
0.868274
-0.216014
-0.138055
0.300851
0.302642
0.449873
0.302132
-0.706008
-0.923111
0.686600
-0.191836
0.367346
0.337354
0.147523
0.167220
0.488594
0.002126
-0.135838
-0.151609
-0.248792
-0.399318
-0.449770
-0.019809
-0.709043
-0.750210
0.319037
0.745681
0.235971
-0.041065
0.080933
0.275707
-0.387947
0.146122
-0.722838
-0.119025
0.097474
0.292149
0.321404
-0.115846
-0.015731
0.190025
-0.474560
0.438007
-0.664684
0.828312
-0.071582
0.418393
0.418450
0.058833
-0.174461
0.518119
0.254975
-0.203503
-0.301762
-0.121748
-0.591660
0.193323
-0.244012
0.345784
0.237383
-0.177363
-0.011320
-0.735215
-0.074291
-0.176396
-0.435565
0.232629
-0.004045
0.438669
-0.089141
-0.100225
0.237876
-0.076331
-0.586202
-0.179909
-0.219813
-0.165797
0.033066
0.040241
-0.554371
0.443228
-0.315193
0.066431
0.163011
0.567093
-0.276374
-0.356138
-0.221047
0.387879
-0.818645
-0.295344
0.015512
-0.123735
0.767656
-0.341168
0.024421
0.286820
-0.196802
0.502150
0.060512
0.340503
0.289676
-0.185209
-0.070556
-0.260117
-0.240543
0.485701
0.119131
-0.490401
0.170723
0.016843
0.005958
-0.037357
0.010904
0.236298
0.263506
-0.539239
0.056482
0.361801
-0.604761
0.135797
0.085348
-0.733858
0.301458
0.465258
-0.520508
-0.055953
0.071503
-0.051358
0.618260
-0.554491
-0.281642
-0.353179
-0.054944
-0.143761
0.366247
0.086823
-0.544457
0.130022
-0.024029
0.280208
0.157500
-0.135623
0.333115
0.390489
0.192853
-0.433070
0.122561
-0.357050
-0.504535
0.108867
-0.409863
0.187466
0.015066
-0.180009
1.037259
0.090540
-0.655229
0.260600
-0.373933
0.009709
0.169802
0.258942
-0.340880
0.290663
-0.414387
0.136671
-0.074698
-0.251889
0.713364
-0.466678
0.223257
-0.272315
0.198003
-0.182548
0.328418
0.034579
-0.456464
-0.202790
0.456619
0.364371
0.569830
0.078947
0.272532
0.361093
-0.089564
-0.181719
0.531717
-0.544807
-0.130002
-0.007033
0.433118
0.028260
-0.321185
0.138715
-0.211390
0.227397
-0.033948
0.736219
-0.038375
-0.415266
0.082742
-0.251018
-0.397320
-0.110500
-0.220651
0.404522
-0.043056
0.123623
0.760433
-0.621096
0.016471
0.271447
-0.528149
-0.040080
-0.277918
0.033050
-0.345870
-0.636545
-0.738460
-0.208679
-0.224165
-0.289040
-0.063322
-0.086142
0.220289
-0.340838
0.228565
-0.183588
0.267214
-0.152015
0.127354
-0.109190
-0.058109
0.074540
-0.035851
0.337549
-0.260752
-0.097589
0.478467
0.036988
0.652966
0.662341
0.255837
0.393060
0.082076
-0.223622
-0.284352
-0.040857
-0.276256
-0.190927
-0.768214
0.110039
0.411278
0.647907
0.781500
0.052199
0.111846
-0.462398
0.538448
-0.519483
0.315298
0.216026
0.179015
-0.019173
0.597988
-0.088004
-0.377131
-0.148177
0.120844
-0.290521
0.206907
-0.377051
-0.599312
-0.306430
0.248167
-0.097512
0.218695
-0.367952
-0.123075
-0.002203
-0.890711
-0.237119
-0.633984
-0.366940
0.162820
0.183535
0.383382
-0.516387
0.475427
0.015329
-0.654980
0.071010
-0.069284
-0.466907
0.812141
-0.101544
0.576446
-0.284758
0.247702
-0.054542
0.089538
-0.799548
-0.222821
-0.082037
-0.021356
0.543442
0.637954
0.519908
-0.240744
-0.779717
-0.041423
0.022088
-0.064700
0.543110
-0.344008
0.118845
0.201580
0.387204
-0.637150
0.229974
-0.143799
-0.389138
-0.200066
0.754733
0.554637
0.075981
0.401793
-0.050169
0.361290
0.375800
0.992592
0.007272
0.214469
-0.106349
0.370958
0.092503
0.096996
0.016363
0.041608
-0.007778
-0.820481
0.017718
0.089755
-0.191259
0.437972
0.113165
0.246388
0.546688
-0.477675
-0.262695
0.648936
0.454161
0.624022
0.323490
0.144747
-0.038912
0.212211
-0.270792
0.421147
-0.125578
0.323895
-0.019779
0.061424
-0.768073
-0.245152
0.028248
0.425995
-0.069433
0.557704
0.012310
0.320878
0.278040
0.038750
-0.515039
-0.823525
-0.347849
0.541332
-0.038116
-0.136680
0.156852
-0.339528
-0.165056
0.153708
0.129193
-0.001831
-0.457141
-0.058917
0.576310
0.143221
0.700354
0.627885
-0.367294
1.077611
0.021442
-0.342237
-0.447375
-0.364582
-0.099809
-0.125105
-0.006067
0.308611
-0.363765
0.354049
0.083299
0.124570
0.069595
0.172773
-0.217796
0.016953
-0.074312
-0.085313
-0.187985
-0.013969
-0.519144
-0.254236
-0.380808
0.055617
-0.061792
0.193156
0.052978
-0.023261
0.558607
0.216527
0.454925
0.181619
-0.268531
0.505369
0.148545
0.663749
0.540648
-0.001213
-0.202939
0.360681
0.314411
-0.608833
-0.228011
-0.578623
-0.752319
-0.605549
-0.171443
-0.372077
0.183977
-0.088197
-0.325048
0.019411
0.744564
0.633361
0.183550
0.764818
0.213690
-0.000203
0.201378
-0.897423
0.188882
-0.349213
0.470939
0.298427
-0.322674
-0.013520
0.205254
0.025802
0.751025
-0.115609
0.318346
-0.544036
-0.363250
0.037334
0.080903
-0.654134
0.561021
0.020484
-0.357751
-0.779496
-0.100178
-0.118504
-0.188304
-0.622853
0.477868
-0.243487
0.118365
-0.093371
0.683784
-0.553526
0.175907
0.121970
0.980209
0.021255
0.414111
-0.183302
-0.140549
0.268094
-0.196447
-0.252791
0.062988
-0.079633
-0.099826
0.299576
0.188416
0.232190
0.031440
0.083472
0.306063
-0.150771
0.273066
-0.410767
-0.371230
0.636481
-0.501015
-0.234450
0.653153
0.161984
-0.806643
-0.020296
-0.360320
0.284461
0.275211
-0.373942
0.336836
0.682650
0.309942
-0.403440
0.047171
0.227593
0.875939
-0.671326
-0.425679
0.023428
-0.622690
-0.322210
0.480599
-0.103822
0.407775
-0.050561
0.143959
-0.240847
-0.531064
0.439684
0.603929
0.127513
0.384631
0.271902
0.311854
-0.807509
-0.647065
-0.349380
-0.074026
-0.355988
0.005903
0.200155
-0.279560
-0.500448
0.673059
0.056941
-0.303990
0.570330
0.478008
0.627655
-0.086843
-0.205567
-0.085844
0.193727
-0.089344
-0.708661
-0.174701
0.220546
-0.528560
0.286694
0.369215
0.088733
-0.418086
-0.194785
0.155230
-0.478069
-0.350565
-0.703228
-0.142560
-0.126690
-0.291632
0.395682
0.549111
0.153751
-0.724977
-0.066077
0.213629
0.107627
-0.269036
0.330070
0.792765
-0.015494
-0.589919
-0.424974
-0.406880
0.332042
0.746425
0.429404
-0.603340
-0.236944
-0.359855
0.411638
0.538748
-0.284279
-0.389843
0.028582
0.054322
0.101415
0.334818
-0.097415
-0.315874
-0.481769
0.204895
0.518847
0.418344
0.626654
0.041218
0.537104
-0.576378
-0.586068
0.581218
0.423053
-0.524054
-0.322152
0.852475
0.056719
0.128708
-0.150319
-0.222011
0.070870
0.730884
0.287420
0.122320
-0.078828
-0.645800
-0.265598
0.323220
-0.125189
-0.149660
0.284978
-0.057961
-0.135492
-0.049140
-0.475710
0.300418
-0.112233
-0.401619
-0.351064
-0.113168
0.233814
-0.409874
0.495884
0.292399
-0.156956
-0.372823
-0.107165
0.427321
0.039014
0.388109
-0.044794
-0.405882
-0.012316
0.102198
0.025323
-0.050688
-0.203514
0.093281
-0.165917
-0.266212
0.333047
-0.034509
0.176026
0.326149
0.351649
-0.088931
0.059043
-0.103320
0.614187
0.197864
0.076099
-0.446701
-0.013371
0.033829
-0.214798
-0.551614
0.862116
-0.017490
-0.008532
-0.238630
-0.158424
0.228725
-0.014046
0.292746
0.218097
-0.028278
0.966594
0.030821
0.452986
-0.764428
-0.643283
0.241391
0.192024
0.103722
-0.130001
0.186968
-0.346412
-0.110680
-0.253416
-0.044268
-0.238260
-0.269941
0.647596
0.043087
-0.123981
0.281149
-0.261012
-0.355107
0.186720
-0.295858
0.227207
-0.632571
-0.070303
-0.215819
0.109280
0.403111
-0.078618
0.533598
0.487876
0.588721
0.116961
0.300725
-0.016854
-0.051066
0.044088
-0.034122
-0.568054
-0.104278
0.336652
-0.075598
-0.177896
-0.286110
0.074904
0.029227
-0.197573
0.205656
-0.260559
-0.341189
0.439191
-0.329437
0.320474
-0.037456
-0.535613
0.007139
-0.785077
0.461589
-0.002772
0.590584
0.268755
-0.462608
0.643618
0.049390
0.026948
-0.454334
0.420478
-0.412348
0.266747
-0.519188
0.410099
0.353229
0.145575
-0.071706
0.298524
0.679226
-0.393041
0.358190
-0.421514
-0.109618
-0.090502
0.077087
0.513667
-0.384728
0.474764
-0.132832
0.370410
0.331517
-0.108698
0.211671
-0.119268
-0.366592
-0.204825
-0.708812
0.684544
-0.102825
-0.142449
-0.161197
-0.259619
-0.214043
0.379752
-0.064507
-0.065359
0.187591
-0.274393
0.482436
0.357324
-0.184938
-0.320726
-0.275710
0.115371
-0.416451
0.141563
0.393779
0.093933
-0.053836
0.294374
0.111537
-0.107793
-0.153003
-0.503465
-0.232283
-0.442551
0.534106
-0.249729
0.666528
0.476985
0.223630
1.110946
0.345692
-0.103250
0.308140
-0.036364
0.264271
0.369756
0.208759
-0.122429
0.738119
-0.129566
-0.166011
0.137461
0.202012
-0.172634
-0.254263
0.119393
0.169455
0.150537
-0.263583
0.280368
0.072140
-0.107666
-0.334538
0.014243
0.638162
0.309920
-0.210380
0.154273
0.286256
-0.305519
0.170395
-0.046948
-0.203593
0.354458
0.208683
0.364587
-0.306837
0.074061
-0.177114
-0.094926
0.064129
0.298951
-0.211205
-0.051013
0.577217
0.372229
-0.163509
-0.187021
-0.032926
-0.011227
-0.329518
-0.641649
-0.534730
-0.382954
0.116441
0.208095
0.090205
0.217038
-0.047514
-0.152390
-0.122045
-1.014728
0.426192
0.158413
-0.235408
-0.107440
-0.147165
-0.000626
-0.148378
-0.609869
-0.564168
-0.055628
0.169989
-0.011472
-0.826225
0.182152
0.010418
0.266530
0.279165
-0.075708
-0.123347
0.325230
-0.393752
-0.084696
-0.185196
-0.457834
0.215579
0.784438
0.022723
-0.548629
0.250521
-0.395685
-0.167226
-0.631334
0.061309
0.212100
0.740312
0.054715
-0.445011
-0.149172
0.420205
-0.099647
-0.949008
0.176584
-0.446461
-0.463043
0.122664
-0.273627
-0.192311
0.365701
0.464412
-0.226567
0.060816
-0.003002
-0.221812
-0.094226
-0.023785
-0.685718
-0.033338
0.468716
0.139912
0.480791
0.791667
0.282982
0.113044
-0.029712
0.401829
0.331612
-0.410079
0.362628
0.999030
0.147444
0.413789
0.467595
-0.072181
0.293316
0.085678
0.420632
0.010272
0.470116
0.371421
-0.065707
-0.144148
0.150241
-0.033075
-0.544829
-0.054240
0.381966
0.165409
0.116795
0.542225
-0.883751
0.103854
0.172835
0.250487
-0.293926
-0.307868
0.080152
0.144471
0.054542
0.269118
0.085828
-0.075698
-0.326054
-0.396835
-0.108475
-0.647864
0.113761
-0.025956
-0.678139
0.198986
0.541237
-0.432582
0.093768
-0.312444
0.459169
-0.780408
0.682050
-0.461832
0.064281
-0.101781
0.505090
0.403403
-0.040716
0.365591
0.152779
0.101672
0.259362
0.503862
-0.054030
0.465068
0.379869
0.403141
0.164827
0.105019
-0.232304
-0.394339
0.089667
0.173596
0.239625
-0.055230
-0.291128
0.077158
-0.089614
-0.359976
-0.305617
0.093416
0.551276
0.105195
0.201079
0.024362
0.180019
-0.234580
0.183815
-0.369368
-0.101948
0.044712
-1.047878
-0.113198
0.045229
-0.037949
0.533739
0.367848
0.262390
0.721018
0.689166
-0.344671
-0.462841
0.037181
0.294194
0.400623
0.370097
0.503422
-0.020277
0.131106
-0.033088
-1.007634
0.004987
0.223244
0.191525
-0.495504
0.357905
-0.083750
0.064431
0.427856
0.404111
-0.496141
0.127570
-0.360215
-0.245912
-0.391969
0.287534
0.283880
-0.364140
-0.208534
0.044117
-0.214249
-0.073131
0.001731
-0.368874
-0.073794
-0.417092
-0.386005
0.279123
0.294428
-0.551486
-0.155777
0.204091
0.103647
-0.006821
0.053030
0.040726
0.308826
0.385207
0.255800
-0.343549
0.703322
-0.357148
0.521704
0.325888
0.241911
-0.198451
0.363404
0.467366
-0.320976
-0.198724
0.323898
0.617770
0.233938
0.240644
-0.141080
0.147843
-0.697305
0.037165
-0.178804
0.000656
0.107410
-0.042406
-0.049751
-0.112602
-0.733127
-0.417169
-0.061941
0.464723
0.047284
-0.020857
-0.358000
-0.649355
0.026662
-0.621845
0.645140
-0.310369
0.299508
-0.005469
0.127912
-0.320061
-0.067797
-0.008831
-0.550885
-0.050236
-0.460418
-0.074852
-0.566416
-0.004900
-1.006816
0.699642
0.225724
0.047813
-0.180357
0.021052
0.309779
-0.450466
-0.039392
-0.156791
0.209671
0.830419
0.539331
-0.038776
-0.377991
0.320949
-0.352525
0.159245
-0.176035
0.034919
-0.430226
0.103617
0.342207
0.092041
0.055669
0.359699
-0.285671
-0.635216
0.340020
0.539256
0.279002
-0.240528
0.635091
-0.202023
0.070463
-1.124866
-0.416779
0.250865
0.259638
0.442164
-0.117581
-0.201369
0.902070
-0.113523
-0.855428
-0.106279
-0.463242
-0.166827
-0.375498
-0.155781
0.143597
0.232168
-0.138048
-0.238797
-0.615034
-0.280184
0.216271
-0.781486
-0.467852
-0.299811
-0.324016
-0.053768
0.037912
0.596598
-0.212709
-0.032276
-0.194340
0.446368
0.837632
-0.019501
0.119294
0.295059
0.672232
-0.287082
0.022789
-0.235241
-0.314444
0.828401
0.271518
0.284516
0.040833
-0.124227
0.291283
0.746433
-0.055677
-0.141368
0.515949
0.128751
0.187050
-0.517587
0.064944
-0.249618
-0.374765
0.221582
0.014452
-0.047162
-0.311632
0.286076
0.475032
0.269241
