-0.166517
0.285719
-0.093742
-0.198593
-0.175505
0.092629
-0.586955
-0.063595
-0.663268
0.328066
0.212973
0.300627
-0.053856
0.108642
-0.931927
0.012852
-0.431042
-0.412904
-0.169659
-0.276435
0.213849
0.836128
-0.507130
0.155233
0.036238
0.004664
-0.300745
-0.088670
-0.095019
-0.016995
-0.108993
-0.332206
0.476634
-0.161379
-0.041845
-0.194701
0.064687
-0.267368
-0.189638
0.014887
-0.672596
0.593426
-0.192931
-0.027958
-0.274385
-0.127265
0.274621
-0.580030
-0.113842
0.147319
0.561558
-0.015791
0.218522
0.038571
0.200185
-0.061562
0.095092
-0.204628
0.141719
-0.128902
-0.041877
-0.530946
-0.186871
0.339241
-0.317332
0.616471
-0.178041
-0.505807
-0.208676
0.373143
0.220508
-0.182128
0.050736
-0.019001
0.253409
0.550203
0.499860
0.150061
0.054212
-0.025652
-0.054888
0.455432
0.292873
0.396963
-0.772393
-0.114234
0.277407
-0.377365
-0.402971
-0.171276
-0.239198
0.107745
0.252800
0.016932
-0.439331
0.142262
-0.254689
-0.085035
-0.099961
0.344123
0.129879
0.034024
-0.712960
0.373904
0.059876
0.416518
0.234569
0.329552
0.120741
-0.551349
0.271335
-0.140141
-0.227596
-0.453309
-0.815576
0.042414
0.082390
-0.022257
0.470138
0.239226
-0.288651
-0.499230
-0.476590
-0.074220
-0.270299
-0.203645
-0.340739
0.204938
0.534816
0.326997
-0.341694
0.501242
0.690458
-0.231764
0.172363
0.015445
-0.163775
-0.038322
0.137954
0.310533
-0.241340
0.151965
-0.167398
0.018718
0.364642
-0.123683
-0.194991
0.403766
0.004563
-0.700114
0.154657
-0.555738
-0.144317
-0.226820
-0.046408
0.083775
0.245356
0.875208
-0.219487
-0.360652
-0.527748
-0.251370
0.243921
-0.050228
0.331386
0.353360
0.376511
-0.027247
-0.274056
-0.565196
0.377620
-0.305681
0.235847
0.135239
0.148260
0.255828
-0.026906
-0.551387
-0.166414
-0.223275
-0.223924
0.480726
0.042913
0.463193
0.345707
0.320504
-0.237061
-0.576616
0.507562
0.201337
0.300001
-0.498579
0.349582
-0.131317
0.399166
0.616123
0.105940
-0.184143
-0.319048
0.352956
0.080044
-0.686988
-0.301873
-0.428645
0.109889
-0.232514
-0.320813
-0.226562
0.337224
-0.088489
-0.217385
0.132264
-0.441695
-0.264285
0.292536
0.123647
0.068051
-0.669115
0.250072
0.445491
0.124675
0.207396
0.912751
-0.248880
0.450424
-0.020235
-0.523797
-0.241804
0.190679
0.147557
-0.387325
0.406364
-0.203431
0.416780
0.025594
-0.251849
0.515330
0.254508
0.095131
-0.269356
0.262860
0.852702
-0.022335
-0.956804
0.132709
0.119070
0.556103
-0.498695
0.218080
-0.928107
0.161452
-0.174096
0.541997
0.409118
0.224278
0.520846
-0.555628
0.020935
-0.414442
0.006929
0.251889
0.429742
0.189420
0.027580
-0.250348
-0.198515
0.266422
-0.220691
0.248345
0.178282
0.340581
-0.031396
-0.085088
-0.103414
-0.303305
-0.147846
-0.329848
0.383927
-0.311383
-0.467374
0.001461
0.276424
-0.035980
-0.001592
0.368707
-0.022225
0.322021
0.059725
0.417403
0.084484
-0.735074
-0.013303
-0.063850
0.068951
0.330007
-0.534132
0.594313
-0.438772
-0.246560
-0.051965
0.528656
-0.211329
-0.720924
-0.105574
0.037326
0.648882
-0.644263
0.256146
0.706852
-0.287658
0.563751
0.284090
-0.214552
0.024874
-0.172826
0.089964
0.384153
0.037406
-0.240126
0.182899
-0.450782
-0.757928
-0.860873
-0.233588
0.308822
0.399330
-0.525036
0.445062
0.553304
-0.078933
0.268572
0.140327
0.824259
0.269469
-0.397994
0.781646
-0.016117
-0.161509
-0.012037
0.215824
0.360960
-0.442989
0.270912
-0.072195
-0.458097
-0.087105
-0.139278
0.594117
0.394214
-0.032236
0.215271
0.227806
-0.320021
0.188888
-0.312836
0.524801
0.230641
0.440480
-0.093426
0.398192
0.516058
0.027140
0.330137
0.350118
-0.235647
0.122350
0.026861
0.116200
-0.422843
0.907713
0.217522
-0.209163
0.004895
-0.043282
-0.328778
0.356940
-0.062174
0.311981
-0.212244
0.254088
-0.019222
0.314369
-0.164286
0.902890
-0.105492
0.688878
-0.008348
0.452029
0.478605
-0.071424
-0.073707
0.502520
-0.394390
-0.077334
0.282769
-0.001732
0.550124
-0.525422
0.285099
-0.151050
0.331853
0.053808
-0.282871
-0.274408
-0.001965
0.008238
-0.079474
-0.264554
-0.459632
-0.111448
-0.488220
0.108017
-0.586270
-0.365000
-0.020956
0.221310
-0.100674
-0.198956
0.224094
0.600244
0.328073
-0.032027
0.097576
-0.099597
0.489316
-0.279506
0.472919
-0.178233
-0.209025
0.037450
-0.329434
0.153295
-0.620525
0.430988
0.196090
0.442404
-0.424926
0.378951
0.106613
-0.258253
-0.464633
-0.098272
0.338053
-0.017581
-0.549097
-0.394761
0.248728
0.375725
0.325586
0.166147
-0.486399
-0.207702
-0.179702
-0.116414
0.021531
0.345279
0.337303
0.159464
-0.429213
0.545138
-0.226761
0.000843
0.074196
-0.082720
-0.194859
-0.135873
-0.094180
0.124197
-0.597462
0.207923
-0.098044
-0.896234
-0.383840
0.136133
0.630475
0.404126
0.011204
-0.679942
-1.407087
-0.466769
-0.399960
-0.294613
0.451112
-0.407702
0.268424
-0.701807
0.063242
-0.003792
-0.223322
0.224939
-0.213409
0.036080
-0.463893
-0.078749
-0.016501
0.272983
-0.130462
0.587391
0.249477
0.109953
-0.335308
-0.494439
-0.178737
-0.085191
0.139349
-0.492658
-0.940797
-0.161714
-0.077753
0.046536
-0.022735
-0.151920
-0.443458
0.013975
0.135722
0.069198
-0.099706
0.360655
-0.413151
-0.329539
-0.425045
-0.137871
0.091827
0.184087
-0.175642
0.198750
-0.213442
0.057414
-1.053578
-0.794244
0.027841
-0.145111
-0.175102
-0.254830
-0.025862
-0.087250
-0.037101
0.410811
-0.875960
-0.152169
-0.403946
-0.161999
0.285189
-0.173116
-0.065315
-0.478495
-0.020490
0.226049
0.129461
-0.126287
-0.113207
-0.055367
0.256124
-0.068691
0.228029
-0.601190
0.109237
0.220613
0.283884
0.145434
0.452142
-0.068119
-0.347948
-0.313883
-0.358506
-0.635390
-0.011715
-0.460982
-0.534697
0.190955
0.501089
0.347775
0.330367
-0.349860
0.205469
0.417954
-0.253068
-0.448546
-0.230823
1.132094
0.479268
-0.041317
-0.116387
-0.506071
-0.160306
0.004978
0.361948
0.033727
-0.379039
-0.002007
-0.347900
-0.175361
-0.231419
0.415982
0.154551
-0.245814
0.057515
-0.194275
0.033582
-0.308788
0.317304
0.879349
-0.577320
0.061298
-0.677145
0.206546
0.194520
0.174184
-0.007114
-0.110253
-0.384852
-0.250872
0.194178
-0.466455
-0.397916
0.516827
-0.051055
0.124803
-0.597956
-0.660926
0.062757
-0.503686
0.128349
-0.185231
-0.197257
-0.019638
0.271890
-0.510059
-0.198218
-0.675259
0.184486
0.287409
-0.042500
0.221619
-0.563473
-0.435327
0.126236
-0.223652
-0.363156
-0.136047
0.155011
0.229059
-0.733229
0.008633
0.063846
-0.011219
-0.059980
0.810060
-0.491114
0.414281
-0.424179
0.249421
-0.075660
-0.043249
-0.048535
0.134173
0.683250
-0.651806
0.036404
-0.071372
0.479520
-0.356695
-0.103879
0.715970
-0.490673
0.495092
-0.025584
0.022116
-0.010714
-0.734517
-0.095880
-0.393217
-0.148323
-0.283531
-0.285055
0.236677
-0.014654
0.281553
0.365607
0.362705
0.311505
0.265897
-0.162674
-0.017785
-0.721550
-0.176096
-0.066052
-0.332096
-0.511146
0.299504
-0.055303
0.005148
0.236674
0.714955
-0.109877
-0.204062
-0.423798
0.098689
0.631830
-0.355507
0.084494
-0.155147
-0.620890
0.300052
-0.058166
0.717442
-0.040354
0.420072
-0.252136
0.435222
0.075049
0.263881
0.137146
0.166319
-0.342996
0.464227
-0.603574
0.007796
-0.166724
0.213509
0.017358
0.055084
0.774004
-0.130797
-0.027605
0.031079
0.861286
-0.573653
-0.026846
-0.107555
-0.363017
0.422923
0.067613
0.084900
0.980485
0.357014
-0.308113
-0.345607
0.276384
-0.024874
0.184575
0.655568
-0.960245
0.378696
0.055141
0.282261
0.383069
0.142155
0.334817
0.070181
0.380551
-0.326400
-0.356276
-0.262117
-0.500877
0.430084
0.735573
-0.560937
-0.159348
-0.168694
0.094281
-0.266221
-0.030106
-0.374254
-0.575797
-0.404492
-0.368129
0.447169
-0.238894
-0.454251
0.224231
0.030868
0.379404
-0.012224
-0.191316
-0.258166
0.356725
-0.031723
-0.459068
-0.221546
-0.140252
0.154805
-0.326677
-0.184702
-0.057950
-1.285963
-0.440236
0.541848
-0.255716
-0.056904
0.751309
-0.173629
-0.105124
0.261627
0.387016
0.179761
-0.541320
-0.554631
-0.487208
0.135580
0.592118
0.572160
0.169042
-0.056175
0.128866
0.353825
-0.584921
-0.100551
0.107604
-0.108330
-0.091621
0.354031
-0.160113
0.187692
0.055493
0.151416
0.368880
-0.678975
-0.480308
0.033625
-0.325350
0.615797
0.082540
0.815101
0.411785
-0.086998
0.017779
0.066233
-0.165904
-0.408548
0.268592
0.084940
-0.147200
0.320459
0.224867
-0.505942
-0.245927
0.683566
0.101478
0.189950
0.012485
-0.408623
0.033706
-0.644037
0.169180
0.326193
-0.200251
-0.708571
-0.116765
-0.277055
-0.366901
-0.019357
-0.735519
0.011910
-0.188022
-0.571816
0.082280
0.706869
-0.070911
-0.731473
-0.229240
-0.422987
-0.141986
-0.335094
-0.112284
-0.310769
0.322041
0.050686
-0.434192
-0.187135
0.647388
-0.175601
0.473831
-0.515489
-0.272860
-0.444681
-0.200783
-0.835056
0.052047
-0.064925
0.577970
-0.164219
-0.325356
-0.567284
0.135044
-0.374025
-0.064697
0.101186
-0.414465
0.434168
0.217981
0.370082
-0.410015
0.538224
0.067351
-0.031484
0.052246
-0.317667
0.335960
0.338047
0.535532
0.020240
-0.356115
-0.095381
0.575759
-0.000928
-0.928306
0.305657
-0.415018
0.397416
0.051653
-0.189456
-0.986014
-0.458823
-0.119267
-0.037800
0.250262
-0.312016
0.048832
0.224717
-0.084849
0.410255
-0.231051
-0.070430
0.501519
-0.109753
0.508442
0.210662
-0.036867
-0.035480
-0.194451
-0.242713
-0.658229
-0.273800
-0.927626
-0.056964
-0.049195
0.063745
0.476344
0.369222
-0.466343
-0.043548
-0.362677
-0.289750
-0.109411
-0.151540
0.261621
-0.089593
-0.477679
-0.085762
-0.346424
0.175164
0.164823
-0.272065
-0.078605
-0.205396
-0.212537
-0.515514
0.162590
0.219561
0.125144
-0.118845
0.376905
-0.098968
0.816086
-0.033090
0.264244
-0.308699
0.334805
0.062528
0.452864
0.244700
-0.065431
0.404172
0.229277
0.018869
-0.344993
-0.164101
0.242310
-0.054947
-0.170547
-0.614356
0.432576
-0.260345
0.293481
-0.031624
-0.206995
-0.081012
-0.617426
0.293695
0.001409
-0.303083
-0.000956
0.342409
0.209467
-0.298857
-0.281625
0.170235
-0.019417
-0.786243
0.617499
0.311774
-0.261207
0.067973
0.380759
-0.089270
0.071938
-0.674322
-0.042490
0.129989
0.099290
0.463857
-0.233739
0.608186
0.559145
-0.069320
-0.239465
-0.391283
0.470222
0.509074
-0.639275
-0.445077
-0.179404
-0.377355
0.192572
0.845748
0.284785
-0.042567
-0.636303
0.034312
0.050496
0.023424
-0.418222
0.188387
0.481613
0.661878
0.010145
-0.277125
0.151762
0.764457
-0.282766
-0.052795
-0.046633
-0.054323
0.274676
0.734151
-0.341451
0.008803
0.034986
0.430775
-0.232577
-0.387299
-0.022267
-0.555342
-0.243832
0.172588
-0.496894
0.922300
-0.085871
-0.175497
-0.490493
-0.213991
-0.131083
-0.185356
0.073672
0.207880
0.725995
0.013496
-0.357028
0.099510
0.220920
0.144016
0.312509
0.323405
-0.082891
0.275868
0.411135
-0.071277
-0.531156
-0.116686
0.084360
-0.249023
0.884150
0.272061
-0.446531
-0.194844
-0.138111
-0.660114
-0.085950
-0.644671
0.526290
-0.084105
0.004733
0.049168
-0.373818
0.003932
-0.251902
-0.034740
0.720715
0.352004
0.460438
-0.026471
0.131292
-0.293297
0.238379
-0.091479
0.253595
-0.138751
-0.203984
0.465752
-0.505228
0.043043
-0.197491
0.440429
0.016704
0.105863
0.408127
-0.129513
0.187986
0.386776
0.227836
-0.031290
0.617311
0.608426
-0.353694
0.430489
0.323799
-0.052242
0.063489
0.525318
0.440316
-0.385532
-0.727977
-0.334496
-0.387762
0.438791
0.315105
0.116805
0.740139
0.071705
-0.415237
-0.374544
0.332729
-0.271201
-0.272674
-0.274205
0.371263
0.182481
0.615251
0.616886
-0.364105
-0.059738
-0.603930
-0.034275
0.371074
-0.287162
0.695214
-0.335608
0.045106
-0.278986
-0.301128
0.373141
0.376155
0.076954
0.198404
0.699772
0.218137
0.195513
-0.360648
-0.124698
0.281776
0.983467
-0.359706
0.076493
-0.214549
0.461391
0.281122
0.106803
-0.464145
-0.206385
-0.323612
-0.164790
0.135509
-0.320499
-0.184646
-0.055954
-0.146080
0.173446
0.287745
0.240507
0.095584
0.112193
0.137626
-0.009553
0.258977
-0.202451
0.031975
0.479901
0.006497
-0.521194
0.326726
0.553948
-0.223028
0.429109
0.200756
-0.038037
0.555838
-0.243962
-0.326963
0.125230
-0.521485
-0.798528
0.118220
0.117599
0.699895
-0.777015
0.357724
0.531619
0.363137
-0.135438
-0.866513
-0.650679
0.450167
-0.076181
-0.362126
-0.036523
-0.987534
-0.081012
-0.679590
-0.066849
0.029758
0.352654
-0.380502
0.152707
0.112667
0.045693
-0.131183
-0.239285
-0.682905
-0.097110
-0.075682
-0.356989
0.164329
0.421851
0.220038
-0.695253
0.207655
-0.652820
0.534109
0.239862
-0.140783
0.567865
-0.233979
-0.349428
0.425116
0.017106
-0.410190
0.129781
0.098751
-0.482859
0.586610
0.204684
-0.124405
-0.218891
0.133350
0.314134
0.373870
0.042191
-0.032203
0.512803
-0.158462
-0.236299
0.368343
-0.481831
-0.634946
-0.300791
-0.647695
-0.572319
-0.378762
-0.173520
0.397040
-0.027885
-0.280143
-0.100437
-0.117350
0.384822
-0.301921
0.296970
0.537894
-0.604828
-0.162104
-0.187414
0.081785
0.150995
0.291496
-0.530910
0.573079
0.285098
0.478587
-0.104525
-0.489744
0.227468
0.323818
0.009801
-0.415363
0.734326
-0.212170
-0.117427
-0.526116
0.655086
0.550709
0.386665
0.057560
0.628105
0.191999
0.230057
-0.067642
0.358590
0.100533
0.418984
-0.752907
0.330270
0.705042
-0.303851
-0.188513
-0.424254
-0.253713
-0.155400
0.195227
-0.042772
-0.260121
0.079860
0.212167
0.559719
0.287339
0.488029
0.406218
-0.034149
-0.495396
0.398029
0.017450
0.140273
-0.769354
-0.170050
-0.426375
-0.037434
0.128651
0.134247
1.058668
-0.021865
-0.114531
-0.290037
0.084276
0.836931
0.204046
0.108098
-0.301961
-0.601013
0.139120
-0.301903
-0.479441
-0.155564
0.245586
0.297770
0.330828
0.467335
-0.519532
0.547562
-1.088056
-0.070986
0.286658
-0.109807
-0.115615
0.100813
0.685408
0.051334
-0.413271
0.080358
-0.324930
-0.195488
-0.083712
-0.521738
0.307687
-0.353718
0.550227
-0.400912
-0.069084
0.540892
-0.158599
0.172632
-0.779326
-0.275428
0.123040
-0.731743
0.239789
-0.272016
-0.193110
0.079398
0.410126
0.279410
-0.744262
0.223251
0.407935
0.140257
-0.273149
0.382256
0.334983
0.468700
-0.140396
-0.474452
-0.171629
0.588214
0.019761
0.526915
0.525723
-0.242402
-0.239029
0.071801
0.178561
-0.029737
0.286076
0.220010
0.738005
-0.189760
0.260022
-0.987923
0.432923
-0.288683
0.001105
-0.157703
0.520862
-0.688440
0.892161
-0.364776
-0.951263
-0.332089
-0.591014
-0.140723
0.252475
0.207611
-0.271829
-0.174695
-0.560972
-0.201029
0.354607
0.377098
0.143602
-0.105924
-0.331117
0.027266
-0.097614
0.257247
-0.455030
-0.092746
0.065310
-0.153710
-0.291226
0.292779
0.281900
-0.224891
-0.006868
0.176023
0.263765
0.310529
0.482521
0.109487
-0.417149
-0.198753
0.155574
-0.120953
0.157907
0.425972
-0.182275
-0.082345
0.465019
0.432273
0.487887
-0.079251
0.474813
0.566830
-0.247698
0.088813
0.113595
-0.125774
-0.205439
0.165453
-0.076754
0.159510
0.099726
0.103739
0.148646
0.625540
0.496714
-0.039533
1.132979
0.005334
-0.150738
0.315986
0.819191
0.113109
-0.769363
-0.187684
-0.065272
-0.498762
-0.494672
-0.018751
0.013493
-0.510693
-0.656896
-0.578298
-1.002643
0.088452
-0.870723
-0.921131
-0.785298
-0.571302
-0.660543
-0.502794
-0.220842
-0.631292
-0.207330
0.019762
0.178213
-0.025148
-0.125133
-0.353661
0.254472
-0.102017
0.259495
0.709341
0.853713
-0.016167
0.586134
0.585235
0.321669
0.919865
0.947998
0.184965
0.432670
1.377748
0.378099
0.842741
0.586575
1.125404
0.511823
0.033267
0.229675
0.196221
0.590194
-0.048329
0.421023
-0.322023
0.122729
-0.123791
-0.035605
-0.187262
0.100687
-0.237334
-0.272747
-0.443240
-0.730860
-0.862683
-1.162914
-0.878907
-0.749424
-0.357242
-0.765713
-0.903889
-0.232652
-0.792038
-0.134944
-0.484696
0.791688
-0.920517
-0.220847
0.346651
0.086187
-0.161272
-0.350063
-0.068229
-0.309271
-0.313523
-0.201721
0.356559
-0.109436
0.164256
0.457361
0.092123
0.014969
0.089168
-0.040798
0.049378
0.047478
-0.371542
0.198977
-0.114077
-0.050803
-0.753079
0.090168
-0.625455
0.003482
0.234214
-0.493693
0.451599
0.067928
0.568867
-0.272148
-0.294648
0.274540
0.039055
0.222549
-0.132868
-0.014467
-0.002314
-0.431893
-0.063614
0.958630
0.138006
0.327313
-0.024460
0.553989
-0.611249
0.385754
0.546586
0.363188
-0.465942
-0.124945
0.174875
-0.282119
-0.754878
0.104912
-0.480594
-0.113830
0.290433
-0.270562
-0.000887
0.203566
0.457838
-0.073685
0.007857
0.164375
-0.043341
0.138609
-0.448259
0.129050
0.511953
0.387197
0.270027
-0.786960
0.383885
-0.563978
0.077910
0.411274
0.130127
0.075517
0.018952
0.013218
-0.280732
0.059621
-0.213091
-0.385659
0.748735
-0.101842
0.086654
-0.409182
-0.672294
-0.173158
-0.751305
-0.090173
0.181099
-0.229931
-0.209155
-0.131786
0.158267
-0.263079
-0.134585
-0.330626
0.245848
-0.324940
-0.358343
0.417811
-0.084641
0.136950
0.139099
-0.358186
-0.840543
0.432837
0.730990
-0.024048
0.094846
-0.162927
-0.402919
-0.478962
-0.377838
0.048816
0.311104
0.330289
-0.423264
-0.145283
-0.230056
-0.167552
0.534060
-0.811560
0.294414
0.025877
-0.013913
-0.008833
-0.747205
0.407919
-0.167920
0.508424
-0.027267
0.276322
0.064478
-0.283914
0.366357
0.521712
0.060215
0.044963
-0.053589
0.162964
-0.411072
0.145700
0.158886
-0.017981
0.267778
-0.340405
0.192062
0.220430
-0.467335
-0.003842
-0.464625
0.135460
-0.795451
-0.576711
-0.668066
0.244404
-0.228782
0.302598
-0.329892
-0.085811
-0.085137
0.229292
0.204292
-0.899135
0.382139
0.199434
-0.107915
-0.111680
-0.278022
0.255367
0.180478
-0.403743
-0.584470
0.735226
-0.325116
0.061960
0.339324
-0.242703
0.200004
0.594918
0.273943
-0.224806
-0.446423
0.194061
-0.652890
-0.145470
0.215022
0.104612
0.124830
-0.108880
-0.637436
-0.002293
0.045893
0.079020
0.205846
0.479811
-0.494992
-0.778176
0.045828
0.232165
0.187558
0.491590
0.289625
-0.103354
0.019361
-0.105859
0.560263
0.040273
0.282180
0.509702
-0.886437
-0.052111
0.096586
-0.487000
0.001452
0.184832
0.087832
0.468208
-0.091446
0.343115
0.135186
-0.277267
0.327979
-0.036538
0.341865
0.470567
-0.085124
-0.428161
0.314587
-0.005268
0.433101
-0.351098
0.164636
-0.467221
0.462363
0.387383
-0.143910
-0.237295
0.446962
-0.171320
-0.003641
0.308945
-0.396475
0.139879
-1.018031
0.131673
-0.307790
-0.406681
-0.297682
0.478540
0.008980
0.007497
-0.448335
-0.476645
-0.003376
0.351920
-0.268122
-0.440311
-0.151370
-0.393191
0.120793
0.452840
0.236456
-0.600211
0.134309
-0.140717
0.250528
0.207505
-0.591812
0.276404
-0.012561
0.056448
0.157595
0.505385
0.431584
0.042222
-0.644735
0.257101
0.051872
-0.221400
0.096792
-0.352547
0.046195
0.426801
0.289016
0.344771
0.309498
-0.178090
0.121266
0.761886
0.341668
-0.461120
-0.355248
0.238148
0.266136
-0.227871
-0.402018
-0.035312
0.727787
-0.792340
-0.733724
-0.068095
0.100169
0.207934
-0.829602
0.057008
0.061770
-0.154703
0.136297
-0.276560
0.041982
0.100551
-0.320705
-0.180623
-0.058240
0.064325
0.163814
0.047163
-0.264297
-0.441326
0.243406
0.445068
0.115373
0.088345
-0.088041
0.135006
0.046558
-0.152584
0.696976
-0.068776
-0.316946
0.444452
0.734806
0.090510
0.306585
-0.211673
0.166804
-0.027517
0.587729
0.112672
-0.027550
-0.229445
-0.499151
0.365899
-0.021664
0.077125
-0.419533
-0.364982
-0.146896
-0.195022
0.020436
0.044662
-0.014822
0.316539
-0.340599
-0.547693
0.199882
-0.237990
0.128875
0.000289
0.106500
0.606330
-0.117540
-0.226439
-0.815504
0.161580
0.287672
-0.334561
-0.044934
0.083907
0.014699
0.020237
0.286774
-0.073629
1.093891
0.057670
0.150847
-0.566144
-0.558240
0.085317
-0.200486
-0.251587
0.185365
-0.038147
0.328084
-0.071013
0.466739
0.699527
1.207715
-0.034600
-0.827834
0.395456
0.270201
0.285470
-0.151264
-0.189010
0.192224
0.099620
-0.263409
-0.985665
-0.255946
0.882101
0.271993
-0.102399
0.209969
0.582147
0.954711
-0.210382
1.162282
0.225633
-0.211543
0.209216
0.087987
-0.410096
0.419896
-0.177861
0.011596
-0.685252
-0.038111
-0.246871
0.101117
-0.524150
0.158244
0.422598
-0.320680
0.020951
0.595094
0.284272
0.075855
-0.235393
-0.174104
-0.516898
-0.092437
-0.241443
0.297175
-0.911791
-0.176054
0.707399
-0.496251
-0.075964
-0.040381
0.310051
0.428690
0.531819
-0.025017
0.105367
-0.075042
0.171866
0.085085
-0.815071
0.078615
1.099737
0.013455
0.181562
0.080209
0.011370
-0.044340
-0.052151
0.605264
0.689951
0.430288
-0.009415
0.424016
-0.229238
0.210987
0.404173
0.249568
-0.111614
0.491994
-0.028995
-0.147724
0.167901
-0.278005
0.142561
-0.387462
-0.603446
0.099804
0.112738
0.150643
-0.293826
0.578735
0.101200
-0.427384
0.278271
0.222471
0.714713
0.385271
0.102161
0.676867
0.034305
-0.030449
-0.469724
-0.399352
1.252461
-0.219781
0.277194
-0.029797
0.112116
-0.106338
0.115882
0.353226
-0.004786
0.033502
-0.865638
-0.445333
-0.337913
0.846318
0.026369
0.071715
0.561157
-0.494294
-0.039679
0.273376
-0.028593
0.034745
-0.008421
0.159456
0.825920
-0.109336
0.593746
-0.059235
-0.668012
-0.058680
-0.088781
-0.443710
-0.593425
-0.703885
-0.000984
-0.164829
-0.014261
0.524307
-0.342076
-0.003175
0.650163
-0.102375
-0.292332
0.601823
0.892039
-0.298099
-0.288111
-0.159722
-0.493103
-0.519951
0.299007
0.353590
0.040723
0.065411
0.032951
-0.167965
0.364607
0.109558
0.336278
0.039539
-0.235577
-0.044563
0.331528
-0.265108
0.541908
-0.437526
0.452418
-0.000023
-0.781363
-0.182045
-0.126410
-0.350435
0.132279
0.093555
0.454537
0.070574
-0.039782
-0.547006
-0.306363
0.523929
-0.041044
0.003931
-0.137863
0.782876
0.264015
-0.784189
0.349458
-0.219879
0.439771
0.412796
-0.030387
0.548609
0.118851
-0.074016
-0.043771
-0.228096
-0.156532
-0.028666
-0.451028
0.021531
0.653058
0.052881
-0.383641
0.302356
0.682842
0.507886
-0.164901
-0.120674
0.491328
-0.705115
0.235240
0.354867
-0.043677
-0.246832
0.426412
-0.809688
0.035123
-0.177636
-0.220521
0.001299
-0.673679
-0.253108
-0.458327
-0.170103
-0.136772
0.057193
-0.446808
0.855280
-0.450323
0.310272
-0.561366
-0.140783
-0.554214
-0.283153
-0.209893
0.393968
0.240542
-0.232516
-0.228260
0.393382
0.705922
-0.345982
0.792900
0.175872
-0.162222
0.076194
0.241050
0.547565
-0.125544
0.082115
0.351734
-0.005501
-0.155423
-0.452267
-0.250914
-0.015306
-0.255425
-0.698955
0.132576
-0.192357
0.332543
-0.498231
-0.010029
-0.310732
0.649517
-0.010045
-0.310845
0.370810
-0.649376
0.157441
-0.392480
0.066163
-0.409140
-0.461486
-0.448554
0.304291
0.278677
1.101847
-0.300347
0.239294
0.362375
0.431732
0.584044
-0.317268
1.075290
-0.238049
0.103821
0.269544
0.228058
-0.152512
0.615857
-1.020116
0.468638
0.250017
-0.484120
-0.618901
0.343160
0.305419
-0.207415
-0.470517
0.052182
0.054266
0.398341
0.468516
-0.349042
-0.114712
0.448156
-0.337449
0.233706
0.331956
0.010956
-0.190730
-0.582266
0.255039
-0.324959
0.239031
0.420216
0.096481
-0.157711
0.271669
0.036030
0.217689
0.341516
-0.628099
-0.601670
-0.360054
0.149879
-0.232160
0.064719
-0.092106
0.289345
-0.074453
-0.147344
0.055111
-0.261467
-0.470112
-0.275584
-0.429405
0.358162
0.260321
-0.205019
-0.180708
0.069130
-0.615996
-0.230025
0.581660
-0.096305
0.384745
-0.240809
0.440061
-0.068010
-0.058155
0.333229
-0.253141
0.164288
0.411973
-0.018844
-0.475759
-0.181859
0.438244
-0.148096
-0.306204
0.393404
-0.396190
-0.176176
-0.201966
-0.013867
0.269668
-0.131391
0.149446
0.260246
0.658085
0.073784
-0.098122
0.314531
0.258011
0.480274
-0.048187
0.024441
0.064958
0.385345
-0.225714
-0.039859
0.514195
-0.310383
-0.393609
-0.137979
-0.110439
-0.283125
0.292104
0.103945
0.346861
0.056437
-0.204879
-0.260936
0.011345
0.143541
0.058618
-0.671829
0.064214
0.795477
0.037480
0.629335
0.203922
-0.160555
0.397965
-0.010512
0.188788
-0.021294
0.259412
-0.407711
-0.435679
0.104748
0.572642
0.302128
0.034618
0.807628
-0.073034
0.085603
0.229900
0.287540
0.014882
0.091016
-0.010142
0.352959
0.417636
-0.144358
0.359660
0.125460
0.281272
0.434943
-0.423001
0.009458
-0.115738
0.198394
-0.050053
-0.036840
0.346874
-0.058289
-0.599453
-0.344649
0.281581
0.045145
-0.290030
-0.458428
0.155235
0.274452
0.016499
-0.128677
0.113315
-0.346796
0.014291
-0.162280
0.300307
0.292855
-0.389427
-0.176877
-0.455023
0.049770
-0.036545
0.432338
0.170999
0.760044
0.001007
0.365601
-0.248429
-0.488392
-0.034696
-0.258879
0.052624
-0.649885
0.097486
0.462382
0.078261
0.312921
0.483052
-0.196472
0.479264
0.345598
-0.282136
0.015281
-0.441439
-0.006892
-0.432198
0.723659
-0.481781
0.153545
0.282915
0.362938
-0.116583
-0.106642
0.572186
0.337756
0.085905
0.231885
-0.127480
0.311490
-0.051605
0.145988
0.307518
0.195580
0.168928
0.077795
0.345295
-0.193270
-0.236723
0.101324
0.262125
0.073293
-0.348450
0.028429
-0.629137
0.127193
-0.124378
-0.389698
-0.204690
0.186507
-0.626861
0.287433
0.683066
0.521312
0.532280
0.096182
0.087465
0.346309
0.142708
0.130304
-0.273331
-0.455323
-0.569213
-0.433357
-0.099191
0.089173
-0.138364
0.277209
0.021095
-0.075842
0.480416
0.725810
0.015020
0.620022
-0.520522
0.238266
0.133573
0.141117
0.336169
0.433770
-0.072452
0.372284
0.093087
0.527392
0.384933
0.414804
-0.041508
0.232568
-0.111562
0.110892
0.338523
-0.352990
0.243628
-0.393149
-0.555336
0.186942
0.324097
0.159810
-0.529947
0.036995
0.086925
0.005234
0.020807
-0.356694
-0.093470
-0.737118
0.247958
-0.225412
0.060095
-0.498348
-0.390521
-0.139644
-0.271950
0.848493
0.869125
0.168255
0.184683
0.108941
-0.341579
-0.009232
0.310653
0.238442
-0.343142
0.245234
0.286209
0.226764
-0.159482
0.402167
-0.768574
0.022470
-0.217335
-0.008955
0.332578
-0.341627
0.132397
0.393708
-0.237425
0.120038
-0.422939
-0.976992
-0.312278
-0.450356
0.151395
-0.102054
-0.223891
0.071174
-0.031868
-0.008353
-0.299052
-0.464333
0.024139
0.160280
0.207342
0.300607
0.529619
0.298704
-0.172301
0.167696
-0.404551
0.166196
0.428926
0.060647
0.179184
-0.083126
-0.187594
-0.349544
0.472599
-0.152991
-0.117623
-0.265334
-0.505934
0.405377
-0.331103
-0.241635
-0.476844
-0.679480
-0.273336
0.804880
-0.545680
0.593898
0.124181
-0.500304
-0.574049
0.210711
-0.326096
-0.379800
-0.039631
-0.658313
0.062345
-0.069051
0.475261
0.200259
0.252257
0.132889
0.150805
0.311149
0.331149
-0.660543
-0.175197
-0.029183
0.063212
-0.117471
0.555420
-0.054259
0.470242
0.429241
-0.452518
0.444595
0.418651
0.144631
-0.036921
-0.963344
0.390993
-0.446118
0.318434
0.382864
-0.235641
0.357582
0.339199
-0.608828
0.435321
-0.155449
0.060214
0.732303
0.114908
-0.296444
0.116477
0.489583
-0.062445
-0.353374
0.446674
-0.389233
0.421134
-0.053425
-0.305985
-0.401423
-0.406479
-0.588716
0.514325
-0.075920
-0.758594
-0.228046
1.269060
-0.626043
0.264297
0.347048
0.188920
-0.504568
-0.054653
-0.228776
0.226086
0.062732
-1.066847
-0.042786
-0.290165
-0.061908
0.026952
0.039257
0.078997
-0.040311
0.236692
0.266540
0.015850
0.226741
-0.006750
-0.134925
-0.451139
-0.483205
-0.298945
-1.118801
-0.325825
-0.033871
0.065980
-0.621784
0.368504
0.321416
0.144490
0.016931
0.212504
0.232493
0.224671
0.291166
-0.180016
0.092215
0.529074
0.157940
0.487195
0.405077
-0.159689
-0.009495
0.396775
0.084399
-0.014151
0.322062
0.258338
0.370525
0.687268
-0.218222
0.265411
-0.236897
0.343947
-0.092447
-0.113130
0.228582
0.139715
0.066005
-0.265894
-0.026231
-0.026613
0.180142
0.203276
-0.241300
0.389250
-0.786584
0.057831
-0.402365
-0.030591
-0.044213
-0.077163
-0.015694
0.124308
-0.485043
-0.302535
0.033431
0.573151
-0.315353
0.142668
-0.470503
0.030654
-0.028420
0.094488
-0.517883
-0.303231
0.235208
-0.131358
0.206006
0.686867
0.375046
-0.886472
0.107443
-0.205472
-0.180862
-0.040230
0.002206
0.152511
-0.235276
0.546008
0.340794
-0.396675
-0.220258
-0.609601
0.239568
0.057196
-0.847421
0.561862
0.728794
-0.109134
0.262834
-0.186200
0.021064
0.412460
-0.306503
-0.033028
0.164678
0.062665
-0.040761
0.380299
-0.615175
-0.541873
-0.014533
0.724702
-0.147527
-0.039674
0.946817
0.476219
0.107708
0.085160
0.578211
0.190451
-0.268763
0.382724
-0.120347
0.092450
0.414391
-0.429216
-0.043880
-0.155059
0.138166
0.392730
0.760882
-0.124212
0.319092
-0.520636
0.233211
-0.785792
0.148031
-0.026500
-0.195504
0.103166
-0.598244
0.298201
-0.418149
-0.471220
0.418247
-0.231022
0.576801
-0.553631
-0.534561
1.306012
0.149875
0.064176
-0.095221
0.138465
-0.221405
0.571601
0.022180
0.081008
-0.427405
0.427169
0.109468
-0.300236
0.111486
0.518479
-0.575840
-0.126166
0.016128
-0.193625
0.202692
0.051469
-0.215543
-0.355989
-0.523987
0.141060
-0.145764
-0.195406
0.320902
-0.354153
0.359069
0.628653
-0.178931
-0.063432
0.264262
-0.033100
-0.430969
-0.163828
0.523550
0.556969
-0.496199
-0.094892
0.330356
-0.062973
0.350939
0.277662
-0.102718
-0.539013
0.531426
-0.081779
-0.190881
-0.230750
0.359995
-0.314126
0.072981
0.411025
-0.568131
-0.314408
-0.274764
0.140610
-0.607187
-0.672844
-0.305486
0.102798
-0.031863
0.514387
0.593863
-0.900899
-0.126861
-0.702639
0.185233
-0.298625
0.036737
0.137816
-0.374996
-0.265888
-0.044519
0.161033
0.429567
0.332813
-0.181508
0.542135
0.586163
-0.222212
-0.111527
0.374801
-0.085680
-0.526887
0.115714
-0.507449
0.290052
-0.581595
-0.219487
0.167660
0.223232
0.496336
0.338923
-0.177921
0.256047
-0.263915
-0.274764
0.540679
-0.281882
0.257088
-0.050675
-0.257555
0.064051
0.186432
0.296993
0.227455
0.190607
0.052966
-0.005554
-0.706734
0.428274
0.245176
-0.107963
0.266359
0.099847
-0.055459
-0.459417
-0.342990
0.042977
-0.004996
0.014516
-0.029436
0.139493
-0.213609
-0.244595
-0.216011
-0.066425
-0.051245
-0.402552
-0.336230
-0.268390
0.426371
-0.268655
0.017035
0.074480
-0.810080
-0.725559
-0.355211
-0.193842
-0.192491
-0.467329
-0.062989
0.241597
0.112735
0.026857
0.034717
0.066532
-0.613152
0.173637
0.010574
-0.174472
0.203862
-0.185274
-0.260324
0.046117
-0.368487
-0.137131
0.249887
0.151430
-0.392712
-0.125295
0.162092
0.546019
-0.593968
-0.482161
-0.221270
0.235667
0.147060
-0.458875
0.345637
0.026208
-0.044094
-0.183121
0.595002
-0.615587
0.259412
-0.027735
0.020492
-0.353230
-0.015027
0.633094
0.013240
-0.704298
-0.103771
0.059972
0.103879
1.091569
0.232067
-0.273842
-0.227322
0.093848
-0.501562
0.013026
0.440587
0.497936
-0.370152
-0.316907
-0.611839
0.803766
-0.394585
0.240380
-0.038263
-0.140321
0.868888
0.201022
0.192475
0.249447
0.119827
-0.551547
-0.137669
-0.151291
-0.130390
-0.524495
-0.194533
-0.335941
0.129135
0.816838
-0.042557
0.070572
-0.129983
0.064654
-0.002680
-0.198715
0.510802
0.014163
0.098702
-0.373944
0.606848
0.080491
0.530631
0.679498
0.146925
-0.033091
0.698183
-0.073975
0.044277
-0.117300
0.641132
-0.377130
-0.061297
-0.354600
-0.234850
0.316965
0.095729
0.110935
-0.499880
-0.153672
0.281506
0.179822
-0.627596
-0.008636
-0.303449
0.051443
0.030863
0.089112
-0.502001
0.419478
-0.123982
0.172903
0.018587
-0.548143
-0.418429
-0.370641
0.083834
-0.472664
-0.198973
-0.062991
-0.084246
0.102009
-0.534335
-0.087188
0.388062
0.295567
-0.867842
0.043222
0.238623
0.119785
-0.067177
-0.003164
0.587838
0.271460
-0.011621
0.295222
0.028378
-0.666276
-0.148284
-0.466460
0.459467
0.630087
-0.117637
0.158222
-0.243641
0.391905
0.211133
-0.226534
-0.008412
0.305876
0.289496
-0.120186
0.096998
0.519063
-0.768743
-0.142531
-0.104887
0.437564
0.080612
-0.297576
-0.195862
-0.779347
-0.248423
-0.359510
-0.174618
-0.637120
0.112763
-0.249004
0.224603
0.141108
0.175815
-0.256869
0.216546
0.111343
1.202062
-0.686862
-0.458888
0.804523
0.065393
-0.761200
0.004440
-0.348286
0.291119
0.020289
0.382837
-0.251678
0.070104
-0.898504
0.175942
0.264978
0.012543
-0.084010
-0.048035
0.256359
0.183099
-0.331375
0.040688
0.265618
0.348449
0.011919
0.166540
0.378378
0.521792
0.352867
-0.457396
-0.151287
0.162138
0.358332
0.004450
-0.253916
0.350479
0.031012
0.029403
0.132860
-0.779106
0.212766
-0.459270
0.519972
0.516118
0.356835
-0.156972
0.482231
0.175563
-0.213791
0.316125
-0.094322
-0.378012
0.280611
-0.063131
0.377588
0.286350
0.549280
0.085132
0.155682
-0.097563
0.020969
-0.161348
-0.064428
0.466156
0.409493
0.582831
-0.233060
0.256565
0.518757
0.451501
0.074194
-0.101862
0.688477
-0.477136
-0.171974
-0.008407
-0.200248
-0.213674
0.160584
-0.397282
0.256293
-0.154725
-0.180497
0.036638
-0.397760
0.221432
0.733301
0.677492
-0.316662
0.164803
-0.128632
0.053288
0.264845
-0.290444
0.247861
-0.621094
-0.336837
-0.058325
-0.605047
-0.168137
0.244823
0.340756
-0.493243
-0.234794
-0.327677
-0.075165
-0.461231
-0.447940
-0.050905
0.365739
-0.345272
0.041309
0.548255
-0.389081
0.891317
0.046806
0.230971
-0.437250
0.113207
0.086085
0.108263
-0.452448
-0.150927
0.301920
0.136071
-0.424129
0.262779
0.118241
-0.113569
-0.451155
-0.167511
-0.350074
-0.087264
0.455106
-0.046742
-0.389873
0.476695
0.355472
0.000277
0.227847
-0.100924
0.257354
-0.380744
-0.876092
0.104343
-0.141714
0.256022
0.056860
-0.142232
0.379449
0.256966
-0.601265
-0.666993
-0.157249
0.438727
0.276362
0.015180
-0.048994
-0.066231
-0.041303
-0.061514
0.147521
0.253542
-0.190765
-0.477445
0.276656
-0.352580
-0.728377
-0.291255
-0.190977
0.403688
-0.013217
0.807596
-0.387749
0.082823
-0.062694
-0.158077
-0.486694
0.235116
0.182793
-0.003179
-0.246730
-0.374256
-0.308174
0.149710
0.090318
0.143739
-0.058683
0.566058
-0.164517
0.051112
-0.498601
-0.585329
-0.512487
-0.076539
0.016565
0.423770
0.189721
-0.618414
-0.137443
0.153099
0.707813
-0.353941
-0.406987
0.218660
-0.176518
-0.169505
-0.405853
0.016396
-0.345144
0.027327
0.454124
-0.257678
-0.050200
0.050698
-0.445690
0.852167
-0.585157
-0.481299
-0.129456
0.441891
-0.063998
-0.268661
-0.347465
-0.124445
0.291592
0.192752
0.668365
-0.775431
0.524846
-0.189961
0.072800
-0.180038
-0.342246
0.053762
-0.660029
-0.297542
0.349783
-0.159736
0.820538
-0.104344
0.027049
0.029293
0.008183
0.099103
-0.412505
0.197715
0.658819
0.009696
-0.445590
-0.024499
-0.215377
-0.139962
-0.154834
0.302936
-0.272215
0.601967
-0.040967
-0.794947
0.023027
-0.000022
0.537199
0.375950
-0.022414
0.269929
-0.021495
-0.016332
-0.038928
-0.253032
-0.659510
0.148382
-0.513696
0.238605
0.436835
-0.532311
0.217117
0.055971
-0.018306
0.376537
0.244394
-0.515520
0.073647
0.180050
-0.179764
-0.173683
-0.088184
0.236123
0.172277
0.196846
-0.491632
-0.259408
0.056110
0.093353
0.080766
-0.410887
-0.340888
0.021024
-0.108472
-0.003011
0.314353
-0.332922
0.586901
0.508758
-0.863647
0.297941
-0.060123
0.084996
0.376359
0.149559
-0.359591
-0.076180
-0.411741
-0.728138
-0.280329
0.166453
-0.191018
0.194638
0.118930
-0.312644
0.108941
-0.337096
-0.593980
0.486421
0.494252
0.078455
0.148354
-0.372357
0.021429
-0.451520
-0.199563
0.286937
-0.170423
-0.114098
-0.315100
-0.050584
-0.063228
-0.065748
-0.306102
-0.055209
-0.343966
0.185822
-0.316531
0.051566
-0.965393
-0.341982
-0.445721
-0.550184
0.590133
0.457861
-0.119413
-0.119704
-0.426439
-0.557515
0.199353
0.436933
-0.262153
-0.265213
0.102960
-0.216568
0.017701
-0.266133
-0.017166
-0.480624
-0.032671
-0.034063
-0.045101
-0.036238
0.011633
-0.143265
0.379467
-0.125612
-0.056689
0.442511
0.099557
-0.113114
-0.235521
0.005940
1.126656
0.249845
-0.147932
-0.229664
0.195669
0.307792
-0.435812
0.441645
0.174477
-0.180482
0.192023
-0.057622
-0.331269
-0.473904
0.170555
-0.087352
-0.045148
-0.264331
-0.238977
-0.223736
-1.091462
-0.232619
0.426996
-0.054493
0.934955
-0.230963
0.075581
0.493727
0.530243
-0.352904
0.364267
-0.183255
-0.238841
-0.744022
0.115858
-0.217519
0.084822
0.714632
-0.368920
-0.507464
0.133832
-0.036712
-0.392863
-0.685020
0.245206
-0.018091
-0.268683
0.048790
0.858915
-0.150359
-0.093746
0.386163
0.349439
-0.142589
0.034847
-0.950851
-0.379936
-0.476270
-0.251100
-0.499330
-0.096605
-0.043697
0.297971
0.118778
-0.580394
-0.408742
-0.114950
0.231505
0.550899
-0.455747
0.448729
-0.136584
0.223154
0.015626
-0.006922
-0.287406
0.701706
-0.513431
0.432267
-0.373593
0.261211
0.205837
-0.072758
-0.308132
0.500669
-0.013762
0.867953
0.546853
-0.029088
0.277851
0.051182
-0.229694
-0.046643
0.025794
0.233624
0.019500
-0.055249
0.046135
0.434578
0.321895
0.022938
0.185821
-0.477177
0.225515
0.453546
-0.357962
-0.551650
0.100677
0.324922
-0.664763
0.230836
0.246781
0.101660
0.447821
-0.464102
0.400652
-0.533787
-0.199390
-0.464625
-0.061665
-0.183389
-0.281174
-0.022812
0.316849
0.171136
-0.193184
0.036688
0.203971
-0.159596
-0.361806
0.030639
-0.280150
0.501159
-0.048314
-0.068297
-0.056113
-0.311883
-0.101800
0.004949
-0.118513
0.152418
-0.312575
-0.578699
-0.329151
-0.165407
-0.378607
0.487515
0.109772
-0.159422
-0.407803
0.144084
-0.178541
0.426265
0.730451
0.387294
-0.006551
0.047838
0.401074
0.200586
-0.113348
-0.017400
-0.172260
-0.304580
-0.194161
-0.291040
0.448723
-0.024807
-0.249543
0.708868
-0.056918
0.135100
-0.283620
-0.058039
0.671015
0.234382
-0.173123
-0.043834
0.596588
0.152746
-0.122057
0.408602
0.197662
-0.206083
-0.343938
0.311821
-0.487749
0.377359
0.229256
0.006287
0.395005
0.226783
-0.208037
0.336986
-0.165804
-0.234172
0.633236
-0.323443
0.380386
-0.108175
0.002673
0.976764
-0.394847
-0.290655
0.074685
0.296559
0.541083
0.372601
0.071675
-0.131588
-0.448036
0.276352
0.388250
-0.059541
0.052643
-0.387755
0.052768
-0.535322
0.046563
-0.770790
-0.511560
0.011184
0.350301
0.264448
0.168060
-0.535442
0.260109
-0.151027
-0.219166
0.060479
0.301964
-0.281037
-0.318024
0.367360
-0.086647
0.100975
-0.557608
-0.212088
0.660448
0.431217
0.353432
0.301434
0.251843
-0.040438
-0.197510
0.432668
0.107057
0.155813
0.542715
0.117189
0.334624
0.716942
-0.185633
0.114954
0.593076
0.056959
0.140205
0.362253
0.563467
0.558288
-0.062768
-0.054283
0.703473
-0.180971
-0.470216
-0.202025
-0.206694
0.392649
0.167994
0.258848
0.265818
0.091560
-0.075260
-0.377348
0.103613
-0.391985
0.595327
0.254501
-0.236110
0.567242
-0.106399
-0.318150
0.123809
0.129109
-0.217942
-0.279094
-0.402519
-0.179255
1.095738
-0.423788
-0.356939
0.424078
-0.032605
-0.374496
-0.256188
0.215176
0.238942
-0.321018
0.628618
0.043861
-0.398273
0.421973
0.318628
0.480849
-0.329702
-0.184517
0.406671
-0.009391
0.336341
0.099656
0.045646
-0.101973
-0.279955
-0.289360
-0.122482
-0.372727
0.176126
0.133830
0.109361
0.114210
-0.396018
-0.710768
-0.196121
0.261314
-0.308823
0.073478
0.234571
0.078243
0.249799
-0.114000
0.164393
0.345730
0.242660
-0.424995
0.249381
0.790482
-0.055173
0.155643
0.006819
0.166621
0.723516
-0.231268
0.046933
-0.017916
0.046887
0.068131
0.171643
0.334822
0.274229
0.066491
-0.254069
0.095379
-0.510796
0.062221
-0.184270
-0.466293
-0.284239
-0.509731
0.140296
0.066432
0.642713
0.128385
0.230356
-0.030421
0.133685
0.466682
-0.036035
0.171612
0.053975
0.578457
0.275635
0.102045
-0.497350
0.631980
-0.097479
-0.089992
0.432574
0.272942
0.339155
0.018520
0.073561
-0.440779
0.243389
-0.784618
-0.461138
-0.270946
-0.396346
0.762494
0.256945
0.398814
0.108465
-0.244236
-0.569998
-0.470271
0.161158
-0.396964
-0.154604
-0.136993
-0.381170
0.064983
-0.576965
0.372039
0.380141
0.122579
-0.304575
0.006793
-0.189064
-0.112456
-0.211733
0.601105
0.237505
0.453032
-0.286038
0.257127
0.603368
-0.227618
-0.063928
0.753461
0.306258
-0.318192
-0.558711
0.360061
0.123456
-0.485162
-0.033266
-0.872228
-0.133680
-0.155945
-0.747710
-0.127527
-0.401488
-0.046019
0.099118
0.099176
-0.029140
-0.392498
-0.305295
0.306554
0.008751
0.277207
0.526387
0.189007
0.257546
0.597109
0.111241
0.367485
0.054211
0.362861
-0.644310
-0.881310
-0.036334
0.416093
0.299220
-0.043619
0.527082
-0.316731
-0.138404
0.213218
0.656930
-0.007803
-0.074373
-0.154577
-0.171177
-0.258073
0.199331
0.499101
-0.449799
0.310474
-0.070130
-0.439227
0.176264
-0.114105
-0.409063
0.367125
0.685550
0.289729
-0.342950
0.194628
0.143370
-0.231231
-0.264055
-0.106755
0.287583
-0.160256
0.152908
-0.164195
0.035974
0.563636
-0.247311
0.469015
0.536627
-0.568068
0.734705
0.063392
-0.251791
-0.206713
0.652834
-0.020827
0.077822
-0.180839
0.403018
0.023309
0.148775
-0.029144
-0.723302
-0.010411
0.168910
0.133623
-0.251059
0.407979
-0.171578
0.135604
0.505509
-0.199174
0.231700
0.353170
0.264010
0.135291
0.864682
-0.600913
0.347885
-0.013360
-0.754627
-0.186350
-0.109415
-0.048581
0.264094
-0.119079
0.731334
-0.187502
0.120790
0.273949
0.473962
-0.265209
-0.311559
-0.145730
-0.326103
0.344351
0.166808
-1.069189
-0.746483
0.077697
0.153560
0.006886
0.045022
0.164920
