-0.624295
0.845754
0.111201
-0.047001
0.125730
-0.025747
-0.316151
0.340198
0.563431
-0.392990
0.176949
0.107883
-0.700348
0.212327
0.152697
-0.200725
-0.211666
-0.373161
0.014824
0.744707
0.128372
-0.266966
0.090375
0.199801
-0.303674
0.028776
-0.049643
0.632615
-0.186344
0.050431
-0.181886
-0.043970
-0.067569
-0.348286
-0.067553
0.485711
-0.164811
0.141568
0.301998
0.238091
0.618191
0.133650
0.446248
-0.090603
-0.074587
0.448839
-0.521852
-0.016544
0.017945
0.069730
-0.553187
0.235242
0.163087
0.124717
-0.118826
0.143171
-0.155444
-0.465393
-0.020250
0.295063
0.153920
0.012718
-0.162588
-0.242936
0.359036
-0.425610
-0.023100
0.406279
0.124061
0.014682
0.050715
0.052016
-0.577125
-0.096491
-0.277987
0.033827
-0.164279
0.199541
0.196383
0.029342
-0.023035
0.876584
-0.309858
-0.168139
-0.230336
-0.054981
0.030798
0.055317
0.318631
0.247676
0.011297
-0.307102
-0.162201
-0.225776
-0.707802
0.003318
0.599980
-0.108377
0.122795
-0.180074
0.003982
0.182653
0.364222
-0.202716
0.285305
-0.392681
0.234368
-0.389894
0.208350
-0.502253
0.311757
-0.084892
-0.051419
-0.095997
-0.392186
0.319716
-0.188409
-0.016099
0.617460
0.072686
-0.722467
-0.099829
0.551301
-0.706254
0.563352
-0.292774
0.534734
0.419496
-0.287220
0.003231
0.217954
-0.493120
-0.093874
0.370209
-0.077737
-0.417522
-0.275800
0.282943
0.410875
0.272288
0.150544
-0.458049
0.003265
0.146751
-0.381126
-0.228763
-0.203311
0.340985
-0.219528
-0.233154
-0.437992
0.043639
-0.066090
0.148389
0.447481
-0.120437
-0.146926
0.384814
0.303068
0.381005
-0.159049
0.125910
0.120251
-0.443178
0.024622
-0.114693
0.037227
0.392416
-0.057116
-0.074639
-0.170722
-0.452335
0.132511
0.183619
-0.325486
-0.042155
0.206650
-0.131754
0.249199
-0.045518
0.164026
0.082108
-0.179497
-0.420670
0.176567
-0.311556
-0.569174
0.185617
0.522925
-0.238412
-0.121352
0.520416
0.617002
0.267024
-0.069016
-0.112195
0.673162
0.172494
0.237359
0.093129
-0.072682
0.075178
-0.065282
-0.670584
0.434733
0.026008
-0.159136
-0.063528
0.252159
0.532160
-0.061399
0.079489
-0.014761
0.419292
0.126339
-0.200604
-0.000687
-0.632567
-0.414683
-0.268232
0.071009
-0.078485
0.207726
-0.213374
-0.148381
0.629572
0.226101
0.387698
0.131247
-0.354624
0.403245
0.488376
-0.217814
0.153278
-0.334184
0.011429
0.119235
-0.040937
0.029123
0.129003
-0.111311
0.375607
0.729490
0.498416
0.439953
0.079803
0.057906
-0.550758
0.273140
-0.233813
0.168722
0.316719
0.010086
-0.384508
0.259308
-0.524866
-0.541832
-0.177037
-0.248757
0.028565
0.301303
0.247313
-0.294263
-0.334958
0.205007
-0.300337
-0.654058
0.096725
-0.643470
-0.194561
0.069121
0.134734
-0.093672
-0.157936
-0.227906
-0.172099
0.635118
-0.020803
0.483704
-0.082613
-0.574177
0.277079
-0.345196
-0.190655
0.160840
-0.354236
0.292600
-0.436606
0.295009
-0.207540
0.279761
-0.286297
-0.108320
-0.558140
0.259992
-0.585492
-0.215103
0.061097
0.249046
-0.221194
0.515587
0.009899
-0.359482
-0.181377
-0.159600
0.315838
-0.115431
0.525762
0.113177
-0.333936
0.474693
0.186361
-0.060719
-0.105285
0.130401
-0.041972
0.265448
-0.254391
0.073284
-0.065392
0.405370
0.085322
0.083880
0.323249
0.017828
-0.059674
-0.107849
0.112054
-0.431795
-0.247125
-0.082552
-0.616785
0.318407
0.033055
0.429553
0.301360
-0.001571
-0.133113
-0.388573
-0.158992
-0.072225
-0.089743
0.000922
-0.009265
0.278598
-0.426731
0.009388
-0.379550
-0.114573
0.021752
-0.059650
0.064676
-0.289902
0.372071
-0.161642
0.772127
0.228001
-0.008962
-0.294549
0.237948
0.382862
0.017506
-0.310527
0.777327
0.169730
0.070237
0.156645
0.101007
0.035482
0.133215
0.556791
0.540113
-0.078006
-0.076826
-0.431705
-0.147064
-0.192623
-0.243548
0.240065
-0.129642
-0.132294
-0.409498
0.390091
0.080467
0.157076
-0.088141
-0.005242
-0.446487
0.196949
-0.216410
0.051490
0.541768
-0.021516
0.756114
0.029061
0.520830
-0.053823
-0.268207
-0.254855
0.326936
-0.464528
-0.048686
0.426212
0.040787
0.216709
-0.147077
-0.128810
-0.357270
-0.387623
0.029764
-0.445723
-0.037190
0.301514
-0.529313
0.261020
0.531073
0.315215
0.120428
-0.308174
-0.121327
-0.151332
-0.196654
-0.198709
-0.106320
0.198179
0.422870
0.089041
0.148733
0.067188
0.059973
0.129298
0.059541
0.636050
0.110703
-0.381544
-0.486491
0.102126
0.111048
-0.116261
-0.280421
-0.185894
-0.092977
-0.130916
0.267136
-0.590459
0.149218
-0.625561
0.060321
-0.225872
-0.220982
-0.036054
0.088413
0.698721
0.002872
-0.403064
-0.171605
0.121704
-0.066642
-0.277969
0.489911
-0.157698
0.437532
-0.342615
-0.098850
-0.090970
-0.859976
0.187347
0.165415
-0.598450
-0.165275
0.563732
0.612170
-0.700392
0.348968
0.388794
0.110735
-0.530515
0.429966
0.052384
-0.279926
0.158522
-0.529230
-0.330727
-0.187576
-0.014906
-0.573652
0.076672
-0.285542
-0.427684
-0.025069
-0.010596
0.266863
0.318188
0.620014
0.134934
-0.409431
0.186467
0.214554
-0.292836
0.167894
0.048114
-0.072780
0.056226
0.501213
0.227315
-0.506951
0.020130
0.093658
-0.135254
-0.319786
0.517689
0.263445
-0.136388
0.213477
-0.181309
-0.148693
0.335894
-0.072458
-0.611495
0.543231
-0.305100
0.594717
-0.202184
-0.072056
-0.070581
-0.684334
0.127628
-0.160280
0.146812
-0.235127
0.176151
-0.374673
0.247566
0.149679
-0.201866
-0.103532
0.510857
0.073936
-0.186001
-0.364168
-0.345307
-0.694532
-0.107111
-0.293552
0.367511
0.091508
-0.632833
-0.302620
0.174869
0.577030
0.125847
-0.279160
0.050225
-0.112663
-0.271106
0.493776
0.045321
0.323785
-0.131835
0.767784
-0.022691
0.214263
-0.001250
0.041105
0.053403
0.472361
-0.280593
0.086456
-0.197220
-0.295667
-0.247857
-0.102808
-0.015429
0.066255
0.049466
0.053215
0.010533
-0.120601
-0.332651
-0.147230
-0.208888
0.213531
0.434335
0.367554
0.489101
-0.174073
0.524956
-0.151896
0.153318
-0.584488
0.408817
-0.168312
-0.205046
-0.058517
-0.268395
-0.003671
0.180236
0.047228
0.463388
0.282926
-0.063826
-0.438547
0.165897
0.458764
0.076239
0.240428
0.267569
0.043846
-0.098174
0.079933
-0.469032
-0.180173
-0.220493
-0.148890
-0.621391
0.198156
-0.092019
0.127386
0.366035
0.119206
0.382588
-0.170592
0.480305
-0.569411
-0.133727
0.219504
0.141856
0.728924
0.805294
0.164315
0.159727
0.329905
0.047341
0.276952
0.327104
0.141389
0.524704
-0.746997
-0.324398
-0.086724
-0.156910
-0.028775
-0.304489
0.145724
-0.680077
0.460890
-0.080070
0.307278
0.071855
-0.164717
0.206839
-0.181501
-0.415784
0.516338
0.529628
-0.057060
0.035727
-0.103234
-0.486452
-0.490256
0.242017
-0.114886
0.045326
0.313730
0.013705
0.270218
0.196028
-0.032406
-0.332610
0.238553
-0.484376
-0.278922
-0.059708
-0.164807
-0.431684
-0.185311
0.111665
-0.558227
1.159070
0.695291
-0.476502
-0.279072
0.325859
-0.282428
-0.332512
-0.294769
-0.060540
-0.142033
0.419943
-0.293791
0.257389
0.337860
0.401501
0.173482
-0.039768
0.207843
-0.107161
-0.333997
-0.393555
0.222732
-0.380338
-0.194242
-0.226475
-0.165070
-0.093447
-0.031394
-0.032262
0.506202
-0.241118
-0.082930
-0.593156
0.140530
0.348636
-0.402282
-0.072032
-0.163733
-0.482953
0.425839
0.025287
0.483522
-0.083536
0.038352
-0.495301
-0.515469
0.612149
0.386910
0.629646
0.191109
-0.562521
0.478931
-0.153629
-0.030104
-0.207717
0.252754
0.455191
0.314064
-0.318906
-0.388461
0.288706
-0.225986
-0.879215
0.151221
0.162085
-0.057147
-0.493229
0.069378
0.254045
-0.227102
0.251421
0.032845
0.095256
-0.012987
-0.059110
0.478404
-0.200647
0.194280
0.282679
-0.315822
0.600605
-0.331714
0.218919
-0.059672
-0.234909
-0.098162
0.003311
-0.663624
-0.164370
-0.113616
-0.246027
0.069420
0.078949
-0.026381
0.216284
-0.432983
0.288230
0.130744
-0.057233
-0.029463
0.160237
0.029264
-0.031318
0.046128
-0.241998
-0.335977
0.148430
-0.120035
0.049548
0.619308
0.460197
-0.187931
-0.739473
-0.276043
-0.460914
0.457754
-0.550697
0.114220
-0.496572
-0.249472
0.377251
-0.017018
-0.763667
-0.133007
-0.093104
0.191294
0.253617
-0.237214
0.058610
-0.570222
0.132100
-0.321312
-0.116740
-0.293749
0.278311
-0.336307
0.061679
0.251648
-0.759669
-0.214725
-0.290444
0.095359
0.458333
-0.223195
-0.482321
0.011131
0.063592
-0.292986
-0.342378
0.192181
0.060224
-0.538527
0.667307
-0.004713
-0.071427
0.499823
-0.450733
0.651066
-0.303733
-0.221470
-0.128617
-0.525042
0.037614
0.278392
0.242449
-0.029838
0.164685
0.483194
0.573028
-0.420838
0.380437
0.545969
0.227156
-0.379273
-0.223514
-0.019302
0.443728
0.037476
-0.035944
-0.635939
0.044118
0.440621
0.345738
-0.516497
-0.417679
0.047248
0.536387
-0.719675
-0.107873
0.130940
-0.177135
0.081372
-0.015826
0.694193
-0.357141
0.011323
-0.176450
0.159252
-0.077298
0.291266
-0.045367
-0.029674
-0.092004
-0.082797
0.013566
-0.122115
0.045646
-0.118528
0.229650
0.067766
-0.623411
-0.081902
-0.068941
0.645940
-0.290530
0.158726
0.120261
0.575099
0.041283
0.247867
-0.070614
-0.312449
0.150773
-0.208817
-0.215228
-0.744941
0.201507
0.042796
-0.301919
0.416364
-0.010859
-0.240313
-0.043242
-0.368812
0.244453
0.361456
0.007035
-0.763690
-0.150898
-0.449222
-0.140377
0.117433
0.096350
0.274520
-0.311441
-0.252933
-0.093693
-0.355679
0.162798
-0.371523
-0.429748
-0.124164
-0.018699
-0.234255
-0.067327
0.135600
-0.007342
0.845149
0.013647
0.134957
0.027445
-0.043408
0.225283
-0.742628
0.657912
0.143916
-0.281058
0.420668
-0.222665
-0.242689
0.315723
0.102224
-0.152237
0.419045
-0.543636
-0.437111
0.027571
-0.457092
-0.114907
-0.150005
-0.016968
-0.475372
-0.417243
0.155882
-0.140005
0.461169
0.235943
0.639319
-0.194080
-0.397990
0.339493
-0.518638
-0.377556
0.052993
0.366821
0.525822
0.086327
-0.526576
0.132333
-0.005918
0.281691
-0.001012
0.286983
0.309329
0.128890
-0.086184
0.532682
-0.119304
-0.408085
-0.430980
0.159170
-0.639978
-0.152911
-0.041093
-0.365589
0.067362
0.184289
-0.320395
0.171175
-0.101865
0.289799
0.001131
0.374125
0.315137
0.291082
-0.979183
0.283055
0.097128
0.133471
-0.286652
0.309801
0.161795
-0.775675
-0.060301
-0.445360
0.278898
-0.102775
-0.616600
-0.032048
-0.037425
-0.178807
-0.196208
0.371444
0.206856
-0.203876
0.038852
-0.375289
0.131283
-0.167770
-0.099096
0.100741
-0.059513
0.537814
0.055686
0.432480
0.194592
-0.296587
0.012997
0.050723
0.002232
-0.174551
0.015676
-0.173900
-0.396252
-0.185028
-0.182216
0.183428
-0.180209
0.304469
0.122638
0.003158
0.058044
-0.262535
0.116288
-0.370918
-0.463306
0.004189
0.030274
-0.328224
0.249063
-0.216867
0.289706
-0.084772
-0.431203
-0.277918
0.024676
-0.194460
0.202034
0.384440
0.621457
0.358329
0.206844
0.450190
-0.288775
-0.431992
-0.045792
0.369579
-0.186737
0.199737
0.307411
0.171439
-0.409759
0.159388
-0.305243
-0.182722
0.200054
-0.296275
-0.206744
0.002309
0.469459
-0.167726
-0.137404
-0.082031
0.285862
0.108678
-0.116928
-0.040848
-0.281870
-0.104780
-0.511305
0.116735
-0.064058
-0.103512
-0.122928
0.282227
-0.421579
-0.024614
-0.322407
0.255318
0.961687
-0.176305
0.393045
-0.128481
-0.365722
-0.609361
-0.589394
0.159936
0.361998
0.264180
-0.184529
0.488560
-0.274274
-0.020550
-0.343531
0.363195
0.040572
-0.272276
-0.154957
-0.527493
-0.082362
0.053461
-0.141740
0.317733
0.008363
0.029594
-0.163586
0.364202
0.297197
-0.475042
0.202257
-0.158239
-0.224369
0.049893
0.049624
0.132325
0.199706
-0.226144
0.371479
-0.237378
-0.041310
0.039154
-0.052415
-0.085067
-0.045276
0.504405
0.015602
-0.177489
0.025011
0.162789
0.034779
0.428051
-0.111971
0.037067
-0.006733
0.467406
-0.453184
0.285727
0.379731
-0.218948
0.008554
0.497885
0.043460
-0.054878
-0.485206
-0.001503
0.461243
-0.408858
0.617826
-0.043135
0.105255
0.219685
0.123653
-0.502637
-0.123995
0.236969
-0.168890
0.315562
-0.674046
-0.364619
-0.407834
-0.464891
-0.070325
-0.029888
0.094979
-0.310235
0.453531
0.437238
-0.316271
0.116602
-0.656629
0.004749
-0.191019
0.211469
0.026880
-0.070614
0.363180
-0.375317
0.338546
-0.356002
-0.497279
-0.567177
-0.065536
-0.160476
-0.038618
-0.104769
0.472717
0.400550
-0.013835
-0.001120
0.217834
-0.333818
-0.436002
0.002421
0.195111
0.019721
0.313595
0.127171
0.219615
0.204017
0.167223
-0.367409
-0.214812
0.221818
-0.141321
-0.502695
0.165380
0.271790
0.229953
0.701903
-0.023707
0.531708
-0.031851
-0.357686
-0.199252
-0.416862
0.002676
0.162547
0.062566
0.263580
-0.254774
-0.632794
0.400088
-0.174353
0.684642
-0.486599
-0.189120
-0.394033
0.376634
-0.038134
-0.251619
-0.378721
-0.454629
0.529614
-0.091396
0.293026
0.234365
-0.365800
-0.234349
0.494645
-0.109150
0.053400
0.137491
0.435490
-0.083892
-0.136892
0.151375
0.760597
-0.388434
0.103317
-0.507125
-0.208482
0.290995
-0.306145
-0.068726
-0.326293
0.329173
-0.147190
0.602821
-0.470452
-0.176944
0.426943
-0.197754
0.041196
0.128325
0.050973
-0.133778
0.376464
0.355254
-0.097453
0.628812
0.076149
0.322939
0.608234
-0.019554
-0.336075
0.091753
-0.035042
-0.298172
0.089164
0.212145
-0.337715
-0.034061
-0.085201
0.007585
0.246285
-0.281783
-0.262047
0.178981
-0.054235
0.017013
0.089593
0.326122
0.033277
-0.282614
-0.044915
-0.047607
-0.290107
-0.257619
0.252358
-0.005786
-0.010389
-0.000813
0.541136
-0.560974
0.179537
-0.337642
0.219648
0.310227
-0.087643
0.199301
-0.238870
-0.288724
-0.119015
0.377980
-0.060595
1.009977
0.159446
0.172001
0.510718
-0.829977
-0.372399
0.398006
-0.238993
-0.449793
-0.480263
-0.365219
-0.429169
-0.128466
0.194628
-0.353744
-0.304276
0.487113
0.184338
-0.311085
-0.347481
-0.032258
-0.024780
-0.543211
0.554715
-0.371414
-0.056435
0.103974
0.237760
-0.497874
0.026849
0.193325
-0.302337
-0.240647
-0.062175
0.382671
0.065680
-0.099228
0.009313
0.104849
-0.079935
-0.066803
-0.051229
-0.502386
0.293478
-0.316276
0.027632
0.041700
0.298969
0.591799
-0.004323
-0.095706
0.175354
0.067633
-0.718099
0.024870
-0.118665
-0.386785
-0.078305
-0.176494
-0.074587
-0.112367
0.452158
-0.131275
0.304513
-0.131908
-0.101026
0.213489
0.028432
0.235174
-0.129509
0.276474
0.349689
-0.394141
-0.041108
-0.282696
-0.271696
-0.236518
0.025213
-0.323549
-0.069366
-0.423144
0.284875
-0.111606
0.426299
0.089116
-0.034910
-0.000052
-0.127612
0.643259
0.101606
-0.060279
0.667931
-0.108627
0.162983
-0.074988
0.104577
-0.248543
1.042351
0.111844
0.051339
-0.077936
0.518547
-0.067627
0.039665
0.608077
-0.118217
0.079720
-0.110769
0.351399
0.006253
-0.370318
-0.305152
0.345720
0.339368
-0.130285
0.391419
-0.018697
0.292084
0.271788
-0.076261
-0.221511
0.296611
-0.227156
-0.080866
-0.034662
0.325422
-0.174804
-0.716032
0.171595
-0.265235
-0.080980
-0.424000
-0.152685
0.265452
0.035928
0.204934
-0.566571
0.444421
0.002273
-0.187984
-0.165706
-0.317962
-0.287731
0.054034
-0.184281
0.253915
0.162271
-0.388772
0.121629
-0.153392
-0.090003
0.246127
0.422971
-0.407246
0.455637
0.197392
0.166784
-0.306657
-0.055137
0.119405
-0.010492
0.294357
0.514542
0.167419
-0.380428
-0.060759
0.422342
-0.128604
-0.157553
-0.046121
0.479796
0.282174
-0.081248
0.395203
-0.439793
-0.395987
-0.325815
-0.238359
0.428732
-0.004150
-0.044479
0.655157
0.077257
0.378090
0.038244
-0.170555
-0.208610
-0.767861
0.026081
-0.359304
0.104810
0.132759
0.106298
-0.462231
-0.171752
-0.232044
-0.167315
0.067323
0.107687
0.314253
-0.574995
0.004535
0.046711
-0.151260
-0.223401
0.054506
0.098514
-0.058492
0.065426
0.278633
-0.374397
-0.067057
0.863343
0.107958
0.299034
-0.318315
-0.242273
-0.532121
0.087291
0.346912
-0.429746
0.327994
0.218290
-0.117526
0.164304
-0.169501
0.155834
0.117588
0.367131
-0.352373
0.377510
0.203083
0.024316
-0.301836
0.298318
-0.024149
0.717725
0.153664
0.376592
0.061080
0.556613
-0.510030
-0.345968
-0.110365
0.237101
-0.661323
-0.092769
0.053916
-0.103441
0.595944
-0.859162
0.538127
-0.687368
-0.586666
-0.742986
-0.941122
-0.535133
-0.741685
-0.594626
-0.440321
-0.552991
-0.272713
-0.290429
-0.259929
0.030104
-0.205151
-0.132616
-0.509738
-0.720274
-0.004646
-0.209607
0.434322
0.919423
0.650048
0.233519
-0.225607
0.725914
0.213452
1.305697
0.919152
0.985691
0.765977
0.290871
1.053974
1.055110
0.948751
0.728524
0.051203
0.840715
0.514932
0.635184
0.108283
0.743305
0.082767
0.194946
0.287217
0.366406
-0.005041
-0.164413
0.074029
-0.216858
0.170218
-0.957894
-0.716840
-0.326905
-0.614926
-0.750687
-0.652420
-0.319155
-0.589698
-0.202545
-0.396370
-0.539418
-0.878266
-0.088345
-0.265606
-0.595877
-0.059454
-0.408585
-0.105393
0.156364
0.527171
0.577326
-0.121517
0.226592
0.136319
0.047493
0.137039
-0.187301
0.419432
-0.295259
0.867410
-0.121899
0.058494
-0.174193
0.487483
0.156110
-0.142724
0.281575
-0.098615
-0.553639
-0.255643
0.519344
-0.868070
0.190920
-0.272976
0.309939
-0.385710
0.116461
0.108966
-0.270955
0.462083
0.265751
0.740918
0.648753
0.533590
0.383362
0.388077
0.362296
-0.215439
0.346856
-0.247991
0.096690
-0.285467
0.183741
0.077638
0.147719
0.018151
0.123753
-0.271576
-0.072380
-0.311596
0.192230
-0.141873
0.700273
-0.383775
0.130677
-0.417151
-0.083513
-0.144014
-0.669863
0.271569
-0.021121
0.480905
-0.170421
-0.150791
-0.991855
0.154757
0.447461
0.142053
0.000446
0.020484
-0.563696
-0.050872
-0.632687
-0.264362
0.146126
0.389308
-0.148776
0.826530
-0.365477
0.186979
0.342212
0.067064
0.007826
-0.076656
-0.015286
-0.188204
-0.018249
0.255379
0.037358
-0.228213
-0.117464
0.153881
-0.100975
0.393021
-0.314974
0.220702
0.052606
0.394034
0.344049
0.468502
0.391927
0.326817
0.629637
-0.108517
-0.262838
0.702682
0.334531
0.354611
-0.415698
0.339817
0.079823
-0.594583
0.406154
-0.015878
-0.080718
0.041454
0.485637
-0.549332
-0.246942
-0.277918
-0.636143
-0.057499
-0.360650
-0.104385
-0.415930
-0.054561
-0.278974
0.077632
-0.023325
-0.242345
0.190921
0.089762
0.122680
0.418430
-0.049059
-0.507455
0.149455
0.166662
0.043477
-0.385001
-0.132938
0.072018
-0.291573
-0.113505
0.032866
-0.383832
0.242104
-0.029814
-0.158944
0.034275
-0.029762
0.257176
-0.000355
-0.323118
-0.010733
-0.143925
0.232198
-0.447850
0.936471
-0.117449
0.371213
-0.257593
0.055989
0.269879
-0.073161
0.137671
0.348129
0.064479
-0.058430
0.445601
0.392233
-0.044530
-0.237287
-0.038986
0.224462
0.158426
0.194827
-0.009394
0.289486
-0.224223
-0.190403
-0.303346
-0.162613
-0.323115
-0.091697
0.374936
-0.124024
0.424580
0.276687
-0.110615
-0.648604
-0.114990
-0.214484
0.405022
0.202737
0.578339
-0.273475
0.355763
-0.118860
-0.461426
-0.075046
-0.188683
-0.372132
-0.105679
0.246212
-0.172981
0.230491
0.297987
-0.095041
0.063978
-0.079080
-0.127057
0.011333
-0.122735
0.188883
-0.533579
0.076220
0.396643
0.317283
0.397477
-0.531672
-0.281390
0.044714
-0.712264
-0.130784
-0.035748
-0.046550
0.306138
-0.264953
-0.195300
0.873898
0.563475
-0.270463
0.222252
0.148933
-0.159805
0.653263
0.114394
0.538362
-0.071624
0.261073
-0.083940
0.537043
-0.660508
0.338754
0.115191
-0.287601
0.244432
0.556954
-0.198638
0.183703
0.265922
-0.263475
-0.407826
-0.228637
-0.029670
0.251236
-0.088932
0.330777
-0.027605
-0.417973
0.430103
-0.625299
0.422256
-0.430999
0.402808
-0.341392
-0.169794
-0.412735
0.038812
-0.092912
-0.196626
0.091855
-0.039608
-0.035228
0.721754
0.478410
0.381035
0.047383
0.589850
-0.043953
0.314258
0.029834
-0.410601
0.154554
0.135895
0.015126
-0.738974
-0.786114
-0.336879
-0.230042
0.547027
-0.328836
-0.065785
0.528335
-0.305742
-0.201464
-0.413189
-0.270827
0.697139
0.226970
-0.043749
0.336164
-0.017576
0.767988
-0.173406
-0.324587
0.098467
-0.375999
-0.170920
-0.107369
-0.501000
0.059879
0.226030
0.081525
0.204727
0.502134
0.161451
-0.546892
0.618536
-0.128921
-0.321880
-0.215725
0.076841
-0.443871
0.330661
-0.273311
-0.109668
-0.256328
0.296389
0.086929
-0.477122
-0.479455
-0.023007
0.184611
0.065194
-0.211476
-0.371641
0.385048
0.197572
-0.025027
-0.527581
-0.174131
0.833976
0.480814
-0.608154
-0.105172
-0.299150
-0.330121
-0.547595
-0.127767
0.285670
0.285557
-0.313145
0.472213
-0.324678
-0.461881
-0.185065
0.008256
-0.200039
-0.190947
0.168026
0.170355
-0.665182
0.399922
0.017466
-0.206488
-0.358358
-0.486118
-0.393130
0.273054
-0.076404
0.399165
-0.250976
0.001990
0.145433
0.397916
-0.035321
-0.042047
0.237617
0.049069
-0.522058
-0.124123
0.158414
0.446963
0.687868
0.149428
-0.134737
0.446779
-0.162079
-0.013266
0.053497
0.138695
0.098886
0.400681
-0.244861
-0.325847
-0.011598
-0.209650
0.146988
-0.240373
0.085634
0.056374
-0.345567
-0.186860
0.283251
-0.000836
0.487131
0.011100
-0.594673
-0.598406
0.331155
-0.305192
0.157503
-0.507478
0.156168
-0.276176
-0.187722
-0.531537
-0.016069
-0.087305
-0.755045
-0.416348
0.367970
-0.342417
0.106142
0.121950
0.376976
-0.305352
-0.411012
-0.063756
-0.153285
0.160907
0.002307
0.181592
0.583860
0.001668
-0.221486
-0.035337
-0.473099
0.175001
-0.003383
0.074003
0.490524
-0.101609
-0.215179
0.284225
-0.035486
0.214410
-0.213014
-0.195807
0.174971
0.177976
-0.318340
-0.378433
0.034990
0.001271
0.047275
0.555486
-0.103073
0.080280
-0.011718
0.051410
-0.701690
0.029880
-0.456033
0.189778
0.217633
0.209570
0.109401
-0.128884
0.168987
-0.095056
0.070727
-0.541080
-0.364657
-0.159550
0.474586
0.243930
-0.196570
-0.087598
0.445434
0.435789
0.075990
0.059895
-0.084240
0.319947
-0.291209
-0.140947
-0.059441
0.181764
0.189629
-0.763698
0.450248
0.149766
0.113294
0.706554
-0.813157
0.031397
-0.038532
0.176353
0.154358
-0.040668
-0.080099
-0.129568
0.498470
0.376054
-0.075854
-0.408292
0.000181
-0.154286
0.077555
0.214323
0.846946
0.165527
0.241334
-0.135017
-0.137443
-0.444721
-0.291706
-0.362939
-0.444429
-0.001757
-0.418461
-0.008927
-0.056261
0.272518
-0.169857
-0.317110
0.229521
-0.436580
0.579674
-0.030069
-0.300541
-0.480577
-0.147990
0.055248
-0.419044
-0.445502
0.086975
-0.237707
0.335504
-0.203668
0.456521
0.060451
0.465773
0.077155
-0.084166
0.037037
-0.176537
-0.150098
0.013376
0.377239
-0.068104
0.381422
0.026034
0.088560
-0.099112
0.045152
0.335346
0.115486
0.221581
0.641877
0.164213
-0.852650
-0.526310
-0.475102
-0.417567
0.052201
-0.253756
-0.304458
-0.197996
0.016119
-0.112522
-0.614047
-0.209298
0.338130
-0.066172
0.040145
0.021487
0.162745
0.256733
0.369480
-0.535994
0.191182
-0.108949
0.219022
0.019377
0.398407
-0.145099
-0.021686
0.341703
0.401980
-0.242855
0.467144
-0.434584
-0.330709
-0.213884
0.291219
0.093268
-0.087352
0.118487
0.369525
-0.491745
0.214549
-0.479139
-0.134900
-0.311167
0.407333
0.059035
-0.359314
0.052463
0.665292
0.187610
0.359304
-0.433251
-0.664167
-0.079204
-0.395666
-0.280417
-0.791649
0.075925
-0.187512
-0.359222
-0.113986
0.071109
-0.196799
-0.687409
0.395346
0.589831
-0.701020
-0.113210
-0.475858
0.335403
0.346842
-0.423951
0.045083
0.484525
0.502599
-0.645655
-0.142809
0.466795
0.046579
-0.073156
-0.172919
0.265549
-0.405165
0.174169
-0.381820
0.249668
0.204462
-0.045356
0.091660
0.077255
-0.114702
-0.359599
-0.042542
0.326715
-0.406949
-0.583638
-0.183969
0.189607
-0.190591
-0.499227
0.403785
-0.658445
0.439903
0.221276
0.116159
-0.111638
-0.185524
0.256548
-0.496677
0.618249
0.455436
-0.413990
-0.352406
0.355967
0.329722
0.040109
-0.092404
-0.046255
0.251683
0.012637
0.540820
-0.189251
0.287981
-0.140830
0.214108
-0.165096
-0.265508
-0.210193
0.275858
0.313223
0.069096
0.118529
0.117341
-0.489353
-0.236766
-0.161817
0.038948
0.121843
-0.025995
-0.099279
-0.072441
0.251335
-0.222240
0.256480
0.214796
0.079443
0.450069
-0.674951
0.231125
0.460230
-0.389156
-0.120749
-0.066391
0.308360
0.023231
0.220774
0.045405
-0.286854
-0.292367
0.382782
0.267122
0.397876
0.667621
0.257063
0.033066
0.228165
-0.326057
-0.098507
0.044980
0.265435
-0.359444
-0.334479
0.201666
-0.081416
0.108592
-0.226537
-0.226878
-0.419468
-0.216466
-0.080893
0.474974
-0.116746
0.170305
-0.280323
0.149852
0.124755
0.087432
0.082441
-0.185013
0.191600
-0.252675
-0.174933
-0.109148
0.149836
-0.123522
0.327858
-0.300120
-0.091586
-0.193590
-0.588705
0.116642
0.257216
0.115339
-0.357728
-0.280805
0.607634
0.435488
0.153807
-0.305152
0.036300
0.259685
0.192507
0.232493
-0.077208
-0.005904
0.223437
-0.300173
-0.645839
0.213776
0.149254
0.378645
0.080531
0.133112
0.409471
0.054819
0.353019
0.434321
-0.621616
0.602508
-0.088304
0.315425
0.420214
0.447703
0.219849
-0.504166
0.218608
0.086500
0.093994
-0.110903
-0.709983
-0.132356
-0.052739
0.208260
0.424888
-0.184889
0.067479
0.063496
-0.216787
-0.233764
0.202146
-0.420348
-0.021883
0.107783
-0.527880
0.447569
0.048828
-0.146937
0.314019
-0.577837
-0.490155
-0.086156
-0.001312
0.353669
-0.071513
-0.232513
0.296675
0.227016
-0.191846
-0.125398
0.176447
0.461944
-0.094838
0.445138
0.284571
0.308200
-0.321323
0.514343
-0.175603
-0.416925
-0.333253
0.318568
-0.470946
-0.533138
0.401630
-0.358887
-0.139203
-0.115431
0.403130
-0.745743
-0.029548
-0.342356
0.531575
0.109314
-0.329132
-0.122152
-0.071984
-0.182484
0.545158
0.171206
0.118884
-0.117019
0.470691
0.364393
0.372195
-0.285875
0.131570
-0.492235
0.566122
0.246327
0.265065
0.037614
-0.193686
-0.261576
-0.023392
-0.058021
-0.008447
-0.725820
-0.373610
0.326836
-0.070949
0.358593
-0.221840
-0.182665
0.312671
-0.657004
0.529351
0.256388
-0.023864
-0.594787
-0.191824
0.005321
0.226750
0.337749
0.320905
-0.212208
-0.436253
0.182602
-0.083138
0.704345
-0.315599
-0.433203
0.389365
-0.101677
0.589164
0.218642
0.085885
0.113112
0.057807
0.185622
0.262080
-0.152084
0.295660
0.335873
-0.357080
-0.271495
-0.233462
0.328897
-0.397557
-0.490973
-0.453794
-0.192072
-0.228652
0.299371
0.152126
-0.154750
0.106411
-0.429775
0.469847
-0.641490
0.222608
0.054753
-0.281122
-0.104571
0.570224
-0.181786
-0.551637
-0.127695
0.083722
0.649584
-0.225703
-0.330027
-0.176937
-0.182579
-0.240490
-0.213551
0.243271
0.105828
-0.434089
-0.579501
-0.303228
-0.380597
0.231466
0.163795
-0.117842
0.020622
0.349233
0.507552
0.073856
0.254438
0.848908
0.484555
0.441207
0.115617
-0.202206
0.277526
0.264116
-0.071812
-0.210818
-0.457012
-0.208370
0.043318
0.154407
-0.113853
-0.247311
-0.394329
-0.261066
-0.161047
0.425366
0.174617
-0.340088
-0.161882
0.055723
-0.127997
-0.285552
0.057544
0.214890
-0.120006
0.199125
0.539336
0.205673
0.179433
-0.576841
-0.243922
-0.190674
-0.191707
0.770323
-0.058798
0.488685
0.356721
0.680940
-0.348556
-0.126408
-0.001103
-0.313717
-0.056984
-0.463773
0.012951
0.181361
-0.551662
-0.281902
-0.524443
-0.142520
0.577627
-0.346748
0.584972
0.029195
0.366272
-0.451418
0.118667
-0.091112
0.394998
0.031369
0.074315
0.058810
-0.530581
-0.067363
-0.089698
-0.705373
-0.152435
0.573389
-0.090272
0.317841
-0.139318
0.090445
-0.353704
0.368827
-0.068186
-0.422594
-0.243682
0.379001
-0.066714
-0.103733
0.175563
0.381327
-0.189162
-0.115016
0.030864
-0.366107
-0.154633
0.240881
-0.294169
-0.260689
0.262666
0.257512
0.237368
0.474415
0.127426
-0.259806
-0.231668
-0.015894
-0.443743
-0.232544
0.239814
-0.763052
0.082124
0.046664
0.001166
-0.038195
-0.312194
0.171449
0.158902
0.266793
-0.017194
0.259912
0.133155
0.813560
-0.237333
0.084404
0.173597
-0.174388
0.006898
0.339795
-0.308675
-0.117546
0.276152
-0.160025
0.165336
-0.188201
-0.012700
0.098155
-0.053075
0.130616
-0.052462
0.033486
-0.315546
-0.327471
-0.539828
-0.608107
0.062780
0.510575
0.561340
0.470553
-0.586505
0.226921
0.245440
-0.256928
-0.556530
-0.037059
-0.110959
0.121164
0.367270
0.299855
0.554121
0.236318
0.093690
0.079325
0.117802
-0.008779
0.081450
0.183912
-0.051363
-0.028570
-0.036837
-0.049087
0.181771
0.001298
-0.130823
-0.076290
-0.313478
0.103457
0.002004
-0.106035
-0.002065
-0.081297
0.037910
-0.174762
-0.019143
0.304913
0.109181
0.018878
0.048630
0.429475
-0.101408
0.204632
-0.162937
0.374095
0.067306
0.106626
-0.007518
0.863020
0.037972
0.201860
0.486913
0.151536
-0.116089
0.430187
-0.039027
-0.303460
-0.342181
0.009225
-0.158920
0.080279
-0.968781
0.031368
-0.476036
-0.002783
-0.087639
-0.116970
0.416139
-0.414199
0.012999
0.222451
-0.161183
0.051342
-0.048579
-0.416879
0.577919
-0.042269
0.139399
0.073196
0.050966
0.164766
0.296180
0.027527
-0.472708
0.524062
-0.066969
-0.073676
-0.018530
0.209454
0.267504
0.489238
0.035494
0.318802
-0.221798
-0.030643
-0.137395
-0.015892
0.138980
-0.682696
-0.100012
-0.287736
0.380656
0.310204
-0.060894
0.209323
0.165460
0.135259
0.037374
0.140459
0.044096
0.570989
0.254210
-0.013993
0.039018
0.065381
0.871024
0.546630
-0.322175
-0.105835
0.082452
-0.190216
-0.050545
-0.099252
-0.092127
0.106374
0.294636
-0.370882
0.116002
-0.231902
0.054650
-0.212163
-0.150868
-0.467762
0.381176
-0.052649
0.070634
0.444625
-0.203090
0.000497
-0.184733
-0.571130
-0.158401
0.245027
-0.092557
-0.387147
-0.476715
-0.009891
-0.185093
-0.267851
0.129975
-0.274806
-0.286918
0.191907
-0.251848
-0.299450
0.242276
0.061525
0.008619
0.301737
-0.026647
0.144488
0.636731
0.012500
0.011685
0.021085
-0.129768
-0.541211
-0.304766
0.106695
-0.136552
0.279037
-0.011268
-0.002043
-0.363372
0.630359
-0.262180
-0.496130
0.031612
-0.021933
0.187806
0.693356
0.144760
0.139948
-0.705724
-0.171807
-0.216351
-0.487066
-0.016481
0.276244
-0.242520
-0.121068
0.098234
0.497691
-0.067005
-0.065923
-0.095043
0.077062
0.413216
0.074388
0.067148
0.072272
0.130057
-0.138011
0.255181
-0.420705
-0.014570
0.102602
0.682845
0.414803
-0.013928
-0.213716
0.047405
-0.248742
-0.937693
-0.164161
-0.034067
0.100059
0.256698
-0.096090
0.049595
0.315697
-0.144046
0.022801
-0.069126
-0.126044
-0.398171
-0.241800
-0.527172
0.176918
-0.396258
-0.556285
-0.108551
-0.337189
0.157030
-0.380812
0.063355
0.137299
-0.000593
0.179162
-0.012745
-0.191547
-0.071730
0.105042
-0.070511
-0.075073
0.435365
0.089582
-0.229094
-0.001573
-0.170149
0.068877
0.070618
-0.415197
0.149396
-0.087670
0.145826
0.739164
0.452199
-0.160980
0.517939
-0.349159
-0.038125
0.037702
-0.294732
0.171520
-0.630529
-0.671104
-1.002134
0.130588
-0.287253
0.136223
-0.024049
0.034525
-0.422820
-0.229567
-0.260111
0.160168
-0.508762
0.052957
0.263601
-0.154337
-0.517865
0.098639
-0.038876
-0.452352
-0.125537
0.228347
0.328153
-0.072589
0.444464
0.468400
0.558212
0.596950
-0.083955
-0.206279
-0.239268
0.238752
0.216580
0.076205
0.651796
0.251351
0.433176
-0.049484
-0.119972
-0.308084
-0.339264
-0.016620
-0.225230
0.511072
0.392333
0.374418
0.626717
-0.494340
-0.143074
0.124869
0.446903
0.176406
-0.358089
0.127875
0.370562
0.565411
0.106060
0.005682
0.316772
0.046757
0.142725
-0.109164
-0.033953
0.764505
-0.539845
-0.570318
0.087747
-0.260575
0.542477
0.239519
-0.168040
-0.616026
0.660159
0.512710
-0.129747
0.223029
0.094687
0.307886
0.426077
-0.161710
0.423468
-0.107108
0.047937
0.419566
0.044522
0.161930
-0.223165
0.361377
-0.317769
-0.707435
-0.308615
-0.162165
0.345707
-0.007347
-0.210796
-0.183177
0.137583
0.554679
0.011305
0.883441
0.131992
0.349506
0.063828
-0.182148
-0.432313
0.210380
-0.256521
-0.177220
0.441589
-0.486058
0.234208
-0.066199
-0.218400
0.629993
0.197991
-0.223574
-0.318497
-0.506187
-0.312364
0.165153
-0.320374
0.668469
0.321716
-0.318150
-0.257076
-0.018694
0.123141
0.089057
-0.303547
-0.333778
0.054085
-0.269417
0.188287
-0.513258
-0.355351
-0.278027
0.186944
-0.186736
0.541419
0.085723
0.554820
0.749593
-0.369927
0.276258
-0.067223
0.143845
0.117859
0.562606
-0.199021
0.101529
0.050289
-0.042232
0.134484
0.311022
0.004493
0.069112
0.354565
-0.014374
-0.081060
-0.074955
0.321740
0.546938
0.612694
-0.117932
-0.950165
-0.365416
-0.312291
0.161136
0.069495
0.437461
-0.129440
-0.317090
0.083190
0.149864
-0.244129
0.243925
-0.329882
0.661169
0.017150
-0.268490
0.364165
0.452709
-0.156576
-0.252244
0.101904
0.091828
-0.208896
0.302477
0.234938
-0.281589
0.099287
-0.066787
-0.519972
-0.431964
0.104491
0.209184
-0.160320
-0.082814
0.437094
0.035369
-0.218500
-0.285201
0.367671
0.121396
-0.230651
0.276849
0.480793
-0.376248
0.266060
-0.181371
-0.328465
-0.368730
0.170660
0.086255
0.219191
-0.107826
0.300512
0.060497
0.057177
-0.332470
0.369715
0.089844
0.490541
0.575013
-0.681885
0.353204
-0.156947
-0.701566
-0.088110
0.447628
0.472591
0.480776
-0.141707
0.080064
-0.363086
-0.364085
-0.021946
0.301946
0.117964
-0.310486
-1.140409
-0.097568
-0.529959
0.195803
-0.239997
-0.326829
-0.249535
-0.381749
0.085226
-0.286692
-0.489812
-0.382416
-0.036136
-0.028183
-0.056679
0.389123
0.161630
-0.016701
0.288175
-0.024806
-0.043368
0.099738
-0.302379
0.123303
0.059849
0.083246
0.082908
-0.213382
0.032287
-0.562395
-0.418325
-0.250807
-0.521260
-0.867658
-0.246420
-0.134562
0.459158
0.188754
0.121991
0.402761
-0.216520
-0.335000
-0.231822
0.265278
-0.023973
-0.616036
0.723615
0.149566
0.473891
-0.122640
-0.281350
-0.227134
-0.219897
-0.263087
-0.391845
0.001341
0.186036
0.543899
0.731626
0.081189
0.126224
0.055842
0.021442
0.019905
0.115535
-0.482664
-0.107149
0.148448
0.525181
0.168804
-0.352335
0.118705
-0.241795
-0.154042
0.498387
-0.107130
-0.336194
-0.184302
-0.021118
-0.159695
0.024608
-0.676605
-0.820588
0.332892
-0.132093
0.032649
-0.147262
0.356875
-0.001505
0.146010
0.184030
0.039388
0.049368
0.396045
0.291839
0.242489
-0.175193
-0.218894
0.249292
0.136448
-0.128777
-0.119212
0.314768
0.180054
0.008996
0.159841
-0.156717
0.155444
-0.300324
0.469694
0.127524
0.358401
-0.004604
0.777651
0.356707
0.205924
0.057750
-0.316489
-0.185763
0.007581
-0.202548
-0.181594
-0.335972
0.138134
-0.411574
-0.519637
-0.313965
-0.227118
-0.204734
-0.053069
0.008378
0.177828
0.075354
0.373706
0.136237
0.208604
-0.401896
-0.586211
-0.164447
0.198142
0.103266
0.191755
-0.047936
0.167905
0.343796
-0.086773
0.071258
0.012682
-0.754543
0.116757
-0.222433
0.194227
-0.343450
0.292617
0.285064
-0.108318
0.330143
0.197859
-0.312173
-0.107668
-0.484300
0.261576
-0.327765
0.287368
-0.024781
-0.077825
0.477825
-0.004085
-0.298528
-0.381422
-0.322288
0.110435
-0.368314
0.045590
-0.446069
0.233441
0.175621
0.084359
0.047348
-0.015203
-0.029405
-0.397486
-0.039928
0.053411
0.267161
-0.486496
0.036138
0.285513
0.110135
0.439303
-0.196325
0.327419
0.056903
0.245766
-0.404161
0.216267
0.198721
0.465135
-0.200472
-0.147369
0.661174
-0.159864
0.568022
-0.063476
-0.213238
-0.157472
-0.647960
0.581507
0.003240
0.270779
0.176110
-0.174055
0.327713
0.730206
0.188607
-0.573308
-0.116208
-0.582145
-0.023504
0.118225
0.012058
0.172398
0.069344
-0.097571
-0.340020
-0.131256
0.088558
0.150282
-0.376317
-0.241791
-0.386459
-0.356291
0.045423
0.109372
0.058313
0.125657
-0.191197
0.253928
0.153703
-0.216870
-0.038109
0.268463
-0.050052
-0.632208
-0.195352
0.576653
-0.539940
-0.705475
-0.308641
-0.129470
-0.358672
0.122897
0.185071
0.027240
0.407436
-0.241285
-0.207436
-0.591783
0.051055
-0.347546
-0.076436
-0.104484
0.128610
-1.017187
0.409501
-0.678319
0.437972
0.491395
-0.131282
0.009316
-0.166902
-0.006387
0.088417
0.374058
0.036230
0.028817
0.384035
0.252466
-0.103735
-0.475922
0.026195
-0.476455
0.315099
-0.306295
-0.026981
0.100491
0.194101
0.390682
-0.197930
0.342102
0.179332
0.101518
0.157330
0.045194
0.857043
0.216722
0.211701
-0.233411
-0.747070
-0.249797
-0.523310
-0.177007
-0.495470
-0.320593
-0.146165
0.253785
0.041851
0.521905
0.260265
-0.554002
-0.122666
0.188571
-0.137257
0.458495
-0.348533
-0.114195
0.050182
0.022466
0.465230
1.012946
-0.370852
-0.270247
-0.224940
0.276884
-0.098648
-0.072641
-0.183142
-0.060866
-0.036547
0.506526
0.102810
-0.787409
-0.216620
-0.331087
-0.016872
0.159236
0.026390
0.815883
0.104384
-0.001425
-0.315319
0.224760
-0.542318
-0.022155
0.460365
-0.002780
-0.320095
0.029779
0.107308
-0.222753
0.199247
-0.543056
-0.279158
-0.590127
-0.118086
0.363344
-0.376779
-0.282280
0.018355
0.411638
-0.014402
0.083408
0.477699
0.489112
-0.155776
0.041064
-0.417613
0.162532
-0.290475
-0.571078
-0.121194
-0.443663
0.061911
-0.208863
-0.336437
0.228470
0.302533
0.357154
0.010166
0.251050
0.227328
1.045085
-0.202099
-0.067126
-0.076189
0.889073
-0.530224
0.283618
-0.327115
0.040695
0.458048
-0.233895
0.059407
0.179750
-0.430754
-0.406764
-0.340322
-0.389503
0.502702
-0.097877
0.286368
0.125148
-0.041210
-0.439875
0.353486
0.451462
0.300313
0.365792
-0.192704
0.082095
0.072793
0.364639
0.113908
0.246717
0.539185
0.196256
-0.620370
-0.245395
-0.261118
-0.021917
-0.233812
0.072189
-0.548307
0.130522
0.084400
-0.213590
0.208370
0.105168
0.377808
-0.085378
-0.540452
0.164339
-0.170664
0.143148
0.146432
-0.003491
0.116775
0.270863
-0.358406
-0.304594
-0.130976
0.142475
0.415998
0.152282
0.609015
-0.161896
0.155462
0.082755
-0.153778
0.331458
0.074209
0.412209
-0.080932
-0.298936
0.362441
0.379427
0.258189
-0.057491
0.095315
0.296591
0.053012
-0.120897
0.230002
-0.386791
0.194985
-0.183566
-0.244360
0.104566
0.370185
-0.036860
0.041640
0.408467
-0.009599
0.164683
0.461542
-0.066641
-0.340343
0.196078
-0.184146
-0.036324
-0.022839
0.247649
-0.331868
-0.399403
-0.134208
0.384988
0.060181
-0.067522
0.240239
-0.258995
-0.028978
-0.006938
-0.181681
-0.016033
-0.313597
-0.397670
-0.350514
-0.236913
-0.398239
0.165533
0.106473
-0.522101
0.199329
0.042418
-0.251067
0.530240
-0.206355
-0.136023
-0.110806
0.417150
0.054363
0.310799
-0.527394
-0.027272
-0.565545
-0.296549
0.553052
-0.466091
-0.335171
-0.674582
0.554567
-0.518204
-0.459945
0.018639
-0.196565
-0.244271
-0.300008
-0.295558
-0.526665
0.176791
0.004078
0.308027
0.378351
0.560059
0.176941
-0.073426
0.029806
0.034984
-0.275118
0.173249
0.354438
-0.183912
0.467013
0.468130
0.299240
0.390206
0.049578
0.020757
0.726010
0.214346
-0.453053
-0.146661
-0.040924
-0.237353
0.074510
-0.313331
0.066209
0.201702
0.030369
-0.904281
0.383572
-0.502801
-0.474621
0.369808
0.250705
-0.267347
-0.079640
-0.046306
0.049981
0.122601
0.054090
-0.433744
0.246246
-0.062216
0.058913
0.215275
0.340439
-0.177263
0.301547
0.316874
-0.049150
-0.137637
-0.360093
0.009616
-0.191073
0.134906
0.247009
-0.040385
-0.093717
-0.063247
-0.095123
-0.517181
-0.335333
-0.366928
0.906937
-0.096746
0.348722
0.209230
0.238240
0.045248
0.025606
-0.117788
-0.057901
-0.070881
0.267911
0.152682
-0.017728
-0.144166
0.166594
0.770737
0.534610
0.187563
-0.137875
-0.048331
0.055915
0.121092
-0.286802
-0.632806
0.017190
-0.386899
-0.209978
0.375349
-0.074305
0.217922
0.063210
0.448696
-0.000996
-0.369544
0.220532
-0.190928
0.073199
0.285790
0.082294
0.123911
0.031481
-0.421246
0.042638
0.163760
-0.226138
-0.051288
-0.031744
-0.071265
-0.307793
0.309101
-0.056328
-0.081380
0.337125
0.161765
-0.063217
-0.314528
0.002222
0.433479
0.490960
-0.959064
-0.148653
0.360902
0.112228
0.056577
0.161812
0.382428
-0.116319
0.219791
0.007091
0.283128
-0.198196
-0.436394
0.164848
0.041780
0.584046
0.146950
0.496009
-0.125336
0.541553
0.411588
-0.078671
-0.292683
-0.138293
-0.577839
0.047132
0.134118
-0.840344
-0.454778
-0.116442
0.326139
-0.149567
0.551854
0.628023
0.271924
0.122988
0.105985
0.237498
1.158576
-1.182470
-0.279240
-0.615710
0.047591
0.404543
-0.270982
0.096570
1.004029
-0.153460
0.529309
0.617674
0.336076
-0.004339
0.753454
0.294310
0.051964
0.072005
0.326064
0.244087
0.153130
0.447998
-0.169299
-0.357541
-0.706308
0.694540
-0.225761
0.081230
-0.244626
-0.181270
0.232261
0.434342
0.692850
0.380429
-0.435896
-0.675199
-0.016604
0.489318
-0.472450
-0.137504
-0.527929
0.024656
-0.270987
-0.522256
-0.200153
-0.421442
0.135934
0.525276
0.033447
-0.251907
0.243000
0.081702
-0.015009
0.278202
0.434524
-0.235588
0.281856
-0.240094
0.040308
0.614769
0.202642
0.087066
0.179921
-0.005879
0.298234
-0.243996
-0.191701
0.078019
-0.144119
-0.011178
-0.329798
0.101936
-0.454848
0.017330
-0.099658
-0.303765
0.014901
0.160554
0.139780
0.153884
0.279682
0.040592
0.152121
0.246850
-0.009815
-0.172666
0.078081
0.326173
0.227735
0.386720
-0.160247
-0.090779
-0.091502
0.600577
-0.783610
0.552190
0.587997
0.108841
0.041568
0.291777
0.159970
-0.276416
0.268763
0.048014
-0.009196
-0.311276
0.492657
0.651033
0.040589
0.008338
-0.352436
-0.351375
-0.464891
-0.395135
0.389451
0.100173
0.371752
-0.056722
0.165332
-0.283337
-0.170859
0.019287
-0.199360
-0.040881
0.150009
-0.181982
0.064935
0.000689
0.120455
-0.178538
