-0.531829
-0.046560
0.168342
0.449786
-0.056630
-0.308103
0.093203
0.245027
-0.215371
-0.826909
0.158516
0.302276
0.041266
-0.047098
0.497575
0.307981
0.026843
0.122064
0.662033
0.377856
0.284282
-0.401316
-0.123944
0.112900
0.531092
-0.292644
-0.086758
0.068422
-0.052761
-0.422614
0.710717
0.076110
0.032481
-0.139963
0.091699
0.175531
-0.087421
-0.420720
0.079724
-0.650506
-0.311231
-0.437056
-0.110285
-0.242301
-0.094529
-0.845827
-0.341675
0.062122
0.372387
0.189090
0.129233
0.442769
0.026760
0.030492
-0.282033
0.040577
-0.032711
0.420250
0.528506
-0.912317
0.422315
-0.429487
0.255369
-0.265752
-0.608454
0.527829
0.324749
0.582151
0.254941
-0.242166
0.059579
-0.118896
0.267885
0.123593
0.091453
-0.042351
0.379070
0.032278
0.091358
-0.131579
0.074878
-0.274698
-0.004261
-0.307600
0.060468
-0.002973
0.169615
0.011999
-0.184837
0.014298
-0.200650
0.014380
-0.092001
-0.340321
-0.498057
-0.446192
-0.057654
-0.131628
0.197144
0.140175
0.090178
0.244127
0.223170
-0.070601
0.453638
0.540783
-0.079365
-0.092158
-0.365897
0.301107
-0.154384
0.385380
0.127963
0.493428
-0.456867
-0.203609
-0.124949
0.750843
-0.100364
0.416496
-0.302416
0.089530
-0.200773
-0.111003
-0.007734
0.080980
-0.298610
-0.186635
0.066228
-0.016600
-0.213910
-0.125892
-0.228979
0.419948
0.087265
-0.009575
0.043012
-0.335205
-0.022606
0.266471
0.539604
0.415811
-0.452386
-0.422007
0.072878
-0.582396
0.825554
-0.150913
0.247502
0.832714
-0.353475
0.252116
0.325254
0.153737
0.021557
0.733815
0.320603
-0.367125
0.604641
-0.378714
-0.009612
-0.321127
-0.323231
0.077142
0.114423
-0.146756
0.118292
-0.292745
-0.040565
-0.012818
0.218787
-0.321529
-0.067492
-0.287185
0.110762
0.109320
-0.093951
0.442525
0.498130
-0.282143
-0.188231
0.411327
0.031201
0.546132
-0.401155
-0.191480
0.029377
0.071444
-0.313914
-0.185693
0.548784
0.260751
-0.138623
-0.030866
0.110212
0.381717
0.478722
0.199473
-0.458190
-0.235184
0.128800
0.392094
0.339816
-0.200130
-0.036837
-0.017562
-0.499456
0.291580
0.669618
-0.124199
0.193887
-0.126324
-0.246242
0.349740
0.540131
-0.432539
0.163696
-0.194098
0.138119
0.271981
-0.757785
0.027598
-0.160278
0.177201
0.225764
-0.326035
0.398333
-0.291727
-0.163713
-0.527109
0.048509
-0.111623
0.078431
-0.140693
0.021879
-0.353842
-0.014225
-0.466210
-0.369263
0.222897
0.246253
0.177814
-0.369711
0.550189
0.416145
-0.343820
0.253523
-0.218436
-0.199806
-0.329081
-0.091774
-0.297133
0.002667
0.100689
0.595637
-0.318526
-0.120142
0.092285
-0.778851
0.014839
0.030379
0.195331
0.155598
-0.077431
-0.275694
-0.392382
0.692855
0.185542
0.137493
-0.207182
-0.251401
-0.100003
0.080189
-0.128795
0.338995
0.019480
-0.068947
-0.002305
-0.207140
-0.329413
-0.029165
0.014237
0.195803
-0.273180
-0.114307
0.254533
0.226313
0.156277
-0.150658
0.133035
-0.390725
-0.075413
0.042539
-0.138110
0.621946
-0.192445
-0.421304
0.289537
-0.136961
-0.375523
0.117305
-0.412751
-0.382439
-0.317158
0.101963
0.599035
0.161373
-0.227680
-0.473080
-0.003594
0.473912
0.768874
-0.348368
-0.343335
0.637505
-0.034170
0.493078
0.118736
-0.253291
0.144940
-0.245109
0.386538
0.267327
-0.109997
0.526231
-0.166819
-0.089009
0.039607
0.776082
-0.195806
0.142196
-0.381903
-0.183901
0.305887
-0.323280
0.330938
0.162741
-0.098131
0.276449
-0.364396
0.735098
-0.196669
-0.185193
0.113245
-0.071311
0.177498
0.600876
-0.222412
0.131231
-0.175821
-0.016195
0.401316
0.125381
-0.171149
-0.239614
-0.646216
0.321647
0.409716
0.335024
0.207158
0.135057
0.105195
-0.359980
0.331159
-0.206811
-0.198318
-0.031212
-0.315349
-0.038094
0.031151
0.469925
-0.135452
-0.646194
0.185651
0.025483
-0.169793
-0.477771
-0.277182
0.157067
0.096306
0.184400
0.349331
0.132400
-0.278948
0.268545
0.096678
0.050766
-0.651496
0.227629
0.202878
0.216437
0.239711
0.406190
-0.310649
0.023864
-0.174905
0.477264
0.059762
0.670932
0.325695
0.305409
0.200635
-0.142557
-0.059412
0.241222
-0.034814
-0.003644
-0.113192
0.354262
0.457971
-0.300265
-0.897050
-0.021364
0.109031
-0.247577
-0.026097
0.098589
0.431073
0.418799
-0.120025
0.182716
0.504133
-0.044335
0.034284
0.565530
-0.422020
-0.146231
0.436377
0.065217
0.506724
-0.121939
-0.289721
0.783826
0.126889
-0.193886
-0.373512
-0.104276
0.634035
0.179728
0.472367
0.545185
0.183731
-0.281348
-0.701347
0.058718
-0.019169
0.104632
-0.172116
0.260918
-0.055252
0.025867
0.631559
0.193999
0.217273
0.251960
-0.324485
-0.800978
0.197774
0.382548
-0.125803
0.170434
0.263330
0.092743
0.638693
0.175905
0.585697
-0.075620
-0.259048
0.033118
0.029931
0.018394
-0.361796
0.482782
0.004109
-0.533875
-0.463402
0.076893
-0.298343
0.305927
-0.161727
-0.279696
-0.648370
0.110910
-0.281998
0.323944
-0.770514
-0.444754
0.458442
-0.300471
0.228061
0.212474
-0.013465
0.312996
-0.154124
0.620347
0.252779
-0.095381
-0.313105
-0.288183
-0.076720
-0.676054
0.547253
0.233601
-0.142536
-0.279466
0.516782
0.318279
-0.016800
0.769597
0.454728
0.045440
-0.158483
-0.055558
0.399650
-0.316053
0.876340
-0.247807
0.103940
0.161230
-0.003814
-0.738787
0.342702
0.061212
0.283477
-0.014368
0.320481
0.286458
0.053333
-0.221839
0.183848
-0.314796
-0.471874
0.239285
-0.043847
-0.024769
-0.339891
0.219698
0.194943
0.273576
0.201725
-0.090208
-0.115554
-0.088856
-0.220914
-0.021782
0.384294
-0.078905
0.460987
0.012900
0.237977
-0.322467
0.198218
0.107575
-0.022070
0.097335
-0.352149
-0.493360
0.075519
-0.430370
-0.022955
0.244909
0.414107
-0.198683
0.552678
-0.674620
-0.413650
-0.522432
-0.291976
0.478006
0.147876
-0.112868
0.192290
-0.089541
0.204441
0.156869
-0.127935
0.109130
0.046992
0.115758
-0.081438
0.119972
0.011332
0.264681
-0.089410
-0.010482
-0.078863
0.427833
0.031939
0.004736
-0.216522
-0.108669
-0.025070
-0.038566
-0.102683
-0.557976
-0.251471
0.268569
0.473987
0.074756
0.170099
0.405175
-0.347918
0.430913
-0.408249
0.127228
0.545985
0.143094
-0.126198
0.204984
0.371905
0.134836
-0.072950
-0.352323
-0.236733
0.168578
-0.187644
-0.285411
0.066040
0.452666
-0.051503
-0.195839
-0.340721
-0.203301
-0.281480
0.524712
-0.509641
-0.337988
-0.660409
-0.143975
-0.088122
-0.112819
0.263478
-0.269436
0.482394
0.191374
0.169935
-0.079721
0.529340
0.415948
0.261554
-0.092767
0.222032
-0.150303
-0.090400
0.237103
-0.168448
-0.582251
0.558291
0.388006
0.282395
-0.014528
0.545604
0.103136
-0.202228
-0.269846
-0.266699
-0.127556
-0.096041
-0.515101
0.256714
0.018116
-0.020343
0.265830
-0.248662
0.089785
-0.121170
-0.423157
-0.324221
-0.048281
0.349576
0.420346
-0.203089
0.043656
0.331934
0.252706
0.309558
0.330740
0.098294
0.352599
0.098658
0.458714
0.406953
-0.307709
-0.464120
-0.127875
0.145966
0.085654
0.031491
0.384694
-0.024006
0.341965
-0.557815
-0.179695
-0.433129
-0.179242
0.380506
-0.370235
0.171388
-0.246648
0.271424
-0.279046
0.315512
0.393274
-0.433505
0.153867
0.093743
0.221256
-0.243390
-0.003986
0.100039
0.350965
-0.121889
0.230569
0.391587
0.087828
0.408720
-0.089829
0.080812
0.315041
0.374430
-0.062100
0.162149
0.170164
-0.511590
-0.338655
0.239875
0.692886
-0.447504
-0.264891
-0.329089
-0.278634
0.931164
0.037467
-0.038771
-0.013397
-0.117888
-0.251596
-0.626985
0.321250
0.053169
0.688431
-0.183904
-0.351932
0.164425
0.163102
0.003318
0.384350
-0.059236
0.045284
0.599842
-0.436921
-0.154656
-0.159526
0.180871
-0.187806
0.226305
0.060645
0.364084
-0.147411
-0.324489
-0.086170
-0.402567
-0.201980
-0.044836
0.201876
0.403789
-0.658120
0.212616
-0.572926
0.225558
-0.598152
0.247570
0.331504
0.121626
0.165653
-0.226062
0.810891
-0.018396
-0.033988
-0.355373
-0.168718
0.052878
0.186811
0.275449
-0.155379
-0.567963
-0.068040
-0.006431
0.027115
-0.353713
-0.442440
-0.225040
0.311862
0.323523
0.169951
-0.321367
0.165327
0.384413
0.204810
-0.142330
-0.032091
-0.150868
-0.077476
-0.664777
-0.583745
-0.088271
-0.273567
0.768485
0.037421
0.063951
-0.161834
-0.034211
-0.065811
-0.205474
-0.468229
0.713654
-0.080444
0.220676
-0.472258
-0.317721
-0.085940
0.075800
0.243817
-0.050823
0.082185
-0.001788
0.306094
0.148440
-0.154813
0.122221
0.206318
0.116407
-0.211810
-0.820356
0.202827
-0.320295
-1.162973
0.333417
0.147730
0.373379
0.219366
0.045258
-0.215936
0.336566
-0.652898
0.069563
0.220018
0.131101
-0.391913
0.764795
-0.187266
-0.031444
0.309218
-0.559645
0.025075
-0.112110
0.397300
0.098658
-0.210808
0.292903
-0.202544
0.114510
-0.070128
0.192124
0.538994
-0.261913
-0.001967
0.194058
-0.210655
-0.464093
0.318772
0.017303
0.164593
-0.162768
-0.088322
0.286613
0.002033
0.289056
-0.378575
-0.138283
0.126998
0.199481
-0.166542
-0.055716
-0.146602
0.034979
0.358528
-0.544155
0.098146
-0.451518
0.103511
0.278613
0.219655
0.184409
0.038237
-0.255207
0.523205
-0.038027
0.385968
-0.036954
0.106477
0.031403
0.019228
0.147684
0.731988
-0.329760
-0.231195
0.247003
0.472883
-0.280613
0.272791
0.032680
-0.170058
-0.258514
-0.036433
-0.031835
-0.267249
0.522812
-0.215482
-0.339374
-0.627661
0.483886
0.219420
0.019753
-0.226566
0.248422
-0.000877
-0.611566
0.170814
0.125913
0.013777
-0.157006
-0.116951
0.392508
0.255477
0.181029
-0.262978
0.242334
-0.133129
0.005958
0.598005
-0.130213
0.192049
0.429334
0.203755
0.402117
0.509614
-0.236541
-0.221983
0.246206
0.494415
-0.158875
0.318374
-0.310638
-0.190087
-0.280693
0.139633
-0.201184
0.005308
0.277052
-0.101225
-0.234961
0.217607
0.235554
0.169795
0.288091
-0.144273
-0.185492
-0.371126
-0.571817
-0.125006
-0.248938
-0.117182
-0.022560
0.098243
-1.097350
0.552448
-0.709754
-0.361315
0.139903
-0.067229
-0.344296
0.103083
-0.246589
-0.635377
0.012245
0.183319
-0.206395
-0.273768
-0.130661
-0.072399
0.135423
-0.485211
-0.098440
-0.287601
-0.152268
-0.122859
0.291799
-0.270965
0.085838
-0.117846
-0.200185
0.112368
0.237463
0.148938
-0.051436
0.112978
0.074778
-0.276831
0.050099
0.281499
-0.234778
0.192772
0.287385
-0.086215
0.058284
0.398853
0.191842
0.292710
-0.431103
-0.549155
-0.283537
0.144338
-0.466446
0.196361
-0.029149
-0.025024
0.377534
-0.116136
0.099909
-0.465371
0.160050
0.315879
0.190022
-0.138206
-0.048728
0.032967
0.396273
0.111700
-0.247695
0.544632
0.228163
-0.186028
0.148590
0.043918
0.153831
-0.219597
-0.026651
-0.088621
0.643262
-0.474489
0.139747
0.057365
0.047721
-0.006271
-0.293643
-0.201975
0.201281
-0.360290
0.801973
-0.226401
-0.009190
-0.134656
0.144597
-0.218523
-0.030508
-0.118924
0.016122
-0.110327
0.316520
-0.548918
-0.180598
-0.244977
0.047184
0.258505
0.487664
0.661292
-0.228833
0.286920
-0.402291
0.260445
0.423017
-0.364397
0.161609
-0.240601
0.825389
-0.105141
0.076327
-0.287340
0.162625
0.543580
-0.273909
-0.079879
0.194903
0.813376
-0.396057
-0.257434
0.293168
-0.409107
0.033721
0.319370
-0.022318
0.219653
-0.070344
0.360817
-0.542828
0.086824
-0.225389
0.384762
-0.081720
-0.349465
-0.286139
-0.037270
0.225346
0.485382
-0.047547
-0.121058
0.374364
0.278001
0.660859
-0.174254
0.324472
-0.115435
0.600511
0.168124
0.019866
0.212547
0.376951
0.286776
-0.106285
0.272434
-0.396413
-0.041355
-0.293070
-0.004514
-0.231400
-0.004624
-0.018220
-0.443500
0.152036
0.330321
-0.502072
-0.542268
-0.099057
0.026746
-0.124758
-0.193362
0.045935
0.243933
-0.100505
0.124274
-0.082883
-0.043794
0.261085
0.346637
0.039320
0.321684
-0.290536
0.095146
-0.083873
0.381204
-0.284309
0.054621
0.099353
0.056251
-0.071932
0.333774
0.701386
0.125252
-0.012070
0.199911
0.193560
0.086090
-0.229588
-0.086526
0.705686
0.042655
-0.409869
-0.134974
-0.651474
0.326054
0.496641
0.666913
0.110533
-0.143629
-0.175271
0.418807
0.516541
0.096811
0.660088
0.373232
-0.204829
-0.408348
0.098069
-0.418592
-0.428666
0.199211
-0.516893
-0.435052
0.189215
-0.288384
0.537371
-0.206829
-0.263672
-0.002788
-0.138946
0.155088
-0.036640
-0.197257
0.051489
0.068356
-0.174913
-0.090136
0.073712
-0.471289
-0.207812
0.040167
0.011974
0.121859
0.149819
-0.243821
0.700267
0.087167
0.339262
-0.172035
0.158910
-0.411125
0.021507
0.322163
0.146873
0.147213
-0.057807
0.068175
0.035239
-0.077122
0.394451
-0.133312
-0.014281
0.185402
0.282007
0.000898
0.004873
0.065548
0.325905
-0.669773
0.106363
0.413672
-0.351276
-0.091457
-0.102179
0.196060
0.220405
-0.158869
-0.169941
0.039584
0.269570
0.553697
-0.229440
-0.320965
-0.108511
-0.112646
-0.089286
0.197945
0.243503
-0.411873
0.091040
0.037597
0.445498
-0.036511
0.246558
0.008268
-0.275197
0.056085
-0.040517
-0.558574
-0.064982
0.437979
0.116618
-0.382789
0.383023
-0.133509
-0.097820
0.239944
0.532417
0.363879
-0.114103
0.097189
0.081197
-0.224404
-0.189843
0.203323
-0.650582
0.341640
-0.077095
-0.413985
0.104948
-0.121278
-0.050854
0.141831
-0.032679
-0.075720
-0.006729
0.376622
0.441374
0.324341
0.187221
-0.005546
0.006333
0.502888
-0.060540
0.655527
0.700669
-0.259144
0.098821
-0.305478
-0.402729
-0.134186
-0.174418
0.228046
0.186260
-0.470734
-0.497838
-0.318250
0.468658
-0.461988
-0.714038
0.277494
-0.124957
-0.639037
-0.542207
0.579194
-0.055126
-0.167560
-0.021311
-0.098405
-0.214911
0.091546
-0.284234
-0.390447
-0.364421
0.396621
0.086208
0.216560
-0.773303
-0.420647
-0.125552
0.099676
-0.726785
0.151800
-0.128273
-0.570572
0.301683
0.416239
0.658735
-0.239606
-0.324661
-0.020195
0.240749
-0.321692
0.028686
-0.373496
0.380996
0.053330
0.047621
-0.148979
-0.002475
0.463658
0.135871
-0.067307
0.043696
0.436916
0.208638
0.229402
-0.210108
0.132406
-0.288119
0.649995
0.778969
-0.413183
-0.016550
-0.086108
-0.532457
-0.239028
0.182692
0.357353
0.519196
-0.463544
-0.442733
-0.043116
0.392045
-0.213809
-0.079329
0.077342
-0.399482
-0.018146
-0.147273
-0.333875
0.101738
-0.500751
0.201291
0.253284
-0.080308
0.764913
-0.450799
-0.118455
0.088492
-0.098692
0.142797
-0.372658
-0.091013
0.196003
0.236039
-0.047871
0.355236
-0.357385
0.327373
-0.176293
0.232297
0.220601
-0.060785
-0.130429
0.296377
-0.282736
0.412723
-0.467425
0.456478
0.145459
0.553234
-0.462118
-0.107766
-0.012733
-0.140049
0.334347
-0.435700
-0.054660
-0.147770
0.086029
0.320844
0.220668
-0.018126
-0.344008
0.292096
0.209424
0.120236
0.191520
-0.170220
-0.154886
0.147594
-0.350191
-0.332492
0.265652
-0.236633
-0.228391
0.228468
-0.585537
-0.145644
-0.077339
0.132873
-0.073987
0.363575
-0.378068
0.533063
0.004951
-0.111902
0.303051
-0.406925
0.238898
-0.094478
-0.496645
-0.219643
0.148660
-0.288516
0.011040
0.165722
-0.087327
-0.005500
0.161611
0.012342
-0.066790
-0.390968
-0.317449
0.421267
0.577770
0.179609
-0.063577
-0.021715
-0.143651
0.190478
0.323981
-0.150169
0.825567
0.065118
0.144784
0.058200
0.817917
-0.326368
-0.301557
-0.340140
0.467558
0.119687
0.163575
-0.129921
-0.417500
-0.070574
-0.018203
0.258189
0.154867
-0.095094
-0.104188
0.226593
-0.109890
-0.052455
-0.225485
-0.342865
0.271743
0.049907
-0.177575
0.721111
0.065542
0.561065
-0.184603
0.445919
0.643574
0.164058
-0.066609
0.116272
-0.127900
0.308860
0.448415
0.151304
-0.312295
0.457309
0.280968
-0.000640
-0.279531
0.035800
0.380459
-0.516834
0.059988
0.006223
-0.404721
-0.547086
0.107309
-0.750233
0.349895
-0.228894
-0.221984
-0.206015
0.321027
-0.107632
0.845805
0.125891
0.274726
-0.223828
-0.425276
-0.106966
0.216316
-0.138675
-0.393555
-0.288728
-0.269615
-0.137897
-0.052351
-0.611605
0.267746
0.069101
0.273548
-0.088292
0.811954
-0.000948
0.356322
-0.114198
0.175331
-0.301308
-0.284071
0.305081
-0.068199
0.174414
-0.206126
0.062969
-0.333284
0.346139
0.120312
0.031568
0.034037
-0.308719
0.527407
0.674078
0.226961
0.674315
0.741435
0.052662
-0.265342
0.010074
0.083336
-0.247215
0.196847
0.127443
0.032757
0.101305
-0.288725
-0.434392
-0.031333
0.326300
-0.437693
-0.305167
-0.051776
0.292539
-0.306016
-0.158941
-0.684856
-0.336265
-1.087045
-0.600286
-0.762941
-0.294414
-0.977206
-0.804792
-0.128576
-0.109623
-0.253572
0.156554
-0.520514
-0.414056
0.100110
-0.177907
-0.006510
-0.002707
-0.219637
-0.070208
0.154141
0.372712
0.126073
0.666057
0.218076
0.520003
0.271029
0.118360
0.232311
0.732395
0.794912
0.902965
0.578441
0.618697
0.326890
0.508425
0.403586
-0.134459
-0.021331
0.285085
0.290711
0.282262
0.040793
0.089645
0.412573
0.306870
-0.051077
0.012508
-0.440974
0.105815
-1.284418
-0.028250
-0.390618
-0.589335
-0.350247
-0.338387
-0.678777
-0.672061
0.035368
-0.859444
-0.383229
0.197470
-0.426974
-0.237793
-0.456020
-0.422706
-0.630963
-0.537262
-0.210638
-0.342894
0.004729
-0.213203
-0.392387
-0.355968
-0.405980
-0.101739
-0.282586
0.227800
0.181834
0.288409
0.121462
0.208665
-0.262985
0.102440
0.195331
0.575569
-0.328232
-0.225388
0.396003
0.085541
0.068998
-0.515055
-0.196409
-0.009721
-0.409357
-0.140999
0.134424
-0.584106
0.382666
-0.354802
-0.177574
0.444706
0.039177
0.100525
0.122867
0.049806
0.358673
0.348296
0.472974
0.254058
-0.708961
0.346112
-0.423448
-0.226196
0.195362
-0.082205
0.421838
0.701215
0.230074
-0.270275
-0.311665
-0.317615
-0.142878
-0.486419
0.366096
0.840067
0.016428
-0.402284
-0.211748
-0.140251
0.268391
-0.390745
0.010427
-0.257065
0.194187
-0.006516
0.228159
0.223172
-0.397319
0.526694
-0.621330
0.382791
-0.118540
0.551438
-0.101637
0.200636
0.087255
0.320356
0.197731
0.151932
0.294050
0.794743
0.376386
0.225294
-0.323857
-0.181741
-0.059779
-0.135465
0.609904
-0.610927
-0.270321
0.362981
0.166933
-0.182797
-0.130870
0.317216
-0.058149
-0.189431
0.259309
-0.179090
0.462856
0.100374
0.038589
0.058890
-0.326363
0.388925
-0.264086
0.453230
-0.082175
0.032141
-0.495447
0.093798
0.118909
-0.201793
-0.009843
0.086613
-0.279745
0.219713
-0.468704
0.331955
-0.508063
-0.000787
0.889020
0.110564
0.219174
0.460986
-0.094890
0.341306
-0.067740
0.137840
0.316128
0.464283
0.044874
0.043806
-0.152101
0.741744
-0.117091
-0.324881
0.116795
-0.213771
-0.033575
-0.203459
0.233096
-0.128603
-0.350506
-0.291329
0.007456
-0.163672
-0.174812
0.377542
0.104759
-0.044823
-0.416823
0.209369
-0.064200
-0.318887
-0.015489
-0.129650
0.490882
-0.403681
-0.404293
0.448110
0.458894
0.412055
-0.507055
-0.160083
0.017814
0.009921
0.586622
0.125401
0.349166
0.480395
-0.226563
-0.093960
-0.449055
-0.115083
0.085897
0.366449
-0.156280
0.182084
-0.587434
-0.014852
0.443707
0.151834
-0.369682
0.034336
-0.235672
-0.145869
0.201947
0.345904
-0.071439
-0.071813
-0.477808
-0.146992
0.538884
-0.334806
0.070634
0.908595
0.567311
-0.230152
0.150820
-0.010806
0.277917
0.412972
0.321105
-0.328399
-0.209394
0.276642
-0.288997
-0.551927
0.095492
-0.230713
-0.044186
-0.228261
0.015322
-0.464183
-0.030546
-0.574854
-0.432235
-0.346551
-0.673767
0.026306
-0.444132
0.104696
0.197433
-0.306840
0.113823
0.414674
-0.156784
-0.202914
-0.198808
0.292548
-0.157392
-0.101207
0.015803
0.181233
0.049414
0.022095
-0.335127
-0.175448
0.128772
0.246175
-0.056319
0.625796
-0.255272
-0.552586
-0.108658
-0.187909
0.097745
-0.216230
-0.447677
-0.785703
0.061849
-0.300796
-0.023806
-0.292107
-0.080168
-0.017377
-0.173432
0.426559
-0.032307
-0.031328
0.621128
-0.127462
-0.508626
-0.053489
0.228863
0.261009
0.364449
-0.899067
0.236762
0.429931
-0.059319
-0.215790
-0.061756
0.121353
-0.048067
0.467578
-0.408370
-0.086580
0.187793
0.288670
-0.042363
-0.494391
-0.027324
-0.178819
-0.560173
-0.265239
0.209677
-0.342050
0.381535
0.439966
0.336887
-0.722057
0.349494
-0.427940
-0.061928
-0.483165
0.355707
-0.004478
-0.740525
-0.057188
-0.214330
-0.446152
-0.079350
-0.091229
-0.084484
-0.128980
0.007324
-0.047362
-0.490213
0.110202
-0.102126
-0.106026
0.160793
-0.143322
0.173387
-0.002007
-0.163113
-0.215822
-0.027327
0.084357
0.266119
-0.049395
-0.117539
0.084727
0.216633
-0.082691
-0.557292
-0.195777
0.523282
0.338707
-0.473769
0.607762
-0.097623
0.235056
-0.351397
0.239536
0.106675
0.529230
-0.087403
-0.300994
0.209955
0.027262
0.290641
-0.686977
0.204528
0.110762
-0.255013
0.163634
0.404817
0.357440
-0.211793
-0.301913
-0.060232
0.295960
-0.187699
0.109026
0.219427
-0.072743
0.181830
-0.716199
0.013723
0.155065
0.949307
0.020799
-0.350487
-0.452579
-0.699684
-0.547533
0.072865
0.065016
-0.463968
-0.100615
-0.111579
0.603068
0.311957
-0.117495
0.528253
0.310400
0.146985
-0.501879
-0.133746
-0.103921
0.137196
0.337051
-0.190026
-0.206132
0.219550
0.169894
-0.322361
0.077219
-0.307718
-0.022825
-0.280636
0.699907
-0.256335
0.133293
0.326150
0.275798
0.476027
-0.274638
0.121446
0.415431
-0.342642
-0.127661
-0.305868
0.201387
-0.297757
-0.280794
-0.567728
0.130600
0.122845
0.022466
0.909034
-0.184542
0.382482
-0.039642
0.452900
0.181316
0.409400
0.272082
-0.153444
-0.092458
0.289075
-0.500200
0.301166
0.224682
-0.241030
0.385860
-0.450600
0.472576
-0.018483
-0.130246
0.689307
0.224247
-0.121731
-0.276905
0.485558
0.170461
0.066580
-0.045379
-0.100782
0.021069
0.082914
-0.120447
-0.451663
-0.079333
-0.355978
-0.015262
-0.339568
-0.227002
-0.322398
-0.340553
0.005953
0.163461
-0.186239
0.439279
-0.129586
0.529373
-0.172059
-0.117493
-0.178214
0.199627
0.535763
0.059735
-0.499762
-0.402170
0.301896
0.286542
0.403083
0.221109
0.249817
-0.126608
0.249366
0.043105
-0.141612
-0.247027
0.471634
0.140227
-0.077521
0.087249
0.032095
0.254298
-0.091454
-0.418034
-0.199982
0.479604
0.047038
0.115239
-0.297232
-0.178746
-0.334256
0.001764
-0.700640
-0.512949
-0.020825
0.141622
-0.413398
-0.173563
-0.679187
-0.220441
0.017299
-0.293771
0.243668
0.163708
-0.265320
-0.081085
-0.746392
-0.507980
-0.565788
0.140010
0.366349
0.016078
0.311692
0.327715
-0.050459
-0.104018
-0.257753
-0.482724
0.211600
-0.404258
0.044667
-0.301220
0.437457
-0.208741
-0.327016
-0.102548
-0.435282
0.250446
0.059567
0.007587
-0.292342
-0.505711
0.002631
0.168825
-0.282121
0.461539
0.240183
-0.438218
-0.182813
-0.575836
-0.002944
-0.009745
-0.113710
0.051477
0.074710
-0.296262
-0.166866
0.096327
0.418446
-0.441017
0.220157
0.103541
-0.038464
-0.425184
-0.060732
-0.208486
0.562785
-0.103346
-0.301008
-0.119859
-0.226657
-0.036301
-0.476096
0.005193
0.071602
-0.193676
-0.162635
0.309626
-0.641040
0.148267
-0.825225
0.586976
0.316665
-0.424614
0.138096
0.089154
-0.195268
0.171402
0.178437
0.111076
0.122775
0.111161
0.181178
-0.337334
-0.056862
0.324548
0.071783
0.192613
-0.267644
-0.133379
-0.207971
0.205807
0.041860
0.014155
-0.141734
0.073993
-0.114963
0.378885
0.597496
0.461811
-0.279845
0.116308
-0.028981
0.375009
-0.433490
0.184579
0.533060
0.121787
-0.224100
0.198582
-0.570768
-0.055300
-0.187573
-0.099368
0.015025
-0.250309
0.139872
0.211583
-0.442769
0.410704
0.256277
0.437324
0.231563
-0.388039
0.422660
0.216017
-0.062505
-0.008385
0.530702
-0.037756
0.619571
-0.189523
-0.197196
-0.127525
0.825609
-0.023723
0.328461
-0.214055
-0.424092
-0.019336
-0.343945
0.251386
-0.089856
0.343845
0.067222
0.224727
-0.049417
-0.489635
-0.114493
0.408849
0.339609
0.054714
0.182455
0.741657
-0.480716
-0.200877
-0.300783
0.009442
-0.146282
0.390624
0.189740
0.152988
-0.116993
0.568549
-0.116995
0.015970
-0.028580
0.154106
-0.170883
-0.381660
0.101609
-0.126548
0.211431
0.355928
-0.391864
0.127531
0.345298
0.155285
-0.125781
-0.004388
0.001759
-0.029204
0.109415
0.652398
-0.047149
-0.009547
-0.161416
0.267598
-0.229037
0.231568
0.043098
0.381214
-0.013972
0.335169
-0.007947
0.206011
0.021605
0.235776
-0.573816
-0.035948
-0.369042
0.156777
-0.309572
-0.057269
-0.104795
-0.133903
0.106688
-0.266495
0.169901
0.468997
-0.510334
0.201294
-0.351209
-0.418785
-0.261554
0.281521
-0.058498
0.081315
-0.066583
0.006126
-0.068226
-0.632503
0.367383
0.075997
0.087045
-0.087099
-0.142626
-0.209488
0.159935
-0.068924
0.422039
0.350480
0.193546
0.217015
-0.329489
-0.459327
-0.698550
-0.025651
-0.234681
-0.105414
-0.026858
0.290136
-0.357475
-0.289494
-0.308912
-0.147173
-0.338616
0.198562
-0.096693
0.317468
0.227727
0.127260
0.295740
0.062352
0.020544
0.333960
-0.170372
0.129065
-0.330041
0.348703
-0.575935
0.200130
-0.183039
-0.314646
0.464162
-0.035217
-0.296999
-0.505158
0.167713
0.469715
-0.259726
0.239415
-0.194562
-0.338327
-0.131204
-0.324604
-0.119545
0.351797
-0.334163
0.039528
-0.556399
0.147637
0.453355
-0.222270
-0.280514
-0.027042
0.399494
0.209103
0.121506
0.222972
-0.002645
0.098140
-0.573143
0.212813
0.223276
0.114733
-0.062751
0.258594
-0.140905
-0.350344
-0.198720
-0.217823
-0.074384
0.748324
-0.142168
-0.391858
0.444370
-0.224196
0.231573
-0.103926
0.348273
0.300007
-0.738336
-0.318260
0.036530
0.240050
-0.502535
0.196914
0.129812
-0.257477
0.213895
-0.373220
0.306317
-0.429478
0.191890
-0.141731
0.294242
-0.150818
0.282548
-0.123054
-0.028850
-0.315529
0.192099
-0.067410
-0.396415
-0.553340
0.054704
0.246950
-0.342945
0.178464
0.153747
-0.105528
-0.317657
0.303191
0.298601
-0.094188
0.503498
0.169545
0.283210
0.240937
0.080338
-0.652173
0.501670
0.300632
0.049272
0.084893
0.035559
-0.259158
-0.274206
0.004412
0.162928
-0.244315
-0.202199
-0.105084
0.082824
-0.382189
-0.159624
0.072650
0.065018
0.147297
0.222103
-0.185847
-0.252256
-0.176021
-0.270855
0.054764
-0.335745
-0.350934
-0.235096
-0.124597
0.432891
0.276957
0.536574
-0.073418
0.438738
0.227602
-0.017237
-0.211460
-0.112386
-0.086109
0.196335
0.130147
0.161850
0.069420
0.168080
0.561318
0.442205
-0.239781
-0.386152
0.177117
-0.100852
-0.355894
-0.291847
-0.172583
-0.367680
0.056780
-0.019292
0.379903
-0.181745
-0.058424
0.351047
-0.240040
0.473481
0.271888
-0.293578
-0.069954
-0.563395
-0.259993
-0.328557
0.115729
-0.088516
0.250972
0.109514
-0.401273
0.135664
0.352145
0.143059
-0.131808
-0.136438
0.026384
-0.302745
0.093584
0.265298
-0.148856
-0.025727
-0.019442
-0.044526
0.186358
-0.065161
0.555182
0.845925
-0.277074
0.051716
0.014972
0.138841
0.016345
0.165131
0.476394
-0.397954
0.627950
-0.535564
0.053715
-0.268814
-0.520967
-0.100123
-0.082041
0.491947
-0.015532
0.069902
0.279417
-0.164817
0.416527
0.083066
0.034489
0.375997
-0.478777
-0.256472
-0.133414
0.164157
-0.105746
0.026915
0.075280
-0.135401
0.590756
-0.400847
-0.115756
-0.192302
0.117670
0.460411
-0.294983
-0.282238
-0.714465
-0.296899
0.084007
-0.484490
-0.261045
0.489301
-0.214801
0.300270
0.248360
0.397282
-0.578602
0.526283
0.345882
0.085089
0.444082
-0.454435
0.131657
-0.276420
0.225394
-0.099163
-0.087755
0.267813
-0.305873
-0.042847
0.290803
0.087967
-0.182774
-0.052109
-0.095809
0.278402
0.000157
0.800121
-0.144037
0.295761
-0.301417
-0.401082
0.132642
-0.183658
-0.365331
-0.061461
0.079112
-0.848116
0.177978
0.621296
0.109854
0.160262
0.358313
-0.189848
0.067161
-0.283909
0.268588
-0.274597
0.223377
-0.298228
0.014237
-0.610593
0.067828
-0.046981
-0.707546
-0.007081
0.509904
-0.075187
-0.158601
-0.269094
0.213233
0.265210
0.136416
-0.232251
0.188026
0.183559
0.076355
0.089058
0.106409
0.085786
0.333763
0.153509
-0.143729
0.312270
-0.302021
-0.659379
0.161907
0.355151
0.449458
0.194214
-0.236077
0.604757
-0.255758
0.216070
0.032347
0.138855
0.535735
-0.537357
-0.087831
0.143056
-0.088780
-0.339837
0.295169
-0.843407
0.337474
0.124374
0.320789
-0.511508
0.143156
-0.103723
0.539922
-0.259901
-0.606007
-0.019372
-0.242370
0.073136
-0.151802
0.314464
-0.723612
-0.216357
0.091361
-0.220015
-0.715049
-0.116874
-0.296693
0.184601
-0.103469
0.450038
0.256119
-0.082201
0.271454
-0.074326
0.237179
-0.005358
-0.203218
-0.251855
-0.444455
-0.351685
-0.071491
0.189274
0.230660
0.368761
-0.614353
0.246199
-0.170518
0.285782
-0.230762
-0.075313
-0.013785
-0.057285
0.576903
0.112653
0.111402
-0.075540
0.235572
-0.014613
0.333140
0.029332
0.053125
-0.311787
0.388598
-0.319096
0.280147
-0.745201
-0.479610
0.281791
-0.071475
0.085509
-0.164598
0.072345
0.073858
0.236027
-0.123603
-0.259830
-0.456897
0.033925
0.067576
-0.401636
0.027226
-0.217365
-0.042584
0.162358
1.146737
0.248811
0.069926
0.079537
0.019445
0.108523
0.025293
-0.178366
-0.235403
0.337488
-0.211121
-0.261571
0.200835
0.081955
0.100883
-0.225434
-0.118838
-0.084633
0.329449
-0.311857
-0.120755
0.069019
-0.426314
-0.320196
-0.276965
-0.293880
-0.001728
0.320786
0.015892
-0.318049
0.117720
-0.085170
0.212709
-0.258681
0.348726
-0.150265
0.480356
0.505376
-0.069680
0.139049
-0.316194
-0.086354
0.225176
0.111831
-0.202355
0.626755
0.263259
-0.164320
-0.011207
-0.045579
-0.111088
0.256716
-0.074904
-0.523890
-0.139436
0.113798
-0.451437
0.078913
0.018155
0.053586
0.144298
0.170659
-0.562412
0.253898
0.184480
-0.280488
0.015229
-0.093969
0.062040
-0.230917
-0.224651
0.728366
-0.018007
0.143761
-0.049964
0.144189
-0.033670
0.089258
-0.395946
0.403807
0.127339
0.247074
-0.456565
-0.219017
-0.142493
-0.291618
0.167805
0.495332
0.027709
0.391423
0.075863
-0.537340
-0.003105
0.687771
-0.390413
-0.314789
-0.226232
-0.014395
0.214114
-0.030180
0.143296
-0.101844
-0.091846
0.157377
-0.132913
0.536183
0.014820
-0.479838
-0.303854
-0.262944
0.148443
-0.062675
0.207131
-0.133900
0.392109
-0.023684
0.258977
-0.110112
-0.049227
-0.100734
0.052434
0.391850
-0.100935
-0.274616
-0.010932
0.220665
-0.044003
0.168329
0.122233
-0.001561
-0.339882
0.301139
0.404033
-0.218877
0.363079
0.269476
-0.288871
-0.335036
-0.205316
0.669516
0.418529
-0.170860
-0.443448
0.201143
0.051478
-0.061711
-0.307977
-0.314894
-0.109819
-0.191965
0.129755
-0.428182
0.155354
0.385459
-0.087867
-0.115846
0.079530
-0.012604
-0.123469
0.320552
0.594696
0.107504
0.272053
-0.331897
-0.113699
0.292607
0.606380
0.423855
0.419106
-0.193277
-0.185852
0.054740
-0.103695
-0.209030
0.159877
0.340797
0.326546
0.207303
-0.083196
-0.000349
-0.363745
0.830043
0.058269
-0.067202
0.081652
0.058277
0.374504
-0.088306
-0.081368
-0.176364
-0.220702
0.212494
0.152396
-0.285291
0.524951
-0.185247
0.113793
-0.260417
0.591751
0.230241
-0.199826
-0.715716
-0.184913
-0.472515
0.144716
-0.448093
-0.302732
0.043651
0.285020
0.102750
0.235636
0.195230
-0.265685
0.231578
0.102264
-0.382978
-0.699634
0.269601
0.077889
0.245280
0.426459
-0.381554
-0.010921
0.554534
-0.235984
-0.295360
0.060741
0.018833
-0.052087
0.248264
0.272623
0.162649
-0.336458
-0.201015
0.327852
0.179029
-0.532778
-0.008158
-0.275627
0.017476
0.145876
0.097004
-0.234443
-0.117368
0.142752
0.676984
0.112699
0.192315
-0.514789
0.038557
0.448707
-0.182185
-0.066406
-0.125599
0.234568
-0.309026
0.038320
0.053530
0.072453
0.355664
0.046324
-0.463518
-0.593212
0.463539
0.447145
-0.199471
0.332705
0.122746
-0.305956
-0.557920
-0.389572
-0.277123
-0.302009
-0.000851
-0.878716
0.290526
-0.661828
-0.325452
0.143799
0.152818
-0.003590
0.293226
-0.098941
-0.270821
0.088642
-0.048815
-0.181963
-0.067060
-0.058201
0.073491
0.281671
0.301300
0.278057
0.183803
-0.481358
-0.149727
-0.271995
0.535496
0.038404
-0.162843
-0.226048
0.027476
0.362318
0.455575
-0.127443
-0.537915
-0.328400
-0.078465
-0.397250
0.123191
0.398990
-0.037298
0.114941
0.089206
0.049246
-0.206789
0.161070
-0.500320
0.002844
-0.020096
-0.399589
-0.023549
-0.359389
0.043921
0.143597
-0.647607
-0.290305
0.031384
0.205264
0.402350
-0.050027
0.394623
-0.084313
-0.228073
-0.443435
0.155516
0.016504
-0.372482
0.060671
0.086352
0.202658
0.023211
0.218142
0.134670
-0.274586
-0.419556
-0.312117
0.073200
0.058412
-0.275642
0.378643
0.644059
-0.165380
-0.057649
0.120711
-0.426865
0.285222
-0.138421
0.271157
0.432787
-0.345562
-0.078011
-0.053803
-0.240803
-0.123408
-0.458642
0.140446
-0.057739
0.004735
-0.623996
-0.160933
-0.076419
-0.527650
0.221021
0.037435
0.380671
-0.183881
-0.010717
0.091784
0.014419
0.254725
0.332014
-0.285896
-0.213955
-0.149092
0.105236
0.194230
-0.318488
0.096692
-0.137308
0.027288
-0.126353
0.364038
-0.292677
-0.462022
0.239469
-0.250670
0.320261
-0.173247
-0.338451
0.288157
-0.452678
-0.468554
0.596689
0.128416
0.507782
-0.327963
0.397459
-0.214347
-0.117390
0.203172
0.090327
0.619393
-0.112081
0.261944
-0.333618
-0.256868
0.296180
0.065774
-0.066724
-0.075478
-0.608714
-0.478235
-0.277198
-0.055533
0.348390
-0.029427
0.121936
-0.243062
0.209874
-0.109496
0.047107
0.131442
-0.155572
0.155276
0.435559
0.046607
0.494637
0.237609
0.359257
-0.150145
0.056600
-0.818598
-0.009208
-0.706461
-0.236146
-0.551746
-0.299084
0.069972
-0.044565
-0.359088
0.215817
0.555044
-0.524680
0.034227
0.723813
0.081537
-0.207754
0.130100
-0.155668
0.082649
0.477651
0.291459
-0.105528
-0.372988
0.351800
0.224070
0.417261
0.667964
0.354020
-0.058758
-0.075631
-0.681070
-0.274324
-0.057004
0.372322
0.216913
-0.071411
-0.036566
-0.267745
-0.163691
-0.264960
0.399142
0.331871
0.409524
-0.557635
0.120018
-0.699029
-0.176955
-0.197640
-0.109479
0.261355
-0.237494
-0.013547
-0.146776
0.191237
-0.396039
0.177624
-0.182630
-0.032595
-0.405527
-0.004287
-0.398421
-0.073436
-0.420412
-0.238595
0.136161
-0.133271
-0.372403
-0.041067
0.225940
0.009057
0.640314
-0.015728
0.217555
0.126027
0.102847
-0.374562
0.538561
0.120823
0.283629
0.330396
-0.014436
-0.075007
-0.222233
-0.019769
-0.275678
0.013128
0.643378
0.140104
-0.363245
-0.094338
0.150141
-0.081364
0.409153
0.511198
-0.582766
0.359418
0.350494
-0.097460
0.187744
-0.250908
0.107798
-0.258952
0.173367
0.123571
0.631234
0.323243
0.269903
0.107084
-0.044659
-0.403362
0.067068
0.262373
-0.026062
-0.574830
-0.021445
0.052542
-0.285696
0.082482
0.319444
0.373754
-0.124951
-0.011904
0.073524
-0.057375
-0.351468
-0.236390
0.228934
-0.303103
-0.021142
0.157556
0.004220
-0.091414
0.008436
-0.576297
-0.054823
-0.249223
0.261582
0.205067
-0.359005
0.216911
0.110796
0.307174
-0.146116
0.049841
-0.224093
0.000829
0.225468
-0.134140
0.489832
-0.141749
0.445895
-0.080824
0.287126
-0.512896
0.336610
0.089821
0.181458
0.391384
-0.059526
0.157453
0.122895
0.276793
0.015928
0.074784
-0.032243
-0.278216
-0.030775
-0.488683
-0.805565
-0.725079
-0.270405
0.076497
0.182354
0.088306
0.329043
0.078021
0.058310
0.199918
0.154794
0.257034
-0.665729
-0.215298
-0.500684
-0.241274
0.031538
0.301979
0.088448
-0.178763
0.187593
-0.152635
0.564898
0.528142
-0.555425
-0.735707
0.379711
0.331658
0.119482
0.487450
-0.155632
-0.101196
0.115606
-0.005485
0.039994
-0.402309
0.063141
0.312461
0.586697
0.437634
-0.861966
0.193747
-0.031792
-0.322260
0.645731
-0.414398
-0.618499
-0.329488
-0.169769
0.188788
0.602595
-0.258991
0.141715
-0.231957
-0.659167
0.237392
0.039320
0.449062
0.445131
0.564026
-0.206180
0.267989
-0.263111
-0.164407
0.408691
0.132677
0.074856
-0.574974
-0.001146
0.314096
-0.005195
-0.061537
-0.018777
-0.137589
-0.583746
-0.700365
0.058186
0.129141
-0.248922
-0.110472
0.158777
-0.091362
0.312236
0.158421
0.191370
0.011359
-0.014692
-0.220638
0.137025
-0.017001
0.295769
-0.239998
-0.417135
-0.349586
-0.034220
-0.167154
0.083539
-0.232961
-0.085495
0.188535
-0.441491
-0.791274
-0.478222
0.174794
0.328988
-0.014639
-0.058809
-0.301522
-0.431696
-0.631567
0.196026
0.146154
-0.348245
0.230903
0.237680
0.181366
0.304859
-0.154104
0.215633
0.320716
-0.313018
-0.508482
-0.280840
0.303082
0.380212
-0.072073
0.431763
-0.067480
0.135768
0.010284
0.586935
-0.315534
-0.117863
0.277652
0.371545
0.422825
0.098054
0.074080
-0.582130
-0.455009
-0.152971
-0.445781
0.506703
-0.051109
-0.083109
0.266371
0.145900
-0.384825
0.471946
-0.121096
-0.431943
0.282063
0.150872
0.331574
-0.220352
0.038633
-0.209696
-0.442900
-0.592615
-0.320702
0.013563
-0.308275
-0.241189
-0.057082
-0.291214
-0.170142
0.221984
0.433762
0.101341
0.192019
0.044599
-0.284314
-0.407454
0.006376
-0.375393
-0.031880
0.504782
-0.479811
-0.745367
-0.363768
-0.137481
0.020408
-0.140223
0.251771
-0.386966
0.173447
0.292327
0.298351
-0.071666
-0.071092
0.026730
-0.074733
0.347670
-0.118451
0.010304
-0.054437
-0.202408
0.160832
0.393228
-0.347253
-0.108048
0.327794
-0.128910
-0.020521
0.526251
0.784435
-0.350378
-0.114360
-0.311599
-0.248646
-0.179793
-0.454480
-0.688729
0.090649
0.058379
0.101613
-0.323605
-0.242013
0.082950
-0.038960
-0.142295
0.230658
-0.030902
0.031212
0.154813
0.818739
0.437874
0.272010
-0.102928
0.286313
0.438701
-0.380335
0.008544
-0.119334
0.047289
-0.425467
-0.304166
-0.037674
0.294886
-0.027478
0.005233
-0.207365
-0.457698
0.301789
-1.047361
-0.029280
0.321887
-0.279807
0.067763
0.192088
0.071179
0.205171
-0.401791
0.432773
-0.458701
-0.241482
-0.037314
-0.248715
0.192400
0.087560
0.040519
0.119230
0.920435
-0.210257
-0.380245
-0.128497
-0.742930
-0.020591
0.228873
-0.428259
0.314782
0.006950
0.082873
0.406893
-0.374293
0.073361
-0.259599
-0.052463
-0.500843
0.232382
-0.126167
-0.226353
-0.124427
0.282213
0.256667
-0.184098
-0.376496
0.092409
-0.042036
0.071716
0.110646
0.247740
0.353533
-0.137052
-0.466019
-0.339894
0.265311
-0.925276
0.121504
-0.068872
-0.263332
-0.080964
-0.322417
-0.459908
0.071341
0.046581
-0.192686
0.118806
0.003853
-0.014573
0.189377
-0.187771
0.271589
0.277758
-0.386357
0.626408
0.255546
0.118862
-0.043497
0.422051
-0.243048
0.137599
0.002546
-0.746723
-0.221646
0.033438
0.031046
-0.152351
-0.742149
0.231270
-0.489654
-0.309781
-0.632255
-0.227908
0.273612
-0.151514
-0.227650
0.239838
-0.076127
-0.216308
0.206178
0.090940
-0.027447
-0.108609
0.318011
0.302756
-0.337693
-0.578805
0.035232
-0.751616
0.305530
-0.449003
0.025468
0.383426
-0.068662
0.170649
-0.290845
-0.184894
-0.326149
0.077439
-0.198629
0.551792
0.072218
-0.313263
0.275738
0.392532
-0.189650
-0.557614
0.398142
0.027820
0.142331
-0.111365
0.002446
0.273416
-0.124958
0.425473
0.247980
-0.786467
-0.166506
-0.067579
0.238913
-0.021700
-0.082730
0.858544
0.456591
0.415298
-0.197044
0.083753
-0.413812
0.070952
0.417746
-0.158438
0.156723
-0.031304
0.105876
0.345216
-0.264707
0.412134
0.042314
0.832354
0.281747
0.756384
-0.400817
0.051782
0.212716
0.265666
-0.149846
-0.018332
0.275118
-0.346750
0.342934
0.082830
-0.175748
0.410985
-0.762702
-0.300565
-0.066136
0.395628
-0.401582
0.045050
-0.617060
0.055646
-0.073761
-0.638994
0.113214
0.212489
0.062689
-0.053957
-0.266232
-0.425382
0.357336
0.669963
0.042434
-0.352094
-0.226918
-0.091877
-0.235154
0.336649
0.392213
0.318476
0.166935
0.283669
-0.450603
-0.267662
0.426400
-0.182144
-0.000242
-0.183982
-0.148187
0.202348
0.458935
-0.422770
0.257369
0.086713
-0.184375
0.179611
-0.055604
-0.132000
-0.485762
0.677033
-0.439612
0.030815
0.160128
0.102985
-0.416371
0.499618
-0.071922
-0.315152
-0.253811
0.536227
0.778119
0.377765
-0.482375
-0.510222
-0.222346
0.330915
0.052132
-0.033831
-0.033299
-0.121741
-0.156794
1.021665
0.241231
-0.007817
0.141235
0.187209
0.235342
-0.047702
-0.498713
-0.086532
0.420790
0.420579
0.029649
-0.323190
-0.108113
0.475300
-0.819260
0.190559
0.401800
0.198113
-0.195258
0.413808
-0.151169
-0.003199
-0.001890
-0.368478
-0.465383
0.183337
-0.265635
-0.328255
-0.181245
0.216349
0.460728
-0.415405
0.330489
0.231235
0.035647
-0.262540
0.582052
-0.449861
0.172104
-0.159264
-0.554984
-0.145385
0.238877
-0.633791
-0.380682
-0.021203
-0.016302
-0.012659
-0.062038
-0.726563
-0.164928
0.787994
-0.198538
0.108855
-0.150767
0.511891
-0.093917
0.007911
-0.253249
-0.798466
0.050343
0.733347
-0.213390
0.040490
-0.162244
0.330537
-0.070067
0.406216
-0.210371
0.116605
0.155505
0.134304
0.266618
-0.282290
-0.443388
0.257658
0.196284
0.356993
-0.306627
-0.371751
-0.176015
0.193119
-0.158289
0.222312
-0.012673
-0.215484
-0.208923
-0.209013
-0.253398
-0.107073
-0.381329
0.287693
0.199726
0.148683
0.111832
0.284642
0.081328
-0.530412
0.660903
-0.288084
-0.232510
0.333806
-0.031252
-0.031161
0.410423
-0.142576
0.268857
-0.175613
0.157763
-0.387590
0.228247
0.000154
0.326744
-0.659770
-0.198073
0.007570
0.103212
0.353686
0.089474
0.313465
-0.064734
-0.418015
-0.610020
-0.020084
0.433009
0.166189
-0.027191
-0.613279
0.107363
-0.287011
0.367539
0.189464
-0.458843
0.047220
0.173613
0.072427
0.633564
-0.404043
0.203404
0.103683
-0.231980
0.703411
-0.444860
0.196139
-0.333064
-0.223998
0.274844
0.291723
-0.038638
-0.084908
0.385659
0.323049
-0.055039
-0.550413
-0.138277
-0.372545
0.213948
0.191309
-0.232302
0.022052
0.499122
-0.049760
0.054084
0.038271
-0.068204
