0.397695
-0.347522
-0.181869
-0.154226
-0.227806
0.192770
-0.254824
0.239860
0.033444
0.264252
-0.035686
0.019029
0.096079
-0.513232
-0.020721
0.114454
0.041477
0.212606
0.049185
0.134985
0.240257
-0.283237
0.203543
-0.443156
0.196301
-0.204911
0.191138
0.222103
0.122761
0.173718
-0.052659
0.426530
-0.427638
-0.168208
-0.614073
-0.146246
-0.011163
0.187291
-0.076799
0.155058
-0.288559
-0.198977
-0.385424
-0.601104
0.260947
-0.413486
-0.193371
-0.157574
-0.446217
-0.026407
-0.274230
-0.112580
0.656735
0.182752
-0.187856
-0.076100
-0.102298
0.312633
0.207840
-0.027988
0.331939
-0.216014
-0.075058
0.158072
-0.118340
-0.064728
-0.371397
-0.072099
0.076052
-0.236557
0.011154
-0.186593
-0.500569
-0.303507
0.248951
-0.100309
-0.134581
-0.132127
0.039764
-0.252345
0.093990
-0.106986
-0.393916
-0.101847
0.556820
0.128923
0.234975
0.151704
0.336592
-0.396125
-0.100215
-0.137634
-0.637397
-0.126883
0.341159
0.052027
0.157627
0.331165
0.004165
-0.129866
-0.290085
-0.228749
0.319559
0.322767
-0.096822
-0.184597
-0.521487
0.397699
-0.031354
-0.656319
0.246766
-0.312876
-0.709738
0.073299
0.095042
-0.664643
0.501302
0.429350
0.491242
-0.793388
0.035370
-0.213241
0.110972
-0.123963
0.457992
0.246483
0.511441
0.015280
-0.299045
-0.299355
0.074737
-0.230204
0.128023
-0.110224
-0.260921
-0.333144
0.031791
-0.119243
-0.237484
-0.145001
-0.074669
0.011790
0.161943
0.098955
-0.252531
-0.130361
0.427872
0.375420
0.132247
-0.583738
0.206660
0.106534
-0.007559
0.398638
0.118717
0.128039
-0.070590
-0.565356
0.428411
0.044913
0.317337
0.327675
-0.177260
0.554106
0.002470
-0.373898
0.077596
-0.172574
-0.197500
0.055028
-0.217129
0.106611
-0.281148
0.112082
0.026646
-0.251825
-0.034642
0.130084
0.027149
-0.245387
0.045705
0.796085
0.424585
-0.216328
0.502115
0.211986
0.057783
0.038235
0.232628
0.328883
-0.273186
-0.131953
0.280306
0.344982
-0.125603
0.384710
-0.199872
0.617180
-0.410257
0.294535
0.189597
0.281074
-0.471275
-0.260800
0.460266
0.106307
-0.259285
-0.308231
0.004514
0.069854
0.158689
0.480368
0.177557
-0.462399
0.137293
-0.297450
0.423475
-0.379868
-0.039742
-0.412185
0.121783
0.023297
-0.080617
-0.368808
0.201421
0.343158
-0.179681
0.294913
0.219061
-0.186274
0.244849
-0.100364
-0.420763
0.036647
0.178100
-0.182413
-0.313597
0.568049
0.053948
0.023511
0.262702
0.016266
-0.160392
0.008783
-0.098073
0.226415
0.145946
0.248346
0.196176
-0.853576
0.108841
-0.204845
0.241366
0.325328
0.038127
-0.093038
-0.116820
-0.286233
0.363755
0.147097
-0.042142
0.435080
0.089710
0.433590
-0.251216
0.038585
0.337963
-0.051251
0.056171
0.347871
-0.168984
-0.252960
-0.340051
-0.085711
-0.021767
0.089854
0.058217
0.127839
0.233862
0.048990
0.448127
-0.053319
-0.575747
-0.073833
0.185649
0.063892
0.348406
0.146710
-0.031873
0.092014
-0.290826
-0.160422
0.060375
-0.854543
-0.104160
0.204014
0.237997
0.407129
0.321295
0.528184
-0.098743
-0.200964
-0.403580
-0.130333
-0.138788
0.210140
0.036719
0.580044
0.246326
0.447423
0.433476
-0.111573
-0.575219
-0.278187
0.164144
-0.234464
0.054223
0.528211
0.003745
-0.530036
-0.014050
-0.078819
-0.079065
0.076317
0.365256
0.484674
-0.023833
0.255866
-0.258889
0.136841
-0.213183
-0.131191
-0.419858
0.151838
-0.213291
0.367023
-0.178647
-0.058968
-0.274038
0.553861
0.110671
-0.077852
-0.279854
0.299029
-0.796869
0.383152
0.638347
0.256388
-0.279978
-0.154232
0.427215
-0.114444
-0.258924
0.290322
-0.255941
-0.366507
0.153786
-0.024584
0.383841
-0.114540
-0.254632
0.035618
-0.238010
0.071966
0.589864
-0.240821
0.289157
-0.096342
-0.274213
-0.146777
0.132152
0.328988
-0.151814
0.328787
-0.321039
0.187071
0.449725
-0.232719
0.034591
-0.255335
-0.133367
-0.292553
-0.346172
0.507148
0.130650
0.091948
-0.300650
-0.547839
-0.097986
0.207013
0.166548
0.151846
0.555293
0.392285
0.054633
0.357887
0.628960
-0.167083
-0.001175
0.178839
0.030934
-0.052151
0.304760
0.749129
0.215227
-0.046064
0.395023
-0.017970
-0.239673
0.348077
0.146297
0.207479
-0.012070
-0.080951
-0.110747
-0.153490
0.405244
-0.044298
0.005863
-0.477659
-0.005104
0.300481
-0.661533
0.644477
0.529419
-0.224263
0.315312
-0.312369
-0.420850
-0.261092
-0.012389
0.630535
-0.338270
-0.180977
0.267981
0.367937
-0.189349
-0.178844
0.269941
0.387625
-0.769587
0.434348
-0.315519
0.615862
-0.001350
0.187481
0.504345
-0.051010
-0.501133
0.117971
0.375687
0.309449
0.233739
-0.169979
0.023964
-0.012187
-0.009888
0.046655
0.476323
0.245329
0.309625
-0.083916
0.134920
0.245075
-0.112263
0.568288
-0.504862
0.782488
0.104780
0.341134
0.139184
0.088286
0.216769
-0.028554
-0.088111
0.587589
0.085773
-0.058409
-0.160911
0.162495
-0.596806
0.544052
0.140592
-0.219271
0.073443
-0.098456
-0.183955
0.425496
0.057523
-0.251515
-0.255843
0.832596
0.272483
-0.242681
-0.245696
0.025746
-0.012947
-0.011780
0.449242
0.076070
-0.219870
-0.250548
0.309596
0.073988
-0.294946
-0.094171
0.526593
0.183633
0.302042
0.203101
-0.003045
-0.211408
0.061217
0.269196
0.137162
0.482341
0.221447
0.312124
0.387922
0.064081
0.006606
0.108780
-0.023842
0.097106
0.463568
0.065626
0.013705
-0.519056
0.086222
0.373814
0.385860
0.220279
0.098098
-0.180109
0.034217
-0.542946
-0.119242
-0.178211
0.059397
0.410479
0.099944
0.174362
-0.257629
0.083093
0.185376
-0.312208
-0.215596
0.057780
-0.477921
0.431834
-0.521006
-0.037376
0.025383
0.416023
-0.180908
-0.351124
-0.073630
0.549093
-0.025630
-0.094203
0.214904
-0.351173
0.276359
-0.404297
0.177818
-0.437927
0.101344
-0.060705
0.335580
0.214071
0.194095
-0.385732
0.595685
-0.254011
-0.492265
-0.300930
0.128102
0.564812
0.166962
0.013298
0.039508
-0.737165
0.350278
-0.234189
0.474995
0.021519
-0.073998
-0.133108
-0.090303
0.158039
-0.392522
-0.028751
-0.399707
-0.186666
-0.208186
-0.261966
-0.397492
0.203947
0.053383
-0.336089
0.000704
-0.712814
-0.006040
0.382615
0.491588
0.254837
-0.407567
-0.430404
-0.108656
-0.276509
-0.159190
-0.206002
-0.097627
0.041368
0.256160
0.101345
0.077205
0.198641
0.007918
-0.329641
-0.281768
-0.053474
0.099031
0.474114
0.020762
-0.506372
-0.520087
0.088300
-0.232434
0.140126
0.094109
-0.134216
0.619814
-0.113833
0.147389
-0.159249
-0.097656
0.349231
0.022510
0.291469
0.244777
0.113602
-0.113947
0.135697
0.313619
-0.181336
0.454312
-0.066146
-0.202229
-0.343565
-0.076827
0.079926
0.321200
-0.177499
-0.231448
-0.627985
-0.116268
-0.208130
0.493001
-0.259057
-0.463392
-0.432839
0.499855
0.073165
0.187607
-0.196663
-0.318742
-0.135340
-0.290565
-0.208123
-0.201568
-0.194563
0.116222
-0.749614
0.518198
0.144604
0.351226
-0.369799
0.251589
0.300777
-0.167503
-0.134157
-0.346899
-0.094767
0.096916
0.326461
0.006200
0.313536
-0.174673
-0.383627
-0.006435
-0.215114
0.381935
-0.259458
0.167515
-0.174281
-0.068227
-0.169348
-0.267645
-0.001703
-0.254301
0.300347
-0.041147
-0.213880
-0.061701
-0.339623
0.205385
0.260898
-0.227429
-0.714960
0.391069
-0.198055
-0.203684
0.708686
-0.037752
0.240840
-0.314850
-0.249988
0.368494
-0.326160
-0.430854
0.105874
0.040166
-0.133102
-0.212661
-0.323330
-0.660147
0.492213
0.245020
-0.406375
0.126826
-0.366449
0.127881
-0.154681
0.742716
0.055350
-0.172794
-0.341133
0.041547
-0.162219
-0.314675
-0.243970
0.136822
0.347891
-0.490004
0.114709
0.270613
0.231106
-0.017513
-0.319981
0.412465
0.051427
0.269127
0.003723
-0.050300
0.310168
0.083606
-0.280675
0.093597
0.031842
-0.341286
-0.304500
-0.605020
0.438686
-0.692469
-0.132659
0.024069
-0.001360
-0.423362
0.114481
0.217401
0.196203
0.013737
0.092289
0.324515
-0.041909
-0.078603
0.409136
0.175092
-0.028397
0.197464
0.140800
0.653595
0.111029
-0.357156
0.121545
-0.234044
-0.408194
-0.709162
-0.073734
-0.180118
-0.648487
-0.446708
-0.493252
-0.026395
-0.340155
-0.261084
0.409087
0.381822
-0.006304
0.053687
-0.241173
0.020084
0.199270
0.107212
0.462063
0.283175
0.024535
-0.061517
0.014978
0.091099
-0.014399
0.315733
0.008267
0.531365
-0.414776
-0.191732
0.001285
-0.007525
-0.432886
0.052008
-0.551119
0.032288
0.162917
-0.030167
-0.131930
-0.019605
0.382176
-0.232037
0.472980
0.125870
0.587300
0.333081
-0.227933
0.575183
0.326159
0.260419
-0.337314
-0.410354
-0.169597
-0.135141
-0.118429
0.079053
0.344299
-0.159586
0.243051
0.829167
-0.136972
-0.062167
0.372359
0.132183
0.293571
-0.168660
0.234975
0.180141
0.207211
-0.063838
-0.206343
-0.219633
0.159420
-0.176576
0.115066
-0.263059
-0.323325
0.053502
-0.043479
-0.141821
-0.416471
0.622712
0.487331
0.250492
-0.279531
0.343591
-0.178547
0.377410
-0.043588
0.249449
-0.406530
-0.136708
-0.348262
0.057874
0.039152
-0.238657
0.069097
0.387771
-0.095250
0.147960
0.112682
-0.015776
-0.113134
0.437891
0.066855
0.165352
0.363030
0.229970
-0.130613
-0.187540
0.533747
0.077279
-0.120443
0.248590
-0.234147
-0.463026
-0.174645
-0.569170
-0.103509
-0.047690
0.153543
-0.100982
-0.569986
-0.096449
0.267316
0.255695
-0.110884
-0.186994
-0.139607
-0.129782
0.591892
-0.251630
0.226047
-0.468387
0.047093
-0.451901
-0.017168
-0.231144
0.065397
-0.343748
-0.052437
0.347531
-0.304709
0.228490
-0.408385
0.441043
0.363316
0.303980
-0.012585
-0.081339
-0.425024
0.577793
0.268306
-0.430848
-0.373279
-0.200539
-0.342191
0.203887
0.062129
0.039438
0.091618
-0.164599
0.026469
0.349989
0.365573
-0.068680
0.259385
0.437136
0.106780
-0.139136
0.264306
-0.110693
0.053722
-0.239745
-0.016955
-0.144751
0.151891
-0.238109
-0.377375
-0.448599
-0.237733
0.092104
-0.096756
-0.091140
-0.363914
0.266859
-0.241981
0.048408
0.090546
0.368421
-0.336516
-0.167012
0.312160
0.466902
-0.001492
0.809645
-0.018161
-0.036964
-0.054688
0.135495
-0.044044
-0.350471
-0.040366
0.359791
0.150791
0.311526
0.224242
-0.915738
-0.216661
0.206630
0.145612
-0.100082
-0.767669
0.136981
-0.153715
0.146576
0.472804
-0.577474
-0.083479
-0.274587
0.235582
-0.039520
-0.001742
-0.147934
0.107424
-0.401661
-0.030205
0.399323
-0.033043
-0.060876
-0.127683
-0.127210
-0.442714
0.239376
-0.085348
-0.229718
0.194947
0.326502
0.087064
0.016054
-0.029755
0.121172
0.459854
-0.062859
0.540021
-0.095352
0.305123
-0.251711
0.035441
-0.053226
0.207145
1.066478
-0.491226
0.143609
0.057092
0.330215
-0.245553
-0.168796
0.078373
-0.127531
0.145810
-0.188803
-0.349832
0.184686
0.241789
0.105540
-0.197838
0.131199
-0.213876
-0.041382
-0.328116
-0.358424
-0.330396
0.042369
-0.447115
0.050367
0.389883
-0.261537
-0.220094
-0.046600
-0.054825
0.016965
0.037655
-0.092231
0.172304
0.063908
0.271362
-0.028560
-0.155650
-0.142461
0.048111
0.008894
0.105235
-0.460806
0.279138
0.115955
-0.013930
0.168878
0.074194
-0.414915
-0.334541
-0.429958
-0.561510
0.052466
-0.532626
-0.039218
-0.159146
0.524042
0.048672
0.048476
-0.127779
-0.148709
-0.446275
0.067717
0.061610
0.176829
-0.506348
-0.037848
-0.010996
0.429520
0.339898
0.702310
-0.177504
-0.514552
-0.009213
-0.089587
-0.037525
0.038109
0.276397
-0.006391
0.223671
0.318001
0.391533
-0.285826
-0.287106
-0.105742
0.111831
-0.040831
0.228925
-0.613487
-0.100580
-0.131930
0.413477
0.734012
-0.536831
0.047003
-0.160066
-0.223417
0.241418
-0.236286
-0.255428
0.322542
0.378804
0.107416
-0.330621
0.408325
0.291454
-0.083213
-0.087111
-0.171547
-0.085735
-0.141098
0.120312
0.258408
0.002568
-0.557919
-0.075944
-0.202720
-0.058199
0.207781
-0.271676
-0.189601
0.372126
-0.122482
-0.203693
-0.331241
-0.124855
-0.458051
0.068547
0.097261
-0.173336
-0.120762
-0.356948
-0.058942
-0.341431
0.014823
0.346870
0.043490
0.133961
-0.128701
0.273098
0.293549
-0.421993
0.553151
-0.204772
-0.177136
-0.073285
0.460760
-0.684897
-0.237728
0.257015
0.368449
-0.099591
0.623696
0.387543
-0.309049
0.088924
-0.125653
-0.152875
-0.337749
0.008650
-0.007930
-0.110866
0.431943
-0.509092
0.295376
-0.065546
-0.334548
0.485799
-0.273274
0.183862
-0.596756
-0.259037
-0.130399
-0.113398
-0.073164
0.199666
0.665724
0.048897
-0.457399
-0.092733
-0.719819
0.329112
-0.289177
0.088208
0.169239
-0.060494
-0.063878
0.235002
0.226818
0.017208
-0.361663
-0.682861
0.390253
-0.031277
-0.146586
-0.074626
-0.338562
0.112919
-0.202536
-0.501545
0.319889
0.259543
-0.567568
0.115817
0.454367
0.245041
-0.177964
-0.088736
-0.232975
0.234822
0.243627
-0.024644
0.225752
0.280164
-0.086074
-0.753225
-0.046323
-0.274487
-0.001805
-0.142851
0.007817
0.303006
0.192514
-0.083773
-0.387420
0.260117
-0.690041
-0.165210
-0.387683
-0.493622
0.201617
0.111060
0.340012
-0.008790
0.091165
-0.188203
0.021477
0.040431
0.241572
-0.245095
-0.520430
-0.156716
-0.026283
0.748739
0.004673
-0.403234
-0.121291
-0.894619
0.225066
-0.113922
-0.181849
0.517086
0.203363
-0.030485
-0.253486
0.060821
-0.283084
-0.242895
0.242452
-0.081783
0.137698
-0.035390
-0.108276
0.169782
-0.085886
-0.446544
-0.239645
0.019026
-0.029960
-0.057733
-0.277198
-0.456421
0.077730
0.252384
-0.368841
-0.097539
-0.123386
0.228005
0.344781
-0.073248
-0.352972
-0.040249
-0.043148
-0.294891
0.347017
0.222656
-0.295828
-0.536078
-0.226598
0.014916
0.023217
-0.133527
-0.296848
-0.266042
0.834155
0.233250
0.106809
0.403970
-0.394481
-0.235847
-0.477935
-0.255655
0.114536
-0.181564
0.608106
-0.074135
0.581963
-0.372717
0.050861
-0.419850
0.327804
-0.279505
0.345908
-0.531379
-0.206432
-0.883740
0.060147
0.003923
-0.286644
0.241153
0.087205
-0.117532
-0.060590
0.324648
-0.222523
0.089357
0.144241
-0.134005
-0.484255
0.172526
0.264661
-0.034801
-0.072833
-0.168286
-0.546254
0.143611
0.019126
-0.118054
0.194887
0.200068
-0.410901
0.081493
0.061203
-0.242103
-0.140113
0.301463
0.519354
-0.389729
0.111796
-0.191699
0.116195
-0.011207
0.001510
0.036456
0.096123
0.252934
-0.221159
-0.275396
0.296845
-0.117313
0.188507
0.263776
0.015004
-0.412478
0.064636
0.183808
0.358063
0.358165
0.177821
0.441748
-0.271688
0.006820
0.120877
0.164751
0.206201
0.219893
-0.101733
-0.155994
-0.389316
-0.068928
-0.100928
-0.025869
-0.458833
-0.051323
0.265757
0.491983
0.123759
-0.030765
-0.561148
0.174622
0.284353
0.284675
0.209984
-0.080708
-0.159453
0.189267
0.010911
0.746259
0.328053
0.164523
-0.008493
0.149206
-0.054498
0.117675
-0.525596
0.241633
0.023209
0.408624
0.410239
0.651452
-0.092780
-0.069407
0.120546
0.101228
-0.210496
0.512968
0.205398
-0.178522
0.313081
-0.183326
0.189547
0.224922
0.523887
0.269762
0.503471
0.129228
0.245585
-0.216401
-0.271987
-0.124978
0.090233
-0.087521
0.192663
-0.463117
0.436426
0.045936
0.132827
-0.044738
0.304223
-0.451256
-0.331631
0.393436
-0.021392
0.297788
-0.387396
-0.140203
-0.087473
-0.176931
0.169042
-0.414784
0.394764
-0.062030
0.515477
-0.161919
0.161140
0.013865
-0.302241
-0.326433
0.394806
0.025326
-0.130219
0.435050
-0.030065
-0.023598
-0.263299
0.116160
0.118998
-0.062887
-0.184211
-0.074554
0.056933
-0.060009
0.460577
0.025565
0.109952
0.021354
0.381217
0.089856
0.291427
0.372863
0.359422
-0.462769
-0.622599
0.296756
0.059131
0.453838
0.545414
0.228739
-0.130737
-0.358199
0.327247
0.453673
0.169934
0.227773
0.231699
0.264300
-0.106254
0.086656
0.137447
-0.105401
0.113497
0.085981
-0.575154
-0.418057
-0.063251
-0.380368
0.561343
0.211754
-0.289216
0.563555
0.074476
-0.179380
0.130546
0.215489
-0.386498
-0.043619
0.140964
0.209581
-0.207971
-0.523526
-0.197487
0.013571
-0.242361
-0.021433
-0.445285
0.150467
0.330314
-0.014302
-0.484448
0.831519
-0.308476
0.138188
0.106767
-0.104638
0.438557
0.293157
-0.292310
-0.138314
0.647476
-0.401649
-0.375910
-0.164616
-0.155458
-0.121290
0.097980
0.097220
-0.104710
0.081802
0.156790
-0.263015
0.260482
-0.355897
-0.213952
-0.001981
-0.410811
-0.204249
-0.283359
-0.101479
-0.370517
-0.037118
-0.052250
0.111213
-0.201769
-0.112723
-0.219737
0.289239
-0.573670
-0.304317
-0.208789
-0.533886
-0.324767
0.160041
-0.133545
0.027710
0.379880
-0.275575
0.130418
-0.030405
0.288759
0.159102
0.039539
-0.018724
-0.159945
0.180635
0.087967
0.252882
0.443657
-0.100132
0.042723
0.207524
0.065347
0.029047
0.150170
0.424716
-0.320324
0.141849
-0.036303
-0.221532
0.011001
-0.060370
-0.421295
-0.506446
-0.006977
-0.781762
-0.343468
-0.286569
-0.382651
-0.399747
-0.949194
-0.804896
-0.287879
-0.263023
-0.496552
-0.805341
-0.168047
-0.295272
-0.587327
-0.322459
0.246102
-0.556324
-0.141024
-0.860197
0.249509
-0.012058
0.465934
0.545472
-0.188740
0.663945
0.220346
0.434108
0.347890
1.143966
0.253437
0.824342
1.048831
0.620861
0.125337
0.019958
0.880193
0.022670
-0.124423
0.004851
0.428110
0.817040
0.228918
0.150313
0.371947
0.321666
0.327740
0.092052
-0.099808
-0.018600
0.026463
-0.400800
-0.666108
-0.406716
-0.658149
-0.250639
-0.141160
-0.758825
-0.907397
-0.520814
-0.514154
0.066262
-0.556617
-0.259951
-0.230478
-0.105054
-0.558782
-0.170235
-0.497946
-0.304169
-0.286694
0.868100
0.323288
-0.148107
-0.425023
-0.047373
-0.056441
-0.348249
0.431153
0.373346
0.636035
-0.385659
0.122366
-0.058362
-0.414406
0.042881
0.050763
-0.075139
-0.074301
0.279689
-1.027211
-0.416837
0.595224
0.691544
-0.159581
0.246876
-0.120985
-0.189614
-0.670730
0.230823
0.160686
0.501664
-0.142256
0.592321
-0.201381
-0.153572
0.226396
0.027410
-0.106190
-0.137072
-0.081165
-0.341581
0.317548
0.136492
-0.003219
0.322912
0.379006
0.322198
0.390004
0.194767
-0.518526
-0.187324
0.421132
-0.302653
0.056229
-0.147059
-0.175375
-0.415449
0.284467
0.481215
-0.267398
-0.827500
-0.249840
0.111238
0.305686
-0.014754
-0.526484
0.099717
0.037407
-0.438670
0.000263
-0.039574
0.008476
-0.219335
0.605700
-0.757714
-0.105101
0.137778
-0.212061
0.315792
-0.229731
0.205390
-0.127885
-0.079911
-0.055177
0.501909
0.299654
-0.199785
0.267548
-0.149431
0.194815
-0.472801
-0.108809
-0.386031
-0.480439
0.079315
-0.106934
-0.006798
-0.127873
0.055962
0.221689
-0.028266
-0.271809
0.382509
-0.481470
0.141638
-0.055800
-0.091820
-0.344144
0.167565
0.714542
0.221046
0.116617
0.008326
0.176029
-0.205186
0.018154
-0.320828
0.061693
-0.018446
0.036815
-0.213180
0.249185
-0.032245
0.151984
-0.214258
-0.218167
0.129709
0.039980
-0.501294
-0.004382
0.004460
0.017009
0.437512
-0.202643
0.033819
0.431024
0.200782
-0.225467
0.278971
-0.088469
-0.025235
0.160564
0.084467
-0.067944
-0.092068
-0.277034
0.275434
-0.098110
-0.160410
0.397705
-0.044959
0.116794
-0.345046
0.139122
-0.270812
1.065997
0.148207
-0.171572
0.500080
0.052703
0.031396
0.403494
-0.111004
-0.127896
-0.419865
-0.237254
0.424218
0.196428
-0.200881
-0.537896
-0.114696
-0.129670
0.203051
-0.083773
-0.488153
-0.098487
0.092129
0.150931
0.103428
0.090517
-0.112767
-0.300845
-0.077804
0.129362
0.012475
0.407753
-0.064424
-0.206445
0.283873
0.329164
-0.214966
-0.237382
-0.204683
0.343594
-0.380944
-0.767422
0.075696
-0.208914
-0.078080
0.097963
-0.209542
-0.657718
0.474069
0.096936
0.332664
-0.104780
0.555936
-0.809903
0.045410
-0.144635
-0.102549
0.371770
-0.628082
-0.109653
-0.249860
0.200534
0.393628
-0.273550
-0.688956
0.222854
-0.189332
0.160710
0.387184
-0.191537
0.071845
0.509788
-0.106860
-0.221274
-0.204616
-0.096146
0.365476
-0.153559
-0.265052
-0.232902
-0.290245
0.310848
0.362112
0.228104
0.022171
0.239046
-0.264486
-0.511512
0.179853
-0.256647
-0.206000
0.256575
-0.204250
0.276991
-0.463203
-0.046466
-0.116474
0.158302
-0.230105
-0.358776
0.047463
0.084590
-0.847291
-0.004166
-0.458991
0.029338
-0.000687
0.180862
0.385537
-0.106641
-0.119769
-0.229873
0.193818
0.103144
-0.001353
-0.224077
0.076921
-0.465751
0.708057
0.208706
-0.455466
-0.271568
0.352784
0.310545
0.080084
-0.273069
-0.262627
-0.186880
-0.124591
-0.140047
0.222189
0.144107
-0.004440
-0.359444
0.125660
-0.519622
0.085695
-0.264247
0.049369
0.183282
-0.468388
0.479436
0.304212
0.030632
-0.156892
-0.175118
-0.196699
-0.120734
0.229084
-0.155751
0.421062
0.005867
-0.089821
-0.304618
0.034200
0.434137
0.212364
0.170168
-0.032857
0.254932
0.098556
0.107261
0.357610
-0.296502
-0.307715
-0.410815
0.032968
-0.049976
0.430700
0.296334
0.470917
0.091612
0.092659
-0.448158
-0.178458
0.063168
0.349760
0.637495
-0.664387
-0.325915
0.424363
0.094403
-0.165075
0.083011
0.346838
0.525941
0.348283
0.374500
-0.044924
0.320446
0.072931
0.289546
0.013789
-0.638925
-0.008103
-0.147339
0.067218
-0.010017
0.097100
0.153728
0.033905
0.004916
0.484603
0.092771
0.207247
-0.036023
-0.249048
0.014357
0.175115
-0.108780
-0.400112
-0.208927
0.224807
0.009106
-0.049707
0.123155
-0.099170
0.355978
-0.181178
0.226521
-0.152738
-0.138877
0.259325
0.836012
0.513265
-0.277575
-0.074142
0.058310
0.187739
-0.280881
0.563497
0.798867
0.692208
-0.335999
0.035230
-0.012862
0.195224
0.020333
0.015234
-0.364404
0.095043
-0.227530
0.171474
0.170392
0.186961
-0.080274
-0.029152
0.152419
0.217024
0.010029
0.150396
-0.293434
-0.042004
-0.184189
-0.299511
0.234484
0.231296
-0.826744
-0.419081
-0.119326
0.172302
0.166339
-0.303250
-0.227570
0.385007
-0.313936
-0.119965
-0.563771
0.530514
-0.049655
0.402905
0.083517
0.390104
0.014941
-0.053857
0.664314
-0.193056
0.187420
-0.041372
0.004705
0.208641
-0.245138
0.534699
-0.101822
0.195523
-0.296161
-0.453125
0.033333
0.316995
-0.396629
-0.049614
0.329544
0.142137
0.041689
0.376644
0.208830
-0.171681
-0.323311
-0.015116
0.414083
0.265870
-0.071311
-0.147790
0.004451
-0.173939
-0.209599
0.063151
0.115310
-0.207503
-0.168643
0.257246
0.455015
-0.042750
-0.211624
0.268947
0.550295
0.002680
-0.168627
0.128820
-0.058500
0.096255
-0.831311
-0.067453
-0.430255
-0.450073
0.270653
0.571092
0.305253
-0.131230
0.179990
-0.127437
-0.051899
0.462025
-0.022153
-0.053029
0.294408
0.192768
0.792957
0.069327
0.102915
-0.360614
-0.010271
-0.475452
-0.044517
-0.224186
-0.114117
0.111210
0.339551
-0.009257
0.120548
0.106618
-0.172481
-0.417274
0.016901
0.109951
-0.102205
-0.051042
0.185117
-0.136802
-0.750290
-0.198115
0.570450
-0.414029
0.239514
0.187639
-0.051622
-0.224838
-0.652647
0.002205
0.101700
0.405227
0.117553
-0.275763
0.196490
-0.012254
0.317006
-0.212735
0.168763
-0.116671
-0.362424
-0.263838
0.105696
-0.023347
0.680190
0.335638
-0.098575
0.350574
0.208619
0.591207
-0.335925
-0.072904
-0.051395
0.146512
-0.098902
0.031920
-0.163048
-0.084710
0.051694
-0.486678
-0.770689
-0.178764
-0.037126
-0.239047
0.419915
0.151796
-0.051725
0.009644
0.220146
-0.274397
0.281371
-0.172514
-0.483735
-0.343405
0.273940
0.445052
0.431436
0.190349
0.200153
-0.274052
-0.116958
-0.150872
0.098519
0.031679
-0.239103
-0.333603
-0.002081
0.580026
0.218926
-0.128130
0.219580
-0.066413
0.413228
-0.086722
0.399724
-0.267573
-0.405990
0.421309
-0.554789
-0.242312
0.359581
0.254449
-0.004160
0.292334
0.385079
0.008698
-0.071456
0.154853
-0.149046
-0.382142
0.125573
0.151688
-0.222357
-0.155903
0.346870
-0.316033
-0.234287
-0.077871
0.149841
0.321713
0.151640
0.413829
-0.385263
-0.532568
-0.143564
0.470590
0.103718
-0.519770
0.373626
-0.374755
-0.044211
-0.120192
-0.169956
-0.510024
-0.250054
-0.071885
-0.367283
-0.443983
-0.030345
0.074685
0.038131
-0.282032
0.161776
0.118635
0.021346
0.009081
0.119468
0.399964
-0.019534
-0.000159
0.177991
0.400323
0.107875
-0.259097
0.276720
0.052301
-0.212346
-0.133448
0.058320
0.049756
0.364485
-0.339490
-0.252152
-0.053684
0.250670
-0.385780
-0.037308
-0.020332
0.511645
0.310411
0.312025
-0.217009
0.328327
0.232804
0.050380
-0.117378
0.792860
-0.283914
0.274195
-0.181725
-0.508181
-0.610337
0.704037
-0.575639
0.071724
0.122166
-0.126571
-0.223299
-0.440982
0.748921
-0.329215
-0.453636
0.369240
0.243879
-0.152385
0.072607
0.039765
0.215011
0.375847
0.024761
-0.273860
-0.029397
-0.017647
0.147264
0.362968
0.151375
0.442838
-0.176250
-0.082759
-0.075322
0.100986
0.272920
-0.317255
-0.106299
-0.003380
-0.253125
-0.187247
-0.191728
0.064800
0.105126
0.194794
-0.581877
-0.185385
-0.110285
-0.094792
0.193772
-0.099850
1.020718
0.037457
-0.378353
-0.045302
0.129658
-0.001699
0.759979
-0.464336
-0.113886
0.111985
0.143521
0.459539
-0.172456
-0.541439
0.380932
0.296959
0.103239
0.478642
0.043103
-0.005203
-0.186867
-0.272873
-0.316738
-0.228019
0.289859
0.171599
-0.280972
0.055577
-0.099517
0.236785
0.067880
0.300553
0.352076
-0.104619
-0.146851
0.346203
0.006427
-0.478525
-0.214385
0.071258
-0.318771
0.430278
0.259677
-0.405136
-0.161787
-0.372755
-0.010764
0.146485
0.184266
0.055565
0.259644
-0.147066
0.148211
0.091238
-0.179971
-0.045854
-0.032961
-0.003448
0.076642
-0.095593
-0.053394
0.177227
-0.275546
-0.138876
-0.073984
0.350476
0.317188
0.019009
-0.126548
-0.276429
-0.128950
0.454372
0.134164
-0.000610
-0.549503
-0.336017
-0.371773
-0.111562
0.207325
0.121417
-0.050943
-0.182399
0.207308
-0.075384
-0.136884
0.062262
-0.160100
0.068548
-0.453677
-0.579372
0.400183
-0.089941
-0.530713
0.432439
-0.151421
0.197785
0.171038
0.589186
-0.051678
0.049888
-0.102315
0.110375
0.074064
-0.217083
-0.193748
0.534389
-0.126835
0.071607
-0.436584
-0.405547
-0.111846
0.391865
-0.354698
-0.277187
0.058908
0.171623
0.037951
0.021245
0.224393
-0.432878
0.388208
0.067156
-0.085670
-0.016296
-0.162098
-0.023472
0.125433
0.025015
-0.164516
-0.095020
-0.620286
-0.528649
0.368311
-0.177617
0.048167
-0.269741
-0.023573
0.145730
-0.274048
0.364456
0.090243
0.041773
-0.272632
-0.444207
0.155522
0.074093
0.031519
-0.215133
0.072270
0.045893
-0.050182
0.022468
0.086261
-0.270025
0.049310
-0.165264
0.059491
-0.128298
0.467395
-0.382629
-0.617534
-0.516559
0.049017
-0.177737
-0.342045
0.185670
-0.172150
0.249729
-0.047855
0.205345
0.188666
0.028269
0.473232
-0.071729
0.110610
-0.055407
0.058277
-0.253346
-0.225843
-0.185619
-0.405736
0.061803
0.367192
-0.226575
0.219857
0.092569
-0.056363
-0.348594
0.316377
-0.015615
0.047847
-0.014966
-0.074456
0.128583
0.716664
0.588411
0.247203
-0.203358
-0.152082
-0.836195
0.359601
-0.263946
0.085123
-0.420170
0.497332
-0.112111
0.021694
0.491084
-0.027729
0.376176
-0.304331
0.029805
0.134550
0.332904
0.064285
0.590126
0.285917
0.287228
0.503276
-0.265054
0.047049
0.052295
-0.006546
0.059513
-0.191583
0.206809
0.304126
-0.100641
-0.153228
0.371112
0.228024
0.017655
-0.013113
-0.001983
-0.301545
-0.125575
0.305494
-0.012464
0.034164
-0.271935
0.176519
-0.225935
-0.009948
-0.640820
-0.139931
0.315364
-0.024019
-0.110407
-0.361186
0.004993
0.049191
-0.362713
0.013289
-0.253726
0.207206
0.316387
0.286682
0.303654
-0.263894
-0.034599
0.140005
0.084000
0.442861
0.174898
0.231650
-0.303319
-0.005124
-0.028533
-0.297718
-0.453503
-0.063554
-0.961858
0.176307
0.104907
0.054359
-0.210661
0.064265
0.191540
0.117770
-0.092503
-0.109719
-0.007507
-0.125724
0.038291
0.398681
-0.046315
-0.194093
-0.369687
0.550969
0.519105
-0.060526
-0.582696
0.146103
-0.395914
0.437505
0.021289
-0.362230
-0.011984
0.471377
-0.159987
0.129496
-0.168731
0.043367
0.435778
0.107638
0.108763
-0.054324
0.527599
-0.174691
-0.239171
0.132425
0.457007
0.102020
-0.128123
0.331148
-0.301483
0.050955
-0.184982
-0.568166
0.152244
-0.255052
-0.345505
0.307833
0.070982
-0.274618
0.659634
0.463861
-0.207732
-0.234567
0.461838
-0.144588
-0.360386
0.298092
-0.217179
0.222995
0.315411
-0.015176
-0.473152
-0.152611
-0.347958
-0.286770
-0.258471
-0.026219
-0.573013
-0.114576
0.472741
0.089589
0.623767
-0.020837
-0.298331
0.390103
-0.178436
-0.039363
-0.486977
-0.251642
0.344222
0.191739
-0.167590
0.267151
-0.463933
0.254818
-0.209978
-0.057744
0.056558
0.177684
0.061809
-0.265400
-0.049488
0.003674
-0.245553
0.802886
0.052441
0.061342
0.346681
-0.187391
0.130249
-0.093706
0.257157
-0.221901
0.201147
-0.119659
0.147943
-0.089352
-0.115739
-0.552081
0.318495
-0.324356
-0.086801
-0.108795
-0.242497
0.152521
0.048973
-0.191585
-0.021296
-0.174002
0.094873
0.414013
-0.207976
0.379611
-0.373812
0.085881
-0.608544
0.057321
-0.045645
0.378178
-0.231743
0.196402
0.052963
-0.213011
0.246725
0.419720
-0.260289
0.059966
0.020530
-0.588612
-0.464183
-0.361473
0.001467
-0.039452
-0.117034
-0.420093
0.542921
-0.079201
-0.046894
0.283800
0.068352
0.120369
-0.179617
-0.006389
0.135506
-0.210328
0.141540
0.018139
0.065932
0.204114
0.378888
-0.239512
0.114308
0.119813
-0.135253
0.185540
-0.448341
-0.089400
0.227236
-0.061724
0.674025
0.145883
0.010566
-0.424234
0.499928
-0.119339
-0.204353
-0.365919
0.374574
0.133225
-0.064405
-0.171203
0.042350
-0.602369
0.297531
-0.154465
0.135785
-0.201640
0.423214
-0.494502
0.108123
0.070386
0.271046
0.290159
0.588947
0.462736
-0.210763
-0.355486
-0.231248
-0.426238
0.480618
0.249537
0.267630
0.117792
-0.433595
-0.099732
0.324522
0.136412
0.181007
0.200712
-0.005724
-0.361169
0.107176
-0.031422
-0.663484
-0.407117
-0.081549
0.045175
-0.017891
0.843098
0.473726
0.209379
-0.015067
-0.144146
-0.117524
0.134044
0.215510
0.310463
0.149365
-0.430123
-0.401025
0.078557
0.029608
0.231614
0.323175
0.180640
0.201533
0.708657
0.204685
-0.200316
-0.334250
0.139179
-0.360426
-0.175662
0.187650
0.152651
-0.181339
-0.006083
-0.082133
-0.376205
-0.292143
-0.183527
-0.278222
0.183752
0.311950
-0.074616
-0.015000
0.108065
-0.507299
0.041634
0.031199
0.283521
-0.180276
-0.024602
-0.379620
-0.022185
0.435134
-0.477553
0.084157
0.021006
0.080772
-0.393981
-0.049773
0.158327
0.043950
0.917336
0.174733
1.027678
-0.691213
-0.154811
-0.575895
-0.035795
0.057476
0.170416
-0.169239
0.034123
-0.379427
0.109485
-0.045714
-0.089784
0.140015
0.037374
-0.275817
-0.487134
0.100219
0.137210
-0.036544
-0.007047
0.222104
0.167308
0.228579
0.007583
0.207655
0.452916
0.087398
0.240207
0.203373
-0.181189
0.492991
0.073451
-0.384911
-0.883394
0.332355
0.287723
0.290232
0.329272
0.518768
0.170821
0.009862
0.198750
-0.172376
0.002056
-0.297851
-0.054686
-0.079066
0.033231
-0.091885
-0.325819
0.036098
0.079971
0.304785
0.128459
-0.303436
-0.587683
-0.181378
-0.171009
0.046859
-0.081913
0.524087
-0.486994
0.152064
-0.082213
0.272067
0.085227
0.768637
0.067588
0.010820
-0.290374
-0.748568
0.018232
0.051650
0.608058
-0.123051
-0.134646
0.313256
-0.034852
-0.128200
-0.115522
0.121785
0.567288
-0.073951
-0.136815
0.046659
-0.370442
-0.251083
-0.163132
0.073565
0.562107
0.365918
0.182779
0.142092
-0.754640
0.573498
-0.536955
-0.564804
0.119160
-0.324615
-0.162761
-0.266956
0.419486
-0.135523
0.147780
0.186856
-0.116709
0.172068
0.296849
-0.481847
0.341108
-0.432108
0.174139
0.146819
-0.370188
0.005890
-0.313556
0.007575
0.018996
0.048299
-0.079346
0.396593
0.182815
0.157052
-0.174578
0.620697
0.108456
0.157958
-0.165651
-0.041170
0.047248
-0.091710
0.135553
0.199504
-0.141923
-0.467249
0.378945
0.316601
-0.024002
-0.432748
-0.280512
-0.024756
0.420509
-0.039659
-0.109891
-0.103322
0.083452
-0.084571
0.017615
0.206291
0.288287
0.120305
0.008781
0.136824
-0.226567
0.067479
-0.020555
-0.401963
-0.174181
0.233605
-0.033395
-0.170374
-0.037595
0.129641
0.169986
-0.359576
-0.681602
0.354232
0.145804
-0.688908
0.209749
-0.020131
0.024079
-0.453608
-0.075378
-0.426116
-0.183236
0.215818
-0.126292
-0.256159
1.085003
0.236024
0.293686
-0.073694
0.405216
0.424566
0.573324
0.038541
0.127995
-0.279548
0.037055
-0.201521
0.101861
0.453303
-0.237290
-0.047856
0.588050
0.138996
0.050250
-0.027860
0.144635
-0.266924
0.038534
-0.104485
-0.327215
0.499465
-0.033857
-0.384743
0.496811
-0.154518
-0.136791
0.346025
0.060157
-0.417151
0.293209
0.105163
0.118585
0.166343
-0.137716
-0.479032
-0.025630
0.020345
0.387352
0.141842
0.179332
0.034616
0.326569
0.146881
0.058747
0.059766
0.551543
-0.288142
-0.595866
0.291927
-0.167699
0.150939
0.000087
-0.021112
0.138842
-0.593459
-0.151672
0.003547
0.125160
-0.103776
-0.148265
-0.177419
-0.416567
0.112816
-0.361663
-0.458807
0.172825
0.248923
0.331175
-0.489395
-0.161613
-0.403418
0.182258
0.010975
-0.177609
-0.065846
-0.201182
-0.300981
-0.355594
0.224919
0.397924
0.275768
-0.275182
0.027243
0.356981
0.255607
0.340969
0.236533
-0.053285
0.204408
-0.520346
-0.297303
-0.314838
-0.788012
0.401071
-0.647776
0.287633
0.474094
0.435374
-0.235977
-0.230318
-0.142532
0.136572
0.613566
-0.195338
0.156888
0.023086
0.171294
-0.172764
0.431156
0.016186
0.200935
0.463707
-0.488265
-0.031376
-0.007954
0.282337
0.053142
-0.099781
-0.256193
0.249719
-0.323554
0.145751
-0.212634
0.133415
-0.396460
-0.227672
-0.198006
0.325151
0.013540
0.210824
0.169702
-0.280032
-0.120788
0.189875
0.216947
0.107690
-0.007798
0.340029
0.268194
0.126563
0.323953
-0.374858
0.049181
0.246868
-0.461532
-0.072518
-0.063616
0.679769
0.108094
-0.222676
0.084840
-0.129009
-0.702779
-0.162037
0.507485
0.100771
0.091547
-0.037193
0.432946
0.000630
0.052302
0.188825
0.216582
0.052410
0.235725
0.011540
0.129352
0.414201
-0.007806
-0.216665
-0.488444
-0.182712
0.468749
0.047910
-0.044682
-0.585046
0.118470
-0.082420
0.160354
0.029590
0.129802
0.235814
-0.558009
0.457087
-0.018158
-0.386277
-0.057680
-0.238965
0.384269
-0.342705
0.054219
0.168766
-0.021305
-0.460041
0.271980
0.311995
0.125397
-0.260701
0.041267
-0.162473
-0.371717
0.286419
0.177009
0.119409
0.221834
0.696798
-0.212036
-0.715197
-0.599880
-0.006422
-0.000906
0.254633
0.221231
-0.143874
0.235633
-0.112446
-0.464600
0.268812
-0.017678
0.594799
0.179463
-0.096076
0.032075
-0.479399
-0.258186
-0.026073
0.229012
-0.203804
-0.086017
0.151805
-0.062668
0.098903
-0.035501
0.394515
-0.518840
-0.313501
-0.293758
0.326509
0.342521
0.289646
-0.751043
0.089003
0.009189
-0.094346
0.152693
0.212534
0.026400
-0.284702
-0.230920
-0.263306
-0.075545
0.129627
-0.281346
0.348379
0.244819
-0.332872
0.254645
-0.448546
-0.217571
0.098164
0.381571
0.325563
0.523383
0.296737
0.351516
0.037004
-0.281228
0.292740
-0.168797
-0.075839
-0.354774
-0.128735
0.063927
-0.324752
-0.044093
-0.014817
-0.317378
0.115701
-0.159181
0.239382
0.449976
0.068666
0.482841
-0.123861
0.198907
-0.849137
0.303916
-0.327383
0.066876
0.407037
-0.024477
-0.065802
0.316332
-0.642104
-0.017636
-0.037251
-0.115029
-0.068631
-0.061082
0.627263
0.124709
-0.090463
0.588304
0.238762
-0.108734
-0.175859
0.045409
-0.529595
0.300089
0.019567
0.401574
0.014814
0.413243
-0.710982
0.164397
0.069027
-0.143222
0.204931
0.374396
-0.318665
0.012158
-0.105077
0.108922
0.321414
-0.356920
0.218499
0.166512
-0.269241
-0.110459
-0.288479
0.432800
-0.186135
-0.322640
-0.071719
-0.241839
0.375956
0.552572
0.261398
-0.027429
0.210387
-0.242008
0.081695
0.265424
0.380436
-0.542063
-0.091700
-0.296871
0.474149
-0.133440
-0.321716
0.003588
0.103118
-0.507297
-0.189308
0.131683
-0.192461
0.082219
-0.159704
0.034257
-0.055229
-0.254707
-0.721094
0.144808
0.200408
0.286636
-0.079312
-0.143367
0.206463
0.050971
0.041514
0.638657
0.035382
0.280064
0.591378
-0.161416
-0.321975
-0.006486
0.101577
-0.434510
0.443636
0.446845
0.138123
0.112883
-0.368342
-0.110705
-0.031435
-0.521350
-0.410521
-0.415430
0.034033
-0.171094
0.026099
0.303262
0.343478
0.257949
0.149123
-0.698040
0.118859
-0.047073
-0.349676
-0.015678
0.470030
0.090986
-0.254597
0.282894
0.232704
0.138697
-0.359708
-0.350123
0.223855
-0.041748
-0.146843
0.030314
0.296720
0.094249
0.094378
-0.375244
0.083674
-0.098141
0.190234
0.007588
-0.383602
-0.548870
-0.165995
0.145694
0.425862
-0.032412
0.960002
0.326856
-0.037786
-0.026427
-0.002327
0.163909
0.073882
0.235226
0.277787
-0.126443
-0.117539
-0.113212
0.001802
-0.272356
-0.829708
-0.604097
0.226738
0.021967
0.125113
0.379826
0.615737
-0.356285
-0.445668
0.741306
-0.016059
-0.105646
-0.756351
0.435380
0.302570
-0.173304
-0.241734
-0.256647
-0.222340
0.411795
-0.302938
0.363516
-0.266158
0.256907
0.312012
0.643143
0.412491
-0.128350
0.124662
-0.378276
0.087638
0.353343
-0.218807
-0.266336
-0.262570
-0.004995
-0.190101
0.080615
0.274510
-0.373170
0.318940
-0.025693
-0.237056
-0.179475
0.290262
0.175342
-0.290191
0.484868
0.317153
-0.625769
0.012637
-0.244126
0.079844
-0.019906
-0.021540
-0.165480
0.251587
-0.445345
0.269578
0.291821
-0.132086
-0.285385
-0.014817
-0.312058
0.050985
-0.283221
0.091252
-0.260632
-0.048411
-0.132209
0.153477
-0.036774
-0.371656
-0.504976
-0.478042
0.277143
-0.135157
0.269098
0.724680
0.793855
-0.744036
-0.329315
0.029437
-0.385231
0.280366
-0.103069
0.315528
-0.014369
-0.048690
-0.886254
-0.309223
0.065109
-0.188326
0.070596
-0.083651
-0.386576
0.308277
0.038402
-0.139333
-0.388204
0.283397
-0.312022
-0.093727
-0.350308
0.178234
-0.063584
0.656302
0.128868
-0.713845
-0.544233
-0.209266
-0.039573
-0.019311
0.634962
0.072280
-0.049056
-0.496165
-0.435151
0.344525
-0.066815
0.068603
-0.392570
0.266862
0.088980
0.595477
-0.369999
-0.355032
0.298811
0.248994
-0.123625
0.162152
0.049697
0.226305
0.094859
-0.466532
0.513383
-0.035749
0.273871
-0.393232
0.204755
-0.229083
0.191660
-0.108489
-0.311582
-0.117765
0.310165
-0.054696
-0.305873
0.364537
-0.167271
0.055426
-0.167192
-0.111845
-0.277689
0.660958
-0.088625
-0.179883
-0.058672
0.222448
-0.567965
0.689790
-0.022508
0.141350
-0.160264
-0.027275
-0.123016
-0.273624
-0.165258
0.278672
-0.071469
-0.424080
-0.127644
0.261350
0.280425
0.420059
-0.521661
0.328548
-0.207314
0.095677
0.227924
0.244619
-0.025560
0.237528
0.349499
0.443676
-0.221740
0.072376
0.061737
-0.501362
-0.603819
0.007060
0.293648
-0.322721
0.204078
-0.371161
0.398789
-0.252128
-0.050302
-0.334680
0.533031
-0.389596
-0.619041
-0.475706
-0.166147
0.124025
0.049505
-0.258402
-0.239296
0.095749
0.503615
-0.119838
0.515130
-0.760180
0.041999
-0.171077
-0.120614
0.212498
0.649115
-0.301857
0.034319
0.148804
-0.316250
-0.137659
-0.194284
0.188802
0.134848
0.180176
-0.529398
0.159742
-0.028090
0.397230
0.218531
-0.141472
0.167362
-0.215564
0.002238
0.205464
0.424516
0.104541
0.001752
0.396269
0.636537
0.926444
-0.047247
-0.123343
-0.023126
-0.122509
0.363926
0.070077
-0.146446
0.141586
0.155354
0.177410
0.545111
-0.290372
0.358020
-0.031843
-0.429276
-0.969600
-0.264333
0.063231
-0.076118
0.692133
-0.214761
-0.402670
-0.465829
0.030814
-0.061585
-0.132081
-0.081348
0.409791
0.085728
0.040813
0.347213
-0.103133
-0.384869
0.335704
-0.250017
0.458609
-0.108827
0.072345
0.428708
-0.089826
0.117767
0.143503
0.209107
0.287614
-0.271355
0.401167
-0.088940
-0.188957
0.288076
-0.211249
-0.179180
0.230631
0.033119
-0.112103
0.068945
-0.129724
-0.170314
-0.505408
0.440802
0.627369
-0.733258
-0.015808
-0.405563
0.012988
-0.192755
0.431189
0.193153
-0.090543
0.111778
-0.126208
-0.180564
-0.530546
0.025161
-0.152777
0.207989
-0.345687
-0.390563
-0.099017
-0.078684
-0.001211
-0.300158
-0.676067
-0.506411
0.214612
0.337862
0.129466
0.087547
-0.055144
-0.328898
0.146797
-0.309433
-0.328601
-0.435361
-0.038462
-0.165500
0.006987
-0.277033
-0.042711
0.156228
-0.123370
-0.479743
0.143104
0.192821
0.233861
0.645122
-0.068412
-0.229638
-0.225166
-0.001476
-0.297731
0.382527
-0.394779
0.605511
0.584565
0.171694
0.073654
0.670830
0.200738
0.413224
-0.442305
-0.066485
-0.017451
0.547731
-0.265331
0.138614
-0.356052
0.011845
0.009114
-0.020202
-0.125399
0.321957
-0.029642
0.023229
0.060580
0.364279
0.075134
-0.031704
0.148987
0.376331
-0.482152
-0.070475
-0.283512
-0.350725
0.326523
0.446928
0.384568
-0.399272
-0.263308
0.173128
-0.068187
0.129040
-0.327554
0.320023
-0.297289
0.032673
-0.271624
0.395010
0.063835
0.475631
0.386717
0.257030
0.159175
0.169819
-0.089793
0.123167
0.181005
0.167038
0.361431
0.191551
-0.091076
0.294156
0.291893
-0.014970
0.105648
-0.105686
-0.213073
-0.371636
-0.126345
-0.020718
0.131775
0.009073
-0.192366
-0.187712
0.340840
-0.083987
0.210907
-0.076802
0.586822
-0.255543
-0.318285
-0.197511
-0.041584
0.159824
-0.370283
-0.283279
-0.078682
-0.386708
0.209411
0.311514
0.201071
-0.355881
0.140331
-0.109832
0.371213
-0.626413
-0.288671
-0.036105
0.312196
0.351861
-0.119588
-0.611028
-0.294929
-0.015328
0.199036
0.072963
-0.031791
0.678618
-0.048381
-0.285626
-0.062428
-0.022618
-0.432296
0.805767
-0.445532
-0.227929
0.093736
-0.254396
0.429767
0.180730
-0.195239
-0.454228
-0.149838
-0.253473
-0.516761
0.457469
0.137543
-0.195804
-0.063658
0.313791
0.098722
0.215166
-0.166196
0.134347
-0.268042
