0.102757
0.297614
-0.027245
0.333158
-0.121042
-0.155098
0.634851
0.211821
0.066362
-0.081379
-0.184414
0.051693
-0.033193
-0.002647
0.390075
0.330598
-0.125820
0.096467
0.097719
-0.101259
-0.135729
-0.072676
0.001971
0.099407
-0.437055
0.110939
0.000648
0.324555
0.248732
0.425831
0.178429
-0.128764
0.406386
-0.090206
-0.161533
-0.006014
-0.276658
0.046589
-0.535352
-0.332278
0.310296
-0.159571
-0.172206
-0.141479
0.174707
0.016835
-0.230956
-0.089441
-0.193361
-0.125711
-0.054611
0.321053
0.012007
-0.142945
-0.447163
0.260312
0.286553
-0.004449
-0.173544
0.059604
-0.194204
0.213929
-0.150391
-0.272809
-0.164736
0.098578
0.115857
-0.080303
-0.359345
-0.300214
-0.228774
0.454893
0.309280
-0.236885
0.073105
0.107879
-0.157429
-0.301664
0.159340
0.611603
-0.003678
-0.014609
0.139250
0.076375
-0.006081
-0.599396
-0.162480
0.171106
-0.601828
-0.128261
-0.254853
-0.002213
-0.118650
0.357778
-0.241707
0.072019
-0.160929
0.314426
-0.122747
0.180066
-0.038580
0.210549
-0.021556
-0.012223
-0.173145
-0.036160
0.483812
0.247656
0.187898
-0.197799
-0.231025
0.123683
-0.147769
-0.453540
0.147726
-0.545002
-0.085796
0.113261
0.323098
-0.336601
0.071345
-0.059234
-0.372384
-0.298709
0.174459
-0.235225
0.493986
0.029008
-0.060126
-0.441345
0.196359
0.033593
0.122265
0.015438
-0.181556
-0.606827
0.052042
-0.009374
-0.076483
-0.368142
-0.463189
0.039163
0.099549
-0.456403
-0.067379
0.053802
-0.198658
0.025412
0.392857
0.035392
0.075536
-0.121449
0.026939
0.017471
0.124568
-0.263983
-0.118916
0.068700
-0.041534
0.343436
0.306844
-0.401000
-0.033112
0.415063
0.341767
-0.038445
0.186761
0.235164
0.076336
-0.147063
0.040514
-0.005349
0.209001
-0.283361
0.306091
0.118801
-0.194477
0.277488
0.072129
-0.069342
-0.296984
-0.113702
-0.338456
0.183060
0.200027
-0.049316
-0.147271
0.278608
-0.200719
0.300139
0.246554
0.021041
0.125143
-0.148681
0.302059
-0.061803
-0.389500
0.364507
0.374542
0.211760
-0.329342
-0.167168
-0.117526
0.182430
-0.128731
0.221324
-0.206339
0.014287
0.399033
-0.093772
-0.357470
-0.233075
-0.095387
0.148320
0.017499
0.174778
0.082226
-0.229044
0.410498
0.300844
-0.109836
0.359372
0.157855
-0.115183
-0.585122
-0.096760
-0.009189
-0.140511
-0.395428
-0.380761
0.255398
0.206947
-0.389619
-0.140572
0.193795
0.330643
0.378831
-0.110098
0.330723
-0.236447
0.038535
-0.170562
0.253056
0.295591
0.234927
-0.354808
0.378071
0.026698
-0.088807
-0.448694
0.043539
-0.028147
0.223224
0.226641
0.002244
0.100493
0.282574
-0.070783
-0.519743
-0.312795
-0.113256
0.155892
-0.036567
-0.674610
0.220039
0.283096
-0.229994
0.268976
-0.202069
0.186294
0.267285
0.173762
0.028275
0.322729
-0.176827
0.307440
-0.106264
-0.346508
-0.140913
0.117452
-0.045596
-0.403221
0.327334
0.301282
-0.196340
-0.207877
-0.026420
0.150385
-0.025096
0.061901
-0.250150
0.297551
0.193032
0.156264
0.111284
-0.117489
-0.273554
0.006496
-0.187015
0.070271
0.039571
-0.195043
-0.313513
0.210964
0.277451
-0.367083
0.131047
-0.117184
0.193931
0.185213
-0.060510
-0.209606
0.203791
0.211289
-0.199379
-0.200592
0.228392
-0.066593
0.224457
-0.146260
-0.436075
-0.354884
-0.146506
0.218474
0.115736
-0.138451
0.531875
0.065621
-0.079490
-0.044015
0.332240
-0.154805
-0.218397
-0.291357
-0.294233
0.295855
0.636155
-0.139684
0.019419
-0.071647
-0.384160
0.043467
0.396683
-0.397941
0.054045
0.166378
-0.140835
-0.297254
0.046645
-0.193508
-0.224996
0.033549
-0.047677
-0.122703
0.092995
0.173643
-0.205195
-0.099273
0.478678
-0.541823
-0.456690
0.006114
0.027370
-0.184642
0.309742
-0.103788
-0.262573
-0.051967
0.105071
0.248519
0.076680
0.541008
0.067960
-0.147817
-0.468469
-0.299975
0.385668
-0.036661
-0.701405
0.262101
0.305423
-0.057831
-0.128806
-0.077080
-0.089898
0.018539
0.196042
-0.191945
-0.326202
-0.219108
-0.164956
-0.267186
-0.022518
0.141564
0.016941
-0.189645
0.009300
0.243019
0.238658
0.055179
-0.201645
0.301469
0.056330
0.007035
0.350422
-0.292516
0.199384
0.414949
-0.251302
-0.109307
0.055259
0.186708
0.203248
-0.363105
0.200594
0.097223
-0.102871
-0.145870
0.038388
-0.529576
-0.058112
-0.365132
-0.032680
0.109809
-0.289638
0.219900
-0.072291
0.092113
-0.094961
0.389515
-0.080234
0.034788
0.001129
0.201925
0.294938
0.054475
-0.279783
0.103490
-0.086671
0.128949
0.150126
-0.197502
-0.243457
0.289554
-0.212433
-0.209438
0.019560
0.055945
-0.282876
0.228920
0.184208
0.010040
0.057178
0.035490
-0.013381
-0.091951
0.245740
0.128384
-0.533055
0.056085
-0.010678
-0.527421
-0.218673
-0.321908
0.289840
-0.017184
0.116453
0.134078
0.099730
0.178528
0.258119
0.118148
0.152576
-0.425773
-0.190520
0.489058
0.115849
-0.182927
0.214134
-0.000556
0.284605
-0.292251
0.040282
0.017618
-0.327174
-0.579329
0.069905
-0.049108
-0.209843
-0.344632
0.346153
-0.531791
0.259183
-0.260781
0.178671
-0.054815
0.129154
-0.358347
0.322306
-0.387210
-0.102736
0.085978
0.356746
-0.496663
-0.229050
-0.039461
-0.269767
-0.014721
-0.061450
-0.046763
-0.063187
-0.107683
-0.042834
-0.583844
-0.536628
-0.080359
0.191640
0.066363
0.041808
0.194825
-0.398764
0.084427
0.042961
0.424013
0.002201
0.348730
-0.271886
-0.471240
-0.085729
0.309008
-0.123505
-0.175938
-0.100225
0.329631
0.394736
0.560629
0.181307
-0.180058
0.130379
0.235499
0.002001
-0.250486
0.049585
0.087499
-0.127812
-0.205856
0.202510
0.018664
-0.331155
-0.086719
0.245309
-0.274129
-0.206760
0.203966
-0.304700
-0.314420
-0.114878
0.431196
-0.047298
0.342202
0.335042
0.055524
0.199459
-0.167498
-0.316926
-0.254231
0.091276
0.066511
-0.460831
0.173788
-0.097894
0.241777
0.378574
0.355698
-0.482429
-0.360131
-0.224298
0.625204
-0.644524
-0.527159
0.078347
-0.063583
-0.422376
0.218110
-0.207979
-0.421799
-0.081219
0.219188
0.446897
0.346285
0.115821
-0.288426
0.241497
-0.244213
-0.438836
0.040919
0.246376
-0.499331
0.025205
-0.000464
-0.497073
0.062998
0.111369
0.224721
-0.056697
-0.078335
-0.236108
0.102567
0.284663
0.380609
0.042854
0.143341
-0.360728
0.062650
0.158285
-0.168311
-0.229746
0.031365
0.385637
0.054861
0.048530
0.246234
0.088218
-0.235797
-0.004499
-0.041345
-0.117219
0.035546
0.263358
0.167281
0.031047
-0.446093
0.170832
-0.101729
0.103942
0.112702
-0.226728
-0.127466
-0.124174
-0.256438
-0.012202
-0.391234
-0.018900
-0.274356
-0.187912
-0.161541
-0.391001
0.028219
0.146652
0.090193
-0.060594
0.492819
0.448889
0.123736
-0.020822
-0.339221
-0.101728
-0.047506
0.256707
-0.023575
-0.212888
0.003715
-0.211555
0.109320
0.126818
0.037095
0.092535
-0.060398
-0.234079
0.298078
-0.253688
0.140534
-0.280271
-0.179264
-0.095229
0.159151
-0.068870
0.251734
0.228224
0.041675
0.077116
0.126416
-0.174115
0.162352
0.198820
-0.071812
0.417931
-0.028495
-0.002015
0.091562
-0.096113
-0.032488
0.720987
0.123312
-0.094628
-0.420214
-0.024660
0.190275
0.599446
0.035376
-0.321390
-0.345434
-0.060792
-0.075983
0.394951
0.530302
-0.117206
0.128593
0.191104
0.454126
0.090775
0.205417
0.200306
0.232432
0.301456
0.372747
-0.132372
-0.041815
0.268699
-0.069878
-0.045584
-0.354551
0.099282
0.027083
-0.226941
0.546557
-0.068900
-0.121253
-0.001749
0.062325
0.267921
-0.000117
0.040422
-0.081279
-0.203624
0.457297
-0.184872
-0.231935
-0.381654
0.307903
0.253402
0.223118
0.263690
-0.107577
-0.204412
-0.183555
-0.032880
-0.121866
-0.085036
0.319526
-0.411562
-0.285533
0.008871
-0.268321
0.255965
0.226253
-0.268274
-0.228648
0.629496
-0.001534
0.281323
0.042690
-0.045390
-0.086538
-0.129495
0.087207
0.159143
-0.068732
0.107613
-0.002846
-0.203745
0.671449
0.319023
-0.186687
0.001639
-0.097337
-0.377194
-0.183974
-0.321251
0.171190
-0.247523
0.247196
0.311988
0.297556
0.091332
0.413589
-0.477158
-0.027144
0.438144
0.153477
-0.224888
0.420159
-0.051471
-0.065220
-0.365741
0.238488
-0.188248
-0.062146
0.016957
-0.089228
0.178427
-0.171776
-0.407034
0.327715
-0.209949
0.409235
0.031663
-0.473246
-0.043246
0.135307
-0.036788
0.075384
-0.023941
0.032593
0.036042
0.454814
-0.189606
0.032390
0.133003
-0.351532
-0.026067
0.319966
-0.132065
-0.298660
-0.409904
0.056871
-0.089717
-0.000059
-0.327763
-0.510807
-0.051576
-0.184979
0.313812
-0.130639
0.049505
-0.131849
-0.377301
0.029491
0.158263
-0.007134
0.183654
0.714044
0.194106
-0.435737
0.071075
0.016397
-0.153644
-0.202570
0.048490
-0.135470
-0.362992
-0.436439
0.113332
0.111507
-0.121839
-0.026049
-0.315899
-0.031227
-0.002451
-0.012393
-0.282475
0.085003
-0.317215
-0.250797
0.099086
-0.046542
-0.118457
-0.180931
0.224178
-0.305555
-0.174461
0.103082
-0.091066
0.049787
0.464265
-0.262662
-0.107008
-0.060072
0.207649
-0.145591
0.080867
-0.115845
0.187939
-0.164099
0.311121
-0.436389
-0.112679
0.271034
-0.148909
-0.150840
0.531078
-0.013464
-0.243182
-0.071655
0.508899
0.013005
0.087800
-0.570605
0.181495
-0.427755
-0.151804
0.095919
-0.412463
-0.070068
0.501142
0.096330
-0.265497
-0.061681
0.013845
-0.205947
0.047148
0.211364
0.074308
-0.278478
0.290720
0.590805
0.260852
-0.261276
0.404077
-0.193512
0.231610
0.228688
-0.310095
0.014828
-0.132407
-0.231980
0.071447
-0.068459
-0.059835
-0.392968
-0.137507
0.060203
0.293410
0.368327
0.099728
0.193248
-0.588025
-0.117616
-0.091068
-0.561846
-0.450750
-0.262197
-0.228960
-0.023730
0.218587
-0.257435
-0.551924
-0.036565
0.312368
-0.070314
-0.231543
-0.218590
-0.242409
0.211892
0.048912
0.147463
-0.204971
-0.270551
-0.569694
0.580290
0.083288
-0.143958
0.167645
0.023403
-0.381720
-0.315357
0.180571
-0.255892
-0.328144
0.282182
0.503793
0.517024
0.459858
-0.235328
0.240718
0.131697
0.297647
-0.087890
0.067627
-0.187743
0.216684
-0.252696
-0.289988
0.144364
0.039720
-0.168389
-0.399056
0.149993
-0.413442
0.054836
0.064474
0.227235
-0.045731
-0.020927
-0.356836
-0.191066
-0.200759
-0.170124
0.379076
-0.387812
0.229984
0.053201
-0.319805
-0.189385
0.191306
0.014687
0.215889
0.117116
0.062651
-0.001518
0.353518
-0.307344
0.331484
-0.158176
0.262850
0.153692
-0.068792
0.065568
0.717584
-0.196911
0.077388
-0.180798
0.216839
-0.074702
-0.225326
0.479442
-0.075406
-0.241942
-0.211544
0.355865
0.381534
-0.080689
0.355192
0.508508
0.188139
0.257226
-0.165236
-0.692443
-0.264237
0.047180
0.093333
0.346164
-0.413275
-0.079571
-0.389826
-0.269943
-0.158505
0.390731
-0.445404
0.077539
-0.091417
-0.120208
0.040087
-0.229496
-0.371078
0.050409
0.444935
-0.193978
-0.247170
0.134102
-0.029529
-0.106691
0.247772
-0.168541
-0.115150
0.218822
-0.270996
-0.627206
0.001311
-0.209653
-0.461271
-0.074393
-0.260051
0.144088
0.125569
-0.133236
-0.127297
-0.223127
-0.141051
-0.299375
-0.068324
-0.228660
0.065343
0.194340
-0.211048
0.189253
0.294270
-0.031376
0.147828
0.057813
0.042794
-0.000365
0.056325
-0.375382
-0.285961
-0.501418
0.490158
0.112046
-0.120245
-0.089922
0.460672
-0.350577
-0.519017
-0.137541
-0.298725
-0.352893
0.175844
-0.103355
0.098510
-0.387725
-0.218078
-0.207633
0.265609
-0.168221
0.366481
-0.013730
-0.267822
-0.272479
0.368804
-0.240550
-0.152691
0.292159
-0.097302
0.032357
-0.530808
0.092980
0.064743
0.051298
0.254602
0.168327
-0.058473
-0.370100
-0.317669
-0.021576
0.210021
-0.338499
-0.001539
-0.267479
-0.490499
-0.507857
0.299575
0.194513
0.123571
-0.202543
0.256959
0.130403
0.187949
-0.094367
0.280542
0.109071
-0.345964
0.020832
0.151786
-0.055398
0.305497
0.095615
-0.021955
-0.393193
-0.073233
-0.076477
-0.280757
0.094151
0.028954
0.135067
-0.461089
0.158705
0.162080
0.249608
-0.325010
-0.115399
-0.096191
0.126970
-0.544065
-0.567661
0.110981
0.217442
0.025691
0.267069
0.235308
-0.219994
0.027418
0.039365
0.086241
0.091284
0.170687
0.054949
-0.486710
-0.258729
0.017810
0.585539
-0.448890
-0.285287
0.054597
0.484877
0.309775
0.335466
0.393468
0.527852
-0.044870
0.081388
0.049577
0.007831
0.146278
-0.315006
0.076373
-0.254378
0.304431
0.122645
0.129164
0.042800
0.056831
-0.038458
0.327420
0.275371
0.239347
-0.203513
-0.261968
-0.034900
-0.261709
0.209265
0.084726
0.260679
-0.234343
0.044280
-0.076693
0.114172
0.377489
-0.081292
0.351978
-0.195507
-0.074403
0.086833
0.091563
0.436864
-0.080385
-0.103521
-0.197472
-0.319017
0.041221
0.218300
-0.184003
-0.125761
-0.082702
0.127753
-0.241145
0.331077
0.172620
-0.113184
-0.033139
-0.296382
0.382066
0.131914
0.329696
-0.260652
-0.028465
-0.255322
-0.088356
0.252990
-0.097845
0.202667
0.282758
-0.306521
0.465674
0.110908
0.194520
-0.142310
-0.027626
-0.089984
0.204712
0.033442
-0.249425
0.187624
-0.288173
0.096888
-0.452848
0.241025
-0.014492
0.165422
-0.230478
-0.283319
0.006312
-0.109745
0.126445
0.512433
0.243012
0.243635
-0.068536
-0.200807
-0.330298
-0.467482
0.225159
0.229715
-0.065864
-0.194229
-0.088833
-0.120142
-0.189606
0.096663
-0.042441
0.077410
0.219152
-0.016477
0.130303
-0.271534
-0.199880
-0.483179
0.456099
-0.465086
0.039311
-0.212210
-0.344739
0.014724
-0.271637
0.481772
-0.051043
0.347088
-0.082031
-0.418530
-0.132755
-0.042819
0.155592
-0.373097
0.276896
0.341495
-0.082094
0.360814
-0.628762
-0.115737
-0.062482
-0.108323
0.052720
-0.139099
0.315995
-0.004463
0.169160
0.059713
-0.163498
-0.237910
-0.495455
0.297413
-0.130550
-0.012899
0.120984
-0.077791
-0.164854
-0.180016
-0.325333
-0.180320
0.342435
-0.176764
-0.003685
-0.054648
-0.534213
-0.082382
-0.363556
0.098592
0.016053
0.342651
-0.005248
-0.433171
0.251390
0.036089
-0.212585
0.078997
-0.243127
0.039406
-0.581142
-0.167374
0.254266
0.023766
-0.068820
0.343794
0.200638
-0.356299
0.098627
-0.589998
0.299402
-0.038949
-0.062494
-0.276836
0.205757
0.003517
0.201100
-0.289381
0.405654
-0.183103
-0.313164
-0.216708
-0.152581
-0.012202
0.105636
0.263689
-0.129207
-0.302766
-0.398183
0.306839
0.038591
-0.063100
0.016154
-0.168872
0.172141
-0.010585
-0.111167
-0.583596
-0.212931
0.330655
0.150767
0.213716
-0.219250
-0.389588
0.163541
-0.145251
0.230917
-0.557252
-0.107966
-0.566683
0.219225
0.013786
0.344565
-0.005009
0.038908
0.217995
-0.491448
-0.093520
0.022040
0.081806
0.229976
-0.161214
-0.173182
0.380390
0.099794
0.109949
-0.115331
0.046913
0.212488
0.294239
0.222536
0.247496
0.014809
0.287524
0.282145
-0.171390
-0.027423
0.369094
-0.002614
0.308374
0.034439
0.325213
-0.127123
-0.076888
0.273188
0.139893
-0.036571
-0.016071
0.141154
0.206260
-0.268075
-0.150685
-0.026050
0.090899
0.146508
0.279553
-0.043573
-0.228555
-0.048907
-0.317571
-0.054365
-0.142932
0.113885
0.280215
0.015085
0.009463
-0.384440
-0.031503
0.164353
0.486807
0.212901
-0.123370
0.355648
0.608978
-0.279889
-0.195910
-0.594178
-0.113517
-0.154018
-0.354316
0.390356
-0.191087
0.030167
-0.108499
-0.166151
0.084115
0.363879
-0.095286
-0.170092
-0.349971
-0.014357
-0.296577
0.032028
-0.191136
0.209066
-0.009590
0.048066
0.002064
0.400907
0.016293
-0.410874
-0.101753
0.140356
-0.080365
-0.050238
0.063621
0.046779
-0.098953
0.097892
-0.020882
-0.476924
0.054137
-0.109524
0.049295
0.593084
-0.499307
-0.372124
0.041430
-0.481281
0.253640
-0.150794
0.020899
0.272883
0.039113
-0.328191
0.031991
0.117901
0.087418
0.305592
0.049104
0.064804
-0.207332
0.075486
-0.239493
0.142936
-0.248511
-0.048308
-0.431926
0.079805
-0.349007
-0.072343
-0.070461
0.140451
-0.125885
-0.370013
-0.177623
0.018792
0.198046
0.252644
-0.223093
-0.182309
-0.150403
-0.093342
-0.108846
-0.109363
0.342544
0.249564
0.275600
-0.309290
0.631334
-0.358624
0.173818
0.096141
-0.342290
0.259350
-0.011291
0.398569
0.669284
0.794455
0.197313
0.444938
-0.068238
0.122416
-0.126764
-0.032506
0.087452
-0.148542
-0.201663
-0.044460
-0.171230
0.377855
0.272675
-0.364082
-0.026029
-0.170358
-0.404768
-0.096406
0.226834
-0.394553
-0.120199
-0.589844
-0.018873
-0.291174
0.123348
0.154527
-0.136493
0.106537
-0.200508
0.006921
-0.002990
-0.027626
-0.330847
0.380981
0.076693
-0.272919
-0.313251
-0.212474
0.239307
0.308263
-0.434214
-0.342551
-0.172108
-0.022272
-0.134706
0.012453
-0.216286
0.312928
0.204853
0.021919
0.003508
0.205796
0.387324
0.140200
-0.120536
-0.189723
-0.272363
-0.448068
-0.169292
0.367266
0.405875
-0.078147
0.291992
0.156806
0.266727
0.364788
0.191318
0.114025
0.174205
0.879446
-0.004048
-0.152872
-0.026951
0.057842
0.375029
-0.202099
-0.635900
-0.180491
-0.095048
-0.174522
-0.162765
-0.132043
0.128893
-0.315181
0.013503
-0.255743
-0.288580
0.174507
-0.308153
0.310287
-0.123584
-0.095379
-0.004818
0.162790
0.604564
0.444594
0.256146
0.289495
-0.017155
-0.181687
-0.230528
-0.232844
0.183748
0.146881
-0.004228
0.179277
0.098683
0.270892
0.030762
0.075962
-0.165003
-0.159957
0.210267
-0.205247
0.098563
0.578069
0.213757
-0.178683
0.273637
0.426550
0.222142
0.377175
-0.014574
-0.388627
0.123974
-0.507409
0.113937
0.361224
0.334753
0.040857
-0.233930
0.388403
0.067938
-0.469553
0.165150
0.101790
-0.065356
0.227553
-0.257022
-0.342319
-0.254855
0.057832
0.265479
-0.124681
0.240160
-0.171809
-0.163397
-0.172348
-0.611195
0.065306
0.113506
0.126565
-0.386790
0.133918
0.035488
-0.098965
-0.171504
-0.285033
-0.231151
-0.124874
0.138938
0.327387
0.080483
0.102980
0.196575
0.386337
0.250235
0.505548
0.113516
-0.067039
-0.333368
-0.014733
-0.459800
0.106852
0.154400
-0.030523
0.293946
-0.289945
-0.007871
0.059936
0.298005
0.265220
-0.018455
-0.582087
0.091410
-0.476252
-0.307072
-0.230604
-0.110022
-0.500341
-0.497207
-0.565555
-0.662499
-0.290138
-0.391071
-0.755709
-0.128567
-0.656977
-0.239455
-0.767840
-0.090799
-0.226405
-0.610115
0.079363
-0.706862
0.543525
-0.264330
0.293124
-0.399483
0.146252
0.169504
0.560199
0.206226
0.474637
0.031972
0.712924
0.205596
0.860108
-0.074382
0.256588
0.346300
0.669674
0.710924
0.716734
0.605749
0.743052
0.021596
0.619247
0.206345
0.447360
0.760065
0.539301
-0.046120
-0.451199
0.083420
0.608191
-0.324801
-0.416870
-0.040025
-0.239766
-0.223927
-0.354096
-0.566581
-0.148662
-0.216622
-0.389925
-0.132546
-0.511905
0.086658
-0.324879
-0.405226
-0.321017
0.079836
0.246790
-0.140897
-0.344140
-0.088247
0.292613
0.348435
0.091151
0.103048
0.192305
0.283708
-0.081191
0.500485
0.073198
-0.084748
0.074009
0.403611
-0.174569
-0.255576
-0.575434
-0.203558
0.092348
-0.188787
-0.028594
-0.015747
0.432793
-0.574664
-0.085662
-0.035744
-0.450013
-0.215159
-0.052443
0.453156
-0.015886
-0.034420
0.167551
0.322491
0.354447
-0.265191
-0.095061
-0.272676
0.250376
0.277589
-0.284696
0.130242
0.509580
0.066285
0.291113
-0.046097
0.505691
-0.231460
-0.106591
-0.289611
0.166496
-0.047758
-0.496608
-0.141345
0.053347
-0.351525
0.171714
-0.284299
-0.316915
0.055928
0.124315
-0.082360
0.001987
0.092080
-0.043545
0.231267
0.019377
-0.361742
-0.086416
-0.101477
0.210545
0.089446
0.129818
0.186064
0.093468
0.059337
0.137180
0.134437
0.067691
0.169927
0.095428
0.268230
0.180026
-0.675882
0.199049
0.376935
0.177544
-0.015665
-0.174208
-0.016573
-0.172647
0.142993
-0.277325
0.362676
-0.077240
-0.112375
0.105546
-0.011076
-0.077733
0.445940
-0.075608
-0.209931
-0.301663
0.174198
0.050695
-0.034771
0.563138
-0.025283
-0.496815
-0.345130
-0.084045
-0.532418
0.356354
-0.212607
-0.088013
0.076021
0.079342
0.039027
-0.097340
-0.008767
-0.045415
-0.008786
0.165646
-0.029897
-0.380806
0.201453
-0.165949
-0.128713
0.294906
-0.389543
-0.595347
0.199837
0.088669
0.095170
-0.178715
0.016262
-0.136790
-0.044203
0.232776
-0.239940
0.017198
-0.278215
-0.396752
0.131175
0.144402
0.226805
0.228411
-0.154371
0.243704
0.300970
0.221722
-0.078367
-0.057130
0.383888
-0.027375
0.174532
-0.196390
-0.226079
0.030151
0.042212
-0.399273
0.022880
-0.336488
0.262473
0.512754
0.003449
0.172558
0.359797
-0.082120
0.083701
-0.228216
0.354999
-0.029249
-0.066720
0.021134
-0.048425
0.217909
0.002545
-0.306312
-0.403792
0.005125
0.140680
0.263039
-0.049162
0.239197
0.070470
-0.048968
0.151567
-0.473188
-0.024315
0.080155
0.045257
0.028586
0.142281
0.445007
-0.146836
0.073273
-0.012354
0.301080
0.277834
-0.006053
0.223748
-0.186379
0.055037
0.358007
-0.189538
0.410204
0.473676
0.199844
0.461182
0.002235
0.032819
0.008864
0.121937
0.235505
-0.109463
0.201629
0.011221
-0.044002
-0.288327
0.360178
0.335016
0.314352
-0.728516
-0.278751
0.098555
0.240631
-0.360925
0.313650
-0.098255
0.073960
-0.153345
0.303730
-0.158591
0.132435
-0.449856
0.225786
0.025395
-0.012477
0.055594
-0.496565
0.323458
-0.156054
0.274162
0.008024
-0.238468
-0.247223
-0.192124
0.500910
-0.023175
-0.052332
-0.242318
0.045320
0.348503
0.135552
-0.006626
0.168198
0.222760
0.007271
-0.304081
0.035499
-0.171615
0.201129
-0.141410
-0.098450
0.295371
-0.076144
-0.131829
-0.498380
0.069004
0.375140
0.039421
0.033888
-0.212288
-0.177581
0.438820
-0.066060
-0.029576
-0.077847
0.183474
-0.362166
-0.153401
-0.205753
-0.393688
-0.081768
-0.186998
-0.293091
0.185326
0.204127
0.475516
-0.289490
-0.163559
-0.259756
-0.010191
0.246190
-0.115808
0.330178
-0.257216
-0.514401
-0.116983
0.016008
-0.040340
-0.026863
-0.085476
0.312973
-0.008508
-0.297923
0.160973
-0.123810
0.130654
0.298012
0.138331
-0.085191
0.068762
0.044102
0.581050
0.028924
0.104515
-0.144419
-0.247263
-0.160426
-0.250282
0.168174
-0.106434
0.129374
0.047508
-0.115849
0.118362
-0.144763
0.186731
0.089944
0.623880
-0.086536
-0.382542
-0.305771
0.140629
0.284815
-0.210250
0.608991
-0.330651
0.509697
0.480264
-0.374041
0.161467
0.085706
-0.138819
-0.046687
-0.082117
-0.261835
-0.365741
0.131760
-0.094678
-0.074021
0.303201
0.050550
0.372540
-0.237768
0.099086
0.368081
-0.113806
-0.021808
-0.262699
-0.050864
0.169343
-0.467649
-0.116881
0.059278
0.012758
-0.232985
-0.266575
-0.221007
-0.183901
0.179410
-0.062208
0.434857
-0.219121
-0.275380
-0.201900
-0.136349
-0.135880
-0.461415
-0.152419
-0.435214
-0.222958
0.084615
0.337761
-0.030258
0.031287
0.488079
0.120343
-0.196678
-0.178347
-0.244028
-0.377987
0.348512
-0.069032
-0.002790
-0.247262
-0.646280
-0.110272
0.043855
0.299174
0.172432
0.014850
0.288190
-0.241972
0.157700
0.168257
0.153967
0.096900
-0.024292
0.230181
0.261030
0.187219
0.186575
0.282190
-0.235715
0.139529
0.031790
0.134145
-0.274480
0.134793
0.490788
0.112219
0.121586
-0.044169
-0.021574
-0.366816
0.030009
0.623357
-0.050498
-0.332495
0.268708
-0.176685
0.458807
-0.147175
0.124246
-0.345467
-0.130284
0.461834
-0.371139
-0.097417
0.182114
0.265849
0.125493
0.119096
0.106188
0.005183
0.309998
0.145809
0.253298
0.116731
-0.014916
0.631010
0.065415
0.298911
0.272943
0.168471
-0.077925
0.513257
-0.201646
0.334965
-0.332682
-0.322673
0.011296
-0.295374
0.082784
-0.204197
0.133425
0.044143
-0.095625
0.422763
0.629174
0.057892
-0.207004
-0.129619
-0.140293
0.429767
0.316737
0.259796
0.363157
-0.215283
-0.190873
0.053214
-0.139525
0.115775
0.112817
-0.407225
-0.278480
0.049061
-0.681841
-0.184643
0.069502
0.432065
0.030397
0.179872
0.194122
0.178262
0.205024
0.290261
-0.122267
0.181485
0.181110
0.354520
-0.175006
-0.016640
-0.038718
0.224263
-0.131120
-0.017744
-0.094980
0.217298
-0.085742
-0.343243
0.454796
0.332858
-0.092739
-0.601781
-0.311248
0.148718
0.057938
-0.305025
-0.049944
-0.171987
0.159130
0.342580
-0.136901
-0.151428
0.070202
0.274122
0.211059
0.001161
-0.265410
0.183956
-0.091263
-0.323105
0.143060
-0.338523
0.336832
-0.036655
0.280334
0.337875
0.292876
-0.031462
0.504014
-0.019529
0.249503
-0.372354
-0.023143
-0.267853
-0.264986
0.131006
-0.076771
-0.292211
0.108961
-0.086044
-0.416683
-0.080913
-0.084542
0.003705
-0.606824
0.209829
-0.246452
-0.155569
-0.368114
-0.114741
0.449837
0.018199
-0.156222
0.154961
0.336582
0.142744
-0.252132
0.223573
0.090655
0.236970
0.177566
0.021581
0.155026
0.107381
0.164786
-0.186313
-0.245351
-0.362939
-0.466842
-0.269554
0.125158
0.182444
0.230548
-0.505849
0.096158
-0.459472
-0.109734
-0.142817
-0.254418
-0.374092
-0.177379
-0.202571
-0.021704
0.002907
-0.124690
0.172388
-0.010462
-0.153520
-0.026736
0.132323
0.268629
-0.039530
0.251331
-0.030048
0.181014
-0.328492
-0.084438
0.051521
0.110792
0.170568
-0.000444
0.073284
-0.275683
0.329090
-0.424729
0.273553
-0.104650
-0.183455
0.168533
-0.046585
0.004713
0.227736
-0.245237
-0.229088
-0.093831
-0.374901
0.139088
-0.059325
-0.186557
-0.035954
0.104090
0.059335
0.142996
0.118295
0.203055
-0.468990
0.009726
-0.100071
-0.034137
-0.010310
-0.307310
-0.363770
-0.178097
-0.055114
-0.065034
-0.031197
0.043312
-0.666461
-0.385965
-0.427674
-0.132404
-0.248758
0.006848
-0.300352
0.362063
-0.198554
0.170090
-0.409382
-0.133525
-0.171223
0.678346
-0.115344
-0.047097
-0.148462
-0.313732
-0.027597
-0.391895
-0.406181
0.389400
-0.045994
-0.010479
-0.028816
0.400978
0.348851
-0.022147
0.413118
0.475976
-0.316560
-0.074926
-0.020257
-0.135744
-0.053641
0.023730
0.184510
0.148249
0.134379
-0.265473
0.337625
0.231439
0.039249
0.074303
-0.570306
0.210153
-0.051318
0.537887
0.106071
0.370571
-0.214841
0.140047
0.149566
-0.076210
-0.015005
0.125600
-0.068201
0.034927
0.084333
-0.220659
0.238964
0.090435
0.126506
0.191909
-0.096335
0.116053
-0.048167
-0.163476
0.492771
0.361255
-0.137332
-0.147349
-0.275159
-0.360386
0.245480
0.000577
0.210328
0.171805
0.129190
0.419682
-0.044215
0.133898
-0.323186
0.076278
0.099959
-0.125049
0.381899
-0.292940
-0.526079
0.577368
0.035588
-0.228475
0.176580
-0.308849
0.533458
-0.260435
-0.002283
-0.409611
-0.277170
0.127850
-0.126711
-0.095425
0.202526
0.062050
-0.105636
0.243990
0.081223
0.250576
-0.029042
-0.319050
0.152603
0.164063
-0.110754
-0.381555
0.139886
0.015461
0.151610
-0.103609
-0.547421
0.014472
-0.249207
-0.125023
0.018605
0.274230
0.030698
0.082438
-0.052849
-0.240584
0.679976
-0.130262
-0.367056
0.291805
-0.133147
-0.479983
-0.179327
0.149532
-0.078890
-0.285252
-0.247880
-0.080909
0.159801
-0.626534
-0.066358
0.209216
0.044799
0.374542
-0.073505
0.144690
0.059455
0.254587
-0.012894
0.301517
-0.142488
0.330414
0.209761
-0.045622
-0.142186
0.200389
0.014998
-0.176763
0.067263
-0.039309
0.417637
-0.078600
-0.334411
-0.235219
-0.366819
0.173190
0.112208
0.059231
-0.393307
-0.159815
-0.068030
0.281124
0.103740
0.024264
-0.365119
-0.558409
0.155344
-0.313018
-0.014600
0.105904
0.244862
-0.330906
0.505439
-0.134978
0.242013
0.349542
0.375408
0.081098
-0.103411
-0.056222
0.016704
0.063275
0.148824
0.058152
-0.330882
-0.102835
-0.260613
-0.408539
0.058551
0.158859
0.020457
-0.123283
0.432185
0.205067
0.061597
0.058613
0.184229
0.230186
-0.430375
0.109117
-0.224385
-0.421200
0.051749
0.284476
0.146294
-0.031125
0.373732
0.008621
-0.070167
0.106916
0.068726
-0.008175
-0.044812
-0.296299
0.167505
0.075026
0.067319
0.132207
-0.225900
0.073633
0.232705
0.230135
0.138815
0.039287
-0.293920
-0.175558
0.213279
-0.263615
-0.160482
0.181825
0.160336
0.383574
-0.095167
-0.302579
0.302788
0.326440
0.219338
0.175768
-0.306817
-0.267357
-0.109628
0.356986
0.366741
0.036142
0.165851
0.246607
0.048627
0.094438
0.011927
-0.548253
-0.010138
0.304546
-0.178922
-0.065467
0.040246
0.157236
-0.189410
0.049199
-0.207377
-0.242388
-0.009755
-0.342494
-0.797671
0.047361
-0.508961
0.117772
-0.123921
0.118696
-0.151032
0.188775
0.315322
-0.131040
-0.715745
-0.343123
-0.019316
0.189196
0.633913
-0.096908
-0.255905
0.312477
0.082831
0.430856
0.160098
0.946605
-0.009166
0.479371
0.218087
-0.014661
-0.009083
-0.036221
-0.109202
0.033624
-0.006964
0.360007
0.158156
0.443358
0.295821
-0.333818
0.054566
0.036064
-0.035476
0.080791
-0.075974
0.309942
-0.004553
0.222760
0.017841
-0.008279
0.136440
0.149835
0.249840
-0.058282
0.010881
-0.078113
0.038097
-0.160978
0.261199
-0.088612
0.085403
0.067251
0.139836
-0.677030
0.000688
0.150208
0.648622
0.000487
-0.077130
0.190362
0.390183
-0.243020
-0.214451
0.198096
0.030188
-0.086763
-0.233581
-0.172353
-0.110845
0.059982
-0.125757
0.119705
-0.555973
0.133654
0.015905
-0.613320
0.366364
0.176087
-0.271906
-0.235763
0.241619
0.119750
0.213916
-0.227751
0.175263
0.044034
-0.207438
-0.220589
0.213465
0.072977
-0.004248
-0.310532
0.258571
-0.336143
-0.028875
0.009606
0.282859
-0.169571
-0.299714
-0.570518
-0.062234
-0.427667
0.122249
0.127637
0.081886
0.128211
-0.196186
-0.045193
0.008927
-0.232778
-0.149065
0.722902
-0.229188
0.084323
-0.572416
0.212550
-0.240597
0.199422
0.075678
-0.040745
0.078960
0.222386
0.059396
-0.462766
0.059857
-0.332913
-0.103265
0.092746
0.367822
0.081440
0.346576
0.181658
-0.462321
0.020361
0.083165
0.220999
0.108029
-0.021403
-0.095719
0.185510
0.080436
0.161272
-0.115011
0.441366
-0.012887
-0.579425
-0.437481
0.117324
0.090656
-0.243685
0.033937
0.069933
0.000890
0.102727
0.339352
0.184904
0.218674
0.117910
0.199928
0.033439
-0.317441
0.104005
-0.232579
0.065431
0.170309
0.132050
-0.497703
0.075960
-0.381983
0.101735
0.166843
-0.256761
-0.282744
-0.283894
-0.239532
-0.166006
-0.285518
0.241075
-0.158420
0.378069
0.417104
0.107675
-0.262811
-0.148917
0.356859
-0.111661
0.225326
0.053862
0.275700
0.201266
-0.110135
-0.298167
0.021108
0.242910
0.019198
0.033281
0.419531
-0.351838
-0.215164
-0.103764
-0.055168
-0.147007
-0.135489
0.162586
0.375415
-0.008672
-0.121942
0.062122
-0.281076
0.082589
0.022360
0.060522
0.100585
-0.243158
-0.273119
-0.182438
0.011731
-0.079637
0.384367
-0.174954
0.075710
-0.134584
-0.188263
-0.125647
0.070928
0.056982
-0.167640
-0.078099
0.226229
-0.035639
0.099051
0.320861
-0.197474
-0.043044
-0.202960
-0.058659
-0.040773
0.024905
-0.279591
0.074995
-0.034738
0.307481
-0.074373
-0.096589
-0.021457
-0.291600
-0.102514
0.223922
-0.118118
0.006190
-0.226609
0.009727
-0.017216
-0.317770
-0.113292
0.394817
0.352111
-0.174395
-0.396199
0.145544
0.297088
0.153668
-0.139729
0.240683
0.043097
0.481044
0.136746
-0.370965
0.387206
-0.138349
0.222019
-0.313916
0.035335
-0.117988
-0.125645
0.522285
-0.169277
-0.104078
-0.087597
-0.060609
-0.117384
0.374790
-0.011365
0.130551
-0.372184
0.053027
-0.451508
-0.294322
-0.121762
0.146790
-0.026215
0.302956
-0.094342
-0.109762
-0.047470
0.250236
0.101029
0.135923
-0.764621
0.163614
0.397177
-0.289011
-0.230399
-0.244872
0.097719
0.025810
-0.376655
-0.225617
-0.260938
-0.091309
0.018047
-0.473994
0.250069
-0.044606
-0.247665
-0.009413
0.053815
-0.312553
-0.018681
0.372738
-0.206292
0.133242
-0.248293
0.031988
0.219475
0.223688
0.071791
-0.203515
-0.202152
-0.205523
-0.061994
-0.251328
0.205646
0.105429
0.138482
0.188951
-0.035128
-0.165145
-0.294943
0.293533
0.288434
-0.349478
-0.276713
-0.048465
0.140582
0.174994
-0.023040
0.131123
0.022974
-0.031492
-0.110044
0.257998
-0.032404
-0.267762
0.449381
0.074390
-0.100839
0.172587
0.366971
0.127444
-0.217596
0.076960
-0.252456
0.279400
0.112765
-0.052586
0.513392
0.303467
0.357691
-0.425205
-0.461500
-0.342982
-0.042079
0.017134
0.524569
0.074316
0.010655
-0.258216
-0.197613
0.361599
0.049456
0.035843
0.243129
0.176790
0.478785
-0.286355
0.072850
-0.075601
-0.133279
-0.083542
0.176442
0.150591
0.231444
0.198081
-0.342088
0.204018
0.122849
0.281629
-0.049993
-0.005921
0.161541
0.747838
-0.040963
-0.260598
0.368851
-0.030038
-0.257330
-0.309716
-0.312055
-0.246558
0.318925
0.068098
0.122909
0.240000
0.615828
-0.034132
0.449209
0.364459
-0.125423
0.307856
-0.021108
-0.193951
-0.191093
-0.136935
-0.123184
0.480506
-0.443529
-0.170852
0.040634
-0.158161
-0.091024
0.099336
-0.022355
0.266587
0.065350
-0.367978
0.019182
-0.038354
0.029223
0.397754
0.051356
-0.363863
0.217414
-0.324705
0.293998
-0.151645
-0.131114
0.309405
0.383504
0.371112
-0.309254
0.031342
-0.259188
0.098439
0.012309
0.178146
-0.389819
-0.399595
-0.175572
0.034198
-0.145233
-0.461039
0.267856
0.099229
0.390271
-0.186346
0.282684
0.099212
0.141697
-0.178284
0.151844
-0.443575
0.267714
-0.252617
-0.417044
0.210537
-0.168899
-0.207073
0.204688
0.118591
-0.133354
0.052896
0.050861
-0.424763
0.083293
0.048586
0.282103
0.010354
-0.085627
0.025721
0.030831
0.155971
-0.080123
-0.196334
-0.136351
0.070780
-0.005466
0.111476
-0.491995
-0.018517
0.271339
0.176027
0.073642
0.060833
-0.121713
0.083930
0.126580
-0.053968
-0.263538
-0.242215
0.032792
-0.180972
-0.003764
-0.125645
-0.291755
0.183080
0.021593
-0.235580
-0.132073
0.125223
-0.125679
0.041785
-0.118575
-0.136009
0.287512
-0.020512
0.304346
0.364019
-0.043583
0.276446
0.186355
0.193948
-0.057352
0.015238
-0.188614
0.338547
0.062131
-0.280902
-0.226200
-0.420502
0.555662
0.198848
-0.569998
0.088515
-0.287088
0.127092
0.351543
0.165890
0.333966
-0.430234
0.051493
0.243360
-0.043412
-0.178198
-0.162730
0.313761
0.128206
0.272419
-0.213063
-0.021215
-0.202987
-0.178678
-0.451343
0.245992
0.352397
-0.319748
-0.071360
-0.289733
0.184420
0.116213
-0.022209
-0.219129
-0.066082
0.314192
0.237681
0.228724
-0.536839
-0.377465
-0.340624
0.262631
-0.163618
-0.205323
-0.012436
-0.234665
0.140894
0.212866
0.025804
-0.663653
-0.367422
0.084411
-0.238808
0.018294
-0.089232
-0.028546
-0.023693
-0.004282
0.063522
0.067405
0.046729
0.015952
0.195744
0.081771
0.314016
-0.042277
0.217818
-0.526376
-0.271791
0.334766
0.174452
0.156622
-0.343707
-0.045841
0.326617
0.318757
-0.594037
-0.207183
0.412759
0.257530
-0.310986
0.383333
-0.212794
0.464797
0.178039
-0.149408
0.072309
0.159140
0.207811
0.299190
0.277717
0.455139
0.062148
-0.166078
-0.227392
0.033311
0.206878
-0.168308
0.166726
0.230365
0.026098
0.194066
0.258313
-0.381852
0.346929
-0.096445
0.250919
0.056159
-0.151577
0.613431
-0.123061
-0.424746
-0.079258
0.025080
-0.331526
-0.056827
-0.479454
-0.275575
0.384203
-0.076543
-0.177395
0.159277
0.238105
0.058030
0.263164
0.348407
0.156715
-0.081629
0.314640
0.185093
-0.027097
-0.068161
-0.108039
-0.214785
0.166125
-0.139136
-0.192593
-0.223582
-0.185047
0.279954
-0.421621
0.499522
-0.134499
0.341205
-0.562927
-0.022974
-0.405707
0.091639
0.170744
0.162665
0.299359
-0.141964
0.099034
0.039581
-0.002533
0.263811
-0.047322
0.425444
-0.077277
-0.169270
0.222810
-0.357905
0.221088
0.294593
-0.430258
0.327393
0.154195
0.094683
0.194068
-0.066095
0.414677
0.025648
0.135674
-0.121234
0.420533
-0.328984
0.320482
0.045917
0.001203
-0.267596
0.201263
-0.022093
0.077299
0.080215
-0.062647
0.195303
-0.390246
0.261986
0.342719
0.044763
0.132363
-0.036957
-0.062091
0.066299
-0.249034
-0.503204
0.073402
0.116206
-0.157361
0.004052
0.108913
-0.129105
0.048584
0.191993
0.228626
0.134504
-0.340715
0.093909
0.048985
-0.499605
0.104590
-0.301647
0.357601
0.276295
0.261889
0.206049
-0.286300
-0.089555
-0.101250
-0.158896
-0.047459
-0.101184
0.206248
0.109006
0.134639
0.066233
-0.090234
0.117567
0.065197
-0.088041
-0.140327
0.252146
-0.085596
0.072547
0.066626
0.104684
0.267156
-0.454616
0.585086
-0.008018
0.227405
0.061638
0.299133
-0.113925
-0.267652
0.149003
0.126425
-0.255830
-0.321466
-0.044559
0.292529
0.162214
-0.161826
0.183329
0.142760
-0.191689
-0.280549
-0.235032
-0.115430
-0.010930
0.086213
0.050479
-0.394580
0.657236
-0.085684
-0.056488
0.119358
-0.043715
0.478636
0.066232
-0.009463
0.273209
-0.272240
-0.084677
-0.349350
0.092412
-0.180420
-0.065517
0.134762
0.017713
0.372824
-0.151311
0.096210
-0.257257
-0.069355
-0.095432
-0.259200
0.378805
-0.404875
-0.419451
0.380571
0.027419
0.183723
-0.262058
0.249504
-0.245578
0.201902
0.210698
0.262583
0.118273
0.091755
-0.614036
-0.216437
-0.134599
-0.240775
0.268794
-0.303509
0.283090
-0.198933
0.203243
0.182560
0.503144
0.215742
-0.145154
0.219263
-0.026606
0.117562
0.125687
0.513794
-0.079460
-0.102009
0.084375
-0.397070
-0.336969
-0.262970
0.265198
-0.132374
-0.018209
0.251668
-0.487822
0.449093
-0.330050
0.153744
-0.060465
0.221735
-0.015656
0.158397
-0.006311
0.400423
0.167954
-0.259265
-0.094764
0.085464
0.138290
0.480783
-0.039461
-0.376888
-0.064049
-0.007549
-0.133689
-0.225477
-0.225642
0.293660
-0.151454
-0.066207
-0.115167
0.157731
-0.489153
0.111649
0.259169
0.096679
-0.188214
0.293770
0.367404
-0.430761
-0.085901
0.311518
0.251309
0.144749
0.071779
-0.377403
0.374204
0.315860
0.340181
-0.430198
-0.042681
0.453764
0.046281
0.177657
-0.023890
0.185680
0.037604
-0.113331
0.169018
0.079376
-0.167798
0.127589
-0.019862
-0.005033
0.001313
0.057169
0.238334
0.040285
0.167276
-0.070539
-0.062521
-0.322202
0.241274
-0.250105
-0.090462
0.230496
0.029358
-0.118713
0.243052
0.049248
-0.094961
-0.179167
0.133599
0.111011
-0.626233
0.045121
-0.014259
0.209567
-0.010357
0.227025
0.153231
-0.199621
0.298584
0.170712
0.180638
0.300332
-0.104488
-0.290552
-0.165464
-0.214609
0.041188
-0.092260
-0.054904
-0.081303
-0.070370
-0.517411
0.095847
-0.087783
-0.484372
0.359074
-0.161452
0.293818
-0.246488
-0.176553
-0.515129
0.375811
-0.235026
-0.129800
-0.226936
-0.159322
0.146384
0.106897
0.134809
-0.244168
0.145261
0.155032
-0.070378
0.193702
0.119834
-0.257748
0.319370
-0.035721
0.200710
0.224689
-0.554492
0.203475
-0.112522
-0.523767
-0.056068
0.184256
-0.243353
-0.013857
0.298466
0.166779
-0.132928
-0.087881
0.192064
0.565571
0.031350
-0.170732
-0.090305
-0.323482
-0.338952
-0.085471
0.082416
-0.152867
0.028342
0.146014
-0.136359
-0.053273
-0.103662
-0.053046
0.189714
0.344326
0.323541
0.268944
0.337702
0.042569
0.136144
-0.028427
0.268426
-0.102768
-0.077770
-0.026876
0.153284
0.221321
0.241045
0.373773
-0.030347
0.469242
-0.269224
0.409621
-0.026383
0.077930
0.031707
0.128166
-0.149671
-0.489542
-0.105102
0.530167
-0.027068
0.100614
0.018119
-0.178783
-0.305820
0.075429
-0.604626
0.134449
-0.284814
0.159436
0.075868
-0.120371
0.287666
0.177022
0.148057
-0.379326
0.332498
0.010377
0.473858
0.043354
-0.239028
-0.154767
-0.178590
-0.423885
-0.024459
-0.103088
-0.014602
0.155725
-0.103370
-0.240498
-0.359121
-0.260196
-0.307062
-0.528014
0.320569
0.055239
0.040683
0.214831
0.236643
0.038278
-0.170814
0.113494
0.239197
0.216057
-0.064208
0.102716
0.028728
0.154466
-0.220511
0.208070
-0.151116
-0.491963
0.224720
-0.087802
0.457141
0.372524
0.149377
0.083770
0.120383
0.286206
0.019473
-0.306070
0.074326
-0.290246
-0.103839
0.079725
-0.260075
-0.157692
-0.046735
-0.221537
-0.268747
-0.166495
-0.024339
0.232344
-0.180916
-0.149436
0.142422
0.110738
0.062646
0.042676
0.239264
0.120486
-0.267557
-0.293612
0.507568
-0.297398
0.117322
-0.486846
0.100511
-0.249468
-0.003262
-0.103749
0.106374
0.360389
-0.075037
-0.009948
-0.137613
-0.372483
-0.076532
0.013563
-0.268615
0.055209
-0.334432
-0.052547
0.031643
-0.148897
0.534375
-0.140854
0.451755
0.661249
0.113551
-0.042174
-0.218524
-0.439591
0.136714
-0.170075
0.079546
-0.010197
0.196796
-0.273356
0.446755
-0.051045
0.012864
0.175331
0.294685
-0.181241
0.231592
-0.129404
0.126153
0.133537
0.082923
-0.511487
-0.072783
0.225959
0.086534
0.102255
-0.195677
-0.286553
-0.301612
0.610059
0.217214
-0.046080
-0.107878
0.408851
0.177086
0.562694
-0.068912
0.097018
0.014887
0.171532
0.282915
0.099175
-0.163079
0.121341
-0.580498
0.367010
-0.345607
-0.546530
0.212903
0.078425
0.347636
-0.035842
0.616873
0.186881
-0.146712
0.386913
-0.073278
0.153782
0.037146
-0.354607
0.123135
0.220813
0.325943
0.204650
-0.410418
-0.061191
-0.238550
-0.120760
-0.091385
-0.345619
-0.138971
0.167886
-0.240817
0.260107
0.235372
-0.059755
-0.266742
0.488789
0.105518
0.041799
0.006740
0.035590
0.044771
-0.110561
0.159012
-0.251332
-0.075930
-0.050112
0.077693
0.378112
-0.161586
0.168545
-0.015249
0.471138
-0.024442
-0.078911
-0.021339
0.335783
0.030070
-0.036692
0.361035
-0.060087
0.668716
-0.028567
-0.156261
-0.269587
-0.277517
0.100206
-0.321972
0.399973
-0.144751
-0.301276
-0.154489
-0.035646
-0.042475
-0.047927
-0.306727
-0.087092
0.208933
0.105728
0.251477
-0.140144
-0.336538
0.149560
-0.179565
0.139757
0.049511
-0.120204
-0.183093
0.191484
-0.056220
0.146352
0.030800
-0.168408
-0.138386
0.007893
0.070482
0.352867
0.298259
0.174045
0.045580
-0.416492
-0.148936
-0.094920
0.222412
0.029195
-0.016010
-0.312888
-0.054551
0.236505
0.019328
0.410259
-0.368695
0.374897
0.252677
-0.187481
0.367451
0.754073
0.179019
0.026158
0.361554
0.145602
-0.204318
-0.384638
0.233784
0.101561
0.075357
0.874266
0.291935
-0.102078
