0.143239
0.418808
0.103134
-0.376828
0.559300
-0.013342
0.063376
0.034824
0.094823
0.277985
0.394964
0.150200
0.008578
0.356723
-0.065935
-0.072313
-0.106946
0.280977
-0.078137
0.158042
-0.235080
0.163126
0.257521
0.031893
0.259412
-0.283397
0.235651
0.477238
-0.211761
0.191685
0.107446
0.024175
-0.069804
0.200343
-0.250787
0.280439
-0.008501
0.177642
0.076590
0.114943
-0.300533
0.356310
0.144678
-0.352746
0.019470
-0.088039
-0.166887
0.447087
-0.212584
-0.088451
0.052429
0.119813
-0.139556
0.139848
0.238779
-0.086104
0.249806
-0.252205
-0.286209
-0.196492
0.258710
0.264338
0.327755
0.155858
-0.210004
0.251163
-0.025427
0.193591
-0.114840
-0.002403
-0.107725
-0.187059
0.485430
0.036451
0.000177
-0.152316
-0.276899
0.043021
-0.065552
-0.188149
-0.008989
-0.220737
-0.020932
0.025246
-0.178321
-0.024748
0.324832
-0.030690
-0.157413
0.280257
0.129043
0.055228
-0.167987
-0.379828
-0.170309
-0.247315
0.539441
-0.449745
-0.004346
0.226023
-0.326088
0.006470
-0.046863
0.076849
-0.132925
0.102502
0.430085
-0.162785
-0.089414
0.348024
-0.299494
-0.168499
0.012437
0.422834
-0.068387
0.141072
0.623180
-0.008321
0.228676
0.357865
-0.064340
-0.313196
0.133812
0.180159
-0.008466
0.099142
0.290642
0.297104
0.110745
-0.171105
0.103787
0.091749
-0.086048
-0.026659
0.231772
0.239537
0.089580
-0.138184
-0.094324
-0.475260
-0.027455
-0.050402
-0.034728
-0.515302
-0.497908
0.246639
0.278108
-0.239291
0.691010
-0.392483
0.291818
-0.267301
0.068071
-0.084565
-0.000995
0.340659
0.114204
0.319641
0.117603
0.110165
-0.818895
0.112580
0.204616
-0.183288
0.285989
-0.343531
-0.188932
0.163612
0.088878
-0.226559
0.234190
-0.191431
0.103675
-0.046774
-0.426962
0.067139
-0.101162
0.410457
0.645598
0.103307
-0.102867
0.132820
-0.191897
0.434607
0.078458
0.051153
-0.286949
0.395807
-0.246210
-0.160952
0.052699
0.359625
0.173314
-0.173036
0.343288
-0.009237
-0.101248
0.118022
0.026765
0.093949
0.120879
0.390355
-0.142812
0.409474
0.334408
0.089437
0.338001
0.394039
-0.321777
0.193362
0.025228
-0.211913
-0.219642
0.178919
-0.242217
-0.223251
0.168451
0.002913
0.135738
0.026662
0.080800
0.038863
-0.163568
0.022622
0.030710
-0.294475
-0.269658
-0.335986
-0.078452
0.024093
0.103403
0.102888
0.416641
0.567112
-0.099668
-0.316735
0.023478
0.052962
-0.098133
-0.075622
-0.334950
0.153395
-0.027727
0.076013
0.007290
0.058018
0.199976
0.222424
-0.074328
0.127868
0.161898
0.011609
-0.047062
0.458181
-0.668728
0.271768
0.165883
-0.143224
0.099239
-0.051659
0.166459
-0.389391
0.002466
-0.542602
0.152795
-0.042939
0.131361
0.464532
0.314236
-0.019135
0.060605
0.045172
0.206318
0.084111
-0.116920
-0.263964
-0.383338
-0.281851
0.098394
-0.196651
-0.272038
0.244988
0.007905
0.649663
-0.350920
0.062233
0.022793
0.265944
0.300566
0.060583
0.267797
0.089213
0.098014
0.083183
-0.125677
0.198667
-0.022760
-0.151979
0.538956
0.153717
-0.028003
0.046564
-0.651559
0.049043
-0.292716
0.421045
0.512481
0.286086
-0.054944
0.084973
-0.039489
-0.484758
-0.148922
-0.094935
-0.158137
0.200126
0.346891
0.159148
0.150315
-0.130014
-0.431286
0.210764
0.080446
-0.225494
-0.268135
0.214627
-0.129321
-0.082774
0.076267
0.155737
-0.415884
0.188487
0.290007
-0.326642
0.370274
-0.216341
0.160266
-0.045406
-0.348618
0.164652
0.199570
-0.262482
0.263000
0.066135
0.240961
-0.030287
0.605804
0.123191
-0.206196
0.086847
-0.169826
-0.098042
-0.062195
0.066818
0.164045
-0.349776
-0.332077
0.273270
-0.115891
0.074696
0.444950
0.002719
0.335581
-0.019614
0.274107
0.423150
-0.027731
0.106680
0.414825
0.446202
0.076437
-0.365149
0.364670
0.392520
-0.051706
0.081091
0.003908
0.009104
-0.378175
0.041324
0.193119
0.115602
-0.004720
0.873674
-0.094940
-0.133789
0.092362
0.041209
-0.081488
0.236948
-0.147057
-0.077558
-0.033805
0.208046
0.010427
0.033357
0.346014
-0.133143
0.198384
0.287889
-0.152210
0.211787
-0.180552
0.101583
-0.027471
-0.059965
-0.136263
0.092045
-0.130982
0.151164
-0.331639
0.044179
0.318504
0.022705
0.086164
-0.461663
-0.292741
0.299698
-0.011596
0.178765
0.283591
-0.412771
-0.023215
0.123240
-0.246729
-0.359604
-0.025229
0.166051
-0.049147
-0.573729
0.474442
0.179327
-0.262921
-0.054135
0.389793
-0.226751
-0.173193
0.000387
-0.362051
0.252842
-0.021665
-0.122096
0.089633
-0.099234
-0.109593
0.031553
-0.735292
-0.026803
0.015466
0.483123
-0.261232
-0.083552
-0.086570
0.218897
-0.124811
-0.271085
-0.531123
0.397696
0.367440
0.330579
-0.198676
-0.025848
-0.095394
0.130534
0.033728
-0.017442
-0.077210
0.381157
-0.037951
0.002288
0.020298
-0.141363
0.275904
-0.277596
-0.133121
-0.131259
0.069737
-0.206374
-0.412714
-0.494582
0.327227
-0.283109
0.192956
0.018377
0.108834
0.242688
0.066224
-0.185058
0.159171
-0.189773
0.127698
0.330447
-0.096339
0.222824
0.356742
-0.074040
-0.530547
0.156924
-0.099357
0.302970
-0.421253
0.425411
-0.329206
0.265404
0.271988
-0.135888
0.083905
-0.109905
0.024394
-0.154656
-0.209670
0.226183
-0.105516
0.135010
-0.241744
0.019171
-0.075853
-0.137949
0.370171
-0.248363
0.446264
-0.274985
0.160116
0.305433
-0.008161
-0.231867
-0.017408
0.232212
-0.479773
0.327005
-0.147303
0.057368
-0.267658
0.410899
-0.346976
0.038067
0.033923
0.103864
-0.011879
0.318184
0.099806
-0.150793
0.083010
0.405104
-0.162005
0.234393
-0.185814
-0.268582
0.032216
-0.053093
-0.062160
0.165682
0.142161
0.427368
-0.198021
-0.361809
0.211293
0.110600
0.195442
0.206254
-0.129619
0.022198
-0.005582
-0.080536
-0.258851
-0.011377
0.283953
0.432606
-0.585720
-0.199350
-0.210949
0.229663
0.177784
-0.389584
-0.479486
-0.496353
-0.115164
-0.083459
0.129123
-0.362741
-0.028199
0.194627
-0.120409
0.274486
0.126591
-0.329193
0.465481
0.254032
-0.298467
0.346060
-0.189531
0.196901
-0.164181
0.336603
0.214023
0.036055
0.179114
0.056136
0.116188
-0.309071
-0.006887
-0.214126
-0.059550
-0.197156
0.085932
-0.421158
-0.210459
0.036496
-0.150840
0.242218
-0.232100
0.062538
-0.041820
0.380995
-0.034344
-0.084819
0.001757
0.182726
-0.138819
0.204755
0.023961
0.153706
-0.394423
0.235722
-0.103747
-0.036331
0.192733
-0.831543
0.175877
0.252845
0.094094
-0.251876
0.536272
0.181936
-0.023032
0.036161
-0.053418
-0.094724
-0.080365
-0.040187
0.029329
0.044108
0.053581
0.207851
-0.205312
0.386377
-0.002879
-0.304484
-0.040652
-0.376480
0.509042
0.211148
0.042787
-0.214253
0.045121
0.279045
0.211983
-0.414193
-0.284871
-0.154541
0.231557
-0.463743
-0.437350
0.074696
0.054023
0.249688
-0.113596
0.064399
-0.455244
-0.056520
-0.000353
-0.022418
-0.363033
-0.180283
0.226654
-0.427857
-0.068604
-0.236396
-0.176555
-0.220271
-0.347991
0.089236
-0.264823
0.474006
0.310414
-0.322862
0.170576
0.449474
0.002998
-0.228132
-0.102192
-0.158685
0.209970
0.587907
0.340860
-0.558422
-0.059016
0.119472
0.090094
0.225350
-0.077029
0.069805
-0.151099
-0.009855
0.319765
0.478787
-0.291811
-0.040276
0.233593
0.148006
0.186718
-0.119883
0.189988
0.069374
0.004713
0.493215
-0.243470
0.066016
-0.131117
-0.046671
-0.159524
0.081257
0.216183
0.295831
0.144436
-0.285124
-0.271135
0.060071
-0.050827
0.116072
-0.387916
0.371068
0.128308
0.126830
-0.074557
-0.136089
0.381659
-0.216600
0.093226
0.069012
-0.353741
-0.470339
0.162404
-0.037334
0.259277
0.000983
-0.083746
-0.592047
0.522805
-0.103886
-0.325328
0.104109
-0.120986
-0.374941
0.190017
0.476388
-0.398849
-0.016057
-0.347127
0.103628
0.309105
0.178713
0.470141
-0.027944
0.053353
0.018172
-0.018458
-0.093223
-0.081115
0.056385
0.405648
-0.091624
-0.077955
0.203028
0.501956
-0.332433
0.429741
0.353574
0.047255
-0.112419
-0.354047
-0.447232
0.454764
0.065393
-0.173561
-0.241427
0.009328
0.168684
0.006716
0.099313
0.358239
-0.221261
0.080606
0.528544
-0.073326
-0.064380
0.041732
-0.593655
0.027563
-0.151622
0.109037
0.039130
-0.511767
-0.281946
0.375689
0.153274
0.437091
-0.060693
0.133055
-0.308195
-0.222845
-0.081215
0.085223
0.017034
-0.089578
-0.025600
-0.009767
0.373949
-0.261370
-0.350239
-0.018382
-0.030205
-0.279039
0.055678
0.338765
-0.114272
0.099288
-0.080852
-0.179968
-0.128817
0.154172
-0.028269
-0.404232
-0.139759
-0.279525
-0.175934
-0.010033
0.262039
-0.015337
0.008589
0.089544
0.085700
0.009759
0.092604
0.008646
-0.311337
-0.030569
0.184500
0.081884
-0.607482
0.176902
0.115221
-0.004452
-0.457759
0.036469
0.031466
-0.154184
-0.209384
0.389692
0.174767
0.040214
0.010307
-0.048702
-0.109582
-0.051596
-0.174832
0.258721
-0.383828
-0.109051
0.393371
-0.211126
-0.064004
0.127083
0.003030
0.037683
0.026624
0.119498
-0.011921
0.050999
-0.321972
0.098507
0.037577
-0.340951
0.192162
-0.055948
-0.032317
0.322526
0.064546
0.026844
0.054813
-0.014901
-0.399423
0.202915
-0.266825
0.059431
0.149803
0.158792
0.009964
-0.130439
0.024932
0.231513
-0.149891
-0.046524
0.201967
-0.304542
-0.129538
-0.027424
-0.339612
0.073443
0.369500
-0.174543
-0.301169
-0.026505
0.405058
-0.393703
0.230916
-0.208132
-0.014405
0.138128
0.190685
0.014546
-0.226192
0.038185
0.053030
0.006724
-0.396572
0.336878
-0.047567
-0.124954
-0.097984
0.121242
0.240222
-0.328608
0.047197
-0.104033
-0.381705
-0.445519
-0.037302
-0.023406
-0.172331
-0.247429
-0.038288
0.062860
-0.499302
0.164550
-0.043722
-0.072229
-0.179493
0.156427
-0.199898
0.193042
-0.014393
-0.498992
0.346410
-0.082907
0.332610
0.104270
0.032179
-0.068702
-0.277893
-0.226714
-0.295186
-0.334135
-0.116356
-0.180118
-0.417683
-0.404897
0.548503
-0.097485
-0.048488
0.018504
0.081636
0.179669
-0.225237
0.321769
-0.232478
-0.154605
0.073308
-0.128486
0.084946
0.072030
-0.322218
0.166007
0.336405
-0.382580
-0.001478
-0.221743
-0.412551
0.320526
-0.071653
0.014184
-0.041754
0.234192
0.306696
-0.092090
-0.125719
-0.051743
0.127039
0.096840
-0.264811
-0.086593
-0.193601
-0.244798
-0.183379
0.111442
0.180797
-0.122934
0.476734
-0.271414
0.173906
0.037805
-0.262855
-0.091558
-0.356583
-0.412220
-0.132769
0.065130
-0.467152
0.155856
0.339914
0.796649
0.203642
-0.262968
-0.019332
0.266878
-0.283502
0.043290
-0.639993
-0.489120
-0.091451
0.378695
0.287628
0.040193
-0.089794
0.005064
0.172397
0.203328
0.038602
-0.016638
-0.093824
0.310068
0.054324
0.298331
0.201929
0.395419
0.026010
0.207226
-0.303692
-0.249994
0.007866
0.033593
-0.223182
-0.040806
-0.150536
0.513033
0.080907
0.535613
0.143092
0.264085
0.076513
0.121678
0.004425
-0.234580
0.386764
-0.013087
-0.536633
-0.238656
0.390147
0.299728
-0.157657
0.125774
-0.069575
0.062282
0.026960
0.037863
0.440209
-0.123688
-0.506996
0.245445
-0.470326
0.301608
-0.097250
-0.123002
-0.080610
-0.715711
0.186759
-0.113949
0.059252
-0.111616
0.112322
-0.123823
0.160500
-0.149501
-0.351533
0.141976
0.044959
-0.270802
-0.115606
0.021870
0.085785
0.077191
0.118812
-0.022276
-0.111589
-0.380208
-0.035762
-0.268211
0.261431
0.096495
0.117961
-0.235322
-0.332765
0.053516
0.213938
-0.236103
-0.329678
-0.117616
-0.310994
-0.191954
0.238216
-0.157337
0.205483
-0.489028
-0.234014
-0.324068
0.021061
-0.111597
-0.122409
0.009389
-0.281724
-0.262538
0.287938
0.005152
-0.518758
-0.250756
0.524748
0.010933
-0.073165
-0.148586
0.164569
-0.435747
0.168614
0.158860
-0.599100
-0.621789
-0.531080
-0.183376
-0.063052
-0.000557
0.087145
0.257084
-0.072426
-0.007810
0.310004
-0.248212
-0.012118
-0.244577
0.130316
-0.375107
-0.129462
-0.315954
0.026808
0.130958
0.024816
-0.340696
-0.336446
0.480014
-0.078338
0.154856
-0.215847
0.140855
-0.197790
-0.137333
0.250934
-0.147661
0.165852
-0.209596
0.269787
-0.039777
-0.233730
0.147905
0.291242
-0.065954
0.038213
0.432320
-0.165244
-0.183381
-0.067929
0.174415
0.170373
-0.169274
0.713931
-0.265899
-0.255786
0.194980
-0.164727
-0.126860
-0.053878
0.039771
-0.054944
-0.093479
0.258881
0.100624
-0.005283
0.267853
-0.399490
-0.180754
0.286778
0.008413
-0.255097
-0.472160
-0.184640
0.139833
-0.113843
-0.155853
0.065360
0.264518
-0.021091
-0.076120
0.261979
0.254462
-0.174249
-0.262234
0.069377
0.029845
-0.042661
0.145087
-0.280260
-0.311039
-0.289143
-0.359895
-0.073815
-0.393262
0.517591
-0.451261
-0.149953
-0.173797
-0.022570
-0.149430
-0.143248
0.463329
0.048675
0.389683
0.060880
0.040399
0.050816
0.327716
-0.273461
0.275110
0.066298
-0.637531
0.004422
0.193649
-0.254662
0.215214
0.179191
0.245317
-0.043009
0.005235
-0.099242
0.139698
-0.167204
0.133634
-0.018514
0.040278
0.219534
0.492009
0.249966
0.367586
-0.492746
0.007743
-0.014361
0.130226
0.227107
-0.122210
-0.020301
-0.059365
0.199126
0.060673
-0.022618
-0.067649
-0.065761
0.116945
-0.192396
0.165984
-0.124813
-0.073098
0.068614
0.179473
0.535111
-0.460808
0.280058
0.171471
-0.343645
0.145723
-0.019356
0.013239
-0.047288
0.048840
0.225967
0.099687
0.063170
0.159000
0.231625
0.099536
-0.247998
0.320171
0.332442
0.112662
0.224651
-0.337271
-0.385195
0.360857
-0.079319
0.085562
0.004329
0.157597
-0.350074
0.315295
0.030984
0.178849
0.059036
-0.779328
0.212053
0.158464
0.107514
-0.451004
-0.031905
-0.016960
-0.037233
-0.246689
0.286909
-0.099303
-0.165419
0.206955
0.407070
-0.108197
0.295202
0.366862
-0.054143
0.253640
-0.115432
0.045844
-0.217632
0.021580
-0.129564
0.164312
-0.206740
-0.021128
0.009536
0.255957
0.299104
-0.044748
-0.280318
-0.278662
-0.547975
-0.154827
0.002084
-0.209785
-0.094018
0.100772
0.068192
-0.437267
0.090980
0.176881
-0.205433
-0.228419
0.119540
0.361809
0.127235
0.278937
-0.232481
-0.102201
0.126379
0.287998
-0.160766
-0.277359
0.061583
-0.306200
0.193533
0.190419
0.024160
-0.397079
0.181134
-0.096918
-0.299993
0.050381
-0.004052
-0.180725
-0.064456
0.166729
-0.245393
0.251413
-0.253941
-0.485018
0.171264
0.151700
0.317650
0.401937
0.041015
-0.482298
0.045029
0.266018
-0.152434
-0.130318
-0.096302
-0.057228
0.422399
0.331941
0.264971
0.001513
-0.016897
0.173437
0.149441
0.546663
-0.002079
0.043441
-0.004124
0.395787
-0.322623
0.280894
-0.243063
0.065040
0.086741
-0.212157
0.225103
-0.436757
-0.471283
-0.209638
-0.151199
-0.239869
0.108263
0.161259
-0.029283
0.089531
0.131931
-0.268786
0.300066
0.056205
-0.581797
-0.153537
0.092977
-0.685382
0.059456
-0.361644
-0.007801
0.189895
-0.242683
0.124162
0.324655
0.091838
0.258318
-0.110231
-0.182903
0.200435
0.039028
0.046721
-0.293619
0.203129
-0.255466
-0.165935
0.164422
-0.117162
-0.022605
0.063954
-0.202704
-0.246877
-0.030530
0.053546
0.095834
-0.323775
0.012387
0.076492
0.090544
0.197441
-0.140090
0.082127
0.004181
-0.166049
0.180842
0.162181
0.201080
0.413384
0.065120
0.254835
-0.331270
0.479606
0.162056
-0.243336
0.072464
-0.185783
0.235554
-0.321589
0.233451
-0.324017
0.014026
0.297250
0.136901
-0.257926
0.374613
-0.293902
0.098563
-0.014657
0.266092
0.250024
-0.018726
-0.205793
0.327025
0.017951
-0.041044
0.303373
0.026844
0.019347
-0.145677
0.274191
-0.029716
0.064689
0.346705
-0.471996
0.065235
0.262728
0.100264
0.824410
0.225202
-0.278135
-0.081254
-0.288829
-0.038118
-0.340616
-0.400613
0.083516
0.346699
-0.009779
0.028267
-0.152363
-0.314415
0.174876
0.343268
-0.332210
0.259883
0.339136
-0.120123
0.135001
0.125407
0.375047
-0.397791
0.021095
0.155351
0.020408
0.044889
0.219548
-0.130865
-0.175484
-0.340384
-0.241855
-0.152072
0.123835
-0.058171
-0.222358
-0.152551
0.091073
-0.205740
-0.397832
-0.131957
0.619144
-0.153200
-0.255383
-0.220281
0.193547
0.040131
0.104199
0.350103
-0.143361
0.084426
-0.451504
0.163733
0.154375
-0.111581
0.301898
-0.234521
-0.113227
-0.352327
-0.002487
0.029630
-0.318269
-0.236227
0.371867
-0.228069
-0.023925
-0.192059
0.229568
-0.320290
-0.214668
0.152866
-0.075198
-0.149783
-0.192698
-0.075045
-0.021753
0.241136
-0.000231
-0.042815
0.079005
0.224682
0.079936
-0.098152
0.012806
-0.068983
0.176983
0.114685
0.125748
0.088391
-0.528260
0.117399
-0.085916
-0.146032
-0.239026
-0.309019
0.347599
0.340597
0.107915
-0.405252
-0.109611
-0.170564
0.071468
-0.244907
-0.155983
-0.120998
-0.134787
0.011020
-0.363479
0.167927
-0.224414
0.279837
0.228185
-0.145995
-0.357877
-0.190987
0.035322
0.023394
0.106861
0.089046
-0.089073
-0.227801
0.592428
-0.076574
0.106122
-0.275876
-0.174303
-0.333593
-0.071670
0.270872
0.088155
0.134232
0.061195
0.095752
0.009106
-0.421048
-0.194835
-0.190473
-0.165305
-0.134815
0.282665
0.196864
0.001341
-0.271909
-0.194761
-0.003409
0.379479
-0.139649
-0.241773
-0.290839
0.006514
0.258615
0.145679
-0.220271
0.091531
-0.156714
-0.260169
0.480884
-0.233568
0.001382
0.032044
-0.095697
-0.250009
-0.123292
-0.171605
-0.486829
0.317087
0.190592
-0.007176
-0.161441
-0.373737
0.196185
-0.085823
-0.075528
-0.220447
-0.157746
0.136126
0.098602
-0.434792
0.015166
-0.169221
0.132653
-0.117770
0.196877
0.338176
0.126027
-0.321799
-0.006573
-0.446238
0.238803
0.094330
-0.192453
0.448234
0.143716
0.121663
-0.092247
0.392189
0.300689
-0.243346
-0.387896
0.137519
-0.198023
-0.214240
-0.221493
0.255175
0.066928
-0.106526
0.417915
0.138419
0.175669
0.341943
0.136858
-0.622601
0.138357
-0.308225
0.278269
-0.154466
-0.383527
-0.306132
0.602698
0.346536
0.130921
-0.020054
-0.354751
-0.299494
0.070832
0.051453
0.153301
0.166919
0.066858
0.074708
-0.305607
-0.230394
0.176875
-0.094929
0.224424
0.541785
-0.435891
0.411687
0.260936
0.181020
-0.133687
0.416206
0.140429
0.286752
0.438777
0.070357
0.079967
-0.209166
-0.253103
-0.440916
0.001344
-0.365534
-0.300078
0.072734
-0.343810
-0.487630
-0.539963
-0.323040
-0.617164
-0.418508
-0.300702
-0.049562
-0.278426
-0.485510
-0.504348
-0.631221
-0.491758
-0.483966
-0.162544
0.088002
-0.136315
-0.016106
-0.542256
-0.435280
0.051302
0.240737
0.083100
0.503843
0.233019
0.256038
0.817154
0.612283
-0.044458
0.506200
0.443347
0.464065
0.869463
0.699680
0.546024
0.482724
0.758063
1.000643
0.474489
0.114519
0.364133
0.312566
0.160454
0.374495
-0.032196
-0.164286
-0.030417
-0.054892
-0.418542
0.240106
-0.304453
-0.759705
-1.213549
-0.059422
-0.362250
-0.425357
-0.179826
-0.317231
-0.287041
0.449794
-0.244459
-0.173617
0.349151
-0.197040
0.033733
-0.015550
-0.111582
0.079153
-0.202016
0.054510
0.224431
-0.255749
0.478044
0.020998
0.600423
0.185144
0.140042
-0.251318
-0.205789
0.289745
0.393981
0.155682
0.053244
0.397173
-0.168861
0.485150
-0.171126
-0.136816
-0.262112
-0.180964
-0.369120
-0.029250
0.274498
0.082203
-0.056697
0.029708
-0.393059
-0.041793
-0.049404
-0.056296
-0.142477
-0.017970
-0.145878
0.064564
0.334250
0.050628
-0.240666
0.028899
0.039652
-0.243180
-0.041459
0.061296
0.167358
-0.211823
0.092969
0.079061
-0.218595
-0.194512
0.075757
0.435429
-0.437859
0.373019
-0.161774
-0.043811
-0.328723
0.051976
-0.235930
-0.130497
-0.120721
-0.050214
0.171299
-0.123117
0.156422
-0.019815
0.247218
-0.135129
-0.033076
-0.151852
-0.087103
0.279327
0.138300
0.046745
0.612373
-0.229582
-0.112304
0.077675
0.178757
0.074920
-0.051932
0.224358
0.077802
0.082362
0.199383
-0.113388
-0.140732
0.331474
0.280570
-0.284257
-0.281346
-0.141345
0.151667
-0.031476
-0.149476
0.055808
0.377405
0.051471
0.527150
-0.200652
0.216739
-0.026190
0.337781
0.234316
0.260028
0.410684
-0.065554
0.215022
-0.160961
0.352509
-0.274336
0.449334
-0.219030
-0.187031
0.664753
0.018100
-0.270333
-0.035533
0.278527
0.178758
-0.132246
-0.073608
-0.240911
-0.313261
0.287379
0.029417
-0.248644
0.240005
-0.339263
-0.097386
0.209725
0.069332
0.145961
-0.013371
0.318781
-0.025757
-0.341229
0.095590
-0.041445
-0.062712
0.093774
0.546823
0.091536
0.370435
-0.099522
0.074497
0.086286
-0.275934
-0.560098
0.127856
0.388265
-0.096221
0.002307
-0.297021
0.560381
0.078385
0.229086
0.401423
-0.303181
0.137791
-0.102316
-0.355394
-0.415113
-0.345298
-0.041127
0.252523
-0.414460
0.132648
0.402322
-0.045279
-0.195748
0.001860
0.361824
-0.036005
0.189089
0.082821
0.276017
0.014215
-0.183123
0.104109
-0.346394
0.006759
0.303776
-0.192595
0.198554
-0.087446
0.016208
0.027751
-0.053247
0.064911
-0.057135
0.033338
-0.345350
0.008100
-0.250134
-0.148921
0.016348
0.068422
-0.192240
-0.121321
0.423113
0.169565
0.430965
-0.097940
-0.369307
0.120066
-0.112097
0.394945
0.341649
-0.034436
-0.323139
-0.055195
0.161142
0.490773
-0.245896
-0.284913
-0.290204
0.191473
-0.107859
0.040241
0.093028
0.051866
0.120007
0.404193
-0.038455
0.464297
0.202851
-0.280509
-0.048164
0.297916
0.297616
0.368785
-0.001331
-0.219093
-0.040728
-0.382699
0.383622
0.445940
-0.151551
0.240670
0.377843
0.166350
0.162105
-0.184701
0.085471
-0.135668
0.221516
-0.313866
-0.373029
-0.109104
-0.038118
0.018627
0.116194
0.007003
-0.241075
-0.158124
-0.177208
-0.109552
0.136202
-0.083879
0.046939
0.253840
-0.129827
-0.377041
-0.220467
-0.297893
0.231226
-0.141912
0.008560
0.559479
0.178233
0.023018
-0.400090
-0.246555
-0.211273
0.141665
-0.039356
0.112087
-0.224011
0.339402
-0.425367
0.187261
0.149723
0.172860
0.000483
0.092795
0.218697
-0.111692
-0.016778
-0.009351
-0.418039
-0.005059
0.309355
0.077727
-0.287901
-0.326675
0.012649
0.155859
0.224248
-0.015735
-0.188225
-0.075515
0.177630
0.306285
-0.135027
-0.000783
-0.045187
-0.086523
0.152551
-0.169654
0.042801
-0.065813
0.177306
0.048180
0.001356
-0.428561
-0.020768
0.183049
-0.414336
-0.146194
0.002039
0.171503
-0.006438
-0.008474
0.133537
-0.268756
-0.109653
-0.359543
0.204297
0.251251
-0.013659
-0.564889
-0.147066
0.005473
0.078147
0.198156
-0.069278
0.124555
0.128984
0.301418
-0.259234
0.001039
-0.042102
-0.164827
0.123458
0.091451
-0.053407
-0.019446
-0.043151
0.097190
0.135902
0.156800
0.458512
0.056658
0.175750
0.073269
0.016682
-0.045666
0.144943
0.250627
0.046660
0.278590
0.057496
-0.039703
0.552229
0.028228
-0.216910
-0.436001
-0.133778
0.404855
-0.006678
-0.103658
0.159831
-0.291124
-0.307610
0.159306
0.230910
0.091661
-0.176801
0.058995
-0.188036
-0.705705
0.239133
-0.101492
-0.091572
-0.135691
-0.271191
-0.137397
-0.220801
0.423365
-0.385642
-0.281118
-0.141436
0.095169
-0.164332
-0.172987
0.305404
0.166436
0.228090
-0.154736
0.157555
0.239096
0.044179
-0.272511
0.496850
-0.050883
-0.066816
0.284093
-0.031177
0.134665
0.157692
-0.131837
-0.338022
-0.275527
0.302499
0.055743
-0.098284
0.106546
-0.156088
0.513614
0.229532
-0.113925
-0.044241
0.255376
0.559501
0.151418
-0.162713
0.058823
-0.046437
-0.298404
0.036335
-0.224333
-0.412699
0.151572
0.198428
0.273563
-0.104228
-0.217828
0.220192
-0.008872
0.150956
0.173831
0.047250
0.312930
-0.188375
0.547129
0.421745
-0.025834
-0.108049
-0.054624
0.087087
-0.054254
-0.137325
0.135364
0.434880
0.066102
0.202776
-0.360150
-0.175991
0.236037
-0.046227
0.067547
-0.053100
-0.190226
0.068249
0.108211
0.108162
-0.400799
-0.457896
0.230403
-0.125284
-0.497835
-0.015989
0.520544
-0.409957
0.300360
-0.104748
0.082327
0.392364
-0.371442
-0.259632
0.313596
-0.019428
-0.324681
-0.270204
0.125663
-0.170524
-0.415459
-0.402629
-0.080177
0.276800
-0.365851
-0.463281
0.038133
-0.222121
-0.156349
0.043154
0.363884
0.311130
0.036334
-0.169208
-0.029691
-0.418217
0.535284
-0.630551
0.119803
-0.273583
-0.087269
-0.037836
0.175342
-0.035044
0.097310
-0.145538
0.449757
-0.081337
-0.390952
-0.034930
-0.229765
-0.137331
-0.124765
-0.197043
0.228344
0.313610
-0.071499
0.556843
-0.032138
-0.266396
0.172460
0.075779
0.448789
-0.064178
-0.192803
0.212526
0.476990
0.054633
0.121057
-0.027529
0.321914
-0.354503
0.202617
-0.003214
0.221308
0.106376
-0.245885
0.563233
-0.031741
-0.010179
-0.247647
0.103585
-0.062009
-0.340887
0.232176
-0.060024
0.357976
-0.388201
-0.313838
0.250192
-0.084888
-0.136704
0.194392
-0.279436
0.044450
-0.251955
0.280192
0.180438
-0.196114
-0.165970
-0.125871
0.038368
-0.300682
-0.058704
-0.579126
-0.130929
-0.047108
-0.320007
-0.118266
-0.061710
-0.111554
0.416025
0.324181
0.046614
-0.046803
-0.253988
-0.514195
0.396524
0.246835
0.040329
-0.045086
-0.175177
-0.084464
0.089051
0.270638
-0.293771
-0.068215
-0.009927
0.402052
0.137368
-0.189959
0.049652
-0.285729
0.119417
-0.587240
-0.282301
-0.174397
-0.080448
0.302100
0.152404
0.065682
-0.039164
-0.201473
-0.054370
-0.079352
-0.187682
-0.568836
-0.094190
0.006642
0.204541
-0.157707
-0.084072
0.218261
0.161847
0.048696
-0.123793
0.548929
-0.003584
-0.076215
-0.078251
0.225877
0.274718
-0.346009
-0.171608
-0.323790
-0.220876
-0.481760
0.149162
0.209316
-0.061376
0.486828
-0.055991
-0.096776
0.037050
0.218706
-0.337989
0.070906
-0.498391
-0.148690
-0.100414
0.281678
0.325272
0.038088
-0.249373
0.879711
-0.013598
0.161508
-0.084425
-0.432051
-0.171090
-0.070457
0.294176
0.398689
-0.034689
0.273176
0.062998
-0.088619
0.139964
0.054804
-0.359592
0.056570
0.002770
0.417100
-0.327585
0.018695
0.168851
0.026820
-0.285738
0.383678
-0.327177
-0.094711
-0.037285
-0.455873
-0.398462
-0.424127
0.167833
0.015855
-0.182778
-0.211725
0.194414
-0.162914
-0.022157
0.129233
0.316265
-0.222432
0.264021
-0.181744
-0.080762
-0.334240
-0.200460
0.115599
0.395089
-0.120524
0.000251
0.125937
-0.182942
0.108784
-0.090976
0.271677
0.139180
0.283777
0.285430
-0.261793
0.376076
-0.451902
0.377078
-0.190113
-0.019527
0.372292
-0.535388
-0.113957
0.141818
0.022348
0.139781
-0.230876
-0.086058
0.489221
-0.324664
0.060815
-0.308602
0.140485
-0.284014
0.029760
0.212902
0.306847
0.087638
0.166541
0.049058
-0.233883
-0.134482
0.124191
0.504721
-0.081163
0.244469
0.402712
-0.144930
0.070197
0.300461
-0.079277
-0.052200
-0.445600
0.068641
0.220710
-0.191924
0.188781
-0.189683
-0.079949
-0.271128
-0.262581
0.307287
-0.448576
-0.007040
-0.323394
-0.197476
0.259283
0.258235
-0.406448
0.048936
0.027407
0.319065
-0.084631
-0.068788
0.150549
-0.286140
-0.194261
-0.557921
-0.135872
0.029021
0.250288
0.145687
0.081091
-0.175015
-0.058061
0.526926
0.139790
-0.112299
0.209612
0.200669
0.012275
-0.049436
0.728638
0.127733
-0.175191
0.156559
-0.195222
-0.106439
-0.440020
-0.245822
0.207292
0.282028
-0.050250
0.212338
0.013694
-0.184734
-0.025444
0.144515
0.067243
-0.357612
-0.000345
0.034993
0.398254
-0.082638
0.164151
-0.238133
-0.039125
-0.234768
-0.117104
0.111050
-0.391423
-0.007031
-0.071366
0.057250
-0.348294
-0.380291
-0.020305
0.177388
0.393316
-0.025626
0.278923
0.033825
-0.124082
0.264110
0.013828
0.166769
-0.142266
0.228920
-0.090754
0.082057
0.185322
-0.163881
-0.258162
0.158664
-0.449548
-0.054775
0.335183
-0.022026
0.097483
0.042897
-0.167550
-0.222112
-0.221976
0.036241
0.422072
-0.320223
-0.225941
0.371716
-0.080908
0.355564
-0.036041
-0.140955
-0.202578
-0.002100
0.008311
-0.273654
-0.079003
-0.271367
0.309686
-0.192257
-0.168489
-0.060910
-0.205864
-0.157135
0.006653
-0.027696
-0.381910
0.030458
-0.167496
-0.051014
0.179939
-0.193872
-0.032596
0.001906
0.142989
0.541022
-0.107380
-0.070223
0.196967
0.093487
-0.057507
0.433447
0.330127
-0.030292
0.011333
0.056669
-0.492431
-0.199856
0.178221
-0.090908
0.016946
-0.588919
0.144611
0.167123
0.029876
-0.026017
0.179358
-0.046929
0.310878
0.062440
0.519549
0.163211
0.122888
-0.136162
0.334048
-0.108766
0.432077
-0.010530
-0.036380
0.443313
0.362681
-0.256122
-0.326292
0.148296
-0.022706
0.028882
0.188154
-0.266171
0.165815
-0.114316
0.034287
0.236237
0.285833
0.358783
0.500762
0.620756
-0.251180
-0.047488
0.593984
0.829825
-0.070159
0.372101
-0.329291
-0.027883
0.148328
0.275818
0.431813
-0.046072
-0.079082
0.188988
-0.084614
-0.306867
-0.051631
-0.022168
-0.151010
0.080705
-0.145798
-0.021380
-0.458835
0.166053
-0.368503
0.252871
0.103469
-0.518093
-0.168455
-0.188106
-0.510029
0.069547
-0.121832
-0.028839
-0.696848
-0.193001
0.158300
-0.617074
-0.667546
0.170534
0.177069
-0.032043
0.017815
0.187380
-0.359366
0.284215
0.527507
-0.368164
0.174199
-0.019146
-0.144515
-0.075030
0.099518
0.362258
-0.228819
0.875653
0.413939
0.217490
0.378945
-0.230206
0.046852
-0.257576
-0.054081
-0.295096
0.179413
0.109135
-0.254791
0.399174
-0.352085
0.013621
0.407712
0.375873
-0.040556
0.001438
0.151176
-0.370499
0.094355
0.022529
-0.526209
-0.283029
0.072462
0.061991
-0.063166
0.023673
0.135963
-0.190366
0.022816
-0.245857
0.027077
-0.028848
0.217210
-0.477634
0.003182
0.008550
-0.002828
0.440561
-0.270813
-0.083142
-0.171180
0.434960
-0.063305
-0.085715
-0.400914
-0.167130
0.090891
-0.549774
0.203231
-0.190839
-0.182305
-0.225176
-0.283526
0.031763
0.216637
-0.214952
-0.123457
-0.351343
0.062104
0.166977
0.081002
-0.031893
-0.210124
0.450766
-0.012001
0.133615
0.478498
-0.165195
0.003283
-0.133795
-0.166373
-0.442861
-0.226805
0.033893
0.472369
0.021607
-0.065317
0.093534
-0.157533
0.041860
0.363993
-0.076225
-0.366821
-0.230099
-0.016849
0.138237
-0.071289
0.084503
0.118904
0.306805
0.261476
-0.241844
0.279394
-0.429496
0.243378
0.046757
-0.092957
-0.200569
0.305589
-0.377051
-0.109594
0.273792
0.011219
-0.179355
-0.118343
-0.303764
-0.221506
0.080792
-0.206623
0.376360
-0.220799
0.463153
-0.102459
0.318136
-0.012440
-0.125004
0.447392
0.218437
0.169149
-0.227052
-0.113125
0.283516
-0.238414
0.077049
-0.078889
-0.167552
0.395414
-0.169985
-0.211753
0.217585
0.143025
0.108315
0.348041
0.393550
0.067951
0.008871
-0.237369
0.299654
0.569060
0.090358
-0.128927
-0.247165
0.132965
-0.202239
0.183301
0.164401
-0.219404
0.051477
-0.419341
-0.161595
-0.087777
0.157596
-0.009849
0.222877
-0.248255
-0.223394
-0.465960
-0.274586
0.261393
-0.252146
0.011860
0.278540
0.184506
-0.029093
0.303784
-0.019844
0.268305
0.127216
0.247435
0.293923
0.245232
0.020327
-0.056686
0.087718
0.030467
0.032477
-0.026826
-0.079508
0.176265
-0.160638
0.134686
0.098040
0.282486
0.118987
0.120695
0.001773
0.002134
0.052966
-0.475058
0.163791
-0.211771
-0.409412
0.120004
0.040910
-0.142251
-0.186820
-0.327771
-0.478922
-0.260134
-0.235064
0.252181
0.588261
0.089172
0.028642
0.263415
-0.090105
0.099428
-0.433408
0.081199
-0.200234
-0.349044
0.106506
0.275465
0.383336
-0.378081
0.283717
-0.321562
-0.189478
0.288161
0.271955
-0.186178
0.399799
0.033012
-0.521032
0.286351
-0.124071
0.221820
0.121323
-0.161785
-0.170134
-0.069875
-0.430084
-0.039678
0.242091
0.025859
-0.343458
-0.007756
0.021181
0.175922
-0.343258
-0.034757
-0.024123
-0.089584
-0.193607
-0.104560
-0.250547
-0.360623
0.158287
-0.093277
-0.328703
-0.281536
-0.061618
-0.425090
-0.243758
0.054868
-0.133277
-0.002889
0.555068
-0.135785
-0.403635
0.127463
-0.041551
-0.123473
0.503828
0.081363
0.309271
0.105215
0.140345
-0.273006
0.043395
-0.095269
-0.327639
0.255760
-0.237752
0.224030
-0.321659
0.064080
0.257076
-0.383513
0.175523
-0.273840
0.034017
0.234126
0.131724
0.053007
0.157013
-0.073036
0.121445
0.124061
-0.051616
0.061737
-0.281409
-0.155699
0.164213
-0.206141
0.197216
-0.022430
0.105380
-0.350754
-0.146433
-0.213496
-0.000278
0.414539
-0.333260
-0.040642
-0.102129
0.144392
-0.006812
0.392959
-0.164749
-0.366542
-0.068278
0.438870
-0.052907
-0.148396
-0.182326
0.624847
0.032354
-0.264053
0.266960
-0.160082
0.189534
0.175781
-0.034297
0.253235
0.084329
-0.233108
-0.028537
-0.121686
-0.030059
0.187387
-0.102537
-0.276512
-0.356595
0.232042
-0.044579
0.369288
-0.271419
-0.141117
-0.100268
0.262070
0.451321
-0.215737
-0.268614
-0.180482
0.019781
0.296052
-0.306399
-0.006193
0.444867
-0.126439
-0.288391
-0.160812
0.236810
0.416388
0.038379
-0.207096
-0.100726
0.008483
-0.179394
0.143491
-0.322598
-0.296425
-0.120042
0.154401
-0.248949
-0.027191
-0.220823
-0.179910
0.030992
-0.039586
-0.242957
-0.074638
-0.033127
0.206519
0.188332
0.117284
0.237425
-0.277341
0.396514
-0.203179
-0.293234
-0.014734
0.106184
-0.326621
-0.288900
0.178959
0.389070
0.131428
0.114577
0.093617
0.287593
-0.153449
0.153500
0.490360
0.121106
0.103679
-0.091477
-0.336634
0.108993
-0.180383
-0.163789
-0.121541
0.210802
-0.513149
-0.015491
-0.056804
0.276091
-0.270989
0.115475
0.024986
0.240963
0.038835
0.000636
0.704722
0.250748
-0.049473
-0.107784
-0.380574
-0.194891
-0.535203
-0.146435
-0.272219
0.129362
-0.023278
-0.287558
0.070226
-0.324368
-0.191909
0.151779
-0.081175
-0.078498
0.183377
-0.156406
0.221990
-0.159004
0.154652
0.127417
0.217909
-0.526172
0.149921
-0.268469
-0.019309
0.006938
-0.499019
-0.225412
-0.193477
-0.522486
-0.241373
0.207716
-0.328900
-0.185932
-0.217472
0.174942
0.073232
-0.176627
-0.173007
0.135149
0.368621
0.069202
0.473566
-0.003409
0.008759
-0.055091
-0.012172
0.352782
0.057101
0.018518
-0.047813
0.402946
-0.203466
-0.240120
-0.446384
-0.076614
-0.358986
0.013309
-0.113719
0.220946
0.098381
-0.111846
0.064094
0.071877
-0.176071
-0.199948
-0.070995
-0.348928
0.136330
-0.121849
0.012745
0.161732
-0.090365
0.177971
-0.281686
0.508684
-0.014383
0.221388
0.002654
-0.079694
-0.484321
-0.053234
-0.498659
-0.125456
-0.519400
-0.304627
0.017866
0.137819
-0.480070
0.033285
-0.111228
0.443578
-0.001480
0.023220
-0.077395
0.100663
-0.210978
-0.373029
-0.524208
-0.299345
0.160156
0.264882
0.005510
-0.195284
0.290873
-0.339092
0.184443
-0.039231
0.539847
-0.175350
0.055352
-0.161183
0.034134
-0.336894
-0.065047
0.197661
-0.366066
-0.010429
-0.424025
-0.304348
-0.055467
0.078745
-0.030199
0.026254
0.139982
0.034494
0.401306
-0.071244
-0.005329
0.234173
0.249063
0.047852
0.131661
-0.251993
0.388465
-0.019245
0.077130
0.293844
0.178203
-0.205910
-0.137915
0.469686
-0.211395
-0.140761
0.265091
-0.183671
-0.150151
0.606169
-0.016537
0.141191
0.583031
-0.418324
-0.075876
-0.088111
-0.129612
0.127696
0.146283
-0.004664
-0.251835
0.389406
-0.106356
-0.131040
0.059725
0.075228
0.087724
-0.167162
-0.204570
0.035934
-0.299084
-0.092619
0.002176
-0.414697
0.196174
0.727486
-0.090069
0.064273
0.034362
0.011456
0.146749
-0.091140
0.153946
0.329594
-0.204751
0.477214
0.141557
-0.068181
-0.244899
-0.006840
-0.040714
-0.150922
-0.337753
0.419671
-0.245398
-0.158259
0.298785
0.108347
-0.036245
-0.396099
0.206670
0.128128
0.108308
-0.048515
0.013870
0.200382
0.332855
-0.102073
-0.053461
-0.031549
-0.237946
-0.094806
0.499850
0.024286
-0.189920
-0.030899
-0.036164
-0.028385
-0.130027
0.249190
-0.034314
0.024074
0.181017
0.012890
-0.100996
-0.152118
-0.143733
0.123653
0.131632
0.388102
0.415264
0.110715
-0.446729
0.081912
-0.143028
0.331577
-0.401427
-0.175718
-0.022760
0.415161
-0.098932
-0.141503
0.206522
-0.526281
0.302826
0.095242
-0.417714
0.084650
0.035982
-0.443971
0.137200
-0.062113
-0.204092
-0.040150
0.015775
-0.198340
0.288855
-0.146239
0.012532
0.230208
-0.129696
0.263112
-0.570916
0.422892
0.075798
-0.367750
0.053568
0.241361
0.344539
-0.093878
-0.445896
-0.300692
-0.343778
-0.203372
-0.307172
0.022152
0.297340
0.009997
-0.074562
-0.044375
-0.228460
0.025722
-0.127539
-0.658102
-0.081057
0.169266
0.072229
-0.023054
0.001173
-0.111668
0.701398
0.017354
-0.361364
0.173854
-0.415070
0.160805
-0.102061
-0.034025
0.296177
-0.047930
0.230623
-0.628566
-0.048674
0.330202
0.086054
0.312559
0.494303
-0.174584
-0.109764
0.207570
0.148483
0.107373
0.035587
-0.295006
0.323422
-0.159218
0.025818
-0.009942
0.108123
-0.104929
-0.096230
0.486176
0.476153
0.184487
0.433417
-0.128837
0.475843
0.119522
0.025155
0.420550
-0.248869
-0.333519
0.366948
-0.046026
0.286391
-0.285041
-0.268593
-0.460322
-0.398681
-0.274144
0.305210
-0.158341
-0.102039
-0.073347
0.153319
0.284128
0.069269
-0.271198
-0.209883
0.277089
0.170597
0.192833
0.351031
0.241011
-0.033968
-0.036914
0.111389
0.107909
-0.105496
-0.214213
-0.253309
-0.073674
-0.053654
0.349979
-0.276917
-0.219303
-0.045214
-0.528268
0.264138
-0.429900
-0.020345
-0.211424
-0.043609
0.166452
-0.108174
-0.113214
0.333801
0.098789
-0.173586
0.150175
-0.289035
0.109117
0.372358
0.129077
0.401981
0.157005
0.365902
0.299125
-0.092498
-0.004706
-0.028927
0.119623
-0.328634
0.080443
0.153522
-0.070078
-0.100264
0.300700
-0.675076
-0.172430
-0.380276
0.037450
-0.290962
0.032146
-0.310837
0.064877
0.073621
-0.138160
-0.106726
0.054696
-0.003978
0.159999
0.177164
0.535591
-0.020818
-0.241756
0.066571
-0.455010
0.134986
0.067963
-0.054358
0.048484
0.031056
-0.115208
0.192011
0.372692
0.020179
0.304567
-0.203630
0.318286
-0.293641
0.135301
0.046937
-0.158948
-0.094460
-0.171705
0.555639
0.129167
-0.120731
-0.188046
-0.186598
-0.026213
0.188338
0.062343
-0.096878
0.040941
0.362412
0.053005
-0.182520
-0.471630
-0.115191
0.411732
0.008111
-0.230981
0.103355
0.057330
-0.228870
0.063425
-0.046630
0.016526
0.144391
-0.146375
0.289888
-0.013577
-0.048689
0.369594
0.353890
-0.072034
-0.541617
-0.050261
0.294271
0.298696
-0.021200
-0.040181
-0.070926
-0.058136
0.032793
0.009337
-0.173400
-0.306066
0.047726
0.339896
0.198594
0.061954
0.169716
0.161043
0.216613
0.164676
-0.314136
-0.185232
-0.165648
0.061140
0.119848
-0.003542
0.028735
-0.440416
0.099548
0.025849
0.141648
-0.143710
-0.346895
0.078180
0.155452
0.198596
-0.095988
-0.292813
-0.130372
0.128916
-0.046087
-0.248358
0.055660
-0.293783
0.088768
0.066842
-0.060500
0.255882
-0.181658
-0.153733
-0.260605
-0.046806
0.012252
-0.053871
0.079752
-0.214793
0.361510
0.231610
0.270289
-0.115902
0.524827
0.146752
-0.133103
-0.320760
0.322017
0.153050
0.234338
0.015076
0.343159
-0.144750
0.037392
0.135655
-0.042755
0.521464
0.268233
0.046282
0.100914
-0.012475
0.459051
0.226043
0.141059
-0.302887
0.104549
0.164154
0.291614
-0.057597
-0.122886
0.197848
0.010125
-0.126883
0.095033
-0.205578
-0.125267
-0.291555
-0.456732
-0.239623
-0.110918
-0.147061
0.356633
0.030662
0.064597
-0.336702
-0.196011
0.391316
0.228170
0.120252
-0.066780
0.271234
-0.220637
0.368087
0.208180
0.120278
-0.146314
0.041645
-0.248757
-0.024250
0.206855
0.338715
-0.388898
0.122095
-0.033388
0.043320
0.272445
0.007641
0.191686
0.150871
-0.225593
-0.160193
-0.060664
-0.354887
-0.235046
0.417391
-0.052279
-0.007006
0.244437
0.221945
0.322753
-0.087430
0.455871
0.277411
-0.341910
0.313500
-0.484583
-0.508920
-0.086458
-0.301243
-0.143600
0.424001
-0.262126
-0.053416
-0.112661
-0.109135
-0.079641
-0.038880
-0.484829
0.066383
-0.110912
-0.034851
0.376928
0.053749
0.110063
0.166959
-0.023483
-0.481225
0.110133
-0.056393
0.272962
0.161456
0.152079
-0.544595
-0.068416
0.044822
0.134488
0.243251
0.114669
-0.302886
0.795966
0.159650
-0.074291
-0.021652
0.118755
0.147644
-0.868402
0.543799
0.404485
-0.047888
-0.241064
-0.154303
0.055357
-0.261377
-0.270804
-0.146859
-0.092361
0.086798
0.073379
0.012628
-0.070269
-0.199341
-0.058689
0.198750
0.355365
0.150430
0.120530
-0.027623
0.238606
0.150434
-0.206059
0.008533
-0.129342
-0.407402
0.423005
-0.070249
-0.007180
0.186571
0.218085
-0.439941
0.096271
-0.196797
0.275356
0.271193
-0.597814
0.267934
-0.234817
-0.415348
-0.116027
-0.066576
-0.196017
-0.035939
-0.120977
-0.283557
-0.025370
-0.305771
0.418258
0.129880
0.069724
-0.111617
0.149617
-0.180523
-0.185687
0.001587
-0.008840
0.189719
0.251826
-0.450571
0.364922
-0.233413
0.145585
0.210174
-0.107065
-0.124768
0.063712
0.118502
-0.157249
-0.378573
-0.209257
-0.472197
0.629833
-0.321705
0.267937
-0.374621
-0.051404
0.328072
-0.579121
-0.134159
-0.042809
-0.461978
-0.598940
0.358116
0.160646
0.183199
-0.158849
-0.425703
-0.104430
-0.201522
0.069134
-0.154198
-0.034359
0.011496
0.039635
-0.202165
-0.014695
-0.023767
0.179419
0.008973
0.118509
0.143202
-0.091059
0.170715
0.050133
0.582277
0.277901
0.125799
-0.244282
-0.032427
0.366247
-0.041691
-0.049503
0.139090
-0.077376
0.368026
-0.254349
0.061612
0.028681
0.398754
0.169001
-0.520896
-0.121646
0.368771
0.011759
0.122784
0.070681
-0.046124
0.328165
-0.004387
0.121194
-0.044958
-0.256112
0.373837
0.122263
0.102195
0.234145
-0.158828
-0.357137
-0.076386
-0.117290
0.180077
0.133812
0.178124
0.431328
0.273385
-0.251717
-0.057638
-0.347915
-0.253281
0.220662
0.279318
-0.049550
0.000051
0.064410
-0.253442
0.055267
0.204732
0.015314
-0.399719
0.089798
0.020041
-0.403952
-0.425571
-0.138480
-0.255333
0.060660
0.539517
-0.069667
0.049211
0.020088
0.200401
0.078713
-0.302153
0.105239
0.059881
0.009963
0.095001
0.046286
-0.148355
0.077618
0.169280
0.595450
-0.004739
-0.033287
-0.336518
-0.153193
0.387658
-0.216608
-0.197904
-0.071081
-0.097118
0.342881
0.481649
