-0.029817
-0.119689
-0.210817
-0.264227
-0.195730
0.050461
0.117581
-0.238948
-0.034779
0.388437
0.148892
0.035847
-0.268681
-0.028245
-0.025976
-0.055107
0.108995
-0.017788
0.205500
-0.232160
0.306821
0.064852
0.120193
-0.152812
0.128012
-0.056429
0.155836
-0.078018
0.109045
-0.437015
0.100775
-0.023049
0.404541
-0.116696
0.181712
-0.261297
0.055038
-0.164680
-0.065678
-0.111810
0.131219
-0.144427
0.319970
-0.117851
0.017697
0.113050
0.014898
0.167587
-0.223312
-0.573209
-0.087144
0.124114
-0.407300
-0.177332
0.051350
-0.120281
-0.401922
0.075993
0.107091
-0.081631
-0.294885
-0.301321
0.452971
-0.400122
-0.290885
-0.084853
-0.120329
0.098283
-0.156550
0.040734
0.338506
0.238222
-0.500091
-0.137980
0.287983
0.220411
0.102815
0.158489
-0.146813
0.129385
0.246892
0.169789
-0.099292
0.019146
-0.116932
-0.185101
0.005125
-0.153330
-0.046634
-0.023988
-0.291989
-0.001611
-0.142089
0.154242
-0.010070
0.276613
-0.039069
-0.015888
-0.242838
0.258123
-0.121039
-0.101180
0.344964
0.399275
0.219272
-0.390817
0.066281
0.066949
-0.124931
0.023325
0.368019
-0.091887
0.036749
0.005702
0.000083
0.294380
-0.353762
0.050361
0.079413
-0.242012
0.097629
-0.026245
0.064539
0.191290
0.242336
0.018526
-0.154986
-0.263619
-0.260674
-0.031925
0.081501
0.146992
0.074209
-0.312331
-0.041090
0.153188
-0.101828
-0.010505
-0.164543
-0.038990
0.142686
0.156330
0.347062
0.349420
-0.187045
-0.055451
-0.044738
-0.122711
0.071042
-0.415792
-0.080957
-0.144507
-0.144664
0.043334
-0.094875
-0.202869
0.133032
-0.135863
-0.297083
0.094032
0.003764
-0.242182
0.173180
-0.032290
-0.530047
0.110252
-0.030197
-0.010079
0.216053
0.177758
-0.074435
-0.430215
-0.240834
-0.187768
0.158704
0.231327
-0.074829
-0.150708
-0.046984
-0.214637
-0.212253
0.049166
-0.108773
0.006556
-0.199346
-0.173793
0.137866
-0.300348
-0.098887
-0.529361
-0.000097
0.370852
0.104828
-0.163376
0.136056
0.212061
0.137649
0.185672
-0.123837
-0.174885
-0.089384
-0.060041
0.116256
-0.437865
0.048640
-0.058873
0.112717
-0.078963
-0.265980
-0.026640
-0.102199
0.032842
0.294394
0.045021
-0.076970
-0.168154
-0.256585
-0.289286
0.084628
0.027562
-0.030136
0.088107
0.105257
0.153801
0.244840
0.150199
0.038561
-0.319518
-0.032795
-0.262663
0.019202
-0.219387
0.109919
0.160698
-0.116331
0.168389
0.052964
-0.040080
0.218289
-0.014462
0.149334
-0.349645
0.016970
-0.046329
-0.083696
-0.041146
-0.217764
-0.328027
-0.034466
0.227496
-0.020933
-0.016938
-0.009368
0.045230
0.072223
0.268718
-0.073285
-0.012521
-0.370681
-0.043346
0.297548
-0.214384
0.333994
-0.023102
0.314117
-0.193513
-0.031305
-0.012641
0.446855
-0.246942
-0.152830
0.010253
-0.068065
0.053361
-0.080998
0.317406
-0.081978
0.042546
-0.065879
0.118054
-0.100804
0.255869
-0.162051
0.095811
-0.028136
0.345348
0.215489
0.060599
-0.178459
-0.015702
-0.062130
0.125248
0.100058
-0.131738
-0.108933
-0.055411
-0.340264
-0.163882
0.012715
-0.496807
-0.071363
-0.225936
-0.115761
0.279287
0.231608
0.276576
-0.116296
0.019461
0.035094
0.204116
-0.250840
0.250550
0.064129
-0.091656
0.302436
0.059212
-0.131336
-0.133483
0.060496
-0.225764
0.117320
-0.353537
0.133896
-0.275708
0.022375
-0.000639
0.049426
-0.050440
0.179615
-0.277107
-0.049512
0.152729
-0.262514
-0.266884
0.008337
-0.294080
-0.364097
-0.166483
0.017510
0.091366
-0.130490
-0.092470
0.147193
-0.113814
-0.572905
-0.294453
0.044788
0.105532
-0.212492
-0.292696
-0.078219
0.003670
0.163447
-0.298174
0.109248
-0.198683
0.110373
-0.033882
0.094778
-0.031661
-0.040163
-0.003957
0.046607
-0.091489
-0.082730
0.020551
-0.225448
0.249366
-0.274153
0.016413
-0.109937
0.056256
0.079514
0.019533
0.062171
0.108602
-0.331169
0.049281
-0.112877
-0.028573
-0.092062
0.175449
0.025575
-0.044455
0.110278
0.048346
0.130694
0.030149
-0.276984
-0.205604
-0.190348
-0.028617
0.141704
0.336814
-0.174547
-0.105062
-0.103059
-0.056373
-0.005032
0.021088
0.442924
-0.225139
-0.205538
0.004390
0.015180
0.395074
0.169083
-0.056272
0.151286
0.017332
-0.144655
0.261351
-0.018681
-0.206992
0.229959
-0.032487
0.141203
-0.245624
0.419455
0.279551
0.057044
-0.053691
0.123876
0.135829
0.123392
-0.244062
0.350517
0.302929
-0.160888
-0.007224
0.016465
0.158627
-0.048096
0.141734
-0.078782
-0.056181
-0.255580
-0.264596
-0.215767
0.305865
0.299200
-0.263821
-0.177588
0.126450
-0.024815
-0.200767
0.314040
0.163245
-0.078656
0.238950
0.143279
-0.065561
0.096300
-0.171035
-0.106555
0.088122
-0.025022
0.149856
0.144943
0.407249
-0.101705
0.035214
0.105047
0.216652
0.296201
-0.126133
0.554718
-0.049609
0.081833
-0.024805
0.104764
-0.121448
-0.443328
-0.188857
-0.176790
0.112257
0.075394
-0.389540
0.074899
-0.298820
-0.183934
-0.277423
0.001440
0.077044
0.041690
0.039362
-0.173053
0.213375
-0.029348
0.311303
-0.351992
0.288260
0.238549
-0.331728
-0.190629
0.073369
0.301575
-0.023636
0.008345
-0.052339
-0.241763
0.012987
0.159365
0.373438
0.124190
0.032435
-0.046183
0.076830
-0.225363
-0.042708
-0.248690
-0.206164
0.195421
0.050827
0.335025
0.038913
0.049205
-0.247609
-0.079386
0.150012
0.135614
0.086299
-0.065178
0.040151
0.309995
-0.018024
0.056657
-0.323152
-0.001885
-0.066278
-0.272475
0.014052
-0.548268
-0.168102
-0.234785
0.314033
-0.012353
-0.126640
-0.144390
0.000982
0.174469
0.226876
-0.169527
0.066926
-0.275245
0.081629
0.012106
-0.291874
-0.264105
-0.233189
-0.433199
0.158415
-0.197940
-0.060495
0.007810
-0.054833
-0.140181
0.027192
-0.123782
0.241679
0.179483
0.030888
0.119059
-0.277988
-0.091033
-0.044636
-0.118516
0.119644
-0.240949
0.146577
0.104616
0.163713
-0.177635
-0.121867
0.148078
-0.050099
-0.076288
0.028165
-0.044164
-0.290201
-0.143683
0.447193
-0.019804
-0.092436
-0.086979
0.163056
-0.142992
-0.055115
0.028280
0.300698
0.246431
0.041067
0.159267
-0.086212
-0.240749
0.303267
-0.157706
0.026883
0.292524
-0.169120
-0.060581
-0.071844
-0.065220
0.096815
-0.276476
-0.135709
-0.269392
0.289509
0.108082
0.096997
0.212772
-0.244270
0.515787
-0.198150
0.006834
0.065747
0.107870
-0.145093
0.067893
-0.110380
0.223983
0.296463
0.182856
-0.028825
0.250878
-0.217710
0.032991
0.253725
0.099966
-0.261017
0.021828
-0.104022
-0.141772
-0.212929
0.176020
-0.149633
0.156867
-0.251749
-0.207162
-0.032887
0.331496
-0.241342
-0.155735
0.338649
-0.085905
-0.103448
-0.055504
0.392829
-0.454491
0.170777
0.153163
-0.217149
0.160432
0.137905
-0.120496
0.179017
-0.039436
-0.079761
0.063115
0.152300
0.166571
0.099910
-0.294358
-0.119149
-0.088051
0.114830
-0.215675
0.260483
0.210478
-0.057458
-0.106816
0.255119
0.197943
0.119869
0.031189
0.364258
0.034269
-0.049299
-0.357823
0.224360
-0.275885
0.093222
-0.319291
-0.139986
0.143895
0.407782
0.033847
-0.097631
-0.172767
-0.485627
-0.175072
0.073046
0.033371
-0.013007
-0.126677
-0.019405
0.004452
0.271590
-0.079561
-0.339834
0.066328
-0.068279
-0.306107
-0.143268
0.077771
0.044162
-0.109612
0.101515
-0.143481
-0.118552
-0.178069
0.130650
-0.064915
0.635533
0.229270
0.357006
0.023978
0.026747
0.048765
-0.123244
0.183903
0.141096
-0.078648
0.027980
0.106044
-0.317581
-0.252695
-0.134822
0.250546
-0.066528
-0.003776
0.290829
0.105436
0.085231
-0.000579
0.106320
0.263977
0.134152
-0.187003
0.145585
0.185388
-0.022865
0.181273
-0.026389
-0.043877
-0.033664
-0.065867
-0.021047
-0.035588
0.112569
-0.211320
0.066904
0.215220
0.450460
0.183116
0.194400
0.352401
0.117500
0.355697
-0.099747
0.185553
0.061267
0.028896
-0.024154
-0.171206
0.053252
-0.015092
-0.016648
-0.133506
0.296056
-0.060507
0.206710
-0.064258
0.255555
0.022795
0.373636
0.216824
-0.071383
0.070478
0.207331
-0.007003
-0.052641
-0.098515
-0.197899
0.254588
0.185484
-0.031110
0.159511
-0.106811
0.072906
0.034827
0.076184
0.128331
0.027990
0.194043
0.184470
0.024322
0.120821
0.235914
-0.260106
-0.373880
-0.161737
-0.209668
0.077319
0.196685
0.061439
0.016051
-0.118200
-0.218950
-0.345313
0.192040
0.117678
0.087140
0.234681
0.071474
-0.082644
-0.017663
-0.247991
0.098649
-0.405050
-0.050845
0.091705
-0.258360
-0.017957
0.084205
0.130702
0.320852
0.142177
0.193770
0.087136
0.245678
-0.203230
0.091157
-0.062900
0.047057
-0.071228
-0.021195
-0.108024
0.121561
-0.018310
-0.211804
-0.120158
0.018752
-0.018682
0.039304
-0.126909
0.029735
0.437721
0.126031
0.004997
0.061782
-0.128443
0.127440
0.005603
-0.120089
0.248258
-0.005297
-0.055312
-0.319707
-0.023898
-0.123233
0.096980
0.179368
-0.037944
-0.157208
-0.098466
-0.413195
0.054388
0.162308
-0.025547
0.180181
-0.183711
0.023777
0.265318
-0.295067
-0.096576
-0.261943
0.110721
-0.217268
-0.082634
0.079064
0.067876
-0.074800
-0.191032
-0.249848
-0.253281
0.052092
0.031894
0.085079
-0.006272
-0.019887
0.043578
0.383566
0.698480
-0.373385
0.104904
0.042519
-0.032615
0.133946
-0.069631
-0.004200
-0.005049
-0.038353
0.116371
0.074870
-0.491765
0.246073
0.263330
0.065815
-0.135058
-0.123172
-0.152567
-0.016969
-0.028689
0.145895
0.071231
0.279395
-0.024360
-0.028828
0.036880
0.189803
-0.024968
0.127584
0.208574
-0.095701
0.375823
0.081499
-0.238255
0.098711
0.042820
-0.032009
-0.340824
0.313747
-0.051160
0.273784
0.189168
-0.049908
-0.285214
0.161228
-0.171460
-0.100226
0.020540
-0.162350
0.001063
0.199039
0.244314
-0.306097
-0.138166
0.061285
-0.088846
-0.045311
-0.365314
0.299429
0.219840
-0.215914
0.166943
-0.000616
-0.156110
-0.048239
-0.269771
0.217566
-0.419847
-0.157668
0.301900
0.405754
0.366169
0.043035
0.009493
-0.080486
-0.107608
-0.021242
0.127079
-0.101993
0.046009
0.100067
0.171679
-0.335424
0.062088
0.278602
-0.027909
-0.103990
0.163173
-0.091683
-0.062273
-0.213574
-0.232920
0.360081
-0.048175
-0.186642
0.484202
0.020455
0.134989
0.241016
0.002149
0.223647
0.110666
0.187002
-0.158034
-0.440182
-0.272630
0.166098
-0.075828
0.415232
0.067599
-0.167076
-0.083073
0.263345
0.172009
-0.093256
0.147420
0.175873
0.108802
0.102687
0.377923
-0.249722
0.095539
-0.364773
0.106415
-0.166087
0.012998
-0.079363
-0.097438
-0.239781
0.224977
0.034156
0.053285
-0.082639
0.063761
-0.004646
0.058257
-0.026018
-0.064495
0.059283
-0.058132
0.053033
0.170193
0.110407
-0.024772
-0.096325
0.068135
0.065900
-0.230646
0.062778
0.122794
-0.197280
-0.090650
-0.058342
0.246949
-0.297362
-0.110921
0.118402
-0.092545
-0.095614
-0.091463
-0.164560
0.213548
-0.178363
0.145816
-0.161796
0.001977
0.170060
0.047972
0.068224
-0.052791
-0.347717
-0.283648
-0.095785
0.208968
0.226253
-0.164855
0.070491
-0.139026
0.194086
-0.120763
-0.061387
-0.023772
0.002711
-0.091012
-0.106127
0.018789
0.108845
0.185170
0.012461
0.051644
0.227028
0.067896
-0.034345
-0.270292
-0.114191
0.129572
-0.037712
-0.085353
-0.094406
-0.258343
0.147139
0.051784
-0.131053
-0.020577
0.233623
-0.286354
-0.009023
0.206682
-0.008043
0.450058
0.028134
0.019754
0.084247
-0.153262
0.129635
-0.027712
0.401716
-0.008073
0.040674
-0.121738
-0.071594
0.104829
0.241763
-0.100211
-0.037619
0.049558
-0.085608
-0.035897
0.198922
0.035721
0.325495
0.065226
0.087856
-0.079158
0.315897
0.086197
0.064160
-0.314819
-0.308467
0.098324
0.123936
-0.230092
-0.286938
-0.306521
-0.155900
0.101477
0.214021
-0.220057
-0.083411
-0.216203
-0.371591
-0.074950
0.065661
-0.118855
0.098719
0.113471
-0.058897
0.089937
0.148019
0.160029
-0.057971
0.336850
0.173433
0.323567
0.017995
0.085508
-0.278141
0.162605
-0.256108
-0.280881
0.224259
0.528609
-0.044299
0.219733
-0.385162
-0.159378
-0.019699
-0.024199
-0.101024
0.162628
0.073264
-0.071278
0.120361
0.208566
0.309967
-0.133579
-0.014363
0.006812
-0.093631
0.132826
-0.108234
-0.034899
0.051440
-0.187014
-0.337553
-0.333138
-0.083421
0.000752
-0.092707
-0.212462
-0.018511
0.279916
-0.111022
-0.172968
-0.346377
0.014964
-0.247097
0.306778
-0.215087
-0.149851
0.005709
-0.188131
0.002321
-0.058153
0.041748
0.123234
-0.301493
-0.246154
0.084160
0.210782
0.030298
-0.360906
-0.005428
0.003742
-0.080710
-0.025673
0.003872
-0.126657
-0.005827
-0.038040
0.352211
-0.008248
-0.175431
0.090932
-0.128062
0.225176
-0.020344
-0.177172
-0.273649
-0.262039
0.277068
0.093696
-0.206975
-0.084404
0.093208
0.135533
-0.093986
0.180746
-0.092256
-0.019422
0.097085
0.228268
0.041868
0.160975
0.365049
-0.040008
-0.214906
-0.040111
-0.253566
0.098112
-0.242917
-0.227045
0.084844
-0.093413
0.102438
-0.049618
-0.206289
-0.148619
-0.188124
-0.253114
0.391319
-0.077823
0.323520
0.148484
0.067374
0.007425
0.269563
-0.005078
0.019251
-0.022531
0.330995
0.129288
-0.360705
0.122054
0.017850
-0.238998
-0.049572
0.175057
-0.327113
-0.009974
0.044721
0.099223
-0.146585
0.261025
-0.171362
-0.382190
0.048519
-0.029467
-0.172453
0.414463
-0.323321
-0.345218
-0.004627
-0.026976
-0.132805
-0.313238
-0.217231
-0.058241
0.240065
-0.183256
-0.057307
-0.186297
0.234651
0.264229
0.024451
-0.004743
-0.036915
-0.143712
-0.151738
0.110792
0.205638
-0.166311
0.592373
0.187887
0.030421
-0.091689
-0.043011
-0.014401
-0.318884
-0.212326
-0.001349
0.100929
0.045794
0.080317
0.206589
0.176593
0.017118
-0.007220
0.147540
0.413486
0.054072
0.044622
0.039103
0.062926
-0.030363
-0.141156
-0.333051
-0.408112
0.007988
-0.152045
0.013964
-0.155264
0.109086
0.297911
0.119991
-0.075872
0.052717
0.199097
0.311285
0.003338
-0.027294
0.196181
-0.219963
-0.040823
0.122266
-0.062657
-0.082098
0.213463
0.117186
-0.033310
-0.047168
0.113838
0.016964
0.262219
-0.112518
0.090453
-0.277685
0.195460
-0.175457
0.053980
0.069591
-0.061586
0.237469
-0.087009
0.158347
-0.020153
0.016009
0.156773
0.028310
0.064710
0.115512
0.139049
0.029306
-0.021435
0.033012
-0.130750
0.007290
0.053597
0.320057
0.335096
-0.207860
0.046564
-0.190971
-0.040266
-0.129686
-0.495068
0.141019
-0.036361
0.449124
0.102628
0.140096
-0.134534
-0.183662
-0.258963
-0.369601
0.331245
0.209631
0.027785
-0.077233
0.067921
0.062930
0.144337
0.347568
0.356171
0.105297
-0.474662
0.039286
0.239717
-0.190691
-0.239474
-0.072691
-0.026895
-0.296573
-0.015632
0.059033
-0.066776
0.187565
0.169568
0.173002
-0.053138
0.061237
0.274647
0.063373
0.228337
0.223243
0.260101
-0.242714
0.187344
-0.002959
-0.284428
0.167339
-0.151141
0.192426
-0.045750
0.080005
0.034551
-0.154404
-0.159173
0.023991
0.328991
0.062890
-0.190865
0.178302
0.317774
0.408512
-0.014890
0.247997
0.223204
-0.015709
-0.400211
-0.263855
0.242240
0.462620
-0.089329
0.161275
0.179448
-0.027010
-0.006517
0.234625
0.176359
0.134436
-0.127594
0.294386
0.018297
-0.125802
-0.091901
0.095181
0.032594
0.202052
-0.031741
-0.129673
0.051106
-0.106011
0.200251
-0.373358
0.073213
-0.042958
-0.007277
0.091663
0.136068
-0.216767
-0.079710
-0.055694
-0.002686
-0.006423
0.091942
-0.073745
0.150653
-0.033370
-0.124413
0.183560
-0.241064
-0.121526
-0.350538
0.208964
0.197646
-0.075577
0.101391
0.111465
0.226180
0.138630
0.110940
-0.016132
0.298577
-0.174795
0.287857
0.180473
0.210936
0.251173
0.077321
0.058325
0.037239
0.074354
0.152131
0.030430
0.006286
0.267448
0.550844
-0.101452
0.339497
-0.069292
-0.487944
-0.203829
0.022246
0.357901
-0.149156
-0.285391
-0.043119
-0.249148
-0.028287
0.403045
-0.094650
0.014693
0.125229
-0.084021
0.026536
0.027477
0.049975
0.107191
-0.187289
0.197867
-0.216956
0.035281
-0.077155
-0.037290
0.016379
0.130212
-0.130911
-0.267074
0.118469
-0.240449
-0.183248
0.039758
-0.015591
-0.237132
-0.019172
-0.278783
0.062304
-0.024155
0.154482
0.076788
0.261193
0.205572
-0.230955
-0.014762
-0.002948
0.041346
0.008218
-0.103589
0.218920
0.083525
0.059764
0.158004
0.112531
0.227209
-0.017148
0.450531
-0.107036
-0.007866
-0.154921
-0.107375
-0.260396
0.055241
0.067863
0.141287
-0.179303
-0.128813
-0.257285
0.119014
-0.190959
-0.024042
-0.153138
-0.302108
0.023085
0.121356
-0.026697
-0.312518
-0.008254
0.444598
-0.064466
-0.335135
0.128779
-0.245495
-0.084326
0.196546
0.163599
-0.170055
0.091637
0.116325
-0.073355
-0.100288
-0.060645
0.284067
-0.064242
-0.052179
-0.008198
0.244426
-0.089895
-0.035685
0.068652
-0.029882
-0.128579
-0.073197
0.183009
-0.147191
0.091051
-0.443996
-0.121853
-0.140404
0.368087
0.098645
0.112621
0.149842
0.065357
-0.073019
-0.119097
-0.182712
-0.053004
-0.014342
0.201235
0.326165
-0.178196
0.197285
0.057668
-0.025510
-0.035691
0.087464
0.037499
0.276766
-0.162625
-0.059910
0.028150
-0.066125
0.084111
0.227360
-0.020494
0.115462
-0.157581
-0.293211
-0.012608
0.011967
0.058665
0.150591
0.227182
-0.105904
0.014948
-0.236446
0.152686
-0.114642
0.336641
-0.069171
0.427302
0.014306
-0.067140
-0.261821
0.280595
0.152400
-0.156077
-0.188304
-0.040295
0.066738
0.183072
-0.133237
0.392468
0.031067
-0.356560
0.190500
-0.139245
-0.234454
0.179497
-0.115717
0.042363
0.105738
-0.054022
0.020882
0.152183
-0.037505
0.103138
-0.122261
-0.178699
-0.083938
-0.120961
0.166106
-0.190486
-0.016681
-0.081991
-0.125481
0.266435
-0.150907
0.050592
0.018408
-0.190754
0.058491
0.193101
-0.023082
-0.181292
-0.089660
0.117970
-0.349490
-0.042630
-0.020027
0.011388
0.072094
-0.073229
-0.189481
-0.056559
-0.212479
-0.147928
0.164440
-0.085751
-0.239108
-0.286043
-0.335130
-0.047265
-0.315415
0.203598
0.396600
-0.271614
0.252029
0.159398
0.285591
0.029689
-0.319832
0.182721
0.002795
0.019400
-0.013736
0.039439
-0.045120
-0.248798
0.039600
-0.443662
-0.232657
-0.286612
-0.099640
-0.090287
-0.062281
-0.361430
-0.155299
0.195318
-0.236007
0.055029
-0.076991
-0.233700
-0.272062
-0.119232
0.456301
-0.174091
-0.182036
-0.233617
-0.049487
0.041930
-0.333855
0.223186
0.083503
-0.339597
0.027824
0.122052
-0.159592
-0.274551
0.007481
-0.508158
-0.057554
-0.015888
-0.120156
-0.125871
-0.077926
0.442697
0.272332
-0.034916
-0.438348
0.027579
0.340025
-0.151783
0.239946
0.051874
-0.012693
0.157565
-0.073580
0.218025
0.069014
0.000806
-0.043784
0.142109
0.159371
-0.061062
-0.252330
-0.038040
0.058639
0.089166
-0.152254
-0.321911
-0.303638
-0.171232
0.112899
-0.104941
0.221587
0.297670
0.161881
0.335900
0.173250
0.133234
0.083337
0.176962
0.140392
0.006808
0.036580
-0.005368
0.244501
0.115937
-0.015830
-0.361375
-0.271101
-0.004961
-0.141232
0.050264
0.185574
0.049049
-0.003954
0.413867
-0.021998
-0.087274
-0.125662
-0.113764
0.262733
-0.000271
-0.058016
-0.012225
-0.158133
-0.041248
0.268365
0.241883
0.075194
0.261713
0.380741
-0.039227
-0.052316
0.086762
-0.134021
0.044949
0.043766
0.078985
-0.222616
-0.232943
-0.142757
-0.278095
-0.154265
-0.196686
0.119712
-0.013830
-0.246845
-0.056526
0.105407
-0.040263
-0.105335
0.045211
0.075364
-0.056469
-0.218934
-0.046996
-0.156693
0.121853
-0.055759
0.157219
0.618942
0.248891
0.114197
0.374549
0.119321
0.160630
0.142974
-0.148173
-0.108858
-0.062812
0.073991
0.043515
0.186827
0.145916
0.192777
0.357352
-0.146157
0.105431
-0.214110
0.072377
-0.033355
-0.207638
0.265952
-0.065093
-0.201792
0.179330
0.171693
-0.127525
0.038371
0.226451
-0.006541
-0.231974
0.034418
-0.238346
0.240511
-0.009762
-0.095399
0.170027
0.108440
0.178269
-0.068761
-0.104646
0.002836
0.355790
-0.097519
0.066223
0.335647
-0.103441
-0.115823
0.010430
0.386972
-0.049908
0.229385
-0.192334
-0.086274
0.158037
0.266585
-0.291308
0.385197
-0.307725
-0.010811
0.037095
-0.148919
-0.112401
0.181772
-0.456255
-0.385060
-0.521093
-0.162850
-0.057523
-0.457160
-0.405286
-0.475341
-0.165359
-0.112113
0.073474
-0.298938
-0.026145
-0.274501
-0.152383
-0.295792
0.134845
0.142746
0.145704
-0.051444
-0.051621
-0.088027
-0.194317
0.234324
-0.163088
0.188451
0.202915
0.233332
-0.052150
0.261714
0.676550
0.593573
0.344961
0.594415
0.317516
0.262537
0.354340
0.561165
0.728043
0.134740
0.415411
0.473431
0.496638
0.441297
0.145035
0.413629
0.019315
0.353255
-0.124086
0.217671
-0.009019
0.267813
-0.127712
-0.121135
-0.215392
-0.036380
-0.415627
-0.226706
-0.320455
-0.266439
-0.187578
-0.269850
-0.109796
-0.102716
-0.631170
-0.058953
-0.145959
-0.111536
-0.193612
0.373932
-0.055094
0.012328
0.159366
-0.044779
0.078807
0.015482
0.010667
-0.174629
-0.017189
-0.140025
0.060950
0.001936
0.177210
-0.396127
-0.117746
0.249818
0.411508
0.080195
-0.072449
-0.234660
-0.087389
-0.073335
-0.040836
0.141892
0.099583
0.168259
0.046296
0.090485
-0.023653
-0.371301
-0.356051
0.040255
-0.085866
0.247733
-0.215279
0.035312
0.133041
-0.094916
0.107682
0.153108
-0.035509
-0.060795
-0.112038
0.057066
0.179199
-0.144410
0.141704
0.277343
-0.058589
-0.185186
0.330139
0.165849
-0.458570
0.060037
0.186095
0.052179
0.109163
0.087159
0.294433
0.034489
-0.018325
-0.158819
-0.376282
0.061156
0.125397
-0.116258
0.019569
-0.201302
0.122380
0.085051
-0.277965
0.123076
-0.408034
-0.124903
0.010841
-0.002205
0.476174
-0.338573
0.012159
0.141472
0.054391
-0.084075
-0.067318
-0.015394
0.074945
0.114832
0.033278
-0.031059
0.123629
0.008046
-0.074018
0.102094
-0.139252
0.032865
0.084750
0.028258
-0.011031
-0.010901
-0.134536
0.164492
-0.393572
-0.049052
-0.033115
0.113023
-0.069440
-0.100412
0.025186
-0.128762
0.130007
0.113905
-0.108095
-0.036679
0.137230
-0.021834
0.144073
-0.251056
-0.169522
-0.252563
0.252661
-0.112169
0.113530
0.085106
-0.032272
0.045253
-0.167887
-0.017693
0.046806
0.208787
0.240094
0.051546
-0.146235
-0.062680
0.075486
0.126658
-0.189970
-0.109257
0.095061
0.074633
-0.026740
-0.132537
-0.273537
-0.132480
-0.130362
0.392586
-0.082444
0.032396
-0.181426
-0.103714
-0.272729
-0.171030
0.076767
-0.056001
-0.090643
-0.012282
-0.529424
0.197707
-0.087871
-0.071828
0.128436
0.139204
-0.053467
-0.101079
0.055180
0.068203
0.152144
-0.077818
0.024051
0.166537
0.034955
-0.042768
0.274161
0.154187
-0.170599
0.065054
0.023748
-0.149264
0.362726
-0.518711
0.016494
0.262578
-0.312039
0.040483
-0.104366
0.163770
-0.030677
0.242728
-0.322725
0.285671
0.120633
0.113519
-0.120188
0.192631
0.185360
0.246565
-0.329266
0.093634
-0.170939
0.171230
-0.007974
0.259443
0.067757
-0.306535
-0.104431
-0.164151
0.334075
-0.029892
-0.105116
-0.116835
-0.232880
0.163121
0.055503
-0.387147
-0.322436
-0.049743
0.230635
-0.504810
-0.081011
0.027199
-0.167737
-0.280722
0.120380
-0.285030
0.211625
0.107083
-0.315280
0.053170
-0.095225
-0.149731
-0.040398
0.173970
0.379800
0.297150
-0.283592
-0.125112
-0.014613
-0.070615
0.194301
0.002438
0.232880
-0.371531
-0.052552
0.255742
0.216189
0.015414
-0.049204
0.237824
-0.324384
0.000403
0.108579
0.066320
0.047281
-0.271722
-0.152468
-0.063600
0.023629
-0.061672
-0.231672
-0.076465
0.167525
-0.052895
-0.261710
-0.114524
0.388492
0.006062
0.025293
-0.105639
-0.003399
0.095270
-0.038166
0.289758
-0.038138
0.145025
0.378413
-0.225188
0.026940
-0.094324
-0.152190
-0.321323
-0.141965
0.041518
0.251433
0.259326
-0.088315
0.030863
-0.160127
-0.133451
0.343298
-0.036825
-0.166324
0.065906
-0.093774
0.047982
-0.204446
0.006298
-0.104143
-0.133467
0.164942
0.046137
-0.117619
0.058909
0.360772
0.177506
0.077141
0.089726
-0.025572
0.021426
-0.184238
0.126748
-0.067602
0.099692
0.096341
-0.302691
0.153198
0.082409
-0.041230
-0.198446
0.125089
-0.121600
-0.004812
-0.497797
-0.334487
0.027895
0.100865
-0.144976
0.256696
0.144034
0.176681
0.128186
-0.054238
0.098308
0.432222
0.118725
-0.064388
-0.055871
0.157810
-0.073391
-0.078277
0.035539
0.090317
-0.309085
0.121593
0.120396
0.004233
0.087347
-0.086599
0.076277
0.257650
-0.285538
0.046718
0.101318
0.158198
0.116519
-0.016806
-0.093012
0.244214
0.039667
-0.277311
-0.316444
-0.187722
-0.320148
0.302423
0.066742
-0.121788
-0.002970
0.130540
-0.191559
-0.548419
0.201940
-0.284666
0.164873
-0.065560
0.056090
-0.027437
0.349677
0.218510
-0.261584
-0.154838
-0.177612
0.285777
0.291853
-0.140211
-0.016376
0.113805
0.161283
-0.347315
0.235609
0.440985
-0.070410
0.132317
-0.432001
0.017894
0.182164
-0.055596
-0.006588
-0.268127
-0.510858
0.062599
0.184222
-0.046297
-0.157118
0.059335
-0.028941
0.095010
-0.462191
-0.218468
0.039587
0.121072
0.251227
-0.397984
-0.222183
-0.130600
-0.098850
0.209226
0.014877
0.081673
-0.358918
-0.030003
0.086687
0.186166
0.087376
0.055026
0.053569
-0.177288
0.079841
-0.180694
-0.373977
0.278758
0.158864
0.381140
-0.042799
-0.182390
0.034985
-0.169972
-0.080042
-0.079199
0.035963
0.057799
0.024447
0.157035
0.228280
-0.002851
0.042675
-0.002038
-0.229945
0.058112
-0.063509
0.152489
0.092789
0.201187
0.098317
0.030092
-0.146246
-0.187320
-0.028877
0.221493
-0.407553
-0.161062
0.098440
0.300270
-0.266199
0.003765
-0.274581
0.100878
0.148255
0.112854
0.187604
0.099260
-0.337769
-0.320190
-0.161596
-0.056170
-0.354430
0.136836
0.086718
0.305855
-0.007428
-0.024907
-0.387835
-0.320152
0.019010
0.107264
-0.045331
0.210368
0.018808
0.291480
-0.034351
0.303978
0.401971
-0.109856
-0.039696
-0.236799
-0.385588
0.332220
0.365371
-0.173284
-0.182336
-0.235692
-0.011279
-0.166902
0.146767
-0.047576
-0.188406
0.118624
0.050933
0.154619
0.097113
-0.388341
-0.171334
0.002729
-0.022306
0.191059
-0.311132
-0.204219
0.164437
0.058924
0.326301
0.175715
0.204863
-0.036999
0.052770
0.289375
0.127342
0.262271
-0.254942
0.198982
0.142388
-0.053749
-0.145551
0.199398
-0.009733
-0.021811
0.027438
-0.203352
0.232209
0.164355
-0.193565
0.072357
-0.136238
-0.204077
0.304700
0.149866
0.200979
0.126936
-0.001569
-0.156063
0.461102
-0.096657
-0.075306
0.159396
0.042463
0.026075
-0.192337
0.085981
-0.046983
0.100328
-0.024395
-0.056444
-0.333953
0.429272
-0.267045
0.005593
0.181988
0.027848
-0.135949
0.010640
-0.183427
0.126530
-0.271302
0.548091
0.059953
0.012702
-0.285590
0.439650
-0.136016
-0.039317
-0.123021
-0.112683
0.198289
0.047252
0.115635
-0.089843
-0.250125
0.127876
0.273275
-0.251208
0.196249
-0.568651
-0.050372
-0.034214
0.068036
-0.177837
0.084621
-0.113193
-0.162677
-0.156481
-0.224805
-0.040264
0.280182
0.161019
-0.223076
0.086460
-0.021714
0.183323
0.069691
0.085606
-0.079873
0.024682
0.202096
0.028012
-0.133484
-0.280059
0.215416
0.118451
-0.010618
0.136621
0.100785
0.032766
0.056999
0.043118
-0.002075
0.112530
0.144789
-0.437901
0.005674
-0.118797
0.084215
-0.003601
0.308342
0.169218
-0.005620
-0.016891
-0.178968
-0.194816
0.136946
0.175895
0.274276
-0.090763
0.166947
0.107078
-0.055010
0.220065
0.145300
0.044058
0.068204
0.000635
0.365100
-0.169902
-0.093558
-0.067859
-0.084109
-0.107928
0.164663
-0.123040
0.017878
0.130962
-0.113022
-0.274265
-0.175727
-0.372340
-0.067469
0.010639
0.185860
-0.388102
0.012935
0.171737
-0.242024
0.104831
-0.049072
-0.049945
0.316679
-0.097552
-0.121833
-0.409629
-0.306096
0.229210
0.296364
0.007185
0.065810
0.073122
0.202848
0.021214
0.161811
-0.077706
0.091779
-0.136486
-0.176484
-0.216131
-0.067321
-0.069619
-0.137802
-0.263339
-0.197233
0.259249
-0.129561
0.197821
0.157239
0.005003
-0.056880
-0.154074
-0.158030
-0.001453
0.104443
-0.258965
0.034103
-0.325759
-0.162532
0.100520
0.054971
-0.285896
-0.082391
-0.084138
0.030774
-0.009321
-0.175605
0.003757
-0.410006
0.331676
-0.405580
-0.032869
0.047658
-0.095855
-0.345180
0.029129
-0.145344
0.011111
-0.223158
-0.204941
-0.218828
-0.312332
-0.162129
0.037690
0.045403
0.039900
0.111243
-0.157409
-0.138937
0.066877
-0.293536
-0.016365
-0.093184
0.017790
-0.075740
0.190245
-0.109108
-0.054884
-0.259421
0.008103
-0.086987
-0.350095
0.159372
-0.012935
0.017138
-0.115500
-0.152409
0.060717
-0.278254
-0.296099
0.087848
0.095500
-0.203834
-0.113719
-0.001926
0.397856
-0.184496
0.116619
0.133674
-0.324982
0.063957
0.161871
-0.172296
0.279272
0.098593
-0.126208
-0.019558
-0.012251
0.026668
-0.173451
0.219614
0.008798
-0.054227
-0.056772
-0.060908
-0.035650
0.035303
-0.241652
-0.160734
-0.240507
0.171335
0.094095
0.028940
0.004830
-0.023548
-0.080043
0.035216
0.226301
-0.034421
0.030220
0.369036
0.179466
-0.090345
-0.009895
-0.089824
0.008486
-0.335550
0.245828
-0.016277
-0.103531
0.122316
-0.103866
0.256409
-0.007032
0.191453
-0.050273
0.122391
-0.105557
0.075968
-0.135496
-0.118488
-0.116706
-0.041951
0.193038
0.070052
-0.225113
-0.437822
-0.025821
-0.049410
-0.077308
-0.065008
-0.183335
-0.203483
0.200840
0.157910
-0.221883
-0.129038
-0.408874
-0.332381
-0.119407
0.048973
0.246186
0.443787
0.158047
-0.092628
-0.062855
-0.016857
-0.056370
-0.170107
0.252588
0.009246
-0.137406
-0.006557
0.086667
0.227816
0.065156
-0.290379
-0.191339
-0.225429
0.061263
-0.138961
0.124246
-0.183823
0.074148
0.125730
-0.019461
0.308118
0.414146
0.112144
-0.518366
-0.177890
0.174757
0.000585
0.009093
-0.272219
0.185903
-0.105186
0.193651
-0.442470
0.019773
-0.278739
-0.149942
-0.051605
0.216188
0.020127
-0.022957
0.105268
-0.286906
-0.157444
-0.032967
0.006941
0.057601
0.080607
0.265861
0.315670
0.044622
0.148277
0.052072
-0.362352
0.028339
-0.075525
0.236544
0.022688
-0.109021
-0.298606
-0.087075
-0.069764
0.064056
-0.177071
0.182998
0.425657
-0.191361
0.040350
0.263106
0.096636
-0.002003
0.042298
-0.096648
0.085912
-0.148553
0.164555
-0.062817
-0.006168
-0.134322
-0.082074
0.229755
0.012360
-0.017305
-0.088381
0.065739
-0.027577
-0.057715
-0.006950
0.144923
0.399217
0.259815
-0.183745
-0.118507
0.060523
-0.249380
-0.182538
0.241438
-0.046329
0.028777
0.543515
0.025913
-0.005773
-0.041894
0.059511
-0.086000
0.204900
0.158348
-0.022465
0.216259
-0.025928
-0.166638
-0.002813
-0.179703
-0.248739
-0.050819
-0.025450
0.075711
0.166834
-0.067380
-0.065109
-0.043160
-0.130864
0.082982
0.167130
0.026598
0.054910
-0.166471
0.290369
-0.146099
-0.158187
-0.215742
-0.327982
0.249283
0.080514
-0.338293
-0.181751
0.128145
-0.009970
-0.157413
-0.100493
-0.131866
0.316418
-0.038651
0.058016
-0.101077
0.522126
-0.125697
-0.034408
0.201184
-0.176165
0.132888
0.072079
-0.132162
0.115365
-0.243463
-0.245551
0.026228
-0.117638
0.368270
-0.045694
0.390458
0.140038
-0.025149
-0.101119
-0.093039
0.195417
-0.099525
0.203656
-0.110471
0.342343
0.160910
-0.233867
0.299063
0.178548
0.055267
0.049512
-0.344001
-0.079079
-0.209181
0.061986
-0.007561
0.010738
0.206783
-0.332231
0.128585
0.285895
0.289534
0.123276
-0.206258
-0.265786
0.066417
-0.066320
-0.056718
-0.136468
-0.089308
0.017800
0.249070
-0.093706
-0.128764
-0.061399
0.458022
0.266375
0.071714
0.162254
-0.345678
0.363448
-0.055759
-0.068343
-0.181504
0.201295
0.318076
0.382144
-0.251525
-0.108270
-0.222032
0.207095
0.118732
0.078578
-0.076029
-0.047626
-0.133593
-0.569507
0.232853
-0.291031
-0.334034
-0.027988
-0.078961
-0.097396
-0.319735
-0.054965
0.101486
0.059598
0.164863
0.223624
0.367521
-0.116199
-0.011633
0.188551
-0.369176
0.265423
-0.208335
0.419287
-0.394400
0.158127
0.152915
-0.138127
0.330321
-0.190571
0.107026
0.118097
0.075660
-0.029053
0.085106
-0.158770
0.098633
-0.280855
-0.200470
-0.089186
0.214406
0.083161
0.094707
0.127380
0.001701
0.219018
-0.232622
-0.075778
0.358485
-0.207314
0.355152
-0.187634
0.310159
-0.264711
-0.414178
0.126163
-0.143781
0.306791
-0.155924
-0.162214
-0.033392
0.082388
0.105501
0.122283
-0.077032
-0.143578
-0.416782
0.243367
-0.203618
-0.049257
-0.150498
0.117220
-0.028325
0.371139
0.235139
0.124521
-0.366896
0.487053
0.261017
0.266579
0.195413
0.150003
-0.100025
0.151672
0.094727
-0.202339
-0.095995
-0.001709
0.017786
-0.156489
0.018179
0.053309
-0.174070
-0.244510
-0.085899
-0.088624
0.126893
0.104386
-0.102248
0.141126
-0.049892
-0.128342
-0.024033
-0.185711
0.183142
0.154343
-0.168335
0.319842
0.134053
-0.165117
0.042522
-0.174452
-0.168986
-0.236699
-0.223429
-0.001634
0.436808
-0.181969
-0.058588
0.161557
-0.120174
0.027891
-0.167194
0.159224
-0.272061
-0.071819
-0.128947
-0.077273
0.391484
0.275905
0.124690
0.171106
-0.041124
0.038057
-0.203968
0.224169
0.014019
0.063731
0.017084
-0.043108
-0.116246
-0.064915
0.234194
0.323937
-0.010492
0.032591
0.202255
0.029875
0.327239
0.435424
-0.003241
-0.044827
0.133019
-0.253990
0.125812
0.236813
-0.036745
0.276695
0.121644
-0.259350
-0.037305
-0.100437
0.121954
-0.329122
-0.102545
0.099219
0.006920
0.061339
-0.192992
0.153499
0.162861
-0.210038
0.073422
-0.257060
-0.043746
-0.329828
-0.227039
0.231190
0.017374
-0.291032
0.116108
-0.094621
0.049673
0.154945
0.202782
-0.453714
0.067709
-0.028457
0.003451
0.208184
-0.368928
0.145062
0.270853
0.136653
0.048301
0.105549
-0.040367
-0.133982
0.084842
0.212758
-0.177328
-0.107002
0.020433
-0.081426
0.121851
0.091393
-0.336348
-0.292227
0.346821
-0.300345
-0.191890
0.137638
0.098470
0.185591
-0.180565
-0.171451
-0.298735
0.236031
0.080061
0.017398
0.332621
0.393250
0.113298
-0.005745
-0.181513
0.098691
0.131306
0.023414
-0.076161
0.006697
-0.144088
-0.115981
0.023273
-0.013082
-0.222314
0.118634
-0.199809
0.212839
-0.056693
0.140766
-0.161815
-0.234977
-0.173210
0.211223
0.012437
0.015346
0.061655
-0.052622
-0.208585
0.330829
0.103815
-0.038501
-0.317333
-0.037054
-0.152554
-0.378855
-0.060420
-0.165329
0.197514
0.195028
-0.061406
-0.134327
0.109424
0.219373
-0.108729
-0.056510
0.157939
0.081558
-0.161620
0.210886
0.162543
-0.174545
-0.165157
0.053615
-0.149085
-0.434225
-0.068584
-0.012236
-0.112802
0.035001
0.035260
0.115533
-0.115736
0.036680
0.117112
0.339674
-0.213804
0.162384
0.336597
-0.020914
0.046880
0.062369
0.133893
-0.087105
-0.092131
-0.028611
-0.133716
0.158044
-0.338347
0.061615
0.042643
-0.065384
-0.014614
0.061019
0.205129
0.214245
0.066576
0.018040
-0.022258
-0.169660
0.250278
-0.107100
0.090809
0.201127
0.009842
-0.192244
-0.027248
-0.110145
-0.016341
-0.143014
-0.060074
0.098599
-0.136589
0.193473
-0.233192
-0.242306
-0.336460
-0.139442
-0.343089
0.021243
0.416055
-0.012985
-0.379180
-0.092402
-0.249320
0.113157
-0.278144
0.388633
-0.049962
0.127418
-0.110948
-0.024531
-0.097601
0.002038
-0.066698
-0.257288
-0.239412
-0.087350
-0.084056
0.172687
-0.078366
0.011837
-0.187033
0.162665
0.346550
-0.013778
-0.085219
0.058225
-0.144182
0.398320
-0.346170
-0.163527
0.017068
-0.131393
0.359631
0.094281
0.066618
-0.541522
-0.324596
-0.121821
0.141077
0.432919
-0.244669
-0.148983
-0.095154
0.096231
0.258333
-0.343265
-0.040035
0.300067
0.214991
0.160222
-0.065352
-0.014888
-0.053313
0.120005
-0.015138
-0.200999
0.125571
-0.045731
-0.049590
0.212362
-0.157608
-0.245287
0.120069
0.071883
-0.353325
0.048494
0.097343
-0.000993
-0.188691
-0.108154
-0.031828
0.101713
-0.164080
-0.146966
0.087458
0.008704
0.372063
0.069168
0.063511
0.068012
-0.091585
0.079494
-0.120244
-0.127740
0.140414
-0.246346
-0.053074
0.119689
-0.097345
-0.151864
-0.046022
0.346167
0.124177
0.082831
-0.087152
-0.108416
-0.059084
0.292004
-0.314632
-0.140843
-0.068558
0.220275
0.173678
0.471959
0.149468
0.301796
0.066918
-0.221777
0.218601
0.284832
0.102758
-0.167735
-0.111529
0.487837
-0.032156
0.198273
0.230209
0.239393
0.138818
-0.298240
-0.085772
-0.357472
0.039507
0.045950
-0.325861
-0.031542
0.122520
0.135131
-0.277491
0.427575
0.054916
0.157051
0.188060
0.471715
0.276045
0.024287
-0.226567
-0.041073
0.011446
-0.039159
-0.104053
0.153468
0.262947
0.152813
-0.317954
-0.182867
0.115916
-0.151534
0.196699
0.057538
-0.242989
0.129424
0.083077
-0.030870
-0.067592
-0.365896
0.170870
0.130260
0.069595
0.163549
0.042917
-0.007338
0.280588
-0.164211
0.025697
0.071564
-0.157073
0.016721
-0.006323
0.174459
-0.119051
0.079043
0.460281
-0.297876
0.034506
-0.155909
-0.119179
0.057438
0.078125
-0.186946
-0.373264
-0.145753
-0.136214
-0.336952
-0.174663
0.211477
0.029453
0.261030
-0.349278
0.125746
-0.047854
0.030053
-0.115243
-0.050932
-0.015277
0.000929
0.233158
0.261887
-0.363151
0.096990
0.042571
0.387033
-0.098515
-0.086562
0.010253
0.112360
-0.037160
0.105469
-0.165242
0.029157
-0.170096
-0.096101
0.009898
0.357726
0.078897
0.076600
0.046765
-0.131361
-0.233862
0.155186
-0.361824
-0.085483
0.290009
0.268302
0.290664
-0.327149
-0.027560
-0.082646
0.053862
-0.167077
0.303905
0.218274
0.097183
-0.028779
-0.208740
-0.208480
0.017450
0.354670
0.199868
0.252585
-0.004513
0.322555
0.424466
-0.092044
-0.011622
-0.322779
0.081696
0.142776
-0.142001
0.223772
-0.116141
0.026961
-0.245750
-0.071912
-0.189391
0.477163
0.023414
-0.329265
0.259433
0.191675
0.029316
0.295022
-0.067265
-0.312536
-0.407099
-0.087952
0.385154
0.107907
0.471905
0.278935
0.110823
0.196107
-0.155098
-0.204621
0.416641
-0.132003
-0.508847
-0.003860
-0.011556
0.014319
-0.034848
-0.152572
0.009070
0.005655
-0.168859
0.019121
-0.055497
-0.011226
-0.137229
-0.171902
-0.126227
-0.184079
-0.037969
0.460290
-0.067103
-0.053093
-0.126470
0.138747
0.128201
0.142107
0.091611
0.152332
-0.161523
0.001633
-0.436918
0.068815
-0.109958
-0.096823
-0.199897
-0.019571
-0.093014
0.244045
-0.241221
-0.015189
0.085772
-0.197620
-0.057491
-0.132216
0.002610
0.016857
0.247803
-0.068781
0.048727
-0.226551
0.064720
0.208538
0.181802
-0.186115
0.255277
0.057653
-0.169820
-0.006084
0.165394
0.007560
-0.102784
-0.049546
0.294325
0.011659
0.198428
-0.199985
-0.130660
0.075180
0.496768
-0.351878
0.055580
-0.007212
-0.076694
-0.182018
0.257132
0.125727
-0.060618
-0.059893
0.197834
0.135281
-0.190082
-0.083551
-0.097533
-0.171214
-0.055435
-0.350737
-0.153973
-0.128991
0.085828
0.158533
-0.213399
0.117659
-0.041409
0.047464
-0.134209
0.212683
0.211058
0.053533
-0.003193
-0.087517
-0.112230
0.328146
-0.042069
-0.042998
0.060796
0.108417
0.117012
0.052019
-0.183249
-0.036275
-0.066011
-0.195565
0.246133
0.061185
0.008335
0.168300
0.011174
-0.088501
0.409378
-0.404479
0.064623
0.077155
0.030675
-0.250175
0.125096
-0.284234
0.321954
-0.113107
-0.078431
0.143774
-0.019496
0.309968
-0.017755
-0.021013
0.169442
0.194864
0.389763
-0.201205
-0.132922
-0.049288
-0.045121
0.330871
-0.185926
0.055411
-0.168361
0.111490
0.203969
-0.029356
-0.053222
-0.085329
-0.053398
0.195072
-0.002721
-0.195796
-0.045398
-0.040232
-0.054362
-0.021104
0.003769
-0.133845
0.044437
-0.261611
0.196092
-0.177627
0.172063
-0.116052
-0.158740
0.279963
-0.022871
-0.046451
-0.258579
-0.073336
-0.139802
0.067774
0.089972
0.196632
0.579770
0.223270
0.110144
-0.151400
-0.311368
-0.119822
-0.020578
-0.162387
0.174090
0.069276
-0.138575
0.051225
-0.020333
-0.009822
-0.205402
-0.185417
0.080773
-0.100893
0.036727
-0.038588
0.335824
0.306412
-0.198447
-0.080990
0.027228
-0.292069
-0.365248
0.107291
0.359964
-0.080808
0.159159
0.123566
-0.155910
0.130501
-0.153394
-0.103022
0.141729
0.224919
-0.087828
0.132116
0.154450
0.217434
0.337964
-0.144369
-0.013330
-0.155632
0.006915
-0.091779
-0.227065
-0.088494
-0.106401
-0.078089
-0.063055
-0.051107
0.285534
0.166324
0.175840
0.168572
-0.033354
-0.063331
-0.283406
-0.005996
0.350900
0.085613
-0.132400
0.097703
0.162550
-0.333274
0.386052
-0.093979
-0.174498
-0.363499
0.044044
-0.011696
0.234472
0.079042
0.073827
0.298077
0.020270
0.111281
0.015871
0.128991
0.106970
0.088207
-0.048458
-0.041457
-0.248367
-0.281300
0.131074
0.059497
0.066587
-0.112052
-0.146958
0.078434
-0.019199
-0.203135
0.268847
-0.090495
-0.011550
0.178153
0.113377
-0.043702
0.052564
-0.357653
0.096274
0.171365
0.079491
0.044029
-0.063477
-0.114015
-0.181848
-0.014853
-0.098377
-0.421156
0.093444
0.075623
-0.056561
0.132782
0.263634
-0.171894
-0.094425
0.059474
-0.138066
0.056052
0.101704
0.082007
0.176238
0.042880
-0.187849
-0.131451
-0.322841
-0.205041
0.210041
-0.169865
-0.005430
-0.099819
-0.074423
0.002837
0.376600
0.027170
-0.285942
0.059860
0.080731
-0.140508
0.129931
-0.221698
0.018304
-0.002881
0.061400
-0.114776
0.305311
0.183190
0.198115
-0.021069
-0.156657
0.166382
-0.243222
-0.098531
-0.274143
0.055249
0.480931
-0.225636
-0.266655
0.076271
-0.120023
0.010333
0.064143
0.030808
0.211488
-0.098146
0.179560
-0.015895
0.078723
-0.249815
0.482289
0.352248
0.014549
-0.199454
0.004233
-0.158569
-0.019424
-0.248223
-0.008930
-0.226281
-0.075272
0.096846
0.224029
-0.082227
0.180864
-0.038769
0.093294
0.198804
0.154869
-0.027536
0.352960
0.194068
-0.038052
-0.221338
-0.088212
0.094524
-0.019163
0.073992
-0.357035
-0.119345
0.015078
-0.101761
0.130246
-0.155454
-0.301677
0.192989
-0.062228
0.013562
0.305920
-0.068631
0.173436
0.417993
-0.157337
-0.012020
0.160803
-0.172185
-0.477501
