0.076462
-0.219829
0.248970
-0.125657
0.174162
0.094894
0.050540
-0.161950
0.169127
-0.006980
0.057409
0.189323
0.043422
0.092028
0.200475
-0.264880
0.051960
-0.006781
-0.106415
-0.208258
0.069292
0.279087
-0.180138
-0.241308
-0.134656
0.026536
-0.224057
0.173505
-0.132345
0.250460
-0.219451
-0.064372
0.113808
-0.152833
0.335415
-0.076863
-0.060585
0.113204
0.169604
0.219457
-0.211361
-0.032357
0.281385
0.041176
0.281373
0.050154
-0.169434
0.084684
0.130313
-0.139292
0.007981
0.032781
0.380519
-0.000572
0.331479
-0.098112
0.133008
-0.315879
-0.036907
0.080098
0.142957
0.189156
-0.431036
-0.012807
0.244242
0.067882
-0.023150
0.222235
-0.174324
0.291356
0.159316
-0.202380
-0.179386
-0.227992
0.102533
0.030078
-0.330034
-0.242636
0.015736
-0.005832
-0.249015
-0.080280
-0.576779
-0.028541
-0.023978
-0.084840
-0.220804
0.007458
-0.202959
0.092508
0.003711
0.024416
-0.017741
0.163902
0.213353
-0.082677
0.249632
0.084650
0.214373
-0.151812
0.481186
-0.098283
-0.130487
-0.248669
-0.085192
0.168639
0.104661
-0.135819
0.103355
-0.097281
-0.025723
0.034025
-0.134927
0.280408
-0.006336
-0.055449
0.081953
-0.264887
-0.151180
-0.115496
0.204018
0.093319
0.058709
0.051579
0.311053
-0.057960
0.022375
-0.032280
-0.127941
-0.193676
0.441632
-0.098741
0.089000
-0.236744
0.056233
0.103689
0.009764
0.237934
-0.332231
-0.003023
-0.250087
-0.070684
-0.333091
0.056798
-0.124655
0.100708
0.220286
0.092218
0.179269
-0.280746
-0.049246
0.230472
-0.382923
0.431141
-0.052935
0.210312
-0.127079
0.145996
0.086295
-0.040011
0.033418
0.137908
-0.332109
-0.029667
-0.107826
-0.019615
-0.102079
-0.441524
0.121046
0.072527
-0.455765
-0.075977
-0.070250
-0.011184
0.099902
-0.322028
-0.210557
0.022192
0.202047
0.127834
-0.373015
-0.110810
-0.206678
0.352113
0.126646
-0.067774
-0.444635
0.266505
0.058096
-0.035791
0.156215
0.112320
-0.018875
0.269339
-0.189151
0.144870
0.086147
-0.017129
-0.470606
-0.155445
0.525917
0.177948
-0.064535
0.053453
0.076416
0.076780
0.415801
-0.118496
-0.089577
-0.100964
0.049612
0.159415
-0.259323
0.293210
-0.020645
-0.040466
0.133156
-0.233685
0.124268
-0.025651
-0.225086
0.027945
0.038459
-0.115886
0.008099
-0.120302
0.160370
0.204240
-0.096001
-0.349647
0.053187
0.069585
-0.231577
0.244291
-0.215428
-0.040394
-0.043917
-0.286778
-0.057567
0.016345
-0.111065
0.348143
0.150053
0.021850
0.247452
0.110057
0.318002
-0.316570
-0.316372
0.061880
-0.004691
-0.070118
-0.006654
0.278503
-0.144851
-0.329398
-0.225535
-0.208171
0.094918
0.563313
-0.302171
-0.144856
-0.020146
-0.018518
-0.159909
-0.263339
0.009868
0.220290
-0.007488
0.005411
-0.362267
0.155157
-0.103098
-0.112186
-0.249370
0.216289
-0.125623
-0.110479
-0.138919
-0.021183
-0.001721
-0.179550
0.004305
0.201275
-0.020595
0.063013
-0.532764
-0.336944
-0.016826
-0.229737
-0.149600
0.038593
-0.034421
-0.103238
0.160652
0.139619
0.038472
-0.137576
-0.011917
0.039460
0.387562
-0.194091
-0.160952
0.144323
0.026842
0.021527
0.095717
0.139407
-0.006236
-0.265514
-0.055406
0.108021
-0.031838
-0.193201
0.061464
-0.346895
0.398438
0.175147
-0.235091
-0.299940
-0.203767
-0.102103
-0.206195
-0.104557
-0.088619
0.385120
0.132451
-0.209321
-0.234136
0.286662
-0.205261
-0.193075
0.043923
-0.018778
-0.028974
-0.206266
0.002998
-0.419518
0.177358
0.159551
-0.086214
-0.224517
-0.063288
-0.286527
-0.240770
0.050532
0.116394
-0.113921
0.194772
-0.348568
0.133829
-0.238399
0.195772
-0.422095
0.227156
-0.387751
-0.028740
0.011315
0.095103
-0.310550
-0.162178
0.192265
-0.202011
-0.252810
-0.387573
0.132314
0.388725
0.064766
0.380885
-0.225697
-0.160528
-0.486755
-0.163580
-0.298518
0.149728
0.005878
-0.002173
0.080448
-0.029108
0.068469
0.108270
-0.116229
-0.166957
0.138802
-0.068257
-0.005266
0.168471
0.118346
0.106995
0.246052
0.002447
0.092623
-0.010618
0.104246
0.047535
0.037153
0.123234
-0.311554
0.184347
0.228285
-0.341784
-0.064500
-0.262379
-0.151725
0.221888
-0.289038
0.138055
0.258732
0.280048
-0.197275
0.010054
-0.021998
0.056957
-0.031863
0.051811
0.185194
0.289318
0.068070
-0.141515
-0.030850
-0.001544
0.152731
-0.085331
-0.068739
-0.216361
0.108711
-0.240964
0.283744
-0.060038
0.027785
-0.198090
0.021384
0.072771
-0.313648
-0.059549
-0.200007
0.134304
-0.243274
-0.078058
0.041266
0.377248
0.435113
0.002132
0.235296
-0.190359
-0.293616
-0.152698
0.192662
-0.087729
-0.079240
-0.135198
-0.195116
0.137842
0.201091
0.140042
0.300587
-0.235111
-0.072662
-0.090025
-0.049214
0.053702
0.183973
-0.245413
-0.053397
-0.203666
0.102134
-0.270681
0.183593
-0.140286
-0.238239
-0.150312
-0.051498
0.007347
-0.250711
-0.250670
-0.140714
-0.154369
-0.038365
-0.291008
0.018332
0.195178
0.211442
-0.023795
0.064034
0.134869
0.149954
-0.365696
-0.109840
0.143318
-0.221722
0.107313
0.155283
0.269745
0.037400
-0.039752
0.290862
0.264160
-0.378032
0.097062
0.068929
0.092590
-0.081536
0.129784
0.032717
0.037494
-0.200947
-0.141228
-0.112500
-0.114899
-0.072113
0.070675
-0.289038
0.540789
-0.261884
0.124941
-0.026957
-0.079359
-0.131239
0.054939
-0.068920
-0.032870
-0.165639
-0.090948
0.004523
-0.172383
0.060038
-0.422009
-0.180172
0.181481
0.002419
0.210408
0.011818
0.053413
0.149225
0.179754
0.086878
0.196019
-0.364224
0.036200
0.320759
0.399946
0.090784
-0.298901
0.135315
0.157715
-0.027901
0.380905
-0.029511
0.143563
-0.333769
-0.035468
0.369800
0.182050
0.095284
0.143827
0.067206
0.064062
0.133903
0.055934
0.151251
0.051251
-0.145644
-0.111671
0.123198
-0.180741
0.248788
-0.644213
-0.038287
-0.127299
0.158352
-0.041572
-0.317027
0.148396
0.011783
0.229470
-0.285317
0.110685
-0.007348
-0.109378
0.064659
-0.097565
0.063659
-0.153308
-0.179702
0.135035
-0.045541
0.157958
0.185816
-0.215032
0.151775
0.101486
-0.101359
0.173634
-0.100108
0.170441
-0.188978
0.131144
-0.002745
0.067756
-0.300757
0.057884
0.238576
0.106835
0.064771
0.075461
0.127162
-0.156043
-0.042754
-0.213873
-0.050521
-0.272051
0.132081
-0.183745
0.171522
0.073051
0.131789
0.008518
-0.156839
-0.219663
-0.315995
0.119717
-0.040709
0.037454
0.197074
0.146490
0.139824
-0.087961
0.114714
0.154752
-0.114940
0.070396
0.276223
-0.108574
-0.130589
0.011073
-0.163505
-0.150156
0.013616
0.141812
0.197614
0.077122
-0.081933
0.036065
-0.107670
-0.370078
0.286966
0.432901
-0.164167
0.199258
-0.358351
-0.305639
0.098756
0.016346
0.199643
0.155550
0.301527
-0.011725
0.172064
-0.189377
-0.179153
-0.063627
0.132397
-0.086090
0.111894
-0.150627
-0.117960
-0.250297
-0.479814
0.003942
0.184697
-0.094594
0.006294
0.209884
0.031068
-0.198930
0.139510
-0.226206
0.050097
0.182273
-0.239454
0.152316
-0.101205
0.221435
-0.003241
0.188225
0.401010
0.211165
0.069203
-0.208783
0.379408
0.008585
-0.141843
-0.024680
0.312498
-0.042956
-0.096284
-0.027438
-0.199090
-0.185776
-0.132843
0.270183
0.101969
0.406786
-0.063430
0.023774
0.063992
0.040272
-0.131222
0.112557
-0.052974
0.294552
-0.185520
-0.272408
0.047887
0.180526
0.215024
0.072660
-0.034977
0.335196
0.171715
-0.206328
0.042019
0.150172
-0.090474
0.124350
-0.204240
0.033298
-0.037374
-0.363740
-0.324280
0.055882
-0.029014
0.037160
-0.321082
0.003145
0.264882
-0.035522
0.111496
-0.021500
0.215870
-0.223258
0.161935
0.303048
0.228153
-0.367091
0.085774
-0.027082
0.094360
0.153505
0.054955
-0.075633
0.070366
-0.126679
-0.008316
-0.201637
-0.355644
0.074141
0.141667
-0.090599
0.360215
-0.306147
0.248543
-0.411667
0.170226
-0.084402
0.026384
-0.164439
-0.224633
0.076922
-0.081106
-0.300340
0.398203
0.076802
-0.039480
0.040355
0.403303
0.217435
0.101332
-0.197550
-0.051787
-0.020910
-0.050851
0.256220
0.213663
0.293226
0.250512
-0.014828
-0.155051
-0.078568
-0.158506
0.294233
0.325148
0.114615
-0.031693
-0.021011
-0.098051
0.064350
0.259708
0.040535
0.072833
0.239866
0.019571
-0.003614
-0.392686
-0.140187
0.019556
0.140013
0.013946
-0.160900
0.176173
-0.032200
0.107920
-0.278678
-0.049757
-0.186639
0.036423
0.135346
0.055141
-0.042422
-0.108901
-0.117381
0.044986
-0.079373
0.199294
-0.072366
0.005779
0.241718
-0.042452
-0.202390
0.179122
-0.104057
0.157041
0.028633
-0.229267
0.267489
0.084395
-0.099089
-0.097806
-0.138534
0.323181
0.304629
0.171624
0.012274
0.010951
0.081608
0.188426
0.181199
0.125604
0.304916
-0.026911
0.042901
0.059239
0.065387
-0.100439
0.188644
-0.025509
0.105585
0.247622
-0.149532
0.228703
0.135276
-0.228483
-0.069078
-0.054235
-0.122558
0.006169
-0.079858
0.282526
0.150043
-0.067767
0.064966
0.194928
0.084854
0.052376
0.038367
-0.133963
0.143661
0.153223
-0.116446
-0.059639
-0.016221
-0.395183
-0.283381
0.331945
-0.145716
-0.137147
-0.126890
0.148488
0.063941
0.069473
-0.035715
-0.178421
0.066283
-0.035966
-0.258313
-0.416383
-0.458274
-0.045164
0.420489
-0.117014
-0.141552
-0.264594
-0.097513
-0.398298
0.085380
-0.122553
-0.085815
0.000587
0.153572
0.110595
0.248132
-0.040366
0.279303
0.200070
0.226701
-0.362455
-0.054802
-0.310697
-0.044632
0.073708
-0.150875
0.002459
0.127894
0.013179
0.062272
0.006459
0.079094
-0.172640
-0.071339
-0.451079
-0.211035
-0.177017
-0.149724
-0.088591
0.202806
0.184008
-0.183601
-0.148976
-0.203745
-0.394299
-0.031797
-0.129812
-0.329082
-0.155743
0.075832
-0.054538
0.171071
-0.033363
-0.109364
-0.158612
-0.248429
0.052737
-0.259815
-0.020730
-0.260765
0.043784
-0.118169
0.076123
0.001978
0.187355
-0.222011
-0.166897
0.021926
-0.260634
-0.090636
-0.144547
0.155075
0.236949
-0.280034
0.371897
-0.140949
0.317518
0.131423
0.231871
0.195424
-0.001114
-0.289463
0.036318
0.021030
-0.030460
-0.070206
0.080187
-0.006345
0.462459
0.141917
0.034777
-0.217717
0.200992
0.299398
0.291975
-0.070018
0.013224
0.198142
0.064589
-0.036104
-0.158625
-0.071803
0.151714
0.196042
-0.025913
0.052404
0.052202
0.268914
0.192921
0.161204
-0.122334
-0.160666
0.152847
-0.398350
-0.085197
0.310704
0.265315
-0.568072
0.305321
0.084856
-0.454082
0.219995
-0.245588
0.245727
0.220531
-0.285572
0.022445
0.008946
-0.066720
0.058605
-0.382032
0.131736
0.078437
-0.035707
0.038540
-0.138622
0.098313
0.286498
0.276657
0.296819
0.176900
-0.048374
0.226558
-0.403018
-0.091283
-0.282747
0.119833
0.168031
0.318884
0.186242
-0.029822
0.082573
-0.202456
-0.305403
-0.194187
-0.229977
0.322074
0.159632
-0.175065
-0.256230
0.044819
0.036785
0.019721
-0.048773
0.329068
-0.172500
0.278569
-0.034212
0.005013
-0.167873
-0.076095
-0.022232
-0.103075
0.383798
-0.023625
0.100281
0.025058
0.408515
-0.063909
0.043914
0.024526
0.348048
-0.131703
-0.210964
0.269018
-0.071245
-0.119904
0.124122
-0.013170
0.193890
0.173168
0.080879
-0.196728
0.044875
-0.035825
-0.160767
0.176223
-0.393579
-0.258545
0.326042
-0.138808
0.249006
-0.031666
-0.209498
-0.079075
0.077098
0.252195
0.036021
0.238081
0.066494
-0.013667
0.253372
0.017360
-0.159953
0.051371
-0.013013
0.438046
0.232340
-0.156689
0.197696
-0.121244
0.162087
-0.177598
0.009634
-0.367825
-0.117363
-0.114540
0.008489
-0.041940
-0.296789
-0.265461
-0.108628
0.150429
0.012392
-0.090310
-0.229077
-0.202990
0.054233
-0.018817
-0.249506
0.121632
0.198036
-0.005899
0.094731
-0.249949
-0.012832
-0.273571
0.051980
-0.146115
0.192623
-0.050438
0.000755
0.043054
-0.067759
0.150596
-0.310017
-0.077128
0.144168
0.116225
0.146510
-0.170440
0.019075
0.106232
-0.276678
0.399274
-0.050754
0.509576
-0.026843
-0.029276
0.014882
-0.217761
0.047809
0.086672
0.134670
0.082935
0.044159
-0.175737
-0.156631
-0.033039
-0.004486
0.043533
0.025453
0.145675
0.133362
0.408012
-0.123531
-0.150330
-0.104299
-0.031732
-0.360454
0.198877
0.046682
0.034974
-0.170343
-0.242370
-0.083775
-0.174566
-0.041654
0.034089
-0.197443
-0.328049
-0.160730
0.082441
-0.114889
-0.070341
-0.066950
-0.222133
0.083436
0.333103
0.008749
0.170015
-0.407502
0.031647
0.001656
-0.125994
-0.376012
0.032119
0.033115
-0.180476
-0.127687
-0.094889
-0.032623
0.004330
0.122044
-0.159833
-0.282647
-0.098523
0.264522
0.083860
0.114278
0.008317
0.002710
0.140067
-0.054495
-0.080543
0.388555
0.341139
0.016471
0.058118
0.213749
0.114877
0.121058
0.227288
-0.114648
-0.149515
0.129352
-0.160025
-0.109535
0.105326
-0.155333
-0.283462
-0.105557
0.381461
-0.222389
-0.115594
0.070052
-0.360244
0.093073
-0.245346
0.253690
0.222788
0.084168
-0.116521
0.058219
0.357539
-0.014432
-0.081683
-0.017757
0.054645
-0.045538
-0.162025
0.097589
0.028224
-0.162466
-0.003687
0.385701
-0.406936
-0.160187
-0.484741
-0.030229
0.053160
-0.066275
-0.043075
-0.301773
-0.108818
-0.098857
0.220165
-0.142979
0.152701
0.137590
0.113464
0.253794
-0.117232
-0.061140
0.204458
0.087966
0.082370
0.105683
-0.304557
0.089672
-0.283332
-0.160557
0.129428
-0.163891
0.073226
-0.043271
-0.046334
-0.046446
-0.015405
-0.207523
0.039315
-0.014431
0.068846
-0.073818
0.028946
-0.171796
0.132304
-0.019230
0.196069
0.140283
-0.187193
-0.045115
-0.083654
-0.027091
-0.232059
0.373205
0.007150
0.208130
-0.202385
0.018576
0.012889
-0.084185
0.122704
0.332587
-0.135749
0.021483
0.114162
-0.034709
0.071282
0.101538
0.040333
0.258025
0.170163
0.027281
0.087967
-0.018874
0.181050
0.291600
0.107819
-0.112659
0.061572
0.458330
-0.178721
-0.066327
0.245349
-0.087509
-0.123230
-0.111278
-0.084891
-0.161111
0.332389
0.055952
0.399251
0.193836
-0.505736
0.192018
-0.105401
-0.201696
-0.322359
0.120706
-0.245793
0.195623
0.046349
0.078704
0.094469
0.196263
-0.109588
-0.106772
0.003917
-0.031193
0.058515
-0.097129
0.013651
-0.372548
0.121896
0.302116
-0.141945
-0.116391
0.063699
0.045409
-0.150609
-0.120770
-0.092683
-0.149042
0.146431
-0.122514
0.012981
-0.280970
0.009688
0.056484
0.142965
0.121908
-0.092365
-0.039775
0.123188
0.039972
-0.108204
-0.222706
0.355860
-0.184877
0.096566
0.118401
-0.054838
0.151264
-0.011786
-0.069563
0.205124
-0.131606
0.021351
0.006563
-0.179767
-0.206771
0.025694
-0.128300
0.240142
0.084411
-0.151429
0.224765
-0.060603
-0.254702
-0.137617
0.033956
0.154851
0.023938
0.206960
0.022229
-0.252750
-0.169995
-0.139040
-0.153908
-0.084385
0.011087
-0.383909
-0.086035
0.033332
-0.291865
0.091310
0.119609
-0.093411
-0.017522
-0.046965
0.038062
0.127113
-0.086857
0.400482
0.003667
0.068788
-0.032054
-0.024760
0.287889
-0.264134
0.108907
0.130388
0.031864
0.028559
-0.386282
-0.112159
-0.136253
0.277647
-0.186063
0.066223
-0.401525
0.031974
-0.129786
-0.006289
-0.143932
-0.407702
-0.007157
-0.052165
0.249274
0.235591
-0.123134
-0.045573
-0.188125
0.475152
0.193042
0.078113
0.197683
0.088434
0.284586
-0.192039
0.213368
-0.152355
0.210738
0.272406
-0.156433
-0.137908
-0.151914
-0.213350
-0.305115
0.101116
-0.068290
-0.233122
-0.371618
-0.208129
-0.105734
0.195617
-0.106651
-0.304220
0.078487
0.115362
-0.257040
0.089058
0.136408
0.147286
0.007097
-0.067685
-0.099420
-0.218600
0.009210
0.015245
-0.309305
-0.075281
0.192636
-0.069630
-0.097865
-0.247556
-0.003327
0.130239
-0.030954
0.072113
0.256124
-0.022559
0.113308
-0.280108
-0.005127
-0.161507
0.190516
0.204333
-0.033713
0.136273
-0.066668
0.483459
-0.199535
-0.067461
0.188476
0.295184
-0.038260
0.016076
0.125045
0.288472
0.088738
0.107972
0.029411
0.128362
-0.170388
-0.053483
-0.014163
0.081616
-0.068095
-0.169746
0.138319
-0.098002
-0.170296
0.067977
0.086551
0.058715
-0.045203
0.166255
-0.273014
0.045119
-0.037100
-0.053864
0.203482
-0.097719
0.022388
-0.151046
-0.098782
0.047544
-0.208898
-0.055062
-0.167561
-0.168998
-0.077957
0.257249
0.047197
-0.114681
-0.009930
-0.141602
-0.062504
0.380962
-0.076482
0.156328
-0.161874
-0.021009
-0.206850
-0.045774
0.410755
-0.034689
0.004371
-0.364635
0.098780
-0.223204
0.024781
-0.181374
-0.070966
-0.039350
-0.038555
-0.181497
0.236957
-0.088418
-0.299050
-0.310764
-0.016862
-0.315778
0.063426
-0.198776
0.040160
-0.017047
-0.228257
0.058616
-0.043172
-0.085783
0.087349
-0.120547
0.064403
0.337065
-0.171267
-0.160329
-0.131788
-0.122652
0.290567
0.018972
-0.241636
0.138341
-0.093839
-0.212623
0.185724
0.179667
-0.145268
0.162341
-0.137069
0.157185
0.203200
-0.287174
0.056475
0.117442
-0.089115
-0.131260
0.077593
-0.069890
0.154442
0.251749
-0.002911
0.342878
0.409118
-0.009895
0.122308
-0.062912
-0.004276
0.039252
-0.037806
-0.048719
-0.141567
0.250285
0.130407
-0.124723
0.236365
-0.100695
-0.148632
-0.307063
-0.153103
-0.007665
0.126969
0.275490
0.069811
0.190500
-0.368692
0.106311
-0.078739
-0.149854
0.162582
0.107568
0.043143
0.154210
-0.199046
0.006153
-0.196582
-0.072658
0.295367
-0.188421
0.076437
0.081450
-0.085267
0.170431
0.246131
0.148413
0.071892
0.217086
0.232982
-0.028346
-0.120222
0.020715
0.207341
-0.093742
0.308836
0.030335
0.033063
0.291334
0.063166
-0.177916
0.056131
0.277107
-0.053585
-0.237454
0.076514
-0.092960
0.138563
0.102388
0.168194
-0.168683
0.314664
0.039652
-0.017071
0.130952
0.253693
0.003838
-0.036319
-0.340999
0.370272
-0.163069
0.022383
0.316391
0.023900
-0.118289
-0.048807
0.093556
-0.131036
-0.147821
0.087729
0.237446
-0.035687
-0.124803
-0.145765
0.031236
-0.116129
0.263079
0.186140
0.299445
-0.267325
0.093834
0.196024
-0.018158
-0.055129
0.172843
0.044185
0.012172
-0.069259
-0.064597
0.199497
0.092002
0.193119
-0.073932
-0.018257
0.055580
0.251271
-0.000439
0.276355
0.324522
0.141571
-0.064241
-0.130353
-0.239363
-0.024956
-0.044407
0.201847
-0.021502
0.236096
0.192164
0.112725
-0.167635
0.256721
-0.240076
-0.059070
0.162425
-0.176288
-0.265125
0.008321
-0.061482
-0.145646
-0.129438
0.054746
-0.272094
-0.030040
-0.268463
0.197294
-0.062840
-0.075811
-0.106647
-0.069322
0.189541
-0.114532
0.159328
-0.071138
0.071235
-0.285134
0.075108
-0.273684
0.022500
0.080756
-0.053645
-0.265860
-0.129576
0.358447
-0.049589
0.106717
0.275765
-0.146435
0.389055
-0.145475
0.103574
-0.091172
-0.099420
0.046983
0.329625
-0.303835
0.010301
0.262063
0.053059
-0.025967
0.195707
0.168411
0.048429
0.079787
-0.401057
0.036064
0.045196
-0.150939
0.137940
-0.438033
0.104054
-0.200997
0.242444
0.039001
0.194849
-0.097405
-0.180520
0.034896
-0.084093
0.008763
-0.071943
-0.404690
-0.070785
0.116231
-0.105199
0.122913
0.160988
0.201354
-0.225473
-0.238827
0.037663
0.337155
-0.145220
-0.133473
-0.271728
-0.167022
-0.393363
-0.041029
-0.352961
0.260374
0.182783
0.109457
-0.011159
-0.051381
0.130837
0.134667
-0.168207
0.319731
0.076732
0.221008
-0.512724
-0.126180
-0.058475
-0.047456
-0.226035
-0.432037
-0.018182
-0.338812
-0.000323
-0.314525
-0.141610
-0.110833
-0.056288
-0.259108
-0.349923
-0.278706
-0.032102
-0.067445
0.260818
0.263422
-0.177812
0.506852
0.268017
0.100207
0.154003
-0.345651
-0.060874
0.122200
-0.086107
0.090995
0.035323
0.045061
0.065890
-0.043647
-0.081849
0.332036
-0.091894
-0.213572
0.033418
0.172433
0.166937
0.272676
0.346278
0.144696
0.349023
0.115914
0.279584
0.197909
0.091551
0.228097
0.427438
-0.235391
-0.112663
0.019595
0.185494
-0.052168
-0.053505
0.248135
-0.170631
-0.012255
-0.384602
-0.139197
0.148492
0.280091
0.047877
-0.109094
-0.139162
0.094287
-0.314611
-0.065825
-0.049722
-0.138204
0.142221
-0.183338
-0.245417
0.291727
0.134323
-0.391308
-0.212508
0.430369
-0.062644
0.382560
0.019203
0.023842
-0.047929
0.199981
-0.084226
0.263485
0.439593
0.172644
-0.007212
0.157417
0.329789
0.215172
0.001966
0.004273
0.202412
-0.224629
0.014270
-0.003293
-0.016648
0.042742
-0.114607
-0.009468
-0.368453
-0.171845
-0.212006
-0.484365
-0.347346
-0.378217
-0.210052
-0.198877
-0.339068
-0.314856
-0.261868
-0.235723
-0.225141
-0.280160
-0.048164
-0.367491
0.000414
0.123121
-0.006223
0.118397
0.228007
-0.049679
-0.106310
0.101200
0.519308
0.322976
0.366255
0.250247
0.475304
0.316752
0.667872
0.300005
0.532647
0.512176
0.228333
0.459478
0.391378
0.258396
0.253389
-0.021739
0.492034
0.124589
0.498614
0.271346
0.273567
-0.083986
-0.267760
0.378164
0.000910
-0.230880
-0.162075
0.027340
0.459212
-0.213399
-0.196262
0.039121
-0.059845
-0.045541
0.014361
-0.350489
-0.397339
-0.447109
-0.084979
-0.158835
-0.146413
-0.208891
-0.203740
-0.031185
0.008338
0.121520
-0.186877
0.097576
0.243197
0.159701
-0.167064
0.433175
0.353427
-0.335709
-0.074292
-0.091049
0.000642
-0.011652
0.322098
-0.056248
-0.389212
-0.083876
-0.131656
-0.235151
0.081007
0.148768
-0.157183
-0.227738
0.244461
0.024282
0.184488
0.213266
0.008162
-0.102719
-0.353904
-0.301220
-0.162398
-0.072693
0.175381
-0.201446
-0.095087
0.203335
-0.068005
0.198787
-0.236489
-0.197161
-0.058416
0.112716
0.001275
0.041080
0.048243
0.239419
0.041127
0.009025
-0.292794
0.311094
0.242664
-0.059726
-0.156263
-0.149537
0.036264
-0.362834
-0.036822
0.104236
0.376760
-0.375328
-0.015600
-0.079576
-0.122443
0.119201
-0.153623
0.167541
-0.018722
0.191870
-0.135363
0.014562
0.000550
0.171929
0.460979
0.006206
-0.237932
-0.106286
-0.084313
-0.043266
-0.098516
0.179182
-0.063088
-0.261616
-0.124561
0.008455
0.186000
0.029554
-0.065401
-0.162627
-0.212969
0.250462
-0.036738
0.266536
-0.327334
-0.015542
-0.002861
-0.011983
0.145232
0.061702
0.151587
0.200284
-0.095645
-0.004566
-0.055361
0.162573
-0.001444
-0.026691
-0.334438
0.055509
-0.132078
-0.026092
0.322712
-0.010240
0.205983
-0.012246
-0.177370
-0.118045
-0.294737
0.188206
0.116563
-0.155886
0.087468
-0.134261
-0.243595
0.005335
-0.079757
-0.016935
-0.059808
-0.040676
-0.170179
0.154551
0.071745
0.215430
-0.009755
-0.090497
-0.008699
0.071273
-0.306079
0.107711
0.014524
0.191751
-0.111861
-0.170012
-0.010853
-0.086040
0.030459
0.243689
-0.343271
-0.026701
-0.191729
-0.159708
0.016991
0.092039
-0.045064
-0.026957
-0.019314
-0.107836
-0.094715
-0.016817
-0.100169
-0.019093
-0.148409
0.305469
-0.022857
0.092321
-0.487948
0.188523
0.024508
-0.193033
0.265028
0.044019
-0.003584
-0.026133
0.190927
0.001494
0.145148
0.059637
0.150459
0.005270
0.055455
-0.078226
-0.431043
-0.361397
-0.251507
-0.104902
0.064963
0.429587
-0.121201
-0.124084
0.250462
-0.384701
0.195067
0.308308
0.187673
-0.191681
-0.168732
0.070380
0.187951
-0.084871
0.092892
0.383626
-0.145503
0.186171
-0.361179
0.001230
0.071293
-0.314416
-0.154945
-0.080723
0.081456
-0.020589
0.081666
0.069322
0.107694
0.019135
-0.338999
-0.168191
0.049118
0.020558
-0.038543
-0.003709
0.041833
-0.030512
0.064986
0.084044
0.085541
-0.221007
0.284676
-0.175711
0.074062
0.114919
0.257491
-0.036262
0.165895
0.131152
0.167795
-0.042067
0.233425
-0.130830
-0.183537
-0.037885
0.077429
-0.033707
-0.122590
0.067275
-0.178885
-0.072650
0.178162
0.050041
-0.004733
-0.279493
-0.104414
-0.204651
-0.065019
0.149039
-0.050370
0.280007
0.208541
-0.319706
-0.215513
0.160359
0.113165
0.088528
-0.143667
-0.222982
0.164061
-0.124370
-0.123349
0.089581
0.165314
-0.175340
-0.262986
0.086231
0.122716
-0.059227
0.261975
-0.027781
-0.141840
0.233748
0.116421
0.110032
0.039303
0.237636
-0.040190
-0.010339
0.154415
0.069279
0.154799
-0.137042
-0.153630
0.185459
0.202393
0.001768
-0.168644
0.036534
-0.207270
-0.123875
-0.252079
-0.166330
-0.380558
0.004579
0.158350
0.080280
0.073381
-0.006462
-0.009538
0.057408
0.004415
-0.094650
0.018506
0.169459
0.089531
0.357821
-0.171374
0.079626
0.018280
0.324073
-0.260311
0.031381
-0.035852
0.103920
-0.022084
-0.428031
-0.058788
0.266663
0.198806
0.047527
0.049394
-0.158475
0.465516
0.065773
0.016697
-0.009080
0.002705
0.073763
0.186168
-0.123176
0.034762
-0.311340
0.216178
-0.150653
-0.026735
0.115933
0.087518
0.320913
-0.045439
-0.143201
-0.367368
0.088212
0.051669
0.266799
0.055545
-0.241780
-0.345265
-0.098016
0.109196
-0.224965
-0.085621
0.088102
0.065341
-0.325044
0.034620
-0.132475
0.037226
0.020465
-0.174016
0.073911
0.083262
-0.121001
-0.027118
-0.126289
-0.083426
0.251203
-0.083496
0.101348
-0.016789
0.061890
-0.000675
0.343052
-0.007488
-0.174843
0.006375
0.173579
0.174322
0.342872
0.071043
-0.244129
-0.021592
-0.126572
-0.001653
0.053997
0.303506
0.124505
-0.104064
0.096427
-0.489174
0.137389
-0.194276
-0.219456
-0.094470
0.099017
-0.160437
-0.456079
0.102211
-0.178409
0.009695
-0.229512
-0.066966
-0.012077
-0.236591
-0.115431
0.281406
0.241661
0.367214
0.029333
0.006748
-0.010059
-0.126899
0.031999
0.169298
0.245594
0.131990
-0.155518
0.121176
0.234020
-0.090196
0.075250
-0.085545
-0.364169
0.080988
-0.018722
0.162363
0.045470
-0.345198
-0.139560
0.199064
-0.074375
-0.176132
0.118728
-0.126633
0.313472
0.073228
-0.082158
0.042262
-0.030629
0.011258
0.101707
0.143860
0.154685
-0.389792
-0.040878
-0.313445
0.244025
-0.072055
0.167740
-0.269186
-0.003866
-0.062410
-0.344475
-0.019747
0.155904
-0.175026
-0.263366
0.084355
0.023926
-0.160858
0.032530
-0.053223
0.046552
0.017400
-0.159521
-0.221142
-0.067396
-0.084375
-0.122396
0.125898
-0.245908
0.159952
-0.130511
-0.032865
-0.111975
0.026748
-0.123284
0.055080
-0.219310
-0.243568
-0.173665
0.053239
-0.003554
-0.060446
-0.168590
0.311783
0.304258
0.066563
0.240273
0.286596
-0.148946
-0.068441
0.002980
-0.407130
-0.121725
0.030829
-0.193983
0.104806
0.116546
0.138408
-0.061294
-0.056598
0.098444
-0.312963
-0.038112
0.001833
-0.072292
0.650583
0.022455
-0.150186
-0.201271
0.134522
0.194359
0.073271
-0.424156
0.017677
-0.312650
-0.270040
0.185750
0.086852
0.137593
0.051701
0.031918
-0.130050
-0.294846
-0.058835
0.279035
0.075336
-0.018141
0.176440
0.177730
0.223666
0.111557
-0.129865
-0.236748
-0.112294
-0.366239
0.275025
-0.450376
0.114596
0.018319
-0.263825
0.110769
0.109902
0.157202
-0.206821
-0.229573
0.173099
0.342512
0.169309
-0.115250
-0.053451
0.104431
0.011741
-0.034547
0.076701
-0.100111
0.075890
-0.016271
-0.036284
0.155337
0.217580
-0.303292
-0.190900
0.022996
0.320846
-0.277557
0.078186
-0.144281
0.091519
-0.080789
-0.188530
0.033870
0.115165
0.055498
-0.034461
0.063369
0.193625
-0.290437
-0.165627
0.333229
0.162986
-0.216002
-0.241674
0.003559
-0.005014
-0.138638
-0.175727
-0.052323
0.014710
0.040795
0.143445
0.211005
0.023934
0.177885
-0.599778
0.040963
0.067346
0.104335
-0.084604
-0.105193
0.354974
0.071180
-0.179895
0.077304
0.216128
0.109577
-0.331366
0.167767
0.012701
-0.428448
-0.122231
-0.157243
-0.031663
0.297837
0.280974
-0.057577
-0.007691
-0.146504
-0.043127
-0.331277
-0.055032
-0.026625
-0.162636
0.041166
-0.243282
0.022243
0.407008
0.084225
-0.244185
-0.196768
-0.002870
-0.061500
-0.107066
-0.335858
-0.384006
-0.052365
0.060348
0.174363
-0.029547
0.363520
-0.265177
0.079301
0.144192
0.029216
0.332130
0.047926
0.290879
0.151047
-0.043639
0.021466
0.041567
0.614151
-0.119129
-0.280745
-0.003268
-0.049277
-0.210391
-0.041537
0.244311
-0.105230
0.038114
0.177946
-0.104120
-0.183031
-0.128525
-0.255647
-0.076321
-0.135733
0.183166
0.480758
-0.234542
-0.120786
0.210391
-0.052005
0.123443
0.161547
-0.303963
0.311857
0.016373
0.150805
-0.096769
0.262608
0.039291
0.337810
-0.070465
0.133948
-0.164653
0.036098
0.024432
-0.067065
-0.031938
0.005895
-0.005678
0.120347
0.005436
-0.287976
-0.158415
0.177054
-0.119523
0.034137
-0.190293
0.213917
-0.076162
-0.070804
-0.141248
-0.042831
-0.217416
-0.019777
-0.115946
-0.288276
-0.264858
0.163581
-0.000526
-0.352112
0.090753
-0.014366
-0.314160
0.291121
0.347195
-0.079231
-0.193595
-0.121601
-0.172302
-0.227432
-0.160024
0.170568
0.046236
0.057034
0.384249
0.196276
0.407249
0.058405
0.071288
-0.071729
-0.363809
-0.016255
0.019945
-0.094350
0.023773
-0.115961
0.077188
-0.209673
0.359878
-0.142940
0.011711
0.175786
0.166982
0.123969
-0.282414
-0.204501
-0.093649
0.013078
0.023851
-0.099996
-0.081535
-0.196982
-0.195271
0.017097
0.136381
-0.297435
0.212136
-0.052965
-0.252010
0.071148
-0.345728
-0.111020
0.361727
0.337342
0.275349
-0.101481
-0.035185
0.123095
0.112400
0.229824
0.171341
0.121792
0.205876
0.188604
-0.077002
0.076366
0.146754
0.165199
-0.091905
0.012890
-0.217837
0.265390
0.215530
0.235242
0.130486
0.030562
-0.315333
-0.170681
0.099911
-0.014032
-0.279284
0.090138
0.292223
-0.179935
0.095398
-0.133136
0.072327
0.074366
0.226622
-0.013787
-0.005521
0.410196
-0.169389
0.287966
-0.565618
-0.069212
0.070184
-0.231576
-0.153780
0.112761
0.202065
-0.001645
-0.010880
-0.329175
0.366947
-0.119751
0.105171
-0.127221
-0.026897
-0.054023
0.428100
-0.136777
0.186484
0.022327
0.093111
-0.106355
-0.163691
0.089546
-0.123383
-0.003582
0.052052
-0.133046
-0.103315
-0.090278
-0.400728
-0.076903
0.057523
-0.171068
0.003200
0.215333
-0.209215
0.182158
-0.382782
-0.240665
-0.441232
-0.065052
0.197333
0.102747
0.044010
0.060371
-0.126730
-0.041800
-0.060861
0.013253
0.114321
0.167635
-0.209998
0.019781
0.258279
-0.125538
0.175931
0.075383
0.036967
0.061823
-0.104233
0.057929
-0.247666
-0.010298
-0.042464
-0.357192
-0.112990
-0.219214
-0.121512
-0.076138
0.298401
0.155737
0.120238
-0.171298
0.071705
-0.242062
-0.094631
0.028830
0.253259
0.254955
0.073196
0.112317
0.236252
0.277006
-0.037790
-0.022370
-0.025536
0.113778
0.212078
-0.149215
0.129069
-0.181169
0.013190
0.116773
-0.124390
-0.156439
-0.261656
-0.257699
-0.041405
-0.075549
-0.082429
-0.167730
0.061697
0.377343
-0.327164
0.152823
0.099152
0.131945
0.097768
-0.306199
-0.121463
-0.110658
0.052058
0.174333
0.266691
-0.024430
-0.019166
0.193596
0.156071
-0.112335
0.018517
-0.109848
0.132827
0.008922
0.275164
0.133169
-0.282295
0.019187
0.199513
-0.382903
-0.217139
0.091459
-0.090767
-0.163143
0.232752
-0.011053
0.306630
0.231596
-0.008028
0.079081
-0.023922
0.052381
-0.030609
0.153603
0.079203
-0.409412
-0.271383
0.022022
0.080317
-0.013474
-0.211571
-0.052464
0.123135
-0.108594
-0.132235
0.142683
0.049875
-0.150190
-0.142509
-0.341581
-0.121310
-0.392866
0.099074
-0.139189
0.029630
0.160094
-0.054061
-0.031763
-0.013625
0.310016
-0.193196
-0.246029
-0.225195
0.163048
-0.174056
0.003104
0.204984
0.152800
0.029497
0.226007
-0.164077
-0.047026
-0.014764
-0.134408
0.227935
0.038951
0.033278
0.228537
-0.243315
-0.144183
-0.212870
0.290782
-0.052711
0.140983
0.082452
0.102754
0.052835
0.241810
0.184502
-0.023591
0.229620
0.337770
0.182954
-0.046021
0.232510
-0.063370
-0.077188
0.013608
0.094259
0.236594
0.085608
-0.187024
-0.027158
-0.069249
0.141218
-0.051829
0.254607
-0.080890
0.117606
0.278339
0.149171
0.043700
0.039731
-0.089928
0.141614
-0.081624
-0.336704
0.231216
0.029717
-0.106926
0.022799
-0.116552
-0.067458
-0.012911
0.005020
-0.018027
0.022695
-0.071109
0.033490
-0.072608
-0.174558
0.088921
-0.181384
0.016382
0.167333
0.140647
-0.047929
-0.288827
-0.330999
0.116777
-0.132202
-0.135570
0.069315
0.113280
-0.086419
-0.089866
-0.178916
-0.145914
-0.228748
-0.102028
-0.437523
-0.048955
-0.012896
0.180509
-0.095337
-0.055033
0.139061
-0.124477
-0.082257
-0.130168
0.340973
-0.623767
0.123961
0.263587
0.195178
0.282473
-0.119159
-0.197398
-0.210751
-0.013826
-0.050765
0.044905
-0.163386
0.344322
0.190978
-0.206223
0.072860
0.105380
0.035484
-0.100764
-0.122444
-0.065437
-0.095391
-0.145524
-0.378873
0.283487
-0.227601
0.056166
0.084195
-0.253069
-0.265296
0.294800
-0.099397
-0.078098
-0.185194
0.160292
0.347616
0.015364
0.058581
-0.080528
-0.068804
0.061829
0.267290
0.241432
0.461283
-0.060435
-0.100962
0.263742
0.045666
0.233493
-0.058160
-0.164500
-0.104528
-0.088753
-0.023002
-0.079249
0.028972
0.235337
-0.005968
0.043907
-0.152907
0.200984
0.222579
-0.367301
0.111120
-0.103555
-0.045522
0.142919
0.129361
0.075971
0.351934
0.524076
0.004946
0.218214
-0.183750
-0.062920
0.067636
-0.266006
0.139248
-0.104410
-0.265484
-0.169160
-0.053469
-0.093333
-0.086441
-0.097736
0.157328
-0.116570
0.084296
0.086955
0.133907
0.041166
-0.231966
-0.248311
0.525341
0.273726
-0.017010
0.139200
0.107746
-0.053466
0.314781
-0.126344
-0.254708
0.323643
-0.123643
-0.227536
-0.254242
0.242409
0.080254
-0.020068
0.007026
0.225363
0.150054
-0.104466
-0.218896
-0.276083
0.210381
-0.096388
0.208992
0.403978
0.370847
0.005967
-0.111047
-0.098347
-0.124780
0.320429
0.052270
-0.235458
0.097497
0.148675
-0.110478
-0.017135
0.106086
0.134414
0.088548
-0.293951
0.038842
0.035789
0.232994
0.089136
-0.060681
-0.391019
0.159272
0.095066
-0.289957
-0.044104
0.165673
0.313602
-0.256506
-0.260957
0.082057
0.068604
0.079331
0.063616
-0.140810
-0.209702
0.206612
-0.177748
-0.132963
0.203404
0.049345
0.011523
-0.250241
0.148728
0.264531
0.349246
-0.159108
0.152827
0.225797
-0.115990
0.143442
0.483515
0.091034
0.142641
-0.056676
-0.292519
0.053140
0.122530
0.127571
-0.106790
0.176511
0.146997
0.252300
0.096220
0.134045
0.066597
-0.041572
-0.107632
-0.095327
-0.098453
0.116852
0.065554
-0.083452
0.038753
-0.160437
0.130762
0.003006
0.203668
0.041296
-0.285320
0.395774
-0.127429
-0.036805
0.244980
-0.051915
0.233935
0.136314
0.268524
-0.067930
0.003009
-0.140784
-0.047331
-0.188491
0.119397
-0.071411
0.228194
-0.050721
-0.098123
-0.033835
0.231713
0.256333
-0.056365
0.355301
0.188740
-0.060824
0.063623
0.042827
0.200617
-0.259668
0.063370
0.036454
-0.161481
0.029705
-0.059685
-0.155876
-0.182492
-0.171796
0.301815
0.206860
-0.340941
-0.183642
0.033169
-0.417482
0.310440
0.191172
0.024723
0.021396
-0.271288
-0.093387
-0.084634
-0.143197
-0.321280
-0.003237
-0.072285
-0.053869
0.169122
-0.242994
-0.051003
-0.215591
-0.162918
0.243039
0.038100
-0.073614
-0.193090
-0.008631
-0.294555
-0.110530
0.019988
-0.012372
0.073311
0.072289
-0.301667
-0.135443
-0.130832
-0.150774
-0.023995
0.109082
0.245640
0.201424
0.142581
0.066247
0.118640
-0.045286
-0.138003
0.178320
0.058892
-0.140375
0.265299
-0.190128
-0.058003
0.130484
0.052705
0.190972
0.227722
-0.247985
0.024292
0.300592
0.139356
-0.010889
0.327091
-0.177302
-0.124202
-0.122427
-0.035903
0.110294
0.037785
-0.012941
0.082446
0.145441
-0.080830
0.163530
-0.097295
-0.105952
-0.050453
-0.088717
-0.110232
0.021894
0.181200
-0.178307
-0.069171
-0.210634
0.198896
-0.118075
-0.120196
0.387477
-0.066795
0.252511
0.383584
-0.303321
-0.219984
0.148692
0.520032
0.265382
-0.175859
-0.073525
0.243532
-0.114275
-0.040850
-0.140556
0.042513
-0.037999
-0.076473
0.132976
0.060922
-0.102118
0.094740
0.325685
0.026986
-0.039189
-0.097109
-0.184680
-0.263195
-0.130051
0.153675
0.177684
-0.003198
-0.077152
0.033292
-0.054783
0.124830
-0.028710
-0.087673
-0.097601
0.086245
-0.062481
0.070836
-0.004401
0.121513
-0.078210
0.241441
-0.050093
-0.114828
0.021385
0.150405
-0.158970
-0.182100
0.011576
0.064438
-0.184860
-0.237369
-0.267463
0.546584
-0.160896
0.229571
-0.185463
-0.403563
0.344610
-0.240157
0.125803
-0.212235
0.140024
0.159738
0.115449
-0.084278
0.290535
-0.035558
0.036556
0.118761
0.005807
0.081499
-0.015804
0.044639
-0.053598
0.010531
-0.089851
-0.109453
-0.111607
0.038530
0.083742
0.221026
0.265757
-0.155374
-0.017943
0.053423
-0.149987
0.196840
-0.312999
-0.084318
0.411258
-0.106072
-0.159531
-0.160284
-0.034209
-0.061810
-0.056474
-0.238104
0.042969
-0.034288
0.045552
0.176805
-0.106896
0.164417
-0.051746
-0.012529
-0.004734
0.337643
0.130963
0.067783
-0.040535
-0.259296
0.002656
0.232698
-0.127506
0.296321
-0.143616
0.185892
0.052221
-0.025230
-0.034521
0.433963
0.020857
-0.215611
-0.064155
-0.024204
-0.709595
0.073874
-0.276041
-0.096483
0.028606
0.111135
0.187100
0.087599
0.088598
0.082735
0.202611
-0.211033
-0.269097
-0.053037
-0.003539
-0.205929
-0.001523
0.041838
-0.121468
-0.105240
0.084230
0.124513
-0.261104
0.356105
0.096507
0.058879
-0.450905
0.019570
0.003112
0.098204
-0.092279
0.002880
0.030761
-0.391301
0.119705
-0.043969
-0.219906
-0.037242
-0.008589
0.099037
0.435523
-0.090295
0.067795
-0.104648
0.143835
-0.246278
0.030879
-0.014346
0.233957
0.178777
-0.152646
0.039669
0.114904
-0.168199
-0.099295
-0.275544
0.042266
0.152366
-0.150390
0.025071
0.230857
-0.073037
0.123710
-0.122513
0.067025
0.336282
-0.023894
-0.238803
-0.266272
-0.460513
0.122839
-0.237098
-0.018503
0.247189
0.177237
-0.326792
-0.164627
-0.307873
-0.051231
-0.379931
-0.020385
-0.074583
0.233629
0.181240
-0.055832
-0.038965
0.068826
-0.025813
-0.140493
0.101434
-0.155411
0.164792
0.108610
-0.182511
-0.315860
0.155594
-0.143950
-0.271954
-0.052767
0.027994
-0.180832
0.052166
0.096383
0.126875
0.091606
-0.059684
-0.161323
0.198393
0.053062
-0.053804
-0.286582
0.408075
-0.137167
0.059887
-0.381239
-0.408824
0.077183
-0.013310
-0.038217
0.317751
-0.193734
-0.174826
-0.021155
0.146746
-0.101330
-0.397110
-0.226808
-0.196429
-0.060053
0.054720
-0.218336
-0.446489
-0.212885
0.070777
-0.125005
0.120230
-0.080388
-0.115067
0.295965
-0.111096
-0.046458
0.056870
-0.229776
0.057128
-0.064427
0.086716
0.243255
0.343845
-0.267271
-0.003920
-0.219342
0.475667
0.421430
-0.271092
0.081106
0.150891
0.209213
0.081530
0.271813
0.121753
0.228520
0.151493
0.012851
0.462166
0.094690
0.440803
-0.214232
-0.123526
0.155312
0.047442
-0.029648
-0.160596
0.092804
0.172426
0.208077
0.149746
0.084046
0.179072
-0.201505
-0.121054
0.296012
-0.013461
0.018063
-0.062339
0.192714
-0.117738
0.027772
0.170724
0.221495
0.069452
-0.083038
0.053677
0.157542
0.080720
0.371465
-0.015602
-0.145282
0.254205
0.002189
-0.312659
0.128883
-0.419565
-0.038448
0.323718
0.144728
0.239545
-0.161779
-0.034001
0.023392
-0.023360
-0.273149
-0.122356
-0.293035
-0.209076
0.144121
-0.101451
0.247758
-0.094250
0.454583
0.070432
0.316680
-0.168771
-0.180175
0.084132
-0.344295
0.019790
-0.012859
-0.002587
-0.093886
-0.222146
0.194712
0.160748
0.070911
-0.045806
0.056523
-0.448551
-0.117758
0.021401
0.160064
0.180374
0.187855
-0.189959
0.358891
-0.122344
0.219309
-0.031670
-0.153546
0.100526
-0.131924
-0.161758
0.261073
0.157313
-0.357910
-0.194161
0.008401
0.058111
-0.225949
-0.026632
-0.348249
-0.052465
0.041132
0.151760
0.086571
0.084332
0.165119
0.142976
-0.104512
0.037387
0.044800
0.046617
-0.087938
0.223928
0.252590
-0.049911
0.339080
-0.329902
0.141049
0.067514
0.143437
0.215613
-0.018992
-0.019389
0.171334
0.203718
-0.366921
-0.287780
-0.071828
-0.236316
-0.080502
0.412503
0.020767
-0.201012
-0.327037
0.245487
0.316365
0.195888
-0.166049
0.088358
0.247140
0.055614
-0.070539
-0.256292
0.108519
-0.107743
-0.448835
-0.121362
-0.175677
0.359087
0.077637
-0.154962
0.016459
0.227465
-0.106106
0.231762
0.072258
-0.209801
-0.050199
-0.167850
-0.402891
0.099679
-0.069876
0.076584
0.206550
-0.280333
0.023256
0.128030
-0.141627
-0.005235
-0.172533
-0.115001
0.004231
-0.103661
0.116172
0.170894
-0.162391
0.014206
0.147287
0.227563
0.287807
-0.139333
-0.497968
-0.361404
0.016434
0.250013
-0.176965
0.144616
0.185446
0.210380
0.231018
-0.094295
-0.044108
0.286374
-0.025148
-0.034732
-0.135833
0.230795
0.068868
0.123508
-0.020744
-0.028837
0.171053
0.218262
-0.012271
-0.309492
0.125241
0.196934
0.281047
0.082117
0.176435
0.126642
-0.364522
-0.164707
-0.212997
0.002913
0.400821
0.088334
-0.125571
0.046329
0.053122
-0.029020
-0.025553
0.144514
0.147168
-0.246655
0.109026
-0.222805
-0.014674
0.017985
-0.195461
-0.009799
0.010111
-0.255560
-0.223468
0.421974
-0.002610
-0.032441
0.316283
0.029780
-0.035765
-0.056204
-0.353454
-0.172843
0.441831
-0.116745
-0.100797
0.205467
0.042647
-0.289033
0.070719
-0.109385
0.130912
0.309282
-0.109637
-0.243911
0.250978
-0.236958
0.413836
-0.269561
-0.228030
-0.291633
0.194085
0.127363
0.281717
-0.027863
0.173799
0.051144
0.145262
-0.032131
-0.093156
-0.019583
-0.137219
0.210306
0.036263
-0.061645
-0.086741
-0.022450
-0.075292
0.003026
0.242554
-0.082924
0.185351
0.169920
0.114064
-0.000586
-0.242892
0.082488
-0.084874
0.216199
0.055073
0.135813
0.227467
0.214563
0.041595
0.189792
-0.140751
0.025468
-0.216078
0.058315
0.119159
0.315773
-0.426832
-0.087001
0.067442
0.099580
0.159546
0.119895
0.188647
-0.010072
0.111481
0.279152
0.227303
-0.126399
0.183266
-0.133224
0.092450
0.371172
-0.160922
0.472777
0.002363
-0.048865
-0.274208
0.161102
-0.195722
0.114923
-0.063303
0.094429
-0.440481
0.017316
0.085809
0.039766
-0.004414
0.263617
-0.066991
0.046433
0.032869
0.099894
-0.096719
0.030861
-0.276045
0.069423
0.246866
-0.102771
-0.099454
0.018740
-0.168587
-0.123562
0.121922
0.086366
0.010740
