-0.044002
-0.063462
-0.314834
-0.069818
-0.340009
0.083623
0.319159
0.170426
0.281791
0.180702
-0.087043
-0.046058
0.104960
-0.262534
-0.407722
-0.343418
0.039990
0.140303
0.037053
0.023091
-0.184589
-0.413388
-0.073388
-0.167693
-0.002613
0.090044
-0.129327
0.368924
0.079212
-0.123183
-0.102508
-0.008728
-0.231909
-0.202007
0.054701
0.041295
-0.092339
0.242773
0.276558
0.027098
-0.332170
-0.000649
0.183619
-0.060288
0.098470
-0.247849
0.094641
0.102105
0.072879
0.124045
0.039864
-0.118376
0.027979
0.101168
0.179026
-0.021524
0.281383
-0.307291
0.087093
0.001948
-0.064327
-0.151657
-0.177162
-0.015960
0.010637
0.216334
-0.270750
-0.168881
-0.070568
-0.196299
0.209862
0.044754
-0.024032
-0.480710
0.065353
-0.109821
0.031165
-0.021890
0.138758
-0.193937
-0.092266
0.303151
-0.282341
0.111087
-0.043090
-0.057518
0.126820
-0.205507
0.000548
0.051428
-0.180794
0.167736
-0.123573
-0.093027
0.173618
-0.013112
0.023284
-0.290641
0.086311
-0.378381
-0.343428
0.218039
-0.055461
0.001438
-0.359363
-0.024206
-0.081531
0.306363
0.019326
-0.175224
0.034245
-0.103765
0.051144
-0.332135
-0.033694
0.067244
-0.127498
0.034724
0.002134
0.116617
-0.267615
0.148905
0.170545
-0.259785
0.081246
0.104406
0.013713
0.140929
0.109854
0.049177
-0.036313
0.231624
-0.128040
-0.012116
-0.023084
0.127029
-0.148847
-0.064422
0.249383
-0.229150
0.187471
0.077441
-0.060986
0.172224
0.086887
-0.400043
-0.119116
-0.166633
0.033989
0.011224
0.437998
-0.178229
0.161918
-0.209629
-0.038250
0.116941
-0.350335
0.140915
-0.073756
-0.015187
-0.264475
0.082726
-0.060205
0.212153
0.018868
-0.140207
0.118623
-0.211551
-0.596082
-0.520418
-0.180124
-0.361800
-0.132224
0.223470
-0.181852
-0.007860
0.167903
0.153101
-0.040937
0.108211
0.160490
-0.062301
-0.065568
0.000434
-0.232914
-0.023312
-0.180258
-0.163740
-0.009930
0.147750
-0.010274
0.061180
-0.104656
-0.144542
-0.036399
-0.160805
0.062255
-0.232604
0.168019
-0.070142
-0.068966
-0.160191
0.072956
-0.497668
-0.062426
0.015449
0.002341
0.162908
-0.333877
0.232197
0.110815
0.148397
0.116290
-0.029875
-0.001757
-0.110579
-0.057026
0.026729
0.180608
0.039855
0.128426
-0.227157
0.330581
0.122010
-0.093427
0.094756
-0.368234
-0.243659
0.242554
0.085949
0.384428
-0.189489
-0.014481
0.200527
0.100964
0.119990
0.045883
0.210817
0.030670
0.029159
-0.307911
-0.027963
0.213731
0.112503
-0.249479
-0.033284
0.182796
0.152212
0.254298
-0.267577
0.085132
0.098626
0.046334
-0.045019
0.123530
0.089936
-0.260830
-0.010229
-0.198797
-0.138825
-0.207460
0.001934
-0.208590
0.005215
-0.046276
-0.031897
0.061742
0.335127
-0.230398
0.040203
0.177572
0.209666
-0.245569
0.089605
-0.012695
-0.213007
-0.053287
0.256771
0.117320
0.085955
0.224892
-0.067544
-0.074874
-0.336686
0.045664
-0.085815
0.165561
-0.207132
0.126066
0.311391
0.038379
0.153347
0.009885
-0.114311
-0.136153
0.014424
0.117171
0.066945
0.078378
0.045197
-0.074984
0.091129
0.128005
-0.305101
0.183204
-0.101193
-0.149638
-0.128725
0.163762
-0.172646
-0.137739
-0.216279
-0.012861
-0.312412
0.050084
0.117214
0.030505
-0.031260
-0.124638
-0.214233
0.198707
-0.162830
0.001145
0.063264
0.159174
-0.137454
-0.095761
-0.083406
-0.161114
0.310133
-0.148073
-0.188567
0.364965
-0.135412
0.150457
0.066658
-0.004281
-0.257591
-0.058920
0.139151
0.042393
0.229230
0.220569
-0.005126
0.285158
0.164002
-0.158590
-0.137708
-0.577915
0.303808
-0.113170
-0.153258
-0.048648
0.101124
-0.126897
0.070491
0.140990
-0.011065
-0.126324
-0.186669
0.061020
-0.062589
0.097781
0.052543
0.059293
0.272885
0.093878
-0.006585
-0.053061
0.082406
0.193734
-0.150797
0.027480
-0.210042
0.026629
0.087568
0.087298
-0.189303
-0.006837
-0.095290
-0.162392
0.136449
-0.099902
0.011509
0.176813
0.023886
-0.150432
-0.169733
0.282779
-0.076330
0.185578
0.125508
0.366568
-0.086845
0.007927
0.248557
-0.241845
0.192017
0.048982
-0.036101
0.197569
0.019090
-0.249021
0.046203
-0.021370
0.183687
0.138027
0.245066
0.252787
0.034133
-0.165348
-0.206156
0.329712
-0.063007
-0.000095
0.122723
-0.125962
-0.012970
-0.310001
-0.122660
-0.260315
0.253931
-0.201387
0.322690
-0.165596
0.009938
0.086889
-0.106884
0.149462
-0.157016
0.176896
-0.118119
-0.291112
-0.191714
0.158825
0.095578
-0.157474
-0.139303
0.041423
-0.103689
-0.308627
-0.032957
-0.004123
0.100822
-0.315193
-0.171489
-0.002266
-0.121649
-0.020399
0.028532
-0.012790
0.017968
0.120677
-0.183383
0.227342
-0.222922
0.090538
0.429667
0.038399
0.173804
-0.107477
-0.375539
-0.137900
0.079109
0.122081
0.034678
0.544041
0.193557
-0.081708
-0.251039
-0.351305
0.108455
0.002865
-0.138514
0.194073
-0.180513
-0.072722
0.092336
-0.066202
-0.142459
0.315157
-0.051270
-0.346938
-0.169993
0.236860
0.246960
0.113153
0.234192
0.038733
0.293958
-0.229770
-0.208261
0.271100
0.062691
-0.053403
-0.032764
0.096044
-0.228220
0.114675
-0.085953
0.285532
0.045941
0.107356
0.182545
0.362410
-0.101595
0.173141
-0.029115
0.286586
-0.201162
0.056954
0.095993
0.240659
-0.113360
-0.084634
0.051634
-0.297085
0.007697
0.040968
-0.327020
-0.104369
-0.089523
0.235918
-0.136890
-0.005129
0.201945
-0.016690
-0.047392
0.151311
0.250390
-0.032534
0.247237
0.093930
0.129269
-0.073770
0.239901
-0.125465
-0.104578
0.075464
0.002403
-0.151206
0.410271
0.023800
0.029363
0.196988
0.155136
-0.112027
0.240331
0.195518
0.166043
0.027815
-0.221562
-0.029960
-0.194118
-0.172442
-0.030366
-0.311324
0.080224
-0.136855
-0.056632
-0.102893
0.144732
-0.275743
-0.056741
0.064543
-0.070927
-0.147204
0.174073
-0.022645
-0.010657
0.037570
-0.114302
-0.257577
-0.080745
0.198422
0.127618
-0.032156
0.187157
0.075021
-0.092867
0.038935
-0.004561
-0.244886
0.328064
-0.071805
-0.183475
-0.050706
-0.008460
-0.180368
0.163022
0.283888
-0.077361
-0.221591
-0.158886
-0.193749
0.025150
0.297037
-0.051946
-0.315702
0.307299
0.358552
-0.018145
0.052174
0.192669
-0.130821
-0.106279
0.134699
0.161061
0.139823
0.124295
-0.364193
0.015692
-0.201515
0.117937
0.114498
-0.135572
0.183054
-0.006027
-0.142364
-0.097173
0.435122
0.094780
-0.409926
0.213852
0.021277
0.166273
0.285278
-0.124471
0.004614
0.165027
0.180126
-0.064866
-0.185208
-0.074838
-0.163424
-0.109551
0.078995
0.141703
-0.100033
0.215494
0.159152
-0.139911
0.218386
0.069428
0.107193
0.167847
-0.209149
-0.002613
-0.249925
0.044674
-0.272986
-0.239713
0.014516
-0.136143
0.058745
-0.051940
0.136131
0.152465
-0.067979
-0.117177
0.309308
-0.032048
0.075343
0.245745
0.280681
0.009077
0.276351
-0.244569
-0.107480
-0.310971
0.061064
-0.020378
-0.016117
-0.031150
-0.204078
0.013912
0.204601
-0.159856
-0.055232
0.103682
0.103196
0.063309
-0.100303
-0.001450
-0.168261
0.061835
-0.011371
0.070184
0.239451
-0.237813
0.157440
-0.050918
0.276167
0.041271
0.253847
0.261614
0.215880
-0.142017
0.196740
0.036448
0.094120
-0.032121
-0.208152
-0.148970
0.019564
0.309926
-0.212482
-0.074204
-0.114647
0.132397
0.038931
-0.012113
0.059125
0.043418
-0.056679
-0.178382
-0.055700
0.123612
0.143958
0.150107
-0.066787
0.086734
0.073394
0.316252
-0.199905
0.008246
0.125721
-0.044342
-0.014513
0.192423
-0.034912
-0.027602
0.106526
-0.136060
0.010051
0.226607
0.004045
-0.009226
-0.179867
0.235682
0.385449
-0.009686
-0.195427
0.202742
0.025184
0.082667
-0.001978
0.010654
0.056917
-0.010565
0.118953
0.007594
-0.058044
0.163257
-0.079748
-0.081844
-0.127571
-0.315662
0.098019
-0.504660
0.075823
0.161723
-0.072789
-0.010752
0.070411
-0.018710
0.109704
-0.233754
0.269094
0.157747
0.033899
-0.155745
-0.215576
0.170002
0.032327
0.070593
0.009718
-0.203661
-0.043464
-0.060706
-0.267031
0.021875
0.224642
-0.069125
0.100201
-0.265777
-0.073105
-0.015301
0.227006
0.092633
0.199091
0.091342
0.071356
-0.366820
0.196773
0.126677
-0.139887
0.176197
-0.147829
-0.011301
-0.238930
0.115160
0.116368
-0.098213
0.021634
-0.033113
-0.226772
-0.168472
-0.034522
0.051781
-0.038312
0.180239
-0.209002
-0.229763
-0.075661
0.116148
-0.103661
-0.118441
0.160315
-0.058508
-0.209189
0.001403
0.090257
0.239638
-0.113123
-0.082812
-0.007985
-0.313233
-0.101152
-0.087355
0.375964
-0.329888
0.100765
0.198064
-0.256629
0.271190
0.082127
-0.281304
0.026204
0.102112
-0.139094
0.071926
0.040198
-0.005827
-0.043320
-0.030321
-0.044163
-0.166215
-0.182679
0.024242
-0.267700
0.056298
-0.033883
0.220814
-0.000447
-0.222130
0.000037
-0.019360
-0.119523
0.263839
-0.171425
0.157415
-0.021036
-0.323888
0.086843
0.107305
-0.011718
-0.230730
0.159592
-0.149981
-0.013356
0.046940
-0.008977
0.038538
0.076259
-0.006017
-0.002106
0.313517
0.080636
-0.160484
-0.075180
-0.154819
0.001924
0.082185
0.114355
0.139795
0.104341
0.024196
0.188829
0.344192
0.173805
-0.091061
0.064410
0.283676
-0.171721
0.001282
0.230439
0.267738
-0.026575
0.015531
0.187800
-0.076122
-0.028865
-0.326707
0.112681
-0.127169
0.409227
0.009374
-0.090980
-0.238860
0.174487
0.009752
-0.167876
0.054980
-0.012321
0.125965
0.183057
0.014392
0.173337
-0.144364
0.264231
0.009385
0.151506
0.158494
-0.360533
-0.030889
0.064217
0.047103
-0.299984
-0.270958
0.243434
-0.141953
0.066337
-0.009753
-0.115755
-0.459836
0.065726
0.021017
-0.081483
0.155185
0.420121
0.020182
-0.005026
0.009852
-0.186274
-0.178252
-0.097429
-0.091351
0.047494
0.182238
0.074359
0.014932
0.129641
0.075494
-0.142479
0.292213
0.326742
-0.202265
-0.030395
0.070438
0.189097
0.085090
0.033653
-0.107686
-0.233251
0.182717
-0.113340
-0.099576
-0.078326
0.040780
0.249644
-0.002865
-0.138265
0.038184
-0.194157
0.164482
0.014646
-0.271940
-0.281127
0.120927
0.089511
-0.219397
-0.270271
0.213738
0.264686
0.096804
-0.169168
-0.187467
0.189714
-0.064835
0.227267
0.223881
0.128482
-0.324080
0.036712
-0.092903
0.089512
0.171574
0.032226
-0.059820
-0.014679
-0.116350
0.064093
-0.075876
-0.080025
-0.153420
0.241468
0.005519
-0.057739
0.196590
0.076768
-0.111006
0.010168
0.264075
0.028956
-0.174072
0.162363
-0.122476
-0.155167
-0.160177
0.194403
-0.208047
-0.043852
-0.322521
-0.037275
-0.088687
-0.360245
0.283702
0.246599
-0.123604
0.048543
0.117391
0.387594
0.090064
0.094228
0.117992
0.014125
0.031428
-0.168315
0.209750
-0.036884
0.085855
0.175316
-0.198674
-0.104086
0.075755
-0.041448
-0.009939
-0.058836
-0.031894
-0.180087
0.289922
0.000524
-0.154324
0.061404
0.367040
0.035507
0.241711
-0.008534
0.205180
0.295731
0.057932
-0.027171
-0.248948
-0.005601
-0.297780
-0.112472
-0.079945
-0.241898
0.013307
0.379800
0.187406
0.060912
0.050218
-0.027890
0.217946
-0.099051
-0.098953
0.027922
-0.064035
-0.175187
0.045587
0.257092
0.182974
-0.042870
-0.271943
-0.159777
-0.103549
-0.240913
-0.099854
-0.122227
0.116624
0.194393
0.112926
-0.042318
0.039351
0.337425
-0.185705
0.005475
-0.196952
0.083681
0.049226
-0.144352
-0.059536
0.081575
0.174182
-0.176984
0.020259
0.025783
-0.098310
0.061421
0.102536
-0.195614
-0.051450
0.223722
0.094803
0.022273
0.009510
-0.190247
0.040620
0.056300
-0.047031
-0.159228
0.221020
0.021352
0.077681
0.091437
-0.158492
-0.226773
0.100648
0.192167
0.306932
0.189654
0.219891
-0.179414
-0.109092
-0.114511
0.009055
-0.165272
0.091959
0.168023
-0.261998
-0.113067
-0.032767
-0.120473
0.134563
0.285706
0.103809
-0.029227
0.112306
0.177316
-0.304761
0.005249
-0.139276
-0.017706
-0.131014
0.236257
-0.079018
0.264348
0.050604
-0.202975
0.229398
0.125365
-0.009229
-0.174389
-0.007571
0.133968
0.051219
-0.159921
-0.013644
0.318535
0.094863
-0.076047
0.024305
0.050374
-0.070587
-0.109938
-0.231996
0.025954
0.139270
0.006052
0.069807
-0.202594
-0.226284
0.019249
0.240960
-0.094195
0.054581
0.217520
0.211557
-0.032450
0.126333
0.019750
0.111117
-0.065731
0.076981
-0.142295
-0.150560
-0.279367
0.154686
-0.083861
-0.079586
0.148626
-0.144576
0.297056
-0.079767
-0.043128
0.168635
0.247916
0.209439
0.295599
-0.040023
0.190316
0.020758
-0.084679
-0.062925
-0.008147
0.199663
0.019845
0.203262
0.009464
0.155431
-0.144445
-0.003386
0.138689
0.054474
-0.120314
-0.065071
0.065367
-0.003242
0.244141
-0.113323
-0.111380
0.036373
-0.134644
0.104845
-0.335346
0.007473
-0.088643
-0.205149
-0.029283
-0.071843
0.277139
-0.103374
-0.184388
-0.046157
-0.018441
-0.208831
0.191688
-0.182002
-0.131684
-0.012950
0.152813
0.191210
0.130004
-0.209935
-0.065234
0.006541
0.118850
0.234539
-0.405006
-0.119635
0.102547
-0.108743
-0.092573
-0.317158
0.075488
0.193892
0.038491
0.127924
0.146929
-0.044932
0.051705
0.142439
0.087278
-0.103769
0.259562
0.064513
-0.348418
0.267650
-0.056208
-0.073598
0.046872
-0.050967
0.007607
0.312913
-0.312413
0.038083
-0.056269
0.206328
-0.059763
0.047389
0.151308
-0.262380
0.335451
0.155416
-0.031090
0.077611
-0.009700
-0.096764
-0.057426
-0.234828
-0.030146
0.010705
0.070243
-0.184917
-0.028542
-0.135541
-0.066482
0.191829
-0.310638
0.081162
0.059552
0.049592
-0.161384
0.032972
-0.247133
0.205369
-0.265028
-0.076715
0.232461
0.050919
0.084963
-0.093616
-0.037418
-0.023618
0.068237
-0.073203
-0.072717
-0.165889
0.419611
0.017017
0.271395
0.162663
0.123414
-0.205968
0.044008
-0.130699
-0.097684
0.234209
0.044902
-0.177673
-0.135350
-0.002110
0.114138
0.017825
-0.074600
0.125188
0.199527
-0.023752
0.399086
-0.245892
0.042736
0.044191
-0.057291
0.029833
0.169111
-0.000890
-0.003515
0.122484
0.012664
0.153645
-0.032591
0.262879
-0.059987
0.045753
-0.051421
-0.214602
-0.131201
-0.007548
-0.514609
0.031897
0.029228
0.029651
0.173209
-0.116969
-0.072292
-0.057957
-0.183597
0.028815
0.208725
-0.268280
0.046382
0.016704
0.107788
0.062003
0.131738
-0.136162
-0.010828
-0.079350
0.145190
-0.014151
-0.011547
0.020174
-0.114504
-0.130071
0.123838
0.058351
-0.156521
-0.051079
0.272160
-0.085887
-0.106056
-0.065991
-0.005843
-0.036876
-0.174140
0.277886
-0.339511
-0.159328
0.111981
-0.024371
-0.176503
-0.153571
-0.048920
0.055579
-0.150026
0.067250
-0.003956
-0.067372
0.214419
0.130616
0.217564
-0.169600
0.086267
-0.417596
0.062942
-0.081638
-0.137749
0.161958
0.377322
-0.266652
-0.103440
0.302742
-0.081985
0.000722
-0.185223
0.057611
-0.015845
-0.026330
-0.102033
0.014699
0.251027
0.164693
0.055668
-0.075534
0.097770
0.489528
0.035006
0.331943
0.135587
0.050401
0.116090
0.125528
-0.103778
-0.073415
-0.040819
-0.197838
-0.085670
-0.059301
0.033056
0.058825
-0.198048
0.053211
-0.505461
-0.045788
0.115969
-0.088804
0.003958
-0.142564
-0.345647
0.051784
-0.215432
-0.129046
-0.004344
0.104434
0.120074
0.013265
-0.017227
-0.046165
0.072968
-0.096870
-0.162966
-0.125539
0.072700
-0.161830
-0.005686
0.084405
0.227739
0.009170
-0.285261
0.220159
-0.313091
-0.059575
-0.009956
0.192879
0.138509
0.405248
0.200198
0.241284
0.092982
-0.031577
0.129817
-0.329156
-0.055497
0.030294
0.047453
0.177468
0.305776
0.027879
0.096717
-0.161959
0.234020
-0.038681
0.064979
0.091940
0.048060
0.041484
-0.164959
-0.109215
-0.061707
0.217630
-0.123521
-0.563102
-0.059470
-0.098372
-0.093425
0.008187
-0.462798
-0.173099
-0.296964
-0.090801
0.121561
0.178847
-0.030485
-0.236881
-0.133901
0.151057
-0.023300
-0.133279
-0.133465
0.377898
-0.048503
-0.296131
-0.131986
-0.191775
-0.090350
0.074400
0.010063
-0.386351
-0.139233
0.100293
0.084329
-0.257903
0.028416
0.169650
-0.185923
0.034556
-0.346010
0.380519
0.139306
0.114827
-0.043384
-0.087852
0.011888
0.043957
0.083234
-0.049019
-0.153697
0.101190
-0.114286
0.111869
0.251364
-0.036422
-0.231036
0.007052
0.015276
0.005764
0.040444
0.090469
0.040865
-0.126442
0.116421
0.059222
-0.082322
-0.085415
0.457508
0.211695
-0.016221
0.249162
-0.203611
-0.094028
0.080378
0.012596
-0.507309
-0.082111
0.189334
0.156260
0.010314
-0.181489
0.261698
-0.192886
-0.032941
-0.318470
0.038338
0.068362
-0.150040
0.201292
0.154087
-0.055792
0.037410
0.121009
0.255223
0.139066
-0.035266
0.141076
0.160658
0.076174
-0.222183
-0.263996
-0.216227
0.058033
0.013197
-0.327542
0.017732
-0.166368
0.121396
-0.042781
0.265726
-0.019579
0.061150
0.178246
-0.028878
0.000230
-0.058689
0.168399
0.076068
0.408662
-0.006808
-0.139563
-0.045608
-0.165582
0.295180
-0.283519
-0.106041
-0.143839
0.119817
0.258278
0.016052
-0.073043
0.045104
0.009416
-0.157625
-0.117338
-0.188839
-0.339829
-0.311007
-0.102943
-0.102690
0.075572
-0.351647
-0.097446
0.302839
-0.082906
0.110478
0.031375
-0.230666
0.107624
0.180750
0.159892
-0.253464
0.034326
-0.331035
-0.077804
-0.065698
0.319848
0.200989
0.240385
-0.196853
0.258479
-0.255897
-0.136170
0.072711
-0.246892
-0.323349
-0.027498
0.092918
0.155504
-0.121071
0.022394
-0.171433
0.017085
-0.310538
0.222631
-0.271813
-0.209137
0.032456
0.317524
0.083184
0.005305
-0.129952
0.028482
-0.275046
0.100989
-0.150143
0.024001
-0.148084
-0.300503
0.016439
0.158333
0.005833
-0.304962
-0.060642
-0.245416
0.134181
0.036272
0.012300
-0.203189
-0.018137
-0.162794
0.114140
0.092757
0.439331
0.087629
-0.020333
0.083358
-0.205585
0.033893
0.009923
0.025471
-0.118622
-0.279800
-0.057749
0.120155
0.254756
0.534253
-0.005138
-0.035241
-0.021139
-0.028444
-0.016236
-0.246783
0.024726
0.097716
0.044799
-0.254780
0.139622
0.019700
0.064243
0.012722
0.016218
-0.044302
0.217145
-0.063049
-0.052757
-0.029093
-0.148958
-0.067505
0.106316
0.170144
-0.138864
0.154566
-0.092500
0.097973
0.039980
-0.333944
-0.105444
-0.021272
-0.133399
0.134038
-0.162026
-0.185443
-0.039443
0.184422
0.213148
-0.195438
0.096678
-0.067055
-0.055493
-0.140974
0.020240
0.163899
-0.183499
-0.125516
0.301388
0.123595
0.148354
0.141617
0.143767
0.187033
-0.056427
0.228186
0.176545
-0.354138
-0.067555
0.120437
-0.225186
0.014774
0.026700
-0.317651
0.091282
-0.367822
0.073048
0.068437
-0.016639
0.158812
0.073006
-0.198633
-0.122331
0.153947
-0.039220
0.037653
0.229115
-0.035736
-0.055980
-0.256608
-0.166804
-0.265965
-0.003272
0.070855
-0.271450
0.110374
-0.133783
0.328938
0.000257
-0.136082
-0.006193
0.263803
-0.165013
-0.172267
0.340807
0.183349
0.114090
0.148238
-0.081156
0.222731
0.037121
-0.031304
-0.212525
-0.176443
0.143687
-0.172127
0.014996
0.302854
-0.070144
0.206558
-0.010640
0.063903
-0.161354
-0.247796
0.163449
-0.138850
0.036113
0.124428
0.382132
0.049600
0.128682
-0.165367
-0.199446
-0.180578
-0.041190
0.037408
0.045313
-0.007310
-0.104851
-0.089165
-0.164793
-0.100903
0.218068
-0.250278
0.258761
0.388384
0.009564
-0.073177
0.089540
0.007286
0.058139
-0.216537
-0.161267
0.118546
-0.447919
0.041230
-0.031318
-0.333981
0.535972
0.259638
-0.104555
0.101366
-0.109359
-0.046457
-0.029267
-0.061248
-0.060996
-0.152646
0.128673
0.111571
-0.116684
0.087896
-0.195583
0.040335
0.098555
-0.385643
-0.198837
0.071894
0.157637
-0.144102
-0.000414
0.109284
0.000812
0.077387
0.228534
-0.214548
0.115013
-0.070398
0.169490
-0.204222
-0.124144
-0.044273
0.194545
0.070630
0.400433
0.007534
-0.004641
-0.027700
0.054919
0.108339
-0.292380
0.155010
-0.138404
0.026125
-0.069410
-0.098125
-0.047716
0.004692
0.261250
0.298704
-0.036513
0.067873
0.027055
-0.145271
-0.011556
-0.346586
-0.031872
0.039916
0.108613
0.076039
-0.035599
0.005877
-0.022488
0.109175
-0.067239
0.063382
-0.222566
0.150195
-0.211392
-0.341115
-0.210102
0.255179
-0.022057
0.121102
0.171779
0.028195
-0.079541
0.159645
-0.305510
0.284682
-0.023443
0.009311
0.060352
-0.294738
0.157152
-0.099471
-0.003648
-0.080271
0.088639
-0.040979
0.091039
-0.147585
-0.113480
0.185575
0.234196
0.118470
0.023183
-0.259621
0.240308
0.110744
-0.133842
-0.259858
-0.326077
-0.143300
0.005291
0.198311
-0.041015
0.074725
-0.161569
-0.003870
0.240293
-0.215153
0.015267
-0.279775
0.053995
-0.170184
0.028344
0.064705
0.053007
0.011333
0.254875
-0.429912
0.037307
-0.083508
0.202545
-0.080670
-0.014372
-0.184479
-0.004644
0.169887
-0.065759
0.047337
0.119516
-0.092265
-0.105812
0.308898
0.370213
0.163906
0.022128
0.227801
-0.004133
0.005069
-0.144676
-0.161405
0.013474
-0.038152
0.115270
-0.232143
-0.055200
-0.558697
-0.355003
-0.413774
-0.745160
-0.154746
-0.605860
-0.371810
-0.145391
-0.086454
-0.292963
-0.501668
-0.194004
-0.353823
-0.040108
-0.135086
-0.363046
0.038411
-0.457105
0.145449
-0.311992
0.095005
-0.276825
-0.005115
0.149457
0.234284
0.096503
0.203925
0.147780
0.405484
0.385049
0.234827
0.443171
-0.009431
0.062487
0.245008
0.460636
0.447146
0.601257
0.275263
0.543524
0.071434
0.256756
0.313015
0.082128
0.059888
-0.016434
0.322205
-0.127768
-0.023003
-0.076901
-0.311629
0.130209
-0.474122
0.127850
-0.230147
-0.252955
-0.224918
-0.002042
-0.123694
-0.272517
-0.001474
-0.020531
-0.156515
-0.292872
0.121321
-0.085052
-0.064948
0.213818
0.079383
0.167378
-0.538153
-0.182209
0.026873
0.146085
-0.181600
0.065675
-0.131336
0.154791
-0.166540
0.081430
0.233493
0.271689
0.209562
0.012876
-0.224405
0.009161
-0.027027
-0.076144
0.197651
-0.326565
0.021343
-0.294427
0.115678
-0.313832
-0.178333
0.309052
0.201674
-0.310795
0.297819
-0.124779
0.377169
0.083369
-0.272655
0.222169
0.076720
0.042053
0.182294
0.146119
0.162866
-0.031235
0.124643
-0.084456
-0.013104
-0.093026
-0.153052
0.074361
0.097313
-0.151626
-0.115710
-0.013249
0.129926
-0.107543
-0.269722
-0.156792
-0.153744
0.327430
0.139136
0.057448
-0.054855
-0.248403
0.013389
-0.030878
-0.312403
-0.219542
-0.196533
0.103775
-0.388315
-0.295962
-0.131127
-0.105324
0.064106
-0.130212
0.145417
-0.159212
-0.129896
0.036466
-0.369310
0.257505
0.163986
-0.265916
0.257823
0.044215
0.042781
-0.016519
-0.273659
0.154629
0.132701
-0.080637
-0.024694
-0.321541
-0.488627
-0.275860
-0.279337
-0.010602
0.058634
0.126464
-0.190565
0.085683
-0.174211
0.374018
0.139009
0.059799
-0.170040
0.282141
0.206865
-0.221367
-0.123959
0.110971
0.227587
0.176357
-0.167827
0.250853
0.038445
0.077170
-0.262849
-0.075006
0.173230
-0.044519
-0.008498
-0.022128
-0.377895
0.204380
-0.037912
0.172098
0.139835
0.048477
-0.030788
0.172753
0.036202
-0.136835
0.144611
-0.098258
0.200623
0.228267
-0.054937
-0.031364
0.150752
-0.216177
0.293337
-0.093390
0.029888
0.179560
0.042053
0.246258
0.176296
0.319390
-0.252902
0.116999
-0.067768
0.074850
-0.029374
-0.371750
-0.268512
-0.176159
-0.367872
-0.149488
-0.162517
-0.120346
0.137632
0.068214
-0.114237
0.124962
-0.063721
-0.169588
-0.005122
0.182260
0.380319
0.474934
0.185245
0.093988
0.306372
0.214747
0.147031
-0.198664
0.174473
-0.103894
0.001253
0.043564
0.269544
0.391087
0.021823
0.249795
-0.078300
-0.183503
0.054854
-0.120897
0.245905
0.319386
0.091397
0.011879
-0.120995
-0.111991
0.144914
0.248525
-0.008161
-0.120661
0.034979
0.130319
-0.035880
0.049744
0.149171
-0.072920
-0.045285
-0.129020
0.290320
-0.183919
-0.252798
0.010424
0.112586
-0.113341
-0.233805
-0.072712
-0.156712
-0.115961
-0.123287
-0.094014
0.189676
0.137654
0.349716
-0.260177
-0.272370
0.450919
0.014690
0.243411
0.028845
-0.091229
-0.200108
-0.135651
0.152031
0.158972
-0.086746
-0.028647
0.166424
0.391592
0.110171
0.266057
0.227350
-0.160250
-0.090360
0.087950
0.075620
0.148451
0.069547
-0.140038
0.040222
-0.219399
-0.117370
-0.042477
-0.088248
-0.095080
0.123647
0.278662
0.091173
-0.286879
-0.118386
0.034015
0.075622
0.022710
0.157642
-0.165045
-0.138055
-0.185478
0.023364
-0.118355
-0.182553
-0.004918
-0.069528
0.025129
0.195194
-0.176579
0.204207
-0.156545
0.006839
0.176116
0.238837
-0.094245
0.080853
-0.012964
-0.014720
0.030260
0.001687
0.028286
0.112962
0.128484
0.051504
-0.105286
-0.147717
-0.137373
-0.001807
0.205607
-0.391836
-0.208157
0.198824
-0.089874
0.269460
-0.129066
0.109648
0.028070
0.102090
-0.171311
0.230865
-0.111643
0.134763
0.181374
-0.182252
-0.435997
-0.156492
-0.116646
-0.335786
-0.159678
-0.011217
-0.035749
0.029012
-0.065555
0.048659
0.018331
-0.013401
-0.005526
0.200706
0.265999
-0.068710
0.009408
-0.000102
0.027205
0.319206
0.121224
-0.072137
-0.117865
0.113768
0.139928
0.018092
0.166795
-0.048387
0.426110
0.041300
-0.100927
0.146343
0.362945
0.093421
-0.228594
0.085000
-0.087447
-0.114995
-0.297829
-0.286282
-0.120609
-0.309514
-0.027798
0.057458
0.248684
-0.221488
-0.329847
0.066178
-0.131777
-0.057202
-0.240956
0.272692
-0.185957
0.092247
-0.001340
-0.172500
-0.134452
0.061091
-0.000977
-0.002192
-0.033989
0.107313
-0.113587
-0.063201
-0.082528
-0.144296
0.159541
0.189066
-0.148251
0.314469
0.502115
-0.291674
-0.135445
0.182978
0.080602
0.138027
0.058015
-0.050119
0.088475
0.040025
-0.070506
0.181821
0.139382
-0.239943
0.000167
0.085722
0.027826
0.415026
-0.016802
-0.247373
-0.012263
0.130231
-0.077686
-0.111914
-0.129743
-0.170092
-0.048650
-0.197112
-0.127962
0.078775
-0.224330
-0.047868
-0.010495
0.083301
0.047123
0.130304
0.086873
-0.129864
-0.137517
-0.081862
0.051608
0.067756
0.309350
-0.005974
0.295303
0.028741
-0.104577
-0.109217
-0.203019
-0.156314
0.093234
-0.208480
-0.374443
0.090264
-0.082483
0.016780
-0.112079
-0.060123
-0.113425
-0.101747
0.121047
0.193045
-0.026604
-0.055383
-0.095388
-0.133545
0.223102
0.010891
-0.080043
-0.170065
0.026775
-0.060145
0.190595
-0.243993
0.314181
0.010073
0.040350
0.042773
0.337186
0.148470
0.130586
-0.098875
0.044003
-0.259556
-0.128559
-0.009032
0.116807
-0.053588
-0.261943
-0.336876
-0.225441
-0.173504
-0.111374
0.325133
0.267643
0.221766
0.080655
0.056303
0.131492
0.237904
0.172590
-0.095316
-0.202466
0.295632
0.325301
0.150036
0.009235
-0.127913
0.084788
-0.172885
0.014095
0.028703
-0.141418
0.004493
0.032860
0.058322
-0.056370
0.026484
-0.051949
-0.143158
0.138921
-0.054985
0.058768
-0.115703
0.063500
-0.311085
0.016868
-0.066112
0.145403
-0.066875
0.061288
0.206141
0.182739
-0.129373
0.263939
-0.335644
0.035883
-0.107037
0.039233
-0.121708
0.184061
-0.048819
0.194231
0.158923
-0.261022
0.364911
0.085306
-0.123560
0.245414
-0.100400
-0.257560
-0.147239
0.175946
0.009251
-0.118038
-0.060921
-0.162548
0.509358
-0.005378
-0.188658
0.087476
-0.130151
-0.134154
0.198773
-0.305699
-0.038796
-0.198706
-0.196363
-0.093360
0.180282
-0.043841
0.225513
0.195709
0.142661
-0.104332
-0.010266
0.117068
-0.456282
-0.043331
-0.161286
-0.302489
0.193369
-0.096280
-0.124737
-0.166871
0.258646
0.235353
0.234949
-0.000265
0.110057
0.214945
0.057641
0.070835
-0.112553
-0.198638
0.052242
-0.057755
0.224439
-0.381787
0.115737
-0.149706
0.002833
-0.242058
0.110224
0.117174
-0.001489
0.145620
-0.138855
-0.166837
0.129969
-0.158793
0.269078
-0.163778
0.257389
0.047748
0.304303
0.245588
0.025080
-0.018136
-0.266177
0.062842
-0.035281
-0.031660
-0.291943
0.201238
-0.030325
0.018522
0.040416
-0.198900
0.099238
-0.052232
0.185799
-0.096417
0.015286
-0.133651
-0.332854
0.004164
0.187978
-0.038851
0.287274
0.011826
-0.207972
0.017537
-0.069807
-0.089197
-0.007776
0.048267
0.427136
0.065418
-0.094723
0.111394
-0.218090
0.140534
0.020434
0.134086
-0.008448
-0.079601
-0.179148
-0.071768
-0.141540
-0.023314
-0.125049
-0.217837
-0.218983
-0.065834
-0.100667
0.180344
-0.292820
-0.133824
0.237474
-0.213762
0.056198
0.024414
0.148652
-0.100239
-0.206712
0.055471
-0.121468
0.270665
0.259701
-0.095429
-0.219745
-0.190098
0.025829
-0.021450
0.070977
-0.012812
-0.111519
0.223337
-0.099352
0.122798
-0.145371
0.149741
-0.062474
-0.036200
-0.106767
0.176718
0.187195
0.112111
-0.000702
-0.437027
0.029080
-0.210575
0.381795
0.078653
0.036798
-0.000173
0.095611
0.115463
0.234925
-0.069634
0.161571
0.004602
0.076064
-0.284676
-0.085318
-0.007742
-0.187842
0.111706
0.291179
0.085867
-0.064295
0.288439
0.072235
0.089810
0.244424
-0.034990
-0.018582
-0.121737
0.085490
-0.045004
0.069018
0.286058
-0.154457
-0.131004
0.101578
-0.064630
0.151302
0.167322
-0.064230
-0.059904
0.073550
-0.181861
0.190290
-0.231052
-0.280115
-0.241115
-0.089016
0.137814
0.010135
0.019116
-0.002925
-0.015089
-0.108329
0.055116
-0.194313
-0.001363
0.087567
-0.133519
-0.163101
-0.031300
0.103436
-0.049163
0.059805
0.135448
0.009820
-0.220301
-0.011425
0.140148
-0.190027
0.307679
-0.122999
-0.083415
0.108488
-0.047074
-0.050116
-0.157979
0.027355
0.159450
0.023453
0.071606
0.079069
-0.311416
-0.171220
-0.165123
-0.124079
-0.439430
0.039792
-0.113216
-0.137116
-0.101060
0.161170
-0.475393
0.208914
-0.171511
0.234996
-0.139108
0.079760
0.433104
-0.119373
-0.289196
0.050818
-0.266706
0.140572
-0.290016
-0.205669
-0.410846
0.194842
-0.023132
-0.018023
-0.010922
0.362719
0.258964
-0.121992
0.048399
0.028052
-0.020013
-0.010515
-0.038302
-0.242162
-0.356925
-0.162500
0.271158
0.220897
0.043292
-0.242164
-0.260016
-0.084517
-0.209604
-0.254397
0.264379
-0.063304
0.112553
-0.236561
0.118515
-0.001528
-0.052659
-0.146214
0.123878
-0.070880
0.217161
-0.233453
0.071420
0.157337
0.181439
-0.064982
-0.137023
0.093320
0.510622
-0.275696
0.034978
-0.047067
0.117793
-0.153939
-0.153143
-0.250250
0.093141
0.006865
-0.302407
-0.053997
0.051242
0.132636
0.167193
-0.226719
-0.124091
-0.072686
0.129429
-0.322238
-0.251660
-0.059766
-0.033485
0.192690
0.091087
0.119504
-0.298546
-0.137625
0.217932
0.209236
0.042598
-0.126852
-0.278109
0.167856
0.104316
0.063226
0.030013
0.137642
-0.309822
0.022059
0.024377
0.375715
0.044789
-0.191433
-0.218470
-0.363588
0.128570
0.066116
0.080239
0.069913
0.043473
0.393547
0.135793
0.019871
-0.036380
-0.096421
0.047961
0.012557
0.070599
0.170103
-0.256839
0.066156
0.059425
0.332132
0.089341
0.267867
-0.090916
0.007663
-0.196006
-0.084702
0.072171
-0.419646
-0.232634
-0.038016
-0.276613
-0.028925
-0.201952
-0.143255
0.016774
0.064042
0.108337
-0.104343
-0.104701
0.015674
0.150040
-0.108569
-0.010716
0.038316
0.063846
-0.082457
-0.468155
0.074075
-0.364315
0.184515
0.075293
-0.138828
0.079509
-0.068661
-0.001816
-0.195378
-0.161464
0.210455
0.063582
-0.147575
-0.192026
-0.195188
-0.227184
-0.169136
0.112942
0.164033
-0.234743
0.072353
0.239144
-0.182269
0.096652
0.062620
-0.283626
-0.080345
0.196154
-0.074079
-0.140274
0.174478
0.039410
0.020424
-0.135387
0.033340
-0.111917
0.056325
0.028529
0.054491
-0.008549
-0.007101
-0.379215
0.081210
0.258469
-0.026099
0.205780
-0.052970
0.004217
0.105549
-0.200470
-0.248623
-0.034363
0.081687
-0.185712
-0.084152
-0.041572
0.120062
-0.123089
0.054203
-0.198628
0.161027
-0.043718
0.054613
0.058652
0.163354
0.010594
0.091023
-0.179232
0.201035
0.289680
0.207205
0.037290
0.309268
0.306604
0.083551
0.087954
0.056481
0.058050
0.300993
0.375905
0.114749
-0.075520
0.110267
-0.372785
0.059379
-0.213840
-0.181912
0.028004
0.244387
0.089656
-0.148354
-0.089674
0.126268
-0.183375
-0.132986
0.195168
0.251134
-0.046256
-0.014178
0.179859
-0.347160
-0.155986
-0.171634
-0.082208
-0.125399
0.007069
0.238831
0.083683
0.054454
-0.100121
-0.174227
0.013952
0.137797
0.111279
0.043708
-0.018325
0.031277
-0.036316
-0.006801
-0.053466
0.001005
0.323518
0.093341
-0.204606
-0.138511
-0.149392
0.065488
-0.018775
-0.166973
0.103198
-0.471502
-0.114495
-0.071998
0.261162
0.116121
-0.008425
-0.091784
-0.120249
-0.128289
0.158547
-0.235083
-0.117073
0.186838
-0.157416
-0.190023
0.111426
0.190119
-0.126113
0.265945
-0.208490
0.270465
0.334619
-0.033584
-0.365825
-0.414617
0.215658
-0.270643
0.125007
0.115018
0.154505
-0.256408
-0.018590
-0.155068
0.007311
0.094751
-0.001977
0.107532
-0.098660
-0.006410
0.105404
-0.094973
-0.195226
0.074622
0.116328
-0.016504
-0.133340
-0.021193
-0.315659
0.110301
-0.175230
0.158048
-0.256150
-0.225274
0.337438
-0.115593
-0.142915
-0.110209
0.050909
0.004886
-0.407739
-0.255367
0.133989
-0.009083
0.233533
-0.056683
-0.108343
0.064490
0.015402
-0.144902
0.077618
0.037328
-0.105664
0.237460
-0.026205
-0.234954
0.163665
-0.341697
0.028319
-0.037508
0.032024
0.171874
-0.021226
-0.069054
0.034391
-0.073263
0.040780
-0.037947
-0.057979
0.198159
0.173936
0.227989
0.137476
-0.008934
0.137634
0.280271
-0.176675
-0.103428
0.111270
0.182359
0.224132
0.218922
-0.332049
0.088989
-0.060364
0.064950
0.012002
-0.074324
0.035358
-0.085060
0.241685
0.034866
-0.021167
0.021831
0.006956
-0.183879
0.006242
-0.138715
-0.427094
-0.142795
0.223027
0.097477
0.129368
0.149544
-0.272154
-0.206976
-0.245409
0.145910
-0.056431
-0.278853
-0.160941
0.043916
-0.130859
-0.366046
-0.114187
-0.165356
-0.060174
0.012883
-0.071319
-0.245018
0.010401
-0.039920
0.113447
0.087842
0.214724
0.182774
-0.032266
0.019827
0.176229
0.435216
-0.025452
-0.010107
0.164051
-0.104115
-0.055543
-0.004157
-0.038939
0.272569
-0.279919
-0.147970
-0.197347
-0.006977
0.125662
0.352579
0.109889
0.095518
0.038184
0.007499
-0.095941
0.082140
-0.204660
-0.249619
0.355206
-0.198470
0.173712
0.017990
-0.073527
-0.130212
0.018385
-0.265927
-0.161852
0.230278
-0.098494
0.079951
-0.038303
-0.218546
-0.082714
0.237173
0.051578
0.057105
-0.023494
-0.051642
-0.187053
-0.394457
0.044864
-0.152375
-0.096837
0.004281
0.085081
0.179697
0.082804
0.174375
0.347311
0.280520
0.161446
-0.147181
0.314301
-0.148497
-0.295316
0.009842
0.041748
0.057406
-0.141361
0.176710
0.201803
-0.079433
0.320638
0.211792
0.013403
-0.115910
-0.043018
0.404877
0.076994
0.007555
-0.222541
0.244177
-0.180277
0.319233
-0.009298
0.428829
0.041909
0.088815
-0.025888
0.209942
0.182034
-0.068588
0.046844
0.013816
-0.062651
0.070601
-0.121293
0.173968
-0.052108
-0.240990
0.058679
-0.089975
0.016669
-0.320044
0.186427
0.056345
0.056229
-0.104179
0.072192
0.099211
0.169166
-0.122972
-0.044335
-0.188823
0.106239
0.194501
0.115868
-0.148396
0.070790
0.050538
-0.268208
-0.226770
0.055394
-0.259599
0.082481
-0.396994
-0.014850
0.100657
0.189262
-0.064512
-0.014210
0.056814
0.145525
-0.245000
0.110439
0.037534
-0.070275
-0.098050
0.256600
0.019952
-0.266303
-0.188710
-0.255440
-0.037437
0.214349
0.138745
-0.485468
-0.084545
0.054872
-0.137872
0.123508
-0.091653
-0.182157
0.066938
0.304990
0.187020
0.024623
-0.419670
0.229621
0.285957
0.027949
-0.092534
-0.061740
0.226247
0.163243
0.225508
0.150941
-0.128229
-0.057112
-0.183690
0.016133
0.220472
0.012339
0.221069
-0.040453
-0.072623
0.017079
-0.004859
0.074479
-0.303682
-0.149996
0.042403
-0.074511
0.307118
-0.167877
0.032084
0.104705
0.086024
-0.140158
-0.087155
0.009179
0.002459
0.145337
-0.024740
0.050643
0.180491
-0.053125
-0.021306
-0.063455
-0.056013
0.010473
-0.052999
0.274771
-0.005928
-0.079730
-0.120647
0.138758
0.222729
0.323463
-0.032386
-0.123124
0.085616
0.097455
-0.003441
-0.027812
0.103801
0.020087
0.132560
0.152272
0.199379
-0.200484
0.090606
0.087603
-0.121876
-0.190128
-0.072806
0.063015
-0.121363
-0.204820
0.041637
0.207189
-0.058630
-0.023438
0.010481
0.198236
0.262268
-0.220074
-0.035598
-0.058011
0.079759
-0.093821
-0.096763
-0.136890
0.135308
0.101074
0.101599
-0.068086
0.257090
-0.301691
-0.212951
0.137415
0.068203
0.014641
0.317778
-0.586982
-0.123078
-0.138647
0.136201
0.047910
0.175371
0.312035
-0.005645
0.387167
-0.179489
-0.132910
0.287328
0.102198
0.057120
0.337229
-0.180983
0.167836
-0.104928
0.049193
-0.282944
-0.241651
0.291976
0.071723
0.078831
0.101029
-0.120002
0.088572
0.247725
-0.282227
0.030636
-0.149018
-0.056811
0.050740
-0.231198
0.246000
0.476994
-0.164987
-0.177627
-0.107071
0.064661
-0.067181
-0.199702
0.386024
0.013735
0.042245
-0.240518
0.001027
0.256913
-0.182478
-0.270779
-0.153897
0.242173
0.095061
-0.018058
-0.158969
-0.120618
0.039233
0.179648
0.400326
0.139529
0.054927
-0.102480
0.002975
-0.201625
0.054786
0.066163
0.245295
-0.199545
-0.287220
-0.387492
0.035719
0.192077
-0.016161
-0.221167
-0.163349
-0.162900
0.293001
0.244750
-0.125566
0.116610
-0.356572
0.107080
0.180561
-0.109169
0.128358
-0.242891
0.082318
0.091610
-0.122679
-0.242826
-0.116984
-0.203928
-0.033682
0.289170
0.210561
-0.157801
0.162412
-0.014235
0.267628
0.316215
0.140342
-0.127831
0.071116
-0.124447
0.235948
0.086293
-0.047611
0.039704
-0.164238
0.127111
-0.300814
0.070838
-0.121114
0.261587
0.381082
0.068157
0.026586
0.071759
-0.182497
0.030260
-0.195037
0.059267
0.009726
-0.042346
0.055805
0.206656
-0.036913
0.085141
-0.039641
0.453153
0.150032
0.125858
-0.153332
-0.327780
-0.019924
0.107316
-0.063566
0.136084
-0.001245
0.102313
-0.102804
-0.181895
0.388323
-0.180920
-0.250735
-0.153308
0.157586
-0.060163
-0.089519
0.026723
0.449525
0.282200
0.047551
-0.140043
0.022108
0.119856
0.004227
0.074943
-0.168135
0.103093
0.086060
-0.067836
0.326464
-0.120233
-0.073569
-0.080195
-0.016724
-0.216028
0.117901
-0.031356
0.029947
0.158212
0.062936
-0.020678
-0.141970
0.088917
-0.316348
-0.181774
-0.008295
0.012123
-0.229672
-0.014344
0.069983
0.270166
-0.048296
0.171036
0.108649
0.099639
0.347827
-0.177331
0.214558
-0.010349
0.168781
0.185621
0.043347
-0.051519
0.284073
0.159711
-0.356184
0.227188
0.155206
0.285725
-0.213511
0.324981
0.266153
-0.106380
0.186679
0.053096
-0.014080
-0.026265
-0.121989
0.052616
-0.060503
0.048907
-0.037018
0.145276
0.001824
-0.365504
0.038970
0.216024
0.071595
0.061240
-0.124328
-0.070017
0.022858
0.013731
-0.158278
0.096138
0.047888
-0.130332
-0.108605
0.038067
-0.308780
0.053806
-0.194078
-0.148849
0.113976
0.204326
-0.003616
0.080975
-0.093654
0.120143
0.103013
-0.527717
-0.120369
-0.082462
-0.154549
0.280643
-0.143591
-0.067118
0.195148
0.142924
0.028689
-0.091852
0.037256
0.115050
0.194350
-0.087858
-0.067653
-0.484293
0.144695
0.256249
-0.124130
-0.144635
0.042558
0.231320
0.069742
-0.043336
0.074174
-0.021283
-0.150502
0.028076
0.172738
-0.288579
-0.156253
0.198614
-0.202198
-0.180137
0.195613
0.013988
0.095519
-0.208873
0.042599
0.055964
0.260490
-0.078793
-0.078597
0.161523
0.320788
0.156545
-0.010701
0.114153
-0.259911
-0.114325
0.029915
0.153346
0.240626
0.281237
0.275792
0.059017
0.008018
0.176743
0.438536
-0.037367
0.072287
-0.034515
0.040473
-0.177809
0.117043
0.080979
0.208252
0.050718
-0.211515
-0.152713
0.125722
-0.172204
-0.176999
0.018193
-0.008148
0.396930
-0.095354
-0.195855
-0.041903
-0.200193
-0.047622
-0.034598
-0.366897
0.187272
-0.310694
0.053878
0.021349
0.281796
0.043585
0.136262
-0.164321
0.022781
0.192019
-0.113611
0.174423
-0.096423
-0.009870
-0.197430
-0.054524
0.321453
0.079420
0.156054
0.101997
0.211845
0.332612
-0.142733
-0.185837
0.166392
0.072307
0.050437
-0.063930
0.218419
0.115787
0.023720
0.031641
0.092758
-0.122361
-0.086261
0.054818
0.036425
-0.159953
-0.137477
0.057377
-0.263880
-0.227900
-0.264539
-0.253450
0.276035
-0.264794
-0.110752
0.162672
-0.079484
-0.102436
-0.169111
0.193216
-0.040753
-0.035182
0.022541
0.210360
-0.142831
-0.058375
0.203624
-0.231213
-0.162751
0.008602
0.184855
0.371881
0.044841
-0.074619
-0.082311
0.174431
-0.247359
-0.125940
-0.047341
-0.041173
0.279923
0.133493
-0.075114
0.127027
0.106053
-0.395545
-0.082404
-0.172430
-0.197711
-0.219222
0.089948
0.498552
0.001844
-0.108320
-0.208128
-0.173720
0.260890
-0.136160
-0.151090
-0.140823
0.467979
0.100219
0.206447
0.156282
0.150115
0.223856
0.211725
0.088899
0.340022
0.125815
-0.097228
-0.299705
0.152966
0.223359
0.000531
0.196514
-0.109068
0.088324
0.016895
0.184926
0.090339
0.113093
0.308867
0.190937
0.213244
0.174026
0.164236
0.027558
-0.095661
0.001255
0.141640
-0.448901
0.172883
0.197919
-0.088703
0.224071
0.188191
-0.224995
-0.079722
-0.038368
0.006715
-0.286763
0.346231
0.017787
-0.311825
0.103635
-0.005610
0.249042
0.268673
-0.145090
0.084842
0.034858
-0.080592
0.044014
0.028883
-0.336071
-0.201297
-0.121918
-0.263126
0.018289
0.019569
-0.115054
0.285988
0.000587
0.240585
0.118273
0.237220
0.126493
0.072051
-0.222646
0.343634
0.141137
0.415963
-0.125930
-0.142660
-0.085853
-0.206426
0.084442
0.152821
-0.229009
0.000620
-0.033845
-0.084006
0.061017
0.134992
-0.172480
0.006050
0.413618
0.009438
0.204515
-0.061949
0.170965
-0.181871
0.271846
0.009153
-0.017654
0.238454
0.131730
-0.045056
0.362126
-0.144466
0.070956
0.116246
-0.120483
0.059229
0.089543
-0.407456
-0.161909
0.103872
0.035887
0.170711
-0.222350
-0.240915
-0.194872
0.123279
0.190192
-0.224718
-0.198837
0.048751
-0.222402
0.210104
0.009615
-0.047030
-0.061917
-0.071989
-0.054079
-0.089899
0.174311
0.053459
-0.064745
0.029167
