0.222222
0.109790
0.118068
-0.042613
0.171227
0.216063
0.258768
-0.199230
0.085434
0.239392
-0.056728
-0.054532
-0.006354
0.043938
-0.092928
0.010062
0.063763
0.067632
0.098567
0.184627
0.166307
0.108586
0.012366
-0.108227
0.017549
0.017730
-0.182078
0.043907
0.140546
-0.098614
0.118732
-0.070436
0.135259
0.218106
-0.298991
0.159749
-0.130750
0.305455
-0.170868
0.014146
0.125239
0.111135
-0.344151
-0.126669
-0.073440
0.035102
0.085414
0.098349
-0.079368
-0.350686
0.067122
-0.029734
0.012954
0.104073
-0.023503
-0.019606
-0.360632
0.154506
-0.114399
0.033319
0.015796
-0.117030
0.157550
0.271518
0.082038
0.293726
0.082288
-0.010730
-0.075370
0.051035
-0.093103
-0.187795
0.441561
0.214267
0.040234
-0.366603
0.074134
-0.063483
-0.215250
-0.214187
-0.043190
0.072784
0.159129
-0.120127
-0.101994
0.181625
0.154562
-0.542285
-0.079094
-0.035443
0.153008
0.077286
-0.075440
-0.057736
-0.024184
-0.024995
-0.064812
-0.189519
0.068980
0.066479
-0.238326
-0.139735
0.030214
-0.256467
0.075403
-0.223323
-0.153896
-0.061525
-0.064500
0.295646
0.014900
-0.143125
0.241569
0.325025
-0.018917
0.144513
-0.060634
0.140619
0.145419
0.285074
0.057284
-0.537810
-0.056020
-0.109500
-0.244202
-0.109385
-0.049402
0.152077
-0.197985
0.249032
0.113769
0.174636
-0.147131
0.118345
-0.172587
0.049224
-0.109793
-0.198115
0.181226
-0.159527
0.063562
-0.066746
-0.582907
-0.271754
0.162989
-0.006658
-0.180932
0.067744
0.015242
-0.141322
0.032214
-0.011439
0.103148
-0.258473
-0.163273
-0.082251
-0.062044
-0.273401
0.092433
0.308234
0.194731
-0.101578
-0.034674
0.325279
-0.005550
-0.052652
0.148625
-0.191951
-0.068376
0.027388
-0.121357
0.042005
0.028690
0.248024
0.168780
-0.171234
0.193514
-0.121414
-0.256057
0.067016
-0.116184
0.258528
0.165708
0.121576
0.171192
0.183594
0.024467
0.156352
0.108963
0.029976
0.019455
-0.158234
-0.027552
-0.275065
-0.023089
0.045152
-0.105770
-0.132113
-0.130893
0.200460
0.025812
0.051735
0.122751
-0.215726
0.251134
0.428000
0.107901
0.055067
-0.306351
0.153557
-0.064593
0.113086
-0.078443
0.049249
-0.093562
0.299104
0.017960
0.015899
-0.016338
0.247168
-0.089704
-0.058575
-0.052220
-0.029721
-0.149779
-0.119505
0.209606
-0.035825
0.135499
0.226129
0.060845
-0.116600
-0.022631
-0.057074
-0.193314
-0.038031
0.216511
0.139319
-0.027099
-0.254551
-0.018635
0.206871
-0.007557
-0.378401
0.041881
-0.202099
-0.054712
-0.138350
-0.001564
0.108802
-0.015253
-0.205283
0.010796
0.061811
0.023643
-0.147408
-0.398825
-0.115322
0.117747
0.083985
-0.011176
-0.050798
-0.127453
0.034015
-0.104261
0.060695
-0.155775
-0.048910
0.104124
0.140956
-0.048681
0.325135
0.009546
-0.051702
0.033678
0.170758
0.200863
-0.000558
0.236037
-0.072095
-0.216801
-0.159452
-0.126217
-0.040810
0.146609
0.033935
-0.027663
0.032769
0.318819
0.033054
-0.041233
-0.027976
-0.132562
0.009648
0.161701
0.247327
0.045475
-0.007950
-0.164112
-0.152632
0.130631
-0.083545
0.018470
0.172902
-0.136112
-0.048945
-0.164882
0.138779
-0.005107
-0.044497
0.139803
0.048989
0.083812
0.087352
-0.139656
-0.202086
-0.155351
0.017531
0.047355
0.107946
-0.176020
-0.277640
0.040754
0.334634
0.212489
0.074843
0.134701
0.009416
-0.024681
-0.028532
0.050311
0.172163
-0.236889
-0.296626
0.005993
0.091384
0.049289
-0.124472
0.256723
-0.084017
0.020940
-0.088183
0.069551
-0.211466
0.060983
0.219249
0.205776
0.288602
0.181827
-0.053702
-0.176313
-0.084609
0.176397
-0.040028
0.124183
0.004518
-0.131981
0.062768
0.479744
-0.062878
-0.009510
0.031428
0.169879
-0.255852
0.255577
-0.129531
0.073140
0.322293
0.278385
-0.027923
0.085230
-0.007078
0.181402
0.139747
-0.140256
-0.225380
0.316167
0.252280
-0.040027
-0.064287
0.006572
0.120419
-0.089376
-0.281689
0.081375
0.136821
0.150604
-0.047348
-0.291139
0.103842
-0.119726
0.122123
-0.183991
0.148674
0.282315
-0.176818
-0.147076
0.114844
-0.096788
-0.011987
0.109177
0.028390
0.145607
-0.009508
0.007025
0.076285
-0.210229
-0.077441
-0.193639
0.136947
0.292026
0.072484
-0.242889
0.065579
0.069547
-0.063664
0.175869
0.027037
0.004130
0.027746
0.015055
-0.028787
-0.338720
-0.276820
-0.020939
-0.013656
0.184920
-0.233183
0.184703
-0.146370
0.151050
0.273838
-0.006100
0.176557
0.114529
-0.045196
0.172943
0.095111
-0.068339
-0.060180
0.017378
-0.285533
0.052304
-0.046527
-0.025711
-0.101143
-0.067566
-0.074571
0.094351
-0.089245
0.342361
0.028843
-0.104287
0.041886
0.108947
0.245742
-0.263286
0.091850
-0.397286
-0.080912
-0.166490
-0.205660
-0.183035
-0.270774
0.020636
-0.098699
-0.051595
0.151383
0.061350
0.123993
-0.213937
0.059621
0.228272
0.010571
0.144933
0.097941
-0.100329
-0.059584
-0.013672
0.348771
-0.231581
-0.124086
0.011385
0.027032
-0.187673
-0.000703
-0.078107
-0.127903
0.021211
0.028382
-0.290112
-0.102383
-0.106684
0.066751
0.175184
0.211247
0.198512
0.103041
0.138626
0.107112
-0.019642
0.031055
0.068307
0.139542
0.079262
0.042171
-0.022968
-0.099125
0.043669
0.098432
-0.041527
-0.127151
-0.138178
-0.275431
0.035079
-0.249856
0.209680
-0.116544
0.076829
0.058310
-0.088125
0.200414
0.251715
-0.294935
-0.155252
-0.079761
-0.010873
-0.171308
0.235982
0.171504
-0.288578
0.027228
0.211509
0.171803
0.059765
-0.069711
-0.022724
0.067294
-0.103811
0.103501
-0.196021
0.128269
0.203900
-0.163816
0.185747
-0.067797
0.113087
-0.285940
-0.207516
-0.019106
-0.000811
-0.098827
-0.131834
0.132212
0.133943
-0.036395
-0.130934
0.392498
0.176417
-0.015334
0.044277
-0.156400
-0.163978
0.144874
-0.086854
0.169242
-0.061812
0.095838
0.145250
-0.122199
0.049776
-0.201674
0.001938
0.179234
0.060284
0.003818
-0.042075
-0.128317
-0.090946
0.099641
-0.038955
-0.262112
0.171443
0.174248
0.165127
-0.135660
0.137008
-0.064851
0.084599
0.115971
0.367644
-0.108807
0.149919
-0.146849
-0.144362
-0.038709
0.137872
-0.314350
-0.086601
-0.013644
-0.080421
0.136477
0.170503
0.000737
0.128811
-0.115730
0.122197
0.009944
-0.051038
-0.175182
-0.033258
0.196690
0.154367
0.166625
-0.129147
-0.119170
-0.111759
-0.005332
-0.216519
-0.099111
-0.157202
-0.056533
-0.070612
-0.025171
-0.107734
-0.168513
0.012425
-0.260573
-0.128281
0.094181
-0.158669
0.034271
-0.305409
-0.097327
0.039215
0.358795
-0.111336
-0.032449
-0.046899
-0.092350
0.317091
-0.210405
-0.176790
0.087542
-0.082022
0.194495
0.072323
0.153128
0.081836
0.048642
0.035959
-0.059467
-0.207511
-0.034714
-0.041606
0.161395
0.234559
0.040418
-0.128601
-0.035255
0.120864
0.104794
-0.170803
0.055065
0.048648
0.136350
0.155087
-0.194328
-0.138414
-0.442171
-0.042771
0.270664
0.070891
-0.051846
0.052058
0.456122
0.102300
-0.354025
-0.085884
0.051441
-0.135574
0.181895
0.007375
-0.027937
0.034217
-0.122964
-0.183152
0.070415
0.256566
0.146287
-0.210946
0.244672
-0.115509
-0.129300
0.022410
-0.001823
0.104690
0.046813
-0.151320
-0.283329
-0.084571
-0.049237
0.039078
-0.135295
-0.053520
-0.081020
0.303064
-0.183260
-0.010388
-0.089218
-0.022467
-0.090834
0.226895
0.023195
-0.085267
0.329881
-0.016066
-0.037284
0.312583
-0.068160
-0.178076
0.105624
0.092690
-0.027159
0.293908
0.074084
-0.045664
-0.213033
0.155967
-0.022769
0.062672
-0.118186
0.043995
-0.137433
0.044124
0.116529
-0.374460
0.010654
-0.143997
0.103399
-0.171612
0.005789
0.179741
-0.099870
0.212136
0.126753
0.217619
0.027231
-0.150655
-0.002218
0.038783
-0.006819
-0.060341
-0.048935
0.114213
-0.151825
-0.157701
0.100960
0.022672
0.048392
-0.086086
0.232953
-0.344675
-0.085507
0.125646
0.128432
0.073545
-0.084071
-0.146138
-0.208922
-0.063003
-0.136338
0.183380
-0.018774
-0.205019
-0.080405
0.262880
-0.059789
0.263053
-0.023937
-0.081690
0.092597
0.118025
-0.000041
0.055773
0.068940
-0.162795
-0.069487
0.121795
-0.030154
0.131700
0.203328
0.054859
-0.233789
-0.091005
-0.263995
0.045073
0.154824
-0.157982
-0.121998
0.124036
-0.205265
-0.070044
0.354626
-0.052830
-0.209752
0.149893
0.091730
-0.238340
0.057607
0.085477
-0.295977
-0.272402
0.178712
0.113345
-0.339301
-0.153464
-0.083698
-0.076685
-0.115838
0.119398
-0.169296
-0.170253
0.246237
-0.275006
-0.167219
0.365769
-0.048958
-0.164945
-0.021738
-0.121625
0.143525
-0.200514
-0.092559
-0.006649
-0.024805
-0.102966
0.258262
0.130739
-0.079791
0.150847
0.067801
-0.137340
0.174604
-0.066611
0.021266
0.100463
0.134800
0.221906
0.061222
-0.221286
-0.029365
0.225864
-0.032307
0.109732
0.158201
0.305452
-0.026225
0.147956
-0.016352
0.084254
0.073692
0.017953
0.125616
-0.042567
0.339376
0.177788
0.185911
0.204160
0.206862
0.220608
-0.205134
0.071404
0.058078
-0.112089
-0.234176
-0.056372
0.141113
-0.153003
-0.105396
-0.077071
0.146253
-0.071411
-0.001676
0.093728
-0.147424
0.019567
-0.190179
-0.194989
-0.004426
-0.202646
0.162799
-0.229462
0.106288
0.041466
0.053506
0.306410
0.001652
0.131254
0.106770
0.338611
-0.053699
0.157982
0.044643
0.160340
-0.007462
-0.026899
-0.123555
-0.156066
0.110860
-0.255353
0.114521
-0.120541
-0.320925
0.017486
0.062090
0.082534
0.099460
-0.040414
-0.042195
0.247298
-0.123847
-0.291374
0.157336
-0.040331
0.288300
0.070435
0.074947
0.027731
-0.048577
0.255819
0.064977
-0.084638
0.031932
-0.091300
-0.200166
-0.449772
-0.032010
-0.068974
-0.077546
0.117396
0.193003
-0.116593
-0.116968
0.005925
-0.023766
0.098617
0.116474
-0.049071
-0.055098
0.130894
0.059426
0.109769
-0.005480
0.026720
0.023741
-0.261984
-0.259604
0.162637
-0.094216
0.408805
0.041407
0.017361
0.363240
-0.077792
-0.090839
0.145272
0.024710
0.144697
-0.080221
0.124567
-0.096672
-0.000623
0.123580
0.248569
0.217296
0.039767
-0.008311
-0.245940
0.042750
0.241095
-0.145858
0.035540
-0.321930
-0.042890
0.079243
0.013479
-0.158644
0.148141
-0.132312
-0.227672
-0.011113
0.129374
0.061601
0.043797
0.113665
-0.184643
-0.024776
-0.177699
0.080416
-0.158101
0.155886
-0.203422
0.059355
-0.190970
-0.105200
-0.089991
-0.291286
0.335408
-0.056950
-0.145487
-0.029108
-0.218440
0.031564
-0.221321
0.120555
0.210072
-0.090911
0.033947
0.112171
0.104843
0.117673
-0.237561
-0.068441
-0.139286
-0.050323
-0.141485
0.089876
-0.134871
-0.241039
0.091856
0.018411
0.286071
-0.012933
-0.127131
0.178368
0.184732
0.047129
0.090614
0.246800
0.174160
0.165503
-0.189698
-0.022927
-0.123854
0.043830
-0.093032
-0.143318
0.176146
-0.069254
0.026185
0.021511
-0.001354
-0.107528
-0.005243
0.246685
-0.231736
-0.066425
-0.045062
0.105858
0.291495
-0.098285
-0.134284
-0.104869
-0.267512
-0.008295
0.230352
-0.148055
0.119550
-0.110605
0.444117
-0.149148
0.016323
-0.128051
0.187405
-0.119322
-0.066374
0.178509
0.045792
0.498547
-0.042813
-0.143357
-0.089695
0.171991
0.075053
-0.089504
0.091568
-0.054204
0.260076
0.005214
0.317137
-0.244119
0.216201
0.051527
0.010072
-0.066877
0.136154
0.023622
-0.045306
-0.116352
-0.159205
0.192537
0.194589
-0.007691
0.122703
-0.270401
0.232144
-0.139752
-0.261279
0.074875
0.092571
-0.118592
-0.368822
0.085082
0.093133
0.332418
-0.168153
-0.046986
0.146429
0.028678
0.003305
0.165373
0.310410
0.211002
0.170693
-0.075182
-0.068706
0.185920
0.140862
0.034656
0.018362
-0.099077
-0.211753
-0.095278
0.213750
-0.159047
-0.323556
-0.034205
0.052060
0.137238
0.027760
-0.108171
-0.031433
-0.111634
0.156125
0.028985
-0.047231
0.561897
0.073640
-0.047392
-0.076578
0.021067
-0.094819
-0.034768
-0.016640
-0.114752
-0.007924
0.082760
0.049689
-0.175875
-0.133146
0.048245
-0.028219
0.206998
-0.153404
0.193845
-0.039744
-0.023272
0.137926
-0.010574
-0.093719
-0.125815
-0.184692
-0.094003
-0.122741
-0.474351
-0.172035
-0.018877
0.183855
-0.161045
-0.193851
-0.192211
0.128452
0.096691
0.072345
0.178597
-0.076394
0.144950
-0.256627
0.286031
0.056143
0.057774
-0.059377
-0.020272
-0.213321
-0.223101
0.095910
0.204814
-0.278185
0.150744
-0.214298
0.098040
0.205009
0.322147
0.240123
-0.259508
-0.056428
-0.031161
-0.038039
0.162671
0.088038
0.004787
-0.185908
0.006721
-0.104115
-0.023284
0.165771
-0.118057
0.312327
-0.034338
-0.018790
-0.157383
0.075899
-0.180807
-0.038876
-0.009568
0.264228
-0.068524
-0.020605
0.035428
0.071615
0.090497
-0.156725
0.037716
-0.099949
-0.202977
0.101736
0.169051
0.051848
-0.099145
0.022462
-0.223229
-0.072283
0.187153
0.170746
-0.010533
0.018065
-0.299511
-0.005747
0.148467
-0.370647
-0.222556
-0.100326
-0.253207
0.134265
0.105974
-0.078636
-0.296534
0.021476
-0.053909
-0.034539
-0.136353
-0.107157
-0.176317
0.055384
0.134092
-0.138141
0.099608
-0.052476
-0.222679
0.244604
-0.070336
-0.401941
-0.134208
-0.221367
-0.009848
-0.252567
-0.115575
0.121677
-0.376051
0.071665
0.019564
-0.160454
0.265829
0.107574
-0.062673
-0.034943
0.161404
-0.198552
0.025786
0.177215
-0.115988
-0.354271
-0.082220
0.182023
0.251644
0.080380
0.161815
-0.007071
-0.069178
-0.257499
0.115746
0.052799
-0.177563
-0.249934
0.044451
0.440284
0.124428
0.017365
-0.208248
0.188841
0.050911
0.289380
0.127623
0.220712
0.054148
0.009312
0.092077
-0.113269
-0.048389
0.152957
0.167873
0.000337
-0.188524
-0.089814
0.146068
0.005917
0.212979
-0.060838
-0.054377
-0.047953
0.099781
-0.068259
0.315564
-0.087737
-0.006503
0.097112
0.089687
-0.300728
-0.069430
-0.001000
0.003711
0.187599
0.034075
-0.121371
0.345481
0.581175
0.118717
0.042490
-0.234823
-0.196240
0.130936
0.007746
0.079768
0.157210
-0.216503
0.023574
0.131955
0.000198
-0.204289
0.054602
-0.085817
0.066722
0.256487
0.238166
-0.103589
-0.079883
0.232080
-0.053100
-0.186265
-0.035790
0.091244
0.121502
-0.153933
-0.306961
0.079586
-0.021530
0.153650
0.226389
0.008830
0.013484
-0.015272
-0.152810
0.230243
-0.184894
-0.234098
-0.063711
-0.105144
-0.092162
-0.140119
0.175978
-0.069338
0.111012
0.045568
-0.092805
-0.203514
-0.124722
-0.088504
-0.153887
-0.253841
0.051603
0.117511
0.234133
-0.013848
-0.011759
0.120521
-0.087847
-0.315277
0.044469
0.433008
-0.045147
0.137100
-0.016113
-0.202257
-0.039698
0.220991
0.115977
-0.203599
0.140485
0.046281
-0.200777
-0.279094
0.043477
0.112359
-0.119500
0.280693
-0.170072
-0.072558
0.000528
0.096537
-0.263652
-0.397005
-0.174715
0.327717
0.418302
-0.064581
-0.302698
0.183585
0.152104
0.194041
-0.359349
-0.103899
0.205891
0.166959
-0.161250
0.166104
0.200877
-0.052851
-0.085019
0.130527
0.119695
-0.075077
0.186021
0.279446
-0.030117
-0.244768
0.016511
0.004811
0.136713
0.131121
-0.141115
0.224632
0.048618
0.031720
0.315670
-0.088120
0.033117
0.109362
0.065527
-0.097366
-0.000986
0.133841
0.131820
-0.130275
0.173483
-0.219282
-0.039099
0.126306
0.225608
-0.060142
-0.001787
0.031920
-0.236994
0.160316
-0.013976
0.092375
0.103233
-0.109633
0.158348
0.045136
-0.015673
0.037779
-0.256564
-0.223262
0.188544
-0.000597
-0.026685
-0.059275
0.106141
-0.134789
0.172635
0.063660
0.233302
-0.113791
-0.099028
0.024847
-0.059384
0.362586
0.127369
0.179037
0.003224
-0.319410
-0.101845
-0.011226
0.047942
-0.191077
-0.269722
-0.083786
0.180153
0.039125
-0.090487
-0.079089
-0.014425
-0.111902
-0.036863
-0.122867
-0.012155
0.119258
0.034078
0.194325
-0.197593
-0.030573
0.141585
-0.077724
-0.114784
-0.033151
0.159314
0.107902
-0.100331
0.099531
-0.115806
0.144569
-0.276996
-0.077958
-0.215461
-0.407323
0.314075
-0.082305
-0.049023
-0.062621
-0.345668
-0.308626
0.111684
0.064894
-0.000343
-0.064456
0.106278
0.122107
-0.209112
-0.238840
0.087199
-0.040125
0.026216
-0.065285
0.251888
-0.022362
0.071458
0.240930
-0.121368
0.002966
0.043936
0.389927
0.047314
-0.022413
0.046821
-0.130739
0.113803
-0.016898
0.200935
0.162703
0.417895
-0.240196
-0.156208
-0.089450
0.069475
-0.152719
0.025490
0.008241
0.030459
0.322807
0.009687
-0.170422
0.060334
0.161275
0.108096
-0.165402
-0.281884
-0.189052
-0.172386
0.220320
0.035410
0.288454
0.108634
0.062665
0.304226
-0.258573
0.028683
-0.115004
-0.242257
-0.190392
-0.476011
0.386772
-0.046969
-0.077005
-0.040672
0.011004
-0.118381
-0.056597
-0.110788
0.060943
0.150596
0.138397
0.091878
-0.122494
0.204653
0.063911
-0.121100
-0.008732
0.073967
0.073938
-0.108954
0.005125
0.239576
0.001970
-0.198094
-0.195534
0.064576
0.191026
-0.215993
0.145946
0.125363
-0.048454
0.202495
0.166507
-0.060110
-0.050573
0.069756
-0.042330
-0.228308
-0.280570
0.020655
-0.170564
0.282635
-0.087633
-0.038059
0.055113
-0.001109
-0.038984
-0.383635
-0.416240
-0.182437
0.136736
0.093044
0.074780
-0.151078
-0.003440
-0.168285
0.179126
0.320481
-0.014981
-0.146309
0.019066
-0.140510
0.001136
-0.074927
-0.268675
0.194773
0.077536
0.105202
0.275094
-0.135762
-0.201211
0.064891
0.225715
-0.219100
0.067588
0.038347
-0.287359
0.208601
-0.033337
0.156955
0.103564
-0.085468
0.410281
-0.008076
-0.214417
0.128532
0.236496
0.187659
-0.207467
0.287670
-0.043336
0.122724
-0.266561
-0.082758
0.039243
-0.032977
0.198458
-0.049102
0.131562
-0.075962
0.133784
-0.090351
0.090798
-0.126289
0.011280
-0.034246
-0.260842
-0.016587
0.183080
-0.111571
0.111157
-0.389375
-0.195082
0.004767
0.167544
0.037538
0.060609
0.244179
-0.152768
-0.165274
-0.161169
0.091338
-0.075685
0.177188
0.005242
0.057121
0.041294
0.039322
0.169333
0.091251
-0.183195
-0.091722
-0.045324
0.200528
0.129209
-0.093259
-0.105639
-0.250230
0.028151
0.336034
0.120651
-0.347631
0.131562
0.129815
0.078723
-0.099708
0.008871
-0.056219
0.115424
0.192517
-0.179778
0.018197
0.128904
-0.252559
-0.095334
0.095471
-0.169213
-0.045676
-0.027409
-0.171286
-0.074666
-0.114398
-0.000358
0.048607
-0.007326
0.349689
0.056655
-0.031704
0.355585
-0.112230
0.053980
0.016867
-0.006719
0.064287
0.026799
0.003617
0.136449
0.101394
0.034422
0.416459
0.056128
0.125418
0.208596
0.030345
-0.280588
0.107396
-0.059849
-0.140242
0.261775
0.200808
-0.215143
-0.106190
-0.084881
-0.060875
0.052437
-0.010142
-0.272326
-0.116115
-0.054211
-0.074691
0.008750
-0.108344
-0.156965
0.113708
-0.016754
0.026672
-0.090188
-0.055163
0.117458
-0.121707
0.099571
-0.148468
0.039722
-0.327000
0.139311
-0.220570
0.073996
-0.127471
-0.327114
0.014088
0.127712
-0.278660
0.209667
0.198399
0.041225
-0.034235
-0.067172
-0.044393
-0.049159
0.197823
0.139767
0.232306
0.137750
0.122780
-0.273955
0.009227
-0.174067
-0.013860
-0.062500
-0.193431
-0.057128
-0.068236
0.086380
-0.244307
0.061512
-0.053599
0.062136
0.043349
0.080414
0.062136
-0.004206
-0.103460
0.023659
0.075375
-0.046897
0.016878
-0.109274
-0.009000
0.092081
0.442727
-0.280757
-0.119126
0.041298
0.170866
-0.021725
-0.082707
-0.015103
-0.125213
-0.205518
0.052115
0.253186
0.271361
0.179187
0.307779
0.246411
0.337977
0.131801
-0.229579
0.102437
0.233421
-0.161827
0.221419
-0.025343
0.039034
-0.145545
0.043828
0.029922
-0.256163
0.137216
0.162993
0.027179
-0.084199
-0.014808
-0.354762
0.115172
0.176974
-0.138379
-0.094710
0.089004
0.183993
-0.172709
0.219165
0.105388
0.009396
-0.306575
0.385921
0.095419
0.312625
0.256267
-0.197330
-0.022391
0.048644
-0.168063
-0.114367
0.198829
-0.057324
-0.003973
0.143885
0.006440
-0.021078
0.249883
-0.247732
-0.157554
-0.072389
0.356088
-0.057241
-0.158061
-0.037766
0.211659
0.104396
-0.075498
0.149186
0.313529
0.046668
-0.070817
-0.093741
0.135943
0.016683
-0.096628
0.327453
-0.161694
-0.117220
-0.223408
0.058826
-0.187969
-0.232771
-0.194859
0.024625
0.046893
-0.212004
-0.064210
0.314713
0.106979
-0.051586
0.201645
-0.148563
-0.086628
0.158043
-0.019422
0.022331
-0.249819
-0.132748
0.034913
0.109222
0.170658
-0.092197
-0.281112
-0.021287
-0.043109
0.101826
-0.088548
-0.136273
-0.022465
0.246509
-0.343351
0.055851
-0.104962
-0.043659
-0.108473
-0.018017
-0.181143
-0.110094
-0.152707
-0.137524
0.051948
-0.135750
-0.017790
-0.078630
0.102317
0.082627
0.002552
-0.413685
-0.152749
-0.193750
0.184356
-0.154333
-0.231994
0.097664
0.041152
-0.300970
-0.249882
-0.336257
0.306064
-0.200526
-0.281422
-0.033811
0.085013
-0.230959
-0.265146
-0.006124
0.208052
0.176320
0.206442
-0.009828
-0.045057
0.265922
-0.116266
0.084811
-0.240398
-0.187891
0.141628
0.044004
0.248606
0.064741
-0.380581
0.273861
-0.244292
-0.112383
-0.205989
0.072283
0.379568
0.017501
-0.209574
0.132263
-0.299744
0.221691
-0.212330
0.170883
0.120557
-0.027723
-0.229495
-0.001785
0.209940
0.068486
0.204302
-0.058770
0.156066
-0.212213
0.179257
0.214516
0.279413
0.452917
0.247510
0.025203
-0.055706
0.025278
-0.002321
-0.146670
0.319203
-0.262658
-0.426332
-0.072901
-0.089349
-0.068241
-0.073734
-0.459269
-0.049220
-0.338940
0.009649
-0.515602
-0.341798
-0.653991
0.098496
-0.576332
-0.331348
-0.154960
-0.330049
-0.333049
-0.048840
-0.248167
-0.047784
-0.241488
-0.218780
-0.136723
-0.060573
-0.183752
-0.061019
-0.225826
0.155000
0.085764
-0.120348
0.119772
0.232062
0.216222
0.063210
0.278110
0.182481
0.159086
0.344366
0.146949
0.427605
0.303193
0.039964
0.281763
0.154934
0.359858
0.257091
0.259843
0.031914
-0.083887
0.114266
-0.021691
-0.125023
0.219679
0.212554
-0.245746
-0.041933
-0.186066
-0.019105
-0.331020
-0.254352
-0.182283
-0.370704
-0.019998
-0.003210
-0.156427
-0.045717
-0.296088
-0.185117
-0.072646
-0.479633
-0.154434
-0.355574
-0.008327
0.015881
-0.175757
-0.071238
0.474757
-0.064017
-0.066118
-0.087235
0.113857
0.159285
0.015073
0.021842
0.197466
-0.032266
0.132306
0.022311
0.210952
-0.160281
-0.064446
-0.234720
-0.145014
-0.146821
-0.353556
0.079605
-0.036376
0.299515
-0.222340
0.093964
0.173398
-0.126563
0.031196
-0.148895
-0.072503
0.268397
0.175546
-0.002838
0.301824
0.051953
-0.091656
0.125359
0.236867
0.260141
0.116004
0.038394
0.297725
0.127014
0.033663
0.250536
-0.008261
-0.104833
0.039390
0.109884
-0.049063
-0.121683
-0.105415
-0.292348
0.027900
-0.219245
-0.284113
0.241633
-0.078924
-0.010936
0.406055
0.517173
0.048153
-0.114969
0.050395
-0.079118
-0.105104
-0.018846
-0.036057
-0.095026
0.302954
-0.083297
-0.111789
-0.133415
-0.108052
-0.152094
0.224193
-0.124439
0.105707
-0.071579
-0.002329
0.160384
-0.127692
0.118499
-0.071711
0.062058
0.001894
-0.084867
-0.319383
0.009868
-0.226006
0.177873
-0.029494
-0.239179
-0.194670
-0.055468
-0.032412
-0.112325
0.048419
0.024725
0.002897
0.083249
0.059439
0.090724
0.103982
0.009130
0.040392
0.033399
0.126285
0.187266
0.063307
0.220516
-0.317054
-0.170732
0.058301
0.091608
-0.140379
0.115135
0.095250
0.103782
0.065708
-0.040349
-0.146120
0.033333
0.218902
-0.069555
0.213340
0.096012
-0.059735
-0.026163
-0.204297
0.301142
-0.277817
-0.061618
-0.093774
-0.065137
-0.008691
-0.009266
0.034372
0.070333
0.021028
-0.007340
-0.214613
0.062273
0.128676
0.027533
-0.191076
0.220792
-0.141311
-0.015932
0.163465
-0.378142
-0.053787
0.091310
0.286032
-0.090177
-0.013997
0.283676
-0.093756
-0.076707
-0.115012
-0.516585
-0.175851
0.028244
-0.015298
-0.100254
-0.022647
0.120715
-0.030597
-0.041152
0.053811
-0.235670
0.132969
0.146136
0.337170
-0.121296
0.069799
-0.063156
-0.220640
-0.312886
0.050332
-0.004036
0.316863
-0.039713
0.038871
-0.090277
-0.072861
0.166592
0.021217
-0.006333
-0.126131
0.228991
0.044875
0.359591
-0.022393
0.186437
0.181846
-0.003840
0.121160
0.050884
0.292046
0.255155
0.180511
0.232214
-0.009527
-0.278692
-0.113658
-0.003661
-0.213503
-0.151206
-0.148289
0.105203
-0.261426
-0.117406
0.036569
-0.338179
0.047700
0.009833
-0.011746
0.084091
-0.077696
-0.107858
-0.114027
0.014057
0.004908
0.310663
-0.032198
0.082525
-0.222104
0.325429
0.066741
0.070060
-0.135545
0.203909
0.121642
0.391113
-0.062343
-0.379507
-0.154197
-0.002598
0.374509
0.024918
0.031049
-0.006409
0.353132
-0.008171
-0.161487
-0.099691
0.113258
-0.027494
-0.124179
0.163480
-0.005268
0.181897
-0.017399
0.175080
0.103549
0.097344
-0.257566
-0.445071
0.002162
0.058903
0.019199
0.126410
0.036149
0.064085
0.137384
-0.248849
-0.133384
-0.076524
0.122568
0.145672
-0.070211
0.138739
-0.074836
0.006655
-0.092143
0.098741
0.013665
0.090435
0.242526
0.254901
-0.122886
0.092817
0.014944
-0.157197
0.153705
0.162463
0.033330
-0.087706
0.055721
0.220018
-0.086146
-0.262351
-0.229846
0.021959
0.152338
-0.177985
-0.154479
0.022211
0.183576
-0.455768
0.039059
-0.129958
-0.129991
-0.349340
0.135516
0.154774
0.012543
0.110525
-0.089216
0.012836
0.081316
0.120371
-0.032615
0.030315
-0.039961
-0.200616
-0.103536
0.291280
0.050085
-0.266799
0.046608
0.148076
0.254857
0.195100
0.336916
0.122722
-0.010517
0.344514
0.190446
0.146707
0.453813
0.196643
0.225464
-0.037972
-0.103163
0.124315
0.167582
-0.156052
-0.210359
-0.144256
-0.090729
0.389230
-0.218378
-0.044247
-0.316850
-0.304307
-0.112050
0.093540
-0.021140
-0.059252
-0.082183
-0.091068
-0.009125
-0.054504
-0.258708
-0.088673
-0.114400
-0.115667
-0.359525
0.183783
-0.082529
0.087938
-0.024433
-0.046358
-0.083087
0.244949
-0.003472
0.121701
-0.188706
-0.232273
0.222591
-0.029813
-0.182457
0.242378
0.272477
0.146227
0.051045
-0.454409
-0.023100
-0.017740
-0.109936
-0.059772
0.318461
0.201411
0.238132
0.065286
-0.448493
-0.065795
0.097179
-0.051448
0.020854
-0.066767
0.012014
-0.124247
0.108737
0.047483
0.161087
0.292515
0.084378
-0.251516
0.056254
0.238885
0.145570
0.431897
0.023218
-0.174239
0.071312
-0.031996
0.090980
-0.055124
0.215414
-0.099891
-0.229532
-0.180773
0.110407
0.117604
-0.069147
0.141312
0.162810
-0.021481
-0.265093
-0.257661
0.082112
-0.144292
-0.385347
0.165642
-0.061650
0.123567
0.156324
0.121493
-0.016756
0.052093
0.096781
-0.233847
0.143380
0.262154
-0.045751
0.157028
-0.153352
-0.170732
-0.140233
0.211970
0.181190
-0.276862
0.046129
-0.333699
-0.057842
0.004578
0.027745
0.073676
0.066439
-0.026128
0.413216
0.206416
0.171701
-0.009387
-0.021315
0.105737
0.229044
-0.129580
0.102383
0.318874
-0.030069
-0.049889
-0.197779
-0.084931
-0.080641
-0.026420
0.157447
0.173075
-0.121709
-0.217167
0.110528
0.183783
0.028530
0.011331
0.055073
0.016333
0.215429
-0.068543
0.040491
0.119057
-0.056285
0.033188
-0.222454
-0.109961
-0.027160
-0.180064
-0.082095
0.140034
-0.179931
-0.108165
0.088994
0.280878
0.165907
-0.063690
0.156614
0.035744
-0.064940
-0.044523
-0.305317
-0.060327
0.005014
-0.042069
-0.274771
0.102720
-0.034643
0.039765
-0.162440
-0.052774
-0.036090
0.255009
0.056890
0.198684
0.065052
-0.037133
-0.205931
-0.025000
0.046139
-0.062877
0.053454
0.063285
0.070251
-0.125438
-0.282332
0.193746
0.000629
0.010951
0.078330
0.064421
-0.171989
0.169815
-0.179892
-0.061489
-0.008461
-0.059784
-0.257476
0.009189
-0.252022
0.112882
-0.200854
-0.135771
-0.031681
0.081107
-0.086428
0.113590
0.110020
0.048670
-0.092583
0.106976
0.169875
-0.019978
-0.070823
0.162251
0.280867
-0.074934
0.046542
0.105064
-0.160728
-0.032916
0.021027
0.138104
-0.020300
0.365835
0.019243
0.093107
-0.000887
0.213393
-0.033891
-0.369125
-0.333391
-0.103732
0.143234
-0.011039
0.112781
-0.163413
0.236333
-0.101700
-0.305723
-0.096621
-0.137100
-0.170225
-0.083577
0.096278
-0.232350
0.271604
0.021034
0.084455
-0.209595
0.084720
-0.210906
0.289244
-0.083113
-0.150929
0.066941
-0.173531
0.087698
0.028232
-0.020653
-0.259339
-0.142765
0.073657
0.087040
-0.117470
0.054134
-0.164351
-0.040168
-0.355741
0.033876
0.206377
0.310186
-0.376751
0.184992
0.098081
-0.180515
0.153749
-0.105375
0.017872
0.373959
-0.165574
-0.192086
-0.253551
0.215157
-0.064626
-0.065572
0.164502
-0.026832
-0.138206
-0.025228
-0.018337
0.066092
0.185730
0.189374
-0.021377
-0.055042
0.020000
-0.455039
-0.004645
-0.194350
-0.055639
-0.023514
0.135948
-0.052678
-0.140830
0.066576
0.228070
0.138176
-0.148173
0.028727
0.257005
0.319129
-0.269064
0.212008
-0.161214
-0.024412
-0.029924
0.047565
-0.097329
0.232421
0.083939
-0.135025
-0.372602
0.295326
-0.052180
0.114465
0.164782
-0.168471
0.134625
-0.008609
0.130941
0.088168
-0.031770
0.186189
0.177028
-0.277207
-0.226474
0.040031
-0.226570
0.504403
-0.133383
0.073881
-0.027635
0.108500
0.261625
-0.082893
0.089235
0.048347
0.101013
0.037978
-0.196311
-0.149897
0.069928
-0.328833
-0.062880
-0.221477
0.039425
0.085200
0.026268
-0.147031
0.061705
0.001051
-0.073676
0.102831
-0.155346
-0.331384
-0.052156
0.289361
-0.046749
-0.125735
-0.087682
0.074085
-0.235009
-0.118908
-0.385144
0.008218
-0.260000
0.033310
-0.157905
0.018499
-0.045778
0.191281
0.114865
-0.214559
-0.005275
0.095098
0.275634
-0.081261
0.312511
0.195729
-0.103020
0.146733
-0.076894
-0.093699
-0.011736
-0.381218
0.003537
-0.082367
-0.245792
-0.018698
-0.491962
-0.058785
-0.171900
0.111228
-0.118559
-0.007942
-0.164389
0.013949
0.283595
0.193589
-0.011380
0.048382
-0.150791
0.115146
-0.124893
0.247218
-0.031160
0.050629
0.148294
0.093565
0.032699
0.072786
0.027134
-0.486815
0.087906
-0.087519
0.011587
0.061597
-0.046424
-0.165921
0.013732
0.164406
-0.125262
-0.173688
0.173683
0.084918
-0.157498
0.052342
-0.014018
-0.086755
0.238049
-0.041217
-0.083812
-0.051298
0.048845
0.132148
0.132513
-0.306787
-0.002802
-0.045940
-0.143223
-0.233275
-0.015611
-0.162882
-0.005788
0.053933
-0.129398
-0.137681
-0.070254
0.025006
0.055560
-0.094336
-0.061023
-0.320425
0.036439
0.265264
0.195562
0.044519
0.092547
-0.381149
0.131583
-0.319087
0.142501
0.124391
0.152682
-0.098545
-0.024093
0.404236
0.071914
0.034810
0.152685
-0.202844
0.288331
-0.094712
-0.136711
0.111934
-0.137844
-0.086428
-0.186629
0.138210
0.017157
0.153825
0.240508
0.054018
0.075398
0.222089
-0.119943
0.040788
-0.007240
0.026561
-0.389729
-0.235374
-0.054776
-0.202132
0.088338
0.053620
0.099627
-0.092483
-0.100904
0.154114
0.179051
-0.028599
0.122460
0.076538
0.183341
-0.276646
-0.035379
0.320673
-0.016535
-0.084650
0.126506
-0.063749
-0.123335
0.184226
-0.064322
0.223235
-0.194999
-0.100163
0.053422
0.179784
-0.290823
0.052431
-0.248276
0.222462
0.296469
-0.204096
-0.112657
0.034575
0.092839
-0.118157
0.031522
0.129110
0.103477
-0.145286
-0.156750
0.024864
0.005272
0.172904
0.038225
0.032070
-0.040376
-0.110911
0.377626
0.259319
-0.281331
0.159755
-0.149128
-0.027983
-0.118624
-0.138614
0.176057
-0.061833
0.040377
-0.016151
0.122631
0.208485
-0.028935
0.305005
-0.396415
0.146052
-0.050764
0.056977
-0.042114
-0.045339
-0.023185
0.268806
0.047914
0.174405
-0.140626
-0.174762
-0.205821
0.196630
-0.212669
0.135755
0.054138
-0.415984
0.190641
0.120116
-0.018768
-0.019018
-0.027153
-0.037983
0.016542
0.122672
0.331913
-0.083821
-0.191240
-0.178090
0.077606
-0.014813
0.124682
0.032802
0.114118
0.120411
0.129061
-0.029628
-0.010105
-0.187907
-0.046472
-0.211559
0.094174
0.336561
-0.137669
0.073906
0.063106
0.160842
0.220037
-0.062882
-0.018323
0.125032
0.006293
-0.014348
0.019860
-0.233834
0.134833
-0.039600
0.071413
0.019434
0.146573
0.065854
0.005452
-0.092986
0.201372
0.046333
0.099381
0.122041
0.278281
-0.078831
0.183216
-0.278315
0.088921
0.074825
0.001789
-0.016638
0.099808
0.002990
-0.071057
-0.240880
-0.041931
-0.052016
-0.014240
0.407088
-0.229903
0.157282
-0.166646
-0.099364
0.363290
0.170477
-0.249629
0.224097
0.051846
0.104726
-0.167455
0.104220
0.150071
0.241947
0.047940
0.015270
-0.109754
0.098505
-0.259302
0.092744
0.122182
0.134316
0.022946
-0.104442
-0.139806
-0.365186
0.012726
0.400611
0.050794
-0.168549
-0.161414
0.081683
0.022332
0.022681
0.047759
-0.280192
-0.287386
0.157770
0.018023
0.092231
-0.219621
-0.045890
-0.208863
0.126495
-0.247543
0.426433
0.007709
-0.023014
-0.024250
-0.054582
-0.113902
-0.283953
0.192687
-0.031354
-0.036156
-0.213263
0.252952
-0.172369
-0.286461
-0.254985
-0.036510
0.178304
0.062239
0.121545
0.065409
-0.258463
0.192875
-0.125163
0.132537
-0.138494
-0.012603
0.005164
0.075092
-0.071780
-0.125425
-0.035298
0.032035
0.003084
-0.176687
-0.090300
-0.079060
0.270647
0.096015
-0.171881
-0.056101
0.108909
0.185547
0.197504
-0.124254
0.120432
0.186449
0.179281
-0.452755
0.107756
0.005538
-0.224908
-0.045575
0.076012
0.099046
0.075900
-0.015882
-0.380600
-0.031022
-0.196426
0.073509
0.099052
0.045783
-0.002217
0.161499
-0.318354
-0.017743
0.102204
0.098899
-0.249977
-0.008712
-0.120891
-0.034848
-0.137601
-0.106974
0.088686
0.120247
0.125015
-0.187861
0.214605
0.143504
0.148463
0.005736
0.240541
0.041611
0.157437
0.213472
-0.112317
-0.348682
0.133683
-0.137672
-0.011122
0.005458
0.174337
-0.059384
-0.119197
-0.220942
0.238649
0.007054
-0.259731
-0.061694
-0.041581
-0.066152
-0.060140
0.048114
-0.332275
-0.047670
0.139890
-0.160960
0.133480
0.136863
-0.075780
0.007697
0.095141
-0.185667
0.226161
-0.013158
-0.074389
-0.104598
-0.168545
0.239467
-0.274290
0.280813
0.223583
-0.144715
-0.301046
-0.126372
0.049600
-0.115455
-0.013118
0.147427
-0.310156
-0.017005
-0.063140
0.261862
0.025315
-0.049689
0.000879
-0.057390
0.160042
-0.051895
-0.192788
0.101782
-0.377074
0.094002
0.057306
-0.077071
0.093641
0.175955
0.017008
-0.172755
-0.021311
-0.073561
0.152647
-0.235531
-0.299735
0.130181
-0.216195
0.073564
0.111548
-0.184656
0.170600
0.274355
0.249148
0.002849
0.050704
0.108577
0.041597
-0.017015
0.012785
-0.158989
-0.395526
-0.027427
0.063506
0.049325
0.091203
0.115052
0.032876
-0.092258
0.165040
0.094017
-0.016879
0.338136
-0.022339
0.038374
-0.421094
0.068259
-0.039804
-0.155924
-0.254271
-0.074857
0.097883
0.062122
0.053413
0.060434
-0.029082
-0.084148
-0.073563
0.114015
-0.055737
0.177167
-0.021546
-0.019515
0.400576
0.338016
0.026051
0.051004
-0.157907
0.082773
0.136773
0.263395
-0.030324
-0.018352
0.072199
0.053822
-0.053469
-0.002005
-0.046762
0.018864
-0.097387
-0.072822
-0.051795
0.111407
-0.052240
0.158524
-0.133910
-0.095139
0.268533
0.200768
-0.095052
0.002424
-0.297707
0.108609
-0.043802
0.056005
-0.107872
0.052106
0.039734
-0.048487
0.214585
0.233638
0.109093
0.220292
0.080241
-0.155576
-0.032504
-0.156697
0.186062
0.292068
-0.106577
-0.007956
-0.104621
-0.023481
0.033058
-0.378111
-0.025028
-0.132743
0.166758
0.033281
-0.217226
-0.021416
-0.082014
-0.164029
0.084836
0.012582
-0.135544
-0.047423
-0.025140
-0.131395
-0.236029
-0.115890
0.108110
-0.116143
-0.061794
-0.059763
-0.364624
0.212040
0.042074
-0.148017
0.318100
0.077187
0.143870
-0.039791
-0.157715
-0.104052
-0.171175
-0.219686
-0.283169
0.129334
-0.085477
-0.094397
-0.097986
-0.178355
-0.167825
-0.173153
-0.117396
0.309205
-0.160170
-0.025013
-0.144361
0.106013
0.088059
-0.172653
-0.044615
-0.188745
0.106560
-0.456916
0.106730
0.073877
-0.256911
-0.036796
0.082267
0.008893
-0.068951
0.029918
0.250011
-0.167010
0.309411
-0.234823
0.078628
-0.237333
0.198530
0.096186
0.007674
-0.135448
0.245987
-0.034429
0.036129
-0.232476
-0.175753
0.100284
0.013589
0.405446
-0.432369
0.105100
-0.307713
-0.094174
0.055121
0.072215
-0.248266
-0.010059
0.045814
0.015829
0.209837
-0.023426
-0.255543
-0.005987
-0.215394
0.000823
0.095534
0.107098
0.187379
0.210278
-0.122326
-0.000686
-0.134450
0.004645
-0.343806
-0.119660
-0.368143
0.174014
0.092363
-0.189339
0.173763
-0.205073
-0.193466
-0.032977
0.067743
-0.124822
-0.040717
-0.027705
0.191851
0.251320
-0.061820
0.327816
0.098679
-0.109379
-0.368484
-0.013829
0.138918
-0.000527
0.146571
-0.324344
-0.254938
0.194669
0.090125
-0.078616
0.153582
0.343712
0.138563
0.004098
-0.158637
0.072757
0.010207
-0.012406
0.086503
0.005923
-0.273875
0.031923
-0.122751
0.100201
0.041761
0.008924
0.043065
0.223326
0.146741
-0.080178
-0.015270
-0.032639
-0.125508
-0.185135
0.097692
0.012735
-0.182641
0.018980
-0.193136
0.118548
-0.288670
0.067077
-0.023567
0.099169
0.229408
0.270804
-0.261312
0.045485
-0.061275
-0.053207
0.116737
0.020396
0.139856
0.162266
-0.173928
0.048404
-0.021918
-0.007683
0.016204
-0.024083
-0.294848
-0.069826
-0.220191
0.015897
-0.302569
0.116290
0.095286
0.241101
0.092209
-0.167237
0.057608
-0.012207
-0.067321
-0.324607
-0.033483
-0.148602
-0.040622
0.179555
0.155898
0.059761
0.265952
0.078441
0.160845
0.048938
-0.114193
-0.147623
-0.017993
0.125012
-0.234908
0.212362
-0.160372
0.035590
-0.191841
0.173296
-0.114908
0.085587
0.337870
0.195356
-0.250269
0.217519
-0.201964
0.052761
0.001390
0.356897
0.116757
-0.085323
-0.238123
0.190989
-0.314612
-0.030012
0.081669
0.199691
0.169652
0.125557
-0.059453
-0.201009
0.203132
0.129944
0.222740
-0.096127
0.224045
0.054457
0.096835
-0.082951
-0.121439
-0.115173
-0.046833
-0.040335
0.090104
0.133333
-0.197197
0.188462
-0.011219
0.488154
0.024752
0.014337
-0.143499
-0.110708
0.210322
-0.075184
0.149229
0.228102
-0.131140
0.449419
-0.237018
-0.025761
-0.077058
0.317444
0.217768
0.157825
-0.023163
0.392264
0.244379
-0.017519
0.026296
0.249958
0.076805
0.081992
0.058568
0.031063
-0.073862
0.135478
-0.132526
0.042449
-0.197279
0.041676
0.053609
-0.148587
0.049533
0.186264
0.041846
0.253230
0.284659
-0.129661
-0.105230
0.263140
0.176391
-0.258701
-0.171476
-0.373675
-0.001104
0.174495
-0.247844
0.032997
0.504927
-0.074594
-0.037509
-0.032204
-0.201714
0.270609
0.051610
-0.019489
-0.190990
0.173405
-0.076184
0.049318
-0.145837
0.188021
-0.012972
0.079823
-0.284002
0.002598
0.025652
-0.034370
-0.036985
-0.361875
0.159265
-0.020392
-0.279015
-0.157863
0.076989
-0.281158
-0.174870
0.072350
-0.009252
-0.041396
0.166818
0.052475
-0.146697
0.055677
-0.224763
-0.021373
-0.035844
-0.149516
0.058253
0.106853
0.024915
0.088710
-0.138287
0.069905
-0.077386
-0.147166
0.002222
0.160816
-0.046648
-0.027399
0.270718
-0.042267
0.189893
0.127337
-0.031353
-0.265106
0.254448
0.180681
0.228063
0.095680
-0.152384
0.017834
0.160398
-0.094471
0.049706
-0.259086
0.121685
-0.056043
0.253297
0.292062
-0.326845
-0.002386
0.018359
0.240777
-0.072152
0.129283
-0.023402
0.131139
0.044215
0.011445
-0.227891
-0.322579
0.074878
-0.050530
0.000128
-0.055230
-0.112003
0.040099
-0.205758
0.117994
-0.094294
-0.119568
-0.085636
-0.311243
-0.154836
-0.041905
0.074411
-0.096731
-0.143411
-0.116229
0.319918
-0.175650
-0.374798
0.305491
0.161405
-0.242062
-0.091929
0.065228
-0.404484
0.034464
-0.026176
0.041482
0.208659
0.120443
-0.201276
-0.138633
0.157128
0.070192
0.073586
0.228805
0.026285
-0.278502
0.008976
-0.132135
0.164354
-0.018732
0.043668
0.020708
0.171952
-0.070506
-0.005746
0.248882
-0.038931
0.109243
0.080824
0.081909
0.013528
-0.062671
0.068299
-0.187963
0.164502
-0.105851
0.053055
0.026260
0.068711
-0.122816
0.343796
0.035222
0.074235
0.001275
0.148907
-0.027544
0.083758
-0.028319
0.246470
0.246160
-0.243172
-0.281313
0.052132
-0.023998
-0.241658
0.275801
-0.006178
-0.311381
-0.083631
0.069242
-0.361780
-0.057679
0.179608
0.007562
0.065621
0.030864
-0.160011
0.100780
-0.098235
-0.068428
0.032102
0.046239
-0.145768
-0.121108
-0.040946
0.316282
0.002454
0.148139
-0.273200
-0.051598
-0.090280
-0.429121
-0.196158
0.222617
-0.096914
0.122875
0.061123
0.008607
0.084355
0.086863
0.030829
-0.019387
-0.059851
0.303474
0.059029
-0.324554
-0.213033
0.275906
-0.087578
-0.119557
-0.120035
0.129864
0.096217
0.252750
0.059672
0.025428
0.073475
0.003756
0.029958
-0.039675
0.099384
-0.278507
0.285850
0.196419
-0.161838
-0.156682
-0.077655
-0.321768
-0.097563
-0.198286
0.365508
0.153836
0.236207
-0.065683
0.085420
-0.089189
0.089133
-0.256805
-0.035250
0.052783
-0.006268
0.044046
0.413320
-0.036293
0.228733
0.079770
-0.072662
0.223274
-0.113928
-0.023394
-0.222008
0.055326
-0.153482
0.005420
-0.154781
0.128780
0.175553
-0.020098
-0.180627
-0.009029
0.118042
0.050134
-0.157366
-0.044309
-0.116319
-0.017183
-0.219809
-0.281774
-0.152238
0.024153
0.015118
0.078228
-0.040990
0.263784
-0.023115
0.088120
0.129186
0.097564
0.290463
0.111907
0.088822
0.174462
0.002736
0.015434
0.284313
0.116669
0.080380
0.078677
-0.158201
0.071905
0.143651
-0.026966
-0.064099
-0.018477
-0.044888
0.202376
0.228146
-0.057151
-0.000804
-0.190476
-0.081140
-0.257579
-0.315256
0.150049
-0.159841
-0.164118
0.241812
0.124204
-0.004293
0.217875
-0.176201
-0.221066
-0.145728
-0.080796
-0.385073
0.001524
0.101709
0.249355
0.108451
-0.034896
-0.168101
-0.044830
-0.070955
-0.176880
0.040737
0.028165
0.351817
-0.213873
-0.133532
-0.051067
0.386186
-0.322246
0.022459
-0.117040
0.394824
-0.169760
-0.216670
0.304652
-0.126692
0.138311
-0.006445
-0.029032
-0.048656
-0.241799
-0.090256
0.050813
0.145824
0.076713
0.020046
0.112567
-0.200337
-0.027715
0.023732
-0.018197
