0.023629
0.136999
-0.158439
-0.245960
0.104887
0.025354
-0.004392
0.039258
0.019488
0.093326
-0.026930
0.006676
0.342541
-0.011087
0.165778
-0.007036
-0.039769
-0.038830
-0.069257
-0.073498
-0.207375
0.209996
-0.155365
0.172032
0.075060
-0.070848
0.059083
0.398501
-0.213639
0.000283
0.274081
0.119783
0.290608
0.178665
-0.005719
0.126042
0.101591
0.115578
0.071380
-0.117476
0.254763
-0.009540
-0.083965
0.166315
0.085140
-0.135246
0.045655
-0.007196
0.041279
0.248093
-0.068999
0.095310
-0.082221
0.063891
0.147378
0.115956
-0.027368
-0.061498
0.028910
0.120364
0.079363
-0.234539
0.146294
0.055642
-0.272149
0.035337
0.036388
0.124750
0.412728
0.052836
0.146040
0.260412
-0.031799
0.112459
0.136076
0.091230
0.004573
0.109755
-0.028955
-0.131063
0.080580
-0.097247
-0.092805
-0.103197
0.001541
-0.153532
-0.116698
-0.006185
0.093623
0.004592
0.102894
0.100922
-0.133379
0.108502
-0.066933
0.012393
0.243164
-0.014360
-0.108529
-0.074249
-0.086108
-0.113480
0.066310
0.072552
-0.030484
-0.263099
0.138262
0.001698
-0.050998
0.246984
0.010176
-0.091177
0.145705
0.118849
-0.134649
0.014059
0.105034
-0.028191
0.037788
-0.011901
0.053805
0.295368
-0.224845
-0.067600
0.190859
-0.158168
0.330336
-0.005168
0.115909
-0.062936
0.182468
-0.128305
-0.059344
-0.128778
0.079693
0.139506
-0.050999
0.126226
-0.163158
0.005629
-0.002952
0.258693
-0.062158
-0.022254
-0.116255
0.225968
0.077079
0.146954
0.172087
-0.029827
-0.209668
-0.135414
0.092136
0.342632
-0.221962
-0.071694
-0.010701
0.178450
0.296610
-0.185400
0.149054
-0.130657
0.006879
0.392928
0.089328
0.122700
0.248407
0.102492
0.005701
0.272443
-0.107991
-0.105162
-0.073393
0.021733
0.182948
-0.327444
0.050120
-0.034586
0.092317
-0.039265
0.161638
-0.076971
0.237104
-0.081615
0.159398
0.150819
-0.048854
-0.096172
-0.066400
-0.080009
-0.004336
-0.051699
-0.089642
0.087068
0.256750
0.116346
0.051335
0.066621
0.131536
-0.075794
-0.267343
-0.146814
-0.023962
-0.100158
-0.210594
0.134023
0.003959
0.083479
-0.167556
0.109441
-0.238942
-0.176051
-0.010457
-0.102494
-0.052404
0.120539
0.129042
0.086117
0.005694
-0.020781
-0.107864
-0.238323
-0.030350
0.022580
-0.082421
-0.278595
0.221452
-0.087515
0.218956
-0.045377
-0.120462
-0.022554
0.054770
0.138559
-0.107463
-0.051374
-0.144090
-0.136308
-0.172972
-0.091459
-0.015043
-0.263325
-0.172140
-0.377325
0.139260
-0.048055
0.054537
-0.097023
0.073559
0.045123
-0.029713
-0.434542
-0.026091
-0.049438
-0.009226
0.160217
-0.067346
-0.009333
-0.095246
0.053219
0.197214
-0.395916
-0.065776
0.102881
0.081279
0.056460
0.028737
-0.064283
-0.026986
0.287694
-0.148596
0.094171
-0.130916
-0.272794
0.101221
0.069811
0.039859
-0.213839
-0.053405
-0.172813
0.297090
0.244613
0.133074
-0.195327
0.031505
0.162179
-0.110955
-0.307237
0.130898
-0.006610
0.017099
0.021893
0.125278
-0.192972
-0.102572
-0.295408
-0.096524
0.032598
0.027448
-0.035810
-0.075108
0.065267
0.039051
-0.034308
0.381142
-0.208172
-0.233639
-0.039081
-0.342650
0.232401
-0.020715
-0.028151
-0.084686
-0.222743
-0.023597
-0.008245
0.199429
-0.214225
-0.200720
-0.117802
0.048626
0.069329
0.236769
0.016347
-0.055640
0.008013
0.343837
0.065512
0.000649
-0.126406
0.138991
0.362702
-0.080329
0.098564
-0.216589
0.044937
-0.197615
-0.087008
0.214436
0.005924
0.086533
-0.048904
-0.048350
-0.178477
-0.062905
-0.093411
-0.170504
0.217450
0.051806
-0.075465
-0.056454
0.112128
0.183205
-0.174577
-0.259690
0.036317
0.103900
-0.121447
0.206186
-0.147014
0.270275
0.031637
-0.178541
0.066573
0.062342
0.082043
0.474130
0.280245
0.004842
0.025158
-0.280277
-0.148951
-0.053814
0.121649
-0.346637
0.028769
0.137563
-0.201712
-0.065609
-0.011052
-0.021013
0.186880
0.031048
0.089192
-0.001928
-0.293271
-0.249282
0.225574
0.072812
-0.143376
-0.134438
-0.261219
-0.083975
0.172954
-0.028254
0.035028
0.045137
-0.127627
0.148011
0.291306
-0.040213
0.047308
0.425863
0.053303
0.016939
0.221466
0.119895
0.093406
0.069562
-0.000840
-0.055038
0.007722
0.150425
-0.526200
0.048101
0.087761
0.083465
0.326973
0.005677
0.104900
0.248900
-0.490427
0.213022
0.211695
-0.108319
-0.136394
0.010248
0.094263
0.211099
-0.163196
0.023780
0.037894
-0.049164
-0.014721
0.127195
-0.018525
0.452621
0.024965
-0.063665
0.109242
0.115499
-0.035860
0.343702
-0.233003
0.010635
-0.068912
0.147018
0.206101
0.134889
0.191406
0.048118
-0.016187
0.121322
0.002819
-0.107879
-0.020320
0.064226
-0.231745
-0.032041
-0.161491
0.187834
0.072450
0.014500
-0.131977
-0.158068
0.018963
0.027582
0.265065
-0.115566
0.161694
-0.183790
-0.079046
-0.168853
0.080714
-0.177493
0.099585
0.105335
0.163387
0.098882
-0.199891
-0.123015
-0.086550
-0.068913
0.011208
0.149572
0.168113
-0.102429
0.081770
-0.080551
0.251483
-0.054659
-0.004920
-0.038811
-0.255577
0.069610
-0.229834
0.095041
0.009842
0.095163
-0.192042
-0.025655
-0.160893
-0.002194
0.202183
0.243748
-0.084118
-0.005912
-0.156081
-0.086725
-0.009205
0.131415
0.129556
0.021142
-0.060531
-0.139527
-0.004213
-0.090082
-0.039447
0.248079
0.063599
-0.043799
-0.109318
0.025851
-0.032632
0.051313
0.008490
0.174359
-0.093787
0.054302
-0.166106
0.094544
0.083878
-0.038270
0.090725
0.026846
0.144581
-0.014888
0.018160
-0.128452
-0.268585
0.192177
0.016210
0.174124
0.073914
-0.191150
-0.003342
0.249105
-0.156946
-0.090359
0.062910
-0.040427
-0.090249
-0.105448
0.005177
0.131023
-0.010326
-0.277422
0.021803
-0.080723
0.087389
-0.139368
-0.206282
-0.133126
-0.027623
-0.139843
-0.283334
0.199539
0.298273
0.088048
-0.086607
-0.194112
0.076827
0.022716
-0.102698
0.077881
-0.144624
-0.093341
0.006720
-0.029638
-0.111558
-0.121455
-0.115790
0.179164
-0.061603
0.279013
0.038545
-0.069099
0.180874
0.067541
0.104735
-0.023592
0.047080
0.015902
0.186339
-0.190599
-0.170363
-0.159400
-0.047091
0.011407
0.065057
-0.015107
-0.024293
0.043467
0.117505
0.213208
-0.040389
0.042694
-0.095084
0.339297
0.133791
0.273127
0.032079
0.092702
-0.071176
0.094328
-0.066652
0.218820
-0.250760
0.113677
-0.159831
-0.037890
-0.124260
0.012426
0.259259
-0.084843
0.011708
0.163551
-0.209496
-0.169120
-0.169308
-0.191860
0.004928
-0.085760
0.088117
-0.091192
0.118147
-0.131551
0.376823
-0.031305
-0.260127
-0.141473
0.246018
0.153393
0.108338
-0.019311
-0.016944
-0.114591
0.061572
0.081073
0.002022
-0.128331
-0.055569
-0.115816
-0.137746
-0.267612
0.219004
-0.172793
-0.096024
-0.132188
0.153771
-0.055618
0.018966
0.209962
-0.297049
-0.244512
0.162177
0.213234
0.230435
0.078792
0.185022
0.042184
-0.016688
-0.077296
0.003166
0.080914
0.094902
-0.064735
-0.048872
-0.394063
0.155048
0.167250
-0.221777
-0.101789
-0.305541
0.059861
-0.283786
0.066518
-0.238873
0.467250
-0.199310
0.165395
0.247605
-0.083600
-0.150496
0.046553
-0.017123
0.151757
-0.276293
0.096734
0.120763
-0.223117
0.054554
-0.122430
0.116793
0.089119
0.099424
0.150369
-0.007938
-0.121724
-0.384796
0.297500
0.027623
-0.006328
-0.126320
-0.048152
0.194596
-0.089333
-0.102521
-0.099762
-0.011535
0.040174
-0.030832
0.065806
0.198267
0.111896
-0.114888
-0.285096
-0.018431
-0.204817
0.273701
-0.003535
0.036611
-0.010753
-0.095749
0.197996
-0.049334
-0.034560
-0.091293
-0.058908
0.065609
0.010727
-0.111640
0.135633
0.095134
0.005811
0.087829
-0.205911
0.045733
0.056155
-0.144610
0.057742
-0.084088
0.205152
-0.021807
0.169645
-0.302505
-0.181225
-0.017426
-0.053749
0.199019
-0.146848
-0.110939
0.019313
-0.257677
-0.177971
-0.161411
0.048592
0.175246
0.134982
0.101381
0.005792
0.166058
0.108898
0.069675
0.123587
0.101081
0.146649
-0.111968
0.084955
0.082051
0.236185
-0.029164
-0.167786
0.012705
-0.047992
0.383352
0.010047
-0.007219
-0.008084
-0.080359
0.070770
0.045722
-0.097969
-0.211470
-0.164060
0.434671
0.063156
-0.078177
-0.188528
0.156116
-0.073954
0.028948
0.169837
-0.136427
0.072136
-0.014077
-0.141439
0.011409
-0.011846
-0.081082
0.081508
0.010600
-0.040216
0.110337
-0.323450
0.162256
-0.259467
0.323676
0.059644
0.181956
0.157681
-0.038273
0.116712
-0.149308
-0.159080
0.167537
0.224448
-0.150454
-0.051022
-0.037758
-0.182767
-0.057697
-0.059176
0.261493
0.061430
0.134169
-0.218537
-0.083621
-0.136422
-0.025269
0.112565
0.120101
0.191163
0.158169
0.010240
0.043483
0.112398
0.042655
0.129085
0.158912
-0.053487
-0.010927
-0.230019
0.176641
-0.047067
-0.271236
-0.051873
-0.533028
-0.133249
-0.052917
0.469091
-0.076472
0.051891
-0.097504
-0.217080
0.184061
0.077283
0.030496
-0.049107
0.086978
0.027419
0.026310
-0.275540
-0.160124
-0.139289
0.126400
0.099471
0.050474
0.159999
-0.148174
0.186867
-0.071281
-0.121554
0.034579
0.171039
0.143346
0.226420
-0.133725
0.084441
0.265298
0.225460
0.266334
0.030507
-0.230647
0.034838
-0.107595
0.079491
0.145493
-0.371036
-0.094488
-0.118251
0.174150
0.198084
0.159354
0.105390
0.029538
0.144017
0.160043
-0.020447
-0.180966
-0.170572
0.162912
-0.192121
0.141824
0.458127
-0.092685
0.016095
0.166536
0.076128
-0.126980
0.042707
-0.022260
-0.052099
-0.231460
-0.045115
0.038142
-0.049714
0.280996
-0.032368
-0.113507
-0.113870
0.302314
0.207190
0.090406
-0.047118
-0.101782
0.073462
-0.187835
-0.259533
-0.032084
-0.180638
0.206585
0.247310
0.174367
-0.079343
-0.177627
-0.109906
0.135127
-0.076194
-0.074456
0.023062
-0.156324
0.069390
-0.036869
-0.026777
-0.122684
-0.059223
0.106997
0.004777
-0.211518
0.121366
-0.000589
-0.354705
0.067549
0.175025
0.089622
-0.067385
0.098798
-0.006702
-0.179847
-0.267353
-0.362897
0.142936
-0.254864
-0.166912
0.112284
-0.063964
0.186214
0.221683
0.073650
-0.125337
0.084303
-0.123480
-0.195406
-0.063004
-0.039487
0.179444
0.183263
0.147710
-0.188939
-0.321475
-0.230772
-0.056970
0.099230
-0.182239
-0.013711
0.240363
-0.398284
-0.139273
-0.298946
0.069057
0.088469
-0.247326
0.182200
-0.096071
-0.101250
-0.097438
0.050194
-0.169408
-0.115706
-0.056733
0.193371
-0.245784
0.399262
0.021912
0.025942
0.001704
0.009847
-0.093332
0.115050
-0.029960
-0.149052
-0.027894
-0.007234
-0.166888
-0.185906
0.280795
0.082133
0.010427
-0.122647
-0.052180
0.080634
-0.082718
-0.069644
-0.195572
-0.179328
-0.058170
-0.404549
-0.149069
-0.140067
-0.221586
-0.157682
0.047182
0.090745
-0.247372
-0.247943
-0.146675
-0.076440
0.289358
0.003317
-0.054092
0.116891
-0.023267
0.010185
-0.257433
-0.286203
-0.014257
-0.207715
0.041684
0.110665
0.327982
0.209538
-0.061238
0.104049
-0.105565
-0.215076
-0.389162
-0.127407
0.281297
-0.102830
-0.084111
0.064563
-0.020887
-0.146313
0.253659
0.152546
0.286797
0.174859
-0.200577
0.131258
0.007289
0.133522
0.181765
-0.173018
0.019122
-0.270408
-0.069622
-0.072046
0.127782
-0.051127
0.049718
-0.299632
0.049850
-0.089835
-0.042051
0.181156
-0.046377
0.234179
-0.055027
-0.147895
-0.031010
0.145888
-0.280894
-0.192241
-0.011522
0.091503
0.018302
0.047042
-0.225917
0.046427
0.127674
0.132865
-0.202516
-0.051843
-0.017421
0.119418
0.193658
0.096575
-0.034803
0.323176
-0.097886
-0.041500
0.173930
-0.197694
-0.155772
-0.008483
0.048081
-0.126818
-0.058759
0.016874
0.053878
-0.033382
-0.063891
-0.085808
0.076235
0.050363
-0.226326
-0.093237
-0.072681
-0.070794
-0.074895
0.116849
-0.190621
0.341103
0.103175
0.141781
-0.270269
0.076202
0.211572
-0.015690
-0.250008
-0.285667
-0.085627
-0.216275
0.035758
0.136536
0.365919
-0.072091
-0.066416
0.021195
0.018297
-0.081957
0.084051
0.103756
-0.085900
-0.051187
0.288487
-0.046468
-0.039277
-0.048582
0.098704
0.211944
0.075699
0.125059
0.149338
-0.007637
0.074145
-0.124471
-0.133047
0.066679
-0.033665
0.112003
0.184603
-0.017746
-0.100549
0.063581
-0.182450
-0.120925
-0.237891
0.229261
-0.016459
0.112641
0.135585
0.056954
0.135243
-0.033846
0.045708
0.090608
-0.149926
-0.206355
-0.022301
-0.260336
0.149049
0.029227
-0.156160
0.011077
-0.036726
0.154074
0.017160
-0.072736
-0.065022
0.416837
0.242291
0.061621
0.003899
0.245742
-0.057024
-0.182699
-0.144802
0.265527
-0.157956
-0.240120
-0.147339
-0.073984
0.016326
0.282614
-0.072706
0.005883
0.129348
0.113331
0.120808
0.134221
-0.150303
0.023490
-0.070357
-0.012100
-0.311136
0.052085
0.139523
-0.088790
0.003962
0.005903
-0.064097
0.091751
-0.128963
0.055477
-0.101979
0.274541
-0.059312
0.063867
-0.036009
0.124621
-0.203254
0.155297
-0.197052
0.126217
-0.218281
-0.186317
0.028874
0.122654
0.045026
-0.442924
0.219445
-0.177219
0.099316
-0.103172
0.117155
0.129963
-0.125347
0.220301
0.038323
0.186876
-0.011177
0.205146
-0.197360
0.070272
0.118982
0.130392
0.191594
0.100845
0.039007
-0.188890
-0.071602
-0.104904
0.215946
-0.022742
-0.031546
-0.131409
-0.116263
0.332632
-0.109165
0.179949
0.001177
0.178596
0.081389
0.031597
0.214567
-0.029649
0.047202
0.090476
0.013123
-0.038422
0.024106
0.045467
0.118586
0.006546
0.306891
0.033096
0.193654
0.033432
-0.132537
0.183532
-0.070292
-0.011901
-0.208567
0.037038
-0.160844
0.071664
-0.245304
0.131279
-0.090923
-0.058684
-0.031828
0.076696
0.143653
-0.027130
-0.019002
-0.054614
0.030059
0.272027
0.196872
-0.134904
0.104157
-0.180834
0.023696
-0.032808
0.017906
0.274137
-0.109087
-0.011073
0.124014
0.023864
0.045452
0.242822
-0.074713
0.007946
0.111106
0.117623
-0.199567
0.023637
-0.014348
0.070026
-0.200529
0.213084
0.082905
-0.358349
0.415388
0.276392
-0.084407
0.157641
-0.016227
-0.374446
0.239985
0.099957
0.103075
-0.046257
0.172061
-0.027121
-0.324394
0.009962
-0.092112
-0.343700
-0.029725
-0.077420
0.349431
0.158843
0.180889
0.090133
-0.149225
-0.190538
0.081835
0.198964
0.085347
0.049828
-0.381169
-0.055958
-0.203029
0.035344
0.214688
0.344377
0.068975
0.218644
0.145076
-0.133963
0.160564
-0.113705
-0.231016
-0.249424
-0.021780
-0.202691
-0.179293
-0.070299
-0.086613
0.183394
-0.062331
-0.219324
-0.141512
-0.020166
-0.023004
0.131442
-0.061571
-0.244971
0.119878
0.194831
0.201995
0.056275
0.054988
0.011052
0.074731
-0.001887
0.205355
0.058487
0.106276
0.123388
-0.259104
0.109390
-0.008323
-0.016845
0.051312
-0.037745
-0.203687
0.131196
-0.121488
0.300187
0.071073
-0.005183
0.115023
-0.179664
0.048839
0.087058
0.067437
0.109630
-0.107691
-0.019518
0.005970
0.160083
-0.039307
0.133140
0.119075
0.179145
-0.231077
0.057374
-0.174478
-0.244019
0.042339
-0.235832
-0.132875
0.013637
0.045460
-0.015010
-0.097669
0.065795
0.042828
-0.001007
0.153621
0.042410
-0.240754
-0.013286
-0.314155
-0.090444
0.151415
0.111466
0.198194
0.119601
-0.208778
0.205875
0.075250
0.012501
-0.125302
-0.228009
-0.102489
0.213366
0.194780
-0.109953
0.105531
0.087802
-0.058865
-0.000957
-0.137546
0.034091
0.029299
0.071860
-0.220901
0.154054
-0.184199
-0.136164
-0.347432
-0.007050
0.006563
0.009234
0.179201
-0.172608
0.081661
0.064875
0.190350
-0.155263
0.046360
0.061764
-0.299651
0.018461
0.177555
-0.089525
-0.177122
-0.072821
-0.074204
-0.043319
0.017543
-0.043700
0.148607
-0.056521
-0.184725
0.160726
0.193353
-0.129069
0.076917
0.249647
0.026369
-0.118367
-0.018036
0.057253
0.044228
0.115045
0.092754
-0.132742
-0.022924
0.040986
0.166391
-0.055616
-0.248448
-0.072734
0.115721
0.065390
-0.132101
0.139158
-0.045147
-0.101709
0.001893
0.082054
-0.144426
0.012389
-0.005689
0.262365
0.124346
0.100108
-0.207677
0.109432
-0.130455
-0.166174
-0.074574
-0.427133
0.041569
-0.079453
-0.143620
0.002494
-0.069189
-0.129266
0.092556
0.005631
-0.299436
0.199001
-0.015035
0.074267
-0.250312
-0.083334
0.159175
0.150136
0.029276
0.000485
-0.332680
0.067042
0.237775
-0.266734
-0.244359
-0.051641
-0.269360
-0.099397
-0.119857
0.112320
-0.226317
0.151515
0.048323
-0.167599
0.030363
0.055022
0.055892
-0.261871
0.088304
-0.181614
0.313612
-0.035245
0.022960
0.210628
0.008455
0.200868
0.353174
0.021790
-0.138897
0.083119
0.103963
0.121936
0.073969
0.011992
-0.152297
-0.004371
0.101067
0.240500
-0.140912
-0.108292
0.160084
-0.093514
0.053336
-0.070912
0.172788
0.020107
0.108212
-0.316160
-0.017732
-0.113402
-0.090085
0.147198
-0.257203
-0.101237
0.006858
-0.091629
-0.144968
0.327672
0.082482
0.151396
0.268520
-0.064269
-0.200247
0.278277
-0.092425
-0.031020
-0.040996
-0.061322
-0.118867
-0.005749
0.278503
0.115574
-0.164536
0.051104
0.039596
0.139835
-0.128653
0.005172
0.088521
-0.311181
-0.129957
-0.019133
-0.215842
0.220865
-0.064194
0.279864
0.190234
0.150857
0.073260
-0.181292
0.031249
0.013412
0.045861
-0.016005
-0.018773
0.452207
0.131283
0.002297
0.012051
0.079543
-0.088732
0.066363
-0.125730
0.046482
0.376542
0.171307
0.162556
-0.080454
-0.421945
-0.458395
0.062182
0.011874
-0.011428
-0.066401
0.117563
0.057438
-0.018943
0.300547
0.047391
0.209665
0.327486
-0.166570
-0.041849
0.005185
-0.151919
-0.004018
-0.086338
-0.034326
-0.020176
0.180024
0.089598
0.081374
-0.003813
0.047844
0.104671
0.223988
0.163096
-0.285710
0.119267
0.248804
0.055819
-0.160053
-0.015405
-0.041692
-0.089935
0.166588
0.272982
0.029466
-0.100424
0.212093
-0.095292
-0.074125
0.147333
-0.097424
0.057207
-0.243926
0.081091
0.072207
-0.034358
0.027614
0.065466
-0.231512
0.281893
-0.135066
0.058229
-0.085030
-0.087186
-0.337626
0.179885
0.006394
0.325109
0.138559
-0.456186
-0.322716
0.043776
-0.163532
-0.133774
-0.030818
0.081524
-0.295253
-0.107917
0.074701
-0.060242
0.066627
0.111980
0.006388
0.033036
-0.526200
-0.010054
0.000069
-0.009394
0.178842
-0.156997
-0.244127
0.282515
0.024495
-0.196507
-0.071377
0.306808
-0.262400
0.072195
-0.322040
0.093515
0.028995
0.149987
0.110999
0.089383
-0.079769
-0.133919
-0.005001
-0.161168
0.091720
-0.163926
0.027574
0.115291
-0.108649
0.029488
-0.032082
-0.025535
-0.322236
0.188700
0.001960
-0.049140
0.038670
0.293001
-0.276791
0.118802
-0.023788
0.300177
0.158313
-0.100799
-0.151386
0.007519
0.007530
0.031535
-0.110924
0.216661
0.019751
0.081036
-0.164513
-0.147300
0.049477
-0.191112
0.003978
-0.034876
-0.333492
-0.105283
-0.082597
0.098059
-0.051548
0.049978
0.120253
-0.020616
0.169091
-0.050850
0.240540
-0.236642
0.169792
0.204655
-0.083438
-0.024815
-0.237893
0.106146
-0.102333
-0.141295
0.044236
0.144765
0.160317
-0.140602
-0.193834
0.133669
-0.042116
-0.177643
-0.322198
0.023308
-0.276703
-0.012454
0.108567
-0.010855
0.285721
0.086649
-0.058747
-0.063401
-0.191328
-0.113915
-0.275806
-0.250142
-0.115511
0.080114
0.159882
0.111520
-0.066111
0.135004
0.016342
0.105647
0.117621
0.325403
-0.213843
0.111605
-0.011533
-0.029849
0.201464
-0.429359
0.075039
-0.052572
-0.317085
-0.076947
0.132953
0.059124
-0.149024
-0.172972
-0.100547
0.154697
0.106175
0.047087
0.248501
0.000461
0.027311
-0.079862
0.013969
0.158783
-0.071831
-0.133268
-0.254455
-0.083811
0.148408
-0.052385
0.028504
-0.077628
-0.167563
0.342239
0.148266
-0.056189
0.025570
0.175524
-0.338528
0.074616
0.267112
-0.035251
-0.140297
-0.018671
0.090682
0.057630
-0.099870
-0.099441
0.092035
-0.250003
-0.151794
0.035710
-0.247330
0.232923
0.040178
0.039167
-0.150886
0.111449
0.085969
-0.059262
0.073719
0.016012
0.093596
-0.040512
-0.011586
0.174976
-0.141147
-0.080239
-0.051227
0.157273
0.108242
0.005524
-0.077204
-0.027322
0.093797
0.142445
-0.233655
-0.041308
-0.020048
-0.088319
0.123190
0.013409
-0.166298
-0.312988
-0.055697
-0.047464
-0.227257
0.080530
0.085544
0.211507
0.058096
-0.035067
0.002190
0.085612
-0.062386
-0.244958
-0.177437
0.141735
-0.047872
-0.033340
0.159481
-0.073397
-0.114449
0.148391
0.143217
0.051286
0.231665
0.115817
0.337571
-0.392071
-0.047730
0.105205
0.055403
-0.040266
0.285808
-0.165101
0.206353
-0.006944
-0.044952
-0.130524
-0.158950
-0.081249
0.097145
-0.050892
0.215532
-0.017305
0.015202
-0.129619
0.010280
-0.257604
-0.154229
-0.223428
0.102697
0.045465
0.129856
0.083816
-0.086253
0.012776
0.420106
-0.157849
-0.017149
0.075804
-0.085179
0.045381
0.001165
-0.001749
0.372128
-0.087929
0.150542
0.092441
-0.144862
-0.232464
-0.233064
0.045093
-0.100395
-0.194636
-0.165373
0.072055
-0.007201
-0.049398
0.051479
-0.174246
-0.079411
0.274365
0.284921
0.006451
-0.122901
0.173097
-0.164768
0.188483
0.018312
0.080369
0.209012
0.208208
0.101449
0.167597
0.231012
0.071381
0.119177
0.149684
0.454520
-0.133630
-0.186213
-0.174566
0.440716
0.143344
-0.291859
0.110682
-0.291599
0.037711
-0.032478
-0.164416
-0.057231
-0.055528
0.537196
0.072513
-0.281415
0.031685
-0.093638
-0.227432
0.071243
-0.287653
0.199742
0.015790
-0.093948
-0.047783
0.076967
-0.057598
0.112935
-0.002123
-0.038385
0.190008
0.092940
0.080632
0.242418
0.072136
0.123132
0.156078
0.164824
-0.080662
0.117068
-0.106580
0.380866
0.218807
0.095434
-0.155274
0.106494
0.115467
-0.046119
0.090626
0.081400
0.084447
-0.268640
-0.172279
-0.376199
-0.083937
-0.271287
0.032291
-0.095184
-0.356288
-0.173088
-0.040417
-0.084737
-0.234617
-0.125181
-0.006479
-0.139832
-0.648796
-0.435801
-0.063939
-0.318813
-0.164029
-0.215176
-0.011989
0.026859
0.048681
0.010221
0.154962
0.171049
-0.008073
0.184719
0.092544
0.142512
0.151536
0.352616
0.126769
0.336049
0.092485
0.260258
0.331234
0.389957
0.333882
0.408452
0.209421
0.354155
0.621093
0.321176
0.167020
0.001537
0.279767
0.149448
0.037585
0.036517
-0.335252
-0.198102
0.041148
-0.247006
-0.007327
-0.421658
-0.215346
-0.184178
-0.302713
-0.448148
-0.367749
-0.386277
0.111041
-0.097638
-0.154872
-0.414944
-0.058642
-0.316548
-0.096345
-0.228547
0.055916
-0.223403
-0.020425
0.115753
-0.061667
-0.002027
0.111252
0.038139
0.381306
-0.068633
0.143424
0.166699
-0.079935
0.179836
-0.075327
0.244868
0.009917
0.206179
-0.041802
-0.007732
-0.170983
-0.359503
-0.208976
0.138340
-0.207386
-0.040518
0.094201
-0.027755
0.041001
-0.094666
-0.321315
0.385994
-0.042750
-0.108165
0.029482
-0.092237
0.036199
0.002446
-0.097113
0.432626
0.039274
-0.191633
-0.089582
0.052372
0.221509
0.044548
0.007880
-0.058475
-0.051047
-0.222479
0.222278
0.252697
0.222745
-0.014450
0.020592
0.137615
-0.227235
-0.019781
0.012520
-0.037782
-0.035223
-0.317369
-0.060259
0.064296
0.245370
-0.192928
-0.043537
0.123051
0.032088
-0.178449
-0.064067
0.019595
-0.039606
-0.069869
0.047848
0.051319
0.036867
-0.225724
-0.069972
-0.017104
0.221243
-0.297209
-0.049275
0.236650
-0.063466
-0.139482
-0.159632
-0.046963
0.025654
0.212169
-0.139889
0.225179
-0.056353
-0.068545
-0.089004
0.289811
0.076351
0.088974
0.413110
-0.207982
0.161265
-0.044144
-0.214382
0.208416
-0.066888
0.171299
0.005349
0.133944
0.142700
0.201070
0.166826
0.263301
-0.169694
0.255638
-0.215294
-0.038079
0.087762
-0.298233
-0.189341
-0.045902
-0.219886
-0.302294
-0.214344
-0.181196
-0.101242
-0.153642
0.290701
0.072687
-0.144293
-0.093559
0.168286
0.420128
0.420226
-0.063236
-0.199288
0.151738
0.077727
-0.032144
0.289672
0.258917
0.197049
0.159690
-0.226135
-0.223243
-0.361836
-0.007635
-0.142785
0.162052
-0.140528
0.022101
0.107784
0.027029
-0.105649
0.133242
0.107168
0.153526
-0.270128
0.156668
0.194643
0.059575
0.103292
0.438687
0.229393
-0.069524
0.127099
0.075578
-0.010518
0.361545
-0.237565
-0.078386
-0.016909
-0.058314
0.054970
0.024236
0.222285
0.024306
0.017611
-0.047372
0.119481
-0.109404
-0.218072
-0.052916
-0.048392
-0.094704
0.115356
-0.124699
-0.193065
-0.028500
-0.041969
-0.301357
-0.184008
0.256415
-0.340664
0.043252
-0.236600
0.250588
-0.029239
0.079462
0.062060
-0.127479
0.177934
0.053829
0.204024
-0.197266
0.109133
-0.109104
0.195550
0.220640
0.232966
-0.152523
0.212400
0.033107
-0.408545
-0.127318
-0.216416
0.076770
-0.057822
0.084920
-0.064933
-0.296901
0.306558
-0.133488
-0.418047
-0.458351
0.143791
0.145998
0.209805
0.232665
0.173570
0.086269
0.015068
0.204792
0.084051
-0.119908
-0.015402
-0.281814
0.471723
0.033619
0.078632
-0.185277
-0.080688
0.142594
-0.173355
-0.126911
0.280496
-0.075350
0.081601
0.088537
0.115844
0.010426
-0.171098
-0.231273
0.182894
-0.187463
-0.078324
0.193033
0.029556
0.229362
-0.297524
-0.159923
0.215372
0.000420
-0.251142
-0.046692
-0.069802
0.024237
0.332066
-0.468452
-0.050045
0.174950
-0.064796
0.186258
0.150646
-0.152623
-0.044723
-0.097588
-0.115052
0.105676
0.112646
-0.120661
-0.312842
-0.278269
-0.036906
-0.003523
-0.022572
-0.196929
-0.111321
-0.122475
0.059970
-0.118028
0.173016
0.262445
0.098513
-0.039164
-0.100147
0.162266
0.137505
-0.504508
0.035123
-0.167233
0.109542
0.034948
-0.218181
-0.156461
0.025644
-0.082234
0.144740
-0.040895
-0.164030
-0.278954
-0.136812
0.115753
0.110570
0.021866
0.137592
0.065267
0.106616
-0.118341
0.339545
0.104265
-0.165714
-0.089302
0.199524
0.297721
0.020488
-0.040778
0.289245
-0.001336
0.049811
0.121221
0.181957
0.041494
0.123169
0.386306
0.282594
0.059768
0.115358
0.044389
0.093300
-0.199266
-0.297591
-0.101329
-0.017956
0.206337
-0.167172
0.061212
0.068383
-0.200233
-0.072364
-0.166171
-0.066259
-0.160976
-0.136007
-0.056057
0.123526
0.029770
0.019909
0.042605
-0.354043
-0.282930
0.162069
0.004366
0.002601
-0.146428
-0.061453
0.011471
0.300413
-0.130228
-0.218698
0.311906
0.274418
0.330378
-0.002369
0.205902
0.214852
-0.005758
0.086497
-0.111392
0.034641
-0.154634
0.090428
-0.046259
-0.082950
-0.155069
0.091000
0.158106
0.084236
0.050193
-0.100488
0.044210
-0.336865
-0.382164
0.036266
0.102342
0.032565
-0.090189
0.294893
0.010988
-0.029643
-0.115132
-0.013007
-0.023563
-0.141521
0.107670
-0.080657
0.097163
0.215255
-0.157866
-0.425879
-0.014491
0.004331
0.024350
-0.286979
-0.140250
0.255667
0.127553
-0.380953
0.147591
0.054696
-0.020289
-0.095135
-0.104411
-0.079146
-0.042023
0.086025
0.076518
0.210739
-0.310607
0.313975
0.064239
-0.041211
0.216121
0.128235
-0.164418
0.059261
-0.086581
-0.045125
0.299767
-0.225206
0.118301
-0.167007
-0.215789
-0.274082
-0.077910
0.068627
0.053193
0.117208
0.322390
0.146991
0.009605
0.220186
0.141675
-0.219863
0.064632
-0.058196
-0.108264
0.021123
-0.002755
0.016760
-0.102434
0.028927
-0.308605
-0.037941
-0.045491
-0.094821
0.239429
0.086192
0.236401
-0.000772
0.119352
-0.181584
-0.116432
0.254681
0.161173
-0.172375
-0.207554
-0.138292
0.219677
-0.036451
-0.144456
0.006371
0.102004
-0.043109
-0.197237
-0.019397
-0.061687
0.042863
0.072004
0.065645
-0.077239
-0.043968
0.066726
-0.251588
-0.123003
-0.055872
-0.226061
0.240417
-0.092718
-0.182992
-0.014406
0.069564
0.170187
-0.100373
0.023443
-0.237412
-0.061557
0.239071
-0.114680
-0.213701
-0.087692
0.249346
0.317792
-0.125517
-0.143392
-0.164852
-0.172457
0.054572
-0.026175
-0.001972
-0.118456
-0.177755
-0.032059
-0.293285
0.037657
0.006586
0.019852
-0.184290
-0.074108
-0.006043
-0.139777
-0.101736
0.099030
-0.123057
-0.368335
0.076021
-0.134446
0.037010
0.151067
0.085218
-0.027324
-0.182543
-0.172116
0.037506
0.236565
0.177788
0.020205
-0.101088
-0.089965
0.031846
0.149258
-0.054683
-0.095718
0.189748
0.072760
0.094883
0.234005
-0.063806
0.341481
0.134510
-0.036195
-0.281577
0.275247
-0.080881
0.191880
-0.121620
0.311187
-0.247870
-0.061754
0.055620
-0.162907
0.363235
0.391876
-0.245818
0.072628
0.075570
-0.009684
-0.192728
-0.024582
0.479254
-0.075945
0.238446
-0.079519
-0.075899
-0.056536
0.193193
0.099799
-0.017254
0.022596
0.013475
0.177124
0.085001
0.064728
-0.199827
-0.133173
-0.020262
0.031006
0.189588
0.109472
-0.109180
-0.248711
0.078790
0.197892
-0.042980
-0.026548
0.154661
0.123874
-0.246721
-0.025041
0.102590
0.235112
0.121116
0.059544
-0.174313
0.229948
-0.037469
-0.121234
0.086214
-0.000484
0.058178
0.264349
0.170584
0.081433
0.022577
-0.215425
-0.083250
0.066146
-0.156030
0.218012
-0.270403
-0.244309
0.174390
0.332078
-0.157551
0.058449
0.020505
-0.105841
0.097567
0.003817
0.194394
-0.038555
0.152041
-0.143825
-0.055636
-0.152154
-0.052146
-0.098343
-0.186975
-0.093809
0.035665
0.333708
0.059544
0.036786
-0.044661
-0.194181
-0.250753
0.126829
-0.042954
-0.060766
-0.222997
-0.047537
0.094228
0.009743
-0.049930
-0.094033
0.233717
0.064537
-0.072097
-0.086298
0.301462
-0.288469
-0.063017
-0.095127
-0.226316
-0.071927
0.083787
0.036692
0.169209
-0.045237
0.169650
-0.053766
-0.256292
-0.032536
0.148012
0.071426
0.053827
0.146595
-0.086029
-0.323128
-0.121858
-0.029842
0.091021
-0.201958
-0.058828
-0.005011
0.108414
-0.226028
-0.181347
0.525548
-0.048133
-0.042784
0.144346
-0.281793
-0.058032
0.148934
0.156392
0.114762
0.309485
0.193306
0.073810
-0.126794
-0.203520
-0.133022
0.269678
-0.143321
0.043624
0.126412
-0.197648
-0.031753
-0.122923
-0.049254
-0.108117
-0.248665
-0.019432
0.155810
-0.172218
0.211413
0.150434
-0.090521
-0.111850
0.010295
0.019012
0.345613
0.033347
-0.097371
0.050609
-0.185538
-0.076200
-0.017574
-0.164654
-0.000604
-0.043780
-0.034379
-0.171861
-0.218104
-0.241101
0.083699
-0.238151
-0.066713
-0.192185
0.154950
-0.027464
-0.322985
-0.380166
0.209708
-0.099536
-0.185835
0.063897
-0.071192
-0.063009
-0.326568
-0.209129
-0.086359
-0.008580
0.099555
0.121797
0.373054
-0.082907
0.368540
0.040072
0.048073
0.054989
0.041674
-0.118755
0.153579
0.067737
0.136786
-0.198716
-0.081480
-0.130807
-0.108179
-0.048301
-0.168643
-0.232759
-0.014990
-0.084953
-0.214616
-0.108584
0.028464
-0.098529
-0.077287
-0.041174
-0.108702
0.029879
-0.129492
-0.014245
-0.002017
0.094762
-0.030262
-0.112315
-0.027881
0.216070
-0.074485
0.165554
0.164541
-0.145808
-0.059324
-0.305174
0.004228
-0.172244
-0.012499
0.119754
-0.180947
0.150979
0.051997
0.252456
-0.022110
-0.139051
0.232129
-0.313435
0.201710
0.193453
-0.014308
-0.086585
-0.030095
-0.068744
-0.155786
0.010318
0.069488
-0.014971
-0.101768
-0.011804
-0.195107
0.166012
0.083199
-0.003353
0.056537
-0.072604
-0.055111
-0.042210
0.058958
0.007711
-0.086880
0.006270
0.199767
0.031155
0.064158
-0.041446
0.086347
0.031126
0.011727
0.006372
-0.039632
0.177383
-0.076297
0.004104
-0.010168
0.161661
-0.195789
0.121738
0.201267
-0.013549
-0.137107
-0.019076
0.197986
0.207324
-0.064247
0.446882
0.083182
-0.107441
0.290474
0.132953
0.009568
-0.033405
-0.334773
0.204132
-0.208663
-0.081699
-0.181135
0.082793
0.107201
-0.029172
0.074836
-0.138269
0.126228
0.059913
0.067458
-0.102407
0.172588
-0.138342
-0.004193
0.239091
-0.171817
0.020882
0.040269
-0.071108
-0.217576
0.068251
-0.061304
-0.008513
-0.013092
-0.030080
0.058324
0.034300
-0.227509
-0.171248
0.189088
0.062674
-0.071204
-0.029265
0.016714
0.262356
0.062725
-0.248499
0.152152
-0.144037
0.110715
-0.105359
0.072441
0.127314
0.368020
0.037019
0.219322
-0.078153
-0.108266
-0.068144
-0.212188
-0.144087
0.006131
0.162810
0.143957
-0.005688
-0.518875
0.076374
-0.228043
0.232544
-0.241270
0.044607
-0.160236
-0.121458
0.022047
-0.012643
0.187544
-0.117498
-0.025552
-0.071431
-0.321183
-0.135804
0.017517
0.030598
0.018013
0.022641
-0.145111
-0.148337
-0.078696
0.003029
0.022397
-0.004846
0.032847
-0.007050
-0.154909
-0.234423
0.022872
-0.260376
0.178624
0.050607
-0.334555
0.006041
0.288733
0.129210
-0.299365
0.104385
0.307664
-0.050896
0.026764
-0.082558
0.137042
0.125246
-0.221602
-0.196304
0.010697
0.070106
0.003306
-0.164925
-0.111594
-0.236728
0.293907
0.076723
-0.049332
-0.175067
-0.185797
0.059252
-0.243844
0.059536
-0.021813
-0.298455
-0.156993
-0.129229
0.028108
-0.114438
0.107578
0.155067
-0.057224
-0.087832
0.035484
0.166481
-0.240177
-0.191720
-0.107743
0.155458
-0.014106
-0.124725
0.088183
-0.063665
0.223449
0.034231
-0.182743
-0.090229
-0.171728
0.306695
-0.087503
0.162750
-0.147334
0.031931
0.025398
0.029226
0.065498
0.074551
-0.039861
0.109031
0.281041
0.020184
0.035411
-0.035049
0.006777
0.060679
-0.244819
-0.301881
-0.126093
-0.107775
-0.109285
-0.102193
-0.123393
-0.145857
-0.069098
0.049848
-0.140401
0.068319
0.016771
0.056184
-0.136071
0.104674
-0.116785
0.035430
-0.028104
0.059172
-0.007803
0.124849
0.278228
0.035265
0.046733
0.199196
-0.068589
-0.076970
-0.166925
0.046631
-0.138797
0.004280
0.017230
0.079956
-0.120635
-0.100801
0.260141
0.039370
0.072663
-0.085359
-0.122446
-0.208569
-0.002518
0.293160
-0.084379
0.193942
-0.003750
0.104661
0.121530
0.109831
0.024625
-0.126977
0.147941
0.137599
-0.020890
0.159392
-0.047603
0.061835
0.392177
0.065016
-0.003390
-0.120530
-0.556091
0.135604
-0.274707
-0.234834
0.105285
-0.287828
-0.237675
-0.053836
-0.063565
-0.104857
-0.100187
-0.098622
-0.170662
-0.033523
-0.007346
0.023957
0.060722
0.063479
-0.397597
-0.129641
0.145593
-0.112743
0.091983
-0.033764
-0.141446
-0.030912
0.243191
0.070006
0.009255
0.045799
-0.015752
-0.089972
0.186088
0.105640
0.113795
0.132167
0.088330
0.037516
0.109828
-0.092055
0.000390
0.144216
0.110297
0.081345
0.282657
-0.115395
0.135534
-0.016746
0.108587
0.267773
-0.297511
0.147062
0.220127
-0.036288
0.063332
0.503777
-0.008727
-0.038880
0.172207
-0.164027
0.071866
-0.354337
0.122047
-0.098984
-0.033419
-0.209445
-0.079865
-0.250871
-0.384507
0.047995
-0.038461
-0.016775
-0.004412
0.006069
0.086590
-0.094499
-0.160056
-0.061066
0.093462
-0.364357
0.062439
-0.006557
-0.062200
-0.026101
0.000132
-0.052681
0.094574
-0.270904
0.125053
0.158099
-0.208453
0.072763
-0.028920
0.025472
0.033216
0.178790
-0.174812
-0.134909
-0.198842
0.081657
-0.102923
-0.169413
0.274837
0.290545
-0.301729
0.033283
0.102607
0.251773
0.085359
-0.123918
0.136729
0.121450
0.378664
0.080761
-0.182513
-0.206177
0.018919
-0.084227
-0.080612
0.002174
0.114472
0.113704
-0.003490
-0.151045
-0.217380
0.216269
0.130274
0.102772
-0.094527
-0.023840
0.198374
-0.158424
-0.095207
0.140059
-0.120983
0.138992
-0.068846
-0.030118
0.255407
0.010941
-0.212463
0.070382
-0.065051
0.143853
-0.052081
0.090378
-0.072136
-0.148394
0.123583
-0.026221
-0.185869
-0.155885
-0.026890
-0.262259
-0.153516
-0.267224
-0.037091
0.116491
-0.072768
0.065260
0.177887
0.053022
0.156667
-0.017565
0.005603
0.008530
0.058932
0.286884
0.107652
-0.182044
0.073470
0.064827
0.069141
0.042092
-0.025885
-0.100388
0.139832
0.130308
0.288237
-0.149324
-0.130155
0.100503
-0.029830
0.075745
-0.072817
0.185125
0.193842
0.135413
0.155896
0.065600
-0.171509
-0.209975
0.023773
0.217067
0.109403
0.074091
0.057565
0.106985
-0.108810
0.130088
-0.039305
-0.177246
0.083992
-0.123188
0.079435
0.086117
-0.087887
0.053967
0.414157
-0.047225
0.011157
0.088685
0.253406
0.245655
0.124216
0.124009
0.026849
0.128835
0.033153
0.118801
-0.031301
-0.210843
-0.123025
0.291760
0.008443
-0.172249
-0.373139
0.071746
0.368604
-0.242289
-0.142446
-0.011371
-0.004191
0.020163
-0.152898
-0.215287
0.004418
0.132377
0.060639
0.241638
0.061015
-0.130709
0.094384
0.043547
0.160557
0.124552
-0.086918
-0.124848
-0.035667
0.028079
-0.242003
-0.108184
-0.189691
0.291231
-0.067531
0.057713
0.130198
-0.262239
0.262132
-0.035851
0.065101
-0.080397
-0.084164
0.316892
-0.149168
-0.022977
-0.028813
-0.095430
0.155958
-0.146765
0.090860
-0.319421
-0.020643
0.094462
0.370612
-0.098881
0.209505
-0.000490
0.176291
0.220711
-0.049172
-0.311103
-0.250708
0.130277
-0.052074
0.171041
0.015885
0.002294
0.036288
-0.372343
-0.042845
-0.045684
-0.235946
-0.016070
-0.022588
0.127790
0.067245
-0.134461
-0.173065
0.343939
-0.125390
0.112408
-0.132269
0.052403
0.289141
0.186753
0.067852
-0.031529
0.165969
-0.130471
-0.018137
0.026423
-0.358751
0.072075
0.095873
-0.023782
0.085239
-0.098370
-0.266035
0.119673
0.069000
-0.260318
-0.110399
0.189347
-0.306928
-0.162989
-0.028456
-0.128162
-0.087014
0.019458
-0.136133
0.006281
0.039121
-0.109964
0.110047
0.176153
0.261241
0.009786
0.002544
-0.121812
-0.166900
0.009165
-0.010945
-0.027185
0.040845
-0.235227
0.130031
-0.024159
0.001686
0.119942
-0.473780
0.149534
-0.091032
-0.062037
-0.054282
-0.104301
-0.109390
-0.122397
-0.330695
-0.062986
0.047724
-0.075895
0.116453
-0.124498
0.128687
0.078484
-0.148713
-0.247583
-0.058517
0.058982
0.163090
-0.174238
0.234894
0.012018
-0.080547
0.002527
0.064054
-0.071939
0.023287
0.232813
-0.007412
0.005014
0.043143
-0.231640
-0.173895
0.075473
-0.072436
-0.156607
-0.053695
0.071812
0.012995
0.048561
0.072031
0.043139
-0.277383
-0.259718
0.225003
-0.087811
0.121792
-0.010248
0.090613
-0.021882
-0.118663
-0.224144
0.297991
-0.101159
-0.149131
0.100412
0.094232
-0.183712
-0.266043
-0.184247
0.049798
-0.076401
0.109056
-0.256927
0.114777
-0.059924
0.128306
-0.145311
0.475819
0.245693
0.098311
0.167000
0.306429
0.182157
-0.033293
0.121625
-0.285707
0.026000
0.149317
-0.127512
-0.148643
-0.044544
0.241702
-0.064061
0.157416
0.141572
-0.169197
-0.112236
0.092313
-0.189155
0.071573
0.040455
0.038820
-0.058687
0.084860
0.054789
-0.061475
0.097502
0.067535
-0.141937
0.123311
0.002709
-0.008086
-0.092530
0.025960
-0.132616
0.014626
-0.183909
-0.063629
0.215531
-0.147529
0.493303
0.293178
-0.184313
-0.281770
-0.097222
0.184153
0.226947
0.073875
-0.239537
-0.067727
-0.030026
0.036044
-0.094550
0.321281
-0.132999
0.062859
0.012188
0.231271
0.034873
0.153012
0.073668
0.135866
-0.142503
-0.060713
0.090938
-0.183663
-0.027881
0.440155
-0.024948
0.189106
0.144137
-0.019970
-0.019258
-0.056131
0.236978
-0.069784
0.076720
0.174560
-0.124104
0.293065
0.159537
0.121837
0.209746
0.067786
0.145487
-0.209895
-0.214630
-0.085139
0.089530
0.050237
-0.024486
-0.089917
0.093797
-0.006643
-0.052309
0.350430
-0.064749
0.097071
0.062784
-0.184362
0.231228
-0.040382
0.355517
-0.070896
0.093278
0.353167
-0.054462
-0.157053
0.023433
0.104894
-0.013947
-0.182928
0.265732
-0.001273
0.022325
0.202390
-0.031088
0.145728
-0.112760
-0.067237
-0.187763
0.039287
0.033969
0.097690
-0.078690
0.296178
-0.052147
0.039646
0.020966
0.350333
-0.149661
-0.029566
0.056933
0.180672
0.101266
0.014089
-0.273853
-0.055988
0.191409
0.070017
0.025508
0.084267
-0.139891
0.129340
-0.072059
0.243506
-0.038520
-0.133175
-0.121778
0.309048
-0.136322
0.133012
0.177099
-0.059398
0.025120
-0.046293
-0.069305
0.263452
-0.034047
0.173793
0.330452
-0.192579
-0.226224
-0.258957
-0.179008
0.168787
0.119137
-0.264620
0.114068
0.198491
-0.069694
-0.181814
-0.062018
0.106939
0.089197
-0.110938
0.306669
0.101125
-0.078923
0.156225
-0.067399
0.039004
-0.110029
-0.000521
-0.065646
0.002260
0.199403
-0.082087
0.014706
-0.181546
0.060058
-0.161929
0.293641
-0.280272
0.115104
0.067312
-0.068269
0.099718
-0.165732
-0.163699
0.056823
0.086907
0.153393
0.117212
0.232596
-0.293741
0.304323
-0.287139
0.050336
0.000416
0.061887
-0.241803
0.247955
-0.038649
0.253078
0.179830
-0.173264
-0.035681
0.010578
-0.101193
0.142967
-0.382814
-0.230375
-0.066096
-0.020861
0.053462
0.217629
-0.051553
0.100959
0.109353
0.024559
0.183489
-0.025382
0.087958
0.166266
-0.098323
0.007834
0.102172
-0.118526
-0.050681
-0.135488
0.079094
0.017465
0.134994
-0.162752
0.245479
0.026419
-0.062417
0.139507
0.024977
0.207324
-0.123142
-0.178627
0.324438
0.057087
0.087036
0.197471
-0.171112
0.087062
0.259142
0.005202
-0.145853
-0.182522
0.027904
0.076275
-0.015769
0.055301
0.043229
-0.062326
-0.106126
0.301372
-0.074806
-0.130114
-0.178068
-0.098578
-0.091136
-0.161066
0.042893
-0.162626
0.050722
-0.034032
-0.086385
-0.120422
-0.130749
0.003916
0.133232
0.189342
-0.121901
0.101879
-0.002701
-0.188391
0.166367
0.043847
-0.003199
-0.083955
0.041850
-0.283535
-0.023905
-0.207008
-0.166026
-0.347835
-0.117541
0.111171
0.055972
0.083554
-0.030470
-0.065566
0.057637
-0.309615
0.103287
0.013340
-0.438503
-0.109174
-0.266133
-0.052171
-0.107729
-0.044352
-0.110098
0.017511
-0.257776
-0.296813
0.162635
-0.027557
0.070222
-0.062136
0.043880
0.023761
-0.120760
0.137622
-0.024090
-0.004761
-0.030604
-0.058650
-0.170895
-0.007983
0.017821
-0.051566
0.020762
-0.041449
-0.078055
0.088890
0.155449
-0.255143
-0.086439
-0.048030
0.145089
-0.011450
-0.122987
-0.033568
-0.103935
0.037578
-0.079286
0.065175
0.062926
-0.161831
-0.020601
0.029461
0.101849
0.032436
-0.057465
0.179449
0.244628
0.135410
-0.029620
-0.084328
0.006422
0.389036
-0.000413
-0.570287
0.000810
0.197936
0.115782
-0.004259
-0.037474
-0.280910
-0.054289
-0.046475
0.160708
-0.056522
-0.148708
-0.096464
-0.142027
-0.220565
-0.006101
-0.108957
-0.078131
0.494753
0.007073
-0.088701
-0.155462
0.179557
0.187678
0.009463
-0.021348
0.204917
-0.243364
-0.181304
-0.047848
