0.273200
0.058789
0.078095
-0.092224
-0.154824
-0.148314
-0.277193
-0.222425
-0.103941
-0.086452
-0.143943
0.134300
0.280283
0.115266
0.031466
0.011508
0.138711
0.018021
-0.047053
0.208473
0.175126
-0.066357
0.061913
0.086608
-0.194839
0.087348
0.186952
0.096368
0.117133
0.043464
-0.015342
-0.033940
-0.072982
-0.062083
0.086397
-0.018882
-0.226542
-0.129578
0.012264
-0.111590
0.094541
-0.274147
-0.105168
-0.002876
0.126497
-0.167156
-0.087314
-0.021909
-0.009116
-0.096409
-0.063730
-0.097395
0.070777
-0.259692
-0.026422
0.063593
0.079875
0.107381
-0.102746
-0.009133
0.037777
-0.054021
-0.283184
0.109285
0.098036
-0.052595
0.070342
-0.033886
-0.080881
-0.174220
-0.012993
0.035040
-0.256181
-0.190281
-0.080018
-0.085433
0.191325
-0.046525
0.096544
-0.220520
-0.121644
0.115523
-0.179278
0.072681
-0.209046
0.017282
0.059914
-0.204977
-0.206224
-0.261590
0.104680
-0.083768
0.086678
-0.034796
-0.037207
0.054303
0.009202
-0.148084
0.041446
0.160486
-0.015265
-0.352486
0.114095
-0.039956
0.196367
-0.009072
-0.249453
-0.120953
0.087515
-0.034790
-0.261556
-0.101882
0.081633
-0.146611
0.067710
-0.198859
-0.098144
-0.166567
-0.042804
-0.156550
-0.144407
0.098895
-0.017193
0.116483
-0.253408
0.023240
-0.186526
0.047964
-0.220555
-0.314485
-0.102197
-0.123499
-0.183482
0.290646
0.135392
0.320214
0.159483
0.062422
-0.082386
0.282498
0.243458
-0.210506
0.119627
0.230625
-0.037503
-0.043817
0.387518
-0.229158
-0.091236
0.159198
-0.060458
0.075350
0.032569
-0.032413
-0.182363
-0.032396
-0.156083
0.162091
0.266684
0.112893
0.066284
0.048418
0.032951
0.101784
0.060005
-0.102292
-0.142452
0.001069
0.173316
0.035342
-0.212457
0.129528
0.090172
0.041441
0.029332
-0.152017
0.022759
0.155639
0.117382
0.087501
-0.120562
0.307010
0.023331
0.201499
0.011475
0.197951
-0.039812
-0.074309
-0.037796
-0.105775
0.038824
0.140582
-0.079008
0.077364
0.123169
-0.085113
0.340387
-0.101439
-0.060769
0.079339
-0.261215
-0.330454
-0.170479
0.090201
-0.033133
0.158643
-0.039010
-0.234436
-0.260706
0.068353
0.080766
0.154545
-0.203031
-0.274887
0.014864
-0.077599
-0.096512
-0.160819
-0.223416
-0.048863
-0.084980
-0.134523
-0.131066
0.026877
0.041212
-0.063976
0.187673
0.216727
0.101139
-0.079485
0.170014
-0.130896
-0.058041
0.036593
0.104495
0.367209
0.040651
-0.049966
0.079158
0.124896
0.144528
-0.042112
0.077412
-0.096231
-0.068317
0.020341
-0.021475
-0.163103
0.109015
0.109600
-0.203577
-0.005498
-0.238015
0.072293
0.041374
-0.206624
0.182139
-0.156835
-0.033499
0.112126
0.024008
-0.185545
-0.085267
-0.221401
0.148491
0.192869
0.145624
0.183970
-0.098756
-0.054389
0.025043
-0.048218
0.202619
-0.043798
-0.055109
-0.068423
-0.052926
-0.017944
-0.112636
-0.232260
0.049588
0.163087
0.137457
0.136736
0.061324
-0.188258
-0.092108
0.015166
0.121906
0.042672
-0.065774
-0.244995
0.015847
-0.396154
-0.187831
-0.160662
-0.109514
-0.115034
-0.243426
-0.124513
0.104591
-0.079871
-0.038642
-0.182129
-0.243841
0.057934
0.017767
0.069267
-0.032545
-0.102602
0.349511
0.016464
0.162753
0.099510
-0.069788
0.172894
0.078246
-0.096424
-0.130299
-0.015490
-0.094657
-0.206509
0.025207
-0.043330
0.161119
-0.158788
0.146470
0.142626
0.161888
0.018489
0.126836
-0.024970
-0.473479
0.146410
-0.008615
-0.154702
-0.037198
-0.214273
0.128459
-0.101719
0.019364
-0.043217
-0.134311
-0.328079
0.092407
-0.167231
-0.030326
0.077467
-0.044663
0.058102
-0.156010
-0.113367
0.340873
0.219008
-0.050364
0.168186
0.213373
-0.131778
-0.111730
0.245935
-0.142175
0.078067
-0.148993
-0.144799
-0.016056
0.099827
-0.207058
-0.089512
-0.098779
0.218855
-0.225005
0.038374
0.177675
0.038350
0.180947
0.147981
-0.078403
0.019632
0.247682
0.092313
-0.134908
0.084316
0.048587
-0.129991
-0.219409
0.084889
0.295118
-0.259358
0.206593
-0.220975
0.071952
0.061960
-0.162072
0.105414
-0.145925
-0.104693
-0.208558
-0.015710
-0.033794
-0.136089
0.084908
0.014650
-0.071440
0.116575
-0.079257
0.113078
0.056819
0.093192
-0.037623
-0.061395
-0.137865
-0.384527
0.092810
-0.152402
-0.026255
-0.120502
-0.096191
-0.001306
0.105240
0.091184
0.072066
0.133604
0.123561
0.223811
0.053355
-0.170023
0.129141
0.090788
0.134683
0.094408
-0.045076
0.144698
-0.023817
-0.032970
-0.007814
-0.064598
0.183073
0.173711
-0.034564
0.033888
-0.066596
0.018895
0.014745
-0.101398
-0.047242
-0.307083
0.073760
0.145105
0.100206
0.158031
0.182920
-0.060382
0.155624
-0.040654
0.009111
0.120559
-0.173664
-0.023008
-0.103069
0.146611
0.096433
0.007935
-0.068077
-0.065794
-0.019353
0.216211
-0.164404
-0.065525
0.120404
0.038544
0.021202
-0.124909
-0.179262
0.164147
-0.372013
0.368152
0.138159
0.116356
-0.111605
0.023623
-0.054038
0.024231
0.089356
0.072130
-0.091953
-0.174912
0.291764
-0.025137
-0.079799
-0.248751
-0.207443
0.064970
0.064013
0.079435
-0.346380
-0.208089
-0.121900
-0.056930
0.025149
0.100115
0.010330
-0.194696
0.041360
0.003228
0.085045
0.061336
0.099866
-0.150706
-0.044465
0.238301
-0.228255
-0.051384
0.036471
-0.101026
-0.031291
0.013731
-0.106103
-0.105137
0.068218
0.179082
0.091989
-0.119162
-0.208227
0.273983
0.000296
0.082776
0.051484
-0.173869
-0.032199
0.055586
-0.106797
-0.108948
-0.167457
-0.032528
-0.031207
0.013165
-0.008995
-0.039616
-0.114201
0.051800
-0.172060
-0.091124
0.002527
-0.027686
-0.065279
0.012887
-0.204251
-0.123951
-0.030985
0.065082
0.147520
-0.230011
0.115794
0.048541
0.071246
0.215627
0.089484
0.116805
-0.089120
0.076432
0.309755
0.181877
0.151051
0.205718
0.111751
-0.131592
0.168705
0.086120
0.118254
0.026332
0.181779
0.078537
0.078889
-0.151506
-0.156596
0.227416
-0.029825
-0.170834
0.199079
-0.188302
0.123892
0.059051
0.012466
-0.242809
-0.281707
-0.116851
-0.271557
-0.068945
-0.090536
0.039145
0.120572
0.117178
-0.118073
-0.150921
-0.162211
0.293302
0.153330
-0.111662
-0.180957
-0.332553
-0.030340
0.178328
-0.072404
0.153205
0.048704
-0.218155
0.145223
-0.060364
-0.055483
-0.174519
-0.146203
0.016399
0.131654
0.168521
0.120345
-0.083018
0.129107
-0.108727
0.017774
-0.116763
-0.146082
-0.033770
-0.112132
-0.081123
0.121231
-0.028552
-0.036306
0.043868
-0.106793
-0.129575
0.079712
0.174417
0.213464
-0.009342
-0.123600
-0.002088
-0.088621
-0.129302
-0.223137
0.216317
0.034533
0.024311
-0.167081
0.000556
0.158541
0.131601
0.030530
0.039123
-0.094645
-0.020501
0.310663
0.019114
0.008710
-0.031044
0.050997
-0.223370
0.131309
-0.194303
-0.058038
-0.298386
-0.261971
-0.016862
-0.259199
0.318928
-0.083641
0.050983
0.084447
-0.232448
0.011330
0.211393
-0.048890
-0.121560
-0.273130
0.216969
-0.237880
0.195492
0.154728
-0.033940
-0.023523
-0.034201
-0.290039
0.041890
-0.061311
-0.003776
0.221616
0.179810
0.086111
0.005041
-0.043195
-0.109511
-0.143394
-0.202745
0.025008
0.128450
0.145774
-0.167757
0.412834
-0.047653
-0.143798
0.175120
-0.346815
0.261272
0.075253
0.016743
0.041567
-0.444891
0.013558
0.157609
-0.132948
-0.027821
-0.018686
-0.050275
-0.201725
0.114679
0.166148
-0.051333
0.170026
-0.249679
0.087210
0.089262
-0.034970
-0.136444
0.220048
-0.052216
-0.159689
0.183560
-0.026442
0.064013
-0.053010
-0.170376
0.077134
0.322717
-0.043055
0.054369
-0.025018
-0.067083
-0.103440
-0.100167
0.071794
-0.010726
0.083978
0.008178
0.172192
-0.220406
-0.025171
-0.158661
-0.084160
-0.134897
0.337693
-0.019834
0.245818
-0.035981
-0.029316
0.162132
0.013905
0.092929
0.110130
0.185272
0.380092
0.276256
-0.163224
-0.408760
0.123337
-0.126524
-0.015460
0.213506
0.048600
-0.021903
-0.289814
-0.275500
-0.090954
-0.206101
0.040384
-0.126967
0.128126
0.218681
0.029887
-0.014266
-0.004019
0.035491
0.096646
-0.018688
-0.020464
-0.086048
-0.326260
0.140333
-0.195287
0.013385
0.156197
0.150916
0.113415
0.136375
-0.135799
0.043318
-0.173009
-0.088298
0.105306
0.051383
-0.134818
0.383007
-0.159003
-0.105887
-0.237998
0.105099
0.091236
0.197471
-0.061487
-0.034527
-0.277310
-0.042482
-0.030942
-0.166003
0.414208
-0.103093
0.101402
-0.169070
0.129219
-0.120326
-0.123168
0.048914
-0.035347
-0.112084
0.056863
-0.071143
0.158027
0.251528
0.038656
0.247138
0.061582
0.042631
0.049116
-0.025819
-0.116526
-0.029524
-0.072213
0.051085
-0.328868
-0.006201
0.063314
-0.101369
0.100059
-0.415618
-0.080935
-0.090135
0.001957
-0.203721
0.075207
0.031289
0.122269
-0.062869
-0.315274
0.152815
-0.006954
-0.082562
-0.090692
-0.040986
-0.060994
-0.148608
-0.089473
-0.152770
0.209270
-0.124158
0.007738
-0.291137
-0.026006
0.165638
0.201956
0.038581
0.222243
-0.033974
0.016692
-0.035747
-0.047974
-0.113425
0.054164
-0.204465
0.053702
0.216397
-0.109145
0.292376
-0.039859
-0.193689
0.270978
-0.087322
0.150640
0.061799
0.352580
-0.124079
-0.108605
-0.118571
0.235165
0.353649
0.077307
0.128505
0.083278
0.020307
-0.148326
-0.076141
0.144886
-0.036123
0.093456
-0.011988
0.130023
-0.044519
0.210365
-0.092081
-0.181807
-0.223222
0.197601
0.004105
0.155818
-0.080956
-0.146471
0.047348
-0.040742
0.070773
-0.087602
-0.029527
0.049595
0.079884
-0.283463
0.227667
0.044657
0.043657
-0.063635
-0.258668
0.078442
-0.107647
-0.078185
-0.015466
-0.034072
0.104205
0.068904
0.315811
0.074406
-0.006149
-0.134850
-0.056349
0.466397
-0.186307
-0.180039
-0.134707
0.051016
-0.036035
-0.240920
0.252165
0.045356
0.033664
-0.013362
-0.103887
-0.196424
0.007553
0.185073
0.188993
0.018108
0.093881
0.013955
0.012991
0.084380
-0.121119
0.163019
-0.110178
-0.220048
0.015140
0.054373
0.117305
0.128122
0.001158
-0.009252
-0.067353
-0.001743
-0.172487
-0.046694
0.145341
-0.245646
0.088048
-0.081834
-0.013283
-0.037027
-0.124852
-0.036916
0.013639
0.293475
0.036661
0.073769
-0.156751
-0.172784
-0.040978
0.096316
-0.087254
0.012624
-0.145041
0.188969
-0.300883
0.116259
0.030545
-0.184653
-0.144602
-0.074257
-0.027570
-0.194190
0.013132
-0.068350
-0.010084
-0.162706
-0.134493
0.182294
0.130214
-0.158711
0.319680
-0.079247
0.056247
0.003375
-0.259139
-0.074276
0.127374
0.143776
0.197165
0.072224
0.055289
0.040087
0.270744
-0.048365
-0.219372
-0.065536
0.044657
-0.032311
0.066338
-0.061016
-0.015779
0.044753
0.193681
-0.296104
0.140837
0.403000
0.086614
0.161863
-0.027100
0.074899
-0.339116
0.125221
-0.071933
0.025097
0.226208
0.124419
0.129077
-0.075764
-0.383274
0.165551
-0.100134
0.163767
-0.027087
0.029562
-0.284513
0.184528
-0.007332
0.221768
-0.003046
-0.190050
-0.210545
0.023045
-0.100544
0.014551
-0.058818
0.134534
-0.098164
0.199698
-0.003819
0.063287
-0.230988
0.071811
0.236015
-0.042139
0.446562
0.101114
0.171112
0.140114
0.048556
-0.097054
-0.104850
-0.163950
-0.141541
0.064231
0.263448
-0.066230
0.055710
0.040574
-0.204863
-0.140117
-0.093826
-0.005096
0.189580
-0.012254
0.176923
-0.122414
-0.075010
0.093288
-0.096387
-0.029789
0.135033
-0.154718
-0.122757
0.141892
0.389853
0.016008
0.090394
-0.097447
-0.116287
-0.066282
-0.058595
0.016100
0.146206
-0.149233
-0.149326
0.131329
0.126590
-0.096261
-0.162122
0.007562
-0.035301
-0.083004
0.116484
-0.182450
0.076002
-0.112268
0.076152
-0.138516
0.020430
-0.007903
-0.011216
-0.120113
-0.090931
0.295255
-0.029362
-0.211822
0.057724
0.042246
0.218460
0.176314
-0.153501
0.014221
0.001016
0.027209
0.194030
0.021917
0.118514
-0.092321
-0.061871
0.026823
-0.056220
-0.096232
-0.259966
-0.009619
0.039421
0.102907
-0.288466
-0.078501
-0.227493
0.107547
0.054281
0.090124
-0.022502
0.209402
-0.138432
0.228352
-0.105229
-0.085779
-0.065302
0.092267
0.007830
-0.159199
-0.217427
0.088560
0.144448
-0.118835
0.076825
0.018435
0.142296
-0.132766
0.060280
-0.177749
-0.145416
-0.129201
0.056817
0.248079
0.193349
-0.101394
0.052362
-0.096944
0.030806
0.222280
-0.028991
-0.072538
-0.047092
0.186220
0.114851
-0.158522
-0.032049
0.128602
-0.237571
0.303061
0.080013
0.129627
0.133842
-0.150808
-0.022639
-0.251429
0.264712
0.001063
0.042457
-0.135194
-0.122678
0.010980
0.117116
-0.002236
-0.036292
-0.137328
0.144369
-0.240923
0.042272
-0.244094
-0.010959
-0.054134
0.006527
-0.151012
0.128139
-0.041702
-0.103374
0.006826
0.059242
0.084374
-0.135854
0.307778
-0.012958
-0.190329
0.158250
-0.016098
0.031091
0.084174
-0.081652
-0.070990
-0.365772
-0.091596
0.125590
0.138325
0.045830
-0.159070
-0.040856
-0.088414
0.266943
-0.077536
-0.192191
-0.223494
0.138531
0.281503
0.075243
0.212703
-0.191240
-0.154106
-0.131083
0.088047
-0.073290
-0.100687
-0.086518
-0.173465
0.069278
0.129848
-0.092975
-0.080850
-0.010651
0.111539
-0.083850
-0.062100
0.038701
-0.042670
-0.108596
0.015215
0.031166
-0.153205
0.003122
0.090469
-0.151417
0.362908
0.027520
0.007783
-0.098848
0.156651
0.039292
-0.031612
0.115417
-0.142431
-0.265368
0.040907
-0.193603
-0.028646
-0.016604
-0.029827
-0.071736
-0.153224
0.141455
-0.147160
0.023527
0.220222
0.153589
0.099122
0.262392
0.069017
0.070556
0.290194
-0.262316
0.008250
0.026013
0.118062
-0.042088
-0.045352
0.158998
0.186701
-0.084797
0.176385
0.149878
-0.225127
0.209176
-0.104734
0.007045
-0.135209
-0.244099
0.077204
0.029815
-0.055519
0.064563
-0.121689
-0.080169
0.206545
-0.071835
-0.009065
0.077576
-0.226100
0.302775
0.040587
-0.157072
-0.138128
0.147338
-0.052378
-0.245124
-0.067466
-0.056555
0.024104
0.158570
0.086492
-0.046932
-0.246621
0.126326
0.065204
0.083444
-0.145774
0.146739
-0.323431
-0.027888
-0.225232
-0.225711
0.040781
-0.223079
0.342131
-0.199439
-0.149662
-0.056446
0.083347
-0.111616
0.017136
0.132256
0.011166
0.055336
0.094798
0.174059
0.054006
-0.049424
-0.003494
0.086518
-0.066839
0.014236
0.018404
0.033357
-0.013084
-0.028628
-0.049964
-0.043956
0.082063
0.123381
0.138611
0.173028
0.116919
0.036947
-0.146006
0.038773
-0.199691
0.080606
-0.102249
-0.187539
-0.087953
-0.008474
-0.129073
0.133044
0.027300
0.302977
-0.085685
-0.261345
0.112592
-0.031351
-0.167585
0.459099
-0.017630
0.199450
-0.063767
-0.082047
0.028869
-0.206013
-0.024709
0.048148
-0.025093
-0.151761
-0.052724
-0.066648
-0.095836
0.121416
-0.117636
0.059678
0.116001
-0.039973
0.369393
-0.154658
0.111286
-0.031639
-0.000640
-0.389181
0.132701
0.006820
-0.033248
-0.058125
-0.132152
0.074856
0.105242
-0.194959
-0.063497
-0.024703
0.197428
0.065345
0.138528
0.115643
0.104529
0.150951
-0.299473
-0.334760
0.254850
-0.192004
-0.097450
-0.105799
0.005000
0.208907
0.128175
0.262868
-0.029031
-0.003425
0.191864
0.095649
0.044927
-0.151699
0.133305
0.046764
-0.318492
-0.048231
0.044447
-0.099874
-0.039740
0.300312
-0.070212
-0.132584
0.085135
0.084841
-0.058774
0.079773
0.022704
0.011601
0.142822
0.142520
0.222940
-0.038737
0.069274
-0.107504
0.142401
0.200652
-0.508055
-0.041356
-0.021535
0.120076
-0.136557
0.165971
0.069772
0.042268
-0.237302
-0.046993
-0.179257
0.125499
0.034057
0.104143
-0.124793
-0.006465
0.201625
0.091316
0.496006
0.121447
0.005976
0.010800
0.051473
0.097973
-0.311314
-0.093469
0.157445
0.078345
0.246664
0.297505
-0.065396
-0.001873
-0.131046
-0.238931
-0.089672
0.181917
-0.142981
-0.022210
-0.047152
0.050033
-0.054021
-0.225787
0.111376
-0.189036
-0.120146
0.235395
-0.296188
0.261035
0.042954
0.119913
-0.034641
0.133389
0.103551
0.168757
0.115859
-0.151817
0.010883
0.122097
-0.048306
-0.134262
0.101128
0.045289
-0.094977
-0.016776
0.175093
-0.052255
-0.213250
0.017549
-0.036300
-0.008575
0.095972
-0.041005
0.176842
-0.118161
-0.053281
0.046449
-0.152900
-0.175673
0.099038
-0.028014
0.039429
0.013047
-0.072388
-0.205530
-0.005591
-0.416262
-0.007221
-0.088911
0.221962
0.005588
0.019589
-0.094609
0.180379
0.118186
0.030793
-0.096054
0.318642
-0.004938
-0.049114
0.011016
-0.082152
-0.112695
-0.069763
-0.054367
0.052241
-0.010305
-0.169109
-0.025328
0.062582
0.030873
0.105232
0.227659
0.025979
-0.204360
0.001958
0.178987
0.127387
0.127229
0.093818
-0.105148
-0.046728
0.063191
-0.167595
0.173283
0.112499
-0.168019
-0.039756
0.249060
-0.102513
-0.234673
-0.067563
-0.182790
-0.018521
-0.405708
0.017595
-0.360473
-0.090776
0.093101
-0.193117
-0.162487
0.066603
0.009042
0.153140
0.159254
0.183909
0.266048
-0.101329
-0.248241
-0.170468
0.116322
0.295496
0.083607
-0.008364
-0.176381
-0.002932
-0.035607
-0.021679
0.187740
0.103201
-0.090729
-0.253086
0.112861
0.072017
-0.113993
-0.057656
0.027915
0.095741
0.146585
-0.000789
0.003414
0.132016
-0.057892
-0.077540
0.049496
0.005164
-0.094916
0.130501
-0.129078
0.079994
0.037759
-0.103761
0.116071
0.004584
-0.014607
0.105861
-0.158777
-0.050600
0.111699
0.095862
0.296480
0.052851
0.233955
0.018218
-0.134004
-0.091322
-0.169791
0.162234
-0.019788
0.153247
0.235096
0.047707
0.246362
0.042825
0.096884
-0.025339
-0.054035
-0.199208
-0.212596
0.113394
-0.018252
-0.096999
0.176627
-0.019336
-0.051673
-0.062441
0.049525
-0.068091
-0.072864
0.191163
-0.085063
0.130073
-0.034122
-0.131782
-0.020255
0.214560
-0.088101
-0.036655
-0.056109
0.132360
0.268378
0.078691
-0.085604
0.301812
-0.112380
0.020008
-0.126071
-0.150962
-0.042759
-0.009602
-0.049425
-0.208688
0.089516
0.081097
0.219136
-0.048795
-0.118771
-0.062194
-0.158054
-0.037837
0.025265
-0.043123
-0.009071
0.109838
0.382425
-0.029926
-0.175539
-0.106202
-0.041045
-0.051106
-0.106122
-0.083241
0.057855
-0.092359
-0.165931
-0.103791
0.106368
-0.183990
-0.215669
-0.097379
0.133034
0.168569
-0.038794
-0.008385
0.338442
-0.116668
0.023814
0.188909
-0.201036
-0.110728
0.285817
0.263210
-0.117749
0.116975
-0.014946
0.124925
-0.027523
0.094910
0.164756
0.145489
0.004118
-0.075358
0.023758
0.047678
-0.080302
0.041765
-0.070950
-0.087253
-0.137821
-0.112258
0.190192
-0.085845
0.121277
0.052115
-0.260771
-0.026346
-0.277771
-0.147598
0.052821
0.012725
0.061282
-0.179310
0.107122
0.120647
-0.121087
-0.018739
-0.221570
-0.233799
0.019797
0.163647
-0.025800
-0.104417
0.019069
0.025662
0.015528
0.085903
0.124084
-0.078643
0.082384
0.010796
-0.021407
0.095961
0.010075
0.135948
0.166327
-0.305572
0.054094
0.062350
0.025278
-0.176971
-0.008805
-0.139381
-0.277078
-0.059418
0.206935
-0.094789
-0.099837
0.194672
0.168095
0.127057
0.153192
0.048113
-0.172952
0.163925
-0.129999
-0.070966
0.154893
0.352425
0.138877
0.039737
-0.015895
0.210194
-0.086074
0.150493
0.064707
0.083054
-0.121216
-0.151590
-0.064626
-0.038520
0.058972
0.119853
-0.129296
-0.182917
-0.157840
0.346039
-0.089064
0.007524
0.079715
-0.048145
0.197399
0.153644
-0.128647
-0.239505
-0.111842
0.101829
-0.068380
-0.189895
-0.174060
0.005005
-0.150169
-0.114935
0.051789
-0.228937
0.186899
0.068418
-0.218899
0.140994
-0.052337
0.213046
-0.054160
0.054053
0.072962
0.003349
-0.041688
0.245547
-0.232533
-0.132809
0.322898
0.216643
-0.194476
-0.151892
-0.065021
-0.089578
-0.207889
0.193034
-0.242092
-0.187211
0.092508
0.095825
0.162476
0.176285
-0.083852
-0.183964
-0.001119
0.073409
-0.072319
-0.098304
-0.102291
0.025426
-0.174770
-0.044700
0.080769
0.281453
0.069045
0.016642
-0.132368
0.286312
-0.103255
0.012318
0.111996
-0.293694
-0.149683
0.067595
0.125764
0.112751
-0.048230
0.110664
0.011527
-0.118142
0.090459
-0.170855
0.028114
-0.004513
0.015299
-0.013099
0.050639
0.067217
-0.149729
-0.105356
-0.131337
-0.115361
0.075212
0.041260
0.072375
-0.137623
0.174136
0.063304
0.068426
0.041320
-0.083309
0.165794
-0.083823
0.010393
-0.013588
-0.134938
-0.035319
0.201819
0.151394
-0.301721
-0.195719
-0.005166
-0.006174
-0.191943
0.039475
-0.262227
0.052926
-0.084952
0.172435
-0.017164
-0.148040
0.044343
-0.025203
0.254326
0.224076
0.019559
0.216374
-0.066657
-0.127819
0.134848
-0.115658
0.214675
-0.166253
0.068264
0.001075
-0.136883
0.181694
-0.016483
0.000832
-0.047350
-0.021531
0.297454
0.383372
0.025981
-0.096714
0.256779
-0.082007
-0.287924
-0.131790
-0.057918
0.247141
0.107776
0.411588
-0.090945
-0.178005
-0.007559
-0.154602
0.203279
-0.152675
0.161100
0.081866
-0.028181
0.177252
0.161466
0.318857
-0.006779
0.106804
-0.054893
-0.123631
0.311609
-0.049516
0.112460
0.068350
0.254926
0.280671
-0.174511
-0.153171
-0.008248
0.133991
0.016473
-0.024810
0.026154
0.090728
0.018748
-0.057602
-0.138113
-0.178611
0.091187
-0.059176
0.247196
0.159120
-0.045092
-0.123770
-0.091225
-0.334778
0.032615
0.306324
-0.128330
-0.030625
0.236025
0.078734
-0.178561
0.036899
0.057514
0.074978
-0.033925
0.125023
0.031651
0.121593
-0.183437
-0.165474
0.020959
0.154666
-0.169653
-0.116497
0.230341
0.137511
-0.102703
0.153471
0.084185
-0.068281
0.274457
0.022736
0.211501
0.105242
-0.158119
0.142220
-0.035533
-0.361934
0.029545
-0.115063
-0.067054
0.009585
0.008324
0.004815
0.176366
0.167949
0.219933
-0.244159
0.013194
-0.234566
-0.114245
-0.019402
0.141356
-0.042823
-0.103137
-0.128763
-0.016533
0.063687
0.101690
-0.089354
-0.006892
0.021928
0.034358
-0.194137
-0.025239
0.064804
0.074765
-0.226833
0.306805
0.020027
-0.165996
-0.211953
0.004632
-0.140527
0.005062
-0.049477
0.152213
0.107598
0.011441
-0.023716
0.006272
0.391034
-0.041924
-0.013171
0.085257
-0.118833
-0.080591
0.179436
0.061809
0.100848
0.158424
0.214554
-0.026555
0.223778
0.116650
0.340154
0.290069
0.106670
0.107017
0.023829
0.217094
0.154229
-0.036476
0.122698
0.152755
0.162843
-0.038243
-0.206139
-0.072468
-0.186813
0.033436
-0.239723
-0.312999
-0.130471
0.027894
-0.355892
-0.280393
-0.176901
-0.373319
-0.332555
-0.465540
-0.440337
-0.349362
-0.161344
-0.137032
-0.174219
-0.537630
0.122025
-0.352582
0.150010
0.071932
-0.314940
0.018916
0.238865
0.181824
0.390935
0.095842
0.262004
0.332047
0.253620
0.145695
0.485322
0.551190
0.338007
0.194699
0.154236
0.254793
0.153918
0.391325
0.165360
0.268242
0.174813
0.293881
0.056230
0.318062
0.002677
-0.008913
0.072502
0.055144
0.207285
-0.104463
-0.079837
-0.234169
-0.222243
-0.007454
-0.242493
0.153124
-0.157398
-0.234441
-0.267544
-0.004457
0.006580
0.017712
-0.213890
-0.024907
0.115165
-0.172147
0.230059
0.007306
-0.094220
-0.092345
0.050769
0.281832
0.116974
-0.054445
0.014916
0.255063
0.130538
0.111252
0.008279
-0.057681
-0.012464
0.095693
0.167045
0.242867
0.070362
-0.017059
-0.173938
-0.138806
-0.110720
-0.152214
-0.094343
-0.015429
0.048648
-0.145601
0.049832
0.079941
0.123848
-0.003539
-0.149370
0.098120
0.021420
-0.233664
0.035078
0.106552
0.336196
0.167314
0.031611
-0.076864
0.216291
0.154784
0.074995
0.134891
-0.084564
0.174750
0.037810
-0.067776
0.109013
-0.084379
0.115040
0.248039
-0.017053
0.088903
0.088966
-0.118321
-0.000423
0.035438
-0.142155
-0.077229
-0.020688
-0.019757
-0.011214
-0.150233
-0.012050
-0.214989
-0.154370
0.129223
0.014847
0.198398
0.174128
0.248056
-0.104416
-0.207034
0.148179
-0.157040
-0.003732
0.050157
0.118439
-0.007694
-0.095777
-0.036617
0.102184
0.025411
0.045185
0.041771
-0.135380
-0.009383
-0.094908
-0.109491
-0.025013
-0.000940
0.150631
0.059596
0.020448
0.262578
0.023240
0.099268
-0.086242
0.102186
-0.100152
0.040916
0.055014
-0.083592
0.030699
0.124460
0.130347
-0.176860
-0.121197
-0.034059
-0.138723
-0.021195
-0.029400
0.079490
-0.061830
0.082281
-0.287671
-0.177782
0.073853
-0.140560
-0.032785
-0.029103
0.096032
-0.121563
-0.016875
0.306059
-0.227413
-0.010489
0.054419
-0.017587
0.168585
0.048640
0.219456
-0.388326
0.017062
-0.271343
-0.223922
0.248470
0.194847
0.023560
0.150570
-0.044886
-0.022584
-0.067140
0.137013
0.059220
-0.098909
-0.248765
-0.045575
-0.062806
-0.018635
-0.040322
-0.013851
0.087097
0.409969
0.054847
-0.145969
-0.146081
-0.477348
-0.228473
-0.221073
-0.035577
-0.108788
0.227082
0.047277
-0.062068
-0.039274
-0.201888
0.063392
0.110642
0.151387
-0.076404
0.110987
0.184336
0.081391
-0.092169
-0.045213
0.027124
0.014942
0.109518
-0.162807
0.295899
0.091373
-0.009817
0.397868
-0.311020
0.460599
0.121017
0.231625
0.144728
0.129511
-0.050351
-0.124740
-0.235227
0.006828
0.163607
0.093459
-0.048766
-0.302413
0.315284
0.058022
0.053253
-0.066314
-0.075814
-0.029339
0.056297
-0.166125
-0.070639
-0.146845
0.093513
-0.079458
-0.215602
-0.153224
-0.017455
-0.056274
-0.333757
-0.066529
-0.034830
0.084136
0.232009
-0.071732
0.071983
0.407630
0.089537
-0.222498
0.266477
0.242482
-0.195594
-0.371559
-0.194497
-0.102803
-0.180946
0.169521
-0.073252
0.149405
-0.131431
0.063599
-0.243243
0.059077
-0.184398
0.253623
-0.016540
0.147198
0.008088
-0.072646
0.242000
0.103807
-0.045100
-0.038604
0.015072
-0.112367
0.012111
0.154317
-0.077544
0.037643
0.099288
-0.000518
-0.097791
0.025667
0.098333
-0.180983
-0.026601
0.111572
0.155409
-0.018382
-0.053741
0.152074
0.135355
-0.165021
-0.084641
0.062651
0.232654
0.176962
0.072432
-0.174641
0.136774
-0.012256
-0.106039
-0.004898
0.023746
0.010136
-0.014441
0.303540
0.255092
-0.022534
-0.093095
0.021975
0.099397
0.024760
0.069086
0.143534
0.169205
-0.031831
-0.022794
-0.118036
-0.029459
-0.288757
0.127390
0.228338
0.002723
-0.089787
-0.024579
0.043990
0.223537
0.164683
0.100013
0.210639
0.157910
-0.099754
-0.016647
-0.192448
-0.287472
0.215182
-0.242196
0.131084
0.142012
0.026934
0.200112
0.092268
0.216258
0.194195
0.225732
0.075719
0.013902
0.507031
0.199592
0.044019
-0.058757
0.122145
0.202370
-0.051361
0.021360
-0.049483
0.095743
0.012426
0.016405
-0.175118
-0.181488
-0.121694
-0.177385
-0.114672
-0.128966
-0.315266
0.158871
-0.336873
-0.130567
-0.069105
0.233175
0.043488
-0.387372
-0.010360
-0.028731
-0.214606
-0.107879
0.062989
-0.010217
0.134106
-0.065522
-0.034565
0.062293
-0.081056
0.006652
-0.010108
-0.020773
0.012501
-0.005402
0.077726
0.080243
-0.072444
0.103855
0.021047
-0.024226
-0.065623
-0.010557
-0.063304
-0.361140
0.080944
0.067812
0.216471
-0.157562
-0.166707
-0.020938
-0.053929
-0.254898
-0.020137
0.121360
0.086262
-0.076288
-0.229575
-0.005161
0.029167
0.087216
0.082923
0.101076
0.000680
-0.123195
0.146128
0.138265
-0.117833
0.021111
-0.223108
0.100187
-0.091572
0.000074
-0.248309
-0.207603
0.005223
0.069091
0.075201
0.189423
0.280600
0.124086
0.017539
0.202695
-0.225941
-0.033355
0.011075
0.290772
0.050610
-0.130183
-0.180122
0.013222
-0.096745
-0.059142
-0.098722
0.145531
0.127044
-0.125305
-0.012059
0.124633
0.014708
-0.044444
0.039941
0.106278
-0.040942
-0.120214
-0.076240
0.063904
-0.073522
-0.116426
0.014080
-0.058386
-0.105252
-0.103687
-0.029918
0.027342
0.012987
-0.224758
-0.271776
0.084795
0.029095
0.016898
0.078330
0.164628
0.211870
0.078332
-0.153137
-0.168203
-0.069599
0.088289
-0.044822
-0.132433
0.486794
-0.187241
-0.127394
-0.128949
-0.022466
-0.195437
0.148594
-0.178667
0.349413
0.196256
0.209733
0.212631
0.058981
0.026152
-0.152041
-0.030722
-0.098986
0.088562
0.325309
0.015862
-0.282148
0.080249
0.018021
-0.082760
-0.068505
0.256161
-0.132919
-0.228475
-0.014661
0.031270
-0.023245
0.058851
-0.041657
-0.082225
-0.059086
-0.033733
0.141394
-0.052095
0.038198
-0.041194
-0.324583
-0.120693
-0.052586
0.443330
0.057794
0.013793
-0.201263
-0.249907
-0.039402
-0.078920
-0.145818
-0.060880
-0.041857
0.321026
0.028177
0.030630
0.031054
-0.067658
-0.320323
0.063635
-0.116435
0.006297
-0.122034
-0.170577
0.001916
0.237251
-0.029620
-0.031784
-0.106014
0.291274
0.093389
-0.143649
0.055161
0.054926
0.167618
-0.019658
-0.008126
-0.072166
0.038088
0.056691
-0.065963
0.370255
-0.098371
0.062363
0.150728
0.151816
0.066390
-0.178934
-0.118079
0.201125
0.189221
0.003600
-0.104657
-0.064080
0.233544
-0.182149
-0.064249
-0.181699
0.100987
-0.046667
-0.091422
-0.101421
-0.115917
0.200675
0.159472
-0.021405
-0.073073
0.120589
-0.034243
0.125031
-0.021837
0.110360
0.015640
0.063763
-0.128586
0.148403
0.007460
-0.039680
-0.167186
0.070770
0.056947
-0.038566
-0.067621
0.138975
-0.025183
0.039605
-0.097109
-0.340408
-0.304679
-0.148637
0.150140
0.293068
0.050410
-0.145700
0.353943
0.301309
0.170297
0.284335
0.027827
0.022038
0.395097
-0.001960
-0.118329
-0.084372
-0.009249
0.087903
-0.066920
0.185855
-0.087211
-0.515995
0.019732
-0.062091
0.342829
0.123699
0.116281
0.066319
-0.062757
0.193253
-0.075458
-0.060748
0.054285
-0.022779
0.516333
0.129716
0.073298
-0.106814
0.151331
0.235058
0.043427
0.259262
-0.052730
-0.041848
-0.231773
-0.066657
-0.165808
0.106214
-0.112581
-0.297234
0.459783
0.033924
-0.095355
-0.192299
0.253573
0.223959
0.080629
-0.117335
0.117291
-0.010277
0.390927
0.177759
-0.138520
0.074272
-0.106564
-0.064551
0.089194
-0.052754
-0.149387
-0.083583
-0.004827
0.084606
-0.155172
-0.162683
0.173727
-0.010231
0.181179
-0.038346
0.093076
0.100531
-0.038800
-0.089077
-0.003523
-0.072861
-0.039297
0.046523
-0.084689
0.286431
-0.110483
0.058045
-0.215806
-0.032426
-0.022138
-0.104552
-0.105131
0.079627
0.030370
-0.161995
-0.226077
-0.150568
0.159660
0.122062
-0.121845
0.127815
-0.134634
0.047399
0.124984
0.025423
0.213515
0.098759
-0.180608
0.140437
-0.221516
-0.011074
-0.138371
-0.085708
-0.259609
0.024473
-0.128277
-0.098135
-0.020666
0.031611
0.052866
0.187634
-0.239605
0.208360
0.031371
-0.030459
-0.382095
0.255407
0.035088
0.058060
0.239066
-0.037826
0.113676
-0.115559
-0.142599
0.145961
-0.082418
-0.244126
0.069225
0.265599
0.047849
-0.045128
-0.288751
0.122646
0.093971
0.223876
-0.006394
0.052021
0.398917
0.074752
-0.243539
0.131815
-0.266712
0.037720
-0.145282
0.203747
0.096749
0.017631
-0.059198
0.285255
0.262321
-0.005900
-0.032239
0.118126
0.326444
-0.038996
0.001483
-0.006898
-0.211300
0.109384
0.035639
0.094222
0.035554
-0.044391
0.256385
0.309545
-0.040433
0.035952
0.099439
0.038857
-0.151222
-0.040705
0.127431
0.107719
0.151319
0.058789
-0.385605
0.036692
0.165474
-0.069951
-0.019973
-0.214980
0.218924
0.019312
-0.099185
0.132102
0.034755
-0.153158
-0.297091
-0.164933
0.251291
0.118234
-0.116407
0.206610
-0.285951
0.051412
-0.065440
-0.034223
0.021682
0.186620
0.199052
0.055823
-0.231134
0.130818
0.218939
0.030052
-0.233896
-0.025281
-0.325266
-0.045164
-0.262599
0.077683
0.181328
-0.027570
-0.022736
0.039350
-0.004479
-0.065616
-0.212608
-0.308777
0.095935
0.005032
-0.099709
0.072874
-0.093851
0.073202
0.326347
-0.157022
-0.062619
-0.000280
0.291942
-0.017390
0.326343
0.020662
-0.168795
-0.209933
-0.027703
0.099287
-0.343626
0.052802
0.071438
0.160988
0.092006
0.143751
0.200846
0.274245
-0.176986
-0.055980
-0.116727
0.013417
0.182508
-0.001826
-0.214490
-0.243638
0.068268
-0.190429
0.092959
0.216898
0.178112
0.091599
0.174154
-0.041859
-0.295572
0.005199
-0.159195
0.005935
-0.017529
-0.103715
-0.088488
0.377964
0.016942
-0.144570
0.104731
-0.187466
0.093620
-0.031119
0.028392
-0.061468
0.103105
-0.098517
0.011463
-0.248995
-0.194948
-0.108499
-0.029166
-0.066112
0.053890
-0.023578
-0.069747
0.044241
0.111402
-0.176381
-0.438831
-0.103050
-0.083733
-0.390843
-0.184094
-0.026858
0.023294
-0.054849
-0.005342
0.027519
0.275047
0.115571
-0.156588
0.080916
-0.005665
0.132821
-0.041575
0.075573
0.029062
0.169008
-0.122124
-0.221379
-0.376596
0.047336
-0.056142
-0.110922
0.021223
-0.010637
-0.207998
-0.036317
-0.125887
-0.021407
0.084419
0.076314
-0.343432
0.167391
-0.127452
-0.067175
-0.077421
0.203903
-0.328927
-0.023151
0.002624
0.067978
-0.054170
0.020904
-0.018265
0.314501
-0.098414
0.197426
-0.091948
-0.061605
-0.094601
-0.370238
0.387966
0.070734
0.169019
0.096603
0.264001
-0.233339
0.034775
0.211528
0.017110
0.046222
-0.152944
-0.135239
0.204603
0.407017
0.256128
-0.336496
-0.261061
0.215388
-0.115222
0.129651
-0.006689
0.030656
0.248487
-0.103142
-0.147496
0.064298
-0.286526
-0.018365
0.201122
-0.037184
-0.217556
0.073935
-0.081544
0.038953
0.032888
-0.081917
-0.094737
-0.013983
-0.027504
-0.098489
-0.092396
0.169477
0.051512
-0.155684
-0.055347
-0.008773
0.016043
0.303207
0.112799
0.231045
-0.051004
-0.019644
-0.009669
0.003327
0.082455
0.136639
-0.229065
0.099788
0.146895
0.045480
-0.007096
-0.042474
-0.218810
-0.133541
-0.229174
0.028454
0.096141
-0.034616
0.008826
-0.016019
0.239777
-0.099296
-0.212407
-0.010789
0.176137
-0.006796
-0.139833
-0.086539
0.016317
0.239191
0.227603
0.060343
0.048575
0.152084
-0.115994
0.279134
0.270130
0.024767
0.233462
-0.190131
-0.011139
0.052721
0.168119
-0.191877
-0.061961
0.035969
-0.114655
0.028933
-0.148277
0.137661
0.153089
0.083361
-0.190003
-0.025429
0.154774
0.015571
0.071514
0.043148
-0.013388
0.028254
-0.201242
-0.057434
0.122203
0.054730
-0.145104
-0.117555
-0.095040
0.383546
0.071126
-0.152408
-0.058868
-0.162255
0.247191
-0.054418
-0.181845
0.018837
0.106594
0.210301
0.071207
-0.202490
-0.084545
-0.372767
-0.405102
-0.031942
-0.006472
0.283225
-0.147419
-0.134118
0.038669
-0.047438
0.075275
-0.293023
0.216003
-0.114508
0.034758
-0.033253
0.073673
-0.379198
-0.072534
-0.037304
-0.141374
-0.074738
-0.238784
0.116757
-0.134543
-0.322938
-0.092403
-0.138445
0.043857
-0.198478
0.137031
-0.116072
-0.093074
-0.062606
-0.205610
0.048058
-0.072440
0.142166
0.104238
-0.236279
-0.128614
-0.115341
0.224804
-0.182724
0.211738
0.103087
0.140846
-0.111251
0.002801
-0.120125
0.388809
0.149849
-0.170542
0.127984
0.069789
0.138790
0.178000
0.075989
0.113440
0.076057
0.031653
0.177778
-0.336405
0.281975
0.221115
0.073553
0.068478
-0.076437
0.025875
-0.295293
0.038112
-0.204237
-0.124266
0.104263
0.127594
-0.192663
0.203577
0.008804
0.009562
-0.039880
0.185285
0.130613
0.096086
0.238537
0.039540
0.070133
0.135277
-0.066213
0.433559
0.041518
0.068876
0.117602
-0.129765
-0.075949
-0.135810
-0.124449
0.041982
0.103731
0.014619
-0.163310
0.044040
0.042393
-0.111919
-0.295576
-0.082376
-0.117968
0.359849
-0.087688
0.118980
-0.141101
-0.188805
0.163500
-0.053332
-0.302524
-0.012598
-0.082273
0.140125
0.002695
0.067599
-0.131745
0.100825
0.056776
0.177992
-0.070250
0.073137
-0.101288
0.020585
-0.166012
-0.010383
0.030296
-0.056441
-0.111547
0.048533
0.046964
0.042437
0.305747
-0.202993
-0.017188
0.036581
0.045249
-0.033532
0.092126
0.327569
0.152870
-0.130323
-0.061429
0.282159
-0.191078
-0.042043
0.165361
-0.064756
0.117513
0.055291
0.059533
-0.074602
0.202933
0.082548
0.159289
-0.155350
-0.184177
0.157956
-0.123573
0.014716
-0.086674
-0.209585
0.240105
-0.112834
-0.113199
0.015277
-0.244025
-0.222842
-0.145708
0.026274
0.099582
0.016205
0.003816
0.295271
-0.185007
0.033077
0.394936
-0.106698
0.057548
-0.112151
-0.326555
-0.023017
0.100173
-0.106601
0.142046
-0.037704
-0.226199
0.101503
-0.175621
0.228086
0.049952
0.019418
0.113087
-0.026619
0.089593
0.077789
-0.161996
-0.043990
-0.331769
-0.082118
0.199136
0.026790
-0.020924
-0.218458
0.221583
0.270068
0.189446
-0.117403
0.095699
0.143134
0.142973
-0.121284
-0.070042
-0.204873
-0.144423
-0.172965
0.228729
-0.156302
0.156818
-0.110010
0.207655
-0.157297
0.017852
-0.085375
-0.057983
-0.026824
0.163242
-0.097254
0.177498
0.005704
-0.278311
-0.041096
0.129585
0.109709
-0.009930
0.080802
-0.233163
-0.059228
0.015547
-0.060917
0.005400
-0.174823
-0.001834
-0.115599
-0.119546
0.244881
0.050490
0.152103
0.082459
0.239229
0.148754
-0.089754
0.072005
-0.035856
0.113972
-0.245003
-0.040012
0.028178
0.131511
-0.130515
0.144285
-0.053185
-0.090578
-0.213239
0.073847
-0.180874
0.129396
-0.126499
-0.085691
-0.224457
0.176311
0.056254
0.105914
0.013173
-0.014253
0.120306
-0.085471
-0.080280
0.017902
-0.046363
0.014329
-0.126628
0.060274
0.239305
-0.206773
0.194843
-0.147330
-0.235566
-0.138042
0.072124
0.268218
-0.072783
0.034456
0.170102
0.002303
-0.162787
-0.092281
-0.001141
0.045746
0.272844
0.320535
-0.071612
0.079573
-0.259062
0.023195
0.165959
-0.004262
0.041800
0.096338
0.010815
0.032086
-0.009660
-0.207869
-0.186698
-0.201793
-0.329913
-0.134331
-0.245030
-0.287792
0.055866
-0.150259
-0.031159
0.119406
0.360702
-0.100743
-0.027417
-0.230362
-0.168062
-0.212162
0.044101
0.022923
-0.061958
-0.060632
-0.210876
0.276410
-0.078953
0.034345
0.005948
-0.106154
-0.002176
-0.125623
-0.040604
0.126920
-0.167156
-0.018694
0.000351
-0.310285
-0.110615
0.309120
0.153189
-0.084117
-0.296609
0.041493
0.058937
-0.041211
0.017899
0.244967
0.266617
-0.108093
0.077135
-0.166067
-0.061997
-0.270717
-0.113890
0.004238
0.057588
0.103550
0.049443
-0.238000
0.148034
-0.291412
0.064805
-0.132097
-0.087607
-0.101543
-0.037606
0.118819
0.097804
-0.234058
0.017914
0.088967
-0.167495
-0.106226
0.307319
-0.106747
0.155167
0.213193
0.354484
-0.038227
-0.036577
0.049812
0.063344
-0.259154
-0.205968
0.170499
0.095439
-0.077500
0.060390
0.369833
-0.105237
0.137403
0.177396
0.157596
0.069827
0.237835
-0.139135
0.145689
-0.009905
-0.040286
-0.075192
-0.114242
0.122699
0.334075
-0.300275
0.100554
0.118889
0.160596
-0.057098
0.116622
-0.109249
0.000535
-0.015676
0.118775
0.078499
-0.081975
-0.066199
-0.018738
-0.017758
0.181791
0.021144
-0.079389
0.170184
0.045679
0.334301
-0.015822
0.087223
-0.031309
0.222142
0.016739
0.222751
-0.040903
0.055222
-0.242297
0.413552
0.055418
0.250808
0.317009
-0.223835
-0.080599
0.071834
-0.128052
0.126437
0.032886
-0.012592
-0.270286
0.158370
-0.021392
-0.130373
-0.116433
0.033954
0.063628
-0.212947
0.185012
-0.110503
-0.070030
-0.184774
-0.382287
0.226268
0.185172
-0.254039
0.033340
0.151068
0.049099
0.009779
-0.127464
0.111353
-0.084463
-0.138333
0.013638
-0.154370
0.126269
0.040039
-0.061700
-0.142918
-0.149229
-0.023114
-0.084874
0.104872
-0.018053
0.080334
0.016353
0.130008
0.029187
0.113214
-0.176233
0.046874
-0.090538
0.023294
-0.111754
-0.235012
0.168820
-0.077996
-0.009479
-0.095213
-0.141029
0.007848
0.140031
0.188178
0.115951
-0.108350
0.151727
0.061132
0.209217
-0.062796
0.047555
0.007470
-0.095382
0.067664
0.091421
-0.079604
0.076840
-0.023894
-0.336764
-0.000938
-0.215232
-0.024879
0.099552
-0.013356
-0.010180
-0.174788
-0.004490
0.187078
0.015156
-0.058307
-0.008800
-0.065298
0.151895
-0.130803
0.167351
-0.116508
0.166099
-0.162251
-0.128565
-0.016255
0.001427
0.222630
-0.058180
-0.264369
0.082584
0.103525
-0.085841
-0.163217
-0.063009
-0.117180
0.104857
0.017251
-0.307018
-0.039443
-0.240759
0.051599
-0.142814
-0.023999
0.157894
-0.171422
-0.160712
-0.369723
0.077131
-0.020522
0.059132
0.057750
-0.218134
0.173807
0.312549
0.227274
0.054950
0.244916
0.069459
0.072202
0.058376
-0.024614
0.143666
-0.089713
-0.269704
0.131827
0.276138
-0.326867
0.119419
-0.095241
-0.016166
-0.139515
-0.167321
-0.320444
0.100663
0.218677
-0.085745
-0.037329
-0.164998
0.098783
0.106232
-0.055115
-0.059601
0.112608
0.303274
0.171736
-0.228570
-0.262077
0.157911
0.106840
-0.080571
0.062479
-0.001365
-0.230921
-0.238387
-0.046753
0.181326
0.101267
-0.056270
-0.106964
-0.210125
-0.182671
0.146504
0.166750
-0.029744
-0.045099
0.025012
-0.151627
-0.149552
-0.221445
0.102703
-0.066063
-0.581090
-0.031619
0.047238
-0.001861
-0.363490
0.188832
-0.084711
-0.111667
0.232972
-0.079939
0.090543
-0.189018
0.125322
0.139513
-0.184924
-0.070214
-0.193852
-0.013882
0.161300
0.034925
-0.142673
-0.016140
0.106087
0.223852
0.152144
0.119448
0.058951
-0.177091
-0.079637
0.127333
-0.242823
-0.065649
-0.173954
-0.193821
0.143678
-0.086296
0.036905
0.000648
0.100627
0.122414
-0.010242
-0.034159
0.058018
0.061664
0.230478
0.001866
-0.065000
0.022360
-0.005832
-0.303312
-0.156642
0.168793
0.383467
-0.071889
-0.049051
0.278499
-0.176703
-0.065128
-0.198541
-0.276949
0.266312
0.013343
-0.044027
-0.075335
0.235590
-0.139255
-0.096228
-0.060679
-0.035195
0.010846
0.016857
-0.197898
0.056826
0.142050
0.115823
-0.142937
-0.026949
-0.006623
-0.106391
-0.086991
-0.217520
0.038421
-0.145564
0.058043
-0.038313
-0.246842
-0.073914
0.163521
0.024818
-0.159749
0.040379
0.061139
-0.052087
-0.174686
0.080352
-0.028802
-0.011723
0.078529
-0.012062
0.024289
-0.260275
0.147551
-0.032636
-0.008772
0.221098
-0.033116
0.100871
0.020094
-0.097808
0.105450
-0.064664
-0.049527
0.229398
-0.079715
-0.021062
0.075426
-0.038139
0.349284
-0.145628
0.075522
0.115123
-0.148410
0.140989
-0.075813
-0.047583
-0.058588
0.023404
0.187006
-0.088589
-0.019770
0.041340
0.101257
-0.027120
-0.084385
-0.127371
-0.041905
-0.054358
0.094740
-0.010321
-0.343346
-0.040735
0.313410
-0.049358
-0.017220
0.271813
0.031504
0.172020
0.179498
0.066845
0.209456
0.031981
0.064077
-0.035782
0.007583
-0.267007
0.124856
