0.215896
0.142288
-0.166724
0.018101
-0.000847
-0.113312
0.220597
0.110700
-0.076957
-0.261762
-0.109917
-0.126774
0.085791
0.194401
0.012016
-0.283531
0.024005
-0.016783
-0.199012
-0.019869
-0.165705
-0.098254
0.025289
0.136531
0.049754
-0.069336
0.150954
-0.287871
0.035625
0.066800
0.013885
0.105341
0.095032
-0.052611
-0.047191
-0.101371
-0.095231
0.030810
0.033574
0.139642
-0.275248
0.300402
0.091884
-0.144456
0.139758
-0.175327
0.256265
-0.051966
0.033785
-0.170865
0.268762
0.014323
0.195761
-0.184145
-0.071178
0.165737
-0.036581
0.014862
0.024056
0.269548
-0.321397
-0.001126
0.236901
-0.029354
0.250646
-0.023922
0.186659
-0.078693
0.002842
-0.245421
-0.198052
-0.168418
0.314320
0.347094
-0.210148
-0.156381
0.002481
0.268715
-0.244143
0.033725
-0.205389
-0.181102
-0.264269
-0.127494
-0.104479
0.045091
-0.044770
-0.109749
-0.160056
-0.116859
-0.027351
-0.118828
0.150847
-0.382948
-0.204408
0.179151
-0.027186
0.034416
-0.151469
0.142219
-0.046846
-0.199205
-0.148657
-0.045949
0.044309
0.025476
-0.093070
-0.028035
-0.061543
-0.052139
0.319244
0.247282
0.162634
0.104314
0.120182
-0.119035
0.062301
0.311689
-0.247982
0.012787
0.202544
0.007675
0.184761
-0.039365
0.220291
-0.185464
0.037095
-0.085996
-0.159920
-0.111767
0.027875
-0.203664
-0.068799
-0.022634
0.012661
-0.167374
-0.094531
-0.044785
-0.003961
0.045360
-0.208414
-0.231358
-0.010034
0.181260
-0.112127
0.032659
-0.110800
-0.085747
0.126979
-0.058276
0.328049
0.138095
-0.262253
-0.103421
-0.040476
-0.124492
-0.071529
-0.209240
-0.118688
-0.336773
0.111070
0.119490
-0.076821
0.387555
-0.023985
0.263204
-0.116461
-0.301755
0.167423
-0.007361
-0.025991
-0.146122
0.370915
-0.092673
0.148049
-0.010170
0.095216
0.188327
-0.063383
0.126036
0.004271
0.007569
-0.244173
-0.237700
0.102433
0.093890
0.009978
0.074039
-0.046722
-0.097442
0.105105
-0.228626
0.065978
-0.142498
0.141518
0.049532
0.319952
-0.107742
0.029743
0.263636
0.080418
-0.160857
-0.095151
-0.244838
-0.046814
-0.114222
0.221317
-0.065381
-0.100986
0.097422
0.026307
0.059378
0.016007
-0.059035
0.144653
-0.066127
0.150048
0.171484
0.110321
-0.010944
-0.053789
-0.062816
-0.322734
0.217336
0.239592
0.233010
0.020861
-0.055318
-0.238416
-0.139333
-0.087563
-0.606705
0.093656
0.106363
0.075625
-0.145077
0.162197
0.282027
-0.278169
-0.282710
-0.268866
0.305581
0.305949
-0.085788
-0.129333
0.175323
0.109829
-0.093417
0.030947
-0.118566
0.068916
0.107538
-0.007785
-0.030732
0.033570
0.237458
-0.095612
-0.082089
0.108985
0.216682
-0.023263
-0.168307
-0.025596
0.294854
-0.036275
-0.199841
0.109722
0.153603
0.046208
-0.094975
0.079730
-0.001915
-0.071928
-0.071656
-0.015104
0.005210
0.007077
0.051525
-0.179310
0.075913
0.181524
-0.155072
-0.119425
-0.132549
-0.095198
-0.452534
0.049922
0.142931
0.019176
-0.370343
0.181084
0.375422
-0.079672
-0.091057
0.142853
-0.001892
0.062575
0.001079
0.047108
0.234460
-0.173425
-0.056535
0.165220
0.282166
0.038361
0.055157
-0.028288
-0.113497
-0.265298
0.038516
-0.139247
-0.416905
-0.066053
-0.168113
-0.211480
0.001792
0.181574
0.178088
0.083880
-0.070657
0.127559
-0.157134
0.036324
0.191475
0.123084
-0.114859
-0.035097
-0.096351
0.180770
0.122055
0.004870
-0.305503
-0.114485
-0.155484
0.144736
0.183244
0.037756
0.188544
0.282374
-0.013852
0.044686
-0.015312
-0.112540
0.003681
0.103496
-0.021040
-0.229525
0.075043
0.085394
0.067180
-0.314256
-0.089773
-0.114724
0.045236
0.198218
0.490185
-0.340090
-0.219738
0.019171
-0.010034
-0.024761
-0.101789
-0.073759
-0.072176
0.072850
-0.074423
0.226827
-0.466828
0.075095
-0.260466
0.218714
-0.008550
-0.093945
0.000116
0.203210
-0.108692
-0.005272
0.086219
0.204477
-0.143963
0.315723
0.001975
0.109926
-0.075644
-0.227394
0.124691
0.095090
-0.242514
-0.055889
0.002076
0.285105
0.084563
0.031480
-0.151837
0.012185
0.078980
-0.095918
0.134351
0.164729
-0.107459
0.200746
0.032343
-0.140168
-0.136466
-0.021142
-0.101593
0.011379
-0.106247
0.020852
-0.340349
0.028809
-0.060090
0.187295
0.017008
0.011786
0.059118
-0.021650
0.001165
0.075657
0.252522
-0.009554
-0.125110
0.047716
-0.132760
0.033545
-0.153192
0.165417
-0.122316
0.045514
-0.122938
0.231324
0.053499
0.052532
-0.012602
0.289361
0.025262
-0.215473
-0.175919
0.176586
-0.264388
0.040523
0.164750
-0.017146
0.048646
-0.002460
0.104752
0.222760
0.118723
0.103372
-0.111871
0.042754
-0.052076
-0.165229
-0.421419
0.133934
-0.170692
-0.199657
0.386979
-0.325971
0.032643
0.017290
0.067988
0.055960
0.078925
0.079517
0.177257
-0.135693
0.315136
-0.056592
0.147108
0.123371
-0.077697
0.084675
0.033112
-0.071018
-0.123145
-0.121252
0.053470
0.314267
-0.309597
-0.162996
-0.024999
0.321403
-0.161709
-0.062830
0.093894
-0.205966
-0.014593
0.039555
0.282689
-0.090067
-0.200415
0.237299
-0.096678
-0.287670
-0.082211
-0.047320
-0.094312
-0.025753
-0.198211
0.039472
-0.224862
0.263017
-0.018132
-0.036401
-0.077284
0.194928
-0.250948
-0.188255
0.008139
-0.072325
-0.034852
0.106304
0.085400
-0.043428
0.015698
-0.021032
-0.087940
0.086965
0.202220
0.132072
0.129419
0.069779
0.009503
0.057857
-0.173286
-0.151514
0.041283
0.023099
0.198832
0.012218
-0.220471
-0.154941
-0.161195
0.160905
0.038847
0.185026
-0.348589
-0.112067
-0.197747
0.072568
0.018119
0.175250
0.089367
-0.001930
0.089654
-0.064601
0.188074
0.010544
-0.108714
0.112328
0.509240
0.025875
-0.071426
-0.132936
0.024045
0.057193
-0.271135
-0.079951
-0.302857
-0.148155
-0.103261
0.129347
0.201727
-0.210952
0.141019
0.120549
-0.146615
0.026373
0.101003
-0.005732
0.379502
0.083495
0.072380
0.038301
0.039119
0.081693
0.144010
-0.326631
0.071958
0.132107
-0.272914
-0.195973
0.032647
0.043482
0.189704
-0.094729
-0.370892
0.078006
-0.129296
-0.201829
0.017808
0.121798
-0.160848
0.114091
-0.074247
-0.083781
0.158601
0.133853
-0.092398
0.061717
0.020475
-0.142913
-0.259889
0.147569
0.116250
-0.009388
-0.005791
-0.056261
0.087231
0.075357
0.038731
-0.125825
-0.182578
0.099433
0.145151
-0.118571
-0.274268
-0.020686
0.197496
0.260237
0.013465
-0.288548
-0.125213
0.097706
-0.053505
0.229339
0.038589
-0.169769
0.027869
0.261311
-0.034165
-0.057829
0.312038
0.065132
0.035114
0.386674
-0.096524
0.324164
0.049277
-0.221485
-0.184090
-0.146497
-0.049110
0.005355
-0.125677
0.190652
-0.046177
0.162790
0.057272
-0.205167
0.254049
0.150389
0.139691
0.074648
-0.049878
0.285323
-0.016415
0.204928
0.158831
-0.191354
0.147133
-0.115921
0.028285
0.110552
-0.159785
0.032700
0.153688
0.020647
-0.054827
0.097469
0.295463
0.131387
0.116792
-0.103329
-0.034659
0.059650
0.141555
-0.003402
-0.047489
0.004767
0.009561
-0.077128
0.082563
-0.010420
-0.234961
-0.204039
0.174542
0.599452
-0.137626
0.157649
-0.290645
0.018010
0.086936
0.097577
0.075743
0.130099
0.164978
-0.035481
0.019648
0.027733
-0.249385
0.205916
-0.024946
0.256128
-0.129285
0.075025
-0.088534
0.120915
0.229095
-0.015599
0.151842
0.049229
-0.074856
0.035999
0.163523
-0.044555
0.320497
0.056721
-0.099856
-0.094847
0.012060
0.157918
0.328931
0.211139
-0.067829
-0.197117
-0.009055
0.084310
0.150742
-0.266024
-0.190850
0.108217
0.226379
0.115251
0.226172
-0.190384
-0.055357
-0.239415
0.299603
-0.252784
-0.062004
0.077583
-0.128098
-0.297882
0.069070
-0.103633
-0.055878
0.116051
0.068313
0.020103
0.192037
-0.067438
0.253439
0.117482
-0.265261
-0.013019
0.002537
-0.038742
-0.030362
0.180731
0.116810
0.240898
-0.139202
0.027034
0.081563
-0.097173
-0.063352
0.276239
0.154797
0.071720
-0.029531
-0.048510
0.039249
-0.208585
-0.202013
-0.155873
-0.011904
-0.130005
0.142911
-0.150475
0.135121
-0.051273
0.106998
-0.029769
0.198253
-0.043314
0.037454
0.020630
0.244594
-0.037040
-0.031694
0.145758
0.051240
0.089203
0.143335
-0.095339
-0.063394
0.309769
0.146071
-0.117124
0.046562
-0.065000
-0.032235
-0.111569
0.092136
0.113061
-0.232164
0.168257
-0.028653
0.485477
-0.332298
0.029386
-0.112221
0.164198
0.096405
-0.012968
0.181180
0.115142
-0.215564
-0.217493
0.062285
0.131549
0.003470
0.036936
-0.404934
0.223311
0.278485
0.206228
0.076791
-0.043273
-0.092508
-0.191203
-0.118593
0.038994
0.032509
-0.044111
0.059309
-0.118810
0.303284
0.033753
0.443660
-0.051884
0.011603
-0.312136
-0.045836
0.099820
0.150191
0.057485
-0.027353
0.099731
0.186162
0.072491
0.075486
0.146303
-0.031127
-0.145188
-0.078225
0.139346
-0.030154
-0.077600
0.137104
0.380860
-0.097883
-0.053873
-0.031528
0.275584
0.217729
0.180479
0.089297
-0.068680
-0.017309
0.108527
-0.038943
-0.037583
-0.124578
0.155485
0.092402
0.079331
-0.142787
-0.010475
-0.015239
0.104729
-0.045918
0.106813
-0.060712
0.226076
-0.107030
-0.111309
-0.164453
0.142968
0.120913
-0.230659
-0.105326
-0.295699
-0.367922
0.099022
-0.333215
0.147013
-0.006019
0.130105
-0.025747
-0.060738
0.068370
0.075039
-0.285612
-0.115192
-0.280947
0.005567
0.061793
-0.039549
-0.082089
0.063538
-0.152815
0.067022
-0.187144
-0.035237
-0.032761
0.028127
-0.136254
0.069794
0.207089
-0.108743
-0.157344
0.056572
0.030413
-0.144872
-0.091930
0.302760
0.095001
-0.065724
0.101461
-0.154421
-0.086726
0.289006
0.092354
0.273611
0.453799
0.105061
-0.108887
-0.060537
0.101672
0.020005
0.025074
-0.026803
-0.047305
0.076295
-0.230489
-0.167240
0.131117
-0.061472
0.074806
-0.132198
0.081080
-0.281780
-0.282408
-0.182654
0.155040
0.097441
0.025564
-0.176847
0.215691
-0.040699
-0.212322
-0.308734
-0.039426
-0.310816
-0.093621
-0.123178
0.092732
0.228776
0.021911
-0.115138
0.269116
-0.278521
0.012102
-0.286054
0.170222
-0.410891
-0.127537
-0.072060
0.094984
0.178013
0.113334
-0.395387
0.098045
-0.347241
0.279795
-0.002760
-0.211034
0.214202
0.071729
0.096722
-0.003610
0.031269
-0.147624
0.159044
0.134924
0.269509
0.013294
-0.010393
0.104959
-0.170551
-0.112622
-0.085684
-0.134543
-0.349605
0.074207
-0.125068
0.048614
-0.314188
-0.309614
-0.103633
-0.053294
0.168020
0.205974
0.012721
-0.086690
0.129677
-0.052910
-0.093157
-0.173184
-0.047284
0.166069
-0.183989
-0.156123
0.177250
-0.101946
-0.076740
0.239161
-0.108214
-0.081028
-0.089026
-0.238607
0.242163
0.162270
-0.043698
0.024027
0.125109
-0.279170
0.296970
-0.174263
0.004199
-0.330430
0.020411
-0.022470
0.043906
-0.082284
-0.052382
-0.186961
-0.018382
0.268268
0.041199
-0.239805
-0.104074
0.009298
-0.020494
0.062112
0.077241
-0.143906
-0.287188
0.280297
-0.093988
-0.204668
0.058112
-0.052156
-0.075857
-0.263595
-0.152250
0.114029
-0.090489
0.033510
-0.084433
0.090993
0.032611
-0.096314
0.080723
-0.015317
-0.370455
0.197386
0.084449
-0.245726
-0.318398
0.019369
-0.100033
-0.308123
-0.091584
0.058942
-0.103330
0.211219
0.181789
-0.330361
0.037827
0.113752
0.205626
0.046189
-0.095062
0.057803
-0.443477
0.041107
-0.237828
0.533040
0.146392
0.038093
0.261903
-0.198532
-0.088014
-0.209123
-0.091141
0.211203
-0.031519
-0.102044
-0.368206
0.142439
-0.150091
-0.171304
0.052056
0.391392
0.244865
-0.111409
0.210162
-0.357725
0.064444
-0.045051
0.065308
0.010661
0.166939
-0.036681
0.040626
0.367776
0.029368
0.055762
0.068989
-0.125206
0.040199
0.215327
0.216762
0.191135
0.024114
0.039309
0.147636
-0.030719
0.370534
-0.028199
0.149648
0.002473
0.061272
0.213207
0.073529
-0.040144
-0.138449
0.088281
0.097295
-0.423409
0.373151
-0.029003
-0.047578
0.116908
-0.022282
0.143340
-0.007550
-0.136911
0.032785
-0.159197
-0.107166
0.072281
-0.237918
-0.013144
-0.096121
0.118581
-0.146616
0.426388
0.331324
0.244184
0.194132
-0.037852
-0.046882
0.070030
-0.020448
0.273606
-0.108037
-0.027556
0.211391
0.117775
-0.087446
0.029682
-0.294740
0.085400
-0.131469
0.405486
0.053374
0.205321
0.331698
-0.127507
-0.027889
0.069081
-0.043534
0.061690
-0.295539
0.137205
-0.074345
-0.117144
0.194884
-0.081419
0.174768
0.272315
0.104846
-0.043904
-0.302126
-0.112078
0.000467
0.001697
-0.361823
0.080529
0.181394
0.004657
-0.163291
-0.038046
-0.078974
-0.065179
0.017459
0.008138
-0.130385
0.107958
-0.081351
-0.037125
-0.160115
-0.014450
0.104795
-0.304705
0.186576
0.134105
-0.117325
-0.145320
0.042709
-0.175345
0.079121
0.080744
0.003643
-0.014444
0.040649
-0.058247
-0.175940
-0.145688
0.261523
0.076800
0.023241
-0.075691
0.134804
0.093712
-0.017097
0.009956
0.109699
0.025145
0.189066
0.591232
0.117785
-0.057378
0.075621
0.064919
-0.070775
0.126232
-0.058545
0.077868
0.114148
0.030032
0.074864
0.096529
0.026167
0.220847
0.089824
-0.032323
-0.093977
-0.435181
0.278151
-0.039376
0.156198
0.018573
0.235902
-0.211666
0.127414
-0.020737
-0.161660
0.090489
-0.075413
-0.166690
0.044436
-0.098687
0.102521
-0.251497
0.102489
-0.178708
-0.154561
0.046114
-0.177900
-0.277855
-0.126864
-0.044553
-0.434746
0.311987
0.143521
0.233922
-0.048063
-0.103528
-0.154371
0.268674
-0.062224
-0.022992
0.095918
0.160488
0.460149
-0.088799
0.168625
-0.033954
-0.207732
0.010390
0.081142
-0.032425
-0.309592
0.134221
-0.126118
-0.028976
-0.266783
0.018971
-0.040376
-0.005988
0.015764
0.118920
-0.249763
0.029145
-0.255672
0.007567
0.035640
-0.108040
-0.050517
0.104587
-0.353608
-0.086473
-0.105893
-0.147026
0.110097
0.171045
0.182561
-0.113728
0.134949
0.123952
-0.004639
-0.156700
0.014567
-0.309157
0.144584
0.062066
-0.163527
-0.074037
-0.081679
0.003626
-0.056223
0.144365
0.054176
-0.311889
-0.120861
-0.185572
0.145593
0.273738
-0.237971
0.081125
-0.139203
0.149822
-0.171865
-0.101945
0.175678
-0.002831
-0.019036
-0.127055
0.177827
-0.035464
-0.112144
0.172001
-0.012933
0.173081
0.038008
0.172374
-0.330911
-0.161714
-0.211136
0.160735
-0.128715
-0.034767
-0.201530
-0.321233
0.051538
-0.025647
0.001507
-0.338193
-0.166354
-0.121641
-0.005390
-0.270361
0.106781
-0.033353
-0.123420
-0.045123
0.015281
0.295277
0.164369
0.168743
0.412444
-0.202475
0.338273
0.128962
-0.025023
-0.166122
-0.083731
-0.338849
-0.203800
-0.018503
0.148745
-0.259131
-0.089348
0.220503
-0.134753
-0.186430
0.276357
0.051065
0.143528
0.008870
0.126761
-0.021663
-0.076633
-0.039941
-0.062307
0.093310
0.303748
0.178104
-0.007977
0.004934
-0.107527
-0.316904
0.038966
-0.395766
-0.123931
-0.053600
0.006480
0.262696
0.091822
0.209944
0.223189
-0.146916
-0.069031
0.119959
-0.340475
-0.117824
0.076362
-0.145394
-0.034270
0.127586
0.214095
0.112807
0.129565
-0.058068
-0.081689
0.178030
-0.241218
0.195541
-0.105731
0.200916
0.022405
0.070484
0.138127
-0.012925
0.057283
-0.182915
-0.328407
0.098310
0.044263
-0.220308
0.177326
0.140934
0.117723
0.150875
-0.038636
0.127262
-0.046853
0.090358
-0.254340
-0.339507
0.088942
-0.380003
0.194644
-0.174146
0.132661
-0.073640
0.077740
-0.211749
-0.107071
0.401746
0.161701
0.073474
0.196336
0.070704
0.289212
-0.116649
0.137256
-0.228539
0.140284
0.026495
-0.168786
-0.179092
-0.023050
0.060447
0.354892
-0.198312
0.038865
0.034195
0.121964
0.129263
-0.199296
-0.102711
-0.033579
-0.048563
0.158894
0.017001
0.069172
-0.129210
-0.201625
-0.144733
0.029515
-0.146632
0.112175
-0.010216
-0.295346
0.116050
-0.023721
0.102276
0.109780
0.090711
0.181891
0.088500
-0.061528
-0.094703
-0.133507
0.055990
-0.205609
-0.031099
-0.003880
-0.138333
-0.006045
-0.199884
0.122965
-0.247486
-0.118157
0.039131
-0.271594
-0.395422
-0.213576
-0.217505
0.112955
-0.088629
0.164860
0.157140
0.064034
-0.011060
0.357051
0.009740
-0.019641
-0.238100
-0.059834
0.025752
0.054048
-0.040935
-0.109039
0.058310
0.171388
0.083217
0.020832
0.193059
0.232885
-0.085834
-0.057412
-0.085197
0.190900
0.038794
0.079166
-0.068381
-0.103142
0.046283
0.056070
-0.053692
0.136567
-0.045710
-0.109241
-0.076514
0.037476
0.077252
0.266182
0.189448
-0.077521
0.206929
0.098196
-0.056254
0.461666
-0.036429
0.022567
-0.209519
-0.098345
0.146069
-0.121818
-0.112967
0.105310
-0.450671
0.153187
0.200403
0.033342
0.144095
0.033384
-0.051942
-0.159078
0.254350
-0.299529
-0.415565
-0.136552
-0.157883
-0.055451
-0.154406
0.117764
0.354224
-0.029799
0.054631
-0.076874
-0.148337
0.130729
-0.350993
-0.033488
0.076861
-0.101328
-0.187512
-0.128694
-0.056572
-0.065851
0.280626
0.108103
0.241894
-0.183167
-0.122282
-0.276232
-0.051392
-0.072200
0.099932
-0.055165
-0.012924
-0.277759
0.113529
0.192724
-0.134151
-0.006678
0.248162
0.184324
-0.180938
0.113909
-0.090238
-0.340698
-0.353321
0.077545
-0.182208
0.108742
0.148812
-0.251811
0.048385
-0.104666
-0.178864
0.046006
-0.127728
-0.175050
0.091669
0.143549
-0.139570
0.044325
0.205618
0.006820
0.049355
-0.051157
-0.118290
0.003722
0.239688
-0.117686
-0.031160
0.224554
0.113616
-0.106119
-0.117894
0.255279
-0.073106
-0.337426
0.112251
0.279625
-0.181378
0.059801
-0.166154
0.168285
-0.108761
0.126939
0.115669
0.127602
0.126948
0.045447
-0.008002
-0.033025
0.020246
0.096804
-0.086839
-0.308452
-0.245955
0.039673
0.111223
0.175041
-0.245337
0.212837
0.433699
0.051418
-0.194408
-0.428446
-0.033693
0.003426
0.104987
0.313647
0.126641
0.200029
-0.189310
0.075067
-0.089822
0.231386
-0.064988
0.297892
0.280383
-0.015221
0.206790
-0.081203
0.065541
-0.106837
0.088527
0.212579
0.242840
-0.077741
0.145957
-0.022328
-0.347721
0.074505
-0.270379
0.209966
0.119437
-0.013341
-0.001954
0.186509
-0.092973
0.181799
0.122085
0.298005
-0.316199
-0.032247
-0.076031
0.017091
0.040001
0.177323
-0.126728
-0.104117
-0.094131
0.008591
-0.250246
-0.102633
0.221320
0.192789
0.143099
-0.120306
0.024135
-0.086567
-0.163541
0.164627
0.136864
0.056554
0.157228
-0.025898
0.070614
0.159324
0.160665
-0.081804
-0.059483
-0.118216
-0.188355
0.089273
-0.260739
0.062050
0.299778
-0.149443
-0.243848
0.182240
-0.001455
-0.259663
0.074978
-0.127792
0.122318
0.171954
-0.039640
-0.219420
-0.259674
-0.111649
-0.072768
0.125201
-0.005438
0.140416
0.044080
0.091237
0.069701
-0.007405
-0.146562
0.018040
-0.174415
-0.010302
0.052530
0.103878
-0.018857
0.089883
0.094123
-0.130938
0.164410
-0.200148
0.021672
0.029058
-0.056444
0.145533
0.048960
0.159823
0.162743
0.012189
0.106478
0.162063
-0.152304
-0.145506
-0.022284
-0.178643
0.103185
-0.413771
0.047869
0.434353
-0.072027
0.083509
0.031040
0.041489
-0.062544
0.112581
0.015149
-0.171883
-0.256559
0.039392
0.074398
-0.064374
-0.114262
0.259948
0.030301
-0.032054
0.222653
-0.126663
0.172177
0.013543
-0.032653
0.082198
-0.179756
0.065353
0.025311
0.083941
-0.033921
-0.181968
0.204152
-0.040256
-0.125984
0.144955
-0.328014
0.051753
-0.304621
0.340137
-0.178199
0.217782
-0.208042
-0.011388
-0.040428
-0.004581
-0.089259
-0.065833
-0.259248
0.190944
0.076451
0.034922
-0.050881
0.305909
0.245119
-0.059590
0.071964
-0.044236
-0.044822
0.015631
0.124358
-0.097840
-0.218790
-0.491602
0.104394
-0.075501
0.116092
-0.136469
0.175245
0.053381
-0.094543
0.295969
0.163078
-0.055432
-0.166707
-0.055585
0.120571
-0.083791
0.054872
0.150116
0.146567
0.112952
-0.282829
-0.396928
0.053253
-0.192737
0.068492
0.156134
0.198177
0.013206
-0.001807
-0.071195
0.044050
0.270120
0.003487
0.476893
0.001847
0.063653
0.208210
0.107716
0.252503
0.331709
-0.065233
0.141267
-0.470174
-0.061358
-0.058977
0.034167
-0.221676
-0.031095
-0.386641
-0.060699
-0.181126
-0.362079
-0.212679
-0.383847
-0.318452
-0.358852
-0.195102
-0.044657
-0.511127
-0.247648
0.095435
-0.171488
-0.364709
-0.321824
-0.190637
-0.117149
-0.201861
0.151970
0.127993
-0.096904
-0.262552
0.440036
0.023275
0.145570
0.196792
0.011261
0.309923
0.340558
0.208021
0.239084
0.459593
0.491946
0.123970
0.484608
0.179319
0.344507
0.179118
0.301591
-0.046547
0.264021
0.366920
0.305816
0.323733
0.062720
0.182084
-0.023490
0.028896
-0.012213
-0.185400
-0.110024
-0.010862
-0.061911
-0.246711
-0.171484
-0.128807
-0.038725
0.058154
-0.331498
-0.287108
0.055270
-0.231259
-0.101822
0.097509
-0.058495
-0.216491
-0.273546
0.233012
-0.532867
-0.001231
0.166350
0.302576
-0.102235
0.232589
-0.031053
0.097734
0.126510
-0.055405
0.084135
-0.275924
-0.262074
-0.263145
0.139613
0.275302
0.117037
0.230216
-0.061255
0.017268
-0.313836
0.005491
-0.114375
0.082411
0.004777
-0.038690
0.165393
-0.286118
0.124292
0.030610
-0.156331
0.137393
0.064315
-0.295765
-0.058227
0.242203
-0.323774
-0.210739
0.352567
0.023797
0.053753
-0.030968
0.155372
0.100996
0.020126
-0.123657
0.175685
-0.018366
0.335474
-0.189003
0.040628
-0.225850
0.052328
-0.183697
0.020281
-0.340899
-0.099219
-0.112353
-0.083430
0.076891
0.063348
0.034480
-0.017128
0.145504
0.055583
-0.135199
0.131274
-0.044576
-0.455166
0.079434
0.140319
-0.075507
-0.075429
0.042824
0.032453
-0.048550
0.034734
0.133890
-0.015555
0.217038
0.044914
-0.069345
-0.100147
0.053778
0.192362
-0.055635
-0.220069
-0.020672
0.076103
0.127626
-0.169593
-0.367708
0.146814
-0.151934
0.220950
0.072576
0.045689
0.015484
0.006104
-0.194341
0.135648
0.111507
-0.043391
0.285140
-0.032231
-0.157917
0.190889
-0.103654
0.045349
0.046783
0.318344
0.045365
-0.076043
-0.046864
0.329658
-0.221185
0.086184
-0.190826
-0.006847
0.056786
0.090334
0.051272
0.096790
-0.014365
-0.144586
0.273966
0.174106
-0.033615
-0.180646
0.030118
0.184757
0.144878
0.062671
-0.228744
0.224646
-0.087820
-0.272163
-0.277545
-0.090157
0.046428
0.226213
0.035957
0.152493
0.110484
0.141994
0.078097
0.157467
-0.289093
0.109612
-0.085893
-0.034040
0.360770
-0.026073
-0.342540
-0.005120
-0.215112
0.015481
-0.011325
0.172973
0.046898
-0.236595
-0.156934
0.067512
0.135155
-0.090325
-0.009899
-0.084845
-0.034930
0.077860
-0.003897
0.247517
-0.184858
0.167936
-0.411817
0.006925
0.067610
0.028330
0.248784
0.213021
-0.159428
0.091537
0.186352
-0.184294
0.265200
0.202706
-0.382905
-0.014476
0.262906
0.171768
-0.074885
-0.104656
0.080749
0.251336
0.131184
0.154152
-0.058726
-0.075263
-0.061016
0.135101
-0.275567
-0.217209
-0.030779
0.288430
0.032244
-0.049472
-0.223670
-0.171726
0.081876
0.440917
0.203297
0.223738
0.069643
0.126537
0.118193
-0.282743
0.103271
0.223408
-0.065006
-0.013721
-0.199296
0.006731
-0.133162
-0.147826
0.048959
0.290069
-0.130914
0.165502
0.006591
-0.135121
-0.125187
-0.081262
-0.060646
0.053339
-0.407967
-0.098592
0.065033
-0.101779
0.028387
0.147889
-0.110620
0.191210
-0.224203
0.326911
0.198150
-0.086669
0.259694
-0.050960
-0.068363
0.065311
0.017757
0.008923
0.237338
-0.101233
0.127142
-0.025296
-0.019816
0.148861
-0.073204
0.116064
-0.138197
0.484164
0.074141
-0.181195
-0.096157
0.229435
0.194422
-0.026224
0.138592
0.157236
0.009250
0.082668
-0.289297
-0.146874
0.206279
-0.033304
0.010791
-0.188300
0.296785
-0.178487
0.065651
-0.048833
0.231237
-0.091503
-0.050898
0.088822
0.345296
-0.143014
0.076764
0.091253
-0.161174
-0.069221
0.071486
-0.027104
-0.168980
0.027601
-0.381730
-0.064013
0.065002
0.117077
-0.042498
-0.044400
-0.022671
0.105388
0.362274
-0.104113
0.151999
0.042013
0.021326
-0.030274
0.130291
-0.235987
-0.305755
-0.103369
0.113839
-0.046133
0.014844
-0.018097
0.105964
0.247919
-0.126177
-0.063621
-0.024655
-0.028745
0.202143
-0.505660
-0.074847
-0.142182
-0.054435
0.227099
-0.109363
-0.191495
0.259036
0.373080
0.160109
0.054399
0.082534
-0.068301
0.228913
0.061883
0.110196
-0.090242
0.110323
-0.012977
-0.341872
0.088603
-0.141165
0.189282
-0.101181
-0.203866
0.128965
0.152969
0.156303
0.303668
0.151087
0.153625
-0.045137
0.165060
0.107103
0.304825
-0.019417
0.042828
0.000150
-0.093176
-0.171179
-0.019911
0.029352
-0.047695
0.042697
-0.411275
-0.287106
-0.088689
-0.026145
0.274170
-0.140822
-0.006060
-0.175959
0.194439
0.172444
-0.138571
-0.079325
-0.151233
0.190413
-0.175099
-0.062458
0.116816
-0.045963
-0.208098
0.387261
-0.239196
0.174393
-0.079155
0.070441
-0.052499
-0.106626
0.326505
0.129871
-0.144532
0.184226
0.069878
0.074488
-0.127285
0.025811
0.191140
0.000491
0.120920
-0.435150
-0.000779
-0.347106
0.329361
-0.054351
0.149436
-0.073419
-0.191582
0.158703
0.090890
-0.019206
-0.245867
-0.122371
0.011593
0.060960
0.220055
0.012910
0.012301
0.271167
0.189895
0.105296
0.136352
-0.107883
0.131003
-0.055851
0.035138
-0.085683
-0.030174
0.168981
0.193169
0.085914
0.240837
-0.338303
0.075902
0.130714
0.385563
-0.129766
0.057220
0.203886
-0.248557
0.177865
0.010406
0.034361
0.126416
0.077071
0.049054
0.150972
-0.278581
-0.009179
-0.061509
0.130380
-0.077660
0.079083
0.252402
0.105306
-0.137811
0.167246
0.064013
-0.376206
0.156378
0.068645
0.300876
0.182794
-0.105117
-0.144187
-0.270372
0.182930
0.166074
-0.285987
-0.305617
0.148730
0.011531
-0.235471
0.178690
0.146485
0.077446
-0.436941
0.126633
0.217238
-0.016030
-0.111779
0.062705
-0.273130
-0.171724
-0.042665
0.095684
-0.172051
0.213020
0.017770
0.149800
-0.091418
-0.044205
0.046848
-0.122378
-0.068562
0.046183
0.165763
-0.092028
-0.028088
-0.126016
0.085247
0.228818
0.048083
-0.282790
-0.419925
0.147081
0.026770
0.025157
-0.018034
-0.113114
-0.036834
0.328237
0.100935
-0.113749
-0.094290
0.261828
0.016513
-0.098514
0.085259
0.236689
-0.084855
0.193392
-0.170418
0.165252
0.012327
0.077054
0.060117
-0.243330
0.136304
0.340018
-0.075179
-0.014572
-0.042250
-0.170772
-0.237643
-0.006587
-0.140811
0.137523
-0.024234
0.088556
-0.025637
0.035161
0.017963
0.028408
-0.209264
-0.154378
-0.278460
0.173996
-0.273010
0.055769
0.205606
0.176705
0.017330
-0.016835
0.010645
-0.165479
0.245501
0.111443
-0.003334
0.359420
0.093945
-0.009615
0.367842
0.193683
-0.005973
-0.155348
0.342540
-0.147237
-0.138036
-0.000166
0.089769
0.241159
-0.077453
-0.156175
0.168951
0.134011
-0.206015
0.049984
0.417508
-0.136833
0.142481
-0.086218
-0.255605
0.130031
-0.064293
0.220360
0.012370
0.353353
0.016904
-0.189679
0.214604
-0.264946
-0.121538
0.001101
-0.111373
0.334951
-0.017891
-0.164309
-0.087896
-0.221191
-0.002033
0.051794
-0.150145
-0.074076
0.258190
-0.079128
0.107134
0.080518
-0.267405
0.092815
-0.172880
-0.050350
-0.134373
-0.021963
-0.075393
-0.169567
-0.236130
-0.012694
-0.094811
-0.063250
0.143057
-0.259898
-0.132711
-0.015289
-0.044749
0.200253
-0.042790
0.096198
-0.161775
-0.266894
-0.095557
-0.045991
0.215462
-0.232848
0.133435
0.084346
-0.039793
0.193242
-0.033637
0.240528
0.158681
-0.045244
0.170503
-0.072271
-0.063837
-0.026544
0.121217
-0.233107
0.021603
-0.222223
-0.103571
-0.050967
0.132565
0.050390
-0.116924
0.116301
-0.235065
-0.097165
-0.076760
0.100074
0.082580
-0.143877
-0.146601
-0.374905
0.199734
0.031158
0.031945
-0.226183
0.035524
-0.209853
-0.113131
0.203952
0.053506
-0.050229
-0.101996
0.098192
0.065525
-0.071855
-0.138421
0.008198
-0.251198
0.216735
-0.071693
-0.015184
-0.003765
0.189134
-0.379966
-0.042224
-0.168497
0.049103
0.014530
0.187764
-0.051017
0.090291
0.216359
-0.027422
-0.068533
-0.140240
-0.162066
0.027416
-0.052460
-0.391322
0.073873
-0.345059
0.241812
-0.208972
0.314026
0.208929
-0.037573
-0.488433
-0.133476
-0.034130
-0.026553
0.072807
-0.238712
0.116538
-0.399686
-0.006217
0.156448
0.289654
0.231458
-0.060718
-0.085836
0.034464
0.011320
0.280303
-0.153297
-0.003774
0.130315
0.062794
-0.018583
-0.278277
-0.109855
0.102302
-0.061302
-0.095752
-0.290304
0.180605
-0.112794
-0.003282
-0.107008
-0.231914
0.106728
-0.009714
-0.033971
-0.020741
-0.085830
-0.236908
-0.025665
0.029717
0.386975
-0.174903
-0.149590
-0.013981
-0.018352
0.083701
-0.081243
0.124160
-0.097301
-0.230541
-0.150587
0.001422
0.207247
-0.087768
0.131174
-0.036548
-0.036642
0.036904
-0.186960
0.048199
-0.350964
-0.130203
0.220296
-0.261884
-0.056757
0.010995
-0.221014
-0.248513
0.063713
-0.253064
0.364619
0.099215
-0.238468
-0.179072
0.076548
0.138206
-0.028488
-0.148820
-0.012666
-0.206572
-0.212344
0.024942
-0.075514
0.097532
-0.060427
-0.224627
0.030976
-0.194788
-0.306214
0.185900
0.001473
0.219183
0.133515
0.241878
0.027812
0.016231
-0.243734
-0.108830
0.096526
-0.037030
-0.046591
0.246698
0.029829
-0.028335
-0.176341
0.062158
0.231155
-0.135443
-0.187406
0.138344
-0.161823
-0.154743
-0.045669
-0.034977
-0.074778
0.027994
-0.148689
0.036907
0.206690
-0.031493
0.216854
-0.051392
-0.061570
0.042639
0.175983
0.094886
0.149818
-0.035824
0.075394
-0.272177
-0.216052
-0.094828
0.082872
-0.219187
0.004314
-0.125625
0.187189
-0.020686
0.086873
-0.198551
0.036421
-0.129654
-0.160167
0.103232
0.344543
0.021027
0.092223
-0.333551
0.068393
0.179979
-0.119680
-0.058846
0.148597
-0.020488
0.078510
0.268250
-0.073201
-0.068480
0.014226
-0.168675
-0.063812
-0.124393
0.097033
-0.127681
-0.096135
0.013329
0.186808
0.075665
0.198365
-0.067829
0.178460
0.075963
0.013252
-0.171178
-0.023687
0.148448
0.240103
0.049753
-0.199999
0.287164
-0.021630
-0.031709
0.066460
0.027060
0.065390
-0.020023
0.044930
0.324228
-0.217745
-0.205282
-0.159156
-0.052413
-0.097820
0.013672
-0.310329
0.064012
0.100873
0.062640
0.050247
0.103789
0.147729
0.083107
-0.052475
0.028728
-0.064399
0.246726
-0.366190
-0.065356
0.008418
0.142405
-0.029245
-0.087478
-0.127444
-0.043422
0.089434
-0.013271
0.337297
0.108373
0.169465
0.003121
0.036859
-0.078969
-0.239896
-0.014423
0.145591
0.129099
0.024387
0.167979
0.004740
0.042842
-0.103035
-0.228421
-0.007637
0.165397
0.009212
-0.043301
0.082277
-0.118853
0.022685
0.237905
-0.261714
0.040762
-0.222598
-0.141534
-0.428222
0.057598
0.082780
0.238542
0.171758
0.031286
-0.193614
-0.236488
-0.315767
-0.092827
-0.059568
0.135430
0.232295
-0.062395
0.303654
-0.274672
0.117595
-0.058371
0.253916
-0.023376
0.232563
-0.323967
0.007805
-0.109212
-0.003100
-0.290409
0.264547
0.191756
-0.038006
0.237188
0.043297
0.124262
-0.147850
0.027806
0.023896
-0.116502
-0.097664
0.113370
-0.181782
-0.134623
0.019540
0.199043
-0.073194
-0.125277
0.011380
0.133132
-0.203659
-0.170252
-0.188022
0.034981
0.169265
0.077373
0.186984
-0.087557
-0.115400
-0.128163
-0.348917
-0.072722
0.148022
0.337974
-0.037388
-0.037975
-0.115002
-0.221417
0.100834
-0.415507
0.077983
0.016937
0.233492
0.173277
0.093096
-0.057111
-0.048035
-0.720165
-0.033790
0.187800
0.374469
-0.127123
0.232180
-0.011384
-0.105045
0.265775
0.026718
-0.011785
0.081221
0.351360
0.189466
0.054973
-0.081595
0.216158
-0.017444
0.139549
-0.352834
-0.037466
-0.183834
0.015967
-0.066534
-0.227541
0.283278
0.125539
0.250786
-0.023693
-0.077578
-0.144534
-0.066275
-0.265144
-0.254574
-0.177467
0.069916
-0.037603
-0.245662
0.102152
-0.259427
-0.027405
-0.209539
-0.137148
-0.149103
-0.028939
-0.293555
0.059446
0.241835
-0.077811
-0.163329
-0.130947
-0.114486
-0.049446
-0.233276
0.189183
0.113127
-0.040695
-0.255939
-0.109637
-0.143639
0.024838
0.007685
-0.167097
-0.011664
-0.159811
0.266412
-0.016290
0.240311
-0.170841
0.029623
0.069089
0.120412
0.186636
0.267994
0.214504
0.034295
-0.117443
0.073925
-0.098575
0.200827
-0.186693
0.203949
0.148142
-0.058365
-0.093064
0.088015
0.223168
0.139900
-0.253309
0.128649
0.014585
-0.028150
-0.116404
-0.215636
-0.002522
-0.025253
0.030705
0.042825
-0.008678
-0.045851
-0.008744
0.157848
0.065490
0.056082
-0.267537
0.008286
0.062909
-0.056869
-0.165172
-0.098604
0.138506
0.132025
-0.212672
0.020198
0.144939
0.346734
0.183847
-0.353511
0.046253
0.181750
-0.210705
0.205011
-0.208606
-0.181071
0.108556
0.141253
-0.225562
-0.072070
0.090245
-0.024083
-0.004692
0.059202
-0.038009
-0.008861
0.129715
-0.047850
-0.476762
0.121290
0.087069
-0.328078
-0.114879
0.365334
-0.158052
-0.071148
0.150475
0.002953
-0.097219
-0.430767
0.014426
0.107816
-0.090067
-0.220783
-0.002040
0.114197
0.178832
-0.214774
-0.194885
-0.218486
0.087117
-0.313239
-0.244647
0.175322
-0.243077
0.118212
-0.167897
-0.156884
0.216564
0.066944
0.249966
0.247083
-0.281005
0.115500
-0.048863
-0.222931
-0.123995
-0.193092
-0.001224
0.119773
-0.076287
-0.036097
0.083205
-0.160275
-0.367545
-0.134390
0.327049
0.062892
0.112273
-0.090201
0.119278
0.049886
-0.108818
0.144189
-0.136445
-0.005298
0.100714
-0.375259
0.379239
0.106848
-0.254038
0.295709
-0.173515
-0.375471
0.071102
-0.036353
-0.400441
0.482680
0.282890
0.397856
0.036124
-0.030618
0.002448
0.012427
-0.124469
0.136139
0.088215
-0.049921
-0.071792
0.059091
0.171459
0.046662
-0.004358
0.209756
-0.033805
-0.021813
0.083411
-0.050769
-0.053877
0.350632
-0.213562
0.238147
0.034262
-0.051095
-0.037118
-0.272511
-0.024237
0.087526
0.034846
-0.052715
0.098787
0.134926
0.312983
0.051894
-0.132690
0.063843
-0.331748
-0.001409
-0.079382
0.049260
0.061479
-0.039094
0.023778
0.105649
-0.367361
0.027725
0.107571
0.111611
0.134738
0.128241
-0.322732
-0.142480
0.183215
-0.103143
0.005275
-0.099527
-0.014853
-0.097483
0.350173
0.185903
-0.118011
0.255800
0.009520
-0.044437
0.262140
-0.023710
-0.166929
-0.042073
-0.039761
0.306877
0.238979
-0.206086
-0.112085
0.029469
-0.276763
0.108304
-0.193990
0.159253
-0.121984
0.015474
0.025671
-0.171919
-0.146959
-0.248476
0.058918
-0.070899
0.055988
-0.088926
-0.114456
-0.054600
0.178248
0.036679
0.061287
0.079216
0.009187
0.035108
-0.232824
-0.219500
0.329870
-0.041646
-0.060710
-0.061512
0.366812
0.015871
0.029421
0.063968
0.261330
-0.253125
0.099394
0.065353
0.239639
0.100207
0.261831
0.140027
-0.052341
0.078371
-0.048282
-0.095901
-0.155158
-0.103042
0.038231
0.399739
-0.021529
0.005027
-0.051887
0.114738
-0.097941
-0.205170
0.111318
-0.343083
0.286760
-0.289673
-0.023117
0.149695
-0.041854
-0.145963
-0.033717
-0.502030
0.120328
0.200832
-0.378132
-0.151576
0.105627
0.191571
-0.292905
-0.049653
0.073767
0.029145
0.107416
-0.108703
0.055545
-0.277419
0.023348
0.016246
-0.031282
0.165255
0.015209
-0.335698
0.101989
0.231724
0.147780
0.034466
0.001387
0.361994
0.008061
-0.192955
-0.075872
-0.140420
-0.135501
0.068746
-0.304289
-0.078998
-0.243469
0.065837
-0.064916
-0.057925
0.045277
0.014670
0.108791
-0.176017
0.025722
-0.069806
-0.118941
-0.133019
0.162478
-0.016179
0.166529
-0.098974
-0.054573
0.001617
0.040814
-0.136399
-0.374100
-0.033837
0.072987
-0.207735
-0.344061
-0.026452
0.149009
-0.081355
0.137224
-0.123001
0.125778
-0.012159
-0.035325
-0.104126
-0.508666
-0.049435
-0.179580
-0.091688
-0.146880
0.034591
0.047091
-0.206626
-0.164123
0.224663
0.204500
0.059718
-0.080133
-0.228836
-0.148078
0.222977
-0.199189
-0.227598
-0.016821
0.054399
-0.029707
-0.295319
-0.131781
0.129560
0.024453
0.137055
0.173586
0.133338
0.039247
0.392693
0.086183
0.174857
-0.052839
-0.198798
0.055888
-0.096185
-0.140429
0.275240
-0.087446
0.532085
-0.241139
0.029347
0.011452
-0.067426
0.321997
-0.156376
0.195111
-0.139695
0.146885
0.166819
-0.281739
0.095066
-0.039668
0.090096
0.296951
-0.192569
-0.285157
-0.126979
0.059396
-0.096538
0.048635
0.001924
0.254068
0.084220
-0.397502
-0.030717
0.204155
-0.257364
0.001944
-0.258641
0.031045
0.207488
0.072258
0.208842
0.303210
-0.383960
-0.017960
0.030404
-0.031463
-0.239520
0.120805
-0.158913
0.033035
-0.250714
0.050747
0.104992
-0.070279
-0.173512
0.294018
0.003381
-0.203056
0.007066
-0.052797
0.181534
0.083246
-0.063122
0.007947
0.029138
0.093151
-0.081884
0.076586
-0.064537
-0.208675
-0.019916
0.059077
-0.169372
0.150999
0.027835
0.063698
-0.061233
-0.013493
-0.043072
-0.168524
-0.185803
-0.061897
-0.023962
-0.100979
0.108233
0.178003
-0.025340
-0.086262
0.146855
0.061817
0.176416
0.057133
0.161751
0.072500
-0.116478
-0.239088
-0.041362
0.148764
-0.050932
-0.062514
0.046240
-0.106830
0.040919
-0.126863
0.513638
0.049833
0.023107
0.233304
0.075952
0.069251
0.011395
-0.081219
-0.105074
0.020411
-0.264181
0.236076
-0.016077
-0.459138
-0.038584
0.136271
0.266006
0.066735
-0.036566
0.184387
-0.023099
-0.297427
-0.247984
0.078924
0.028757
0.067045
-0.171044
-0.288912
-0.039444
-0.126099
-0.199191
0.299931
-0.169261
0.153577
-0.141798
-0.007666
-0.041982
-0.147444
0.195940
0.042442
-0.041595
-0.116219
0.289490
0.333506
-0.156279
0.116151
-0.322552
-0.040763
0.002160
-0.080365
-0.147020
0.036865
0.185759
0.318713
0.060568
-0.072936
-0.111194
-0.083649
0.124191
-0.176459
0.052065
-0.209221
-0.304785
-0.048359
-0.248914
0.266164
0.211252
0.140805
-0.305119
0.137160
0.090508
0.325395
-0.097723
-0.012939
0.144784
-0.008237
-0.077463
-0.114718
-0.049291
-0.087176
0.280062
-0.006215
-0.118732
0.093990
-0.075104
-0.042327
-0.127220
-0.129432
-0.072283
-0.160958
0.038598
-0.276581
0.107512
0.093978
0.226199
-0.076552
-0.203268
-0.151119
0.006304
-0.160206
0.153974
0.069842
-0.022077
-0.159116
0.124127
0.088967
-0.046681
-0.087423
0.029620
-0.090077
0.160275
0.151486
-0.135216
-0.096024
0.093128
0.272438
0.218669
0.009864
0.083390
0.234305
0.010244
0.298459
-0.088184
0.355118
-0.089059
-0.092329
-0.256146
-0.034775
0.224397
-0.019448
0.072389
0.219649
-0.060425
0.006249
0.139362
0.144110
0.092579
-0.051098
0.242039
0.068207
-0.015019
0.213338
0.288709
0.111917
-0.001887
-0.104931
0.080303
0.001598
-0.087293
0.287353
0.164734
0.288546
-0.013622
0.028347
0.120926
0.148167
0.193930
-0.031961
-0.093883
-0.092683
0.057708
-0.072064
0.055401
0.056807
-0.388104
0.016266
0.454440
-0.256507
0.004864
0.049827
-0.239188
-0.145476
0.279500
-0.029363
0.239921
-0.008237
0.119982
-0.281271
0.107525
0.060283
0.032687
0.248240
0.018287
0.107656
-0.065173
-0.024458
0.138253
0.158354
-0.043731
-0.233625
-0.048535
0.053216
-0.101576
-0.016808
-0.071914
-0.216869
0.129338
-0.304978
-0.198037
-0.046587
0.179780
-0.108112
0.059271
-0.034107
-0.211337
0.053609
-0.120085
0.102505
-0.023074
-0.089625
-0.027372
0.137058
-0.191256
-0.091819
-0.302238
-0.007992
-0.058939
-0.026504
0.230274
0.211303
0.346631
-0.092209
0.022219
0.074286
-0.006470
0.084963
0.040581
-0.126578
-0.134279
-0.055037
-0.338904
-0.044794
-0.135244
0.024640
-0.095245
0.095781
-0.048158
0.046057
-0.079764
0.125387
0.114764
0.039165
-0.371702
0.077092
-0.054871
0.043160
0.069493
0.008783
0.272322
-0.153254
-0.162758
-0.041718
-0.146580
-0.270890
-0.138818
0.078114
-0.120593
-0.462355
0.004044
0.308237
-0.011392
-0.008876
0.344091
-0.054564
0.050509
0.032323
0.226152
-0.162703
0.055957
-0.058641
0.082860
0.223716
-0.017805
-0.216367
-0.047808
-0.033649
0.019202
0.125904
-0.034474
0.187629
0.047578
-0.126638
0.116621
-0.283324
0.162199
-0.069755
-0.076563
-0.116051
0.459120
-0.058503
0.107097
-0.083057
-0.081933
0.267743
-0.258491
0.039728
0.172953
-0.080355
0.040802
-0.122270
-0.071312
0.079192
-0.185449
0.119907
-0.065586
0.232935
0.027734
-0.144488
0.051129
0.266452
0.059285
-0.170878
-0.164443
-0.016572
0.092954
0.070153
-0.033279
0.095203
-0.212835
0.015384
-0.026333
0.080422
-0.057462
-0.084824
-0.368210
0.130165
-0.210495
-0.211208
-0.060582
0.051525
-0.151389
0.119282
-0.154647
0.079240
-0.136498
0.196026
0.094501
-0.194234
0.057587
0.204633
-0.037008
-0.165897
-0.087630
-0.322075
0.207824
0.049539
-0.016922
-0.050355
0.002851
0.006153
0.054594
0.145311
0.015389
-0.031439
0.011969
-0.100569
0.249613
0.028581
-0.208292
-0.142970
-0.004532
-0.102677
0.067442
0.259573
0.065804
0.222421
0.296571
0.134790
-0.168087
0.098622
0.056954
-0.175754
-0.066732
0.438534
-0.256029
0.116140
-0.267559
0.029861
-0.063757
-0.060314
-0.113722
0.019146
-0.108952
0.149732
0.100392
0.017160
0.216428
-0.129334
0.108180
0.043908
-0.013046
-0.108211
-0.199675
0.041810
0.161001
-0.039790
0.280237
0.288885
-0.060711
0.107482
-0.234673
-0.182644
-0.076810
0.070063
0.129684
0.074553
-0.079338
-0.055309
0.107445
0.081945
-0.010686
-0.179387
0.082455
0.203219
0.306758
0.097929
-0.015914
-0.238508
0.136289
0.112774
-0.053468
-0.014293
0.179511
0.005620
-0.169920
-0.148674
-0.069969
0.095658
-0.009530
0.195511
0.236934
-0.093869
0.090698
0.141550
0.250150
-0.233113
0.052041
0.088100
0.102417
-0.210004
0.270863
-0.095655
-0.276343
0.035204
0.086769
0.027916
-0.118556
-0.101189
-0.075295
0.161459
0.066752
0.098476
0.003488
0.157063
0.003181
0.135359
0.267896
0.229478
0.366799
-0.116329
0.029668
-0.098515
-0.045849
0.118091
0.129700
-0.146270
0.203913
0.048749
0.010929
-0.127285
-0.301141
0.053501
0.232758
0.308286
0.138085
0.243941
-0.090877
0.134747
-0.218861
0.003086
-0.122710
0.125197
-0.336064
0.127904
0.010496
0.018410
0.111190
-0.059457
0.117798
-0.138379
-0.213789
-0.037497
-0.222961
0.105753
-0.158940
