-0.039963
0.045298
0.272760
0.018229
0.085954
-0.048173
-0.140953
0.026463
0.070780
-0.160779
0.206910
-0.125217
-0.102746
-0.201366
0.115136
-0.000637
0.051238
0.028767
0.161288
-0.267530
0.226240
-0.079398
0.112596
0.048573
-0.261113
0.385920
-0.121020
-0.293946
0.234027
0.500343
-0.186712
-0.049195
-0.126339
-0.160561
-0.085444
0.200624
-0.074788
0.172726
-0.240512
-0.048873
0.220101
-0.003042
0.036742
0.268530
0.144008
0.000664
0.056222
-0.265116
-0.297194
0.226423
0.217823
-0.014096
0.032055
0.013873
0.156627
0.199007
0.306389
-0.107831
0.164549
0.001144
0.087923
0.189734
-0.267203
0.338904
0.278116
0.074956
0.042730
-0.022869
0.362146
-0.096433
-0.184159
0.145442
0.068939
-0.066099
-0.380682
0.037280
0.303461
0.002170
-0.361624
0.049812
0.215497
-0.083962
-0.029414
0.354862
-0.084520
0.107561
-0.117177
-0.002534
0.052258
-0.266176
-0.005683
-0.017307
0.291122
0.092503
-0.332239
-0.044525
-0.059702
-0.317412
-0.048694
0.199849
0.136824
0.222770
0.045570
-0.126111
-0.202740
-0.425655
0.054204
-0.076380
-0.011184
0.029671
-0.118633
-0.011362
0.076030
-0.032612
0.146128
0.099939
-0.007779
-0.065094
0.276571
0.025601
-0.023885
-0.112486
-0.005950
-0.381032
0.128316
0.091451
0.106601
0.060355
0.162943
-0.062118
-0.010096
-0.459474
0.136527
0.344541
0.032717
0.027931
-0.290633
0.040730
0.432155
0.072228
-0.138817
0.009767
-0.236403
-0.109084
0.270969
0.101160
-0.108508
-0.057154
0.218317
0.122553
-0.070666
0.101817
-0.005696
-0.099922
0.404358
-0.005727
0.046842
-0.076127
0.372788
-0.143577
0.171961
-0.094514
-0.004746
0.196798
-0.190628
0.017655
-0.019355
-0.135808
0.234449
-0.025918
0.228060
0.037803
-0.132307
-0.032374
-0.287175
-0.250492
-0.180455
-0.118973
0.167819
0.021296
0.120115
-0.381837
0.215115
0.024642
0.162765
0.106349
0.087373
-0.348146
0.117132
0.094607
0.164839
-0.056342
0.056571
-0.136621
0.338407
0.011894
-0.182935
0.005976
-0.232432
-0.123315
-0.048698
0.008779
0.273515
-0.125460
-0.009639
-0.234995
-0.115511
0.032142
-0.233507
0.046719
-0.155556
-0.107226
0.067288
-0.036350
-0.157384
0.326643
0.295195
-0.222108
-0.099794
0.028723
-0.225004
0.006089
0.161408
-0.074223
-0.101762
-0.068965
0.017503
-0.095339
0.312957
0.086923
-0.076707
-0.036172
0.219128
0.414421
0.168292
-0.166381
-0.015084
-0.066754
0.031539
0.242836
0.311511
0.014987
0.191140
0.154782
-0.151405
-0.092841
-0.014346
0.231131
0.114943
0.253385
-0.087544
-0.151125
-0.060673
0.166914
-0.194267
0.006437
-0.163705
0.039772
-0.067518
0.037389
0.074755
-0.267860
0.182200
-0.312566
0.017948
0.358564
-0.059826
0.160223
0.092209
0.239363
-0.000115
-0.023467
0.081292
0.143921
-0.133914
0.111589
-0.173333
0.104244
-0.186153
-0.551609
0.011405
0.166209
-0.076057
-0.122963
-0.047131
0.253726
0.079887
-0.124078
0.301625
-0.200365
-0.048770
-0.034930
-0.241212
-0.023748
0.144370
-0.277998
0.242264
-0.126445
0.219713
-0.111561
0.303743
-0.079153
-0.013050
0.194127
0.167260
0.120488
-0.063200
-0.147360
-0.181910
-0.009157
-0.046802
-0.105420
-0.117909
-0.419918
0.202539
0.058736
0.016168
0.015657
-0.197632
-0.156538
-0.011659
0.043404
0.380274
-0.291204
0.159844
-0.089691
0.047034
-0.103242
-0.097856
-0.097891
0.151006
0.261733
0.320300
0.143314
-0.041903
-0.074384
0.184209
-0.220231
-0.296075
0.060950
0.008461
0.084891
0.069213
-0.064331
-0.013878
-0.312533
0.098051
-0.055873
-0.029964
0.121063
0.003289
-0.141247
-0.119038
-0.233288
0.143344
0.067306
-0.235472
-0.048237
0.065169
0.333557
0.023038
-0.055670
0.074056
-0.144062
-0.078448
-0.013626
0.279982
0.067154
0.045527
-0.288031
0.091755
-0.109642
0.169659
-0.086508
0.174677
0.109290
-0.035086
-0.071916
0.127208
-0.031899
0.042026
-0.038354
0.235503
-0.004808
-0.298484
-0.215019
-0.034275
-0.012733
-0.139471
-0.002262
0.161380
-0.018302
-0.274092
0.063203
0.093496
-0.085353
0.009571
0.156858
0.078745
0.105522
0.198438
0.012603
-0.443138
-0.219987
-0.161544
0.216713
-0.238155
0.071447
0.035251
0.075486
-0.088027
0.007376
0.076733
-0.027214
-0.225538
-0.282243
0.186535
-0.117163
0.205390
0.114168
-0.009903
-0.066543
0.004468
0.233632
0.361768
-0.072237
0.043221
-0.060489
-0.067352
0.016780
0.160824
-0.244827
0.229054
-0.406909
-0.091634
-0.428082
-0.000475
0.314126
0.065831
0.186186
0.227847
0.011881
-0.068491
0.083021
-0.353086
-0.006241
0.198592
0.013500
0.435524
-0.217427
-0.266548
-0.112629
0.247851
-0.025410
-0.000642
0.236275
0.030845
-0.059403
0.373268
-0.306535
0.215928
-0.221290
-0.048358
0.116119
-0.176224
-0.105597
-0.079175
-0.164588
0.109269
0.173315
-0.025889
-0.177538
-0.198096
-0.116602
0.222071
-0.046010
0.101392
0.164335
0.042823
-0.204233
0.089533
0.063594
-0.208344
0.013652
0.391556
0.075168
0.051012
-0.125020
0.207124
-0.116722
-0.021722
-0.270480
0.040258
0.079079
0.131016
-0.092506
-0.079900
0.122827
-0.119838
0.159411
0.167874
0.048525
0.102814
0.109141
0.114070
0.136648
-0.020673
-0.131580
-0.390521
-0.017050
-0.207800
-0.168249
-0.102700
-0.122623
0.264681
-0.027947
0.153371
0.024391
0.177849
-0.141415
0.037357
-0.250535
0.181278
0.058078
0.126468
0.071938
-0.007141
0.192249
0.318312
0.249734
-0.121695
-0.231030
0.226845
0.124007
0.193480
0.233733
0.054442
0.073395
-0.339725
-0.037356
-0.003356
0.077558
-0.083335
0.275678
0.032050
-0.268781
0.085789
0.101733
0.115835
-0.138408
0.099407
0.007848
-0.208309
0.102101
-0.137314
-0.307531
-0.194085
0.257116
0.093317
-0.078392
0.357287
0.056004
0.269196
-0.221122
-0.283682
0.044636
-0.112367
-0.063725
-0.084879
-0.001235
0.003996
0.093884
0.079948
-0.007775
-0.022794
0.292182
-0.004697
0.137851
0.108971
0.272574
0.228010
0.183020
0.071573
-0.198329
0.048028
-0.159637
0.264487
0.123723
0.048790
0.144897
0.198322
-0.071553
0.048333
0.244559
0.057625
-0.119573
0.022864
-0.036289
0.262577
0.063553
0.224554
0.003802
-0.061987
-0.079428
-0.061365
-0.172280
-0.151675
-0.104328
-0.054862
-0.062076
0.008083
-0.241505
0.384252
0.119610
0.143901
-0.240017
-0.163916
-0.197731
-0.293950
-0.083453
-0.149509
-0.057801
-0.096333
0.069864
-0.083476
0.056410
-0.088128
0.165260
0.103974
-0.017672
-0.099909
-0.075969
-0.010702
-0.016378
0.120193
0.004495
-0.024007
-0.138017
-0.102586
-0.104427
-0.091370
-0.372693
0.002351
-0.069358
-0.232500
0.015531
-0.239109
-0.017011
-0.129832
0.037587
0.351382
-0.073719
0.222643
0.150631
-0.081283
-0.026425
0.168253
0.074029
0.156368
-0.439500
0.015562
0.144419
0.005035
-0.260650
0.082168
-0.098257
0.376254
0.147792
-0.164403
0.190215
-0.035170
0.294854
-0.025969
-0.060858
-0.148469
-0.081939
-0.014560
0.140382
0.374435
-0.106657
0.030408
-0.118003
0.168370
0.049354
0.097571
-0.272014
-0.286217
-0.052635
0.055027
0.128757
-0.045044
-0.031547
-0.234320
0.114102
-0.112803
0.126715
0.157459
-0.041897
-0.199618
-0.113505
0.100809
0.030731
-0.056926
-0.261620
-0.147684
-0.126020
0.157142
0.067033
-0.037894
0.105662
-0.033080
0.064782
0.222281
-0.117022
0.032517
-0.022522
0.228457
-0.119462
-0.072255
0.158497
-0.018564
-0.006065
-0.018169
-0.067425
0.165657
0.106282
-0.577255
0.281350
0.034899
0.092644
-0.240449
0.092651
-0.244359
-0.217693
-0.342373
-0.121821
0.123750
0.131257
-0.179612
0.120148
0.520977
0.002197
0.043794
0.281261
-0.220460
-0.017850
0.015249
-0.118584
0.137113
0.170607
0.136476
0.014496
-0.147465
-0.249882
0.038206
-0.029375
0.139348
0.071738
-0.349124
-0.076179
-0.020326
0.228843
0.156844
-0.323398
0.078151
0.057138
-0.010556
-0.068962
0.078466
-0.196586
0.004980
-0.013826
0.044897
-0.005279
0.067233
0.192247
0.067143
0.054510
0.007272
0.149749
-0.003905
-0.246645
0.194295
-0.087218
0.105329
0.059735
-0.035741
-0.018389
0.127267
-0.012162
0.017339
0.116877
0.087018
0.354296
0.079302
-0.275124
0.115149
-0.102861
-0.051568
-0.111638
-0.005903
0.001611
0.143906
0.288413
0.178405
0.194785
-0.225031
0.300138
0.034657
-0.004266
-0.455091
0.087896
0.102569
-0.215559
0.170388
0.120169
-0.149303
0.145327
0.083043
0.057917
-0.135080
-0.154602
-0.071706
-0.024967
-0.169193
0.216666
0.113729
-0.161768
-0.103538
0.254856
0.101029
0.021362
0.052681
0.029029
-0.036852
0.042742
-0.128744
-0.079349
-0.125555
-0.079607
-0.002929
-0.326913
-0.043126
-0.149774
-0.091984
-0.326596
-0.023824
0.006333
-0.012565
0.333369
0.083667
-0.535481
0.152349
-0.183569
-0.266204
0.230621
0.074167
-0.190954
-0.114862
0.205552
0.166167
0.164975
-0.062151
-0.047301
-0.319265
-0.006587
-0.094294
-0.011637
-0.000657
0.017784
-0.281715
0.306851
-0.295832
0.094948
-0.007129
0.262695
-0.032407
-0.019131
0.111147
0.015971
0.242724
0.114708
0.173660
-0.096930
-0.214092
0.075445
0.109431
0.250660
0.353599
0.358647
-0.165912
-0.107689
-0.104848
0.356508
0.155852
-0.151026
0.080820
-0.109452
0.001491
0.210857
0.212783
-0.234716
0.010634
-0.098164
0.037898
-0.026630
0.363584
0.097730
-0.051991
0.044268
-0.223605
0.233604
-0.178765
0.063682
-0.053176
0.181567
-0.049416
0.281497
-0.275994
0.029215
0.202623
-0.144004
0.013199
0.007318
0.001445
-0.042681
0.074753
-0.165908
-0.066541
0.033320
0.085101
0.108511
0.191153
0.292320
-0.090597
0.091946
0.194778
-0.278479
0.204644
-0.165104
0.008034
-0.223330
-0.065765
0.068265
-0.180783
0.159482
0.141409
-0.314596
0.113648
-0.131856
0.085175
-0.226145
-0.149692
0.082048
-0.164690
0.139372
-0.132264
-0.161669
-0.078719
-0.405515
-0.191380
0.112135
-0.184863
-0.147078
-0.085897
-0.355316
0.031188
-0.251014
-0.303574
-0.301427
-0.086448
0.025133
0.010110
-0.170593
-0.169832
-0.002691
0.054698
0.286370
0.065980
-0.082964
-0.090472
-0.306278
0.231252
0.000972
-0.014404
0.015800
0.030610
-0.367510
-0.113869
0.257036
0.119649
0.111117
0.103604
0.155004
0.044312
0.088955
0.293774
-0.147964
0.232266
0.077367
-0.247125
0.083090
0.170550
0.025857
0.001331
0.031771
-0.240474
-0.153525
-0.030348
-0.081012
-0.145457
0.171990
-0.180378
-0.237587
-0.256977
0.170470
-0.045471
0.147186
-0.131425
-0.052447
0.133600
-0.180888
0.061691
-0.007671
0.229897
0.450208
0.052508
0.389506
0.574693
-0.321471
-0.086639
-0.059807
-0.026188
0.025738
0.055353
0.068122
-0.218977
0.061145
0.136072
-0.111623
-0.058307
-0.217306
-0.139001
-0.306472
0.257333
0.160087
0.123703
0.003752
-0.008192
0.127956
0.190534
-0.371070
-0.045294
0.020813
0.103906
0.140601
-0.124463
0.023601
-0.106844
-0.126717
0.042956
0.022339
0.099910
0.074860
0.049148
-0.139397
0.168185
0.059419
-0.038943
-0.250841
-0.082615
0.065522
0.153036
0.159208
0.157939
-0.134735
-0.098371
-0.207305
0.093534
0.153282
0.212779
-0.301960
0.090104
-0.253068
-0.049974
0.045022
0.128356
-0.139296
-0.118413
-0.346379
0.026695
-0.045484
-0.236206
0.304152
0.119351
-0.153710
-0.142576
-0.017356
-0.013339
-0.112249
-0.427576
0.124776
0.428627
0.299485
0.308555
0.023393
-0.050343
-0.149562
0.335779
0.211015
-0.094539
0.273832
-0.094220
-0.014891
0.026146
0.028821
0.049303
0.273557
0.183404
-0.032881
-0.068249
0.235001
0.205993
0.063829
0.141340
-0.186709
-0.208694
0.157724
-0.240841
0.021604
0.196365
0.214635
0.254946
-0.244931
-0.076546
0.030461
0.029036
-0.182681
-0.115557
0.092755
-0.209662
-0.099894
-0.051561
0.041230
-0.170825
-0.056304
0.005070
0.173020
-0.123354
0.214973
0.028052
-0.173817
0.220589
-0.160431
-0.176100
0.145352
-0.047709
0.093530
0.015253
0.197603
0.164575
0.081564
0.211805
0.283925
0.074335
0.214906
-0.171355
-0.115191
-0.130484
-0.029898
0.177552
0.067664
-0.213819
-0.041356
0.394001
-0.149631
0.102147
-0.147613
-0.052677
-0.087154
0.068456
-0.060633
0.200644
0.054954
0.133445
-0.196863
-0.146606
0.100484
0.265424
0.012289
0.003286
-0.391406
-0.100138
0.140971
0.193993
0.303769
0.284704
-0.228604
-0.189438
-0.041861
0.223107
-0.216610
-0.023965
-0.078812
0.015256
0.217049
-0.100115
0.262341
0.142569
-0.030312
-0.071014
-0.236771
0.351324
-0.406676
0.121286
0.005428
-0.209990
-0.135812
0.360469
0.199880
0.228658
0.053558
0.081512
0.205929
-0.164092
0.246987
0.197629
-0.035488
-0.114287
-0.135856
-0.100973
0.111575
-0.355487
0.032074
0.217778
-0.405563
0.044659
-0.005360
0.043746
0.040403
-0.225848
-0.221401
-0.014737
-0.141183
0.328886
-0.252097
0.138902
-0.034394
-0.030284
0.085258
0.163008
-0.035377
-0.011392
-0.070438
0.302864
0.199833
-0.008632
0.063551
0.005973
0.134935
0.130194
0.055851
0.068716
-0.166862
0.299766
0.074523
0.274892
-0.501720
-0.056568
0.061448
-0.101514
-0.059976
-0.366167
-0.269141
0.025908
0.169469
-0.030539
0.270474
-0.072610
0.131822
-0.206889
-0.062303
-0.023798
0.205288
0.052705
-0.218065
0.082357
0.143355
-0.176428
-0.074993
-0.174021
0.076128
0.233494
0.077212
0.170416
0.200290
0.020364
-0.211029
0.004652
0.391810
-0.228652
0.031342
-0.050579
-0.122395
0.326861
0.089201
-0.015830
0.014222
-0.034015
-0.115517
-0.064493
-0.124489
0.008071
0.006333
-0.063277
0.114664
-0.074112
0.229413
0.249136
-0.192395
-0.070402
-0.233785
-0.105639
-0.291072
0.157479
0.183581
-0.122237
0.021024
-0.040166
-0.093094
-0.069669
-0.043893
0.188955
0.084706
0.152560
0.305340
0.093962
0.027373
0.071453
-0.060489
0.099224
0.143145
0.182302
-0.027883
-0.042119
-0.176838
-0.158470
-0.047244
0.086361
-0.294178
0.170846
-0.183163
0.301721
-0.045244
-0.137735
0.155573
0.182812
-0.101142
-0.081888
0.031001
-0.220784
0.190418
-0.343184
0.106341
-0.156216
-0.124461
0.208157
0.022257
-0.174250
-0.098998
-0.219292
-0.036060
-0.021796
-0.076506
0.018337
0.065056
0.123551
-0.184953
-0.276531
0.397296
0.112455
0.032706
0.220173
0.155959
-0.249345
-0.032891
0.379687
0.335079
0.240044
0.130274
-0.000719
-0.086489
0.049178
-0.129071
-0.113538
0.062643
0.218882
-0.061716
0.094756
0.261894
0.008782
0.052965
-0.250537
-0.304620
0.296881
-0.134894
0.141578
-0.038088
-0.148645
0.067731
0.077319
0.261657
0.084653
0.080972
-0.093023
-0.015807
0.066782
-0.042284
-0.203277
0.054547
0.186110
0.011251
-0.006086
0.161937
-0.106924
-0.035485
-0.383593
0.126687
-0.033768
-0.387863
-0.105644
0.055602
-0.028062
0.021209
0.176556
-0.087300
-0.186250
-0.092889
0.125736
-0.195839
-0.171502
0.052814
-0.119900
-0.252193
0.041751
-0.073163
-0.002550
0.467931
-0.012249
-0.029260
0.158736
-0.094741
-0.114548
-0.175290
0.130540
0.052223
-0.129329
0.218094
0.013514
-0.090916
-0.262190
-0.378575
0.258173
0.420907
-0.045012
-0.041974
-0.164841
-0.088364
-0.189735
0.150219
-0.061743
0.047954
-0.017412
0.093999
0.345022
0.050501
-0.513739
0.131335
0.168981
-0.364974
0.016865
0.164267
-0.223431
-0.090416
-0.140772
-0.077735
0.157360
0.099016
0.068096
0.243414
-0.162873
-0.058343
-0.268497
0.266712
0.146658
-0.043489
-0.111834
0.307071
-0.048784
-0.013901
0.010887
-0.252459
-0.053609
-0.012351
0.109082
0.002007
-0.398462
0.263086
0.011926
-0.189674
0.209820
-0.213011
0.157411
-0.024672
-0.099252
0.013586
-0.048734
-0.218253
-0.047954
-0.601920
0.096174
0.121168
0.251099
-0.058333
-0.023860
-0.055472
0.071672
0.102677
0.057561
-0.068684
0.152901
-0.237229
-0.092762
-0.083995
0.090812
0.168128
0.067087
0.274855
0.202019
0.069121
-0.165707
0.121899
-0.248699
-0.301374
0.224198
0.126597
0.120410
0.166856
0.136081
-0.200289
0.010444
0.152591
-0.389552
-0.119602
-0.211251
0.097122
-0.161190
-0.080793
-0.000033
0.038923
-0.171424
-0.043929
-0.118612
0.355470
-0.031164
-0.038264
0.364982
0.015095
0.291369
-0.083629
0.153611
-0.093670
0.034454
-0.368189
0.564640
0.075209
-0.276472
-0.014171
0.005404
0.150759
0.102238
-0.447233
-0.225560
-0.240439
-0.039218
0.069583
0.210213
-0.051136
0.116345
0.011255
0.280443
0.103263
-0.147460
-0.103854
0.064929
-0.298862
0.174373
0.160233
0.207628
-0.201741
0.215787
-0.158008
-0.160636
0.343711
-0.107189
-0.128552
-0.021201
0.246999
-0.164406
0.090095
0.020765
-0.130557
0.114120
0.093718
0.092227
0.232792
-0.036745
0.177714
-0.259701
-0.000617
-0.152336
0.032355
0.114977
0.280060
-0.008061
0.444516
0.108875
0.028915
0.047492
0.068707
0.236406
0.031879
-0.007509
0.182835
0.028663
-0.097806
-0.347339
0.168682
-0.005202
0.144179
0.353238
0.103933
0.147652
-0.136557
-0.214604
-0.183466
0.160615
0.279387
-0.067234
0.203883
-0.474099
0.158142
-0.393593
0.157204
-0.342696
0.087694
0.214580
-0.135701
-0.016006
-0.012916
0.126648
-0.112687
0.343660
-0.129254
-0.152887
0.225943
-0.188043
0.062923
-0.174936
-0.043580
0.039738
0.122789
-0.255453
-0.150683
-0.273529
0.002476
0.088597
-0.273897
-0.199503
-0.161233
0.069640
-0.224155
-0.133546
0.267795
-0.218308
-0.135010
0.126504
0.171006
0.283906
-0.049915
-0.101366
-0.223553
0.095569
-0.039510
-0.062563
0.051644
0.152495
0.245045
0.254348
-0.040767
-0.301627
-0.266661
-0.096848
0.318747
0.112066
0.090935
0.078329
0.011444
-0.015094
0.113073
0.132751
0.097051
0.037070
-0.317770
-0.087542
0.059998
0.362556
-0.211511
0.268765
0.054966
-0.110883
0.202568
0.158485
-0.167629
0.094025
0.072023
0.022474
-0.029220
-0.021527
0.097788
0.106977
-0.041736
-0.177773
-0.147200
0.027847
-0.123141
-0.098253
-0.084259
0.159423
0.146126
0.052935
-0.065038
0.079268
0.113598
-0.184021
-0.275957
-0.160117
-0.023555
0.219146
-0.310158
0.051978
0.111179
-0.033487
-0.124769
0.104209
0.150508
0.067418
-0.182705
0.352919
0.217430
0.316158
-0.050463
-0.061241
-0.361614
-0.190278
0.098986
-0.022335
-0.137860
-0.283673
0.054944
0.064696
0.060148
0.234191
0.114798
0.019892
0.036539
0.169127
-0.183796
-0.096930
0.237419
0.017941
0.303500
0.075719
-0.177733
0.067309
0.379221
-0.089921
0.062176
-0.135743
0.042885
-0.138233
-0.232791
-0.155021
0.330998
-0.257228
0.122639
0.161430
-0.169654
0.079055
-0.170354
-0.108074
-0.076219
0.018301
0.031400
-0.237661
0.058559
-0.282525
-0.101193
-0.018442
-0.125449
0.034738
0.002785
0.079292
0.017480
-0.260806
0.191350
-0.047083
-0.047896
0.033348
0.043524
0.126942
0.193277
-0.106650
-0.441136
0.067449
0.093461
0.114396
-0.241882
0.243331
0.066748
0.027532
-0.223378
0.017860
0.027173
-0.067242
0.004560
-0.029101
0.012077
0.020301
-0.024204
-0.000068
0.037629
0.000535
0.119495
0.506050
0.091838
0.368541
-0.072633
-0.069973
0.294493
0.025429
-0.018556
-0.143644
-0.235465
0.037666
-0.103467
-0.220737
-0.030471
0.128074
0.131989
0.362172
-0.260076
-0.085577
0.115388
0.005382
0.061926
0.084557
-0.138919
0.023624
-0.093839
0.072522
0.000990
0.005293
0.001639
-0.027589
-0.193826
0.090039
0.015523
0.115418
0.383468
-0.300830
0.220357
-0.188304
0.035535
0.067834
0.255750
0.067700
0.315510
0.129556
0.297040
0.156127
0.180895
-0.047437
-0.035531
-0.198977
-0.056642
0.027537
0.142533
-0.010900
0.300075
0.142888
-0.044130
-0.329061
-0.164031
-0.109307
-0.270696
0.007731
-0.089331
-0.050307
-0.089725
-0.029239
-0.007851
-0.462290
-0.404396
-0.088464
-0.322418
-0.281501
-0.129276
0.015306
-0.315729
-0.109968
-0.317106
-0.208390
-0.412548
-0.534341
-0.238554
-0.272907
0.050834
0.067163
-0.038437
0.095429
0.133399
0.041343
0.212963
0.231082
0.289320
0.299559
0.462609
0.455464
0.403356
-0.002720
0.604557
0.484535
0.459310
0.564311
0.297571
0.334333
0.346391
0.252037
0.472967
0.563686
0.226500
0.008119
-0.140858
0.090582
-0.008568
-0.033466
0.075584
-0.066334
-0.235056
-0.060033
-0.203859
-0.441524
-0.099195
-0.430618
-0.310238
-0.051551
-0.114879
0.196315
-0.176588
-0.201555
-0.402121
-0.106898
-0.299076
0.223406
-0.232520
-0.066046
-0.267060
0.113848
0.158567
0.310403
-0.006477
-0.095397
-0.009146
0.050717
0.261758
0.358432
0.122118
-0.238932
0.130334
0.101743
-0.233062
0.048987
-0.058284
0.122893
0.060192
-0.256364
0.218118
-0.026890
0.167941
0.081031
-0.332674
-0.311095
0.091805
-0.083649
-0.260291
0.049731
-0.149093
0.055085
0.084012
0.062343
-0.004999
0.146341
0.116323
0.229166
0.208806
0.022567
0.210523
-0.068160
-0.165666
-0.147126
0.195571
0.155666
0.145889
-0.184500
0.095872
-0.031795
-0.012784
0.017485
0.500824
-0.186508
0.081001
-0.018989
0.084995
0.221283
0.285422
-0.093603
0.009872
-0.240027
0.081674
-0.192851
0.032505
-0.175681
0.037076
-0.195333
-0.124330
0.040106
-0.012545
-0.008117
-0.071188
-0.156749
-0.446257
-0.309029
-0.325869
0.365878
0.222296
0.011573
0.199547
0.281422
0.034781
-0.357917
-0.290799
0.088430
0.350919
-0.093036
0.212644
0.067669
0.153571
-0.201906
-0.229785
-0.202059
0.015377
0.191275
0.234841
-0.161567
0.017216
-0.383764
-0.321282
-0.054183
0.025408
-0.169901
0.143296
-0.176608
0.066980
-0.006871
-0.018417
0.280588
0.149621
0.086152
-0.060404
0.068575
-0.053194
0.287306
-0.230005
-0.029454
0.137131
0.215114
-0.026145
-0.180372
-0.160145
-0.201697
0.290033
-0.139458
0.066808
-0.105301
0.084149
-0.127397
0.098370
-0.199384
-0.423610
-0.016733
-0.194796
-0.121904
-0.299032
-0.379047
0.230648
-0.168701
0.172426
-0.031223
0.144932
-0.261250
0.027224
-0.054582
0.153594
0.068198
0.085161
-0.198764
-0.219047
-0.138667
-0.078642
-0.057311
0.249223
0.009708
-0.355099
-0.029850
-0.134081
-0.023306
-0.043717
0.141185
0.183702
-0.060079
0.215611
-0.017666
0.037441
0.027589
0.069414
-0.124457
0.246033
0.085117
-0.092577
0.020516
-0.287981
-0.158357
-0.162248
0.027476
-0.066416
-0.255015
0.182092
-0.087778
-0.186090
-0.107563
-0.302519
0.079560
0.046922
-0.104950
0.200666
-0.015798
0.017830
-0.107777
-0.043812
0.263943
0.082058
-0.129556
0.017975
-0.165627
-0.109720
0.217449
0.027767
0.136611
0.129027
0.089366
0.050685
-0.020600
0.169008
0.014145
0.052135
-0.138511
-0.164026
0.004182
-0.075046
-0.051653
-0.142483
-0.041790
0.121082
-0.053434
0.046918
0.252071
0.025506
0.123967
-0.046513
-0.040864
0.589720
0.330108
0.039562
0.124386
0.297408
-0.084948
-0.365932
0.074303
-0.015757
-0.173731
0.009994
-0.147058
0.093853
0.177540
-0.033840
-0.011436
0.142526
-0.313261
0.092493
0.167369
-0.123171
-0.112634
0.160177
0.096961
0.053100
0.070993
0.117636
-0.003753
0.438307
-0.009118
0.048534
0.046982
0.240975
-0.121622
0.093051
-0.007258
0.018162
-0.002622
-0.107869
-0.011618
0.163611
0.136327
-0.020096
0.214085
-0.124551
-0.118039
-0.057249
0.026947
-0.206292
0.013526
0.011540
0.082288
-0.028797
-0.183185
-0.052112
-0.290856
0.075471
0.035914
-0.202007
-0.314143
-0.104218
-0.008540
-0.030076
0.079214
-0.048492
-0.156101
-0.137151
-0.174415
-0.205130
0.390127
0.008592
-0.126330
-0.068397
0.005596
0.137555
0.165987
0.047707
0.098003
-0.291269
0.158011
-0.107712
-0.001916
-0.156660
-0.002764
-0.016443
-0.052035
0.130426
0.003543
0.058347
-0.054251
0.218279
-0.113435
0.099849
-0.088369
0.196031
0.000433
-0.162169
-0.012214
-0.022181
0.321937
0.109499
-0.147884
-0.059699
0.024839
0.292460
0.159627
-0.228329
-0.325480
-0.023523
-0.044781
0.184962
-0.022777
0.084228
-0.103034
-0.201459
-0.083295
-0.058544
0.006932
0.044320
-0.131369
0.292622
0.016148
-0.104686
0.125793
0.405047
0.141117
-0.278717
-0.043017
-0.099179
-0.210441
0.388338
-0.137108
0.046062
-0.022801
-0.038113
-0.230402
0.068681
0.064232
0.393463
-0.074695
-0.148210
0.065410
0.133739
0.187508
-0.110653
0.096056
-0.002132
-0.115304
-0.319343
-0.050036
0.146244
-0.104174
-0.085080
-0.164208
-0.197750
0.093633
0.126936
0.101565
-0.011977
0.223741
0.137232
0.092712
0.083415
0.124014
0.162867
0.102657
-0.122724
0.236071
0.263479
-0.274356
-0.131760
-0.068072
-0.052381
-0.005644
-0.204140
0.019650
-0.053023
0.187341
0.049961
-0.103879
0.062105
-0.050798
0.053405
0.294635
-0.016875
-0.059208
0.066247
0.022893
-0.009257
-0.253680
-0.059986
0.190955
-0.374462
0.005832
0.135227
0.008548
-0.238961
-0.400558
-0.130811
-0.106477
-0.186649
0.062372
0.091567
0.072816
0.259877
0.196368
-0.223563
-0.061856
-0.121798
-0.125853
0.248298
-0.250217
0.023310
-0.098633
0.077888
0.239617
-0.245148
0.107687
0.233035
-0.354760
-0.095355
0.087449
0.039119
-0.219916
0.200187
-0.123043
0.063052
-0.020232
-0.267701
-0.269439
0.087388
0.082559
0.045362
0.072889
-0.002109
0.006255
-0.213197
-0.056707
-0.103547
-0.232205
-0.024071
-0.006344
-0.126304
0.318564
0.042237
-0.118677
-0.025748
0.068098
0.079514
-0.311820
0.055923
-0.100344
-0.054794
-0.304073
0.209208
0.132610
-0.192006
0.142839
0.406608
-0.041820
0.167621
-0.355248
-0.107579
0.031443
0.257888
-0.072165
0.036496
-0.016657
0.161621
0.098630
0.058041
0.064001
-0.155642
0.178016
0.164813
-0.413821
-0.236548
-0.237475
0.096380
-0.204952
-0.277458
-0.346831
-0.011745
-0.147094
-0.425972
0.051642
-0.514056
-0.152920
-0.063539
0.073460
0.093713
0.089141
-0.213645
-0.175643
-0.202244
0.012719
-0.172275
0.112046
-0.062424
0.026410
-0.251889
-0.061192
0.014762
-0.033719
-0.125257
-0.374812
0.065744
-0.116896
0.041851
0.077911
0.088406
-0.008104
0.097134
0.230597
0.079713
0.106128
0.037898
0.106961
-0.105947
0.064836
-0.021838
0.025804
-0.130898
0.244635
-0.218860
0.089154
0.039665
0.180084
-0.094194
0.286248
0.102691
-0.033610
0.151950
0.305026
-0.105164
-0.087728
0.033891
-0.306435
-0.164913
0.046124
-0.062163
-0.081360
0.141846
-0.121655
0.071580
-0.064343
-0.255033
-0.130269
-0.133323
-0.111542
0.239826
0.080526
-0.271778
-0.340672
0.154873
0.162178
-0.205965
-0.013324
-0.031856
0.010660
-0.396197
-0.062272
0.169594
0.155741
0.033107
-0.207129
0.010238
0.005806
0.112983
-0.284872
0.047371
-0.213117
0.177271
-0.024107
-0.207427
-0.192921
0.103145
-0.072416
0.332208
0.203414
-0.149986
-0.198434
0.163375
0.148065
-0.137324
0.148046
-0.014191
0.229887
-0.036276
-0.077727
-0.080278
0.075533
-0.026010
-0.291320
0.009866
-0.143711
0.111752
0.318009
-0.102467
-0.055845
-0.193915
0.133936
0.068577
-0.176283
-0.351621
0.136156
0.207828
0.392666
0.308750
0.279974
-0.181348
0.400512
0.147616
-0.131301
-0.032611
0.126119
-0.014861
0.118770
-0.046051
0.018071
-0.054262
-0.065280
-0.082805
0.056818
0.135972
0.206427
0.067526
-0.263098
0.122762
0.120594
-0.081855
0.005956
0.159491
0.210400
0.050633
-0.231177
0.349967
0.095050
0.040244
0.037262
-0.080528
0.020316
-0.066675
-0.015355
0.173897
0.121242
-0.199665
0.186205
0.113257
0.243126
0.193543
0.067719
-0.085753
-0.169186
0.157340
-0.047157
0.120824
0.025262
0.142367
-0.226410
0.243284
0.166996
-0.079055
-0.156900
0.363866
0.092574
0.023777
-0.261289
0.203771
0.220219
0.020640
-0.004231
-0.035608
0.096207
0.075105
0.149598
0.092083
-0.239928
0.120488
0.130507
0.071160
-0.377596
0.248589
-0.351199
-0.280690
-0.026200
0.186438
0.074432
-0.550537
0.199121
-0.007678
-0.114166
0.081573
-0.061166
0.026449
0.100749
-0.240424
-0.116720
0.283581
0.104815
-0.209089
-0.176179
0.294690
-0.082865
-0.105367
-0.101929
-0.334469
-0.014020
0.013238
-0.104000
-0.253491
0.027118
0.382664
-0.164989
-0.048176
0.041604
-0.058039
0.163754
-0.009280
-0.133726
0.118733
0.303863
0.216695
0.175332
0.229577
0.192873
0.072786
-0.287431
-0.244724
-0.240118
0.339036
0.109290
0.106344
0.238577
0.005170
0.008596
-0.196516
-0.050590
-0.241231
0.296704
0.101120
0.181839
0.040486
0.030678
0.014887
0.131873
-0.002453
-0.129540
0.233046
-0.083090
-0.072490
-0.032196
0.124265
-0.000077
0.049754
-0.056573
-0.043193
0.126490
-0.157835
-0.137735
-0.011497
0.067537
0.050489
-0.067616
0.050026
-0.081629
-0.090909
0.119941
0.031624
-0.421865
-0.029705
0.175920
0.026939
-0.311529
0.173976
0.090194
-0.057450
-0.011078
0.172038
-0.380887
-0.090050
-0.052959
0.008750
-0.207999
0.075526
-0.030557
-0.179978
-0.058389
-0.139416
-0.061724
0.194975
-0.210048
-0.112088
0.144022
-0.046253
0.087744
-0.176534
-0.085272
-0.030067
0.213465
-0.184994
0.113351
-0.109385
-0.118945
-0.059372
0.000141
0.195990
0.355017
-0.009093
0.178503
-0.017736
-0.228459
0.002937
-0.033113
0.267757
-0.066449
0.068710
0.123791
-0.113847
0.062279
0.213527
0.275255
0.235950
0.146230
-0.153911
0.357487
-0.053017
0.090001
-0.182638
-0.173137
-0.387309
0.048076
-0.257908
-0.106913
0.375924
-0.134791
-0.224753
0.063714
0.001240
-0.433963
-0.003330
0.032285
0.077650
-0.067357
0.151833
-0.079595
-0.065739
-0.201929
0.108590
-0.369102
0.050018
-0.167011
-0.099840
0.028824
-0.146487
-0.216078
0.153822
0.351225
-0.015519
0.036111
-0.031198
0.087696
-0.279976
0.102806
-0.179525
-0.048296
0.346048
-0.232793
-0.197690
0.063544
0.182209
0.040426
0.039523
-0.261528
0.205149
-0.138915
0.028671
0.095398
-0.312284
0.202380
0.176929
-0.131935
0.094164
0.209130
-0.184089
-0.029926
0.033590
0.016470
-0.124856
-0.214263
0.322770
0.036307
-0.427285
0.275926
-0.438169
-0.194993
-0.092235
0.239253
0.078778
0.019909
0.072118
0.292243
-0.036575
0.092591
-0.047883
-0.013323
-0.078771
0.127115
0.163889
-0.069793
-0.303708
0.068411
-0.042270
-0.147972
0.001352
0.140816
0.262664
0.427099
-0.337270
0.267675
-0.169057
-0.069773
-0.212188
-0.210773
0.127161
0.006619
-0.043390
-0.071848
-0.135375
0.198306
-0.222969
-0.014354
0.160069
0.138450
0.226102
-0.290097
-0.154081
-0.114804
-0.120225
-0.056009
0.106598
-0.300195
-0.076010
0.206961
0.211206
0.079326
-0.068345
0.264382
0.068185
-0.158787
-0.225146
0.034458
0.328799
-0.154102
0.002543
-0.236666
0.073231
-0.042670
-0.004797
0.195223
0.230658
-0.054783
0.133032
-0.033376
-0.151960
0.298490
-0.104535
-0.135176
-0.258724
-0.052663
-0.117227
-0.207284
-0.010491
-0.233813
-0.139592
-0.088277
-0.074096
-0.220263
-0.092752
-0.206883
-0.294177
-0.025510
-0.021689
0.184092
0.176608
-0.061378
0.084668
0.250815
0.014260
-0.054278
0.337667
-0.247630
-0.348431
0.166247
-0.066563
0.213707
0.069156
0.066122
-0.337002
0.220576
0.286104
0.202730
-0.001661
-0.186358
-0.127923
0.163720
-0.120334
0.005857
0.376956
0.189716
0.071555
0.006954
-0.121516
-0.444039
-0.029968
0.425413
0.111582
0.162162
0.127266
-0.010334
-0.181564
-0.112626
-0.109374
0.135764
-0.095495
0.031901
0.046422
-0.225894
-0.050117
-0.189648
0.067769
0.370459
0.072395
-0.301538
0.161235
0.143533
0.122016
-0.091039
0.071820
0.076914
0.141539
0.286151
0.059701
0.048770
-0.114104
0.160950
0.068598
0.116026
-0.146874
-0.294824
0.164250
0.267684
0.301323
-0.095393
-0.292661
0.114767
0.222622
-0.162367
0.015484
0.033129
0.125448
-0.353830
0.089445
0.290191
0.021862
-0.170671
0.178119
0.196420
0.015987
0.023605
0.146300
-0.294433
-0.070739
-0.325344
0.099125
-0.101746
0.311970
-0.016796
-0.018013
0.017550
-0.011257
-0.215937
-0.238420
0.209890
-0.102642
-0.174560
-0.017335
0.181729
0.084510
0.219975
-0.112084
0.227160
0.412777
0.000626
-0.209334
-0.161948
-0.165186
0.012208
-0.171873
0.095240
-0.050181
-0.223969
-0.082638
-0.095817
-0.028664
0.092563
-0.208855
0.042580
0.040216
-0.003792
0.099725
0.178467
-0.509690
-0.097038
0.327975
-0.133773
0.230836
0.035381
-0.247514
-0.049875
-0.225501
-0.141842
-0.062556
0.456646
0.102908
-0.252836
0.102359
0.251205
0.096467
0.109690
0.204866
0.205292
0.062746
-0.068967
0.141323
-0.118961
-0.073838
0.169377
-0.107881
-0.091359
-0.097562
0.142338
-0.229532
-0.062322
-0.012645
-0.049156
-0.194988
-0.055818
-0.157368
0.208267
-0.249802
0.307637
-0.261965
0.013341
0.052781
-0.174482
0.372401
-0.235066
0.061165
0.087300
-0.345134
-0.192223
-0.091447
0.051112
0.303127
0.162212
-0.298116
0.270152
-0.047265
-0.179016
-0.121791
0.100785
-0.174927
-0.180118
0.090143
0.183689
-0.036318
-0.223253
-0.148618
0.072585
-0.206395
0.158668
0.090958
-0.330356
0.067734
0.055262
-0.548017
-0.321149
0.125200
0.056496
-0.144631
-0.271588
-0.214606
0.065361
0.066864
-0.184184
0.297322
-0.171746
0.089941
-0.092816
0.036127
0.015976
0.098559
-0.096719
-0.030801
0.035964
-0.210743
0.247574
-0.182224
0.136253
-0.177216
-0.010967
-0.193152
0.234152
0.295453
0.213268
-0.000613
-0.026248
0.311918
0.238166
0.202246
0.288797
0.008278
0.227560
-0.049277
0.047586
-0.013366
0.061699
-0.217016
0.288222
0.055721
0.191623
0.212154
-0.124862
0.045373
0.148556
0.051272
-0.264944
-0.110147
0.175740
-0.316149
0.034328
-0.246314
0.155223
-0.193801
-0.013595
0.343165
-0.381050
-0.042550
-0.078341
-0.076993
-0.110138
-0.211560
0.038135
0.383959
0.032368
0.115232
0.049088
0.039182
0.164216
-0.342493
0.110919
0.127983
-0.025804
0.354355
0.018027
-0.121673
0.339292
0.252320
-0.102200
-0.215968
-0.153259
0.143850
-0.091040
-0.147315
0.092989
-0.120843
0.041953
0.017548
0.086545
0.305449
0.154954
0.126444
-0.140624
-0.035712
0.169951
0.014905
-0.159609
0.067101
-0.253770
-0.093442
-0.040902
-0.089946
0.139809
-0.311063
0.188203
0.195806
0.205144
-0.091357
-0.248942
0.142022
-0.076069
-0.178934
0.059163
-0.091946
-0.042826
-0.241026
0.206090
0.235983
0.166606
-0.216545
0.355981
0.107093
-0.031627
0.006361
0.130822
0.090718
-0.125311
-0.051428
-0.131427
-0.093088
-0.226851
0.172272
-0.098334
-0.012046
0.091693
0.165263
-0.076683
0.160033
-0.159569
0.118029
-0.230999
-0.008775
0.049528
0.258513
0.044501
-0.079313
-0.147736
-0.107792
0.101086
0.049221
-0.031137
-0.070189
-0.177120
-0.132685
-0.047563
0.224021
-0.061902
-0.097369
-0.117329
0.030912
0.097330
-0.037747
-0.184036
-0.063732
-0.114654
-0.318433
0.032127
-0.061175
0.033288
0.207152
0.250530
-0.071717
-0.262669
0.040659
-0.098688
-0.054934
0.049550
0.230173
0.158519
0.091744
-0.086993
0.060480
-0.248834
0.279811
-0.346957
-0.101683
-0.135959
0.011533
0.015232
0.263726
-0.047016
-0.488960
-0.188710
0.166121
0.078322
0.094294
-0.133187
-0.380968
0.201329
0.133810
0.103460
0.217062
0.621212
0.102053
0.191529
0.141796
0.073774
0.138229
0.299619
-0.110137
0.071343
-0.230214
0.033665
-0.180311
0.036944
-0.100141
0.183063
-0.099496
-0.010389
-0.003240
-0.120974
0.033884
-0.518397
0.089701
-0.167351
-0.122728
-0.001274
-0.061726
-0.061714
-0.076558
0.074803
0.048089
0.113335
0.057366
-0.041097
-0.182858
-0.084230
0.289705
-0.333850
0.002653
-0.041500
-0.089763
-0.066179
0.284274
0.118068
0.402551
-0.255653
0.135635
0.097639
0.121097
0.089874
0.030988
0.094088
-0.344840
0.148169
-0.021987
-0.078705
-0.327673
-0.020839
0.064849
-0.170529
-0.269638
0.062591
-0.118623
-0.165827
-0.092942
0.196689
0.096754
-0.138132
0.278830
-0.174708
0.033115
0.189775
0.049476
0.029123
-0.257209
0.247170
0.000088
-0.028480
0.104371
-0.202951
0.161325
-0.112733
-0.080825
0.156994
0.116865
-0.058458
-0.134154
0.104681
0.033919
0.026637
0.043729
0.213605
-0.364595
-0.083518
0.048946
0.024141
0.174178
-0.271848
0.160279
0.053270
0.371133
0.025397
0.356917
0.167856
-0.017674
0.090623
0.021859
0.008852
-0.237992
-0.153473
-0.124173
-0.098600
-0.022650
0.049614
-0.094077
-0.124938
0.019534
0.045215
-0.146085
-0.307215
-0.198600
-0.243661
-0.168078
-0.123247
0.132598
0.049319
0.159558
-0.401952
-0.142228
-0.157622
-0.233509
-0.307604
0.088682
-0.375031
-0.255387
-0.014691
-0.376410
0.009222
0.144703
-0.194861
-0.029728
-0.150936
0.232673
-0.119922
-0.148753
-0.085253
-0.033147
-0.073821
0.313206
-0.006187
0.310516
-0.056859
-0.220457
-0.082788
0.021801
0.000104
0.231119
0.031779
0.109079
-0.081186
0.058743
0.146547
-0.145197
0.042031
-0.144861
0.036889
-0.101080
0.159024
0.317891
0.037469
-0.262843
-0.141963
0.025127
-0.213629
-0.015340
-0.161705
-0.198981
-0.006270
-0.093119
-0.217430
-0.115219
-0.001426
0.106647
0.418391
0.037314
-0.022355
-0.070269
0.008068
0.160253
-0.069599
-0.287173
0.529696
0.055455
-0.078329
-0.025254
0.377465
0.105072
-0.336719
-0.096973
0.088510
0.085343
0.152666
0.125312
0.368834
0.043937
-0.515907
-0.025594
-0.082920
-0.005085
0.198907
-0.178772
-0.028398
-0.168635
-0.002527
-0.084857
-0.024138
-0.183450
0.166033
0.079755
-0.410515
-0.165086
0.125763
0.219430
-0.205443
-0.083442
0.184103
-0.169380
0.127206
-0.223370
0.172657
-0.077126
0.183494
0.051634
0.040394
-0.059680
-0.047779
-0.181732
-0.045155
0.205726
0.127169
0.100242
-0.139066
-0.008436
-0.203679
-0.279966
0.262024
0.124603
-0.027771
-0.033281
-0.155587
-0.094889
-0.024273
0.066252
0.111203
-0.288750
0.047611
-0.054773
-0.085426
0.459734
-0.052866
-0.019690
0.358941
0.023026
-0.057653
0.058122
0.184127
-0.246060
-0.140946
-0.118683
0.259833
-0.223485
0.149686
-0.276484
0.297252
0.301850
-0.273478
-0.272890
-0.340370
-0.204636
-0.186355
0.071209
0.039391
-0.164320
-0.146232
-0.086056
-0.298572
0.379027
0.188561
0.031537
0.135446
0.059622
0.053605
-0.072075
0.082961
0.005674
0.197832
0.053379
-0.335535
0.005520
-0.133809
0.107808
-0.146788
-0.099879
-0.436546
0.160300
0.203023
-0.154490
0.131268
-0.215497
-0.322953
-0.159654
0.016034
0.040455
-0.075684
-0.238045
-0.028233
-0.163050
-0.209627
-0.171765
0.050331
0.438036
-0.132996
-0.113515
0.258382
0.033602
0.079712
0.098827
0.153555
0.105646
0.095374
0.088648
0.034043
0.133635
-0.211205
-0.226055
0.073094
0.056183
-0.098807
0.018624
0.106210
-0.320005
-0.045721
-0.147352
-0.016132
0.068217
0.013261
-0.276876
0.002799
0.115418
0.113876
0.113293
0.200156
0.217135
-0.109460
0.018307
-0.074338
0.150182
0.064737
0.059589
0.112596
-0.261258
0.004492
-0.000570
0.147490
-0.207880
-0.275004
0.082676
-0.017940
-0.314184
0.106650
0.136778
-0.040854
-0.087001
0.056797
0.598829
0.278994
0.127679
0.107972
0.098654
-0.091109
0.103831
-0.184334
0.076456
0.147498
0.092763
0.084195
-0.248811
-0.064550
0.005997
-0.214543
0.016334
0.149376
-0.015240
0.287166
-0.226303
0.055818
-0.015194
-0.361172
0.020956
-0.015021
-0.105875
0.467196
0.131922
0.142495
0.223152
0.123984
-0.040969
-0.232176
0.016673
0.005257
0.093867
0.121827
-0.033704
-0.220566
0.003260
-0.077494
0.136976
0.132122
0.110722
-0.101941
-0.075400
-0.215123
-0.259395
-0.109247
0.130861
-0.246578
0.017152
0.215639
0.153981
-0.190659
0.127402
0.374493
0.008253
-0.158057
-0.273939
-0.153647
-0.180485
-0.126854
0.192263
0.036476
0.035049
0.191173
-0.055299
-0.104561
-0.046374
0.081503
0.148188
-0.102739
0.032214
-0.053205
-0.047005
0.348299
-0.059487
-0.130448
-0.088305
-0.058144
-0.188889
-0.136128
-0.205065
-0.154786
0.059850
0.198713
-0.301268
-0.198416
-0.078435
0.038163
0.031601
-0.044926
-0.102857
0.191764
-0.251054
0.082058
0.435346
-0.084955
-0.017136
-0.124556
0.028798
0.028524
0.162537
0.053740
0.224613
0.103430
-0.037664
0.080870
0.026444
-0.158653
-0.167319
-0.295771
-0.050204
0.000156
-0.026192
-0.228999
-0.074496
0.130289
0.169364
-0.041858
-0.098577
0.018409
-0.171196
-0.034685
-0.096154
-0.139695
-0.136469
0.308238
0.172356
-0.053731
-0.261835
0.114505
0.031848
0.163587
0.353269
0.146479
0.156902
0.098036
-0.229014
0.066328
-0.029615
0.151800
-0.084061
-0.551117
0.063510
-0.102868
-0.165427
-0.115162
0.138979
0.141907
0.168880
-0.241463
-0.092484
0.169504
-0.135645
0.460068
0.034860
0.034527
0.041910
0.136074
-0.076043
0.327432
-0.187297
0.038321
0.051184
-0.101389
0.317762
-0.163671
-0.112419
0.408283
0.323863
0.003840
-0.054384
-0.026389
-0.209872
0.173359
0.025590
0.192629
0.151868
-0.095737
-0.003165
0.392797
0.091018
0.322571
-0.000630
-0.156355
-0.100394
-0.088560
-0.001724
0.061930
-0.019064
-0.067344
-0.075896
0.186053
0.234678
-0.419286
0.175238
-0.059689
-0.345298
0.172662
-0.042625
-0.096630
0.076917
-0.126780
0.021168
0.067424
0.070126
-0.130156
-0.118820
0.205259
-0.096883
0.052090
-0.015115
-0.327579
-0.112609
-0.021535
0.158916
-0.210917
-0.211780
0.054832
-0.123685
-0.185405
0.106438
0.224015
0.212766
0.052424
-0.207709
-0.129681
0.010157
-0.212114
0.112945
0.161033
0.339152
0.178175
0.008075
0.114209
0.008725
-0.264307
0.154797
-0.258031
-0.083522
0.080609
0.020838
-0.097426
0.013338
0.107084
0.019094
-0.246026
-0.248219
-0.064036
-0.490612
0.085191
0.345229
-0.072981
-0.224797
0.000693
-0.070096
-0.078923
0.058539
-0.010148
-0.187741
-0.258373
0.089564
-0.020001
0.295134
0.318949
-0.047667
-0.048965
-0.067592
0.066616
-0.175566
-0.194444
0.162370
0.064088
0.116051
0.344601
0.066012
-0.055509
0.210044
-0.208896
-0.102054
0.020131
0.165907
0.157971
0.210435
-0.269910
-0.367870
-0.012020
-0.020193
0.013028
0.190369
-0.305636
0.115940
0.050961
-0.011007
-0.137531
0.031074
-0.206847
0.037032
0.113333
-0.047553
0.135185
-0.227230
-0.126680
-0.033186
-0.164695
0.174753
-0.032049
-0.201754
0.118696
0.304211
-0.222477
-0.054660
0.036002
-0.067151
0.107303
-0.110951
-0.009945
0.222948
-0.119199
0.156954
-0.249120
-0.436643
0.183021
-0.269447
0.051274
-0.009621
