-1.095171
-0.523739
-0.307272
-0.833823
-0.275502
1.815324
0.813183
-0.817823
-0.384436
0.033955
-0.018860
-0.174429
0.528402
1.191181
0.389674
1.098890
1.040337
1.164462
-0.422815
0.121894
0.190092
-0.964608
-0.424502
1.173156
-0.902617
-0.796269
-1.967963
0.587282
0.716541
-0.657701
1.982655
0.089181
-1.013898
0.477204
-0.140065
-1.003783
1.174704
-1.689805
-1.119656
0.589302
-0.124943
-0.626462
-1.004826
-0.351369
0.607740
-1.638740
0.398330
1.392699
0.648391
-1.558956
-1.149146
1.116582
-0.236183
-0.071694
-1.326502
-0.277338
-0.669708
-0.858208
1.902048
1.375786
0.880374
-0.029672
-2.209867
-0.858117
-0.462974
0.416235
-0.037262
0.288546
-1.271869
-0.054665
0.842663
-1.265920
1.599732
-0.795641
0.422845
-0.081827
0.276938
0.155274
-1.237882
0.536874
0.638794
-1.904028
0.848780
0.272104
-0.306554
0.549569
-0.517139
-1.227195
-0.990951
-1.250020
-0.728614
0.011912
0.702657
0.043627
0.053508
0.755835
-1.100086
0.519744
-0.101292
1.570733
-0.686701
0.215020
1.450248
-0.127625
-0.656194
0.771555
-0.833072
-0.138209
-0.169731
0.091182
-1.039917
-0.086912
-0.109234
0.815139
-0.576974
0.619646
-1.830353
0.419374
0.676967
0.108513
-1.320354
-0.069830
-1.326651
0.182167
-0.494630
0.727153
0.680190
-0.396356
-0.929050
-0.333762
0.884281
0.238498
-1.212562
-0.453793
1.314688
0.208429
0.127150
-0.061745
-0.647494
-1.066186
-1.228921
0.153677
-0.422450
0.987629
-0.609178
0.726911
-1.617845
0.499389
-0.657452
-0.808432
-0.666874
-0.033709
0.820322
-0.095732
0.135267
1.086324
0.878803
1.326645
-0.223457
0.024711
0.917031
-0.188183
-0.046087
0.178104
0.445789
-0.174002
-1.890899
-0.478777
-1.665627
0.028585
-0.751623
-0.626569
-0.608316
2.180395
-0.736575
1.829358
-0.522948
-1.366154
-0.785484
0.916224
-1.894371
-0.643016
-0.922892
-0.517490
-0.254529
0.769706
0.832067
0.628645
-1.868401
-0.700437
-0.160166
0.873304
-0.054154
-0.703312
-0.239259
-0.842132
1.287523
-0.834431
-1.143514
2.033917
0.310273
-0.465937
0.805680
0.081418
0.590655
0.441698
0.661564
0.276600
1.064760
-2.020865
1.049039
0.795473
1.670553
-0.864549
-0.623098
-0.093303
-1.274923
-1.218209
-0.551091
0.540877
0.652009
0.545259
0.206191
0.690593
-1.489368
3.014892
-0.162537
-0.288284
1.272900
1.134581
-0.264340
0.362788
-0.246554
-0.789261
-0.434991
-0.584068
-0.581693
0.168662
0.260136
-0.286119
0.093831
-0.453202
0.865196
1.605704
-0.098546
-0.845012
0.937412
-0.224332
-0.240185
1.086835
1.055154
-1.103491
0.833742
-1.724653
0.003855
0.641500
-0.104017
-0.468119
0.306027
-1.523929
-0.281843
-0.317820
-1.032216
0.578819
0.818715
-0.002560
1.975990
-0.763258
-0.300400
1.065177
1.401800
-1.464013
1.108987
0.317711
-1.556917
-0.481824
-0.593936
0.449517
-2.162763
-0.514329
-1.655516
-0.193416
-0.709692
-0.640264
-1.432609
-0.749303
-0.497112
0.473452
-0.924251
-0.514044
0.849294
-0.766803
1.037033
-0.342242
0.644760
-0.740291
-0.231910
-1.335403
-0.123645
0.637606
-0.030310
1.235244
-0.601069
-0.162161
-0.697625
-0.444098
-1.092282
-0.193923
-1.876370
-0.219553
0.058373
0.275573
0.114266
-0.584477
0.731545
0.234781
-1.695747
-0.832035
1.127095
0.434032
-0.167741
-0.376217
0.772334
0.162087
-1.477931
0.205154
-0.297316
-0.922238
-2.087384
0.450421
0.703191
1.596504
-1.001153
-0.231583
-1.655970
1.944466
-0.498009
1.596172
-0.301273
-1.592148
1.268700
-0.336656
-0.142474
0.212198
-0.463969
0.076698
0.032693
0.792664
-2.251418
-0.074302
-0.268744
0.267036
-0.338244
0.307839
-0.053072
-0.035134
1.004722
-0.990887
-1.231220
-0.341121
-0.283703
-0.314002
-1.760186
1.252951
-0.521220
-1.030610
-1.702624
-0.697073
-0.711304
1.175190
-0.610874
-1.429698
-0.306103
0.346139
-1.521405
-0.592473
-0.156317
0.312504
-0.298867
-0.162181
0.109137
1.491638
-0.474481
-0.106878
-1.046198
0.767823
1.564428
-0.535035
1.072932
-1.507915
0.833037
-0.028791
0.525680
1.340975
-0.488068
0.349856
0.997714
1.059552
0.281023
0.648523
0.135727
-2.115772
-0.505205
-0.213140
0.149905
0.936279
-1.675691
1.187477
1.011463
-0.094309
0.047134
-0.933746
0.632144
0.565663
-1.351976
-1.121411
-0.453399
1.273196
0.552878
-1.521298
-1.281920
2.378427
0.444025
0.963801
0.351279
0.524085
-0.823353
-0.605994
1.225258
0.748559
-0.343322
0.406668
-0.245764
0.276165
-0.173148
2.007503
0.346873
-0.591568
-2.182855
0.005554
-0.337089
-0.024822
-1.057434
-0.356974
1.195169
0.501633
-1.128743
0.482764
-0.935105
-1.472797
-1.139715
-0.209957
1.265411
-1.311610
0.531033
-0.136212
-1.242146
1.330417
0.794415
-0.331842
0.362726
1.573947
-2.027772
-1.221388
-0.513054
-0.075484
-1.285787
-1.161052
1.470692
0.452236
-0.923321
-0.221277
-0.581255
-0.532735
-0.818570
0.251712
0.855534
0.855526
0.738101
0.195453
0.778516
-1.316186
1.274955
-0.845181
1.546812
0.195323
0.609413
-0.699277
-0.227756
-0.062382
-1.589661
1.803654
-0.962983
1.818292
1.633534
0.113954
0.083777
-0.362625
1.092962
0.970570
0.324051
-0.227190
0.798584
-0.791059
-0.589448
-0.828254
1.742448
-0.394263
0.015930
2.550713
0.096042
1.745218
2.403963
-0.658779
1.300742
1.365992
0.250788
0.468768
0.073550
1.187486
-0.786846
-0.036817
0.075658
0.624703
-0.490421
0.200039
0.210321
-0.152722
-0.551407
-0.135255
0.699233
-0.631293
-0.083924
-1.186302
1.202120
-0.730975
-0.401222
-0.234773
0.951455
-0.001502
0.753872
-0.058803
0.951253
-0.200620
1.285137
0.295720
0.390564
-0.113780
0.170833
-0.653376
0.324271
0.014302
-0.164903
1.049770
1.464068
0.344027
-0.871299
-1.078194
0.652076
1.363678
-1.129624
-1.029851
0.322645
-1.358555
1.419350
-0.745921
-0.180193
0.309915
0.244647
-0.598574
-1.462190
-0.729479
0.391972
-0.805311
0.938605
0.605498
0.891741
0.571065
0.840926
1.203008
-0.875711
-1.001411
-0.933103
0.823943
-1.266118
1.050137
-1.620104
-0.375227
1.035475
0.688511
0.005990
-0.080263
-0.303324
1.049021
-0.425894
1.063386
-0.524656
-0.749450
-0.800007
-0.377704
-0.274084
-0.465810
-0.520321
-1.032555
1.237193
1.946261
-1.053306
2.164866
-0.082367
0.006717
0.702658
-0.920331
-0.790216
0.412277
0.492725
1.370223
0.856380
-0.412946
0.620632
-1.254931
-0.851951
-0.890697
-2.411317
-0.321769
0.025769
0.945594
1.059105
-0.930712
0.700289
0.916955
1.076494
2.009931
-1.339639
-0.249493
0.145811
0.276667
-0.657864
0.458766
0.558190
-2.071924
-1.968066
0.738117
-0.524691
-0.316983
-0.125795
-0.319895
0.306612
-0.463588
0.087433
-0.814261
1.443362
-0.404515
-0.616592
-0.772996
2.267818
1.195218
-0.073677
-1.002888
-1.044274
0.785484
-0.630121
-0.292033
-0.116304
0.702860
-0.643759
0.905470
-0.248187
-1.139442
0.384263
-2.163740
-0.013538
-0.685792
-0.568731
0.845171
-0.522476
0.251779
0.147600
2.334271
1.314562
1.925281
-0.261515
-1.379611
0.189254
-0.251864
0.163585
-0.607467
-0.159532
-1.035511
0.287723
0.743688
0.884757
1.180540
0.043024
-1.609255
0.592725
-0.116492
-0.405260
0.554432
-1.973298
0.136277
-0.179800
0.859903
-1.955782
-1.343189
-0.637591
0.776244
-0.241196
-1.695568
0.295271
0.552955
-0.492656
-0.004267
-0.105704
1.057929
0.928219
0.206706
0.479529
1.405646
-1.053411
0.686503
0.844524
0.543625
-0.730826
0.353842
1.853358
0.535038
-0.150049
0.344655
-1.611923
-0.459542
1.961857
-0.589608
0.255424
0.162109
-0.878451
0.934998
-0.313960
-0.143417
-0.772861
0.582011
0.398059
-0.193128
-1.006047
0.143579
-0.633709
1.088101
-1.698176
-1.281924
-0.248833
-0.370534
-0.020422
-0.293834
0.107364
-0.046496
-0.385578
1.104323
-0.992046
1.056148
-1.342088
-0.256806
1.260070
-0.404836
-0.519179
1.127753
-0.915924
-0.694349
0.583851
-0.268083
1.074712
0.011982
-0.663352
-0.825638
1.917410
-0.714696
2.670614
-0.611005
-0.098853
1.087156
-0.221658
1.396657
1.037555
1.473505
1.812451
-0.857700
-0.594724
-0.302578
0.391073
-0.111666
-0.653912
-0.233373
-0.106505
1.322038
0.730292
-0.600378
1.206228
0.802132
0.828216
1.153271
0.827543
0.264492
-1.115539
0.343155
1.743307
2.086345
-0.696171
0.559561
-0.104128
-0.668180
0.340683
0.466840
-0.157825
0.964723
-0.002233
-0.280399
-0.320552
1.348352
0.340651
1.332917
0.493665
-0.522567
-0.072583
-0.546247
-0.509777
1.470084
1.031560
-0.340125
-0.447063
1.422695
0.180591
-0.736647
-0.064111
-0.023048
0.422905
-1.927475
-0.063022
0.736937
-1.046001
1.240763
0.909396
-0.698586
0.535506
-1.800004
1.037317
-0.467216
-0.205330
-0.642616
-2.199705
-0.109142
0.503982
0.551155
-0.004656
0.024995
1.688776
-1.271079
0.071361
-0.609915
-0.849817
0.725376
0.577846
1.230321
-0.870794
-0.836717
-1.080793
-1.496334
1.058606
0.281277
-0.571946
-1.198789
0.622213
-0.404142
0.336464
-1.617049
0.889122
0.841404
0.768410
-1.100107
0.908149
-0.624866
0.387998
-0.274580
-0.249443
-1.611600
0.594808
0.072034
-0.874704
0.470404
-0.203687
0.720244
-2.023983
-2.124632
0.456887
-0.143263
0.309968
1.181003
0.110729
-0.742736
-0.315673
-0.079696
1.042906
-1.280038
-0.796489
-0.299802
-0.596211
0.030967
-1.056637
1.426626
-0.687290
-0.097428
0.048334
0.637032
-1.462491
1.131710
0.975397
0.559525
-0.333290
0.458809
0.113046
0.261582
0.959346
-0.999835
1.276294
-0.395774
-1.302853
0.754375
-0.450209
0.124593
-0.955216
-1.355845
0.132130
-0.502822
1.290762
-0.751870
1.362611
-0.447943
-0.925589
1.017690
0.380327
1.617623
-0.202540
-0.883219
-1.559168
-0.277888
-0.276560
0.329476
-0.428463
-1.911380
-0.205132
0.258103
0.544247
-0.946703
-0.119153
-0.237652
0.702746
-0.066633
0.118911
0.056486
0.225015
0.049312
-0.744150
-0.650987
-1.673422
-1.409172
-0.197640
0.890118
0.410337
1.197949
-0.330521
-0.406806
1.071704
-0.802894
-0.789793
-0.353196
0.704836
0.467077
-1.091148
-0.917884
-0.453270
-0.062804
-1.009539
1.761392
-0.619624
-1.234919
-0.222783
-1.095255
-0.548009
-0.833512
0.055432
1.120843
0.396038
-0.591118
-0.486283
-0.689941
0.406781
0.791595
0.575293
0.466027
0.055078
1.514662
-0.811742
1.542806
-0.595298
0.102609
0.639171
-0.357015
-0.607812
-0.355181
0.612159
-0.820482
0.657410
-0.431540
-0.492148
-0.276415
0.578823
0.524237
1.353124
0.701420
-0.224378
0.784880
1.200109
0.442304
-0.913006
-0.833819
0.405617
-0.095620
-0.173963
1.077286
-0.503541
-0.488647
0.815096
-0.126620
0.068161
-1.039404
-1.596232
0.848352
-0.714182
-0.513138
-0.260564
-0.473702
-0.143875
2.030534
0.644907
-0.182575
-1.008876
-0.312754
-0.541542
-0.144884
-1.456392
0.479895
1.513111
1.335185
0.800179
1.029835
-1.519812
0.641868
0.734890
-0.017448
1.689934
1.258721
1.462962
-0.388513
1.795796
3.060379
1.216096
-1.036708
0.725727
-0.595538
0.820506
0.805753
0.364635
-0.122590
-1.030096
0.852969
-0.114023
0.381759
-1.175684
-1.313599
-0.230167
-1.215504
-0.772492
-1.124881
-1.847186
-0.387616
-2.529869
-2.559495
-1.431168
-0.570466
-1.036598
-1.960938
-1.220225
0.068010
-0.110748
-1.516220
-0.658072
-1.786330
-1.126436
1.599816
0.120367
-2.804795
-0.927857
-0.756930
1.562280
1.722903
0.724045
2.111856
1.789331
1.104117
1.376526
2.533329
3.226806
1.982703
2.878693
2.947659
2.492183
2.727925
0.991941
1.268195
1.551769
1.387888
-0.502634
1.710720
-0.046184
0.601964
1.661843
1.364412
-0.052569
1.192830
1.609018
0.746088
-1.250247
-0.687240
-0.753786
-2.071555
-0.431277
-1.505530
1.011222
-2.544528
-0.564131
-1.792100
-1.460468
-1.573932
-1.105260
-1.381000
-0.696326
-3.122331
-0.662844
-0.971602
-1.107048
-1.072405
-2.172248
0.475405
-0.411840
0.177893
1.469664
0.659394
0.129229
1.975851
1.173195
0.124908
0.416177
1.403964
-0.171418
1.760601
-0.560251
0.959458
-0.275923
-1.580863
-0.054734
0.665432
-2.173617
0.328169
-0.264291
-0.007251
-0.904004
-0.235059
-0.436627
-0.452271
0.319532
-0.810791
0.711987
0.422831
-1.041805
-0.930382
-1.696633
-1.549881
-1.637396
0.486621
1.269542
0.988375
0.517823
-1.082363
-0.340061
-0.342291
0.017238
-0.459246
1.369329
0.615212
-0.136953
-0.026601
0.777955
0.146961
-0.328590
0.144526
-0.523546
0.383480
-1.159473
0.267854
-1.173378
-0.270793
0.688388
-0.560121
-0.176673
-1.727175
-0.028740
0.695843
-0.466228
-1.066852
-0.028919
-0.137305
-0.854947
-2.168196
-0.190717
0.562082
2.562880
0.286416
1.023037
1.435164
0.165712
0.263169
1.681817
-0.726968
0.511527
0.491480
-0.747301
1.508015
0.258243
2.647157
-1.530471
-0.021044
-0.169194
-1.187400
0.411036
0.671034
0.152792
-2.231587
-0.863426
-0.108098
-0.775157
0.058765
-1.293288
0.707126
-0.748411
0.279519
0.599355
0.276714
1.797955
0.295032
-1.173955
1.553761
-0.819856
0.860371
0.658332
-1.594409
1.034565
-1.417726
1.342206
0.354760
-0.356472
0.438230
0.899347
0.321637
0.104829
0.470371
0.667737
-0.216331
0.178421
0.113687
1.023714
-1.199160
-1.089869
-0.821925
-0.119238
-0.300496
0.850774
-0.458895
0.232589
0.709826
1.917412
-0.138665
-1.418880
0.368249
0.377316
-0.959909
-0.662347
0.782104
1.638125
-0.080916
-0.687985
0.130377
-0.306002
-0.624703
-0.880227
-0.883220
-1.269609
-1.086566
-0.360208
0.795429
-2.246029
-0.821956
-0.531616
0.500977
-0.548862
-0.085563
0.005081
-0.573786
2.096914
-0.203032
0.281498
-0.441694
0.389395
0.656069
-1.486803
0.121660
-0.720610
-1.219907
-1.485150
0.814742
1.658154
-0.838986
-1.327969
-0.226258
-0.011612
1.192363
1.068292
-0.152299
-0.349844
-0.077964
0.107161
-0.822897
0.113297
0.358255
-0.310539
-0.746254
0.058587
-2.102739
0.809114
1.851134
-0.869700
0.361585
-0.349580
0.012719
-0.168824
1.592565
0.761327
2.629877
1.076688
-0.429355
-1.009341
2.371749
0.081399
0.218410
1.288058
0.017718
0.486370
0.544151
0.609689
-0.008285
-0.430030
0.277576
-1.056977
-0.627048
-0.008736
-0.490432
1.830687
1.208902
-0.470677
-1.149920
-1.016988
-0.484767
1.161987
-0.974582
-1.734605
-0.092368
-1.548766
-0.493345
0.495584
-0.931166
-0.287890
-1.206418
0.313953
-1.072395
0.329793
-0.098879
1.980813
0.049664
1.283488
-0.545708
0.504922
0.124580
1.378901
0.565036
0.022258
-1.365414
-0.043744
0.872934
0.035247
-0.419210
0.559472
1.796477
0.908631
-0.478777
0.384332
-1.200523
1.370635
0.100180
-0.397754
1.282614
0.892816
-1.683976
-1.057800
-1.173887
-1.672373
0.192810
0.306163
0.115365
-0.243614
-0.176529
-1.372605
-0.229280
1.074757
-0.995191
-0.944998
0.176613
-0.032704
0.058672
0.548248
0.221762
1.228092
-0.737018
-0.866848
-2.005224
0.342775
-1.604384
-0.059865
-0.622597
0.489825
1.496807
-0.681321
-0.054442
-0.012295
0.316035
-0.182408
0.253205
0.558626
-1.042398
0.631580
0.946256
-0.979451
-0.937988
-0.257706
0.399359
-0.157428
-0.420323
-0.204012
1.485492
-1.357696
-1.192135
0.290791
0.670247
0.836115
-0.457816
0.052735
0.231052
-2.273264
-0.880593
-0.330553
-0.354539
-0.387117
2.152357
0.833372
-0.524900
0.131878
0.547359
-1.217401
1.092217
0.309487
1.142533
0.835261
-0.748579
0.243799
-1.510392
2.202887
1.724744
-1.676345
0.652978
-1.738145
0.130698
0.580141
1.271596
0.389017
-1.019483
1.835720
2.289944
0.086497
0.497127
-0.194928
1.814435
-0.882403
-1.081348
0.707084
-0.882172
-0.272843
-0.204820
-0.102255
-0.219503
-0.965943
0.834080
1.579771
-0.313419
0.066632
-0.092733
-0.486258
-0.308074
-0.717065
-0.436490
0.953047
0.651018
-0.617821
0.125667
-1.106935
-0.900980
0.122830
-0.472673
0.592978
-0.300424
0.928626
0.534700
1.646065
-2.130060
-0.441712
-1.220059
2.068078
-2.027476
0.296978
1.436621
-0.057226
-0.042948
-0.363728
-0.286742
0.669870
1.149867
-0.021912
0.642883
-1.325550
1.464990
-0.508343
1.163614
1.095554
0.377690
-1.071561
-0.445079
0.900048
-0.190274
1.319994
-1.104213
0.765450
-0.058485
0.611988
0.306208
0.452405
-0.101013
0.636611
-0.075348
1.010335
0.953551
0.069214
1.114095
-1.419709
-0.452855
0.873813
0.095957
1.206234
0.769769
0.460855
0.198905
-0.802300
-0.098975
-1.718228
-0.829292
-0.699027
-0.548354
-0.516709
-0.940545
-1.258876
-0.183595
0.843936
-0.682886
-1.751829
-1.227682
0.073963
-1.462286
-0.501313
-0.664519
1.221089
0.115205
-2.373626
0.350185
-0.588851
-1.106516
-0.842699
-1.623384
-0.331947
1.222799
0.346155
0.225042
-1.482943
-1.548867
0.920545
-0.819196
0.445752
0.339481
-1.562335
-0.662162
0.069968
0.116782
-1.305017
-0.085612
1.280370
0.541366
1.192543
1.559524
0.384372
-1.118554
0.265976
-1.365501
-0.306177
-1.037594
-0.417085
-0.520843
0.219776
-1.455184
2.182931
0.684797
-1.237883
-0.275432
0.182894
0.829634
2.342689
-1.025357
-1.335689
0.339465
0.137980
-1.126206
1.193620
1.542454
-0.326792
-0.441529
-0.120035
-1.226641
0.427195
1.114390
-0.078338
-0.678405
1.201937
-1.132467
1.898618
0.246878
-0.456992
0.346098
-0.688047
-0.161091
-0.040791
-1.260955
-1.326307
2.028904
-1.050591
-0.710299
-0.081799
0.911472
-1.150155
-0.400059
-1.704541
-0.123053
-0.846693
0.834703
-0.418123
-0.525227
1.637950
1.042297
-0.218670
-0.155296
-0.472499
0.550990
0.756512
-1.168979
-0.809749
0.397794
0.713564
0.981920
0.369686
-1.129378
-0.935621
-0.920094
0.305758
-0.164201
0.635577
1.269875
0.303558
1.617879
0.470638
-1.127077
0.154049
-0.729519
1.022244
-0.947719
-1.177805
-0.629830
-0.077987
-0.731529
0.075673
-1.099287
-0.155772
1.016883
-1.787768
-1.521704
-0.400240
0.400647
1.597617
0.357120
0.550864
-0.261931
0.296683
0.000661
-0.822006
0.822149
-0.032454
-1.034219
-1.177317
0.277772
0.591009
-0.577343
-0.125203
0.314384
1.673213
1.331337
-0.189496
0.080252
-0.582364
0.251138
1.519087
1.309832
0.031253
-0.347915
-0.108454
-0.647826
-0.612552
-0.797094
1.265548
-0.582554
-0.702214
1.075529
0.612385
-1.644229
0.506853
-0.440833
-0.161290
-0.743508
0.188967
0.056041
-0.384402
0.604852
-1.137136
-1.878257
-0.109343
0.396649
-1.566937
0.807689
-1.748100
0.537943
0.468616
-0.218826
-0.352467
-0.111728
-1.914023
-0.464271
0.462322
0.867567
0.424311
1.123907
-0.403073
0.824161
-0.258692
-0.501571
-1.055038
0.127893
0.761234
0.370752
-1.566098
-1.359908
0.477345
1.534695
-0.677540
0.938352
0.559888
-0.708421
1.380809
-0.252324
-0.910727
0.016929
1.390972
0.766588
0.284091
1.373918
0.852813
-0.179799
0.076008
1.347407
1.318028
-1.166759
0.207668
1.429107
0.238312
0.123758
1.104246
1.897224
-1.817199
0.149067
1.796595
1.695895
-0.043181
-0.161946
-0.439720
1.025710
-0.345854
0.600505
-0.595052
0.319192
0.421964
0.005936
-1.642762
-0.912435
-0.006649
0.084956
0.166859
-1.209996
1.573902
-2.371897
0.440034
-0.277157
-0.509260
0.318513
-1.485053
-0.228591
-2.872784
-0.563723
-2.327686
0.239965
-0.309366
0.393990
-0.867941
-0.334412
-0.957276
0.437552
0.454402
-0.666423
-0.181446
0.696678
0.236507
0.568940
-0.072738
-1.016581
-0.518469
0.022987
-1.415881
-1.637862
-0.228445
0.391798
0.829330
0.178599
-0.108183
-1.031596
3.613446
0.743123
-0.755902
0.665928
1.095426
0.402481
0.933094
-1.188448
-0.221410
0.083586
1.422337
0.180723
0.288298
0.607915
0.127395
-0.496297
0.029575
-0.814504
-1.260635
2.603234
-1.609522
-0.003013
-0.970638
0.974593
0.042011
2.665481
0.663676
0.073715
0.644640
0.273141
-0.340859
-0.823812
-0.574026
0.238307
-0.422213
-0.868680
-1.261348
-0.219410
-0.399062
-1.681070
1.174544
2.029375
0.405514
-0.736334
0.752428
-1.427113
-0.615186
0.962919
-0.984086
0.169107
0.094988
-0.091617
0.524117
-1.298007
0.460818
-0.222337
-0.507044
-0.459800
-0.259323
0.131860
0.781406
1.876174
0.237080
-0.181625
0.885408
1.163597
-0.383542
0.898849
-0.004055
-0.268842
0.904742
0.378097
-1.114093
-0.185148
0.734855
-0.118759
-1.089811
-1.325943
0.644171
-0.440112
-2.073915
1.096544
-0.789818
-0.338346
-1.313705
0.678474
-1.148366
-0.970358
-0.132291
0.561877
0.591647
-1.228968
0.664328
1.327161
0.315868
-0.750467
0.856700
0.206587
-1.154891
-1.787383
1.471488
-1.401094
-0.768008
-0.462816
0.089222
0.040694
0.511741
-0.524429
0.451312
-0.116274
0.997826
-0.253576
-0.074009
0.315564
-0.470551
0.091695
-0.064083
-1.071708
-1.824645
-0.855293
1.868452
-0.772906
0.771665
-0.671769
0.282505
-0.252617
-1.075658
0.189712
1.242809
0.987434
1.048645
-0.289621
0.310401
0.653382
0.811337
0.048729
0.483966
0.351771
-0.474087
0.649970
-0.277313
-0.120210
0.393001
0.881040
-0.166861
-0.329403
0.681248
1.053954
0.156670
-1.052312
-0.946781
0.574734
1.055359
0.635443
-0.612080
-0.830367
0.083218
1.109518
-0.586307
1.287402
0.584035
0.038532
0.297043
-0.004687
0.852696
0.540797
-1.483949
-0.083186
-1.139978
0.599338
0.259138
0.077171
-2.178341
0.482274
0.627772
0.394167
0.828609
-1.431736
0.225399
-0.945342
0.673793
0.720413
-0.125326
1.564148
-0.209291
0.388290
1.653242
1.595554
-0.502680
-2.446626
0.561645
-0.184626
0.262548
-1.059982
0.227399
1.491907
0.931214
-0.266216
0.257289
-0.278427
0.229881
-0.380506
1.427838
0.977264
-0.173015
-0.227542
-1.112571
0.075069
0.877252
-0.227431
0.590143
-0.746377
1.253537
1.120398
0.250006
0.188169
1.384467
-1.038422
0.585010
0.114056
-0.435061
0.885171
0.943238
-0.151712
0.249652
0.806951
0.150886
0.696549
-1.043925
0.101403
-1.078834
1.396475
2.464190
0.167218
1.310109
0.548399
-0.520198
0.384534
0.152559
-1.073154
0.987514
0.864032
0.440254
-0.596343
-0.621506
0.963469
0.201115
1.977213
0.677134
-0.365899
-0.500038
-0.670994
0.637242
-0.769553
-0.039385
1.915328
-0.274146
-0.569418
-1.271601
-0.028146
0.915478
0.340690
-0.376656
-0.820536
0.070706
0.631623
0.318826
-0.508079
-0.993727
0.305838
-0.107801
-0.440152
-0.057582
0.001978
0.128475
-1.565466
0.151817
0.209767
0.298126
0.465797
-0.367110
2.453096
-0.566832
0.599951
-2.402894
0.763322
0.614420
0.209223
-1.328957
-0.424460
1.449868
-2.454270
0.773649
-1.195124
0.165016
1.430961
0.744246
-1.378946
1.398334
0.209235
-1.730145
1.378785
-0.860530
1.826881
-0.088102
0.773812
-1.421294
0.521797
1.655272
0.236116
0.414944
0.393230
-1.437109
-0.035072
1.528135
-0.755449
0.468751
-0.264462
1.848735
1.051486
-0.288535
0.538202
0.985991
-1.087196
-0.960867
-0.719398
-2.004220
1.307668
0.709287
0.859396
0.679435
0.189453
0.367369
-0.312799
0.704609
0.223629
-0.105463
0.710957
-0.151359
-0.475925
0.240122
-0.475314
0.132170
-0.304852
0.170886
-0.497126
1.333933
-0.192137
0.178701
-1.118509
-0.420941
0.829915
1.233061
-0.690840
0.968873
-1.344537
-0.436023
0.400119
-0.390191
-0.129727
0.251242
1.861820
0.306992
0.323707
-0.248485
2.966546
-0.472800
-0.329217
0.258780
-1.455994
-0.726088
-0.061959
0.581763
1.156331
-1.668203
0.844366
0.546636
-1.001769
0.267436
1.238612
-0.839383
-1.404408
0.128176
0.644264
1.435009
0.798569
-0.934347
-0.567975
-0.492406
-1.007837
1.851981
0.515652
-0.383676
1.383451
-0.408676
-1.708760
0.038066
0.789125
-1.097880
-0.406192
-0.512900
-0.175942
-0.435838
-0.891264
0.066752
-1.847412
0.103033
-0.233466
-1.067505
-0.419513
-0.649361
0.441559
0.448835
-0.253786
-1.986495
0.800943
-0.423955
-0.419598
-1.034946
1.157419
0.419342
0.190916
0.443406
-0.177205
0.155186
0.314840
-1.105599
0.833428
-1.240679
-0.751411
-0.665908
0.440278
0.236428
0.334123
1.068399
0.301957
-1.507106
0.496038
1.408182
0.422431
0.144415
0.339170
-1.549893
-0.622178
0.700782
0.886181
-0.561077
0.735993
-0.009897
0.196609
0.303962
-0.795997
-0.039184
1.127755
-0.252736
-0.829129
0.477212
-0.060598
-2.644830
-1.338132
-0.617664
-0.920018
-0.872637
0.150787
-0.511811
-1.608495
1.026467
1.612415
-2.183833
-0.343716
-0.118001
0.740617
0.233167
-0.634355
2.644155
-0.061615
0.017452
0.827649
1.113462
1.385107
-0.099610
-0.996773
-0.044344
-0.327164
-0.380253
-0.129580
0.289307
-0.192605
1.805632
1.346747
-0.498498
-1.438938
-0.215262
1.332025
0.809790
-0.440257
-0.588605
-0.868141
-0.520788
-0.312744
1.097872
1.081231
-0.416812
-0.339869
-0.081637
-1.074009
-0.051661
0.373803
0.321073
-0.091795
1.601157
-1.828205
-0.213591
-0.507965
-1.047499
1.372759
2.040615
0.289526
0.511141
0.563479
-0.551543
-0.203705
-0.959894
-0.479424
-0.824310
1.380298
1.318801
1.000176
0.792235
-0.632489
0.347166
-0.520441
-0.445146
-2.186062
0.198812
1.091455
-0.963615
1.790024
-1.407012
0.033495
1.546975
1.386625
0.571443
-0.604100
-0.349830
-0.141242
-0.371911
0.982824
0.872857
-0.283344
0.204669
-0.164750
0.499488
-0.067479
0.115845
0.110768
0.458373
-0.047850
-0.884761
-0.227625
-0.236321
0.005452
0.594396
1.172551
-0.274592
-0.515175
0.104532
-0.710827
-1.560874
0.179137
0.394985
0.193297
-1.249775
1.824277
-2.213595
-0.662791
0.613882
-0.912843
0.100130
-0.320920
0.628102
1.262760
-1.817500
1.600539
-0.806048
0.051596
-1.118914
-0.121271
1.014505
-0.199815
-0.960735
-1.131055
0.754040
0.085032
-1.824715
-2.043162
-1.422539
1.561330
-0.407830
0.417759
0.481121
-0.373560
1.208617
-0.199046
-0.271040
-0.728350
-1.667887
0.146787
-0.562405
-0.530066
-0.470899
-1.269866
-0.382076
-1.926328
0.196712
0.656881
-1.103982
1.852077
-1.050472
0.158696
0.835772
0.915223
0.496315
0.867952
1.150756
0.913209
0.651484
-0.062358
-0.079970
0.685062
1.280468
-0.101617
-1.504803
-0.629745
-1.687890
-0.522354
1.321113
0.553346
-1.509870
-0.041425
-0.355415
-0.312215
1.254220
0.149841
0.455691
-0.850057
0.354772
-0.109310
1.683455
0.003942
0.233700
0.236849
0.455391
-0.363963
0.771289
-1.198322
0.697405
0.476866
0.226618
-0.290190
-0.165599
0.098426
1.700051
-0.743030
1.140455
0.176238
-0.093990
0.942578
-1.475294
0.063935
0.500869
-1.195164
-0.823654
0.029854
-0.917030
0.912497
0.378380
-1.376567
0.519323
-0.386315
-1.092029
0.731514
0.405569
-0.419839
0.839899
-1.567219
-1.470435
0.931798
-0.434816
-0.056472
1.330971
1.048704
-0.619465
1.302696
-1.161277
0.455864
-0.645542
0.616781
-0.050337
0.328278
-1.020647
-0.663653
0.950836
1.286190
-0.520891
-0.260363
1.513471
-0.405745
-1.158857
0.884317
0.536116
0.743237
-0.247026
-0.032909
0.048290
-0.260317
-1.396705
-1.608849
0.773295
1.118986
0.773622
0.699829
0.105736
1.297562
-0.572590
-0.886315
-0.384837
0.171209
0.412627
-1.745676
-0.475333
1.449823
-2.018153
0.131301
1.010801
-0.715290
-0.992572
-0.437277
-1.537965
1.301779
-0.273356
-0.477240
0.209594
0.987489
1.533727
0.746155
0.667125
-1.217069
-0.443767
0.464046
-2.063398
0.033547
-1.665994
0.577981
0.169327
-0.394057
-1.360511
0.841206
0.121495
-0.892775
1.563908
-0.384266
-2.100535
0.171702
-1.169769
0.591422
0.555200
-0.466624
0.816776
-0.145234
0.470289
0.891082
0.313331
0.659353
-0.666885
-1.213944
1.326833
-0.117348
1.927843
-0.523293
0.711612
-0.157695
-0.400626
0.123652
-0.755132
-1.667126
0.203194
1.960494
-0.807046
1.408195
0.090277
0.929288
-0.697491
1.142047
-0.219471
0.330116
-1.342601
-0.485347
0.997631
1.737795
0.101257
-0.483969
0.021011
-0.190697
1.585567
0.897658
0.583203
0.829155
-0.015587
2.030427
-1.453764
0.367317
1.889666
-1.176931
0.497444
-1.656460
0.239508
0.055128
0.450889
0.408973
0.624068
1.094800
-0.428783
1.423940
-1.298497
-0.282020
0.926575
-1.148449
-0.886258
-0.552027
-0.476227
-1.605005
-0.572243
-0.490870
-0.045266
-1.748915
-0.337174
1.924754
-0.663084
0.410590
1.004688
1.510100
1.080464
-0.304445
1.380993
0.325577
-0.878714
-1.678492
0.604157
1.697600
-1.028343
-0.706221
-0.228266
-0.496639
1.540046
1.618503
-0.770830
-0.544563
-0.620012
-0.119042
0.795873
0.616772
-0.797123
-0.619067
-0.793139
-1.625498
-0.390589
-0.294052
-0.556796
0.361372
-1.414215
-0.604981
0.251504
0.529721
-0.406570
-0.423381
0.293403
-0.759373
1.481132
0.101937
-0.214192
0.289730
0.329595
0.434004
0.088314
-0.080477
-1.100874
0.833152
0.688474
-0.162536
-0.090394
1.915471
-1.518143
1.030548
1.711046
-0.011470
0.201848
-0.064688
-0.854984
1.377939
0.319900
-1.124282
1.321360
-1.116742
0.095918
1.536189
-0.042018
1.166130
-0.694605
-1.246956
-1.387008
1.055714
0.729233
0.211708
1.245762
-1.427131
0.275339
0.042352
-0.483105
0.478740
1.066276
-1.251559
1.141633
-0.725367
0.089021
-0.529492
-1.775115
0.739546
-0.340903
-0.733692
-1.424346
0.611726
-1.085988
0.300140
1.263177
0.331182
0.764851
0.576516
0.195991
-0.743812
0.470084
0.220069
0.956085
-0.642964
1.546563
-1.424302
-0.295613
0.693122
-0.100996
-0.630562
-0.303518
1.130347
-0.651652
-0.534135
-0.578457
0.211617
-1.015988
-0.700989
-1.004903
-0.311248
0.826454
-1.098065
0.623595
0.231673
0.758650
1.011773
-0.172136
0.038571
0.316218
-0.735237
-1.455298
1.799389
0.612982
-0.027951
-0.570757
-0.308247
-0.744310
-1.462850
1.146640
-0.423035
-1.425855
-1.188875
-1.859244
1.651264
0.057579
-0.193273
1.810666
-0.444767
-0.498349
-1.281197
0.305594
0.851837
-1.240174
1.163080
-1.763267
-0.973375
-0.881882
2.517293
0.353241
0.235228
0.187919
-0.885854
1.216723
-0.220609
-1.634334
0.293034
0.197199
1.148357
-0.451239
-0.178766
-1.191155
-1.180129
-0.950151
0.332825
0.262054
0.889228
-0.187890
-0.083224
-0.567464
0.267734
0.999158
-0.836150
0.009652
-0.370588
-0.018304
-0.618740
0.039892
-0.114298
-0.844946
0.926869
0.806159
0.685824
0.701772
1.159538
0.636372
0.096936
-0.235420
0.621840
0.260184
-0.970622
-1.568955
0.095014
0.452747
1.805789
-0.888738
-0.232568
-0.589103
-1.168397
0.262494
1.331575
-1.279474
0.696556
1.150004
0.179820
0.548551
-0.475001
0.541996
-2.216060
-1.004184
-0.157737
-0.734156
-1.045080
0.094957
-0.285330
0.953376
-0.396844
-1.328962
1.946372
-0.219849
-0.147978
-0.944117
0.049573
1.242693
1.915301
0.028205
-0.083546
-0.523481
-0.937563
0.196580
-0.051291
-0.615408
2.309541
1.500540
0.563291
0.597284
-1.974811
1.550604
-0.535590
-1.003616
0.632469
1.125166
1.279084
1.627770
0.425313
0.313542
0.537968
1.023938
-0.622328
-1.434822
-0.511905
0.227774
-0.900413
-1.801718
0.250021
-0.532224
2.170612
0.248167
0.156819
2.001057
0.735710
-0.353026
0.579338
0.378251
0.552243
0.644096
-0.743014
1.477411
-0.382942
1.381322
-1.489569
-0.534862
0.383871
2.334465
-0.641056
-0.167443
-0.095705
0.513038
0.047383
0.508429
1.870349
0.940857
0.016877
-0.985430
1.773860
-0.212968
-1.033164
0.627792
0.124416
-0.820383
0.934455
1.658478
-0.149638
-0.787202
1.911582
-0.137641
-0.087063
-0.548326
-2.490078
1.279991
-0.250899
1.518806
-1.131273
0.960730
-0.878594
0.522641
2.711025
1.427572
-0.530988
0.112355
-0.161039
-0.149239
0.061794
-1.134417
-1.264093
1.038258
-2.145051
1.279493
1.483588
-0.091248
-0.940923
-1.027127
0.030259
-0.504280
0.089609
0.074527
0.502969
0.872710
0.491788
-1.940437
-0.291408
0.696609
-0.247089
0.715485
0.302257
-0.381943
-0.981572
-0.052390
-0.652496
-0.916538
0.042630
0.001200
-1.606533
0.316567
-0.318631
-0.185261
0.172455
-0.490874
-0.807408
-0.719308
0.211524
-1.372861
0.933889
-1.172898
2.236050
0.054944
-0.295655
-0.219292
1.494335
-0.930687
1.306628
0.172260
-0.392258
-0.191595
-2.087075
-1.444751
-1.129707
0.052534
-0.048005
0.558054
-1.239096
0.635475
-0.027958
0.194177
1.694369
0.363270
-1.849672
-0.814173
0.646822
0.346813
0.199869
-1.314770
0.886894
0.642914
-0.071503
-0.537244
0.984676
0.484822
-0.546600
0.518728
2.023428
-1.639644
0.697701
-0.453472
1.001901
-2.626259
1.260333
-1.284648
0.083006
-0.067337
-0.795057
-0.890632
0.022377
-0.597477
1.276947
-0.129308
0.704278
-0.578809
-0.054299
0.687085
-0.372166
0.352640
1.359494
-1.081165
-1.202630
-0.587515
1.920030
-0.213533
1.733057
-0.006281
-0.893960
-1.090383
0.110647
-1.033966
1.591779
0.629808
-0.864515
-0.787481
0.649560
1.159347
-1.685557
-0.657041
0.475929
-0.852870
0.901515
1.595203
0.737597
1.654219
0.500060
-1.676083
-0.465874
0.811601
-0.453536
1.159217
0.247087
-0.892321
-1.010019
-1.099486
-1.396263
-0.154496
0.503724
-0.586162
-0.700882
-1.562710
-0.194919
-0.965486
1.685061
-0.746128
1.245381
0.809001
1.925435
1.993083
0.157855
-0.759975
-0.989288
-0.203470
-0.201973
-0.173729
1.817009
0.618348
-1.437934
0.660540
-0.849258
-1.041957
-2.115939
-0.733097
0.953005
-0.077195
-1.319444
1.737216
0.576476
-0.993879
-0.118893
0.680844
0.793766
0.132122
-0.086899
0.924151
-0.513140
-0.720358
-0.150958
1.088102
-0.820421
-1.382274
-0.264722
-0.941322
1.302131
-0.146065
0.115167
0.078335
0.979790
-0.433478
0.829685
0.669289
0.503337
1.834559
0.167456
1.099395
1.065318
-1.131910
-0.752326
-0.400927
0.120534
0.154542
0.529897
-0.301077
1.101031
-0.486742
0.615804
-0.691787
-0.863303
-1.900051
-0.078456
-0.204193
-0.924818
-0.009713
0.117014
-1.829511
0.225937
-0.650494
1.384874
-0.325160
-1.346244
-0.467126
-1.507579
0.414781
0.716010
-0.547289
-1.531941
0.793537
-0.927269
-0.650250
0.253476
-1.099547
0.684147
1.499363
-0.113270
0.647755
0.743091
-0.887062
1.794040
0.642372
0.104476
1.746543
-0.608148
1.488569
1.252938
-1.486649
0.750801
0.727790
-0.638970
-0.608701
-1.507882
0.378929
0.668502
-0.691258
0.188566
0.352958
-0.529649
0.347573
0.338452
-0.384679
1.290245
-0.684396
1.352071
-0.664471
-0.665051
0.649459
-0.862535
-0.070102
-1.582188
-0.113038
0.927806
-1.329740
0.451470
-1.665244
-0.064829
-2.274531
-0.225242
1.398371
-1.243412
0.500645
0.005766
-1.867888
0.376656
-1.159708
0.315136
-0.372666
0.910772
1.629558
-0.852740
-2.505192
-0.493323
0.082561
0.177251
1.450198
-0.164512
0.264118
-0.563422
-1.208492
1.196204
-0.793829
-0.760852
-0.967196
-0.135683
-0.476011
0.988900
0.265816
2.613494
1.060514
-0.036773
-0.196397
-0.432420
-0.947635
1.331212
-0.342155
0.793080
-0.463891
-0.140993
-0.806332
2.077980
-0.035399
-1.145414
-1.473873
0.140890
0.005986
0.028128
-0.908168
-1.802239
0.151391
-1.967194
-2.338082
0.808954
0.103659
-0.730996
-0.729476
0.011122
-0.335041
-0.719703
-1.112379
-0.986019
-0.884437
-0.285028
3.084998
1.181232
1.740302
-0.040744
-0.393248
1.270126
0.347036
-0.637692
-0.614776
0.778596
0.864942
-0.336247
0.553962
-0.397746
0.716128
-0.121706
0.593314
0.791037
-1.168474
-0.776902
-0.760888
0.501186
0.288610
0.672380
1.317265
-1.612944
0.597285
0.955957
-0.678971
0.209249
-0.389290
1.093329
1.252820
-0.362175
0.261762
0.637498
-2.166579
-0.121096
0.570315
-0.279932
0.606188
-0.353660
0.498689
-0.745869
-0.430028
1.157589
-0.359459
-0.267778
0.514159
0.752552
1.398288
0.660746
0.858991
0.943828
-0.092443
0.280054
0.652241
0.262298
0.885241
1.172170
1.290369
0.189226
-1.211692
-0.274476
-0.834979
-0.121351
0.843909
-0.047230
0.810429
-0.054769
-2.640668
-0.322297
0.936052
0.822059
0.678582
0.032466
0.337241
-0.141497
-0.600737
0.871230
0.965048
-1.878307
-0.333627
-1.190799
0.611974
1.182928
1.795014
0.829466
0.129912
-2.271950
0.941141
1.343118
0.478642
0.198577
-0.644567
-0.236988
0.782494
1.052537
0.726393
1.434418
0.690171
-0.139262
1.136955
0.806227
-0.953093
-1.431916
-0.319889
2.221649
0.816422
1.193553
-1.227655
0.692705
1.493691
0.051829
-0.208353
0.579710
-0.229013
0.805637
-1.096451
2.717441
-2.209176
-1.248485
0.342424
0.459298
-0.589058
0.637503
-0.063083
-0.303997
0.063270
-0.120298
0.069797
1.183935
-2.600156
-1.012645
0.614279
-0.515504
-0.136340
1.480960
0.458106
0.425808
0.471163
-3.093020
-1.137557
-0.338089
-1.983893
-0.130495
-1.975500
-0.222440
0.343850
-0.119711
0.849948
-2.713876
0.576375
-1.089082
0.013814
-0.422945
-0.424177
-0.540671
-0.145152
0.451228
-0.291152
0.396767
1.293374
1.196833
-0.715848
-0.212602
1.103789
-2.039779
-0.977689
-2.418292
1.080604
0.248007
1.111852
0.337937
1.524828
-0.486452
1.483610
-0.173008
-0.957338
0.216364
-0.114283
-0.602313
1.502817
1.150477
-0.465503
-1.927423
-1.537705
0.008182
-1.371246
1.039854
0.264023
0.517859
-0.141113
-0.185770
-0.609623
-0.954112
0.340202
0.113705
0.823962
1.280569
1.089049
0.838155
-2.111512
0.082427
0.674630
0.058970
-0.731524
0.625698
1.119767
0.161034
0.421732
0.528920
-0.663107
0.146283
0.463455
-2.323062
-0.556237
0.301963
2.181836
1.338393
-0.599813
1.111245
-0.923474
1.942441
-0.677110
0.644563
-1.162795
-0.481775
0.132740
-0.760786
1.514332
0.615047
1.778308
-0.692432
0.461166
0.830930
-0.346200
-0.030717
0.993850
0.431728
-0.110982
-1.003371
1.686711
0.942433
1.138355
-0.122515
1.218053
1.191778
0.351288
0.415374
0.674207
-1.461255
2.688352
0.516722
-1.107842
-0.305414
1.021957
1.797983
-0.080280
-0.835062
1.433620
-1.149639
0.749146
-0.586673
0.481480
1.869743
0.677530
-0.213704
1.346165
-0.521636
0.284561
0.245053
1.033934
-1.087579
-1.363288
1.094048
-0.933811
-0.346151
0.459827
0.563280
0.705219
-0.437087
-1.288414
0.593488
0.561158
1.947010
-1.488936
-1.135299
-1.311654
1.160743
-0.085248
0.666422
-0.135477
-0.142643
-1.444699
-0.396974
-0.658344
0.920651
1.191848
-0.584513
-0.571202
1.258930
-0.413394
0.088843
0.264087
0.931918
-0.415971
-0.632504
0.277481
0.431918
0.602180
-1.571394
0.413200
-0.041786
0.754242
-0.117093
0.200420
0.500558
0.031726
-0.267335
-0.203175
1.509786
-0.764623
1.311076
0.349374
0.280895
-0.234484
-0.473165
0.232248
2.176815
-1.744447
0.301992
-0.854883
-0.177874
-0.328594
-1.735659
-2.691342
0.746162
1.086283
0.486106
0.134265
-1.002295
0.007262
-0.960578
0.051615
1.131817
-0.701741
-0.661960
0.505775
-2.225208
-1.205621
-0.216600
0.504749
-0.889775
-0.068558
2.647636
0.652152
-0.820884
-0.183924
0.519887
-0.431355
-0.895210
0.142026
1.063866
-0.995800
0.430304
-0.910859
-1.647406
-1.204644
-0.285974
0.307249
-1.306835
-1.331784
-0.075471
1.027648
0.475254
1.631918
-1.269764
-0.648731
-0.950091
-1.574837
-0.677425
0.960956
-0.323113
-0.383845
0.996031
1.453306
-0.886275
-0.250761
0.909839
0.330074
0.032134
0.231106
0.731481
1.241842
-1.563961
-0.914879
-0.469378
-0.984361
0.031003
0.493165
1.199056
-0.754974
0.119035
0.072976
0.490785
0.733117
0.181739
-0.619485
-0.932374
0.679081
-0.176453
-1.177855
0.420231
-1.125113
0.305422
-0.189413
-0.365603
1.799644
-0.010410
-0.319113
0.261864
-0.625446
1.328913
1.406319
0.501876
-0.494624
1.526296
1.350264
0.666247
-0.647526
-0.156562
-0.093275
0.909443
-1.856972
0.065954
-1.765415
-0.211709
-0.250435
-0.318984
0.721506
0.115321
0.133418
-0.457869
0.760943
-1.657915
0.109554
-0.094758
0.521522
1.329886
-0.121479
-0.630271
1.526618
-0.529207
-0.732007
0.990461
1.920959
-0.504151
1.027410
0.754498
0.720875
-0.286244
0.845024
-1.567577
0.914115
-0.294258
0.468284
0.119922
-0.199059
-0.020552
-0.102640
0.668901
-1.895772
0.389457
0.066375
0.376752
1.474097
-1.007307
1.053944
-0.195484
1.107444
1.081228
0.246078
-1.172018
1.407283
0.728060
1.139433
-1.074938
-0.845709
-0.531837
0.042056
-1.418372
-0.877494
-0.233865
-0.777777
-0.142583
-1.694688
-0.306373
-0.722079
-0.742784
-0.001209
-1.509825
-1.387731
0.693616
-0.943813
0.515790
-1.415762
0.662402
0.242260
-1.035064
0.978316
-0.353596
0.413791
0.774546
1.994947
0.750309
-1.405670
0.327838
0.282535
-1.071758
-1.040948
1.051021
-0.517995
1.391178
1.965843
1.895333
-0.510268
0.197605
-0.532774
0.450679
0.256935
0.442007
0.635022
0.066108
-0.854822
-0.969559
1.084558
0.302328
-0.820358
0.885571
0.872970
0.245972
0.587452
0.918912
-1.184212
-0.499286
0.274733
2.090616
0.159655
-0.405810
0.059558
-1.527308
0.279865
0.822603
0.055483
-1.043232
0.107794
-1.125057
-0.243880
1.320903
0.435571
-0.942790
-0.466497
1.118828
-0.732696
0.698737
1.258194
0.330796
-2.576027
0.168181
-1.269306
-0.044146
0.088837
-2.060022
-0.828630
1.827944
0.685469
0.073108
0.564353
0.842814
0.271738
-1.509503
-0.543220
-0.574800
-0.615954
-0.682591
0.441091
0.794163
-0.959016
-0.596397
-0.109424
-0.557656
0.096537
-1.857634
-1.204716
-0.853577
-0.992291
0.152576
1.658870
0.591912
0.715122
0.225898
1.111791
-1.646657
-1.877821
-0.214927
-0.530244
-0.505588
2.150010
-0.849635
-0.925955
-1.139376
1.595615
0.278829
1.356269
-0.284873
0.229606
-0.747919
0.544068
-0.532505
-0.724550
-0.597261
-0.325130
1.311242
0.129265
0.191429
0.878507
0.679543
-0.713765
-0.768586
0.672239
0.396860
-0.169546
0.560877
-0.914691
0.691934
0.535549
-0.898123
2.042363
0.045421
-0.202315
0.937357
0.400725
0.191115
-0.093548
-0.020832
0.138960
-0.834415
0.350017
-0.199471
0.496791
-0.417116
-0.060220
1.111989
-2.159862
1.444912
-0.939620
-0.145205
1.000801
-0.914258
0.456098
-1.492879
-1.424313
0.141603
0.017622
-0.005334
0.052190
0.652034
0.008522
-0.445057
-0.105325
-0.307727
-1.562970
-0.665982
0.615869
0.529700
0.087335
-1.211677
0.903068
-0.094835
0.443348
0.737979
1.981043
0.089817
-1.527166
0.378301
1.125571
-0.347296
0.017455
-0.008403
0.870145
-0.516014
-0.496965
0.799837
-0.535404
-0.819951
0.622970
-1.091143
1.142927
0.501554
0.817063
0.888593
0.130786
-1.968279
2.411656
-0.323082
-0.135720
0.897571
-0.583759
0.121165
-2.399484
0.818349
1.153823
-0.965791
