0.110896
0.062275
0.037442
-0.046719
-0.295797
0.113037
0.041966
-0.169709
0.438769
0.070262
0.095463
0.044208
0.552442
-0.279057
0.044626
-0.288480
0.612480
0.294943
-0.535970
-0.044115
0.496184
-0.179742
0.049152
0.333198
0.047427
0.096636
-0.100373
-0.094232
0.051061
0.072445
-0.365806
-0.331665
-0.026814
0.510068
-0.775317
-0.000228
0.095731
0.237333
-0.078901
-0.409428
0.890454
0.211766
-0.126673
-0.157209
0.233458
0.268904
-0.192858
-0.121644
-0.029212
-0.028857
0.100636
-0.106744
-0.333603
0.261464
-0.034671
-0.193505
-0.530288
-0.294674
-0.032678
-0.054178
0.079938
0.133973
-0.105980
0.000222
-0.162697
0.265252
0.175422
-0.267752
0.360383
-0.125389
-0.029810
0.042401
-0.311244
0.440620
0.235680
-0.058712
0.004005
0.086057
-0.072058
-0.036815
-0.493034
-0.180100
0.220273
0.244490
-0.138117
0.383290
-0.214885
-0.037536
-0.193530
-0.200493
-0.365753
0.090288
0.058195
-0.330091
-0.035307
-0.356532
0.393618
-0.386041
0.012012
-0.101814
0.482281
-0.243765
0.010513
0.300342
0.130778
-0.337097
0.472041
0.215902
0.029535
0.103865
-0.390941
-0.281993
0.223501
-0.046473
-0.253652
-0.012079
-0.231565
-0.147354
0.239525
0.190900
-0.067337
0.374719
-0.039625
-0.233454
-0.335229
-0.073417
-0.215948
0.094275
-0.182567
0.215705
0.171415
-0.357285
-0.141863
-0.367773
0.509717
0.613246
-0.259639
-0.318952
0.475638
-0.232798
0.229611
0.072388
-0.324286
0.079101
-0.119602
-0.442863
0.095293
0.153016
-0.248806
-0.150574
0.279999
0.005494
-0.550927
-0.026832
0.006484
-0.599578
-0.197264
0.075823
-0.160406
-0.198685
-0.219035
-0.144266
0.074135
0.301819
-0.041286
0.235504
0.097371
-0.415499
-0.292963
-0.060920
-0.085139
-0.360920
-0.385098
0.334703
0.036979
0.224769
0.595349
-0.051845
0.425759
0.654503
0.166588
-0.158810
0.255985
-0.511083
0.354752
-0.000547
0.128639
0.062838
0.156879
0.161210
-0.017647
0.116028
-0.102264
0.237047
0.385744
0.419830
-0.058767
0.273127
-0.031656
-0.135135
0.226052
-0.587141
0.142516
-0.515456
0.081175
-0.229049
0.367387
-0.300941
-0.099426
0.373390
0.081465
0.246797
-0.286481
-0.087873
-0.256204
0.297315
0.197085
0.302104
-0.156464
0.109248
-0.276529
-0.004737
0.211887
-0.079905
0.343696
0.200978
0.142338
0.208712
-0.220213
0.518135
0.020790
0.140008
-0.162067
-0.131618
-0.048586
0.013590
0.142866
0.197953
-0.255666
0.267331
0.253809
0.603976
0.000558
0.250471
-0.162931
-0.341019
-0.188468
0.005547
0.166690
-0.317653
-0.131578
0.055631
0.333463
0.368945
0.251943
0.138711
-0.040792
-0.112828
-0.312034
0.144620
0.134916
-0.443809
-0.039531
0.360420
-0.187739
0.250769
0.420348
-0.054460
0.134299
-0.050626
0.003477
0.172179
-0.309823
-0.268031
-0.064555
-0.003745
-0.448719
-0.119324
-0.416981
0.555070
-0.080719
-0.139950
0.642441
0.409850
0.180744
-0.224328
-0.012905
0.143198
0.211729
0.344980
-0.043014
0.291855
0.211816
0.000071
-0.052251
-0.029506
-0.099900
0.165247
0.031025
0.119827
-0.265834
0.390879
-0.298359
0.263491
-0.211582
-0.124471
0.331708
-0.491878
0.107310
0.289228
0.025828
0.126236
0.024205
0.158291
0.125783
0.267983
0.013266
-0.076203
0.181185
0.293015
-0.128432
0.114129
0.124461
0.376137
0.146033
0.140062
0.216663
0.527782
-0.155158
0.134432
-0.002716
0.208054
0.035211
-0.129687
0.145919
0.121936
0.061866
0.151222
-0.547201
-0.081721
0.208356
-0.551851
-0.090696
-0.076516
-0.210892
0.237172
0.032046
0.520866
-0.012355
-0.175523
0.131486
-0.315468
-0.116943
-0.268152
0.216600
-0.329251
0.326055
-0.025038
0.020487
0.045748
-0.024931
0.209683
0.037748
0.090677
0.180055
0.186551
0.301420
-0.234140
-0.068271
0.112116
0.081701
-0.204540
-0.431141
-0.206747
0.092306
0.640094
-0.378027
-0.204998
-0.497737
-0.000076
0.263029
-0.044373
-0.265956
-0.215240
0.347720
0.158458
0.047345
-0.093169
-0.321977
-0.182665
0.087207
0.309006
0.220411
-0.178965
0.071273
0.425278
0.052865
-0.237515
0.037604
0.347840
0.260462
0.164905
-0.129392
-0.536739
0.119705
0.161499
-0.219474
0.227287
-0.233973
-0.323492
0.061422
-0.117298
0.325406
-0.050130
-0.131329
0.279051
-0.211700
-0.528240
-0.096167
0.435344
-0.194075
0.189458
-0.063320
0.285744
0.227967
-0.089711
-0.116445
-0.005632
0.147723
-0.260714
0.017840
0.025153
-0.332680
0.494130
-0.246733
-0.002854
0.056609
0.242315
0.469700
0.073271
0.272558
0.205773
0.049632
0.225258
0.188849
-0.134001
-0.143823
0.189432
-0.116572
0.251017
0.003148
-0.078847
-0.314957
0.208555
0.014602
-0.018057
0.401953
-0.632851
-0.001627
0.112568
-0.223374
-0.015395
0.198091
0.294983
-0.015064
-0.501677
0.149421
0.102018
-0.059355
-0.274945
-0.065794
0.419836
-0.208497
-0.010965
0.263839
-0.268350
0.287931
0.256633
0.163864
0.067225
-0.240621
0.079944
0.504686
-0.240586
-0.262680
-0.119332
-0.591755
-0.195906
0.212792
0.586717
-0.107277
0.258454
0.348911
-0.019563
-0.162590
0.158362
-0.132084
-0.117758
0.168503
0.119271
0.400297
0.221428
-0.095084
0.405084
0.276340
0.246114
-0.045587
-0.264121
0.547794
0.086249
0.434155
-0.215708
-0.185595
-0.350219
0.215895
-0.383199
0.291813
-0.622732
-0.401475
0.230064
-0.318333
-0.290231
-0.175833
-0.110472
-0.282531
0.361176
-0.142160
-0.083794
0.286901
-0.053013
0.179831
0.039689
-0.110570
-0.275065
0.070734
0.327932
-0.200332
0.137460
0.266988
0.007446
0.102283
0.183747
-0.156659
-0.210512
0.126693
0.279318
0.241614
0.188106
-0.344116
0.034899
-0.043482
0.049460
-0.188397
0.050378
0.144096
0.060243
0.251407
-0.419839
0.165627
-0.111308
-0.159187
-0.088440
0.614516
-0.241406
0.170214
-0.009282
-0.228640
-0.041501
0.263855
-0.377904
0.324209
0.269087
-0.052390
-0.161022
-0.135571
0.060633
-0.234106
0.130284
-0.350184
-0.128683
-0.370520
0.662894
0.066084
0.115251
0.309207
0.409438
0.088675
-0.217191
0.073558
-0.059510
-0.005638
-0.535441
-0.243442
-0.646405
0.275084
-0.486483
-0.560398
0.532955
-0.111380
0.550294
-0.084769
-0.044352
-0.060520
-0.211335
0.655042
0.049579
-0.184959
0.203273
-0.091242
-0.077914
0.014373
0.223433
-0.083920
-0.508540
0.044624
-0.279302
-0.240878
0.130745
-0.076345
0.234840
-0.267753
-0.436176
-0.072117
-0.082769
-0.440152
-0.050690
-0.018648
0.004553
-0.127003
0.118410
0.275131
-0.389601
0.050890
0.021500
0.263056
-0.148832
0.090122
0.016891
-0.170122
-0.248380
0.092627
-0.374388
-0.001828
-0.030938
-0.095075
0.165200
0.124080
-0.431238
0.020124
0.782048
0.081501
-0.006118
0.145082
0.153420
0.192416
0.269830
0.057818
-0.225592
0.055492
0.419866
0.054966
0.214269
0.255263
-0.379131
0.448319
-0.015130
0.090957
-0.320912
0.274269
-0.187879
0.218854
-0.233001
0.617525
0.088985
0.290788
-0.006456
-0.059483
0.074536
0.083838
0.000706
-0.401641
0.029763
0.178632
0.202356
0.092640
0.100610
0.024621
-0.080570
-0.343182
-0.137923
0.203718
0.015550
-0.064192
0.094884
0.148691
0.428631
0.176049
0.196897
0.251447
-0.262003
0.166979
0.070756
0.024538
0.305696
0.140131
0.652831
-0.156803
0.101931
-0.082722
0.044199
0.379537
0.081644
0.171790
0.117880
-0.440841
0.097502
-0.226377
0.166527
0.139021
0.309922
0.255980
0.553407
-0.271609
-0.259374
-0.148670
0.201777
-0.067439
-0.292896
-0.201383
0.042677
-0.149241
-0.321805
0.019498
0.249783
0.153929
-0.192765
-0.061822
0.374350
-0.019941
-0.032413
-0.156554
0.059154
0.045067
-0.093614
0.221630
-0.145287
0.172705
0.429173
0.127446
-0.176648
0.072615
0.206351
0.100110
-0.118783
-0.214734
-0.564363
-0.154787
-0.078659
0.024023
-0.317002
-0.198369
0.179997
0.441256
0.159001
0.149939
0.251507
-0.065430
-0.063155
0.002519
-0.018813
-0.143175
-0.241706
-0.052375
0.142085
0.436855
0.288906
-0.184946
-0.119717
0.152912
-0.009850
-0.188163
-0.147991
-0.172256
-0.341878
-0.333546
0.092633
-0.448275
0.213888
0.305712
-0.479100
-0.020990
-0.182005
0.088572
-0.045349
-0.132785
-0.224166
-0.002768
-0.115904
0.593188
-0.699869
0.033914
0.043726
0.168001
-0.004057
-0.007647
-0.000629
-0.017273
0.084146
0.136176
-0.096088
0.167126
-0.248318
0.013336
0.057718
-0.248455
-0.043316
-0.158838
0.113883
0.225605
-0.364013
-0.246174
0.067567
-0.231193
0.245586
-0.051324
-0.231741
-0.258576
-0.183722
-0.093965
0.726521
-0.332753
0.253484
-0.321286
0.101703
-0.174992
0.242012
-0.250573
-0.301808
-0.252270
0.669723
-0.215445
-0.027569
0.283302
-0.431927
-0.286203
-0.154926
0.222844
-0.040964
-0.100898
-0.035311
-0.151227
-0.099615
0.160901
-0.056834
0.054106
-0.196002
-0.341222
-0.324033
0.059393
-0.425555
0.248270
-0.052125
0.041184
0.586384
-0.047755
-0.190735
-0.045624
0.096316
-0.259835
0.055839
0.087715
0.080046
0.080172
-0.071845
0.124002
-0.013575
-0.015388
-0.171964
0.360393
-0.191918
-0.324858
0.229436
-0.116915
-0.347945
0.129706
0.168789
-0.357209
-0.119568
0.112059
-0.211904
-0.138816
-0.169576
0.105207
-0.197653
0.213868
0.084161
-0.215058
0.155369
-0.023314
0.108295
-0.212536
-0.339103
-0.192994
-0.135777
-0.116879
0.057797
-0.244734
0.135641
-0.010832
-0.576816
0.599470
-0.082315
-0.047993
-0.427194
0.321471
-0.273651
0.314508
-0.389925
0.235155
-0.074946
-0.027859
-0.099805
-0.220995
-0.018111
-0.261817
0.060435
0.230033
-0.224686
-0.359875
-0.084213
-0.181835
-0.339590
-0.243975
0.516204
0.136801
0.043863
-0.332115
0.087254
-0.058716
0.261210
-0.282691
-0.656997
-0.115253
0.188861
0.185860
-0.329636
0.411059
-0.305953
-0.244475
-0.380024
-0.611424
-0.099942
0.060360
0.101653
-0.180804
0.397580
-0.136395
-0.234887
0.367463
0.253891
0.100925
-0.022119
0.159384
-0.069632
-0.324412
-0.271045
-0.211843
0.050377
-0.113722
-0.453448
0.065465
-0.230520
0.113520
-0.599277
-0.389420
0.109028
0.012110
0.086733
0.080024
0.376083
0.128458
0.680872
-0.083186
0.286318
0.207827
-0.147760
0.166479
-0.286597
-0.028713
-0.074373
0.288375
0.043018
-0.216024
-0.302133
0.338553
0.198808
-0.150117
-0.200024
-0.202040
0.055100
0.180538
0.325457
-0.101692
0.338696
0.036251
0.247666
-0.108162
0.533623
0.244391
-0.323101
-0.003281
-0.223254
0.236832
-0.001287
-0.173671
-0.179370
0.323723
-0.222558
0.693465
0.212343
-0.023536
-0.215634
0.004835
-0.084862
0.161291
-0.002019
-0.016951
-0.319199
0.059563
0.202460
0.123238
-0.171951
0.241058
-0.095408
-0.116710
-0.418786
0.121705
0.246579
0.588471
-0.264075
-0.136716
-0.393291
-0.109167
0.067761
0.045633
-0.221120
-0.002091
-0.072712
0.119464
0.135244
0.111163
-0.152596
-0.235401
0.149398
-0.023480
-0.262969
0.446729
0.147083
0.042142
0.166602
-0.045455
-0.419808
0.008743
-0.097760
0.143658
0.037555
0.311985
-0.372168
-0.113503
0.244509
-0.233120
0.083357
0.250227
0.367699
-0.212094
-0.321205
-0.317582
-0.053344
0.564848
-0.511592
-0.192566
-0.116576
0.108249
0.442132
-0.501685
-0.076516
-0.329449
0.083265
0.425033
-0.044380
-0.041581
0.196507
-0.544378
-0.445698
0.246788
-0.133972
0.208381
-0.808957
0.466775
0.035460
-0.075788
-0.008614
0.224639
0.029231
0.432310
-0.272292
0.093197
0.080522
0.635050
0.085576
0.250613
0.148749
-0.507331
-0.413687
-0.429998
-0.083534
0.076396
-0.007290
-0.070306
-0.222326
0.161703
-0.029426
0.377679
0.327788
0.258320
-0.367770
-0.107425
-0.116268
0.197836
0.184683
0.052704
-0.278890
0.020584
0.586455
0.017016
-0.105514
-0.192149
0.048923
-0.073447
-0.023592
0.201584
-0.233846
-0.156810
0.097418
-0.506599
-0.456426
0.016495
-0.127501
0.144704
0.139344
-0.088495
-0.196755
-0.008789
-0.359096
-0.143516
0.142244
-0.597636
-0.151783
0.215782
-0.288119
0.370407
0.247513
-0.150097
-0.033349
0.436047
-0.007989
-0.657616
-0.125840
0.185423
-0.168071
0.446729
0.187140
0.073625
0.114825
-0.182083
-0.284188
-0.093642
-0.478188
0.214802
0.480673
-0.604251
0.425054
-0.037800
0.418422
-0.574938
0.229495
0.229813
0.111907
-0.191384
0.310877
0.162857
-0.537394
-0.034399
-0.445515
-0.262638
0.050720
0.032434
-0.190988
-0.350524
-0.194870
-0.155729
0.127851
-0.105071
-0.373720
0.326039
0.309289
-0.167187
0.457646
-0.052778
0.069386
-0.055746
0.270103
-0.217736
-0.126266
0.359528
-0.309555
0.082527
0.187403
-0.024322
-0.451889
0.044670
-0.120872
-0.248333
0.255748
0.490898
-0.558191
-0.297044
-0.001921
0.074021
0.128234
0.224161
-0.019609
-0.293331
0.270726
-0.345301
-0.200067
0.221285
0.238645
0.389646
0.298149
0.191302
0.194704
0.644257
-0.269571
-0.004034
0.137272
-0.265912
-0.096103
0.262056
0.462359
-0.197740
-0.051492
-0.398037
-0.285746
-0.583972
0.427699
-0.403856
-0.261123
-0.090723
0.167315
-0.064666
-0.168647
-0.167022
0.010888
-0.045337
-0.128048
-0.012884
0.122146
0.085845
-0.244995
0.399725
-0.101182
0.621257
-0.392307
0.038770
0.050110
-0.494922
-0.016496
-0.159113
-0.394991
-0.406558
-0.046809
-0.470292
-0.024729
0.505710
0.020557
0.110572
0.325460
0.029553
-0.353058
0.215225
-0.194029
-0.078298
-0.043779
0.255456
-0.169515
-0.396726
0.719928
-0.465270
0.162291
-0.155517
0.000779
0.139187
-0.052597
0.605099
0.127404
0.024031
-0.322427
-0.249083
0.201719
-0.053606
-0.007929
0.084104
-0.306424
0.039248
0.124853
0.051229
0.164267
-0.375533
0.295605
0.052972
-0.058458
-0.280957
0.059531
-0.034951
-0.397759
0.422302
-0.165278
-0.037638
-0.146336
-0.262583
0.130059
0.335263
0.252646
0.029923
-0.031485
-0.093704
-0.105782
0.096383
-0.214610
0.095811
-0.255560
0.249513
-0.428222
-0.182549
0.045376
-0.248025
0.465888
-0.427339
0.130261
-0.023634
-0.243809
0.254333
-0.106833
0.620005
0.138505
0.110252
0.048051
-0.009458
0.749769
-0.105055
0.056543
-0.354552
0.087948
-0.005714
-0.054831
-0.065012
0.173534
0.165520
0.188407
-0.160854
-0.041216
0.319029
-0.050343
-0.004622
0.033355
0.063787
0.063183
-0.143550
-0.076280
0.324961
-0.202586
0.324373
-0.092228
0.013599
-0.117973
0.141848
0.217342
0.277032
-0.406247
-0.029997
0.219993
0.129632
-0.138220
0.298980
0.049962
0.051044
0.259472
0.300809
0.039442
-0.053080
0.160081
-0.424146
-0.148281
-0.396845
-0.226682
0.374141
-0.011124
-0.039759
-0.292248
-0.177401
0.095733
0.114321
0.385005
-0.214535
0.287623
-0.263715
0.285098
-0.121704
0.459294
-0.094118
-0.161152
0.093343
-0.228546
0.247348
0.287998
-0.061920
0.010567
-0.033935
-0.666287
-0.277451
0.317973
-0.073443
0.051476
0.490647
-0.112827
-0.043844
-0.003256
0.338756
0.083194
0.196146
-0.139384
0.052038
-0.182820
-0.288707
0.224921
0.393615
0.352476
-0.212074
0.004084
-0.376601
0.194831
0.395192
0.084381
0.402997
-0.083540
0.132961
-0.481579
-0.058044
0.226317
0.481277
-0.106957
0.681355
0.172312
0.082161
0.218889
0.165243
0.604820
0.199841
0.170554
-0.154821
0.124160
-0.037265
0.405410
0.115281
0.420127
0.057436
0.073850
0.111710
0.360071
0.142776
0.290263
0.119889
-0.094708
0.034679
-0.032889
0.199302
0.283946
-0.181490
0.013877
-0.637136
-0.277117
0.170187
0.025114
-0.070539
-0.268182
0.225575
0.056869
0.112215
-0.029602
0.180207
0.356400
0.059263
0.138190
0.292667
-0.071928
0.095748
-0.469959
-0.047878
-0.331767
0.122769
-0.413808
0.138386
-0.361268
-0.418763
-0.287327
-0.220536
0.270870
-0.284993
-0.074690
-0.261163
-0.338548
-0.061086
0.300548
0.474843
0.205287
-0.076520
-0.454119
-0.018118
-0.043244
0.060056
0.031502
0.328468
0.108355
-0.178788
-0.187340
0.111812
-0.133418
0.095872
-0.171734
0.100375
-0.205616
0.051774
0.188300
0.543149
0.191794
0.260419
0.440989
-0.461096
0.104248
0.160897
-0.084884
-0.072976
0.140243
0.009759
-0.091103
0.053057
-0.282395
-0.000341
-0.076570
0.528655
0.269761
-0.022647
0.253397
0.431544
-0.006138
0.127692
-0.124413
-0.358101
0.083544
0.141724
0.398635
0.340845
-0.080819
-0.689338
0.364655
0.058658
-0.195148
-0.123811
-0.019348
-0.262221
-0.146757
0.572447
0.069377
-0.750736
-0.075993
0.063758
-0.245357
0.081907
-0.515621
-0.088981
-0.057679
0.000978
-0.069743
0.136361
0.185952
-0.259251
0.258162
-0.186822
0.246750
-0.428813
0.136181
-0.061601
0.030047
-0.148317
0.317308
0.047459
-0.131461
0.057156
-0.160802
0.359419
0.063191
0.370920
-0.056284
0.354748
0.409364
-0.337519
0.240313
0.751433
0.175886
-0.252988
0.342529
-0.231274
-0.091368
-0.337560
-0.045755
-0.152229
0.086384
0.075185
-0.357416
-0.484350
-0.127524
-0.200071
-0.958597
-0.489134
-0.471550
-0.235001
-0.313545
-0.648142
-0.098156
0.150056
-0.417209
-0.310369
-0.176088
0.094429
-0.007055
-0.524449
0.252256
0.029146
0.345042
0.054070
-0.080121
0.632869
0.360566
0.462789
0.806890
0.301030
0.875391
0.811151
0.388322
0.499288
0.599180
0.489115
0.705445
0.605517
0.301831
0.442395
0.263086
0.244872
-0.014803
0.097084
0.353623
0.619550
-0.229708
-0.252197
-0.319271
-0.066425
0.105353
-0.277628
-0.372227
-0.653579
-0.397705
-0.465593
-0.236063
-0.529252
-0.129145
-0.573284
-0.136294
-0.426031
-0.304738
-0.619578
-0.500828
-0.550474
-0.456939
0.439818
-0.307452
0.048577
0.126432
0.205261
-0.251889
0.247359
-0.191295
0.733098
0.245576
-0.007600
-0.277603
-0.230968
0.067176
0.115207
0.423293
0.345613
-0.192754
0.051119
-0.138683
-0.199502
0.039529
-0.130717
-0.264696
-0.152014
0.018682
-0.130532
-0.084231
-0.240040
-0.232089
0.383617
-0.197672
0.013071
-0.277017
0.424626
0.517373
0.067206
-0.231301
0.340799
0.116947
0.071919
-0.157190
0.231596
-0.226979
0.167952
0.437246
-0.048929
0.674571
0.363590
0.238330
0.275999
-0.179907
0.401718
-0.430992
0.167826
0.132269
-0.182957
0.130449
-0.273296
0.190708
-0.254862
-0.104077
-0.250113
-0.288825
-0.159279
0.086130
0.268534
-0.321364
-0.195996
-0.044360
0.392611
-0.178943
0.525769
0.155866
0.227794
0.400163
0.054771
0.234081
-0.055796
0.410866
-0.112997
-0.426101
-0.261976
0.213541
-0.177248
-0.028546
0.074159
0.343909
-0.037192
-0.253892
0.225837
-0.042661
0.131181
-0.393102
-0.066471
0.402350
-0.529280
-0.175941
-0.132232
-0.267532
-0.314989
-0.192349
-0.191489
0.296662
0.090973
0.547652
0.080391
-0.154227
-0.123504
0.049635
-0.018292
-0.378814
-0.326630
-0.180541
-0.029778
-0.255692
0.120210
-0.204962
0.056175
0.245536
-0.186812
0.344944
0.023623
-0.175702
-0.094800
0.175869
-0.070420
-0.470910
-0.286187
-0.002690
0.222958
0.110915
-0.230679
0.005226
0.093190
0.137313
-0.049840
0.666040
0.065325
-0.149260
0.264212
-0.433349
0.090395
0.263598
-0.043621
-0.591448
0.340265
-0.521749
0.029311
0.223565
0.154185
-0.174933
0.047484
0.129246
-0.554309
-0.210567
-0.186266
0.013821
0.009040
0.068554
-0.274231
-0.264559
-0.237307
-0.521094
0.232467
-0.097820
0.321226
0.202315
0.345315
-0.172094
0.400367
0.135523
-0.132544
-0.011141
-0.205759
0.253580
-0.294479
-0.335950
-0.043129
0.066020
-0.284326
0.122171
-0.079050
-0.219892
0.119172
-0.008674
0.164422
-0.618348
-0.061481
-0.060288
0.013283
-0.298236
0.156606
0.023662
-0.268503
0.108892
-0.092379
-0.346472
-0.161038
0.515393
-0.348812
-0.030517
-0.218388
0.140226
-0.018407
0.095580
-0.535173
-0.192676
-0.174546
-0.206192
0.021058
0.101009
-0.000371
0.253623
-0.377059
0.310120
-0.245968
0.237354
-0.493890
-0.278443
0.367956
-0.243377
0.265665
-0.140818
0.154799
-0.036098
-0.003007
-0.085348
-0.354463
0.331247
0.252661
-0.196696
0.222067
0.247108
0.444545
0.052152
0.193231
-0.039984
-0.032522
-0.092109
0.106867
0.004348
0.062682
0.050875
0.157873
0.312913
-0.314517
-0.272168
0.119167
-0.164768
-0.174581
-0.118962
-0.066693
-0.305639
0.234390
-0.186358
0.280432
0.131326
0.226968
0.212806
-0.049688
0.260105
-0.005791
0.392779
-0.192345
0.108050
0.224405
-0.133775
0.658199
-0.325197
-0.266917
-0.195839
-0.122881
-0.063135
0.045096
0.404208
-0.184653
0.289579
0.078380
-0.169656
-0.044907
0.094370
0.465923
0.279926
0.083407
-0.169944
-0.023988
-0.051625
0.192541
-0.029913
-0.075252
0.016842
0.299914
-0.105676
-0.247021
-0.073345
0.118335
-0.327027
-0.033321
0.390159
0.042764
0.231546
-0.389279
-0.063669
-0.091916
-0.231732
-0.430807
0.120104
0.550338
-0.053161
0.186425
0.334135
-0.078753
0.102945
-0.506513
-0.298394
-0.379244
-0.079032
0.156111
-0.308050
0.051720
-0.128675
-0.060534
-0.172883
0.140703
-0.028424
0.457847
0.091297
-0.240258
-0.053346
0.018389
0.033394
-0.098175
-0.140706
-0.077720
0.264259
0.654670
0.128088
0.093875
0.029187
0.285040
-0.137460
-0.121210
-0.342863
0.166457
0.097431
-0.463971
0.469667
0.221718
-0.195466
-0.254909
0.558372
0.288320
0.030936
-0.035318
-0.019524
-0.111227
-0.442781
-0.011904
0.137163
-0.099441
0.151681
0.047981
-0.085599
0.096819
0.322455
-0.176204
0.251406
0.320721
-0.076484
0.121764
-0.122497
0.261534
0.193515
0.105596
0.268611
-0.008777
0.067278
-0.464057
-0.286586
0.028802
-0.135643
-0.111333
0.166603
-0.428783
0.211492
0.176518
-0.076355
-0.353891
0.016199
0.481670
0.386116
0.130210
-0.126443
0.209444
0.312182
-0.178403
-0.123594
0.112661
0.486016
0.184842
0.151822
0.301853
0.000789
0.181557
-0.164989
0.414803
0.051592
-0.197606
-0.079412
-0.077144
-0.165981
0.013049
-0.132107
-0.047783
0.181453
0.245953
0.203430
0.032809
-0.019242
0.025131
-0.571866
-0.150517
0.101010
-0.342456
0.041712
-0.143189
0.041923
0.221412
-0.438269
0.252663
-0.428133
-0.108438
-0.001722
0.100501
-0.342836
-0.028244
-0.075532
-0.085157
0.019874
-0.145447
0.179598
0.193962
-0.475732
-0.085173
0.129867
-0.002017
-0.218134
-0.111480
0.101845
0.243133
-0.018955
-0.167950
-0.115937
-0.195100
-0.092720
0.259556
-0.264425
0.219275
-0.091973
0.570391
0.182954
-0.439673
-0.332759
-0.386052
0.166911
0.198874
-0.197938
-0.470811
0.481435
-0.294897
0.185744
0.379143
-0.088182
0.038710
-0.172138
0.286603
0.106007
-0.492492
-0.481864
-0.008026
0.048617
0.294928
-0.167345
0.119678
-0.142509
0.534382
-0.245212
0.019445
0.164842
0.102484
-0.179084
-0.286821
0.470050
0.116589
-0.118060
0.338205
-0.405578
0.439727
0.022828
0.212336
0.005368
-0.028838
-0.322530
0.046581
0.146075
0.310153
-0.033899
-0.110996
0.060055
0.045006
-0.057090
-0.077050
0.067148
-0.887150
-0.117771
-0.238423
0.188294
-0.320006
0.181887
0.315159
0.327516
-0.061812
0.119924
0.066324
0.199416
-0.328851
0.065481
-0.259104
-0.488113
0.395581
0.074206
-0.049090
-0.155596
-0.366856
-0.001461
-0.397713
0.056914
-0.104468
-0.226372
0.211013
-0.229883
0.270585
0.602463
-0.110387
0.147457
0.104704
0.276873
0.005583
0.291309
0.307523
0.235324
-0.168207
-0.172343
0.263962
0.258240
-0.362492
0.333716
-0.196202
-0.325949
0.511230
-0.033234
-0.229727
-0.269224
-0.245351
0.063542
0.021083
-0.031305
0.094609
-0.053495
-0.313123
-0.006119
0.066015
0.136933
0.323644
-0.323383
0.068719
-0.186067
0.395109
-0.207643
-0.231223
-0.271969
-0.350176
0.461482
-0.141297
-0.373555
0.293115
-0.085388
0.284506
-0.304504
0.030261
-0.148832
-0.037500
0.135497
0.253027
-0.102998
0.509889
0.139834
0.226008
0.006825
0.187227
-0.034739
-0.509426
0.048496
0.214078
-0.011646
-0.084121
0.533091
-0.360022
0.045618
0.284642
0.084704
-0.012973
-0.176086
0.325646
-0.061890
-0.124237
0.296507
0.088502
0.287671
0.404346
0.088460
0.086537
0.065568
0.384016
0.428073
-0.295001
0.600092
0.196608
0.320340
0.219011
0.314196
-0.057612
-0.135532
0.423703
0.335903
-0.302762
0.113414
-0.108831
0.020185
-0.423225
-0.094045
-0.102311
-0.567364
0.315718
0.087535
0.081921
-0.025118
0.239905
0.522751
-0.170245
0.160567
-0.117509
0.330396
-0.438478
0.203309
-0.131785
0.572229
-0.021900
0.166975
0.098744
0.257928
0.180676
-0.061168
0.027518
0.328692
-0.412309
0.075764
-0.177895
0.221592
-0.308045
-0.330965
0.304457
-0.112994
0.290933
0.338637
-0.128109
0.285906
0.170145
0.169329
-0.303238
-0.199801
0.423505
-0.052693
-0.062869
-0.317216
0.047726
0.088542
-0.154372
0.181171
-0.502151
-0.169073
0.224409
-0.339408
0.186529
-0.004575
0.038710
0.116255
-0.379772
-0.144978
0.112607
-0.148952
-0.342617
0.053502
-0.373687
0.021863
0.394389
0.040264
0.348087
0.256018
0.106349
0.065624
-0.234577
-0.323203
0.168359
0.033971
-0.464084
0.275996
-0.148954
0.046027
-0.122648
-0.113864
0.202504
0.090374
-0.595662
-0.174760
0.062504
0.178275
0.453761
-0.225950
0.321056
0.242906
-0.027857
0.083569
-0.187659
0.144804
0.108887
0.076018
0.545139
-0.028571
0.743199
0.119617
0.166306
-0.169861
-0.219251
0.006606
0.236884
0.160583
0.296003
0.190508
0.023648
0.258206
0.095667
0.025469
0.183106
-0.194771
0.285600
-0.046253
0.262294
-0.196135
-0.404331
-0.256621
-0.254296
0.304265
0.039715
-0.463716
-0.433524
0.001903
-0.030818
0.158930
-0.126867
-0.246339
-0.014124
-0.348866
-0.016057
0.306042
0.305593
-0.081725
0.158609
-0.176658
-0.527250
-0.220165
-0.160117
-0.168573
-0.017971
-0.104308
-0.158302
0.537856
0.327119
-0.037248
0.329695
0.128859
0.223989
0.475475
0.312100
0.516303
-0.150333
-0.027842
-0.203267
-0.259078
0.466349
-0.227566
0.439380
0.169166
-0.054778
-0.736276
0.111453
0.158946
-0.330942
-0.042591
0.385862
-0.293536
-0.331878
0.325336
-0.245142
0.381942
-0.407760
0.156620
0.343532
-0.175660
0.245455
-0.251694
-0.109364
0.072865
-0.021980
-0.062528
0.121087
0.381356
0.120825
-0.307960
-0.157459
-0.348814
0.044721
-0.506969
-0.179277
1.137475
0.400356
-0.176641
-0.126276
-0.226422
-0.523777
-0.157519
0.310850
0.064706
-0.234924
-0.015136
0.128057
0.333137
0.144796
-0.759398
-0.356991
-0.120087
0.067562
0.035291
-0.448894
0.050536
-0.017670
-0.417859
-0.459604
-0.004247
0.171456
-0.289926
0.267564
-0.077829
-0.227332
-0.012891
0.215870
0.279103
-0.073274
0.208752
0.055442
-0.472035
-0.132347
0.271999
-0.178700
0.133883
0.031142
0.401028
0.145258
0.092210
-0.305453
-0.411304
0.588931
0.176327
0.143417
-0.030507
-0.159313
0.218372
0.051590
0.111102
0.317571
0.158745
0.433501
0.048348
-0.291511
-0.231792
-0.028215
0.066664
-0.088038
-0.202835
-0.206851
-0.122156
-0.233277
0.260555
-0.170766
-0.032126
-0.146148
-0.320402
0.131814
-0.310124
0.153046
0.046103
-0.394733
-0.094374
0.091561
-0.146847
0.525906
-0.579825
0.256046
-0.127652
0.102382
-0.341076
-0.096125
-0.140548
0.503020
-0.392870
0.072843
0.257583
0.348918
0.020523
-0.080348
-0.159245
-0.033021
0.159521
-0.064703
-0.225974
0.255478
0.066210
0.375850
-0.284529
-0.062264
0.133869
0.124769
-0.084563
0.082690
0.260815
0.196462
0.369789
0.080510
0.183536
0.452793
-0.000977
-0.467143
-0.078933
-0.408488
0.205338
0.060141
-0.543581
-0.050950
0.002689
-0.014055
0.052587
-0.286178
-0.158302
0.013454
0.012536
0.001281
0.549871
-0.118529
0.248378
-0.362926
0.167712
0.164606
0.286737
0.415443
-0.068032
0.187051
-0.261488
-0.018728
-0.080911
0.091466
0.565260
0.339271
0.083106
-0.164904
-0.067822
-0.263944
-0.106103
-0.058357
0.230712
-0.487060
-0.104411
0.340121
-0.011057
0.015929
0.078967
-0.265588
-0.615228
0.178356
0.007974
-0.068831
0.360372
-0.381901
0.342046
-0.194927
-0.022428
-0.136132
0.050882
0.129951
-0.435418
-0.418499
-0.119720
0.152878
0.189133
0.541088
0.469305
0.134989
-0.020376
-0.232295
0.370350
0.132568
-0.171875
-0.270928
0.107930
0.371516
0.391025
0.491732
-0.303809
-0.344225
0.293422
0.232125
-0.043696
-0.239509
-0.172002
-0.469672
0.046438
-0.178892
0.176787
0.162186
0.063836
0.241086
-0.130711
-0.228700
0.226883
0.042824
-0.117646
-0.101647
-0.186812
0.147692
-0.618909
0.640987
-0.408169
0.019174
0.335179
-0.341727
0.295038
0.347662
-0.189179
-0.003479
-0.041526
-0.048918
0.331746
0.182935
0.052841
0.086555
-0.151982
0.310394
0.117543
0.164339
-0.178691
-0.328069
-0.060645
-0.071272
-0.082709
0.109284
-0.329229
-0.034052
0.104673
-0.059976
-0.220683
-0.142560
0.269544
-0.293336
0.140766
-0.141919
-0.404606
-0.312798
0.028214
0.473823
-0.144048
-0.359475
0.301548
0.425146
0.710311
-0.170357
-0.255616
-0.235928
-0.027891
-0.175133
0.332465
0.015955
-0.181130
0.192623
0.070635
0.552129
0.265315
0.112993
0.424078
-0.286496
-0.408903
-0.234256
0.027292
-0.362916
0.168540
-0.379757
-0.457752
-0.418240
-0.013342
-0.327083
0.467290
-0.034809
-0.266226
-0.002379
0.153926
-0.109054
-0.189308
-0.724239
-0.169047
-0.113870
0.305953
0.156756
-0.050582
0.234578
-0.098154
-0.063007
-0.221813
-0.207546
-0.207878
-0.137883
-0.283475
-0.179979
-0.547370
-0.303207
0.027339
0.318119
0.296214
0.072533
-0.443583
-0.249208
0.209881
0.080012
-0.088288
-0.219502
0.217873
0.090374
0.235891
-0.116650
-0.159823
-0.046445
0.068705
-0.052644
0.396812
-0.162848
-0.140783
0.193585
-0.349866
-0.391208
0.102796
-0.071682
-0.000384
-0.138092
-0.361259
-0.019328
0.790772
0.139771
-0.145526
0.005954
0.093639
0.399780
-0.256264
0.266231
0.107961
0.094943
0.179624
-0.283884
0.354057
-0.053944
-0.039750
0.511159
-0.135895
0.067839
-0.151931
-0.089503
-0.028222
0.256070
-0.038188
-0.026788
-0.099812
0.207212
0.202004
0.012055
-0.282265
0.309480
-0.220162
-0.237549
-0.369906
0.631260
0.277905
0.303722
0.021160
0.084722
0.195908
-0.040966
-0.056313
0.323537
0.203777
0.040919
-0.281718
0.100541
-0.220294
0.211842
-0.323803
0.374956
-0.084210
0.025827
-0.110223
0.417272
-0.045176
-0.192328
-0.114044
-0.070676
-0.126224
0.306250
-0.095205
-0.345749
-0.116334
-0.557910
0.139862
0.207274
0.079398
-0.542002
-0.339479
-0.354314
-0.307336
-0.274041
-0.001717
-0.098486
0.333578
0.089397
0.035950
-0.030205
-0.269046
-0.284345
-0.322204
0.153232
0.430663
0.577890
-0.379109
-0.387594
-0.086109
0.255524
0.239385
0.364021
-0.012421
0.552560
-0.232451
0.077017
0.197885
-0.121884
-0.118661
0.194549
0.053909
0.066017
-0.090402
-0.042865
-0.070692
0.210567
0.104307
0.304419
0.419439
-0.317626
0.008548
0.021627
-0.100184
0.235702
-0.402979
-0.112775
0.135248
-0.424161
-0.031046
-0.198233
-0.028481
-0.104562
-0.671294
-0.049335
-0.154765
-0.175891
0.145901
-0.412684
0.128522
0.058732
0.118560
-0.423496
-0.279634
0.011709
0.141790
-0.364959
0.062719
0.021692
0.328626
0.307802
-0.181943
-0.127198
-0.021291
-0.018028
0.175369
-0.004538
-0.158378
-0.229125
0.195171
-0.058819
0.089966
-0.057944
-0.034795
-0.060949
-0.217599
-0.061023
0.210386
0.204913
-0.019459
-0.539268
-0.044098
-0.258296
-0.187733
-0.348127
-0.267735
0.012563
-0.143072
0.384159
0.282195
0.057717
-0.034003
0.087809
-0.156920
-0.385030
-0.063517
-0.211142
-0.320029
-0.168089
-0.567660
0.118232
0.412793
-0.308915
0.207713
-0.239175
0.438431
0.034950
0.117380
0.077208
-0.079871
-0.376100
0.066096
0.269813
0.116237
-0.081738
0.001277
-0.156936
0.051913
0.561422
-0.015795
0.123754
0.273216
0.555145
0.151542
0.180542
-0.030375
-0.055451
0.136835
0.090286
-0.156325
0.315998
-0.444493
0.354305
-0.218154
-0.355407
0.029998
0.110924
-0.191952
-0.174349
0.215321
-0.014318
0.029573
-0.165685
-0.183209
-0.029263
-0.523615
0.125109
0.386115
0.240711
-0.174313
-0.223732
0.285299
0.183650
0.307961
-0.327390
-0.131963
0.025416
-0.065256
-0.200218
0.264209
-0.209018
0.064007
0.377351
0.144415
-0.046431
-0.310035
0.169607
-0.231263
0.312303
-0.149136
0.002115
0.252777
0.081997
-0.090251
-0.141206
0.264376
0.163443
0.034829
-0.402818
-0.289083
0.183530
0.019864
-0.281025
0.200365
-0.061640
0.178193
0.302698
-0.182157
-0.382502
-0.044954
-0.015480
0.464930
-0.100999
0.065301
-0.247348
0.192076
0.397412
0.597703
0.137793
0.083864
-0.038014
-0.066457
-0.110143
-0.122736
-0.000121
-0.127126
0.389266
0.033699
-0.196641
0.264937
0.127586
0.568427
-0.215184
0.274985
-0.223950
0.396549
0.047401
0.066097
-0.225477
-0.212377
-0.173867
-0.155664
0.202724
0.091540
0.119232
-0.097774
0.020784
-0.389418
-0.286383
-0.155140
-0.021062
-0.134673
-0.081383
-0.024453
-0.246059
0.358779
-0.124780
0.742963
-0.629754
0.086873
-0.016953
-0.269466
0.578177
0.262589
0.795103
-0.057355
0.370246
0.051768
0.124980
-0.074262
0.725690
-0.169092
0.226063
-0.094657
-0.128069
-0.173379
0.084078
-0.076966
-0.007466
-0.198388
0.124457
0.199435
-0.006507
0.078494
-0.116593
0.050172
-0.112557
0.189884
0.024976
-0.039415
0.091967
0.100550
0.380710
0.138858
-0.069069
-0.555546
0.275736
-0.285906
-0.060169
0.063473
0.420130
0.249427
-0.205109
0.178703
0.126972
-0.291425
-0.300870
-0.131363
-0.242397
-0.260977
0.312637
0.319785
0.210699
-0.254334
0.022429
0.254412
-0.226438
-0.037579
-0.276966
0.457797
0.170853
0.053915
-0.015965
-0.387060
0.082342
0.054238
-0.070505
-0.170678
0.084619
0.541384
-0.050379
0.206899
-0.103479
0.230986
-0.139579
-0.328070
0.156169
-0.229646
-0.198810
-0.601711
-0.037017
0.227680
-0.518548
-0.092207
0.070303
-0.260424
-0.274074
-0.178484
0.170374
0.372790
-0.252802
-0.100340
0.324272
0.221586
-0.088020
0.215421
-0.076300
0.170329
-0.194477
0.154359
-0.327989
-0.343749
-0.346087
-0.205053
-0.190591
-0.103385
0.453893
0.010217
-0.019249
0.089847
0.082210
-0.103265
-0.178121
-0.121035
0.047799
-0.058162
-0.286064
-0.034404
-0.259077
0.293028
0.201398
0.425578
0.252898
0.155846
0.348954
-0.002598
0.218393
0.193900
-0.190840
0.003203
0.102713
-0.241398
0.015464
0.062653
0.246087
0.051240
-0.549623
-0.191879
0.194078
-0.245502
0.056844
0.506180
0.355389
0.431391
0.035640
0.264274
0.127681
-0.294329
0.074406
-0.017595
0.177254
-0.239838
0.019466
0.271050
-0.190598
0.001644
0.278832
0.187960
-0.380586
0.088340
-0.290074
-0.294441
0.099767
0.014266
0.121877
-0.000153
-0.227605
-0.183450
0.217635
0.054132
0.087873
-0.338301
-0.142253
0.152428
0.130993
0.086687
0.244476
0.205173
-0.146893
-0.079361
-0.497256
0.032432
0.079712
-0.062873
-0.078496
-0.036680
-0.101539
-0.157660
0.155862
0.330354
0.019317
-0.095790
-0.055713
0.076861
-0.178271
-0.255261
-0.029675
0.269081
-0.565131
-0.215244
-0.531785
-0.114020
-0.020489
-0.241944
0.021029
-0.640217
0.415525
-0.290818
-0.249575
-0.068144
-0.153219
-0.250229
-0.409396
0.048706
0.000361
-0.147851
0.053807
-0.169539
0.205659
0.256475
0.145306
-0.231620
0.244772
0.127067
0.369325
0.150018
0.283927
0.245693
0.352061
-0.053936
-0.347126
-0.017916
0.415502
0.050884
0.353404
-0.172268
-0.158796
-0.430821
0.059103
0.503157
-0.022787
-0.272936
-0.189794
-0.073996
-0.021679
-0.299342
0.223924
-0.188133
0.221517
-0.148864
0.407348
-0.049546
0.117510
0.280956
-0.367969
-0.304609
0.253411
-0.179896
0.129383
0.016797
-0.249340
0.237692
0.185618
-0.413551
0.093216
-0.143734
-0.364093
-0.264606
-0.206563
-0.140666
-0.004091
0.585958
-0.134718
-0.089185
0.218902
-0.533159
-0.447593
-0.496889
-0.029684
-0.000987
-0.354957
0.095801
-0.000107
-0.340240
-0.150817
-0.110961
-0.239236
0.085876
0.031401
0.377643
0.317681
0.172547
0.201483
-0.070730
0.083862
-0.062544
0.162073
-0.144070
0.309314
-0.202868
0.376723
-0.368841
-0.274711
-0.130417
0.001254
-0.342179
-0.515435
0.175620
-0.018210
-0.500555
-0.033012
-0.131199
0.007955
0.154043
-0.172791
-0.003307
-0.231846
-0.321998
0.178331
-0.231275
-0.519843
0.091722
-0.164097
0.025897
0.520153
0.084828
0.258305
0.029328
-0.281371
-0.007194
0.186854
-0.009375
-0.070552
-0.337105
0.060075
0.155962
0.047989
0.183086
0.057561
0.185285
0.131146
-0.072053
-0.177371
0.121068
0.001314
0.460259
-0.057594
-0.311065
0.138219
0.438313
0.096734
0.192548
-0.136795
0.131885
-0.130368
0.175297
-0.180436
0.036986
-0.110993
-0.248913
-0.101466
-0.094318
-0.004283
-0.122762
0.007600
-0.065526
-0.152328
0.034791
-0.186472
0.142490
-0.556329
0.111438
-0.075782
-0.264913
0.371495
0.056510
0.043992
-0.235577
-0.404595
-0.032023
-0.149792
-0.397895
-0.038201
0.081665
0.065996
-0.198348
0.288455
-0.573932
0.123341
0.269791
-0.375532
-0.266938
0.088104
0.137183
-0.180640
-0.105807
-0.105658
0.158779
0.063879
-0.023998
-0.081361
-0.174712
-0.275192
-0.322801
0.260014
-0.160801
0.169547
-0.230192
0.374510
-0.033160
-0.059317
0.168787
0.344094
0.519364
-0.484496
-0.012728
0.046473
-0.539909
-0.265504
-0.334671
-0.270929
0.100677
-0.102792
-0.174136
-0.131700
-0.232470
-0.104323
0.207020
0.192643
0.393319
-0.220050
-0.322237
-0.070765
-0.062080
0.038130
0.071874
0.096046
-0.110599
0.073834
-0.342866
0.129123
-0.147470
-0.214205
-0.166834
0.056670
0.213406
0.062785
0.463794
0.135142
-0.160646
0.068273
-0.066636
-0.240591
0.244899
0.408397
-0.129441
0.215316
-0.135865
0.489559
-0.017846
0.271953
0.297529
-0.211573
-0.300295
-0.408328
-0.016261
0.124444
-0.315763
0.446585
-0.020760
0.192992
0.061028
-0.005969
-0.173164
-0.063550
0.049083
0.283970
-0.372704
-0.256712
0.159103
-0.396764
-0.314467
-0.189524
-0.483257
-0.242607
-0.084826
0.123345
-0.097665
-0.148926
0.384195
-0.125681
-0.186977
-0.212510
0.121221
-0.345228
0.090338
-0.298439
0.156110
0.261468
0.314257
0.196138
0.454372
0.190640
0.234839
0.148242
0.340595
-0.093807
0.002568
-0.237051
-0.153486
0.276467
-0.378759
0.169375
0.080968
-0.233305
0.009649
0.134757
0.071048
0.280145
-0.081307
-0.270126
-0.125804
-0.147346
-0.043433
-0.398598
0.379851
-0.167282
-0.483282
-0.497102
-0.078550
0.178778
0.218307
0.352428
-0.269742
0.065555
-0.143698
-0.318983
-0.205595
0.273427
0.231640
0.081995
0.141071
0.300354
0.339302
-0.513114
-0.107454
-0.039189
0.375987
0.127073
0.272749
-0.167582
0.318524
-0.024090
0.141028
-0.187550
0.031583
0.053885
0.315985
-0.153549
0.144663
-0.086476
0.014965
0.243919
0.359563
-0.036826
-0.347412
-0.137677
-0.140764
0.162823
0.049991
-0.030334
-0.573164
-0.078210
0.194071
-0.678857
0.481194
-0.187048
0.444644
0.122677
0.261145
0.208312
-0.374353
0.212024
-0.381390
-0.147301
0.241382
-0.240762
-0.098787
-0.319890
0.288398
0.060333
0.192168
-0.371670
-0.136876
0.210373
-0.443195
0.054174
-0.671136
0.513076
-0.109586
0.405286
-0.235752
0.094087
-0.068086
-0.447003
-0.098751
-0.010354
-0.146087
0.273540
0.362236
0.001520
0.009310
-0.234189
-0.256373
0.169874
0.222249
0.002816
0.516577
-0.488133
-0.361235
-0.133900
0.337317
0.192027
-0.384205
0.024431
-0.387297
-0.326822
-0.098184
0.668456
-0.205697
-0.045899
0.174201
-0.234082
-0.476028
-0.083073
0.173704
-0.050211
-0.019740
0.081455
-0.244738
-0.064161
0.241212
-0.081607
0.450459
0.026022
0.028380
-0.205148
0.067233
-0.053717
0.090302
-0.060451
-0.222071
0.149934
-0.297309
-0.039454
0.080586
-0.129892
0.120560
0.359714
0.202491
0.576010
-0.037068
-0.561861
-0.256182
0.013880
0.230976
-0.377794
-0.564776
0.130627
-0.107061
-0.319389
-0.088897
-0.043322
0.225750
-0.086350
0.040972
0.024032
-0.205045
-0.411905
0.010512
-0.180328
0.125373
0.021050
0.312789
-0.029315
0.108912
0.057820
-0.241517
0.396242
0.132446
0.060755
0.130735
0.455013
0.491312
0.131578
-0.265956
0.026189
0.530772
0.207416
-0.151326
-0.241316
0.322506
0.058764
0.400997
0.092098
-0.179388
0.356845
-0.019644
-0.136126
0.260947
-0.097377
0.025629
-0.145931
0.363630
0.133444
0.174474
0.110388
-0.287594
0.425718
0.085843
0.526128
-0.060816
0.206526
-0.387924
-0.106196
-0.008578
0.086007
-0.155192
-0.282447
0.065910
-0.274892
-0.154204
-0.011674
0.000428
-0.222748
-0.135304
-0.354406
0.046034
-0.082062
0.003401
0.155082
0.127770
0.340339
0.002175
0.456444
0.254476
0.428028
0.232804
-0.211708
-0.221053
0.086222
-0.310829
-0.094241
-0.284021
0.161789
-0.176885
0.019811
0.019473
-0.418094
0.016702
-0.219402
-0.043323
-0.082814
0.151967
-0.026934
-0.201087
0.117298
0.134677
0.053672
0.103192
-0.420738
0.532667
0.313049
0.184521
-0.074318
0.013702
-0.192004
-0.488493
0.132488
0.005386
-0.026342
-0.117341
0.321558
-0.189131
-0.016586
-0.117579
-0.007121
-0.086152
-0.039446
-0.070929
0.172134
-0.087020
-0.475486
-0.195815
-0.102643
0.031573
0.352204
-0.317223
-0.169657
0.300102
0.143554
0.065869
0.037343
-0.188471
0.014054
-0.185131
-0.114453
0.148734
-0.144141
0.037786
-0.093938
0.321762
-0.222982
-0.031627
-0.036597
-0.081591
0.615197
-0.027897
0.021692
-0.431878
-0.027406
0.144067
-0.019817
0.297842
-0.497999
-0.294372
-0.384264
-0.104925
0.232020
-0.080854
0.125755
-0.024146
0.027722
0.148414
-0.109801
0.053867
0.133444
0.033833
-0.245401
0.127891
-0.316701
0.193575
0.126824
-0.368935
0.190914
0.134766
-0.235122
0.217641
0.204078
0.041411
-0.266504
-0.135078
0.159614
0.370972
0.201542
0.369710
-0.129280
-0.166533
-0.399338
0.114169
0.112622
0.331919
-0.380347
-0.119399
-0.194629
0.008160
0.185574
-0.027227
0.128047
-0.078870
0.729490
0.373860
0.245368
-0.293927
0.200930
-0.237521
-0.684015
-0.192730
-0.340202
-0.022092
-0.044117
-0.377481
-0.271660
-0.133768
0.010239
0.022148
-0.130724
-0.101720
-0.384075
0.732576
-0.579904
0.090605
-0.398254
0.521493
0.331825
-0.347681
-0.119097
0.114420
-0.065345
0.453070
0.351901
0.465754
-0.347283
0.223275
0.023938
0.049577
0.084616
0.052083
-0.273834
-0.304150
-0.025206
0.067238
