0.134275
-0.549275
-0.246197
0.240448
-0.329071
0.077599
-0.421169
-0.295367
-0.259308
-0.237437
-0.200560
-0.242926
-0.011512
0.120980
0.332091
-0.053211
-0.343371
-0.024046
0.109153
0.349718
0.253176
-0.050545
0.633220
0.174468
0.233005
0.071493
0.375199
-0.253518
-0.225049
-0.208341
0.236825
0.654333
0.319269
-0.268477
0.344907
0.145784
0.380138
0.135752
-0.317001
-0.192299
0.061801
0.249638
-0.340484
0.382943
-0.308572
0.457852
0.024193
-0.247053
0.437885
-0.072590
-0.196586
-0.089967
0.499466
0.383555
-0.500307
-0.067234
-0.217542
-0.214969
0.087976
-0.026652
0.117919
-0.103795
0.281856
0.077284
0.384689
0.086387
-0.277137
-0.061388
0.497784
0.018688
-0.296447
0.182831
-0.105187
-0.181717
0.191349
-0.300033
-0.023708
0.426749
-0.047628
0.164154
0.402950
0.021327
-0.240392
-0.067991
-0.209562
0.197001
0.139408
0.325932
-0.122447
-0.275460
0.686518
-0.043093
-0.313978
-0.372856
-0.555714
0.153118
-0.393926
-0.170097
-0.152361
0.197171
-0.213531
0.162500
0.022127
-0.062289
0.087743
-0.132401
-0.239963
-0.226707
0.001604
-0.225852
-0.272885
0.378840
0.192908
-0.251701
-0.252672
0.054676
0.537291
-0.054659
0.289778
-0.376714
0.047583
0.398648
-0.318787
-0.042753
-0.166380
0.430154
0.142081
-0.048767
-0.381435
-0.018020
-0.358984
-0.172824
0.320732
-0.024015
-0.544006
-0.098432
-0.082021
0.014887
-0.264765
0.151640
0.212441
0.308999
-0.149715
0.256737
0.127582
-0.022084
0.348252
-0.756988
-0.102622
-0.024666
-0.059290
0.406757
0.321829
0.034985
-0.303302
0.020734
-0.188199
-0.081364
0.034030
0.186807
0.251764
0.488875
-0.585056
-0.008744
0.156413
0.204786
0.445307
-0.280180
-0.627637
0.235570
-0.104369
-0.052579
0.355935
0.214616
-0.103328
-0.572267
-0.113068
-0.063057
-0.092218
-0.316613
0.294572
-0.261687
-0.001485
0.319318
-0.012389
0.028679
-0.115894
-0.346106
-0.066775
0.736157
0.048517
0.335859
0.276511
-0.047150
0.053446
-0.136959
-0.270390
-0.310252
-0.134215
0.577244
-0.107107
-0.311971
0.088783
-0.344967
0.587439
0.520779
0.263116
-0.129549
-0.098374
-0.158028
0.084591
0.095151
-0.772809
0.311502
-0.253631
-0.684160
0.316738
-0.170853
-0.092034
-0.416088
0.283977
0.494448
-0.274824
0.229952
-0.139301
0.479866
0.110165
-0.020871
0.359721
0.414517
0.042497
0.325167
-0.131867
-0.158335
0.244678
0.181389
-0.528167
-0.079317
-0.093562
-0.279268
-0.306350
-0.038569
0.317849
-0.221277
0.112909
0.010623
-0.198423
-0.255959
-0.251618
-0.171027
0.238434
0.104566
0.083685
0.238767
0.095315
-0.210284
0.157474
0.701840
-0.365455
-0.241115
-0.184889
-0.198612
-0.267187
0.113847
0.378309
-0.450310
-0.065939
0.407872
0.061940
0.016976
0.001269
-0.082118
0.015138
-0.246305
0.684352
-0.053876
-0.141118
-0.181318
-0.024349
0.099444
0.256383
-0.091739
0.235713
0.631751
-0.275661
-0.189608
-0.115434
-0.365937
0.174058
-0.162882
-0.126128
-0.013072
-0.128931
0.275608
0.121471
-0.232083
-0.648501
-0.163861
-0.067338
0.156178
0.185654
-0.440193
0.067332
0.489441
0.309657
-0.103172
-0.281174
-0.076700
0.452854
-0.100515
-0.742881
0.092865
0.314188
0.022662
0.148219
-0.103580
-0.297964
0.160974
-0.097650
-0.515805
-0.727448
0.263693
0.580231
-0.017442
0.178968
-0.062125
-0.406101
-0.118799
0.269290
-0.096784
0.614957
-0.094294
-0.378253
0.683282
0.040498
0.304520
-0.060447
0.021676
-0.062972
-0.167034
-0.166036
0.557322
0.366700
-0.436603
-0.543118
0.064483
0.282526
-0.036873
0.361015
-0.013881
0.184488
-0.126017
0.522398
-0.192705
-0.562010
-0.092244
0.097385
0.184638
0.126481
-0.255182
0.452203
0.094357
-0.241603
0.044597
0.290592
-0.192473
-0.007014
0.088487
-0.253492
-0.364660
0.595413
-0.094772
0.354120
0.155766
-0.193135
-0.051328
-0.043406
-0.061664
0.056109
-0.054490
0.344808
-0.529600
0.038897
-0.520053
0.101108
-0.480440
0.715994
-0.121221
0.151180
0.435079
0.565854
0.033709
0.161770
0.340304
0.007701
-0.080705
0.330200
-0.402048
0.131501
-0.083488
0.113392
0.090061
0.041910
-0.058969
-0.022794
0.398395
-0.249008
-0.184672
-0.439507
0.224554
-0.227527
-0.301211
-0.140269
0.043539
-0.211918
0.364839
-0.046763
-0.329587
-0.101187
0.081444
0.170688
-0.065007
0.406229
-0.160193
-0.010267
0.097608
-0.113997
-0.425253
0.057122
-0.246057
0.175023
-0.361671
-0.026204
-0.052225
-0.274876
0.251960
-0.119917
-0.747967
0.030375
-0.104105
0.252177
-0.018855
0.280044
-0.216653
0.197890
0.037258
0.236584
-0.265264
-0.244706
0.001284
-0.172510
-0.081229
-0.321927
-0.406220
-0.196172
0.218754
0.251592
-0.082991
-0.320689
-0.102741
0.268215
0.167194
0.149232
0.061712
0.082167
0.244237
-0.300114
-0.024420
-0.371120
-0.274129
0.296247
-0.029881
-0.005547
-0.094701
-0.035137
-0.044457
-0.141320
0.541076
0.091110
0.064765
0.111046
-0.188587
0.010208
0.035200
-0.184386
-0.419696
0.065870
0.208601
0.356147
-0.060881
-0.528031
-0.132353
-0.200744
-0.165559
0.298753
0.363163
0.598637
-0.130410
0.380226
0.181006
0.337309
0.219257
-0.021734
0.095008
-0.142256
0.041271
0.039966
0.101370
0.104559
0.044842
-0.221577
-0.159736
0.196890
0.264336
-0.172493
-0.192396
-0.046828
-0.143057
-0.211657
-0.396561
-0.136049
0.711256
0.044498
-0.098829
0.015594
-0.659131
-0.119938
0.339532
-0.079340
-0.047508
0.048132
-0.276212
0.411206
0.140878
0.199163
-0.187063
0.293470
-0.207203
0.306492
-0.176331
0.413533
-0.112967
-0.381795
0.202511
0.497305
0.242875
0.118283
-0.135079
-0.045290
-0.166059
0.279271
0.044287
-0.057037
-0.415363
-0.564432
0.019025
0.329318
0.335603
0.220261
0.321480
-0.300876
0.148033
-0.302465
-0.053959
-0.324334
-0.011507
-0.152303
-0.217246
0.168834
0.217487
-0.540667
-0.083502
0.318538
-0.100611
0.425524
-0.083972
-0.178615
0.317317
0.048599
-0.296773
-0.168230
-0.232994
-0.398264
0.313384
-0.232896
-0.031592
-0.195927
-0.018624
-0.097471
0.055006
-0.247345
0.345026
0.182402
-0.318973
0.052706
0.270440
-0.291563
0.434526
-0.053562
-0.268064
-0.340246
-0.013243
-0.151943
0.103517
-0.101462
0.388990
0.237212
-0.202659
0.116328
-0.240650
-0.017870
0.414156
0.240815
-0.288431
-0.059805
0.556613
0.191840
-0.555201
0.033724
0.009653
-0.217187
0.153135
0.012375
0.216387
0.191892
0.177733
0.010261
-0.360768
0.099157
0.438807
0.030734
-0.519183
0.160978
0.115094
-0.345155
-0.005892
0.317088
0.131806
-0.030755
-0.144043
0.228567
0.064934
-0.270462
0.263651
0.063194
0.022886
0.064293
-0.667197
-0.169669
-0.124715
0.314131
0.299169
0.043447
-0.492985
0.001787
0.396070
0.103936
0.122323
0.123885
0.255969
0.127883
0.337969
0.024444
-0.023664
-0.109582
0.757376
0.237418
0.111064
0.016457
0.387811
0.111812
-0.211384
0.225340
-0.321226
-0.020178
-0.133561
-0.043092
-0.206476
-0.081602
-0.154609
0.076402
0.142683
0.011813
-0.016370
-0.543825
0.195385
-0.452615
0.320518
0.518650
-0.079005
0.236904
-0.182925
-0.379790
0.008161
0.077784
-0.189109
-0.306744
0.259634
-0.199849
-0.018339
0.077843
0.293085
-0.005615
0.163165
-0.282077
0.276428
-0.063305
0.265665
0.134557
-0.231396
0.336790
0.605670
0.542824
-0.466247
0.318428
-0.544017
-0.182264
-0.182828
0.333092
0.062972
-0.082238
0.459148
-0.433513
0.314132
0.166985
0.130239
-0.103124
-0.193068
-0.106245
-0.398133
0.265387
-0.132108
-0.068543
0.202234
0.281319
0.188294
-0.444413
0.222610
-0.399860
-0.175109
-0.107476
0.140065
0.017122
0.549936
-0.493277
-0.001923
-0.164335
0.159463
0.332743
0.197200
-0.524675
0.150933
-0.504373
-0.208850
0.152995
0.122003
0.267914
-0.117158
-0.156151
0.690185
0.264668
-0.015967
-0.381493
-0.055416
-0.215100
0.027837
-0.086352
0.203149
-0.073141
-0.095907
-0.079733
-0.007003
0.066837
0.223198
0.510295
0.180202
-0.073075
-0.260041
0.434687
-0.058240
0.049683
-0.088789
0.146585
-0.261198
-0.245386
-0.388280
0.175449
-0.014309
0.028371
-0.102610
0.245424
0.228828
0.045682
0.131346
-0.155672
0.245157
0.148419
0.247220
-0.305675
0.031498
-0.274329
-0.438748
-0.253166
-0.028071
-0.088256
-0.051212
-0.288548
0.063132
-0.007700
0.339071
-0.192834
0.003749
-0.136310
-0.025911
-0.200890
0.008124
-0.600764
0.055555
0.182912
0.071395
-0.280160
-0.101993
0.046743
-0.305123
-0.028256
0.047987
0.065684
0.235242
-0.010490
-0.168185
0.198053
0.045967
-0.094118
-0.174149
-0.551354
0.036522
-0.336961
0.080322
-0.406695
-0.522893
-0.127055
-0.123103
0.143029
-0.308587
-0.071195
-0.130926
-0.392209
0.568407
0.336193
-0.071582
-0.022163
0.203827
-0.379549
0.489307
-0.355469
0.148616
0.245892
-0.292494
0.236855
-0.112692
0.179283
0.145547
0.169755
0.452455
-0.496241
0.377413
-0.111864
0.068564
0.067098
0.338660
0.354361
-0.160836
-0.043206
-0.164392
-0.170996
0.144776
0.221042
0.098572
-0.282501
-0.097242
-0.264075
0.150621
-0.003333
0.040373
-0.091063
-0.229247
0.197081
-0.144892
0.050900
0.817848
0.111149
-0.479343
-0.002559
0.463929
-0.115443
0.662962
0.170087
-0.020615
0.002775
-0.396895
0.198305
-0.250108
-0.054842
0.095919
-0.129866
0.101248
-0.226377
0.642244
0.694109
-0.201396
-0.554689
0.399896
-0.389906
-0.016318
0.195189
-0.221686
-0.121514
0.174197
-0.264436
-0.023788
-0.131204
-0.049659
0.009038
0.373362
-0.516081
-0.022106
0.042322
-0.078052
0.148241
-0.184715
-0.083424
-0.213249
-0.390147
-0.067102
0.348851
0.025325
-0.158004
-0.440977
0.397259
0.164181
0.370381
-0.017885
-0.229269
0.245610
0.099697
-0.377820
0.410402
0.160495
0.149856
0.425763
-0.605011
-0.410893
0.063238
-0.378530
-0.113093
-0.240363
-0.016276
-0.065449
0.441505
-0.204178
0.238170
0.226681
0.108325
0.566595
0.304482
-0.551338
-0.420221
0.080899
-0.034529
0.216614
-0.606803
0.507951
-0.112982
-0.235449
-0.514101
-0.635941
0.052034
0.255914
0.199925
0.318630
0.283059
0.365635
0.662136
0.311713
0.005491
-0.034892
-0.088915
-0.026992
-0.195605
-0.080361
0.350833
-0.586704
-0.130857
0.503704
-0.229286
0.183097
0.034040
-0.191139
-0.072406
-0.344435
-0.302910
-0.387664
-0.327620
-0.096608
-0.023613
0.239203
-0.011451
-0.108066
-0.557079
-0.023709
0.410410
-0.415673
0.306027
-0.001808
0.059220
-0.012296
0.151602
0.012651
0.486566
0.226879
-0.282327
0.017524
-0.088626
0.060146
0.112325
0.284898
-0.166241
-0.412478
-0.035806
-0.368011
-0.645355
0.137049
-0.261256
-0.230950
-0.120381
-0.027223
-0.553699
0.032588
-0.090311
-0.321197
0.459471
0.229393
-0.030472
-0.366885
0.315384
0.227536
0.065592
0.276344
-0.307609
0.174888
-0.307964
-0.124694
0.088526
-0.184320
-0.694139
-0.363362
-0.012252
-0.333786
-0.486452
0.023958
-0.036518
-0.081294
-0.116852
-0.127025
-0.001281
0.065359
-0.371515
-0.002525
-0.107404
-0.574019
-0.386517
0.617632
-0.450177
-0.131973
-0.154629
-0.066208
0.116950
-0.257067
-0.267590
-0.407655
0.404741
0.153513
0.183266
-0.126681
0.050244
0.232680
-0.225926
-0.006890
0.314789
0.371419
0.345311
0.135833
-0.383672
0.511472
-0.144190
-0.004779
-0.431339
-0.225409
-0.021292
0.454519
-0.076896
-0.300987
-0.169686
-0.128896
0.290067
0.167388
-0.319890
-0.185855
0.185309
-0.300658
0.285598
-0.213349
0.007944
-0.173182
-0.047077
0.043885
0.342905
-0.078699
0.184394
0.052111
0.836720
0.750383
-0.027754
0.292166
-0.211690
-0.251589
-0.215177
0.010483
0.397835
-0.070757
0.469867
0.014464
-0.317556
-0.466073
0.108255
0.384261
-0.161409
-0.100155
-0.114409
0.129525
-0.187578
0.260112
0.143171
-0.366769
0.177393
0.310723
-0.086180
-0.004418
-0.019912
0.048530
0.129881
0.116371
0.487589
0.030540
0.409516
-0.231032
0.810503
0.301408
-0.061970
0.092529
0.187808
0.014338
-0.033340
0.614749
-0.294146
-0.089990
0.026814
-0.411065
-0.084591
0.106025
0.018364
-0.277243
-0.503267
0.395320
-0.361456
0.375511
0.128231
0.053767
0.254826
-0.105927
-0.080272
0.144659
-0.195110
-0.098934
0.222643
-0.425105
0.291003
-0.093861
-0.343458
-0.032903
-0.083008
-0.160310
0.217035
-0.025396
-0.378305
0.137525
0.175114
0.310178
-0.030562
0.024772
0.070851
-0.138934
0.481627
-0.068575
0.288322
-0.088751
-0.147447
-0.329678
-0.179363
0.019470
0.057607
-0.251295
-0.437138
0.186226
0.112034
0.541353
-0.127908
-0.314887
-0.091209
0.204191
-0.301386
-0.262931
-0.053980
0.180916
-0.085916
-0.248447
0.447063
0.036058
-0.091864
0.331905
0.082767
0.004378
0.254669
-0.117162
-0.030665
0.533040
0.257087
-0.337057
-0.430843
-0.294765
0.114276
-0.075328
0.068494
0.125296
-0.071742
0.043522
-0.250488
0.053320
-0.136239
-0.274150
0.253292
-0.290465
0.077170
-0.058237
-0.065982
-0.331585
-0.343786
-0.059563
0.239168
0.016198
0.169162
0.075035
-0.128106
-0.007728
-0.081882
0.252727
0.345810
-0.094534
0.639253
0.386989
0.217508
-0.274345
0.012290
-0.356542
0.050144
-0.362581
-0.182252
0.221581
-0.042256
0.340000
0.229838
0.052269
-0.196033
-0.538442
-0.509438
0.073771
0.581777
0.105042
-0.108396
-0.106271
-0.211947
0.123745
0.141057
0.591001
0.414172
0.253760
0.277676
0.209972
-0.043529
0.255695
-0.474010
0.457206
-0.160512
-0.161997
-0.273238
-0.577185
0.066235
-0.315477
0.055189
0.473402
0.472389
0.585804
0.340263
-0.115737
0.280407
-0.364590
-0.120224
-0.298993
-0.051302
0.292410
-0.326683
-0.017725
-0.067535
0.292789
0.379273
0.306793
-0.292510
-0.301229
-0.546376
0.346724
-0.491987
-0.044313
-0.198355
0.228917
-0.025231
-0.311397
0.078181
0.349580
0.260672
0.434030
0.382288
-0.054694
0.093182
-0.199140
0.044321
0.009553
0.132808
0.070555
-0.018914
-0.076623
0.032079
-0.128239
-0.291506
-0.166533
-0.108545
0.122580
-0.167147
-0.636184
-0.028430
-0.248686
-0.275157
-0.118042
-0.071355
-0.282444
-0.279907
0.068123
-0.066970
-0.434318
-0.113625
0.164142
0.797918
0.242822
-0.436597
0.107672
0.471326
0.083150
0.030369
0.179950
0.260151
0.149399
0.897425
0.058481
0.060886
-0.392006
-0.161281
0.673185
0.010796
0.156191
0.347081
-0.063957
-0.226288
0.335639
0.238327
-0.159299
-0.183694
-0.272217
-0.079086
-0.067571
0.461875
-0.140748
0.123962
0.144896
-0.483414
0.016665
0.112237
-0.008907
0.114462
-0.389674
-0.208636
0.022382
-0.394965
-0.041027
-0.058309
-0.400929
-0.348941
-0.801504
-0.174062
0.057300
-0.137916
-0.063341
0.125807
0.288205
-0.584386
0.054700
0.427419
-0.051925
-0.280644
-0.310516
-0.011179
0.490605
-0.100824
0.739173
0.254222
-0.301274
-0.020118
0.330559
0.044710
0.269397
0.010474
-0.078677
-0.024821
-0.232792
-0.126357
0.592511
-0.301294
-0.295753
0.001209
-0.167431
0.099471
0.248600
0.115101
-0.206144
0.111005
-0.002851
-0.285174
0.108234
-0.113228
-0.412327
-0.029672
-0.063196
0.254807
0.206310
-0.038218
0.475374
0.174691
0.456052
0.249371
-0.462252
0.164714
0.602411
0.227366
0.356721
-0.095698
0.524961
0.157684
-0.372051
0.117225
0.165579
-0.513209
0.018002
0.499368
-0.150951
0.072082
-0.186683
0.014262
0.111717
-0.108054
-0.178445
-0.297925
-0.083889
0.164885
-0.123488
0.448149
-0.061130
0.295364
0.468172
-0.404907
0.172069
0.107267
0.270396
-0.226879
0.203106
-0.335782
0.194556
0.483053
0.418206
-0.154267
-0.141896
0.014093
-0.304648
-0.077743
-0.195688
-0.626278
0.133855
-0.281420
0.002414
0.508843
-0.001867
-0.095575
-0.320288
-0.106053
0.129685
-0.321052
0.287944
-0.290135
0.393032
-0.096201
0.204697
0.366102
-0.070698
0.076231
-0.476671
-0.252902
0.263164
0.070186
0.295443
0.164917
0.338317
-0.180225
-0.056494
-0.284899
0.225983
0.210109
0.357504
-0.175488
-0.024861
0.037543
0.302588
0.249850
-0.003931
-0.120708
-0.179799
0.156214
-0.191178
-0.165630
0.200448
-0.139130
-0.035342
0.046343
-0.409112
-0.451430
-0.213912
-0.423972
-0.441312
-0.122905
-0.623684
-0.751369
0.169261
-0.162536
-0.528091
-0.297600
-0.401716
-0.359710
-0.556634
0.317881
-0.072264
0.068545
-0.224628
-0.426407
0.046915
0.298971
0.361840
0.440390
0.414090
0.128048
-0.059776
0.779964
0.494460
0.563218
0.812415
0.312189
0.629119
0.385575
0.951583
0.430367
0.105003
0.765650
0.507055
0.465349
0.498882
0.010974
0.166252
0.313908
0.211453
0.519550
0.691093
0.173936
-0.289150
-0.369573
0.083869
-0.519850
-0.124801
-0.984730
-0.325014
-0.607857
-0.330488
-0.624488
-0.257941
-0.006044
-0.308619
-0.448604
-0.347941
-0.568835
-0.297348
0.174838
-0.197596
-0.213678
0.192610
-0.049408
-0.150973
0.027527
0.301876
-0.301668
-0.064392
0.221065
-0.421384
0.251228
0.236514
0.165483
-0.131935
0.197271
0.110033
-0.129951
0.397378
-0.023805
-0.077107
-0.123158
-0.068411
-0.358309
0.280351
0.019931
-0.318589
-0.239813
-0.292167
0.365860
-0.236882
0.053537
0.516585
0.007898
-0.493559
0.077635
0.213795
-0.406287
-0.059425
0.392851
0.300243
-0.081123
-0.186413
0.098508
0.189535
-0.231956
0.113018
0.047333
0.106006
0.275051
0.166488
-0.008525
-0.011474
-0.097894
-0.144001
0.082735
0.058460
-0.193313
0.014326
0.204556
-0.208567
-0.039972
-0.214551
-0.554503
0.025796
-0.170878
0.246912
-0.131637
-0.113044
0.266575
0.155836
0.228552
-0.126485
0.367215
-0.106463
-0.019147
-0.264093
0.313740
-0.298061
0.499194
0.102244
-0.259704
-0.452417
-0.509278
0.253162
0.321458
-0.028319
-0.126145
-0.147025
0.117878
-0.133093
-0.175424
0.129455
-0.116423
-0.310773
0.253206
-0.213898
0.003023
0.515764
0.153245
0.180163
0.135930
-0.134160
-0.180013
-0.198309
0.180413
-0.264190
0.512266
0.456364
0.251055
0.312684
0.106072
-0.374312
0.316109
-0.011200
0.187534
0.086044
-0.098215
0.059470
-0.453773
-0.147727
0.011028
-0.110502
0.294790
-0.319554
-0.115726
-0.371313
0.063725
0.277907
-0.047888
-0.571397
-0.216336
-0.070658
0.117244
0.342698
0.156242
-0.165341
-0.282394
-0.355869
0.039209
-0.283570
-0.258592
0.233620
0.208649
-0.000042
-0.039938
0.248516
-0.254696
-0.176067
0.175129
0.453016
0.197998
-0.258582
-0.576159
-0.397745
-0.108890
0.278592
-0.004806
0.102491
0.179024
0.127521
-0.258260
0.202892
0.205488
0.061364
-0.250961
-0.180384
0.353857
0.008350
0.063593
-0.204392
0.459980
0.212674
-0.074478
0.023970
-0.115733
0.303894
0.029379
0.039086
0.326711
-0.231266
0.246200
0.033840
-0.156006
0.008242
-0.034031
0.246326
0.826813
-0.007565
0.060746
-0.036710
-0.476165
-0.371980
0.015980
0.192136
-0.113156
0.269430
0.248643
0.355864
-0.138680
0.179097
0.075573
0.671270
0.123973
-0.098668
0.058932
0.117450
0.391181
0.483943
-0.401952
0.339451
0.058291
0.054355
0.242319
-0.198546
0.063037
0.260044
0.008477
-0.464072
-0.011908
0.139146
0.562353
0.107065
0.586343
-0.221762
-0.032374
0.098402
-0.357886
-0.091471
0.080799
-0.248810
0.337777
0.647098
0.240194
0.215191
-0.186357
-0.042382
0.032592
-0.011141
-0.029630
-0.139487
-0.113725
-0.154171
0.357247
0.141087
0.070976
0.442061
0.433924
0.091929
-0.505307
-0.336286
-0.348559
-0.158361
-0.303919
0.239685
0.299036
0.685174
-0.245450
0.373723
0.064395
-0.298516
-0.239452
-0.204327
-0.297164
0.025276
-0.082570
0.282302
-0.328673
0.014836
0.169847
0.045113
-0.173207
-0.164628
-0.220723
0.111666
-0.004845
-0.324451
0.068132
0.315612
0.077411
-0.180483
-0.106454
0.190262
0.121867
-0.031067
0.682405
-0.120260
0.144127
-0.117903
-0.176884
-0.063648
-0.176162
0.320131
0.365004
-0.373453
0.151762
-0.164878
0.254787
-0.075977
-0.183686
0.171264
0.356934
-0.289199
-0.259635
0.094531
-0.304826
-0.219065
-0.081089
-0.142978
-0.242334
-0.108854
0.303207
0.136425
-0.032427
-0.069643
0.370296
-0.478924
0.074467
0.673336
-0.340295
0.205811
0.210178
0.347375
-0.290189
-0.030781
-0.127948
-0.032573
0.115097
0.300362
0.083724
0.416787
0.166076
-0.068363
0.354971
0.186851
-0.114924
-0.203363
0.032317
-0.528652
-0.597533
0.051517
0.338583
0.831172
0.296359
-0.030022
0.191620
-0.581017
-0.274227
0.114307
-0.013222
0.605823
-0.120068
-0.084668
-0.246340
0.232127
0.404032
-0.211270
-0.056502
0.247729
0.405157
0.074777
-0.447223
-0.080166
-0.594773
0.121412
-0.070282
-0.023138
0.193042
0.274728
0.454447
-0.344852
-0.141085
-0.092229
0.323722
-0.139663
-0.502884
-0.100958
-0.141188
0.277357
0.162924
-0.002742
-0.154249
-0.107795
-0.066217
-0.168931
-0.320109
0.165684
0.349010
-0.324711
0.368555
0.276210
0.013187
-0.348082
0.126480
0.589619
-0.044971
0.250275
-0.225988
0.156657
-0.620694
-0.291750
-0.276746
0.253737
-0.692877
-0.303838
0.134210
0.150388
-0.144500
-0.096352
-0.459958
0.061710
0.383805
-0.222372
0.616809
0.058739
0.158125
-0.088736
0.395349
-0.132899
0.237627
-0.065871
-0.166010
0.106541
0.234278
-0.435810
0.095675
0.144459
-0.354653
-0.428834
-0.288095
0.043299
0.051275
0.054952
0.374433
-0.047853
-0.061261
0.098740
-0.231293
-0.187727
-0.322775
0.099061
0.088139
0.378504
-0.351374
0.008244
0.205492
-0.389221
0.232606
0.199238
-0.485798
-0.220258
0.100260
-0.046102
0.144580
-0.301513
-0.050493
0.028889
-0.381483
-0.482165
0.258862
0.279785
-0.422697
-0.123491
0.694834
-0.011053
-0.032287
0.239431
0.097522
0.504825
-0.371287
0.144277
-0.319134
-0.119533
-0.109647
-0.053929
0.585505
0.326886
0.374028
-0.139517
-0.290167
-0.095404
0.140291
0.131110
0.034902
-0.491136
-0.080395
0.229802
-0.249007
0.120347
-0.626876
-0.094070
0.177879
-0.275446
-0.206699
-0.007028
0.085404
-0.223896
-0.507734
0.142798
0.238320
-0.011937
0.046650
0.266794
-0.041328
-0.496000
-0.365539
-0.066126
0.459872
0.472852
-0.284139
0.085443
-0.273461
-0.096334
0.057194
0.006816
0.288562
0.175649
0.082013
0.309312
0.017816
0.400418
-0.044808
-0.238069
-0.064019
0.270320
-0.553355
-0.325863
-0.026535
-0.300777
-0.409115
-0.060594
-0.277227
0.154402
-0.107826
0.563768
0.171640
0.066992
-0.075147
0.080089
-0.519527
-0.001840
-0.233030
0.252838
0.062298
-0.486405
-0.228650
-0.031817
0.128891
-0.046401
-0.229830
0.357447
-0.053951
-0.031034
0.326423
-0.192166
0.188926
0.385259
0.312061
0.381153
-0.376721
0.042525
0.014968
0.186318
-0.211983
0.155576
-0.240607
-0.050513
0.023356
-0.071372
-0.239756
0.392096
0.274824
-0.016764
-0.119256
0.361989
-0.157997
-0.214475
-0.361402
-0.038658
-0.177063
0.068905
-0.240319
0.295521
0.002483
0.167865
0.174655
0.139283
0.219936
-0.378308
0.110017
0.097579
-0.186828
-0.124627
0.456717
-0.271523
0.264381
-0.235082
-0.063823
-0.072911
0.059849
0.138689
0.155624
-0.141062
-0.116333
-0.158990
-0.430736
0.035275
-0.492789
-0.123308
0.084815
0.153628
-0.084814
-0.124998
-0.236050
-0.137089
0.238902
0.038669
-0.196324
-0.371119
-0.012527
-0.066496
-0.060464
-0.340150
-0.221064
0.358217
-0.414242
-0.312161
0.603410
0.026755
-0.032019
-0.206861
-0.159183
-0.130417
-0.284634
0.045359
0.206313
0.503601
0.133539
-0.295054
-0.296766
-0.289441
-0.313735
0.145962
0.020188
-0.330449
0.458961
-0.161337
0.521170
-0.115794
-0.018631
0.172975
0.584813
-0.433589
0.271072
0.014413
-0.059923
-0.230865
-0.081939
-0.028915
-0.212833
0.204112
-0.194966
-0.114378
-0.086367
-0.066015
0.109611
-0.151562
-0.134711
-0.715500
0.188847
0.021235
0.321831
0.166666
-0.015456
-0.017856
0.637484
-0.274228
-0.072531
0.455581
0.201384
0.365898
0.321596
0.096513
0.014448
-0.134201
-0.034573
0.184997
0.396500
-0.071775
0.159582
-0.379443
-0.114784
-0.005286
-0.070025
0.431464
0.188585
0.271623
0.168961
-0.117518
0.132211
-0.388003
-0.207455
0.046906
-0.047598
0.509863
-0.188409
0.081319
0.092330
-0.402384
0.180988
0.077548
-0.164726
-0.278459
-0.004031
-0.348873
0.276523
-0.029379
0.508208
-0.264659
0.310390
0.302542
0.187812
-0.176621
-0.134111
0.414323
0.176307
0.270623
-0.427771
0.025846
0.216160
-0.295473
-0.162403
-0.651509
0.296808
0.189862
0.352031
0.316431
0.005331
0.677100
-0.360587
0.087967
0.018811
-0.683844
-0.134794
-0.097310
-0.078363
-0.486192
0.074073
-0.222406
0.234906
-0.324276
-0.127312
-0.211490
-0.320606
-0.235576
-0.525500
0.011933
0.127844
-0.492933
0.243197
0.277638
0.164188
-0.147475
0.212100
-0.251803
-0.469542
-0.543306
-0.178102
-0.167611
-0.041933
0.028704
-0.106573
-0.009641
0.218011
-0.058080
-0.018494
-0.376655
-0.158250
0.370144
0.196057
0.248496
-0.137970
-0.488574
-0.177397
-0.240945
-0.116263
-0.063487
0.204934
-0.538168
0.335137
0.149521
0.071037
0.118383
0.048956
-0.273520
-0.104968
-0.278940
0.150640
-0.229825
0.270525
0.410320
0.048276
0.310492
-0.303555
-0.551144
-0.007186
0.061030
-0.109776
0.205428
0.367978
-0.649716
0.209774
-0.276452
-1.137983
0.144374
0.349842
-0.131975
-0.208779
0.068594
0.198570
0.389772
0.140055
0.051906
-0.086942
0.354380
0.356211
0.390529
-0.084333
0.225147
0.174631
-0.189476
-0.016858
0.206280
0.176636
-0.226181
-0.210122
0.585400
-0.276744
0.757296
-0.325638
-0.123666
0.358581
0.394544
-0.610483
-0.188343
-0.277730
-0.008505
-0.667619
-0.393190
-0.314122
0.416877
0.116241
-0.349024
0.048202
-0.357717
-0.026105
0.204112
0.184590
-0.451361
-0.601595
0.346449
-0.471339
0.327966
0.299166
-0.189680
-0.154952
0.121020
0.108014
-0.271901
-0.018589
0.058812
-0.202075
-0.087160
0.080347
0.532220
0.167625
-0.488276
-0.107971
-0.004946
0.036945
-0.280562
-0.127863
-0.107787
0.240846
0.207257
-0.438563
-0.563018
0.071947
0.422196
-0.241858
-0.009647
-0.097094
0.546070
-0.005331
0.140707
-0.061712
-0.297558
0.024074
0.157211
0.099387
-0.484536
-0.016821
-0.172991
0.276089
0.247499
0.177379
0.456715
0.147592
-0.263232
0.196193
-0.150670
-0.056714
-0.084377
-0.415934
-0.024429
-0.370288
0.294386
-0.346367
-0.032258
-0.079588
-0.369848
0.499980
-0.182304
0.074223
0.804261
0.425410
-0.131290
-0.208058
-0.617119
0.101733
-0.235650
-0.575530
-0.340610
-0.704265
-0.079656
-0.011161
0.109459
-0.035408
0.061110
-0.381712
0.060748
-0.588449
-0.205041
-0.031980
-0.332628
-0.057865
-0.251918
0.537861
0.038354
-0.298293
0.342780
0.565850
-0.161956
-0.106452
0.243389
0.042239
0.362617
-0.086014
0.062659
-0.475874
0.034735
0.472946
0.138249
-0.217127
0.263600
0.370659
0.210912
0.309675
-0.143962
-0.315656
-0.584698
-0.184307
0.214025
-0.673787
-0.133274
-0.241530
0.314353
0.166171
0.181510
0.609049
-0.156824
0.222949
-0.061397
0.206844
-0.195524
0.121646
0.206752
-0.009460
0.259538
-0.005170
0.024850
-0.222532
-0.145732
0.208268
-0.192793
-0.051533
0.353190
-0.254469
-0.551645
0.166856
-0.260957
-0.169525
-0.182621
-0.417242
-0.184405
0.807194
-0.233080
0.334823
-0.360663
0.067150
-0.180751
0.117437
-0.144682
0.175075
0.008424
0.360140
0.080201
-0.044063
-0.157139
0.066790
-0.102201
-0.191673
0.454292
-0.187166
0.197929
0.070658
0.196017
-0.005604
0.703512
-0.109709
0.004611
0.116280
-0.621127
-0.611461
-0.069699
-0.102990
0.296275
-0.335634
0.369136
-0.205891
-0.131884
0.235434
0.081738
0.179418
0.563096
0.177083
0.373866
-0.600127
-0.017398
0.006442
-0.068125
0.124134
-0.175914
0.336319
-0.191703
-0.124578
-0.176472
0.223382
0.557543
-0.273478
-0.226792
0.080675
-0.165490
0.002155
0.088336
-0.249087
0.031212
-0.083204
0.559243
0.158975
-0.246135
0.189571
-0.491358
0.388265
-0.297824
-0.582170
0.171036
-0.257099
0.049193
-0.119552
0.306945
0.036279
-0.010240
-0.481750
-0.246555
-0.049244
-0.189836
-0.270670
-0.247773
-0.257048
0.149890
-0.263213
0.134701
-0.395661
0.335743
0.366099
0.058854
-0.102526
-0.132739
0.022268
-0.301646
0.183401
0.388333
0.340904
0.186415
-0.254400
-0.087011
-0.032467
-0.177007
-0.206714
0.020992
-0.691885
-0.278693
0.308620
-0.118705
0.273446
-0.163119
-0.211862
-0.155431
-0.374366
0.523031
0.802631
-0.402084
0.495288
-0.066903
0.161575
-0.115097
0.275722
0.075261
0.121258
-0.283178
0.044897
0.135258
0.170419
0.077711
0.126355
-0.262059
-0.058196
0.232993
-0.250517
0.379948
0.680889
0.311661
-0.210572
0.051536
-0.058526
-0.001639
0.259032
0.125631
0.565120
-0.422126
-0.134379
0.259434
-0.045608
-0.226587
0.124953
-0.078354
-0.582816
-0.239222
-0.037534
0.312289
0.217358
-0.117996
0.430288
-0.316869
0.168743
-0.398053
-0.042137
0.190285
0.097068
0.013836
-0.060374
0.534927
-0.193171
0.657509
-0.133962
-0.136266
-0.160197
-0.351325
-0.152427
0.030621
0.181563
0.089461
-0.280477
0.174025
0.018392
-0.382343
-0.170356
-0.219667
0.049151
0.080957
0.851515
-0.006705
-0.211470
0.138896
0.126638
-0.044273
-0.004991
0.360953
-0.165807
0.149764
-0.104371
-0.000009
0.261658
-0.001282
0.509010
0.308016
-0.432748
-0.102070
-0.471502
-0.089584
-0.019998
-0.204443
0.271214
0.072840
0.167383
-0.231458
-0.096139
-0.152673
0.185248
-0.039912
0.040919
0.098492
-0.010658
0.190259
0.040207
0.371133
0.538825
0.270193
-0.345099
0.139707
-0.009601
0.220548
-0.236887
0.212324
-0.411209
0.324364
0.037311
-0.545434
-0.340307
-0.135947
0.088786
0.189201
-0.051015
-0.393564
-0.047492
-0.201967
0.314989
-0.083535
0.204840
-0.279920
-0.547722
0.032994
-0.147392
0.268339
-0.208114
-0.040652
0.168621
0.124751
-0.355921
-0.005173
-0.044024
0.338445
-0.338785
-0.013658
0.226835
0.143922
0.212672
0.096830
0.352028
-0.497601
-0.620687
-0.326132
0.104733
0.006561
-0.640856
-0.207068
-0.011427
0.044458
-0.025925
0.118503
0.114600
-0.557628
0.082905
-0.834943
-0.253574
-0.282711
0.150400
0.019385
-0.258612
-0.072768
-0.182293
0.061090
-0.148972
-0.415967
0.372921
0.256836
-0.012214
0.361256
0.318486
0.278709
-0.141256
-0.234067
-0.148212
-0.407811
-0.054896
0.159278
0.422599
0.055764
-0.152708
-0.206703
-0.547525
-0.008861
0.147168
0.145387
0.185497
0.242497
0.023842
0.151078
0.421374
-0.288883
0.149289
-0.108754
-0.128596
-0.221330
-0.131574
0.321948
-0.558222
-0.216196
0.544989
0.450979
-0.261037
-0.217690
0.179721
-0.144945
-0.030505
-0.014749
0.091034
-0.227152
-0.471755
-0.161899
-0.117762
0.126805
-0.452169
-0.185622
-0.395761
-0.058917
0.337594
-0.159469
0.156887
0.097223
0.359548
0.011882
-0.118940
0.044470
-0.198703
0.087542
0.116168
0.308399
-0.052632
-0.428699
0.138059
0.011692
0.132793
0.426553
0.113952
-0.321942
0.210261
-0.176043
-0.055765
0.300023
-0.137399
-0.070159
0.060324
0.105667
-0.203349
-0.180861
-0.032357
0.148356
0.314937
-0.147944
0.335071
0.258002
0.034885
0.291134
0.126101
0.413110
-0.560200
-0.288691
-0.288745
-0.332699
0.108582
-0.671108
-0.005078
-0.163959
0.235199
0.035288
0.020055
-0.915042
-0.046875
-0.321400
0.013619
0.114238
-0.109612
0.325307
0.269830
-0.064635
0.171258
0.301941
-0.110362
-0.088118
-0.116400
-0.111952
-0.976800
-0.359122
-0.524921
0.005650
-0.649007
-0.217836
-0.144704
0.333473
-0.248208
-0.136519
-0.106103
0.458269
-0.018671
-0.320317
-0.138059
0.617033
-0.227999
0.392663
-0.040636
-0.166173
0.188498
-0.031435
0.377179
0.030118
-0.040889
0.164094
0.117422
-0.134694
-0.423640
-0.071733
-0.083085
0.427288
-0.121921
-0.274211
0.202614
-0.195070
0.020105
0.077361
0.365866
-0.237357
-0.168994
-0.261861
0.173050
0.057959
-0.081989
0.793439
-0.005228
-0.150978
0.142757
0.094148
0.626971
-0.162356
-0.374319
0.178395
0.076072
0.417948
0.502948
-0.217093
0.433676
-0.009580
0.281018
-0.390187
-0.192960
-0.007308
-0.278992
0.057010
0.108847
-0.612096
-0.133236
-0.181639
0.347095
-0.166228
0.242674
-0.042626
-0.020424
-0.131757
-0.210604
-0.062680
-0.312726
0.320246
0.160886
0.088443
0.027565
0.338664
0.085844
0.288666
0.342714
-0.404926
0.055659
0.285313
-0.240922
0.020739
0.140510
-0.133533
-0.263097
0.075959
-0.519570
-0.328271
0.168736
-0.162191
-0.496383
-0.151371
0.319281
0.471329
0.184677
0.226457
0.502532
0.117925
-0.180097
0.025600
-0.595052
0.082547
-0.028529
-0.146750
0.355172
-0.499480
-0.405103
-0.234525
0.173341
0.019225
0.087381
0.385969
0.352271
0.131526
-0.012703
-0.350677
0.039991
0.307656
-0.083197
-0.197557
-0.014579
0.601387
0.641435
-0.160854
-0.112340
-0.223035
-0.001209
-0.162364
0.225666
0.897954
-0.103663
-0.181862
0.197566
0.448744
-0.336468
-0.127030
-0.105011
0.354418
0.151615
0.194185
0.171983
0.303104
-0.359655
-0.230762
-0.382695
-0.135472
-0.429208
-0.737907
0.593981
-0.004330
-0.078192
-0.114577
-0.178351
-0.074052
0.027495
0.127099
-0.242521
0.721442
-0.454076
-0.124737
-0.189632
0.047309
-0.020127
-0.500561
-0.279250
-0.615872
0.273055
-0.202695
-0.118253
-0.032280
-0.051050
-0.202334
-0.305804
0.073508
-0.266612
0.063583
0.408064
0.367421
-0.081249
0.155948
-0.139746
-0.083661
-0.101074
0.448731
0.015924
-0.115269
0.170294
0.548740
0.070499
-0.049463
-0.013553
0.074166
0.275485
0.174896
-0.441618
0.087744
-0.190873
0.063977
-0.179442
-0.556889
0.081167
-0.174678
0.039625
-0.089526
-0.134359
-0.245823
0.224058
0.061603
-0.116150
-0.152541
0.243869
0.328822
0.298851
0.295996
-0.217042
-0.375708
0.289828
0.166889
-0.096057
0.308785
0.623906
0.210176
0.284577
-0.252373
-0.385295
-0.410167
0.220193
0.294259
0.178516
0.090404
0.441566
-0.394134
-0.429576
0.169820
0.142630
0.410590
0.036655
0.189439
-0.146956
-0.092436
-0.158535
-0.018934
0.039530
-0.157158
-0.258451
-0.127783
0.318860
0.100832
-0.363795
-0.093443
0.371516
0.024096
-0.168870
0.438388
-0.003882
-0.246088
0.059176
-0.209115
0.103866
0.340167
0.548808
0.124286
0.131648
-0.036106
0.248482
-0.196551
-0.386819
0.332427
-0.058965
-0.268890
-0.149733
-0.154122
0.016986
-0.497278
0.380609
0.135784
-0.099859
-0.394265
0.110159
0.158383
-0.221613
-0.017556
0.324866
0.311318
0.264841
-0.063420
-0.386171
0.131068
0.080151
0.119530
-0.626899
0.032293
0.238200
-0.090042
0.362409
-0.118238
-0.175860
-0.005422
-0.083852
-0.133457
0.394478
0.148070
0.340771
-0.344798
0.101660
0.149583
-0.341373
0.187801
-0.158640
-0.053187
-0.231341
0.427439
-0.054938
0.550807
0.392795
-0.115900
0.207107
0.189252
0.139719
-0.294045
-0.694282
-0.274648
-0.077107
0.179065
0.117162
0.363394
0.182269
-0.172337
0.201728
0.409312
0.347503
0.047762
-0.175049
0.223549
-0.352644
0.092728
0.204825
0.124624
-0.122577
0.027848
-0.041269
-0.017078
0.149884
-0.087350
-0.346168
-0.479476
-0.182372
-0.084021
0.318248
0.209097
0.126357
0.318456
-0.174346
0.130826
-0.303664
0.300957
-0.104544
0.026329
0.022023
-0.383007
0.113269
0.115641
0.408335
-0.400165
-0.180548
-0.156655
0.286301
0.026371
-0.103858
-0.131055
-0.281727
-0.564898
0.027876
0.835551
-0.365618
-0.099866
0.306037
-0.066959
-0.161027
-0.488880
0.304968
0.193192
-0.016606
-0.172831
0.018181
-0.533991
-0.079212
0.440487
0.103353
0.084038
0.081029
0.287920
-0.117166
-0.022966
-0.184561
-0.159780
0.154303
-0.058355
0.056160
0.356380
-0.363077
0.006215
0.005925
0.053273
-0.513592
0.083447
-0.069048
-0.056174
-0.062942
0.061628
0.372085
0.075847
-0.004737
0.030679
0.229252
-0.029996
0.048063
0.367349
0.239079
-0.062925
0.059469
-0.157633
0.212748
-0.135617
-0.272333
0.278981
0.014457
-0.184811
-0.431681
0.402810
-0.153570
-0.439620
0.349891
0.021032
0.213405
-0.140483
0.016603
0.274616
0.335928
0.199314
-0.076280
-0.157145
-0.087016
-0.645993
-0.183942
0.029069
-0.082393
-0.034698
-0.152806
0.027100
0.212271
0.940489
0.162360
0.213523
0.294046
-0.172441
-0.246677
-0.505624
0.521496
0.445072
0.394245
-0.045308
-0.181543
0.232835
0.285303
-0.128806
0.080044
0.081861
0.294130
0.339362
0.163505
0.130806
-0.213948
0.230268
0.101413
-0.156904
-0.007771
-0.002508
0.720612
0.112561
-0.179997
-0.917148
0.148186
-0.106958
0.470792
-0.207563
-0.211873
-0.091202
0.044054
-0.039457
0.395039
-0.125128
-0.164209
-0.639786
-0.096690
-0.060528
0.381889
0.028698
-0.185980
-0.017706
0.505325
0.061129
0.347172
-0.366195
-0.036393
-0.311553
0.054908
-0.098002
0.411330
-0.158980
-0.599926
-0.287145
-0.516207
-0.137686
0.212965
0.032917
0.256518
-0.119361
-0.072747
-0.056473
-0.331952
-0.292228
0.409343
0.073078
0.151234
-0.504755
-0.203974
0.331031
0.246029
0.389268
-0.421926
-0.202328
-0.055320
-0.260637
-0.199946
-0.143218
0.050862
0.405707
-0.169768
-0.291113
-0.079545
-0.394100
0.314054
-0.517801
0.135007
0.276694
0.231749
0.340747
-0.129078
-0.193834
-0.062586
0.380908
-0.595987
0.227809
0.258397
-0.153296
0.054623
0.105276
0.060015
0.114996
0.515948
-0.012196
0.195169
0.056837
0.149447
0.491107
0.252686
-0.164003
-0.020690
-0.050517
0.202035
-0.119896
0.128759
-0.539047
0.306720
-0.175248
0.331442
0.195378
-0.037912
-0.188952
0.072797
-0.446460
0.006478
-0.253337
-0.102773
0.330044
0.432789
-0.112558
-0.361468
0.008736
0.465733
0.381759
0.282015
0.204106
-0.337147
-0.040014
0.276890
-0.274238
0.228181
0.026605
0.237215
-0.258452
0.213445
-0.133363
-0.318400
0.458692
-0.047312
0.284944
0.313504
0.112438
0.529368
0.009887
-0.347641
-0.121085
-0.092825
0.518794
-0.039369
0.007858
-0.403187
0.073862
0.097123
-0.102666
0.323639
-0.062231
0.163945
-0.017018
0.821462
0.123690
0.007199
0.397030
-0.094614
-0.431017
-0.037247
-0.111344
0.164431
0.458189
-0.568886
0.100337
-0.382873
0.313902
0.271123
-0.073951
-0.177200
0.019289
0.066958
0.035997
-0.028311
0.477562
0.371174
-0.064454
-0.415167
0.107774
-0.292595
-0.182365
0.419330
0.034713
0.430788
-0.106469
-0.048028
-0.210850
-0.574317
-0.054600
0.041932
-0.643214
-0.063235
0.053447
0.266478
-0.131049
-0.271647
-0.203121
-0.671298
-0.197439
-0.108500
-0.259678
-0.099123
-0.052975
-0.199674
0.110677
0.197286
0.113332
-0.282707
0.212338
-0.154264
0.174471
0.266435
-0.464148
-0.182810
0.025752
-0.111384
-0.052844
0.607558
-0.075590
-0.291464
0.486256
0.342520
-0.341428
0.242082
0.091194
0.291902
0.056703
-0.001594
-0.113858
0.216758
-0.423483
0.126972
0.068972
-0.188849
-0.212369
0.151140
0.066705
0.396703
-0.199065
0.445363
-0.484308
0.886650
0.535447
0.062276
-0.029442
0.190251
0.208768
-0.090418
-0.043446
0.202558
0.386928
0.278321
-0.367634
-0.273435
0.225136
0.248644
-0.043102
-0.079641
0.070895
0.118560
-0.228293
-0.307969
0.112873
0.192882
-0.422194
0.109759
-0.025280
-0.163734
-0.181596
0.040532
-0.327631
-0.083957
0.239543
-0.071670
-0.223809
-0.357896
0.177483
0.355280
0.044813
-0.466940
-0.456383
-0.080342
0.126382
-0.030074
-0.132109
0.172612
-0.079674
-0.349083
-0.784323
0.123450
0.238856
0.074473
0.553028
-0.117894
0.101441
0.228799
0.188507
0.468227
-0.143056
-0.003974
0.058253
0.061884
-0.005250
0.051306
-0.021733
0.153970
0.326932
0.050882
-0.170833
0.038117
-0.333898
0.855688
-0.196634
0.371567
0.286559
-0.404325
-0.098724
0.035313
-0.442954
-0.123175
0.205038
-0.130535
0.013338
-0.233976
0.100809
-0.011979
0.222903
-0.160441
0.083182
0.665605
-0.400159
-0.064154
-0.201297
0.262613
-0.102804
0.245644
-0.051876
-0.109327
-0.472287
0.348904
0.481307
0.305890
0.099915
0.098694
-0.046024
-0.097357
0.268805
0.029329
0.230805
0.140036
-0.454875
0.014883
0.048382
-0.428162
-0.029360
-0.110007
0.292808
-0.364966
-0.182580
0.393989
0.172341
-0.016451
-0.038229
-0.058804
0.280500
0.077702
-0.180651
0.137958
0.353253
-0.146312
-0.287848
0.043971
-0.444852
0.201643
0.572267
-0.112634
-0.240792
-0.415970
0.489213
-0.348979
-0.045004
-0.509155
-0.002386
0.458046
-0.131923
-0.142911
0.612868
-0.456974
0.381501
0.188846
-0.042942
-0.132478
0.186897
-0.196021
0.361372
0.228764
0.161551
0.634124
-0.086878
0.175657
0.448520
-0.012746
-0.142570
0.068977
-0.205904
0.287549
-0.074257
-0.000987
0.014410
-0.302618
0.528105
-0.317703
0.212603
0.226095
-0.207229
-0.127879
0.066457
-0.016382
0.262401
0.179958
0.148261
0.089090
0.714378
-0.075130
-0.350086
0.333488
-0.108832
-0.000201
0.074955
0.095950
-0.038141
0.125338
-0.522730
-0.286846
0.338914
0.091724
0.011755
0.008305
-0.053875
-0.368764
-0.324072
-0.003510
-0.042741
-0.234857
0.148008
-0.074447
0.549551
-0.471860
0.057158
-0.385462
-0.013031
0.045491
-0.059473
-0.363053
-0.563598
0.238762
0.230083
0.235528
0.326341
0.326227
-0.056551
0.457956
-0.469471
0.168191
-0.051504
0.415888
0.202442
-0.127867
-0.226654
0.341299
0.217314
0.349340
-0.317944
-0.165107
-0.082291
-0.391017
0.468284
-0.565696
0.100927
-0.105248
0.312621
-0.380720
0.694928
-0.215870
-0.231595
0.594144
-0.028279
-0.071330
0.706923
-0.024618
0.228681
0.363095
0.150307
0.075493
-0.229539
0.347542
-0.344477
-0.473816
-0.480056
0.221446
-0.414199
-0.384114
0.002003
-0.032316
-0.353041
-0.507688
-0.526515
0.519530
-0.499626
0.470229
0.287101
0.139165
-0.428436
-0.365056
0.106286
0.218157
0.183731
-0.634072
0.152588
-0.162883
-0.387105
-0.012533
-0.044405
0.257176
-0.196082
-0.397782
0.002406
0.112577
-0.349953
0.009017
0.354372
-0.166535
-0.056149
0.042773
0.302937
-0.301144
0.068897
0.209992
0.300221
0.288689
-0.215108
-0.153688
-0.148341
0.024413
0.433503
-0.137174
-0.343501
0.520935
0.279516
-0.088110
-0.225372
0.818323
-0.289306
0.720106
-0.584314
-0.605669
0.041915
0.309725
0.236923
-0.577679
0.217135
-0.257929
0.239785
-0.524763
0.190255
0.299930
0.403652
-0.307938
-0.205938
-0.156086
0.014677
-0.259376
-0.623181
-0.131811
-0.094447
