-0.104392
-0.246121
0.105169
0.493474
-0.095750
0.007341
-0.171455
-0.412525
0.325402
0.342896
-0.133324
0.320134
0.343218
-0.328135
0.041700
0.130750
0.003943
0.032986
-0.114690
0.255486
-0.469754
-0.018428
0.345085
-0.817926
-0.428979
-0.729114
0.446741
0.009550
-0.021510
0.455279
-0.350381
0.009642
-0.106572
0.121872
0.162672
-0.096817
0.121464
0.061504
0.086188
-0.190132
-0.794766
-0.069462
0.449942
0.416896
0.068243
-0.206855
-0.079117
0.402523
-0.034003
-0.297190
0.050470
-0.476958
-0.187434
0.098034
0.413227
0.430522
0.169757
-0.218985
0.379757
-0.005110
-0.388342
0.071258
-0.012781
-0.157190
0.205916
0.052625
-0.268541
0.158556
-0.008002
0.351550
0.028944
-0.051893
0.031009
0.176457
-0.110556
-0.565669
-0.256533
0.229414
0.377841
0.254333
-0.382495
0.695633
0.083357
0.175736
-0.530014
0.150492
-0.124334
0.331542
0.133577
-0.374942
-0.007194
-0.385498
-0.015218
0.361245
-0.050764
0.103415
-0.102901
-0.089320
0.239676
0.745174
-0.423594
0.522227
0.170526
0.348620
0.051877
-0.339719
-0.531554
-0.035426
0.084188
-0.317071
0.104439
-0.122074
-0.417656
-0.131412
-0.429557
0.080406
-0.136312
-0.321829
0.179258
-0.353607
-0.423007
-0.361585
-0.158685
-0.454475
-0.326504
0.037180
-0.400823
-0.263848
-0.343195
-0.250978
-0.086203
0.328091
0.100502
0.404447
0.118199
-0.032035
0.013803
-0.731130
-0.341206
0.367832
0.139230
-0.537137
0.236242
-0.226930
0.057620
0.420305
0.220328
0.358623
0.001837
-0.092921
0.309065
-0.098470
0.137884
0.377300
0.381805
-0.120903
0.261431
-0.127308
-0.136278
0.259801
-0.448490
0.421912
0.139490
0.165742
0.032351
0.512352
0.393120
-0.188055
-0.194680
0.679970
-0.309395
-0.420375
-0.200464
-0.011772
0.570891
-0.084807
-0.180563
-0.169267
-0.265697
0.541947
-0.375604
-0.614010
0.314024
0.380681
-0.119820
-0.003499
-0.064978
-0.070304
0.334981
0.168285
-0.124558
0.488166
-0.191870
0.377727
0.215861
0.372283
-0.134371
0.148437
-0.250675
-0.374646
0.047352
-0.397152
0.047417
-0.441850
0.138155
0.571106
0.261504
0.500902
-0.067850
0.011678
0.302962
-0.217978
0.038090
0.036632
-0.058651
-0.341397
0.332047
-0.603875
-0.232442
0.158228
0.199297
-0.217295
0.132473
0.230874
0.369023
0.198513
0.148133
-0.180811
-0.127671
0.080827
0.044923
0.487522
0.205104
-0.012568
-0.413299
0.103979
-0.158166
0.323142
-0.414026
0.344801
0.148579
-0.476649
-0.252851
0.128023
1.120254
-0.196930
0.103812
0.341589
0.230210
-0.293549
0.001778
-0.197287
-0.525758
0.223592
0.392783
0.372092
-0.147686
0.271068
-0.212142
-0.118052
0.155927
0.045092
-0.156373
-0.293382
0.557354
0.026904
0.494566
-0.114743
-0.001307
-0.114936
0.114563
0.453645
-0.187070
-0.174011
-0.293103
0.005268
0.252824
0.312674
-0.341619
0.324324
-0.045541
-0.001958
0.042448
-0.257727
0.320252
-0.405844
0.241785
0.118882
0.006020
0.357700
0.407306
0.056528
0.104539
0.308246
0.038680
0.563027
0.050626
-0.059807
-0.549291
-0.004794
0.147803
0.096219
-0.233142
0.145384
0.239695
0.046569
-0.123602
0.414604
-0.368857
-0.634515
0.046752
0.154175
0.097300
-0.420450
-0.330008
-0.112081
-0.121658
-0.320936
-0.020260
-0.006210
-0.051608
-0.000737
-0.259186
0.149858
0.077814
-0.274236
0.145612
-0.550925
-0.243677
-0.416140
-0.478298
-0.099287
-0.081372
0.073998
0.091856
-0.026029
0.198999
0.137365
0.305786
0.093642
0.128750
0.166443
-0.392332
0.333560
-0.785768
0.290399
0.214962
0.113887
0.315588
-0.087101
-0.148138
0.411273
-0.192071
-0.157683
0.134238
0.046010
0.414888
0.020286
-0.109710
0.077344
-0.155759
-0.277841
0.377402
0.131359
0.205114
-0.312433
-0.026688
0.002591
0.548529
-0.066895
0.023298
0.215069
0.043519
-0.344373
-0.386605
0.069600
0.028634
0.121912
-0.032903
0.522915
-0.113489
-0.110843
-0.044909
0.192672
0.207692
0.191966
-0.143598
-0.485694
0.189951
0.340588
0.397717
0.345551
0.205714
-0.143268
0.035791
0.243991
-0.127201
-0.416934
-0.001598
0.152452
0.088354
-0.086722
0.058567
0.485052
0.013273
0.132620
-0.146125
0.115745
0.075002
0.076727
-0.002259
0.097342
0.007734
0.100771
0.266621
-0.279415
-0.413572
0.068712
-0.124638
-0.270067
-0.218138
0.091855
-0.091222
0.160966
0.229027
0.668564
-0.304442
0.372351
-0.208299
0.190184
-0.256645
0.289739
-0.001304
0.097752
0.070863
-0.347945
0.056442
-0.160406
-0.053117
0.560253
0.098658
0.735736
0.236879
0.118753
0.057581
0.112992
-0.544300
0.068813
-0.082631
-0.130425
-0.468947
-0.008694
-0.117414
-0.068416
-0.089396
-0.318901
0.939543
0.114927
0.015004
0.150675
0.124490
-0.862936
0.335269
0.275525
-0.185778
0.263368
-0.190352
0.241537
-0.261902
0.028902
0.123340
-0.017608
0.431320
-0.312111
-0.379260
0.059329
-0.020928
-0.235823
-0.308211
-0.327196
-0.186587
-0.004272
0.230753
-0.605855
-0.240432
0.091832
-0.080160
-0.121096
0.091069
-0.791821
0.317151
0.037349
0.249815
0.181371
0.324028
0.239741
-0.211318
0.411817
-0.145474
0.253442
0.267339
-0.136839
-0.355397
-0.375651
-0.321698
-0.397036
-0.317730
-0.001254
0.074421
-0.031923
0.486903
-0.210054
0.204531
0.374272
0.045598
0.057905
-0.217711
-0.071648
0.306866
0.187586
0.031424
-0.426405
0.188088
0.013002
-0.076004
-0.046627
0.127684
0.517629
0.202152
-0.080812
-0.153225
-0.256556
0.374485
-0.313861
-0.167219
-0.174288
-0.111195
-0.534790
-0.087193
0.109612
-0.071451
0.060874
-0.159219
0.402877
0.352534
-0.053188
0.449712
-0.016040
0.035490
0.046852
0.151000
-0.355426
-0.229809
-0.244818
0.277101
0.565411
-0.430795
-0.585652
-0.227743
0.627939
0.405897
-0.762096
0.042490
-0.197935
0.398677
-0.294956
-0.139262
0.309833
-0.407669
-0.006563
-0.391187
0.202789
0.456278
0.012385
0.062710
0.003624
0.259030
-0.183026
0.230221
-0.166516
-0.261757
-0.017585
-0.081135
0.040702
0.003680
-0.383633
-0.005025
-0.083420
0.104726
-0.105955
0.020460
-0.245730
0.623751
-0.216834
-0.113595
-0.088470
-0.179998
-0.044066
-0.207003
0.107525
0.162900
0.243474
0.077415
-0.188020
-0.052896
-0.019138
0.448173
0.027045
-0.426134
-0.346512
-0.171321
-0.533193
0.733642
-0.111737
0.240531
-0.284642
-0.337443
-0.358383
0.026204
-0.177867
0.280883
0.241161
-0.072848
0.509576
-0.056771
0.450237
-0.243682
0.035795
0.154717
-0.066285
0.068586
-0.021689
0.329599
-0.318748
-0.548860
-0.592885
-0.065020
-0.100365
0.674900
-0.003995
-0.112420
0.124263
-0.048431
-0.200824
0.024594
0.015678
0.011549
-0.220702
-0.149802
0.091527
0.260809
0.148959
0.179947
0.290575
-0.358911
-0.203239
0.217298
-0.137127
0.192742
0.250713
-0.568091
0.286844
-0.044041
-0.575581
0.380212
0.305135
0.146908
-0.207948
-0.015204
-0.430888
0.419693
-0.107733
-0.174542
-0.041625
0.430301
0.276969
-0.142597
0.091958
-0.234509
-0.231718
0.137787
0.076674
-0.303753
-0.422052
-0.204097
-0.079452
0.355627
-0.200674
0.050512
-0.563120
0.498758
0.409354
0.001754
0.278485
0.162496
-0.541706
-0.098224
0.529261
-0.021067
0.304613
-0.321953
0.271067
-0.304525
-0.060861
0.106792
0.349760
0.307698
-0.064913
0.114378
-0.022635
-0.492550
0.282879
-0.320004
0.021528
-0.033790
0.379190
-0.079894
-0.248160
0.097826
-0.315736
-0.091982
-0.196364
-0.100950
0.290516
-0.469229
0.251361
-0.277853
-0.224697
0.021226
0.166065
0.026259
-0.124981
0.138813
0.109888
0.104812
0.019606
-0.135892
0.158745
0.026575
-0.293254
-0.171436
-0.214085
-0.583957
0.089474
-0.053807
-0.097469
0.323610
-0.250862
-0.215605
-0.327224
0.077716
0.061156
-0.285528
0.088160
-0.227642
-0.732807
-0.107598
0.044958
0.195172
-0.530181
-0.114150
-0.036676
0.193061
0.200531
0.304022
-0.186347
-0.177919
0.199348
-0.001502
-0.088888
-0.304557
0.411869
-0.151705
0.227390
-0.489401
0.030989
0.211071
-0.030710
-0.468649
0.132248
-0.051551
0.373398
0.337591
-0.024589
-0.290083
-0.139901
0.222498
0.477709
-0.310129
-0.134270
-0.328726
-0.105722
0.254449
0.206634
0.125519
0.104176
-0.391921
-0.106452
0.264972
-0.431960
0.053008
0.118762
0.485569
0.232788
-0.144300
0.006259
-0.241790
-0.199060
0.151009
-0.171054
-0.263360
-0.477733
-0.097414
0.086762
0.208340
0.400730
0.493344
-0.189819
-0.268129
0.377584
-0.612518
0.736953
0.124229
-0.321739
-0.019997
0.054743
0.069562
0.337604
0.052338
0.169212
0.129149
-0.281209
-0.070114
-0.140449
-0.259227
-0.101812
-0.132030
0.025071
0.210337
-0.335524
0.615564
0.280238
-0.030666
0.051894
-0.293442
-0.241959
-0.795149
-0.430906
0.153786
-0.310290
-0.123490
0.603343
-0.168618
-0.068270
0.008440
-0.168511
-0.253142
-0.459293
-0.055734
0.190539
-0.200751
0.471171
-0.547077
0.215789
-0.038046
-0.320878
0.292373
-0.100279
0.399324
-0.471863
0.107389
0.428025
-0.101942
0.084584
-0.070904
0.389531
0.078451
0.029311
0.220920
-0.203622
-0.056427
0.308028
0.085926
0.157613
-0.582662
0.469373
0.084335
-0.299567
-0.142924
-0.183117
0.124039
-0.476872
0.534975
-0.379785
-0.002911
-0.741741
0.099705
-0.029239
-0.226397
-0.492887
0.455355
0.038536
0.245067
0.141867
0.087686
-0.486297
-0.999151
0.452047
-0.257893
-0.211572
0.182313
-0.056931
0.313700
0.287988
-0.151262
-0.384589
0.111919
-0.050639
-0.397699
0.415178
-0.115181
0.485018
-0.096227
-0.069614
0.104650
-0.372908
0.140604
-0.222020
0.105096
-0.234864
0.052686
-0.179446
0.224196
-0.188421
-0.186017
-0.040906
-0.322070
-0.108337
0.007696
0.127296
0.134157
-0.122486
-0.439698
-0.019038
0.047535
-0.044213
-0.262790
0.694740
-0.120304
-0.040550
0.122616
-0.123470
0.086509
0.113553
0.395928
0.280340
0.110885
0.088796
-0.201434
-0.180130
0.313623
-0.074976
0.385505
0.117107
-0.430337
-0.243221
-0.186580
-0.028834
-0.515945
-0.612332
-0.039454
-0.281120
0.041485
-0.627043
-0.114342
-0.186923
0.593423
-0.088663
0.207985
-0.346699
-0.244079
0.227951
-0.236620
0.198584
0.050238
0.318622
-0.068022
-0.090599
0.017628
0.238315
0.262911
-0.012545
0.111312
0.107727
0.303553
0.186240
-0.325218
-0.165382
0.268999
0.145592
-0.099398
0.400915
-0.219158
-0.440765
-0.083280
-0.297003
0.252730
-0.273986
0.193463
0.358751
-0.527950
0.380680
0.550569
0.126463
-0.060598
0.011781
-0.080246
-0.227221
0.073327
0.187052
0.259286
0.214016
0.435913
0.237145
-0.093338
0.081586
0.782312
-0.244570
0.400697
-0.149479
-0.168800
0.159740
-0.087811
0.586265
0.182217
-0.387959
-0.183847
-0.012273
-0.249272
0.127919
-0.366498
0.324167
-0.481939
0.563869
-0.095192
-0.220821
0.203857
-0.261480
0.255073
-0.519722
-0.270014
0.565857
0.640523
-0.023524
0.540199
0.517945
0.115906
0.037812
0.135494
0.166696
-0.392766
0.831751
-0.207671
-0.337303
0.210655
-0.045785
0.136244
-0.311631
-0.041981
0.154830
0.291690
0.011614
0.361673
-0.099381
-0.094519
0.112253
-0.093139
-0.193262
-0.129412
-0.048584
-0.091497
0.059850
-0.246958
-0.043087
-0.075097
0.227431
0.217418
-0.372243
0.242484
0.138590
-0.046478
0.121139
-0.028441
-0.279575
0.139338
0.286575
-0.042969
-0.309485
0.502374
-0.181474
-0.295917
0.062556
-0.341458
-0.321401
-0.184244
-0.056139
-0.001345
0.293835
-0.040953
0.031725
-0.214983
0.160953
0.041653
-0.221879
-0.044551
0.187046
0.491868
0.083100
-0.178669
-0.064605
0.306131
-0.526079
0.235559
-0.107858
0.016243
-0.054457
-0.017363
0.013227
0.109074
0.258258
-0.015373
-0.406766
-0.355020
-0.138958
-0.033565
-0.000951
0.188457
0.437414
0.036064
-0.234506
0.038033
-0.172201
0.090638
0.402676
-0.340288
0.423627
-0.250770
0.172705
0.400020
-0.545893
-0.095800
0.335457
-0.101041
0.190184
-0.093179
-0.269345
-0.142090
0.305337
0.138174
0.089497
0.678123
-0.023096
0.039442
-0.012560
-0.674308
-0.133226
0.169997
-0.161316
0.111592
0.160747
0.013943
-0.059801
0.138055
-0.189143
0.142443
-0.116249
0.224740
-0.349097
-0.260934
0.242954
0.435035
0.086613
-0.011484
0.226081
-0.240970
-0.025990
0.336568
0.319222
-0.235228
-0.091417
-0.269301
-0.117596
0.285172
-0.205425
0.013858
-0.397930
0.527873
0.368660
0.272683
-0.063130
0.055551
-0.169943
-0.800186
0.014903
-0.312410
-0.316993
0.323421
0.004034
0.153948
0.143781
-0.345600
0.045062
0.151222
-0.624085
-0.001528
-0.159971
-0.230076
-0.056220
0.016094
0.171168
-0.005126
-0.324927
0.015946
-0.445300
-0.114395
0.284563
-0.064511
0.099552
0.159350
-0.242267
-0.075048
0.279718
-0.274167
0.122135
0.072683
0.396272
-0.459064
-0.000959
0.483283
-0.002860
0.790282
0.236251
0.117908
-0.580687
0.084843
0.202206
-0.225328
-0.002478
-0.086187
-0.130168
-0.176683
0.016751
0.218040
-0.370971
0.109320
0.046494
-0.045343
0.195947
-0.001961
0.007269
0.220530
-0.084084
-0.148217
-0.391669
-0.515389
-0.212050
-0.102610
0.006101
-0.371021
0.147403
0.018991
-0.448272
0.430324
-0.041461
-0.404613
-0.425367
-0.554472
-0.416925
-0.020110
-0.194108
0.280906
0.011950
-0.287799
0.042604
0.307197
-0.645491
0.205012
-0.224542
0.362702
-0.095162
0.619845
-0.098360
0.222029
0.177497
-0.159338
0.424823
-0.255516
0.394881
0.016322
0.562292
0.106109
-0.390950
-0.351100
0.260893
0.325150
0.343467
-0.035239
-0.155146
-0.009894
0.445934
0.402287
0.207683
-0.467087
0.031015
0.164603
0.234364
0.128629
0.090564
0.101765
-0.601247
0.429098
0.163230
-0.306681
0.043532
-0.284103
-0.135029
0.059872
-0.269243
0.169048
-0.334678
-0.157851
0.286653
0.196308
-0.496336
0.599618
0.725784
0.015521
0.088462
-0.113657
-0.255968
0.178931
-0.188045
0.290846
-0.318413
0.491657
-0.157724
-0.050622
-0.002407
-0.134431
0.003490
-0.146066
-0.046756
0.155245
-0.151810
-0.149326
-0.203080
0.115972
-0.312954
-0.210405
-0.176104
0.202461
-0.160420
-0.176797
-0.021087
0.491708
0.639639
0.304376
0.365307
-0.131656
0.292073
-0.468423
0.243854
0.035415
-0.286336
0.208673
0.385803
-0.118084
0.096210
0.142542
-0.221114
-0.224605
0.032811
-0.271265
0.145021
-0.078375
0.309240
0.292638
-0.219210
-0.266675
0.300300
0.251849
-0.277992
0.065625
0.356147
0.058805
-0.101516
-0.068723
-0.231169
0.203870
-0.175616
-0.065062
-0.042978
0.077532
-0.398562
0.253286
0.324974
-0.172339
0.868542
0.020846
-0.018057
-0.388748
-0.149094
0.347971
0.046767
0.319099
-0.291119
0.027507
-0.752518
0.090222
0.262836
-0.220417
0.115249
0.413538
-0.126999
-0.175569
-0.045185
0.260713
-0.032820
-0.427568
0.260949
-0.441736
-0.132990
-0.158595
0.173593
-0.024457
0.173065
0.221584
0.463055
0.060335
-0.426771
-0.181345
-0.341010
-0.229696
-0.187668
0.226513
0.198357
-0.020875
0.010900
-0.116049
0.133011
0.503542
-0.011272
0.044518
0.042746
-0.097274
-0.327118
-0.623387
0.354893
0.007793
-0.364642
0.248046
-0.297942
-0.356927
0.467729
0.142752
-0.127696
-0.113753
0.043828
-0.130760
-0.427119
0.087549
-0.150203
-0.259897
0.006009
0.098969
0.098325
-0.598545
0.197059
-0.013955
0.037609
0.047880
0.175506
-0.399230
0.221217
0.101655
-0.531650
-0.020494
0.144816
0.192996
0.040003
0.226952
0.346014
-0.172449
0.304011
-0.483859
0.544309
0.307177
-0.531122
0.016727
-0.204318
-0.145942
-0.178394
0.220832
-0.311214
0.194038
-0.016429
0.213715
0.052399
-0.371770
0.043063
0.132175
0.094088
-0.318996
0.322544
-0.347316
-0.030194
0.055896
-0.475200
-0.270022
-0.103439
0.271438
-0.109284
0.073894
-0.146843
-0.134050
0.071594
-0.141798
-0.388385
0.013361
-0.397421
0.196711
0.556318
0.073376
-0.033875
-0.459717
0.368800
0.160945
0.155294
-0.063656
-0.084522
-0.027129
0.358189
0.179379
-0.012232
0.097893
0.023705
-0.326976
-0.528711
-0.102810
0.011620
0.354242
-0.323521
-0.036496
0.090486
-0.137256
-0.135122
-0.393211
-0.755277
-0.421942
-0.300561
-0.398388
-0.621266
-0.119380
-0.307430
-0.933833
0.098563
-0.570056
-0.307459
-0.806009
-0.495534
-0.041145
-0.222302
-0.139142
-0.474035
-0.203426
0.353805
-0.040913
0.241199
0.147717
-0.053746
0.256181
0.609860
0.655773
0.602868
0.533496
0.103103
0.618060
0.833305
0.677186
0.344425
0.206558
0.146806
0.837215
0.151610
0.402915
0.426981
0.187083
0.612170
0.649858
0.371809
0.776402
0.351056
0.015629
-0.034072
-0.292739
0.089276
0.136436
-0.177891
-0.215991
0.031196
0.396185
-0.054393
-0.849180
-0.432755
-0.539205
-0.332279
-0.206654
-0.149961
-0.462598
0.044460
-0.576740
-0.240087
0.026229
-0.532462
0.060361
0.321135
-0.375740
-0.596458
-0.056644
-0.202145
0.341761
0.383119
-0.299505
0.294114
-0.549846
0.618015
-0.180532
0.139648
0.210334
0.247516
0.136773
0.847054
0.197503
-0.117345
0.274851
0.114308
0.117899
-0.024721
-0.482352
0.170506
0.120654
-0.073907
0.080385
0.072587
-0.242269
0.050847
-0.037446
-0.048239
0.395569
0.029359
0.654743
0.215386
-0.031120
-0.176642
0.164097
0.316289
0.234717
-0.187299
0.172896
0.049891
0.175283
-0.056036
0.335305
-0.412243
0.172826
-0.215961
-0.216067
-0.708813
-0.254278
-0.315271
0.219064
0.076092
-0.225538
-0.295292
0.006548
-0.200573
-0.190031
-0.289000
0.111571
0.184645
-0.085206
0.001632
0.097891
0.318868
0.042331
0.020006
-0.050748
0.587119
0.064434
-0.090361
0.102066
-0.187424
0.206716
0.111755
-0.098322
-0.016025
-0.129244
0.070447
-0.105751
-0.367621
0.105594
-0.121045
0.262935
0.175223
0.008002
0.190030
-0.093104
0.080600
0.004165
-0.152114
-0.195563
-0.060496
0.581189
0.362426
-0.019255
-0.635113
0.282374
-0.048929
0.001420
-0.120061
0.024608
-0.508317
-0.077414
-0.077665
0.040654
0.239731
0.207571
-0.019492
0.240016
0.394622
0.170630
-0.181081
-0.239186
-0.156747
-0.169762
0.017160
-0.098347
0.032434
0.066431
-0.008591
-0.081474
-0.170240
-0.373119
-0.038064
-0.210685
0.289563
-0.159965
-0.299633
-0.020121
-0.325384
0.263975
-0.038774
0.493257
0.031061
-0.021920
0.174412
-0.142302
-0.222440
-0.179346
0.287465
-0.145666
0.093876
-0.151734
0.118661
0.577109
-0.004099
0.350184
-0.199692
0.022872
-0.411065
-0.036473
-0.105748
0.304686
0.299463
-0.254812
0.106135
0.049033
0.075796
-0.219135
0.148545
-0.244324
-0.379158
-0.363232
-0.231868
0.031988
-0.016696
-0.297869
-0.169541
-0.086516
0.424608
0.084625
-0.209010
0.006312
0.248473
0.135664
0.558568
-0.036568
-0.307640
0.043703
-0.264683
0.225127
-0.194076
0.213933
0.072360
-0.046925
0.433601
0.315110
-0.520642
0.173856
-0.021324
-0.609450
-0.022451
-0.354374
0.598743
0.287862
-0.197650
0.333390
0.148920
0.101750
-0.317190
0.380642
-0.053191
0.217370
-0.169758
0.062990
0.257120
-0.215443
0.803860
0.032019
0.221767
0.295859
-0.355888
0.427937
0.776788
0.033842
0.348640
-0.109168
-0.203034
0.111133
0.362589
0.403781
-0.132042
0.049136
-0.031454
0.008619
0.112363
0.513046
0.122786
0.227528
-0.017030
0.110373
-0.420496
-0.169599
0.295069
-0.083214
0.175932
0.424633
-0.189445
0.049010
0.149231
0.235000
-0.690316
-0.069356
0.155839
-0.143780
-0.286178
-0.172172
-0.008581
0.000559
-0.066632
0.161560
0.056426
-0.176672
0.548344
-0.491753
0.253402
-0.346416
0.344924
-0.344671
-0.046382
-0.206366
0.043876
-0.044477
0.190626
-0.163254
0.031579
0.224744
-0.153889
-0.157305
0.079561
-0.212161
-0.063334
0.037837
0.071710
0.184301
-0.048934
-0.418735
-0.034067
-0.329600
-0.019540
0.242499
-0.060809
-0.041452
0.102247
0.128812
-0.374009
0.080418
-0.007296
0.076949
0.021953
0.037486
-0.046687
-0.433672
-0.167392
-0.042116
-0.184812
0.175371
-0.294477
-0.075716
0.370930
-0.079168
0.440171
-0.324454
-0.473643
-0.022317
-0.395146
-0.063228
0.110515
-0.171559
0.033043
-0.109273
0.114657
-0.187798
0.212756
-0.466093
-0.661097
-0.112884
-0.017384
-0.359680
0.496952
-0.699100
0.161932
-0.056442
0.053506
-0.179806
-0.063867
0.214797
0.088137
0.020192
0.358463
0.269202
-0.075573
0.252559
-0.264041
0.313810
-0.103530
-0.279303
-0.905791
0.029171
-0.071715
-0.221782
-0.067703
-0.269255
0.628143
0.152787
0.252368
0.049711
-0.339572
-0.178216
0.220337
0.011202
-0.273854
0.067490
0.016269
0.145116
-0.340927
-0.034690
0.315252
0.530913
0.025526
0.207129
0.598947
-0.070696
-0.517971
0.093304
0.206237
-0.646218
-0.131804
0.138656
0.322052
0.062672
-0.396250
0.165968
0.033596
-0.219675
-0.152783
0.134631
-0.208748
-0.203007
0.203137
0.256422
0.379561
-0.951660
0.225802
0.190271
-0.101885
-0.167825
-0.078234
0.199646
0.334512
0.235377
0.247114
-0.040912
-0.241506
-0.139158
-0.330616
0.177859
-0.578746
0.301558
-0.131438
-0.067009
0.265929
0.172329
0.418343
0.143055
-0.542942
-0.627433
0.190022
-0.203376
0.157997
0.325141
-0.020450
0.272068
-0.079282
0.152396
0.073366
0.121275
-0.059091
0.519685
-0.323681
0.123896
-0.156030
-0.186338
0.204866
-0.478269
0.384257
0.242286
-0.161289
-0.138869
0.539704
-0.232961
-0.073395
-0.314534
-0.104583
-0.467191
0.015949
-0.045255
-0.239385
0.235738
-0.446979
-0.061195
-0.106439
-0.181983
-0.274710
-0.066492
0.358139
-0.134264
-0.043080
0.445614
-0.730719
0.138515
0.040978
0.317287
0.297577
-0.159279
0.615819
0.283838
-0.169199
0.558396
0.094248
-0.098754
0.260990
0.085350
0.201314
0.099860
-0.096267
-0.369403
0.233067
-0.257633
0.144708
-0.014177
-0.135472
-0.310039
-0.062312
-0.446085
0.498438
-0.312912
-0.342694
-0.063329
0.069083
-0.133372
0.255755
0.288471
-0.075848
-0.032598
0.432377
-0.532707
-0.018754
-0.063302
0.030335
0.230881
-0.329531
0.181318
0.203421
-0.273646
0.673456
0.053558
0.008431
-0.160551
0.207895
0.405180
-0.155161
0.088361
-0.102883
0.218368
-0.242057
0.425567
0.211741
0.396201
-0.135850
0.025423
0.354849
0.220745
0.005759
-0.548917
0.236281
-0.103460
0.540279
-0.001186
-0.571845
-0.212308
0.365202
0.041361
0.099754
0.067034
0.104709
0.102037
0.126180
-0.094125
0.015876
-0.335596
-0.141998
0.388169
-0.219198
0.107969
-0.547158
-0.239392
0.130790
-0.056851
-0.470445
0.706073
-0.209222
-0.060790
-0.610752
0.081747
-0.067477
0.136031
0.032133
-0.064096
-0.088675
0.270247
0.416655
-0.069916
-0.000407
0.077101
-0.504353
0.090200
0.440448
-0.285138
-0.230339
-0.400843
-0.578792
0.141670
-0.212137
-0.163619
-0.033714
-0.521769
0.500978
-0.138555
0.025312
0.168981
0.062177
-0.624221
-0.176542
-0.011757
-0.093093
-0.261393
-0.335930
0.204158
0.112738
0.247060
0.184189
0.037881
-0.323707
-0.107513
0.068359
-0.132366
0.150853
0.405243
-0.214406
-0.212417
0.068509
-0.392373
-0.090225
-0.266851
-0.266529
0.367962
-0.396056
-0.003569
-0.341865
0.403465
0.195815
0.265873
-0.077206
0.115675
0.111010
0.175580
-0.019534
0.516549
-0.002700
0.122190
-0.078816
0.090373
-0.192236
0.056853
0.155096
-0.178438
-0.341848
0.113562
-0.383693
0.131905
0.234694
-0.041545
-0.053483
-0.030745
-0.016003
0.342601
0.106953
-0.563945
-0.140037
0.011198
0.198347
-0.032984
-0.453460
-0.381454
-0.356362
-0.132460
0.345009
0.320975
0.172253
0.052044
0.031367
0.157276
0.239650
0.316865
-0.090764
-0.559255
-0.388305
0.353268
-0.119477
0.094506
0.125082
0.000334
0.017516
-0.248947
0.313016
0.286087
0.080025
-0.863822
0.553171
-0.248445
0.198919
-0.052623
-0.015253
0.194656
-0.267980
-0.242149
0.403816
0.482709
-0.325780
0.233465
-0.151402
-0.026057
-0.408925
0.558141
-0.561720
0.256492
0.074451
0.233528
-0.437453
0.086277
0.140875
-0.078165
0.105006
0.549006
-0.169181
-0.112910
0.510818
0.043509
-0.246829
-0.409731
-0.402424
0.131756
0.040158
0.083878
0.184444
0.274940
0.912343
0.053044
0.072049
-0.168926
-0.090567
0.151802
-0.073463
0.218682
0.077545
-0.290764
-0.156029
0.208213
0.078580
-0.431082
-0.216125
0.189447
0.147700
-0.110615
-0.114335
-0.358141
-0.076367
0.232610
0.207966
-0.319900
0.363343
0.374006
0.342455
-0.351371
-0.070515
0.665557
0.118277
0.080027
-0.343715
-0.165617
-0.021614
-0.485909
0.203911
-0.392568
-0.202904
-0.466587
-0.044764
-0.231610
-0.369006
0.147376
-0.187416
-0.111955
0.183992
0.020268
0.119483
0.120570
0.227715
-0.787510
0.037868
-0.157767
-0.248655
0.373152
0.103319
0.034669
-0.134987
0.103199
0.355893
-0.781476
-0.147997
0.239892
0.245335
0.151133
0.054162
0.114817
0.154404
0.290880
-0.102604
0.162944
0.100260
0.048693
0.096364
-0.151527
0.131873
0.058866
0.275898
-0.220677
0.588625
-0.242104
0.582420
0.074500
-0.195931
-0.697225
0.452318
-0.298068
-0.358575
0.011763
0.218467
-0.101010
-0.464551
0.354887
0.174782
-0.167022
-0.496129
-0.090456
0.028386
-0.307882
-0.095495
-0.330101
0.044118
-0.218712
0.149374
0.038566
-0.102016
0.054030
-0.159117
0.189142
0.219128
-0.248529
0.136467
-0.457284
0.011233
-0.015380
-0.336446
0.245033
-0.233176
0.875986
0.057899
-0.273043
0.088000
-0.227503
0.351371
0.559019
-0.154419
0.036700
-0.225707
0.135465
0.064683
0.391127
0.223122
0.392543
-0.248056
-0.261032
-0.070399
-0.140031
0.153862
-0.044018
-0.227820
-0.492887
0.282492
-0.026453
0.012496
0.294340
-0.651277
-0.346725
0.336324
0.391139
0.093583
-0.062437
0.142981
-0.004423
0.246595
-0.352537
-0.365023
0.418936
0.188830
0.133359
-0.591936
-0.015040
0.542370
-0.256840
0.799922
-0.316755
0.456656
0.110451
0.269957
-0.268342
-0.118486
-0.084015
0.092009
-0.417465
-0.140377
0.142385
-0.353906
-0.175139
0.303232
0.254270
-0.135851
0.186673
0.190527
-0.331925
0.254630
-0.236573
0.114336
-0.307717
0.467382
0.007765
-0.006453
0.020877
-0.212507
-0.081585
-0.130107
0.116390
-0.182548
0.121101
-0.038515
-0.092401
-0.237483
0.150137
-0.723521
0.045471
0.445006
0.208467
0.203326
0.235296
-0.296243
-0.372263
-0.227604
0.257814
-0.255568
0.499110
0.278669
0.084679
-0.261373
-0.099844
-0.440177
-0.472442
0.064946
0.589453
0.174030
-0.546131
-0.088545
0.156602
0.003786
-0.151557
0.298986
-0.122246
-0.325251
-0.399928
0.153438
0.271723
0.129556
-0.161149
-0.028674
0.271078
-0.483924
0.529970
-0.006052
0.145267
0.622523
0.244909
-0.220624
-0.061418
-0.000537
-0.523025
-0.273334
0.013346
-0.236642
-0.283247
-0.427779
0.078277
0.081360
0.486484
0.007988
0.000463
0.076819
-0.129471
0.367653
0.301271
0.129318
-0.222064
-0.471834
0.104980
0.150607
0.049675
0.098142
-0.011275
0.187631
-0.380895
0.319429
-0.146654
-0.252146
-0.025035
-0.208690
-0.093942
0.391117
0.104940
-0.063087
-0.094238
-0.034719
-0.102805
0.213590
-0.393324
0.075448
0.290643
-0.066177
-0.104236
-0.099851
-0.253841
0.057441
-0.207609
0.074480
-0.260081
-0.068267
0.349933
-0.449855
0.194376
0.284648
-0.507019
-0.094030
0.140600
0.081675
0.150812
0.136471
-0.261896
-0.397910
0.048785
0.048137
0.385729
0.325515
0.223638
0.245936
-0.049142
-0.330634
0.188954
-0.394302
-0.177889
0.142345
0.086603
0.168895
-0.641001
0.001292
0.455575
-0.162717
-0.035956
-0.210111
0.111055
-0.134161
0.164194
-0.332154
-0.084485
-0.399853
-0.091147
0.437905
0.392906
0.363433
-0.715604
-0.043626
-0.191857
-0.133528
-0.012235
-0.264425
0.293177
0.124766
-0.073888
-0.465841
0.022332
0.316735
-0.002738
0.273705
-0.212319
0.066611
0.398320
-0.028645
-0.112039
-0.325907
0.101944
0.191121
0.109782
-0.156887
-0.508522
-0.220993
-0.250915
0.068851
0.051934
-0.085974
0.136398
0.352793
-0.335178
-0.144111
-0.043550
0.037323
-0.056620
-0.078899
-0.080433
0.239688
0.064134
-0.278885
0.081617
-0.325473
-0.570012
0.359760
0.040038
-0.064113
-0.274976
-0.407195
-0.017182
-0.544596
-0.015561
0.322824
0.131605
-0.159099
-0.202052
-0.394254
0.418668
-0.131894
0.035813
-0.017996
-0.161214
-0.121464
0.279743
0.117201
-0.065827
-0.082494
-0.146002
-0.018786
0.178797
0.093523
0.263826
-0.149093
0.043643
-0.173650
-0.247371
0.411866
-0.093024
0.268878
-0.189026
0.477959
0.242095
-0.079403
0.720386
0.003161
0.158908
-0.480188
0.316475
-0.638269
0.265280
0.262537
-0.573123
-0.339809
0.097625
0.321408
-0.392337
0.015939
0.163031
-0.080660
-0.544506
-0.014828
0.298015
-0.154009
-0.195886
0.177558
-0.056254
-0.333292
-0.257707
-0.164478
0.397817
0.242197
-0.116139
-0.406653
0.114588
-0.136774
-0.447225
0.124024
0.219590
-0.098372
-0.179250
-0.402529
-0.245387
0.131812
0.168181
-0.231977
0.196963
-0.371638
-0.145395
0.084774
-0.169089
0.120277
-0.353652
0.202118
0.048713
0.206291
-0.083671
-0.084431
0.304661
0.107591
0.103220
0.008257
-0.503462
-0.069330
-0.331610
-0.093045
-0.351523
0.034490
-0.095933
-0.221916
0.496800
-0.011421
-0.335467
0.674501
0.013561
0.215643
0.523265
0.021651
0.323635
-0.230217
0.314900
-0.332575
0.213849
-0.268762
0.068614
0.091189
0.550823
0.111109
-0.408090
0.336293
-0.045921
0.201907
-0.002252
0.131084
-0.567331
0.159386
0.133073
0.162630
0.265441
0.372493
-0.000646
-0.002184
0.247951
-0.051662
0.437088
0.351492
0.458119
-0.136398
0.054437
0.152180
-0.228937
0.061736
-0.420602
0.159396
0.001931
-0.550108
0.033738
-0.314356
0.103142
-0.526426
0.608599
0.235915
0.016385
-0.295178
-0.288113
0.130468
0.407656
0.210573
0.221584
0.157103
-0.192355
-0.255269
-0.197151
0.015093
0.287685
-0.367720
0.232564
-0.045122
0.259844
-0.225737
-0.178299
0.097237
-0.292574
0.089933
-0.162956
0.166964
-0.146299
-0.157373
0.255869
0.193598
-0.188682
-0.256524
-0.043939
-0.308579
0.035459
-0.345797
0.130927
0.137592
-0.059066
-0.198255
-0.272808
-0.243827
0.148182
-0.152819
0.353648
-0.141242
0.768576
0.067061
-0.558913
0.069465
-0.418342
-0.322699
0.170616
0.456913
-0.335155
0.241125
-0.184608
-0.293471
0.200193
0.086697
-0.108458
-0.538062
0.187947
0.092122
0.232056
0.374881
0.332958
0.350245
0.221514
-0.242459
0.595784
-0.037518
-0.072550
0.217303
0.089921
0.038499
-0.491309
-0.292291
0.114971
0.075286
-0.012302
-0.038671
-0.113395
0.324438
-0.163544
0.178169
0.700816
0.288192
-0.168729
-0.183570
-0.101435
0.494894
0.124486
0.142496
0.178844
0.102857
-0.289791
-0.487459
-0.485063
0.233327
-0.034597
0.116671
-0.011669
0.090053
-0.142690
-0.387719
-0.145733
0.014850
-0.126517
0.236330
0.645845
0.099219
0.357377
0.092222
-0.690475
-0.219676
0.117675
0.022650
0.334877
0.160367
-0.083224
-0.400412
0.288024
0.655387
0.351309
0.107423
0.015519
0.121106
-0.215899
-0.142745
0.171612
-0.394425
0.003834
-0.315863
-0.176292
0.259118
0.097917
0.422050
0.298429
-0.019154
-0.201739
0.418247
0.187745
0.227063
0.015766
-0.684689
-0.029653
0.016256
0.077838
-0.506624
-0.267071
0.339810
-0.260557
-0.018979
0.056564
0.262081
-0.014709
-0.112364
0.258206
0.191776
0.441645
-0.256296
-0.106543
0.335672
0.494865
-0.092088
-0.014303
0.039607
0.037740
0.152151
-0.022938
0.092948
0.152840
-0.308194
-0.060824
0.327865
0.226742
0.234595
0.115331
-0.043344
-0.743658
-0.155768
0.065351
0.278414
0.254239
0.491706
0.041864
-0.229315
-0.400913
0.075736
-0.259854
0.130687
-0.281035
0.244387
0.271638
0.350581
-0.235983
0.000970
-0.022565
-0.123601
0.210107
0.038655
0.058629
0.227394
-0.052304
-0.165261
0.256972
-0.036240
-0.120424
0.411448
0.160643
-0.510096
0.174309
-0.145437
0.160867
-0.056434
-0.029265
-0.173109
0.271941
0.256013
-0.633415
0.757002
0.074219
-0.063640
-0.155157
-0.219235
0.083427
-0.261490
-0.012097
-0.198052
0.076190
0.303786
0.408619
-0.188065
0.105717
0.061448
0.096308
0.411411
0.391950
-0.247229
0.125330
0.010790
0.270860
0.272313
0.362741
-0.043466
0.122295
-0.073624
0.098787
-0.410693
-0.044957
-0.400555
0.328038
0.197473
-0.137412
-0.289098
0.250929
-0.188326
0.141150
0.148798
-0.126836
0.264171
0.115183
0.312695
-0.383976
0.049910
0.439725
-0.349758
-0.377059
-0.304748
0.570721
0.049990
-0.134968
-0.306367
0.381301
0.130493
-0.233140
-0.125112
-0.429848
-0.613641
-0.343421
0.174477
0.084967
-0.060662
-0.253742
0.184459
0.245395
-0.083901
-0.410657
-0.031785
0.282545
-0.374270
-0.332968
0.269775
-0.030694
0.461550
-0.000745
0.205491
-0.000397
-0.063579
-0.065939
0.128443
0.292119
0.181272
-0.075619
0.297888
0.204065
0.041392
-0.094895
0.293661
0.326029
0.442938
-0.422462
0.033919
-0.045801
-0.184480
0.095054
0.122661
-0.168175
0.200951
-0.316206
0.386681
-0.310292
0.067762
-0.545281
0.013321
0.378740
0.105280
0.099040
0.264369
0.205561
0.039900
0.129447
0.562631
-0.129456
-0.096568
-0.102934
0.311572
0.209945
-0.301206
-0.123454
0.482712
0.101096
-0.068027
-0.200618
0.064813
0.240418
0.451787
0.180192
-0.180283
0.579271
-0.246923
-0.000846
0.300071
0.044024
0.742063
-0.151031
-0.460994
0.297583
-0.063948
-0.267718
-0.470137
0.102343
0.210861
-0.359730
0.387523
-0.004588
-0.410557
-0.476392
0.244235
0.245038
0.769180
-0.210964
-0.281225
0.034018
0.297771
0.406145
0.102189
-0.075267
0.070118
0.494224
-0.181825
-0.509075
-0.294983
-0.222748
0.090878
0.369393
-0.037771
0.549140
-0.560309
-0.023124
0.226118
0.022638
0.121470
-0.653535
0.167555
0.211349
-0.326980
-0.296432
-0.403471
0.352380
-0.053163
-0.505313
-0.016578
-0.413690
-0.052329
-0.172322
0.134097
-0.126631
0.530531
0.219517
-0.135728
-0.175654
0.287567
0.013235
0.025292
0.209702
-0.473545
-0.634792
-0.068458
0.212942
-0.001562
0.049554
-0.357078
-0.063439
0.099968
0.255639
0.205602
-0.115858
-0.367274
0.143416
0.093923
0.027529
0.029953
-0.440969
-0.122117
-0.045439
0.119882
0.136851
-0.051552
0.217923
0.570686
0.519128
-0.163326
-0.026413
-0.354944
0.652971
-0.616410
0.334780
-0.021705
-0.131421
0.504609
0.091415
0.074568
-0.024400
0.315420
-0.053001
-0.116402
-0.096884
0.064036
-0.426001
0.269899
0.321321
-0.179283
0.085192
-0.205671
-0.195842
0.074667
-0.110574
0.096988
0.043789
-0.337957
-0.407623
-0.555714
0.358532
0.053383
0.684459
0.202896
-0.570917
-0.204072
-0.485208
-0.201857
0.377543
-0.142812
-0.094764
0.079725
-0.264810
0.201706
0.174935
-0.000972
-0.199794
0.178493
-0.037809
0.233229
-0.097336
-0.152945
-0.436239
-0.115936
0.051481
0.490392
-0.186424
-0.455112
-0.134479
-0.055919
-0.117030
-0.338770
0.045973
-0.305098
-0.265866
-0.266845
0.263921
0.000137
0.138607
-0.478850
0.127229
0.302709
-0.341162
0.217223
-0.045951
0.210436
0.401436
0.121071
0.079433
0.654768
-0.072101
0.249378
0.242271
-0.160527
-0.261030
0.132090
0.142575
-0.418051
-0.061694
0.056705
-0.105766
-0.286897
0.167627
-0.246567
-0.121216
0.343264
0.126321
0.283755
0.367739
-0.233248
-0.352221
0.339193
0.321027
-0.015051
-0.530391
-0.280023
-0.569178
-0.222579
-0.414785
-0.198914
0.368188
-0.138661
-0.081747
-0.046620
0.524845
0.218777
0.599014
-0.015924
0.212317
0.228775
-0.037826
0.149428
-0.092282
0.028581
-0.376303
-0.033981
0.429013
0.215863
0.058032
-0.174275
0.181110
0.277788
-0.282729
0.074721
-0.088134
0.036622
0.313799
-0.443771
-0.234946
-0.742515
-0.002917
0.235861
-0.309016
-0.106076
-0.410528
0.281452
-0.357557
-0.078502
0.494442
-0.025980
-0.159810
-0.033543
-0.036966
0.371847
-0.152129
0.276530
-0.247369
-0.344848
-0.629118
0.149215
0.097339
0.337000
0.185520
-0.070005
0.173987
-0.298909
0.002177
0.248998
-0.151239
0.104241
0.114127
0.215046
-0.620280
-0.168232
-0.170048
-0.192712
0.305989
-0.317787
-0.436839
-0.270670
-0.225032
-0.102670
0.773828
0.367202
0.603819
-0.038769
0.262536
-0.162836
-0.383913
-0.275275
0.310170
0.007946
-0.173855
-0.024350
-0.657616
-0.317206
-0.052503
0.073736
-0.396282
0.311338
-0.095015
-0.262608
-0.286912
-0.236121
-0.123814
0.329521
0.089556
0.195918
-0.438937
-0.185224
-0.170322
-0.130154
0.150194
0.261399
0.537965
0.147793
0.226383
-0.393159
0.176680
-0.095757
0.090515
0.024773
-0.153914
-0.739661
-0.260780
0.235901
-0.211728
0.003364
-0.318709
0.358949
0.010084
-0.548200
0.065649
0.030061
-0.046908
0.103073
0.163139
-0.249961
-0.029487
0.127565
0.146680
-0.324701
0.049352
-0.035907
-0.332309
0.144245
0.238695
-0.710864
-0.309267
-0.091612
0.164604
0.084351
-0.089220
-0.287030
0.330477
-0.156706
-0.072934
0.033520
0.003488
0.178243
0.156136
-0.023192
-0.049078
0.155432
0.166332
0.042556
0.240286
-0.087655
0.170269
-0.467080
-0.461531
0.301715
0.215116
0.176279
-0.005185
-0.112871
-0.464800
-0.365904
-0.011733
-0.265084
0.584895
-0.058790
-0.323429
0.085318
0.280271
0.321812
0.067863
-0.356031
0.475452
0.262321
0.320260
0.135596
-0.128757
-0.060197
0.025041
-0.198495
0.652136
0.111356
-0.540858
-0.118554
0.312508
0.143651
-0.105045
0.365011
-0.210958
0.267930
-0.207743
0.002743
0.204081
0.468736
0.052792
-0.400767
-0.271348
-0.237365
0.023345
-0.068010
0.322413
0.421371
0.125819
-0.052117
0.428465
0.213950
0.064540
-0.725461
-0.189728
0.524352
-0.127258
0.065126
-0.479610
0.577776
-0.290848
-0.002809
0.068381
0.453031
-0.169004
0.660871
0.510426
0.351541
0.015674
0.520377
-0.410701
-0.074714
-0.028984
-0.363623
-0.164618
0.714418
-0.519327
-0.139116
-0.146479
-0.074704
0.301837
0.558521
0.355973
0.138328
-0.150940
-0.326890
-0.286595
-0.109187
-0.149444
0.475699
0.140667
0.277514
0.280976
-0.854513
0.347217
-0.011621
0.033803
0.136396
0.235562
-0.001550
-0.473948
0.114064
0.252371
0.167454
-0.029417
0.197790
-0.436826
0.259885
0.010798
-0.004787
-0.351780
0.293436
0.171876
-0.755075
0.567720
0.494704
-0.301590
-0.179754
0.381163
0.399538
0.356843
0.099429
-0.052718
0.485273
0.092370
-0.357131
-0.120235
-0.105905
-0.094402
-0.297631
0.426977
0.628824
0.312975
0.434532
0.183519
0.061980
-0.293125
0.291467
-0.054913
-0.024679
-0.138911
-0.109394
-0.452625
0.024162
-0.237019
-0.164767
0.061020
0.345454
-0.004652
-0.081070
0.090083
0.123104
0.108884
-0.132999
-0.006615
-0.598433
-0.520962
0.272722
0.085161
-0.001254
0.064027
-0.126319
0.504028
0.250370
0.491229
-0.026349
0.448813
-0.284436
-0.209591
0.141046
-0.465589
-0.101176
-0.512335
-0.719921
0.412678
0.198580
-0.417273
0.259684
-0.252521
0.087232
-0.036044
0.094784
0.058002
-0.062390
0.149390
-0.307651
0.089321
0.046912
-0.240610
-0.086512
0.111529
0.388797
-0.084860
0.199670
0.145063
0.514231
0.110268
0.343534
-0.071765
0.206949
-0.036854
0.032467
0.232277
0.637506
-0.118604
-0.356242
-0.172166
-0.495765
0.067232
0.094854
0.203279
0.087482
0.181817
0.087703
-0.026761
-0.166739
-0.260255
-0.124513
-0.404064
0.102173
0.166809
-0.095977
0.011761
-0.265244
-0.002335
0.092225
-0.017057
-0.189725
-0.565794
0.082860
-0.177669
-0.102490
0.705424
0.128726
-0.235202
0.431790
0.067158
-0.137792
-0.280375
-0.065956
-0.037587
-0.059036
-0.633758
0.308019
0.203645
-0.517345
0.149793
0.004038
-0.629189
-0.216390
0.044657
0.293343
0.113952
-0.307908
0.085331
0.133152
-0.259184
0.010028
0.201575
-0.404545
0.046451
-0.130893
-0.194694
-0.402105
-0.114089
0.026046
0.220906
-0.155247
0.041241
-0.251363
-0.412215
-0.398712
0.343572
0.008975
0.471214
0.093425
0.227164
0.084547
0.254041
0.231759
0.693095
-0.094287
0.021896
-0.324907
0.121689
0.092109
-0.013596
-0.067428
0.182289
-0.101297
-0.379383
-0.223802
-0.513606
-0.531150
0.138497
0.482601
-0.067419
-0.251406
0.190965
-0.174279
0.044077
-0.507764
-0.025521
0.148550
-0.067772
0.537699
0.148823
-0.074540
-0.308707
0.445843
0.153465
0.179893
-0.049148
-0.107805
0.191883
0.149020
0.435151
0.150543
0.381836
-0.236010
-0.176900
-0.440482
-0.078647
-0.190285
-0.341021
0.340880
0.193079
0.115962
0.247675
-0.236635
-0.096324
-0.274149
0.169500
-0.359463
0.032834
-0.318609
0.083705
0.161760
-0.040341
-0.036571
-0.326755
-0.043870
0.382838
0.151197
0.012994
-0.249721
0.188174
-0.336455
0.138102
0.268994
-0.259389
0.037834
0.061978
-0.282986
0.121637
0.095244
-0.064354
-0.296314
-0.201003
-0.056827
0.710623
-0.052770
0.023823
0.070025
-0.184503
0.237736
-0.370437
0.062608
0.704903
0.149729
0.247316
-0.257828
-0.099186
0.037891
0.597805
0.063639
0.206543
0.149493
0.064915
-0.421677
-0.037234
0.020584
0.018709
-0.224490
0.745399
0.090833
0.390145
-0.538584
0.139238
-0.216389
-0.178833
0.570849
0.403003
0.194743
-0.026289
-0.325809
0.339858
-0.093187
0.074909
0.280803
0.596353
0.350621
-0.046089
-0.193395
0.095709
0.315729
0.598875
-0.474393
0.138005
0.118096
-0.277984
0.241654
0.305482
-0.104943
-0.440591
0.073771
0.077970
0.115174
-0.541040
0.146737
-0.119996
0.008757
0.193294
-0.081284
0.002689
0.734156
-0.002022
0.149518
-0.283113
0.002607
0.383388
-0.120526
0.067765
0.200967
-0.039503
-0.210450
0.038044
0.077639
-0.001902
-0.330281
0.009903
-0.130057
0.074432
0.356609
-0.670221
0.330432
-0.019533
0.246667
-0.128611
-0.067570
0.289570
-0.058612
-0.354571
-0.068988
0.314259
-0.349514
0.115354
-0.012385
0.374435
0.341159
-0.128182
0.107009
0.161790
-0.045250
-0.357826
-0.227057
-0.223462
0.425027
-0.215793
-0.437228
0.247044
0.306500
-0.173537
-0.341009
-0.219974
-0.374510
-0.482597
0.076585
-0.182128
-0.217052
0.239820
-0.446365
0.626377
-0.240422
0.217382
-0.383281
-0.230063
0.299804
-0.215539
-0.221252
-0.136906
-0.019003
0.171959
0.186766
0.444406
0.048324
-0.076788
-0.274204
0.115219
-0.014242
0.463425
-0.362093
-0.145270
-0.165498
-0.019482
-0.420472
-0.282897
0.212806
0.020720
0.348213
0.027308
-0.184640
0.034518
0.025304
-0.085797
0.003592
