0.223323
-0.113890
0.003910
0.062673
0.414092
-0.309675
0.291375
-0.125104
-0.079833
0.329001
-0.264650
-0.192842
0.114488
0.406261
-0.089433
0.104295
0.226186
-0.389931
0.121031
0.161605
-0.061479
0.056506
0.361417
-0.126275
0.637912
-0.357240
0.453493
-0.404351
0.010002
0.306572
0.187807
0.517022
-0.163465
0.280784
0.494874
0.110556
0.104950
-0.010170
0.108853
0.144832
-0.150816
0.270392
0.120014
-0.226879
0.017464
-0.392825
-0.100266
0.092840
0.546167
0.008182
-0.580970
0.045703
-0.016496
-0.095948
-0.346515
0.205321
-0.144293
-0.739014
-0.427432
0.282693
-0.348217
-0.436847
0.124163
0.550003
-0.047867
0.123481
-0.223722
-0.034981
-0.034208
-0.239312
-0.122266
0.053859
-0.171408
0.086764
0.116067
0.457498
-0.330605
0.089620
0.104168
-0.275591
-0.561516
-0.537842
-0.153412
0.126109
0.096983
-0.225281
-0.131442
-0.022437
-0.039761
0.044068
0.336278
0.034835
0.164700
-0.108817
-0.011812
0.238607
0.099902
0.281338
0.251721
0.025066
-0.370196
-0.056519
0.473860
0.483947
-0.158226
-0.002698
-0.056322
0.184752
0.436476
-0.112405
0.157431
0.000589
0.131467
-0.398467
0.290201
-0.151273
-0.246667
0.154123
0.007326
0.349260
-0.496790
-0.013700
-0.112059
-0.196618
-0.628975
0.041438
-0.105369
0.042671
0.078323
-0.053660
0.400359
0.124562
-0.110488
0.152838
-0.156944
-0.612386
-0.073885
0.092550
0.044329
-0.317603
0.304333
0.022398
-0.222435
0.029716
0.156825
0.195971
0.378393
0.442594
0.213451
-0.253222
-0.053871
0.435284
-0.098216
0.317743
-0.108811
0.157117
0.668042
0.095266
-0.372315
-0.155056
-0.302110
0.268353
0.724560
-0.052761
-0.495982
0.454533
0.173105
-0.358855
-0.103182
-0.278426
0.336625
-0.019863
0.439009
-0.465161
-0.150184
0.120343
0.169534
-0.340288
-0.045034
0.444206
0.541200
-0.570412
-0.278760
-0.240005
-0.070911
0.162444
0.482894
0.400679
-0.386595
-0.085631
-0.106833
-0.270506
-0.498525
-0.134966
-0.067956
-0.173022
0.018732
-0.845964
0.011253
-0.002493
-0.236684
0.270761
0.214265
0.308533
-0.125910
0.275155
-0.298895
0.631693
0.154280
0.222243
-0.074967
-0.163432
0.254190
0.076593
-0.207057
0.105910
-0.080163
0.067340
-0.264802
0.427213
0.261066
-0.254659
0.018181
0.160448
-0.215943
0.445291
0.186752
-0.337854
-0.013921
-0.359272
0.254257
0.387969
0.393156
0.259128
-0.214311
-0.594707
-0.576134
-0.339062
-0.171045
0.393406
-0.158433
0.106245
-0.090918
0.119942
-0.150424
0.214162
0.184077
0.147542
-0.157970
-0.217800
-0.266608
-0.123071
0.432343
-0.198852
-0.022191
-0.282788
-0.333832
0.130467
-0.066737
-0.175052
-0.056769
0.329040
-0.291046
-0.164755
-0.171947
0.616109
0.116277
0.170208
0.165962
-0.133337
0.079411
-0.711515
0.195373
0.177453
-0.200775
0.071675
0.005410
-0.046531
-0.126911
-0.155427
0.169107
-0.671105
0.253366
-0.334652
0.041087
0.482203
0.284753
-0.308828
0.069813
-0.063836
-0.049511
0.045244
-0.579352
-0.227649
0.152901
-0.085201
0.182084
0.146639
0.106577
0.106561
-0.064203
-0.011941
-0.167670
0.280847
0.139977
-0.070122
-0.105908
-0.430964
0.303658
-0.311445
-0.406836
0.122103
-0.066895
-0.330383
-0.025437
0.040426
0.044173
-0.273982
-0.083322
-0.450521
0.422165
0.213747
0.123152
0.146621
-0.117613
0.315086
0.155785
0.261064
0.383910
0.239620
0.099485
0.006582
0.182489
0.193206
0.183721
-0.103379
0.362422
-0.152479
0.059201
0.103695
0.275689
-0.117734
0.271131
-0.034770
-0.432613
0.342285
-0.095675
0.041964
0.141342
-0.274716
0.250675
-0.110816
-0.028245
0.169349
-0.394402
-0.552251
0.300152
-0.083419
0.012692
0.411643
-0.502038
0.624074
0.137119
0.414884
0.185365
0.125277
0.013488
0.472882
-0.487993
0.008747
-0.013769
-0.204350
0.344230
0.058101
-0.070918
-0.243320
0.099652
0.125377
0.187665
0.578919
-0.102353
-0.112745
-0.086504
0.432186
-0.229740
0.142205
-0.032448
-0.394950
-0.096035
-0.035297
-0.176256
0.048909
-0.008337
-0.120121
-0.047513
-0.162408
0.299902
0.008019
0.012389
0.605387
-0.068626
-0.248652
0.356585
-0.156987
0.170127
-0.048595
0.222710
-0.238638
0.346017
0.060601
0.221517
-0.568221
0.339266
-0.142837
0.084655
0.088210
0.097385
0.295808
-0.584014
-0.096057
0.107643
0.010986
0.000297
-0.360838
0.655663
-0.522381
0.181435
0.178818
-0.144530
0.482425
-0.244156
0.141731
0.383847
-0.143557
0.026020
-0.076114
-0.288961
-0.551424
0.065578
-0.741786
0.068919
-0.285043
0.007701
0.011635
0.194140
0.307514
0.073933
0.180638
0.123279
-0.219172
-0.485652
0.189995
-0.490822
-0.280755
0.047212
0.354735
-0.161690
-0.100688
0.440552
0.198645
0.204830
0.051946
-0.163386
-0.290681
-0.246130
0.021883
-0.170762
-0.303665
0.127715
0.367173
-0.194123
0.327853
0.072510
0.408349
0.255613
-0.327561
0.260525
0.084824
0.076022
0.039572
0.334859
0.132332
0.133157
0.372159
0.061151
0.227413
0.078111
0.022585
-0.534232
0.049689
0.080461
-0.252609
-0.004599
0.087317
-0.234938
-0.076269
-0.022735
-0.007759
0.135534
-0.206423
-0.178769
-0.276709
0.335813
-0.016018
0.320477
-0.019860
-0.360794
-0.711116
0.045600
0.328326
-0.162805
-0.282438
-0.111250
0.064357
0.443753
0.266443
-0.495923
0.210458
-0.222883
0.423845
-0.117161
-0.256310
0.279075
-0.169767
0.096045
-0.196787
0.207423
-0.169021
-0.109976
-0.022525
-0.048647
0.043724
-0.296761
-0.016269
0.210318
0.714447
0.227302
0.320764
0.104856
0.156831
-0.091127
0.122429
0.072156
-0.385338
0.023844
0.036945
-0.191096
-0.151667
0.758800
0.111635
-0.174630
0.451323
-0.042727
0.296982
0.041494
-0.219715
-0.091690
0.069397
-0.049417
-0.323792
0.045670
0.629551
-0.513852
0.117651
0.023962
0.052664
-0.213476
-0.455540
0.147664
0.618053
0.199908
0.075707
0.286491
-0.558959
-0.414872
-0.342397
-0.091920
0.234977
0.233653
0.455763
0.710294
-0.261987
0.255885
-0.531988
0.003491
-0.116170
0.229874
-0.042874
0.412907
0.093406
0.231690
-0.346112
0.635973
0.003429
-0.374196
-0.114535
0.306962
0.221761
0.018477
-0.240858
0.767265
0.612780
0.107718
0.243015
-0.294013
-0.340871
-0.587339
0.285149
-0.085587
-0.005586
0.087294
-0.012002
-0.233721
-0.193795
-0.042801
-0.345574
0.141759
-0.074859
0.314676
-0.338063
0.189315
-0.155795
-0.204725
0.518058
-0.304220
-0.337310
-0.260167
0.331520
0.519485
0.369414
0.062348
0.146675
0.189588
-0.324460
-0.168820
0.024185
0.093404
-0.757864
-0.000566
0.311225
-0.332123
-0.302664
0.064456
-0.213675
0.912245
0.331378
0.208969
-0.585226
0.370095
0.359435
0.057812
-0.112526
-0.717642
0.169013
-0.340373
0.104251
-0.797479
-0.083069
0.113186
0.287267
-0.072873
0.027301
-0.094220
0.160631
-0.129001
-0.027079
-0.260187
0.244473
-0.434903
-0.356569
-0.269907
-0.046557
-0.105948
0.471370
0.104469
0.346602
-0.237134
0.556954
0.265533
-0.195184
-0.045109
-0.119230
0.185793
0.139523
0.293970
-0.199817
-0.033745
0.164380
0.413297
0.015372
-0.060834
0.345921
-0.249934
0.323848
0.092127
0.215670
0.444174
-0.134163
-0.020745
-0.045617
-0.044376
0.325212
-0.220679
-0.043206
0.038922
0.107620
-0.366800
0.565994
-0.083049
0.015495
0.336616
0.541135
0.091318
-0.248252
0.087297
0.016142
-0.018031
-0.075882
0.313390
0.043293
0.012265
0.259514
0.527995
-0.363595
-0.207810
-0.262685
-0.209810
-0.068908
0.200474
0.194212
-0.419395
0.034474
-0.374246
0.298709
0.052371
-0.200131
0.289610
-0.025100
-0.028827
-0.026353
-0.308808
0.252304
-0.548797
0.222002
0.317821
0.083113
0.119486
-0.549219
0.321644
0.622049
0.429737
-0.338841
0.018916
0.145070
0.436487
-0.273540
-0.146390
-0.195185
0.200432
-0.216219
-0.238287
-0.259776
-0.230788
0.338488
-0.176311
0.335754
-0.085309
0.128621
0.043117
-0.169577
-0.268780
0.288584
0.168226
0.254868
-0.032453
0.297068
0.138394
-0.227890
-0.390263
0.751587
0.273767
-0.052978
-0.032577
-0.200114
-0.191283
-0.632971
0.220644
0.073850
0.420981
0.304024
-0.354669
0.000648
-0.179655
-0.392971
0.281601
-0.438459
-0.092007
-0.048473
-0.109445
-0.339609
0.140126
0.387480
0.437083
-0.071428
-0.011976
0.287581
-0.381026
0.234803
0.250168
-0.139675
-0.070611
0.241108
0.267944
0.014413
0.096414
-0.173925
0.305492
-0.366332
0.241341
-0.183597
0.409376
0.472576
0.283405
0.100976
0.154149
-0.053667
-0.453952
0.503286
-0.120436
-0.211706
0.387138
-0.423893
0.005974
-0.431910
0.463028
0.517065
0.020092
-0.224470
-0.177554
0.014717
-0.305147
-0.137634
0.341477
-0.326988
-0.009049
-0.356413
0.101059
-0.041205
-0.120158
-0.188975
0.551862
0.030906
-0.179052
0.209047
-0.183676
-0.054426
0.272642
-0.188092
0.024199
0.062022
0.124659
-0.128950
0.121975
-0.018183
0.062583
0.185524
-0.140209
-0.059250
0.012876
-0.191634
0.056910
0.176410
-0.105962
-0.424824
-0.447481
-0.318773
-0.025491
0.052293
-0.320198
0.067518
-0.424620
-0.325871
0.381423
-0.211489
-0.435137
-0.070185
0.108694
-0.001247
-0.331167
0.173720
-0.687725
-0.200640
-0.287717
0.067060
0.193481
-0.452103
0.220229
-0.311875
0.344757
0.252364
0.279088
-0.253865
-0.389377
-0.131909
-0.250726
-0.513804
0.310415
-0.015389
0.043449
-0.214278
-0.625376
0.250196
-0.009082
0.058814
-0.081366
-0.495324
0.221441
0.081459
-0.451542
0.034438
0.110059
0.148135
-0.055946
-0.320254
0.022696
-0.343128
0.636045
-0.451092
0.009683
-0.119348
-0.345425
0.077672
-0.304864
0.058908
0.129610
0.140170
-0.236932
-0.157012
-0.203930
0.411686
-0.254012
0.412564
-0.022900
0.237761
0.555277
-0.337832
-0.042542
-0.064793
0.272762
0.010203
-0.015699
0.104017
-0.187316
0.139514
0.061116
-0.035641
0.413416
-0.062856
0.395537
0.304413
0.103274
0.293956
0.433839
-0.228631
0.285874
0.048535
-0.264125
0.276186
-0.286421
0.190699
-0.413725
-0.071636
-0.144784
-0.242542
-0.142180
0.025761
0.093670
-0.469036
0.338504
-0.226218
-0.243522
-0.235338
-0.045239
0.109517
-0.095087
-0.206346
0.357351
-0.406653
0.306961
0.183691
-0.155921
0.061881
-0.064073
-0.037872
-0.276550
0.066260
-0.164386
-0.043257
0.049697
-0.090832
-0.029500
0.063720
0.342196
-0.276689
0.282966
0.447858
-0.291778
0.018043
0.033005
-0.392423
-0.346620
0.317095
-0.103235
0.038408
-0.053407
0.135851
-0.560370
-0.048775
0.302185
0.112797
-0.437817
0.156786
-0.353571
0.112686
-0.162567
0.474433
0.013064
-0.122397
0.242352
-0.199943
-0.427560
-0.038047
-0.100189
0.216793
-0.139959
-0.232775
-0.245022
-0.004667
-0.070355
-0.104595
0.145389
-0.013792
0.166185
0.071016
-0.126205
0.253310
0.460122
-0.258664
0.364895
0.279575
-0.411020
0.088834
0.030415
0.555212
-0.422564
-0.502676
-0.032001
-0.135369
-0.105049
-0.136654
-0.047346
-0.259589
0.036083
-0.060586
-0.152466
-0.092307
0.244576
-0.598818
0.135366
-0.523493
0.203860
0.135716
0.161226
-0.072704
-0.117105
-0.115183
-0.587443
0.236790
-0.178776
0.737888
0.020853
-0.101455
0.159603
0.155198
-0.481480
0.201421
0.453057
0.389516
0.588587
0.052720
-0.003293
0.290725
0.127346
-0.127589
0.251147
-0.171733
-0.242824
-0.345716
0.066750
-0.330118
-0.028823
0.081295
-0.198643
-0.064537
0.181455
-0.323899
-0.183723
-0.157427
-0.308683
0.408540
-0.358123
-0.188426
-0.609588
-0.140637
-0.220803
-0.099254
-0.157868
-0.006539
0.200401
-0.192535
0.119736
0.210674
-0.175841
-0.207022
0.219943
0.231211
-0.277584
0.216527
0.109650
0.136152
-0.157516
0.076984
-0.040182
0.125185
0.594851
-0.150267
-0.217170
0.405085
-0.037660
0.293919
-0.347683
-0.174489
-0.019577
-0.246227
-0.001005
-0.233264
0.162358
-0.838072
-0.241731
0.232676
0.202594
-0.120765
-0.059831
0.484177
0.318942
0.739986
0.136790
0.638052
0.207764
-0.240734
0.009752
0.128043
0.087478
0.157987
0.097039
-0.284223
-0.058175
-0.211109
0.130353
-0.031237
-0.234959
0.090965
-0.444341
-0.516027
-0.071909
0.226540
0.265814
-0.258947
-0.256985
0.156076
-0.062642
-0.538243
-0.644201
0.131649
-0.275526
0.380194
0.181817
-0.254657
-0.408966
0.064753
0.362300
-0.300158
-0.380765
-0.169272
0.082118
-0.065621
0.045049
0.187958
0.059909
0.127930
0.125731
0.078101
0.401752
0.143128
0.074268
0.368868
-0.349231
-0.204025
-0.245485
0.030035
-0.328541
-0.086435
-0.007648
0.168694
-0.052734
0.655259
-0.130342
0.274701
0.131293
0.324462
-0.363296
-0.272585
0.436543
-0.326396
-0.152407
-0.001621
-0.164958
-0.010497
-0.270313
0.705666
-0.221877
-0.046027
-0.186350
-0.363140
-0.040854
-0.533139
0.371959
-0.154223
0.026619
0.102169
-0.376812
-0.193511
0.030015
-0.356676
-0.395161
-0.153523
0.237613
-0.143630
-0.020568
0.014806
0.353819
0.217777
-0.419757
-0.208600
0.361529
-0.258883
0.128790
-0.336572
0.013716
0.033601
-0.163879
0.151219
-0.130398
0.329830
-0.210001
-0.503524
-0.073171
-0.048721
-0.121112
-0.010552
-0.142348
-0.083278
0.288251
-0.175039
-0.195045
-0.320861
-0.457415
0.335817
-0.354711
0.111861
0.563127
-0.057900
0.234225
0.059136
0.302554
-0.082846
-0.228570
0.033125
0.324072
0.029789
0.059529
0.075963
-0.541658
-0.249926
0.025812
-0.268169
-0.169010
-0.241911
0.258882
-0.005915
-0.161873
-0.219587
0.752084
-0.136482
-0.054671
0.082980
0.657579
-0.240145
-0.499407
-0.067481
0.331963
-0.766095
0.020252
-0.343650
0.091913
0.399238
-0.040760
-0.020367
0.231969
-0.249519
-0.349080
-0.113589
0.210262
0.021935
0.308050
-0.331914
0.188961
0.012528
-0.171341
0.105595
-0.277971
0.218246
-0.379421
0.009841
0.313875
0.187395
-0.486056
0.367943
0.229266
0.116703
0.269563
-0.392673
-0.031094
-0.516177
-0.305919
0.272890
-0.023211
-0.240483
-0.249325
-0.492612
0.114617
0.462858
0.053900
0.062701
0.189285
0.230924
-0.209405
0.204148
0.514109
0.079600
0.086860
-0.258512
0.238662
0.084330
-0.043564
0.025889
-0.088080
-0.194538
0.229330
-0.181011
-0.014732
0.101564
-0.005704
0.286435
-0.001361
-0.310314
-0.021425
0.201753
0.181708
0.112102
0.083638
-0.675921
-0.315328
-0.441400
0.314802
-0.356666
-0.234300
0.477970
0.004746
0.416991
0.036209
-0.359306
-0.077216
0.330922
0.378221
0.472823
0.036376
-0.592612
0.497029
-0.020779
-0.247650
0.083705
0.541812
0.010838
-0.013847
-0.018580
0.045281
-0.118279
0.175379
0.071306
-0.216701
0.088457
0.182365
0.281296
0.097203
-0.283148
0.077359
0.408798
-0.307764
0.183183
-0.277525
-0.234880
-0.462375
-0.417519
0.098618
0.180591
0.060947
0.594803
-0.294977
0.267047
0.078238
0.314669
0.002032
0.622593
0.734217
-0.103305
0.213643
0.153174
0.191385
0.142962
0.773526
-0.330170
-0.324557
-0.221077
0.252281
0.334882
0.056769
0.151987
-0.505178
0.633031
-0.033215
-0.100171
0.625559
-0.166345
0.275532
0.303436
-0.245144
-0.267600
0.333275
0.136124
0.064137
0.423544
0.099576
-0.340445
-0.252492
-0.132765
0.474875
-0.165542
-0.306434
0.099363
-0.305139
-0.633466
-0.333021
-0.127213
-0.046118
-0.027832
-0.707937
0.351610
0.142609
0.376274
0.448161
-0.407491
-0.241623
0.090186
0.295290
0.258367
0.057197
-0.589640
0.019038
0.026498
-0.192646
-0.183000
0.730932
-0.013385
-0.105231
0.603524
0.121775
-0.110971
-0.280830
0.523631
0.460639
0.271268
0.124018
0.025628
0.348332
-0.262231
-0.377276
-0.428338
0.048707
-0.343040
-0.298881
-0.280383
-0.457584
-0.205023
0.157912
0.104078
0.045675
0.546284
0.091926
-0.519087
0.472207
0.244612
-0.196201
0.405050
-0.286527
0.108284
0.502415
-0.400074
0.253781
-0.135847
0.078516
-0.290304
0.842567
0.220590
-0.111442
0.278179
0.739996
0.030627
0.137504
-0.078472
0.051352
-0.142771
0.414398
-0.227068
-0.056275
-0.319461
-0.471224
-0.608082
-0.510841
-0.429270
-0.063340
-0.552241
-0.772573
-0.666256
-0.799642
-0.686292
-0.561887
-0.706545
-0.625981
-0.720335
-0.900094
-0.091315
-0.388541
0.021287
-0.570525
0.439086
0.496128
0.227435
-0.158802
0.421867
-0.091527
0.248377
0.596323
0.652427
0.449354
0.367073
0.806559
0.525247
1.107777
0.609960
0.004769
0.601342
1.148232
0.692822
0.600461
0.708983
0.530040
0.223307
0.922633
0.261111
0.152196
0.037448
0.471277
-0.091981
-0.139592
-0.539490
-0.147062
-0.372166
-0.468074
-0.101815
-0.470953
-0.540744
-0.334525
-0.657234
-0.016361
-0.420986
-0.456274
-0.450295
-0.289116
-0.736114
0.170492
-0.134619
-0.087415
-0.292761
0.153782
-0.011373
-0.564487
-0.478563
0.077171
0.158121
0.145223
0.580061
-0.597179
0.017792
0.133157
0.119245
0.461441
-0.182267
0.167725
0.501897
0.410194
0.747600
0.706750
0.153866
-0.144346
-0.163707
-0.513266
0.119268
0.133654
-0.303169
-0.223856
-0.331371
-0.207936
-0.094727
0.017014
0.343287
-0.108146
0.396141
-0.331101
-0.300319
0.587921
-0.108399
0.400476
0.039922
0.283508
-0.048172
-0.129977
0.219584
-0.292818
0.138331
0.137687
-0.138051
-0.119693
0.161914
0.037436
0.263893
-0.017402
0.030749
0.198345
-0.398794
0.062369
0.055164
0.311835
0.123356
-0.563904
0.387992
-0.443844
0.226522
-0.175182
-0.417150
0.072325
-0.090450
0.208715
-0.122199
-0.427957
0.372979
-0.222026
-0.033170
0.386259
-0.506137
-0.282899
0.517442
-0.059696
-0.112395
0.166941
-0.162434
0.257140
0.120979
0.442230
-0.093227
-0.063499
0.150860
-0.378800
-0.318717
0.010336
-0.630744
-0.006483
-0.329717
-0.268384
-0.071487
0.105939
-0.032306
0.002029
-0.191054
-0.198144
0.080176
-0.237661
-0.168936
-0.136282
0.970765
-0.183386
0.104022
-0.066948
-0.728730
0.380322
-0.492855
0.403501
0.163500
0.084146
0.623232
-0.204153
0.020799
0.251892
0.335145
-0.206042
-0.033085
-0.130818
0.290127
-0.177742
-0.201993
-0.280476
0.084490
0.093316
-0.164769
-0.434997
0.223689
-0.261389
-0.873632
0.091249
-0.174268
-0.022222
-0.351134
0.054706
0.326790
0.272012
0.019611
0.033584
0.293755
0.295308
-0.104813
-0.158856
0.449410
-0.252576
0.175830
-0.115570
0.327657
0.123291
0.082438
-0.271936
-0.422888
-0.464711
0.043929
0.171309
0.204434
0.301300
-0.363841
-0.045732
-0.122509
-0.363009
-0.024664
-0.143025
-0.416327
-0.180363
0.419755
0.441641
0.335119
0.326601
-0.275549
0.090901
-0.036246
0.082707
0.229149
0.009249
0.559156
0.154860
0.475470
-0.267127
-0.392695
0.166923
0.221679
0.187399
-0.062560
-0.077754
0.152520
0.220592
0.454692
0.016463
-0.350417
-0.286952
-0.293902
-0.164961
0.012672
0.099812
-0.090435
0.336672
0.173923
0.152153
0.612280
0.040058
-0.091157
-0.276330
-0.078840
0.252893
-0.137744
0.170068
0.012322
0.065803
-0.125426
-0.453113
-0.047898
0.086215
-0.148924
0.044410
0.098022
-0.352776
-0.196977
0.028157
0.055603
-0.186323
0.465586
-0.234128
-0.359979
0.212716
-0.211825
0.078579
-0.265634
-0.198379
0.246236
0.442729
0.010879
0.107711
-0.066042
0.225596
-0.009159
-0.252886
0.209278
-0.213601
-0.406465
-0.001241
0.469648
0.202050
0.000821
0.077288
0.574762
-0.314438
-0.164359
-0.384162
-0.074498
-0.219806
-0.920215
0.203990
-0.148752
-0.071554
0.254239
-0.361679
-0.195700
0.124927
-0.001926
0.530802
0.182601
0.178573
-0.184974
-0.483219
-0.732195
0.240280
-0.113653
-0.017776
-0.569832
0.436791
-0.231892
0.240054
0.404451
-0.037968
-0.251103
0.315327
0.006825
-0.574120
-0.411108
0.060590
-0.018525
-0.221968
0.652590
-0.216046
0.048331
-0.188954
-0.294243
0.166094
0.293453
0.213645
-0.258906
0.123643
0.133716
0.329438
-0.039141
-0.087942
0.414366
0.038443
0.184231
-0.210473
0.435454
0.108911
0.014762
-0.218220
-0.006397
-0.099136
-0.164822
0.164041
-0.193405
0.398201
-0.040302
-0.006931
-0.283481
-0.189411
0.025831
-0.253043
-0.050359
-0.135101
0.380949
0.410059
0.168904
-0.140024
-0.144840
-0.263885
-0.153902
-0.088280
0.277489
-0.198428
0.278039
0.641127
-0.313010
-0.207092
0.563520
-0.138973
-0.418056
0.061204
-0.706607
-0.178164
0.022681
-0.020504
-0.009973
-0.008194
-0.134783
-0.231943
-0.067188
0.070720
0.318967
0.047978
-0.672599
-0.637674
0.101223
0.389045
0.073607
-0.117269
0.342802
-0.357887
-0.106840
-0.255263
0.020391
-0.110497
-0.021953
0.128977
0.258550
0.083684
-0.018229
0.355960
-0.312230
0.735101
-0.008777
0.038764
-0.302372
0.623346
0.330757
-0.049269
-0.549238
0.681657
0.571882
-0.240981
-0.175263
-0.292231
-0.714024
-0.265608
0.404959
0.286052
0.462913
0.282741
-0.366000
0.363957
0.528841
0.546856
0.182928
0.098053
-0.372631
0.262024
0.060856
0.092849
0.203502
0.113056
-0.233875
0.265080
0.141478
0.193710
-0.098453
0.285296
-0.026685
-0.404286
-0.465111
-0.016027
0.293470
0.131143
0.052523
-0.525232
-0.306912
-0.073504
-0.213497
0.213127
-0.170304
-0.470899
0.086645
0.253673
0.251208
0.047963
-0.002214
0.019721
0.250315
0.176893
-0.317592
-0.077768
0.461023
-0.537457
-0.008379
0.153120
-0.285567
0.069714
-0.052968
-0.348241
0.140755
-0.002646
-0.054957
0.191974
-0.456570
-0.132411
0.094122
-0.118722
-0.321021
-0.616114
-0.236075
0.148384
0.106653
0.508532
-0.187957
-0.048618
0.121333
-0.220970
0.109802
-0.011945
-0.175593
-0.141574
0.035355
-0.282258
0.229050
0.327320
-0.294535
-0.286603
0.507644
-0.055619
-0.012773
0.384213
0.067256
-0.270607
-0.215373
0.204352
0.289061
0.112742
0.256687
-0.154329
-0.207223
0.153702
0.305092
0.066575
-0.380699
0.367188
-0.222877
-0.183403
-0.143728
-0.434832
-0.266859
-0.126422
0.033611
-0.098642
0.520673
0.040811
0.335440
-0.277072
0.174313
-0.076090
0.508774
0.160448
0.187634
0.247958
0.173191
-0.130703
0.174337
-0.032601
0.178702
-0.407676
0.254373
-0.001917
0.211376
0.100758
0.853964
-0.201393
-0.429414
-0.474868
-0.141427
-0.169908
-0.123743
0.134051
0.088275
0.336314
-0.406058
0.228465
0.517920
0.230537
-0.351772
-0.159376
-0.359549
0.237785
0.029811
-0.039407
0.077474
-0.043581
0.050239
-0.104138
-0.177800
0.334584
0.261710
0.014529
0.140954
-0.254466
0.056506
0.451553
-0.123786
-0.247841
-0.387674
0.016928
0.020585
0.054922
0.529021
-0.407460
0.015334
-0.044273
-0.059357
-0.028546
-0.462310
-0.213132
0.227889
-0.198185
-0.318326
0.192580
0.447204
-0.575162
0.497251
0.138567
-0.331391
-0.194615
-0.044457
-0.051379
0.205403
-0.381339
-0.052912
-0.169147
0.240102
0.335127
0.209610
-0.197028
0.436100
0.097472
0.588429
0.052310
0.067662
-0.159872
0.479557
-0.174858
0.326041
0.331012
0.279214
0.215744
0.073678
-0.240864
0.313445
0.342969
0.020122
-0.090514
-0.266618
0.031194
-0.240511
-0.541460
-0.029412
-0.489375
-0.487213
0.144831
-0.309443
-0.397570
0.382822
-0.129672
-0.105456
0.174337
-0.350832
-0.043389
0.157362
0.028422
-0.076645
-0.558593
-0.207651
0.014687
-0.084726
0.274711
0.097565
-0.433514
0.183573
0.192811
0.337510
0.093161
-0.243919
-0.030101
0.259453
0.330122
0.334802
0.065278
0.501208
-0.356081
0.365113
-0.860846
0.092291
0.358998
0.090005
0.075344
-0.538113
0.097085
-0.306973
0.454103
0.261084
0.194000
0.250320
-0.211818
-0.091280
0.071619
-0.381790
-0.455863
-0.335550
-0.403380
-0.003488
-0.116584
0.291305
-0.172571
0.074569
0.257109
-0.023907
-0.347056
0.564878
0.110374
-0.194045
-0.876987
0.163490
-0.126577
-0.063417
-0.314375
-0.282262
0.251653
-0.033433
-0.028935
-0.016398
-0.190537
-0.193356
0.599139
0.167480
-0.355028
-0.054640
-0.303364
-0.113752
-0.249108
0.569232
-0.156198
0.180245
0.080375
0.223218
-0.053996
0.332927
0.283582
-0.436266
-0.156465
-0.251577
0.712647
-0.008691
0.585603
0.012091
-0.138511
-0.126279
-0.073933
-0.094327
0.402176
0.314439
0.131677
0.572157
0.324981
0.054717
-0.445610
0.440345
-0.242298
0.431276
-0.407039
0.217499
-0.302889
-0.275144
-0.121836
-0.329227
0.088554
0.113631
-0.175782
0.417863
-0.312245
0.131474
-0.361517
0.154866
-0.127193
0.051143
0.278955
-0.110890
0.225449
-0.026939
0.022590
0.090345
0.100704
0.006614
-0.202470
-0.476186
-0.121397
-0.252001
0.588270
0.004188
-0.328823
0.395179
0.009072
-0.327342
-0.112692
-0.221448
-0.286573
-0.028195
-0.210439
0.097164
-0.581600
0.170111
-0.367246
0.161357
0.089401
0.013990
0.040652
0.073428
0.219455
-0.445858
0.191796
0.046135
0.333904
-0.165218
-0.058747
0.517935
0.273586
0.755240
-0.380635
0.178623
0.230307
0.490640
-0.170712
0.091238
0.104989
0.603120
-0.083973
0.314296
-0.250391
0.056108
-0.629632
-0.319661
0.094956
0.126744
0.381547
-0.029349
0.222152
0.033007
-0.293057
-0.255029
-0.343266
0.179914
0.411604
0.398149
0.522339
0.165674
0.004082
-0.363656
0.667019
0.027857
-0.201966
-0.247324
0.440893
-0.082244
0.094027
0.484291
-0.015529
-0.364345
0.167274
-0.141661
0.142124
-0.621943
0.088918
-0.322587
0.304834
0.119858
0.332101
-0.334873
0.513124
0.298766
0.020708
-0.478888
-0.153267
-0.425333
-0.148166
-0.380055
0.077124
-0.153313
-0.205330
0.156031
0.096506
-0.027424
-0.326618
-0.031482
-0.166566
0.529201
0.411242
0.417152
0.285118
-0.210147
0.186015
-0.566943
-0.304499
-0.096189
0.221967
-0.283730
-0.231796
-0.070543
-0.652771
-0.020270
0.138245
-0.163468
-0.188886
-0.063143
0.296199
-0.067344
0.005575
0.369255
0.133943
-0.188984
-0.188560
-0.325195
0.487281
0.237596
0.121495
-0.379300
-0.082801
0.209214
0.171687
-0.018825
0.305351
0.138594
-0.178437
0.409477
0.012295
-0.353554
-0.087187
-0.301712
0.350212
0.271948
0.248502
0.219784
-0.056851
0.500644
0.010434
0.297492
-0.168616
0.059630
0.299130
0.118823
0.205785
0.171564
0.400504
0.007620
0.578821
-0.298715
-0.360980
-0.236690
0.339623
-0.601046
-0.125035
0.206542
-0.582328
-0.637663
-0.287094
0.430997
-0.052694
0.371693
0.656314
-0.323540
0.288484
-0.091303
0.353312
0.192477
0.319407
0.270402
-0.067470
0.192338
-0.038736
0.064346
-0.077401
-0.273171
-0.045085
-0.363604
-0.027843
-0.309087
0.054079
0.024030
0.695107
0.111148
0.492769
0.158161
-0.085033
-0.035120
0.127167
-0.069531
-0.330943
-0.279021
0.101484
0.654372
0.228867
0.039118
0.026882
0.186869
-0.108875
-0.200979
-0.051852
-0.086327
0.150811
-0.353862
-0.088466
-0.225408
0.038415
-0.111165
0.020890
0.284698
0.145015
-0.633450
0.046717
-0.424816
-0.012721
0.315685
-0.299215
0.298502
-0.129403
0.387659
-0.159291
-0.544795
-0.138566
0.061385
-0.521162
-0.344539
0.292427
0.060606
-0.088714
-0.042284
-0.452351
0.162107
0.411625
0.089081
-0.038428
-0.175403
-0.077815
-0.206451
-0.103850
-0.068570
0.056726
-0.131072
0.278901
-0.189605
0.081911
0.179513
-0.095028
0.037836
-0.134457
-0.464924
0.044881
-0.183167
-0.422827
-0.144863
-0.066491
0.427096
-0.030103
0.149203
-0.625302
-0.052475
-0.067635
-0.083254
-0.243434
0.052114
-0.054789
-0.436021
-0.395943
0.044151
0.681499
-0.450005
0.526930
-0.444562
-0.099274
0.325097
-0.036452
0.231273
-0.485612
-0.532609
0.175643
-0.649533
-0.145430
0.057728
-0.101003
-0.245786
-0.253617
0.193654
-0.135164
-0.168701
-0.334454
0.062379
0.300939
0.017041
-0.135528
-0.707025
-0.168594
-0.021238
0.085097
0.114939
0.310350
0.156183
-0.131729
-0.354237
0.660365
0.103560
-0.488544
0.127087
-0.359012
-0.031313
0.377374
0.708999
0.226110
-0.039218
0.233653
0.383545
-0.028021
-0.327938
-0.010061
-0.007509
0.394816
-0.547619
0.064047
-0.402925
0.395322
0.130556
0.235540
0.253344
0.239720
-0.374503
0.170973
0.008692
-0.170268
0.352637
0.019915
-0.250885
0.098559
-0.247550
-0.094875
-0.039910
0.070644
-0.263020
0.065855
-0.067621
0.449350
0.342785
0.191600
0.212983
0.527559
-0.192213
-0.034300
-0.084842
-0.140525
0.782755
-0.045928
0.097680
0.048615
0.542640
-0.160245
0.039986
0.052188
0.090415
0.046021
-0.141425
-0.277187
-0.454537
0.110254
-0.304729
0.133248
0.298948
-0.297137
0.602589
0.076246
-0.021356
0.055739
-0.116074
0.247556
-0.209550
0.039443
0.009006
-0.393757
0.351039
-0.214911
0.126254
0.177277
0.129198
0.363852
-0.449034
-0.055933
0.428169
0.229606
-0.001691
-0.624298
-0.302795
0.078759
-0.600647
0.060723
0.095200
-0.216993
0.164964
-0.164093
-0.104765
-0.501258
0.560107
-0.107252
0.358472
-0.371273
-0.053639
0.070703
0.373960
0.287953
-0.077220
0.042128
-0.727633
0.312141
0.000006
0.388256
0.010252
0.007798
-0.132272
-0.141740
-0.217920
0.050459
-0.248006
-0.135708
-0.687014
0.059093
-0.134880
0.227610
0.101348
-0.386718
0.046916
0.450486
0.650819
0.076565
0.559999
-0.050661
0.005479
-0.070493
-0.209914
0.507448
-0.245911
0.110059
0.495561
0.278278
0.018195
-0.172897
-0.063954
-0.123105
0.282286
-0.349359
-0.173774
0.005629
0.244053
-0.098286
0.662027
-0.000686
-0.039695
-0.167548
0.248234
0.108265
-0.413397
0.535279
0.076187
0.187318
0.051679
-0.111500
-0.052931
0.368380
0.289540
0.201221
-0.040140
-0.060658
-0.082294
0.211793
0.210220
0.367614
0.444082
0.528559
-0.128140
0.527371
0.080798
-0.392520
-0.076409
0.214131
-0.153289
0.259294
-0.041493
-0.220546
0.016707
0.236060
-0.079436
0.315545
0.051681
0.472524
0.120382
-0.018703
-0.276591
-0.111554
0.309340
-0.066634
0.225172
-0.086578
-0.002905
-0.168261
-0.357199
-0.238646
-0.064751
0.327867
0.357576
-0.436572
-0.242684
-0.110411
0.004717
-0.071221
0.271639
0.035225
-0.078694
0.216197
0.009410
0.099720
0.455831
-0.612985
0.019391
0.003538
0.131440
0.216396
0.008701
0.437881
0.174126
0.317140
-0.110303
-0.097523
-0.209249
-0.286402
-0.259527
-0.084321
-0.544305
-0.301074
-0.256392
-0.072469
0.449591
0.296775
-0.241520
-0.675906
-0.803469
0.113846
-0.258346
-0.089713
-0.172595
0.016153
0.033765
0.202339
-0.203087
0.333418
-0.002938
-0.332546
-0.289054
-0.266315
-0.361955
0.259500
0.202212
0.825656
0.254422
-0.002811
0.305917
-0.719069
0.078289
-0.341886
-0.087582
-0.069363
-0.307179
-0.261631
0.269536
-0.115418
-0.315356
0.024174
0.355739
0.147152
0.309187
0.274142
-0.028448
-0.434646
0.001066
-0.210582
0.242936
-0.099242
0.086122
0.025138
0.175535
0.204129
-0.277214
-0.186802
0.357877
-0.127795
-0.631143
-0.766748
-0.054009
-0.135829
-0.449656
-0.052562
-0.120585
0.119799
-0.167159
0.163154
-0.429726
0.032117
-0.085903
-0.015407
0.168237
-0.316385
0.310327
-0.153432
-0.045811
-0.227558
-0.305217
0.148310
0.312829
0.718895
0.049887
0.046834
0.025742
0.266453
0.183328
0.420000
-0.221231
0.091102
0.104837
-0.025722
-0.167012
-0.190283
0.778848
-0.304681
0.316943
-0.127839
0.064972
-0.181550
0.002734
0.078779
-0.304249
-0.121699
-0.472188
0.149950
0.091773
0.180480
0.187805
0.422701
-0.294225
0.340924
-0.187271
0.142050
-0.063744
0.034011
0.081920
-0.553702
-0.152673
0.124948
0.090657
0.090471
0.297147
-0.137304
0.177382
-0.649668
0.151179
0.016899
0.271138
0.166353
-0.093460
-0.098561
0.338265
0.530739
0.004024
-0.195965
0.209894
-0.374327
-0.198054
0.272691
-0.031407
0.033020
0.072953
0.453240
-0.089036
-0.208883
0.161401
-0.166147
0.121694
0.309277
-0.434022
-0.072909
-0.383146
-0.278283
0.153816
0.069755
0.066109
-0.118254
-0.327710
-0.343602
-0.035907
-0.165370
0.418231
0.147505
0.096169
-0.599240
-0.045728
0.053856
-0.248525
-0.162065
-0.172003
-0.268181
-0.086248
-0.231387
0.935732
0.353799
-0.192806
-0.207718
0.352568
-0.189225
-0.111330
-0.474808
0.473274
0.530964
-0.106427
0.217606
-0.271052
0.109207
-0.446862
-0.062100
0.166779
-0.406246
0.053984
-0.167275
0.017676
0.637274
-0.615029
0.079399
0.575707
-0.338485
0.263925
-0.137309
0.089678
-0.346544
0.111011
-0.245747
0.355164
-0.109642
0.043571
0.002509
0.127645
-0.200667
-0.335667
0.033094
-0.085634
-0.002964
-0.121730
-0.225306
0.219623
-0.452653
0.242325
0.013772
-0.136484
0.360829
-0.170968
0.240184
0.451278
-0.267061
0.360002
-0.108601
0.268400
0.359845
0.015873
0.038089
0.214025
-0.333895
-0.078321
0.405581
-0.064568
-0.528394
-0.019217
-0.314792
0.079607
-0.006550
0.369794
0.035079
0.103620
-0.403731
0.322913
-0.104048
0.298168
-0.126866
-0.313967
0.350512
-0.226772
0.378737
0.101265
-0.112661
0.095999
-0.050293
-0.511061
-0.146652
0.156283
-0.164166
0.509671
0.100111
-0.072056
0.345521
0.293646
0.177782
0.065560
0.430395
0.252536
-0.125035
-0.447068
-0.038586
0.341522
0.146891
0.364794
0.022717
-0.314760
-0.165809
-0.243595
0.029987
-0.391252
0.109655
-0.103499
-0.054876
0.047871
-0.233997
-0.446418
-0.295073
0.296162
0.446286
0.132174
-0.053336
0.034054
0.129689
-0.518532
-0.023821
0.330272
-0.022083
-0.478587
-0.750175
0.489822
0.189392
-0.359935
-0.351190
0.103949
-0.027205
0.220661
0.253939
0.469651
-0.091434
0.193668
-0.062039
-0.269006
0.539892
-0.037531
-0.027282
-0.055180
-0.153062
0.059365
-0.318863
-0.136338
-0.146028
-0.088948
-0.192079
-0.264922
-0.075565
-0.273054
-0.199332
0.441636
0.144347
0.343219
0.055723
0.216314
0.068152
-0.242877
-0.315758
-0.095403
0.021539
0.054811
0.007518
0.009379
-0.142381
-0.066503
-0.133516
-0.079694
0.048953
-0.480420
0.410274
-0.286956
0.317939
0.144025
-0.594853
-0.028175
0.500640
-0.156654
0.077546
-0.142430
-0.214307
0.064613
0.643351
0.367716
-0.023280
-0.147527
-0.087293
-0.024783
-0.184772
-0.042638
0.063787
0.172136
-0.514816
-0.092882
-0.266901
-0.108813
-0.238127
-0.283845
0.046984
0.277922
-0.453208
0.171705
-0.031290
-0.559100
0.198251
0.311990
0.268578
-0.043649
-0.314741
0.167066
0.054917
-0.314512
-0.016238
0.217312
-0.169477
-0.134412
-0.061649
-0.273072
-0.090417
-0.054383
-0.071646
0.506598
-0.248006
-0.036166
0.095461
0.206537
-0.032929
0.270468
0.343953
-0.144349
-0.587529
0.403204
0.330863
0.179365
-0.189790
0.393207
0.103972
0.273199
-0.558973
0.017892
-0.505822
-0.076833
0.377087
-0.131514
0.275413
-0.017906
0.294408
0.254829
-0.062750
0.134970
0.109633
0.411416
-0.268859
-0.115806
0.079929
-0.058515
0.389372
-0.099948
-0.059525
0.552754
0.224940
0.057521
-0.214973
-0.885204
-0.042226
-0.153664
0.334484
0.231299
-0.236020
0.045794
0.101135
0.183895
0.336543
-0.188993
-0.135875
0.087367
-0.147661
-0.140752
-0.179177
0.148084
-0.334748
0.348744
0.334285
0.371327
0.233105
-0.353422
-0.090980
0.582104
0.021564
-0.020897
-0.049064
0.145977
-0.062342
0.111505
0.012336
0.675357
-0.255571
-0.270534
0.667376
0.073740
-0.164844
0.133110
0.085322
0.565750
-0.177367
0.557132
0.035073
0.226650
0.047546
0.208472
-0.274585
-0.285625
0.041785
0.206369
-0.065555
-0.187580
0.488378
-0.180885
-0.211946
-0.077806
0.319120
-0.512273
-0.332091
-0.058846
0.022415
0.047706
-0.320820
0.014589
-0.036401
0.319289
-0.111632
-0.124147
-0.261358
-0.295581
-0.003876
0.522186
-0.135168
0.301287
-0.158107
0.186519
-0.410258
0.381749
-0.149867
-0.291988
0.019631
0.247560
-0.036088
0.218458
-0.868020
-0.446782
0.153758
-0.192974
-0.090213
0.001454
0.176027
0.030892
-0.202362
0.279493
-0.640676
-0.258809
0.108123
0.254263
0.070263
0.178016
0.365955
0.220816
-0.156687
-0.125168
0.311581
-0.615511
0.315386
0.690809
-0.171677
-0.266689
0.225989
-0.096493
0.266406
-0.035399
0.186980
-0.155630
0.091719
0.071633
-0.044282
-0.443336
0.271291
-0.427413
0.483020
-0.363150
-0.068778
0.314411
0.169260
0.054043
-0.019104
0.068241
0.015361
-0.685232
0.117014
0.099636
0.593546
-0.111259
0.059722
0.111727
0.083838
-0.268588
0.040352
-0.272665
0.533132
-0.378466
-0.411129
-0.289123
-0.276806
0.517986
-0.473112
-0.380288
0.140643
0.283817
0.134928
0.172205
0.384301
0.323159
0.647317
-0.103932
0.220288
-0.203169
0.094706
-0.215849
0.162940
-0.536899
-0.375513
0.015116
0.237289
0.277422
0.120830
0.294245
0.374419
0.452625
-0.080102
0.042734
-0.229816
0.032126
0.155615
0.263253
0.004340
-0.005257
0.151413
0.115506
-0.367425
-0.286108
-0.068896
0.141009
0.069167
-0.321779
0.105347
-0.130233
0.034936
0.085240
0.064500
-0.177047
0.036004
-0.069589
-0.486844
-0.153195
0.144363
0.325361
-0.550407
0.305419
-0.050200
0.500833
0.226725
0.431816
0.050162
-0.273359
-0.128708
-0.288427
-0.075233
-0.645669
0.401512
-0.664628
-0.259488
0.010504
-0.003500
0.027505
0.030603
-0.158928
0.208063
-0.317926
0.137966
0.018445
0.266867
-0.442562
0.042135
0.465379
0.291410
-0.291510
0.282771
-0.208925
-0.254817
0.077907
0.038881
-0.439035
-0.047967
-0.135134
-0.195183
-0.754018
0.244987
-0.208572
-0.233996
0.518200
-0.143305
0.241124
-0.073155
0.112813
0.003718
-0.299201
-0.225844
0.402533
0.109811
-0.084866
0.109745
-0.228276
0.393889
-0.185754
0.064471
-0.118459
0.365426
-0.609530
-0.492848
0.114046
0.033704
-0.236553
0.195565
0.197857
-0.018835
-0.093913
0.261222
0.520841
-0.449659
-0.027348
-0.509493
-0.235126
-0.036867
0.129535
-0.008231
0.278409
0.196552
0.393348
-0.122209
0.095289
-0.146076
-0.144528
-0.032751
0.077954
-0.288602
-0.203198
-0.169785
-0.310730
-0.521008
-0.458265
0.110202
0.344182
0.171131
-0.058742
-0.330222
-0.361930
-0.283084
-0.633781
0.190121
0.333582
-0.278041
-0.578820
-0.148299
-0.397803
0.446410
0.364662
0.082332
-0.009522
-0.444954
0.427313
-0.187615
-0.237944
0.501962
0.135297
-0.097401
-0.145799
-0.339285
-0.070480
-0.556084
-0.148060
-0.404576
0.350611
-0.422993
-0.104354
0.475842
0.040955
-0.179468
-0.125572
-0.198489
-0.075458
0.287520
0.079591
-0.289824
0.152023
-0.063629
0.082879
-0.220787
0.087691
-0.145970
0.020574
-0.054068
0.006239
0.394896
0.013335
0.072989
0.085159
0.276063
-0.412133
-0.431505
-0.592163
-0.335399
-0.182218
-0.152473
-0.126795
0.369637
-0.042226
0.293546
0.107012
0.201972
-0.341892
0.077300
0.191413
0.391312
-0.012855
0.053035
-0.733615
-0.448216
0.046556
-0.375944
-0.291737
0.262663
-0.420063
0.392904
0.008610
0.194882
-0.075139
0.654456
0.023355
0.043164
0.219903
0.044199
0.081790
0.032204
-0.090508
-0.220096
0.265480
-0.379965
0.346145
0.291910
0.168347
0.074105
0.013529
-0.294291
0.001621
-0.667280
0.492787
-0.062376
0.411095
0.064460
0.452981
0.334152
0.363330
-0.217879
-0.227291
-0.138900
0.219521
-0.036307
-0.234079
0.128172
0.162587
-0.010617
-0.162281
0.512555
0.189675
0.230090
0.025585
0.178108
-0.497875
0.158220
0.311114
-0.630757
-0.009709
0.584417
-0.265749
0.086405
-0.720936
0.142242
-0.037225
-0.303578
-0.247589
-0.252862
0.680927
0.284943
0.121839
-0.010663
-0.144201
-0.329639
-0.476669
-0.233411
0.185672
-0.031898
0.464071
-0.368617
-0.294226
-0.069189
0.258605
-0.400258
-0.278191
0.036378
0.293018
0.466190
-0.067305
0.392983
-0.327586
0.016175
-0.312440
-0.047294
0.070461
0.331019
-0.039731
-0.416407
-0.248525
0.067777
-0.369535
0.062874
-0.137487
-0.089872
-0.124131
0.035016
0.329282
-0.606150
-0.142560
0.093879
0.052106
-0.516996
0.185798
-0.133908
0.085541
0.217846
0.279525
-0.144592
0.195852
-0.087043
0.352734
-0.294059
0.033818
-0.170318
-0.013838
0.059649
0.064622
0.180559
0.217203
0.603884
-0.300419
-0.220522
0.326652
-0.143642
-0.019546
-0.106204
0.014405
-0.026318
-0.096470
-0.029538
0.000991
0.252771
0.078947
0.186765
-0.067317
-0.150660
-0.033325
0.369217
0.030353
-0.063768
0.181649
0.161866
-0.143655
-0.285682
-0.153029
-0.307302
-0.099294
0.105775
0.073890
-0.340296
-0.658564
0.127044
-0.362155
-0.122986
-0.555029
-0.066919
0.365302
-0.203731
0.102195
-0.070551
-0.708522
0.174510
-0.076044
-0.060066
-0.395980
0.193913
-0.759754
0.164394
-0.006123
0.018769
-0.281842
-0.477408
-0.448422
0.178916
0.626345
-0.179686
-0.147678
0.161356
0.475200
0.261918
-0.176888
-0.580340
-0.327863
0.338557
-0.050435
0.296759
-0.153290
-0.307198
-0.353792
0.463223
0.539618
0.127279
-0.193040
-0.225755
0.016590
0.107462
-0.150924
-0.678890
0.038842
-0.388927
0.237827
0.041579
-0.036103
0.435723
-0.061742
-0.234523
0.290715
0.228156
0.014945
0.083554
-0.203152
0.434308
-0.114065
0.265293
0.054529
-0.250941
0.310722
0.297648
0.528496
0.089711
-0.479621
-0.227224
-0.017998
0.148452
-0.135834
0.206971
-0.242293
-0.477200
0.680912
-0.107850
0.425889
-0.020755
-0.061530
-0.098799
0.110567
0.013164
0.195490
-0.361759
-0.143041
-0.500520
0.256509
-0.123657
-0.536258
0.553475
-0.272944
0.045295
0.223634
-0.425669
0.004306
-0.256237
-0.525921
0.102896
0.129111
-0.088317
0.108605
-0.052450
-0.141723
0.191626
-0.088455
-0.037884
0.157103
-0.164349
0.103268
0.627865
0.256960
0.335584
0.274423
-0.344179
0.328664
-0.048631
-0.006535
0.186252
-0.544516
0.255940
0.035993
0.439889
-0.028683
-0.067997
0.305578
0.299847
-0.025951
-0.340408
0.017975
-0.213345
0.242701
0.543627
0.176592
-0.204626
0.099783
0.118061
-0.154579
0.194376
-0.181783
0.162529
0.037140
0.205728
0.464082
0.228225
0.409492
0.371582
-0.144394
0.487747
0.070148
-0.020053
0.331306
-0.261924
-0.451549
0.304653
-0.269288
-0.183403
0.301754
-0.041696
-0.150988
0.188783
0.446087
0.055419
0.038686
-0.163431
0.140039
-0.323557
-0.274079
-0.033964
0.065343
-0.134935
-0.080387
0.461061
0.274558
-0.207887
0.377084
0.080447
-0.075394
-0.169533
-0.082404
0.413616
-0.078289
-0.176196
-0.057952
-0.474192
-0.337463
-0.330207
0.325600
0.169153
0.139344
-0.292046
0.291942
-0.112362
0.157178
0.271919
-0.275544
0.082504
-0.007647
0.043267
0.041987
-0.263296
-0.365504
0.287603
0.559043
0.329236
0.252241
0.446036
-0.150941
0.369172
0.170855
-0.493002
0.205135
0.353588
0.100274
-0.545683
-0.609411
-0.092871
-0.127335
-0.439974
-0.015514
