0.029493
0.176794
-0.293957
-0.548778
0.308931
0.209864
-0.217734
0.026582
-0.328700
0.302656
-0.591283
-0.219554
-0.214679
0.288080
-0.267373
-0.083600
-0.233343
-0.562379
0.096563
-0.307238
0.080383
0.207507
-0.249323
0.440052
-0.665242
-0.005963
-0.237008
-0.156063
-0.074084
0.107615
-0.076066
-0.498012
-0.136421
-0.093459
0.154638
-0.275182
-0.012147
0.178086
-0.312931
-0.215234
-0.106677
0.322590
0.493579
0.287065
-0.556076
0.550901
0.340590
0.121291
-0.397376
-0.222113
0.325121
0.235060
-0.232070
0.203581
-0.033405
0.242640
-0.326140
0.390365
-0.104915
0.031570
0.050009
0.028976
-0.008611
0.289109
0.061460
-0.457248
-0.193347
-0.451210
0.577198
-0.065986
0.060921
0.348458
0.083397
-0.131255
0.195899
0.541288
0.006318
-0.068719
-0.062186
0.134084
0.141715
0.215000
0.136816
0.317549
-0.039603
0.222356
-0.464766
-0.274916
0.130543
-0.417005
-0.267422
0.302582
0.542711
0.343203
0.011877
-0.080242
0.007702
0.404791
-0.071878
-0.213480
-0.390678
0.212721
-0.811010
-0.285631
-0.151212
0.064601
-0.091896
-0.167860
-0.030049
-0.006483
-0.440347
-0.301066
0.076364
-0.051246
0.621718
-0.130944
0.395365
-0.010292
0.073737
0.488232
-0.172343
-0.546884
0.237767
-0.324653
-0.295365
-0.114560
-0.286703
0.112489
0.105979
0.242873
-0.036355
-0.332675
-0.166130
0.389254
0.099096
-0.243205
0.190781
0.080128
0.478593
0.464280
-0.211188
-0.392207
-0.206119
0.340611
0.029658
0.108011
-0.256535
-0.183527
-0.034549
0.296121
-0.189429
-0.141727
-0.173686
-0.201209
0.151727
-0.056393
0.143061
-0.042138
0.121267
-0.368378
-0.004782
-0.210439
-0.191383
0.343363
0.436921
-0.103632
-0.304919
-0.193504
0.390103
0.508140
0.247754
-0.082721
0.439723
-0.160792
0.114892
0.101416
-0.254706
-0.062968
0.335900
0.048111
0.420055
0.004710
0.357707
-0.071968
0.169992
0.064026
-0.345047
0.013396
-0.422344
0.012637
-0.250902
-0.227109
0.313116
0.012301
-0.330009
0.094665
-0.136899
0.280514
0.190653
-0.259998
-0.095346
-0.253578
0.376764
-0.069952
-0.135302
-0.487494
-0.365553
0.039393
-0.209936
-0.230271
-0.443677
0.127922
0.209737
-0.529758
0.350075
0.106748
0.222659
-0.157212
0.241555
0.010719
-0.069296
-0.115352
-0.020995
-0.187770
-0.324334
-0.068983
0.615725
0.104724
0.196720
0.325521
-0.392781
0.429539
0.167859
0.046545
0.149987
-0.081483
0.104995
-0.057590
0.262384
-0.208351
-0.323163
0.080483
0.366772
0.017334
-0.282086
0.066839
-0.080836
-0.281747
0.471892
0.023841
0.020039
0.197419
0.149151
0.504713
-0.190254
0.538066
1.017096
-0.014385
0.353564
0.012046
0.074009
-0.258710
-0.410539
-0.381064
-0.608808
-0.619281
-0.023149
0.330503
-0.154661
0.172426
0.394769
-0.016579
0.572610
0.138624
0.338578
0.018156
0.434771
0.328524
-0.082206
-0.026683
0.261073
-0.294905
-0.178423
0.450034
-0.290828
-0.015295
0.136257
0.213807
0.066574
-0.293219
0.252137
-0.350114
-0.321927
0.455630
0.171380
-0.230276
0.325615
-0.591299
-0.048977
-0.240920
-0.066725
0.366090
-0.210485
-0.357962
0.180516
-0.684195
0.253865
0.183210
-0.391342
-0.121120
-0.166836
-0.038227
-0.024172
0.045603
-0.161915
0.488998
-0.635037
-0.243706
-0.141232
0.571342
0.753058
0.073834
0.305503
0.476678
-0.555988
-0.195290
0.120041
-0.213332
-0.527094
-0.429112
0.348142
-0.059855
0.306536
0.246555
0.082561
-0.005243
-0.166242
-0.013415
-0.229284
-0.182165
0.468810
0.365940
-0.156967
-0.349204
-0.316321
0.142044
0.254437
0.228554
-0.218268
0.243225
-0.115483
-0.107667
0.185467
0.217503
0.065629
0.048313
0.274871
-0.560851
0.385337
-0.143998
-0.332751
-0.062940
0.465459
-0.217574
0.435941
0.216422
0.440885
0.162235
0.016449
-0.131264
-0.181435
-0.087742
-0.071582
-0.063682
-0.341935
-0.422689
0.036696
0.125459
0.328290
0.423791
-0.398261
-0.233355
-0.455999
-0.062214
-0.224538
-0.056642
0.498887
-0.050960
0.257395
0.061963
-0.679547
-0.089700
-0.136587
-0.147574
0.847042
-0.394813
0.168631
-0.099280
-0.137842
-0.713546
-0.105764
0.215287
0.133310
0.097343
0.182097
0.116731
-0.254892
0.381270
0.164467
0.492655
-0.040717
-0.037650
0.113710
-0.549447
-0.236734
0.203882
-0.481756
-0.254589
-0.417620
0.481727
-0.097389
0.263987
-0.425963
-0.660255
0.233291
-0.404197
0.108358
0.190953
0.125788
-0.093469
0.002211
0.223994
-0.219044
0.370879
-0.318662
-0.163118
0.580799
0.130158
0.100079
0.015888
-0.211523
0.258883
-0.108520
-0.187884
-0.293931
0.324854
0.207309
0.262536
0.050482
0.108745
-0.290616
0.811542
0.169805
0.403174
0.378400
-0.406004
-0.498943
0.059662
-0.195421
-0.282033
-0.118204
0.200486
0.232882
0.414475
-0.015270
-0.261044
0.310330
-0.153422
0.152383
0.186727
-0.285579
0.499947
0.114688
-0.148394
-0.526307
-0.287568
-0.027592
0.242370
0.271410
0.358151
0.385163
0.233252
-0.545631
0.209473
0.119903
-0.167548
-0.053986
-0.271755
-0.478928
0.048376
-0.138412
0.162788
0.056416
0.258319
-0.331525
0.297847
-0.329133
0.028548
-0.101382
-0.190694
-0.197450
0.037848
0.028892
-0.063285
0.012436
-0.163014
-0.494760
-0.229119
0.623083
0.258559
0.212267
-0.036600
0.209863
0.174439
-0.351280
-0.244943
0.045780
-0.167466
0.033251
0.059054
0.259459
0.176648
-0.208062
0.322764
-0.082794
0.210913
-0.181712
-0.046787
-0.813479
0.418918
-0.022206
0.116139
-0.190060
-0.067692
-0.087935
-0.067602
0.674542
0.161228
0.322108
-0.391611
0.306186
-0.756305
-0.194703
-0.254611
0.601923
0.348351
0.487120
-0.055929
-0.425925
-0.192005
-0.212942
-0.023737
0.090674
-0.445297
0.229723
-0.039923
0.410121
0.059098
0.193916
-0.001922
-0.139170
-0.007561
-0.231609
0.072622
-0.202182
0.238827
0.126745
-0.304002
0.097598
-0.519066
0.031842
-0.032888
0.079202
0.000509
-0.287410
0.163498
0.563121
-0.299930
-0.016390
-0.011546
-0.178963
-0.296068
0.561607
0.205683
-0.033256
0.366502
-0.043167
0.079492
-0.027139
-0.013752
0.244943
0.152368
0.148157
0.093272
-0.151495
-0.227591
0.346962
-0.177140
0.031203
0.461387
-0.615355
-0.312629
0.138815
0.388913
-0.190318
0.178842
-0.476119
-0.249720
0.015782
0.008544
-0.301307
-0.054650
0.032049
-0.324102
-0.048433
0.043470
-0.142763
-0.193423
0.356818
0.142111
-0.178945
-0.277903
-0.021754
0.474102
0.088575
-0.218365
0.463753
-0.186808
-0.269409
-0.050942
-0.246248
-0.292086
-0.043090
0.227373
-0.122871
-0.233281
0.302868
0.294138
-0.040699
0.099508
0.365013
0.492337
0.173771
-0.369044
0.248024
-0.232625
-0.348519
-0.018418
-0.266239
0.088515
0.285241
0.195665
-0.258233
-0.404180
0.354835
0.169064
-0.055738
0.201055
-0.459856
0.042907
0.304141
-0.079753
-0.088632
-0.028259
-0.339600
0.404457
0.077419
-0.016068
0.342156
0.064601
0.260225
-0.105990
-0.209415
-0.409332
-0.628880
0.369231
-0.288701
0.010036
0.141855
-0.090743
-0.095515
0.032748
0.006968
0.177612
0.520687
0.246159
0.271637
-0.215837
-0.414612
0.228538
-0.321898
-0.362642
-0.522948
0.049081
0.003977
0.206695
-0.000437
-0.408528
0.087395
-0.110198
-0.086151
-0.219545
-0.502196
0.242948
0.275590
0.348754
0.184387
0.343626
0.074856
-0.046361
0.127532
0.561390
-0.087096
0.294248
0.139603
0.381838
0.526217
-0.041073
0.346825
-0.299520
0.097126
0.241569
-0.672130
-0.129785
-0.107985
0.133988
-0.181998
-0.176166
0.129793
-0.177644
0.327992
0.290454
0.410124
-0.396835
0.035535
0.324366
0.256316
-0.669470
-0.321171
-0.196166
0.009447
0.204766
0.516241
0.285311
0.285008
-0.106180
0.300010
0.257750
0.244362
-0.244693
0.086507
-0.031179
0.564571
-0.266471
0.442907
-0.032244
0.337881
0.213191
0.067987
-0.069578
0.004580
0.136433
-0.079950
0.070591
0.597136
0.424713
-0.264836
0.096210
-0.711160
0.140282
-0.240238
-0.216473
-0.679182
-0.761498
0.266968
0.138409
-0.721801
0.342516
0.199401
-0.100745
-0.150170
-0.390141
0.595090
-0.340492
-0.165072
0.433554
-0.351237
0.144284
-0.119742
0.694563
0.493094
0.214482
0.029581
-0.067729
0.344356
-0.095492
0.176430
-0.001648
0.125653
0.285924
-0.023097
-0.267398
-0.269067
0.231306
0.564744
-0.311915
-0.019094
0.084769
-0.422530
0.215377
-0.216873
0.065319
0.216284
0.332035
-0.005065
-0.303704
-0.023604
-0.460844
0.490202
-0.021826
0.219277
-0.160161
0.394464
0.121173
-0.351303
-0.098953
-0.696966
-0.057589
0.422829
-0.031307
-0.011504
0.329580
0.428980
-0.363403
0.128957
0.328312
-0.805432
0.057982
-0.384767
0.157086
-0.138321
-0.186842
0.161593
0.249239
-0.453486
0.615032
-0.246054
0.062264
0.140601
-0.160557
-0.104578
0.254122
-0.832470
0.261791
0.114668
0.236057
0.740105
-0.168223
-0.217866
0.303226
-0.383581
-0.615093
-0.415812
-0.049365
0.328067
0.249244
-0.246302
0.448835
0.026143
0.228270
0.108659
-0.642129
-0.104006
0.301589
-0.011479
0.127448
0.330436
-0.179849
0.204269
-0.094862
0.293195
0.059844
-0.003239
-0.233799
-0.417967
-0.368691
0.138512
-0.394237
-0.112719
-0.100027
0.213048
0.598800
0.470222
-0.318478
-0.203323
0.449660
0.151802
-0.310724
-0.514795
0.060634
-0.127388
0.257355
-0.450718
0.110420
-0.061769
-0.274128
0.462949
-0.441911
-0.102692
-0.152000
-0.143195
-0.345470
-0.424867
0.018196
-0.240623
-0.294488
-0.522497
0.611994
0.547076
0.046978
0.179290
0.085730
0.505072
0.024514
0.189981
-0.435711
-0.309121
-0.300045
0.255215
-0.011806
0.447947
0.307064
0.611770
-0.285058
0.315619
0.235874
0.347051
-0.230459
0.303421
0.035424
0.603465
-0.307041
-0.131920
-0.200754
-0.075393
-0.107673
-0.421259
0.074895
0.089251
-0.562206
0.180077
-0.528346
0.078640
0.637029
0.279180
0.506827
0.102266
0.190011
0.253733
-0.276278
0.003033
0.168850
-0.252868
0.153311
0.283581
-0.569335
0.632454
0.102690
-0.283420
-0.405386
-0.020204
-0.076658
0.023177
0.119240
-0.235108
-0.369614
-0.097434
0.012200
-0.233643
0.409287
0.154593
-0.501332
0.394700
0.096365
0.185435
0.114464
-0.105538
0.134281
0.030189
-0.532991
0.056223
0.083199
0.340293
-0.159276
0.426335
0.223351
0.373041
-0.220246
-0.230950
0.196015
0.498780
-0.016584
0.187289
-0.306706
-0.310268
0.084900
0.168157
-0.331762
-0.251796
0.294507
0.274895
-0.422764
0.176152
-0.309945
-0.157061
-0.253090
-0.143619
0.260592
0.335971
0.366080
-0.021111
-0.131420
-0.193759
0.099360
0.199023
-0.354904
-0.092512
-0.016573
-0.028659
0.321129
0.300953
0.059571
-0.080089
-0.551656
0.038249
-0.474035
0.333064
0.023764
0.451906
-0.055316
-0.410755
0.346619
0.073896
-0.018851
-0.431892
0.102387
0.339927
0.158514
-0.097104
-0.257859
-0.005104
0.386699
-0.303098
-0.016359
-0.258020
0.086051
0.429048
-0.808095
-0.279396
-0.271011
-0.109422
0.555957
-0.447252
-0.326760
0.266853
0.018481
-0.377479
-0.031894
0.140165
0.183743
-0.090892
0.211049
-0.229970
0.476426
0.104876
-0.081296
0.221360
-0.141987
0.011551
0.121888
-0.395197
-0.182367
-0.293939
0.183116
-0.174335
0.070074
0.091752
-0.199727
0.076031
-0.283741
-0.155653
0.105563
0.353333
0.102164
-0.180121
-0.031683
-0.005984
0.155604
-0.027835
0.216037
-0.039363
-0.253070
0.326078
0.031515
0.056873
-0.095056
-0.043712
0.195895
-0.287147
-0.036133
0.064471
-0.251694
-0.296147
0.266798
0.133001
0.264332
0.113466
0.453378
0.509843
0.349033
0.137633
0.242489
-0.194900
0.301401
-0.004219
-0.191853
-0.187561
-0.187964
-0.102642
-0.025959
-0.029147
0.598254
-0.372786
-0.463040
0.257584
-0.061711
-0.287548
0.352787
-0.071345
-0.702042
-0.305509
-0.088658
0.170456
0.067413
0.073351
0.144268
-0.107695
-0.289553
-0.126172
-0.047994
-0.152717
0.022565
0.289784
0.146246
-0.061336
0.106857
-0.118523
0.026032
0.096707
0.008074
-0.507121
-0.262367
-0.411792
0.123866
-0.012317
-0.349245
-0.105283
0.076853
-0.204249
-0.092343
-0.105389
-0.872592
0.147442
-0.550808
0.005439
-0.019053
0.166825
0.127640
-0.300974
0.199977
-0.064383
-0.136991
-0.311386
-0.001358
-0.429600
-0.213586
-0.038285
-0.047016
0.514827
0.353505
-0.412003
-0.217504
0.167530
0.415623
0.050210
-0.180506
0.298696
0.334423
0.113976
0.141436
0.716751
0.465190
0.182648
-0.613242
0.277533
-0.014300
0.316513
0.017891
0.090869
-0.399059
0.340801
0.216915
-0.329846
0.287244
0.134062
-0.305093
0.015234
-0.049407
-0.074185
-0.113189
0.238474
-0.324593
0.393008
0.025424
-0.087257
-0.445388
-0.166121
0.153772
0.441657
0.129606
-0.087380
-0.118900
-0.131321
-0.145414
0.294395
0.208847
0.019011
0.480033
-0.018520
0.225527
0.317629
0.209516
0.675944
-0.270026
-0.010670
0.220874
-0.185623
-0.846731
-0.018349
-0.109560
0.134181
-0.082531
0.398680
0.425762
-0.257481
-0.027086
0.007212
-0.080785
-0.034390
-0.076487
0.307380
-0.507835
0.266524
-0.461991
0.383273
0.103011
-0.215285
0.032187
0.068186
-0.340029
0.566338
-0.672486
-0.069577
-0.229126
-0.018474
0.192320
0.054139
0.161392
0.367843
0.243364
-0.129566
-0.178592
0.381788
-0.097021
0.260317
0.492880
-0.127657
0.434999
0.027070
0.201974
0.327330
0.267061
-0.260062
-0.391138
0.455147
-0.405585
0.511276
-0.159466
0.365847
0.213282
0.180264
0.263352
-0.192847
-0.122953
-0.239257
-0.176669
0.195314
-0.144430
0.106101
0.268636
0.184219
-0.586732
0.020749
-0.573948
-0.189893
0.047857
-0.129661
-0.096685
0.170672
-0.213872
0.381753
0.282232
-0.001352
0.205408
-0.003642
-0.431158
0.198511
-0.125538
0.078452
-0.043576
0.069149
-0.408609
0.500343
-0.295740
-0.039396
0.113317
-0.272190
-0.130464
0.012394
-0.298314
-0.195131
-0.325612
0.606092
-0.209768
-0.090823
-0.101086
-0.079302
-0.048857
-0.097083
-0.100289
0.201328
0.234694
0.007348
0.189905
0.128265
0.360274
0.077206
0.062316
0.437653
-0.087804
-0.085851
0.024381
0.205703
-0.248753
0.000498
-0.127548
0.408188
0.177247
-0.320232
-0.145701
0.199227
-0.194039
0.416436
0.615915
-0.064523
-0.431496
-0.297130
0.027897
0.188509
-0.330166
0.307405
0.128950
-0.290406
0.023789
0.731394
-0.132816
-0.054735
-0.052461
0.266478
0.239998
-0.460289
-0.627944
-0.323981
0.066935
0.080992
0.161167
0.454456
0.527556
0.072971
-0.273500
0.458523
-0.344257
-0.374498
0.152746
-0.002396
-0.224768
-0.204895
-0.191122
0.154532
0.328999
0.015064
-0.393623
-0.154865
0.183615
-0.247978
0.168672
0.619033
0.035040
0.163524
0.152002
-0.194638
0.257241
-0.032296
0.690514
-0.162446
0.353641
0.619198
-0.234272
-0.100627
0.068946
0.510689
-0.006566
0.322439
-0.054903
0.167174
0.070051
-0.135366
0.018251
0.122769
-0.051081
0.186170
0.090064
0.222124
-0.657580
-0.369285
0.162849
0.369891
-0.106276
0.085206
-0.082412
0.101628
-0.099557
0.583760
0.042469
-0.015316
0.540084
-0.191215
-0.039320
0.044950
-0.134262
-0.142759
-0.144186
0.280169
0.098991
-0.177226
0.600003
-0.024468
0.462915
0.011099
-0.247325
0.192006
0.116274
0.250591
0.042740
0.026302
0.637802
0.456096
0.004786
0.181619
0.082326
-0.176256
0.604470
-0.268491
0.047447
-0.234916
-0.335906
0.028871
0.015454
-0.361745
-0.091969
0.018379
0.170670
0.257280
-0.103904
0.613411
-0.270761
0.229913
-0.270749
0.002733
-0.501655
-0.078485
0.559223
-0.182793
0.231155
-0.174669
-0.001028
0.075211
-0.433441
-0.020575
-0.205956
0.283807
-0.050205
-0.039823
0.059313
-0.241615
-0.096167
0.465655
0.003290
0.251513
0.052927
0.596701
-0.004707
0.723288
0.330261
-0.075469
0.008438
-0.317980
0.394991
-0.220759
0.418171
-0.482096
-0.026164
-0.108278
-0.175849
-0.222074
-0.072392
-0.306472
0.186173
0.036569
-0.277175
-0.775322
-0.290712
-0.147948
-0.961456
-0.501765
-0.444965
-0.300825
-1.438107
-0.405476
-0.508765
-0.472456
0.010581
-0.719966
-0.132989
0.135066
-0.206333
-0.568119
-0.076424
-0.114496
-0.128252
0.319216
0.105754
0.532355
0.244574
0.259251
-0.226417
0.452766
0.843757
0.525910
0.070561
-0.003054
0.146217
0.662818
0.191985
-0.080343
0.462708
0.640494
1.047129
0.499405
0.521639
0.114642
0.216254
-0.008639
-0.019148
-0.244862
-0.123807
0.151187
0.011211
-0.239290
-0.598137
-0.200649
-0.623472
-0.759565
-0.059409
-0.305552
-1.053428
-0.341362
-0.487045
-0.720698
-0.016617
-0.157398
-0.171179
0.016055
-0.416869
-0.441838
-0.291630
0.219267
-0.201850
0.503872
0.047643
-0.188432
0.200427
0.596681
0.262888
0.358644
-0.052008
0.512723
0.099358
0.376199
0.523105
0.126011
0.107845
-0.433809
0.335564
-0.085945
0.312220
-0.753144
-0.129276
-0.186351
0.252855
-0.704935
0.034360
0.121468
-0.481572
0.271034
0.254761
-0.198341
-0.359969
-0.325006
-0.415017
0.331334
-0.358896
-0.023857
-0.410295
0.387738
0.597120
-0.045675
-0.202547
0.004578
0.015609
0.096939
0.053565
0.460420
0.376734
-0.020534
0.371276
-0.242838
-0.308488
0.132915
-0.257751
0.406190
0.045490
0.357124
0.106263
0.001942
-0.542839
-0.386264
0.237192
-0.180701
0.739241
0.328507
0.041223
0.124078
-0.337515
-0.197549
0.303450
-0.223886
0.351472
-0.200144
0.188847
0.052422
-0.371069
0.187612
0.181180
0.009959
0.516848
-0.364640
0.139397
0.402637
-0.013382
-0.404709
0.315300
-0.014539
-0.097789
-0.109015
-0.394863
-0.103108
0.126066
-0.390438
0.164218
-0.034964
0.162012
-0.612902
0.038329
-0.066994
0.020169
-0.159079
0.025629
-0.121772
-0.497493
0.139228
-0.413328
0.056422
0.123383
-0.175771
0.000603
-0.078235
0.028685
0.055749
0.095238
0.095381
0.280566
0.221869
-0.206484
-0.323177
-0.122017
0.321458
-0.126319
0.034770
0.080530
0.497104
-0.293805
0.118740
0.117079
-0.395018
-0.228799
-0.437348
0.124255
-0.292653
0.550120
0.453933
-0.022438
0.609814
0.175574
0.305406
0.218791
-0.431255
-0.014413
-0.954203
-0.103928
0.185353
-0.021458
-0.037103
0.249758
0.002291
-0.355519
-0.211460
-0.203233
0.079063
0.125465
-0.114762
-0.372511
-0.112612
0.454201
-0.442808
0.282670
-0.670420
-0.218561
0.133573
0.032148
-0.326198
0.054633
0.007558
-0.045240
-0.059270
-0.158437
0.136494
0.167858
-0.121419
0.335698
-0.352192
-0.835111
-0.498252
0.207404
0.586543
0.041585
0.114698
0.261407
0.521837
0.209079
-0.068991
0.183604
-0.200887
-0.049889
0.219848
0.070514
0.475558
0.430611
-0.168147
0.059187
-0.058137
-0.237932
-0.348464
0.050894
0.132305
0.048515
0.115806
-0.113321
0.030943
-0.033185
0.305716
-0.192642
-0.372739
-0.504110
-0.243544
-0.007361
-0.049542
0.074063
0.270429
-0.079761
-0.039405
-0.268591
-0.011038
-0.141015
-0.567463
0.012929
0.122744
-0.069206
0.460766
0.193216
0.599834
-0.275151
0.247232
0.021237
-0.232141
-0.411684
-0.024437
-0.244636
-0.373764
-0.099866
-0.205961
0.400890
-0.366959
-0.005583
0.030131
-0.188023
0.317820
-0.037577
0.381352
0.099595
0.038180
0.436797
-0.343781
-0.118449
0.120476
-0.150927
0.267516
-0.135783
-0.389346
0.258294
0.058285
0.388074
0.050554
-0.304281
-0.031428
-0.161169
-0.220271
-0.157624
0.284068
0.092621
-0.201326
-0.024162
-0.140231
0.019288
0.476627
0.035806
-0.144163
-0.032529
-0.110132
0.330064
-0.190587
0.109658
-0.080325
-0.038144
0.162391
-0.641271
-0.088165
-0.321182
0.102141
0.193807
0.079479
0.671283
0.023872
-0.519892
0.220264
0.109078
-0.242829
0.164218
0.006349
0.007960
0.321420
-0.024718
-0.246605
-0.121984
-0.054558
-0.347733
-0.123354
0.454079
0.316765
-0.167219
0.118805
0.439846
0.498217
-0.056360
0.137258
0.309546
-0.270832
0.341041
-0.470862
0.265595
-0.362113
-0.258282
0.239873
-0.032466
0.324339
-0.138878
-0.382250
0.035643
0.284119
0.136733
0.044592
0.501266
-0.357692
-0.433090
0.112719
0.113481
-0.150069
-0.147757
0.040114
0.383792
-0.329533
0.082572
0.436759
-0.108457
0.256974
-0.273996
0.089191
-0.477979
-0.070756
-0.049812
0.370036
-0.743275
0.521727
0.120877
-0.110654
-0.233209
-0.333028
0.180648
0.253551
0.265330
0.121224
0.206088
0.367941
0.257501
0.232723
-0.210405
-0.403883
0.321628
-0.458060
-0.004390
-0.073883
-0.194667
0.552573
0.336628
-0.222770
-0.249809
0.125239
-0.546255
0.142611
-0.135188
-0.196911
0.335367
-0.029349
-0.125160
0.312061
-0.273405
-0.045834
0.048205
0.054434
-0.319434
-0.123140
-0.068770
0.191077
-0.353998
0.156054
0.456861
0.429130
0.066584
0.611110
-0.356723
-0.517492
0.007369
0.549772
-0.172504
0.378841
0.530745
-0.445389
0.193366
-0.190110
-0.296924
0.210102
-0.498932
0.011302
-0.057825
0.096359
0.299666
0.036505
0.341625
0.025099
-0.118643
-0.308636
0.311210
0.203182
-0.310134
-0.337923
0.534517
-0.166828
-0.079560
-0.190799
0.174512
0.237289
0.569617
0.287203
0.167531
0.103673
0.456367
-0.439157
-0.126901
-0.778495
0.188554
0.434903
0.212942
0.171130
0.280179
-0.241845
-0.065203
-0.279490
0.045493
-0.290303
-0.041931
0.141567
-0.035364
-0.513511
-0.134344
-0.539872
-0.253331
-0.612735
0.342701
-0.029507
0.063344
0.079151
-0.127289
-0.120069
0.368050
0.079381
-0.014468
0.033816
0.382963
-0.196695
-0.018793
-0.231571
-0.228373
0.413017
-0.446256
-0.268836
0.314053
-0.173940
-0.427910
0.426140
0.248378
-0.442588
-0.313501
0.275017
0.278336
-0.384910
0.209326
0.052101
0.118859
-0.171086
-0.197172
-0.148314
-0.115153
-0.227868
0.256487
0.009046
-0.359501
-0.066686
0.164860
0.393076
-0.171918
0.245575
0.239890
-0.245733
0.188607
0.296101
-0.450337
0.178262
-0.354858
-0.189228
-0.018107
0.078655
0.219629
0.219728
0.239333
-0.627922
0.075909
-0.149823
-0.468200
0.247523
0.335047
0.121242
-0.559984
0.943387
0.040652
-0.261792
-0.489538
-0.009217
0.220900
-0.155709
-0.033273
-0.073115
-0.077146
0.336144
-0.121475
0.290137
0.329808
-0.215132
-0.333095
-0.168580
-0.070507
-0.076117
0.383332
-0.165328
0.186207
-0.370316
-0.457171
0.437312
-0.623283
0.205815
0.001691
0.125113
-0.522899
0.063534
0.180997
-0.171855
0.229854
0.300303
-0.092960
0.017712
0.194387
0.002599
-0.332528
0.275434
0.104588
0.188846
0.428238
0.162212
0.232770
0.102483
-0.152155
-0.134019
0.004775
0.740518
-0.189453
0.275152
0.239883
-0.156776
-0.159079
0.088487
0.379304
0.122157
0.567135
-0.088003
-0.055640
-0.387243
-0.213580
-0.286508
-0.035303
0.223336
-0.174185
-0.536850
-0.003834
0.254677
0.110419
-0.277984
-0.348688
0.303904
0.584580
-0.015331
-0.161713
-0.307068
0.276438
0.070199
-0.186910
-0.162219
-0.520788
-0.120142
0.084958
0.135066
-0.003264
0.596787
-0.364575
0.370327
-0.050084
0.394869
0.448860
-0.184678
0.416341
0.054880
-0.019675
0.140386
0.120352
-0.082919
0.579222
-0.077652
-0.108664
-0.001693
-0.323124
0.426509
-0.379918
-0.425765
-0.065578
-0.059072
0.016396
-0.003076
-0.213867
-0.230919
-0.539414
-0.190897
-0.281527
-0.096737
-0.294636
-0.188945
-0.113350
0.087153
0.134217
0.709678
0.254240
-0.399276
-0.078331
-0.115008
-0.487044
0.154730
0.046612
0.130824
0.042267
-0.369688
-0.458718
0.148580
0.117464
0.109668
-0.213396
-0.316231
-0.077256
0.213227
-0.086946
0.264942
-0.301154
-0.051624
-0.094229
0.579526
-0.108819
-0.426894
-0.368897
-0.425351
-0.115186
0.134411
0.029476
0.459882
-0.229860
-0.078453
0.027772
-0.283094
0.594686
-0.162687
0.060669
0.152621
-0.152193
-0.296544
-0.124960
0.027342
0.403921
-0.063534
-0.117247
0.076120
0.061775
-0.529355
-0.591979
0.074253
-0.080688
-0.119817
-0.039726
0.529348
-0.320858
0.513392
-0.007907
0.006829
-0.248974
-0.067390
-0.599245
0.655750
0.443234
0.119631
-0.166315
0.082033
-0.416805
0.288516
0.040027
0.595203
-0.309008
0.359566
-0.242613
-0.233547
-0.010508
-0.107354
0.219913
-0.170708
-0.340681
0.309555
-0.170378
0.022725
0.405579
0.225123
-0.034057
-0.135027
-0.040071
0.225570
-0.275104
0.557475
-0.018780
0.130900
-0.334227
-0.297506
-0.131339
0.300075
0.024407
-0.164755
0.532597
0.113159
0.446154
0.122642
0.123263
-0.183707
-0.113584
-0.501537
-0.153310
0.115249
-0.042120
0.191985
0.424885
0.357066
-0.153894
-0.406622
0.436658
0.445955
-0.536428
-0.092681
-0.222568
-0.168922
0.429775
0.131482
0.056030
-0.252632
0.040065
-0.044643
-0.111151
0.047997
0.278685
-0.407508
-0.459345
0.140772
-0.131867
0.144214
0.016758
0.218917
-0.185947
-0.081779
-0.594685
0.026505
-0.139346
-0.409944
-0.502143
0.056890
-0.313449
-0.299298
-0.487729
-0.033167
-0.035988
0.082197
-0.389716
-0.435588
-0.035199
0.227566
-0.104191
0.401698
0.489212
0.123218
-0.188311
-0.186934
-0.176449
-0.338070
-0.139805
-0.059470
-0.629255
-0.175782
0.145999
-0.234318
0.211194
0.015927
-0.278009
0.170516
0.110136
0.082660
0.057133
0.405354
0.146794
-0.276697
0.529010
0.073091
-0.131316
0.187428
0.874488
0.610563
-0.030719
0.043334
0.128403
0.208578
0.144162
0.077213
0.331312
-0.481630
-0.313878
-0.089066
-0.038868
-0.053794
0.489332
0.308817
0.045465
0.190990
0.465782
-0.063763
-0.392630
-0.329636
0.087506
0.401642
0.027178
-0.009790
-0.332384
0.184377
-0.388048
-0.038552
0.387975
0.080459
-0.405349
-0.225284
0.069519
0.011108
-0.126322
0.151517
-0.320204
-0.321828
-0.092717
0.239693
-0.168497
0.149931
0.177731
0.476457
0.567790
0.375823
0.393354
0.229477
-0.345069
-0.285864
0.015557
-0.259388
-0.029286
0.196831
-0.447724
-0.394695
0.058522
0.138777
0.004942
-0.229006
0.102443
0.302156
-0.026000
0.313934
0.491701
-0.247072
-0.460872
0.611829
0.199000
0.229504
-0.296682
0.015817
0.405303
0.162784
-0.184022
-0.423678
-0.310000
-0.048303
-0.191937
0.078867
0.524799
0.143143
-0.326063
-0.009681
-0.216119
0.265013
0.238293
-0.131093
-0.230403
0.256571
0.383367
-0.268043
-0.346764
-0.130052
0.410385
0.268234
0.581838
-0.401650
-0.118753
0.075468
0.391663
-0.170498
-0.108907
0.174692
-0.328784
0.144808
-0.198270
0.377616
-0.144585
0.419895
-0.463526
-0.087200
0.364474
-0.149656
0.208893
-0.638015
0.495304
0.045895
0.276326
-0.095834
-0.007511
-0.235855
0.160506
0.230294
-0.336673
-0.081387
-0.006356
0.583080
-0.233595
-0.169009
-0.142470
-0.460993
-0.459896
-0.255401
0.120218
-0.513177
0.179411
0.166335
0.032062
0.265393
0.207743
0.071174
-0.050024
0.186183
0.374847
0.138467
-0.071967
0.258026
0.393468
0.359729
-0.150929
-0.335832
-0.394405
0.236696
0.399414
0.027869
0.092838
-0.205672
-0.538141
-0.006353
0.112312
0.082716
-0.057222
0.140947
-0.137406
0.253205
0.178461
-0.021735
-0.102964
0.110522
-0.160918
-0.490811
0.108681
0.044755
0.004292
-0.251906
0.111605
0.038751
-0.192654
-0.232212
-0.215924
-0.327486
0.202631
0.148832
0.136672
-0.619049
0.093673
0.033760
-0.021090
-0.167008
0.091951
0.105468
-0.278279
0.336869
-0.289491
-0.155537
-0.254784
-0.085886
0.250501
0.013809
-0.002191
-0.267822
-0.324058
-0.235331
0.195356
0.039775
0.311723
-0.066169
0.020477
0.275135
0.066007
-0.456509
0.233955
0.080637
-0.168803
-0.052850
-0.199391
0.177201
-0.157755
-0.086973
-0.039660
0.151455
-0.170057
-0.309863
0.362373
0.037313
0.129315
-0.408209
-0.231956
-0.105828
0.637363
0.266635
-0.223142
-0.057582
-0.427048
-0.629948
-0.058611
-0.404835
0.315087
0.039524
0.244658
-0.265596
-0.243837
0.116690
0.099792
-0.059370
0.174610
-0.003551
0.567184
-0.090188
0.007292
-0.332128
-0.144573
0.109268
-0.380127
0.049399
-0.962845
0.298762
-0.388681
0.211004
-0.181711
-0.259487
0.241114
0.321826
0.204878
-0.182745
0.333385
-0.273464
0.044909
0.181366
-0.032987
0.110354
0.511221
0.200405
0.443479
0.206543
-0.334851
-0.135365
0.221283
0.518451
-0.222162
-0.218104
0.071553
-0.052687
0.726483
-0.078151
0.174295
-0.037492
-0.003151
-0.268930
-0.375177
0.646486
-0.177166
0.301846
-0.123628
0.426577
0.152492
0.648231
0.280727
0.217356
-0.284695
-0.224889
-0.251198
0.127263
-0.521616
-0.073421
-0.307136
-0.324997
-0.171769
-0.117606
-0.282318
-0.139083
0.570004
0.299904
0.560710
0.267780
0.085876
-0.387532
-0.491337
0.151820
-0.218730
0.309111
0.214648
0.203699
-0.367485
-0.260779
0.296448
-0.348491
0.482452
-0.217488
-0.375381
0.112547
0.294761
-0.061416
0.450820
-0.247843
0.078983
0.037102
-0.196191
-0.236689
-0.586360
-0.088525
0.448262
-0.206298
-0.512212
0.344787
0.356848
0.055102
0.058295
-0.299692
0.035378
-0.246995
-0.066569
-0.225950
-0.187683
0.056846
-0.223112
0.169123
0.581588
-0.331737
0.463470
0.081097
0.002889
0.255248
-0.368576
-0.270797
-0.191843
-0.168119
-0.000758
-0.099201
0.030077
0.102677
-0.201906
-0.100241
0.085096
-0.032575
0.341635
0.181144
0.053868
0.087909
-0.444016
0.223539
0.224380
-0.090818
0.529020
-0.246598
0.055560
-0.211490
-0.153957
0.048022
0.072429
-0.016151
-0.322100
-0.120235
0.357599
0.271958
-0.014647
-0.345833
0.726048
0.131786
-0.211408
-0.384763
0.224266
0.199064
-0.417257
0.313756
0.011636
-0.307286
-0.395941
0.177295
-0.456588
0.124274
0.086377
-0.033343
0.569294
0.098172
-0.479097
-0.085209
-0.271233
0.152233
0.248494
-0.587073
0.089741
-0.324531
-0.019313
-0.150422
0.055523
-0.028963
0.392456
-0.246597
-0.179342
-0.298177
-0.554241
0.255436
0.242815
0.339701
0.323262
-0.092524
0.232630
0.223592
0.156804
-0.422570
-0.050850
-0.918019
-0.196548
0.513385
-0.247005
-0.242787
-0.388592
-0.187108
0.455817
-0.113612
0.270167
0.383064
-0.263660
-0.186220
0.309535
0.038126
-0.168020
0.051830
-0.025864
0.024942
0.215639
-0.498743
-0.061137
-0.232220
0.429123
0.177547
-0.571908
-0.375073
0.119053
0.258441
0.168996
-0.019669
0.930630
-0.085939
-0.024894
-0.345617
-0.368161
-0.709231
-0.137240
-0.049080
0.168135
0.084315
0.239451
-0.069786
0.057068
-0.681100
0.044324
-0.140393
0.424153
0.498349
0.082316
0.174344
0.328355
0.352577
0.118529
-0.039105
-0.138549
-0.066216
0.243252
0.043640
0.446252
-0.121103
0.781793
-0.077614
-0.271000
-0.247864
-0.538504
-0.088383
-0.145885
0.029322
-0.124223
-0.020207
0.467223
-0.536459
-0.047888
-0.019792
-0.251122
-0.173985
0.354632
0.145305
0.004245
0.020553
-0.421436
0.283846
0.123555
-0.304402
-0.178298
0.017314
0.228293
-0.368310
-0.415244
-0.169761
0.261133
0.304625
-0.208804
0.206961
0.058101
0.240750
0.157941
0.230175
-0.019169
-0.216450
0.669995
-0.116301
-0.061205
-0.071354
-0.018279
0.166353
-0.156859
0.194458
0.499087
-0.117486
0.050161
0.189939
-0.072019
-0.075256
0.010414
0.259142
-0.017753
0.233841
-0.121259
-0.014264
0.045957
0.176882
-0.323052
0.153020
0.319775
0.250162
-0.391234
0.226660
-0.035014
0.274485
0.613659
-0.460305
-0.354382
0.158609
0.420819
0.210260
0.032806
0.165257
0.552528
-0.470781
-0.470371
0.098219
0.085296
-0.056845
-0.190227
0.117967
-0.134168
0.184831
-0.111009
0.008375
0.219175
0.194456
-0.127677
0.740607
-0.262818
0.114908
-0.240422
-0.327217
0.256346
0.272034
0.112037
-0.128121
-0.163412
-0.313304
-0.367138
0.338544
-0.209779
0.047821
0.161955
-0.027494
0.369469
-0.094892
-0.066900
0.170581
0.120820
-0.352039
0.243114
0.121584
-0.090220
-0.150869
-0.088618
-0.220551
0.089481
0.122083
0.244451
-0.029402
-0.040509
-0.365883
-0.572824
-0.145662
-0.060052
0.617907
0.339650
-0.274915
-0.164793
-0.201095
0.494990
0.099921
-0.001143
-0.358790
0.073141
0.436655
-0.060644
-0.274972
0.191312
-0.163787
0.044909
0.104784
0.404153
-0.454525
-0.244289
-0.147613
-0.004397
-0.336860
0.120048
0.115857
-0.117582
0.207282
0.159650
-0.331453
0.180631
0.094593
0.288480
0.055492
0.121412
-0.192332
0.058704
0.155413
0.195056
-0.019854
0.097787
-0.034481
0.556365
-0.037743
0.167790
0.507536
-0.295404
-0.247657
-0.050884
0.046449
-0.001840
0.127572
-0.148345
0.446268
-0.400492
0.239334
0.063231
-1.025891
0.535695
-0.052931
-0.289776
-0.035494
0.219578
-0.087894
-0.275530
-0.142030
0.559903
0.257059
0.148261
-0.272495
0.454728
0.127897
0.153744
-0.128361
0.028691
0.139187
-0.364501
-0.126950
-0.072483
0.053829
0.311019
0.095851
-0.123118
-0.053221
-0.361952
0.250426
0.163480
-0.540286
0.098117
-0.090375
0.017879
0.183226
-0.435984
0.491218
-0.284905
0.605468
-0.318099
-0.115901
0.127961
0.062931
-0.245253
-0.137131
-0.599616
0.156010
-0.257198
-0.119165
0.004874
-0.061898
-0.669530
0.185565
-0.080115
-0.188702
-0.247250
0.021505
-0.012175
-0.035660
-0.119214
0.168897
-0.347886
-0.239616
0.124817
-0.277806
-0.210392
-0.169303
-0.535886
0.233443
0.238265
0.076467
0.316889
0.106539
-0.373020
0.098813
-0.101482
-0.127945
-0.277622
0.445322
0.055193
0.147493
-0.505971
0.013466
-0.478900
-0.383705
0.127133
-0.141757
-0.168409
-0.112360
0.246372
-0.327490
-0.225114
-0.148301
0.207968
-0.135906
0.281899
0.069982
-0.130001
-0.053420
-0.293380
0.606996
0.229501
-0.486120
0.215277
-0.086257
-0.310936
-0.138005
0.088400
-0.303755
0.290525
0.079910
-0.338947
-0.477496
-0.093593
0.248232
-0.028392
-0.121934
-0.205075
0.001732
0.102698
0.039512
-0.007119
0.050519
-0.132374
-0.252477
0.067430
-0.202515
0.527472
-0.127527
-0.419588
0.563142
0.346800
0.005952
0.132672
-0.023243
-0.164121
-0.021051
-0.280669
-0.071965
0.131390
-0.199875
0.690656
0.051112
0.079890
0.366127
0.038633
-0.008505
-0.607827
-0.040161
0.219510
-0.060218
0.250222
0.650802
0.275760
-0.225503
0.132983
-0.515877
-0.366317
-0.037180
-0.004948
0.090347
-0.208107
-0.296412
0.162222
0.183814
0.257053
0.016842
-0.062643
-0.055675
0.167238
-0.582878
0.209554
0.231548
0.354534
0.179056
-0.132318
-0.002977
-0.098198
0.040753
0.008171
-0.510172
0.306480
0.209808
0.240861
0.459182
-0.007953
-0.461663
0.287379
0.041584
-0.186418
0.251600
-0.231049
-0.207640
-0.173676
-0.393245
0.012718
-0.109476
-0.514395
0.166263
0.435354
0.298447
0.103742
-0.480031
0.472115
0.129951
-0.236348
-0.308409
0.134690
0.014144
-0.068666
0.206621
-0.080036
-0.149342
-0.073552
-0.523037
-0.058533
0.205899
0.092292
-0.254840
0.003401
-0.056815
0.105574
0.161474
-0.085015
-0.139170
0.132453
0.139448
0.362538
-0.138531
-0.175101
0.176614
-0.273159
0.462291
0.114759
-0.004780
-0.068203
-0.007421
0.449492
0.011124
-0.142631
-0.105498
0.404262
-0.408871
0.523517
0.492555
0.257334
-0.273993
0.754574
-0.250485
-0.554304
-0.175575
-0.195143
-0.288131
-0.622319
-0.067877
-0.045841
0.294600
0.045538
0.156575
-0.052337
-0.094240
0.013206
0.414261
-0.039341
0.298377
0.541202
0.366931
-0.058297
0.053742
-0.199871
0.237679
-0.099816
-0.237168
0.002319
-0.586208
0.108539
0.100926
-0.068705
0.375873
0.079983
-0.307219
-0.412989
0.405243
-0.327593
-0.114925
0.159101
-0.235146
0.144580
0.279141
-0.105201
0.341724
0.208762
-0.688568
-0.305302
-0.417038
0.024717
0.161274
0.108738
0.095572
0.133115
0.438972
-0.123994
-0.004632
-0.114207
0.120015
0.079467
0.031817
0.207399
-0.177257
-0.058053
0.132785
0.133256
0.313825
-0.006376
-0.100230
-0.444444
-0.120974
-0.247137
-0.198089
-0.342324
0.642965
-0.292424
0.297000
-0.172803
0.416409
-0.225125
-0.221685
-0.200107
-0.087176
-0.046888
0.217301
0.173867
0.047721
0.117295
-0.238206
0.226846
0.270624
-0.286914
-0.001497
-0.044179
0.180891
-0.398573
-0.273708
-0.244658
-0.430212
0.291790
0.042358
0.170187
-0.124642
0.115064
-0.158618
-0.175609
0.159522
-0.012006
0.285973
0.221647
-0.314643
-0.171745
0.114981
0.435687
-0.364988
0.301755
-0.326484
0.223895
-0.219993
0.144854
0.221385
0.171275
0.035198
-0.427319
0.128336
0.551294
-0.080894
-0.246533
-0.221341
0.205752
-0.688391
0.130504
-0.405049
-0.292984
-0.024776
0.207264
-0.206475
-0.585152
-0.255210
-0.149476
0.394129
-0.241043
0.831437
0.042275
-0.380079
-0.219517
0.073664
0.135962
0.170587
-0.309642
-0.354482
0.180650
0.226663
0.251261
0.388290
-0.184070
-0.098592
0.194331
0.188647
-0.071968
0.065629
0.006847
-0.117914
0.146581
0.179366
0.024573
0.118465
-0.084535
-0.001253
-0.094324
0.419267
0.024136
0.169658
-0.266493
0.010785
-0.006507
-0.652021
-0.513710
-0.553123
-0.008880
-0.158795
0.559124
-0.324649
0.139764
-0.195457
0.111950
-0.228803
-0.075225
0.008610
0.245688
-0.328201
-0.263050
0.312571
-0.191119
-0.004982
-0.637148
-0.243120
-0.377461
-0.273771
0.343432
-0.118894
-0.562167
-0.251892
0.109566
0.281765
0.332398
0.254702
-0.100333
0.323156
-0.190486
0.096290
0.059316
-0.119621
0.303582
-0.267330
0.493383
-0.259572
-0.459949
0.528674
-0.030067
-0.262129
0.333801
-0.059843
0.209753
0.422110
-0.130721
-0.008946
0.377341
-0.180775
0.262874
-0.151685
-0.195126
-0.162353
0.043563
0.102607
0.444206
-0.019382
0.310389
-0.265236
-0.045451
0.194936
-0.082163
-0.288505
-0.078362
-0.432269
0.338043
-0.055181
0.127688
-0.039327
0.016111
0.002965
0.060701
-0.525054
0.164827
0.383149
0.131322
0.059688
0.062825
-0.143653
-0.456016
0.240898
0.285731
-0.501070
-0.253316
0.062011
0.064344
0.242240
-0.132979
-0.166668
0.161169
-0.247291
0.089308
0.287647
-0.180885
-0.196026
0.241612
-0.108967
0.074289
-0.072307
0.350236
0.070194
-0.083739
0.095675
-0.129846
0.107842
-0.078733
0.401648
-0.169319
-0.221894
0.066064
0.200175
-0.124736
0.021374
0.157341
0.312053
0.522543
-0.345247
-0.144410
-0.281393
0.054849
0.054979
-0.376728
0.006000
-0.063524
-0.398454
0.586535
0.296226
-0.118367
-0.004974
-0.227226
0.381045
-0.198235
0.435141
-0.187238
-0.748627
-0.193121
0.039613
0.297979
-0.147290
0.030495
0.228543
0.196035
0.094754
0.519168
0.269724
0.134819
0.107169
0.226874
-0.281341
0.217687
0.173568
-0.098524
0.075731
-0.200153
0.155012
0.093359
0.058796
0.014269
-0.028069
-0.017165
-0.060298
-0.207956
0.172763
0.012502
-0.236832
-1.065001
0.405045
-0.206157
0.080270
0.504357
-0.072082
-0.404139
-0.058563
-0.457579
0.082150
-0.049857
0.311034
-0.519209
-0.148293
0.226489
0.372143
-0.146553
-0.146459
-0.070941
-0.345481
0.023811
0.500368
0.170626
0.001306
-0.448402
0.159141
-0.140265
0.174213
0.061904
-0.248274
0.473146
0.354149
0.477593
0.133535
0.234955
-0.087442
-0.463109
-0.433751
-0.116953
0.272256
0.353907
-0.114949
-0.087988
-0.762122
-0.106089
-0.142324
0.379545
-0.209654
-0.307294
-0.129123
-0.217040
0.621253
0.302663
0.272552
-0.098351
0.338209
-0.186338
0.054062
-0.368097
-0.225178
0.297522
0.209202
-0.073915
-0.169526
-0.501349
-0.135208
0.097469
0.054912
0.027256
0.206912
-0.600313
-0.209164
0.248596
-0.258023
-0.407083
0.091876
0.123280
0.216769
0.106236
-0.209943
-0.311524
0.217813
0.060975
-0.083313
-0.062333
-0.400056
-0.078140
0.190594
0.532782
0.129261
0.113554
-0.415238
0.311723
0.292477
-0.231849
-0.273417
0.012975
-0.143383
-0.292880
0.569500
0.212943
-0.196232
0.223723
0.514712
-0.909652
-0.315419
-0.261733
0.337513
-0.459503
0.120424
0.214775
-0.391529
0.311015
-0.034755
-0.513751
0.850674
0.108060
0.138422
-0.054602
0.555379
-0.477176
-0.080259
-0.380654
-0.273693
0.171979
-0.111424
-0.005296
-0.425505
0.197056
-0.024298
0.004786
0.355974
-0.011450
-0.262923
-0.404793
-0.371660
0.140940
0.013310
0.341306
0.143102
-0.290489
-0.158384
0.547493
0.110194
0.363928
0.012021
-0.110088
0.188944
-0.096179
0.097009
0.210688
-0.131393
0.447789
0.506306
0.097243
0.501885
-0.428511
-0.434889
0.676450
0.045863
0.163940
0.127055
-0.778137
-0.072682
-0.478804
-0.206178
-0.123952
0.395147
-0.135962
-0.131276
0.032066
0.327483
0.082143
-0.135063
-0.188859
-0.541239
0.542556
0.281219
-0.027800
0.145997
0.096445
-0.033728
-0.201200
0.514322
0.306836
0.059226
-0.079956
-0.000769
0.247674
0.012151
-0.038648
-0.419372
-0.234653
-0.615505
0.136878
0.250552
-0.041805
-0.301868
-0.130748
0.464731
-0.270550
-0.264437
-0.435792
0.165459
-0.229493
-0.103619
-0.200667
-0.072283
0.371718
-0.038424
0.316622
-0.084503
-0.066304
-0.259749
-0.346614
-0.093882
0.016563
-0.301569
0.054621
-0.198247
-0.649715
0.190751
0.414318
0.235077
-0.454047
-0.276835
-0.877580
-0.463549
0.312961
0.334158
-0.181355
0.425330
0.347324
-0.629217
0.162291
-0.137937
0.368132
0.084592
-0.030323
0.343200
0.060278
0.351426
-0.509861
-0.210984
0.192104
-0.224258
0.366346
-0.109063
-0.062400
-0.245178
-0.661951
-0.103775
-0.105804
0.459989
-0.167914
-0.261199
0.395235
-0.083785
0.048635
-0.109809
0.291143
-0.051224
0.361453
0.358968
0.408104
0.364765
-0.112235
-0.042000
-0.335219
-0.094882
0.250330
0.174297
0.045709
-0.148209
-0.228732
0.460986
-0.523772
0.168078
0.046566
-0.191249
0.588538
-0.002687
-0.249414
0.110112
0.086721
0.250378
-0.029853
0.693335
0.262814
0.343834
0.014274
0.815679
-0.045785
0.157656
-0.146595
-0.437016
-0.237570
-0.546919
-0.180257
0.201036
-0.048711
-0.019421
0.322449
-0.027736
0.060691
0.034182
-0.173226
-0.468819
-0.177468
0.082659
0.016627
-0.068833
0.030621
0.026773
-0.268929
0.032729
-0.280764
-0.101762
-0.110790
-0.021617
-0.038573
0.287994
-0.569795
-0.071282
0.089037
0.176236
0.249302
-0.067617
0.282412
0.406037
-0.348057
0.330746
0.281653
0.021232
0.099741
-0.117446
0.135029
0.536879
0.144200
0.006752
0.595275
0.386974
-0.100873
0.005308
-0.069807
0.171569
0.247611
0.318789
0.071207
-0.336256
-0.433408
-0.117067
0.154268
-0.150195
-0.126430
0.138061
0.210516
0.080560
-0.126058
0.213784
-0.360453
0.177774
-0.585858
-0.259740
0.243726
-0.025092
-0.122038
-0.159411
0.111900
0.384384
-0.112784
-0.247477
0.312570
-0.053636
0.020870
0.163832
0.169058
0.235365
-0.216752
0.104845
-0.082997
