0.246849
-0.124857
0.258989
-0.063151
0.284983
0.169916
0.342262
0.300571
0.046178
0.113487
-0.044110
-0.271814
0.260899
-0.417434
-0.063433
-0.740493
0.562710
-0.183413
0.217725
-0.084873
-0.034073
-0.173707
-0.294376
-0.153294
0.300262
-0.804331
0.256383
0.173628
0.027824
-0.033865
0.546289
0.276179
0.130466
-0.238153
0.107266
0.484423
-0.456409
-0.230313
0.260616
-0.175806
0.309284
0.067543
-0.107555
0.660132
0.062700
0.783533
0.410560
-0.159921
0.071054
-0.074153
0.156320
0.126077
0.058372
0.331673
-0.241500
-0.028893
-0.005685
0.077844
-0.178206
0.288276
0.218436
0.269964
-0.667274
0.453949
0.014956
0.469500
0.394599
-0.073821
-0.179171
0.475553
-0.477636
0.189940
0.219366
-0.540024
-0.369161
-0.039857
-0.101692
0.511074
0.280142
0.102149
0.266074
0.148148
-0.215797
-0.667002
0.145856
0.612857
0.490339
0.181121
-0.227287
-0.022126
0.166731
-0.055078
0.297132
0.024835
-0.505407
-0.013999
-0.462434
-0.005403
-0.182267
0.384578
-0.693856
0.354717
0.120444
0.560579
-0.073705
0.248201
-0.303128
-0.168276
-0.004287
-0.135260
-0.355045
-0.152062
-0.310801
-0.225187
-0.272900
0.188219
-0.365408
-0.122831
0.033533
0.202243
-0.195647
-0.003244
0.648009
-0.193900
-0.010424
-0.009937
0.030991
-0.603434
0.001327
0.203494
0.053636
-0.165396
-0.243504
-0.159448
-0.751371
0.108050
0.087631
-0.420925
0.762249
0.216260
-0.217050
-0.327364
-0.098874
1.005669
-0.089870
0.272921
-0.391962
-0.147003
0.072436
-0.153933
0.336647
0.100066
-0.514767
0.371210
0.019830
0.365869
0.136535
0.293987
-0.464429
0.017479
0.049377
-0.063496
0.010717
0.149666
-0.050334
-0.079732
-0.227411
0.073500
-0.412974
0.470570
0.177046
0.025562
-0.284439
-0.245997
-0.560165
-0.040794
0.758341
0.090224
-0.170377
-0.242114
-0.051478
-0.090465
0.105394
0.042110
0.102191
0.011602
0.038034
0.090418
-0.100106
0.611609
0.261615
-0.156981
0.477685
-0.436691
-0.076114
0.045804
-0.001538
0.602721
0.419782
0.185200
0.611480
0.171319
0.320772
0.037468
0.278548
0.026714
-0.501884
-0.117702
-0.454703
-0.231078
0.200377
-0.308866
-0.079141
0.171575
0.246144
-0.523720
0.327306
-0.763943
0.222710
-0.488278
0.296501
-0.049076
0.528134
0.287810
-0.145432
0.010539
0.130396
1.169145
0.231409
-0.200560
0.131525
0.053899
-0.446844
-0.091433
0.210180
-0.107953
0.229746
-0.332305
-0.159718
0.137975
-0.086783
-0.076914
0.161256
0.442139
-0.664629
0.241087
-0.401113
-0.358043
-0.208972
0.258026
0.141802
-0.338615
0.183004
-0.450878
-0.062739
0.573019
0.109046
-0.537969
0.204067
-0.310425
-0.240406
0.246870
-0.002796
0.248794
0.128805
-0.016242
0.197036
0.411275
0.753556
-0.072257
0.242245
-0.061078
0.373339
-0.397937
0.321741
-0.018594
-0.476364
-0.666582
0.315462
0.586655
0.183358
-0.234461
-0.252019
0.071946
0.010906
-0.244652
0.337716
0.097424
0.429753
0.631254
0.051589
-0.168018
0.057434
0.011306
-0.247286
0.475673
0.007437
0.053924
-0.200584
-0.105480
0.619394
-0.012596
-0.041339
0.001195
-0.027213
0.242906
0.702622
-0.336870
-0.314590
0.058969
-0.060814
0.038691
0.004820
-0.364087
-0.428094
-0.295766
-0.356502
-0.176439
0.037640
0.247039
-0.639228
-0.092476
-0.201866
0.292033
-0.148920
-0.244523
0.676525
0.082913
-0.039496
-0.312659
0.070943
-0.050733
-0.394672
0.099049
0.072431
0.085006
-0.270646
-0.465497
-0.036509
0.334534
0.096231
0.051928
0.138111
0.313821
0.068227
-0.221254
-0.492157
-0.066569
0.366958
-0.217256
-0.128663
-0.099013
0.366220
0.259652
0.232470
0.254621
0.029182
0.511131
-0.159847
-0.066214
0.178429
0.522678
0.518370
-0.064478
0.092785
-0.456588
-0.918936
0.140426
-0.204060
-0.156130
0.086135
0.704684
-0.286768
0.107725
-0.363010
-0.312794
0.112038
0.305003
-0.550453
-0.309377
0.144369
0.209600
-0.315772
-0.489202
0.064968
-0.160038
0.599876
-0.503568
-0.232632
0.230122
0.497474
0.002346
0.754338
0.181513
0.524987
-0.001103
0.208122
-0.116294
-0.614540
0.605057
-0.175106
0.083238
0.590019
0.668497
-0.169414
-0.615993
0.344614
0.071366
0.044565
0.073231
-0.709334
-0.391929
-0.360248
0.643730
-0.184057
0.473092
0.469746
-0.146914
0.028191
-0.353614
-0.095208
0.261804
1.034736
-0.072947
-0.187962
0.065867
-0.105470
-0.338144
-0.258028
0.076555
0.446799
-0.120133
0.267726
0.264701
-0.058035
-0.516627
-0.255266
-0.085992
-0.118579
0.525219
0.056805
0.077577
-0.105562
0.146098
-0.227561
0.486840
0.174852
0.365395
-0.424495
0.463579
0.622305
0.060760
0.209510
-0.303681
-0.325347
0.282904
0.143701
0.412198
0.051571
-0.270530
0.019380
-0.256504
0.197138
-0.517757
-0.334821
0.208315
0.449530
0.107356
0.316578
-0.350868
-0.251935
-0.584085
-0.281103
0.068445
-0.123506
-0.105725
-0.236070
-0.056584
0.071714
-0.021930
-0.197462
0.347409
0.414855
0.010163
-0.396819
0.490494
0.027711
0.192389
0.338454
-0.076166
0.301453
0.245685
-0.038907
-0.611694
0.064159
-0.392090
-0.124157
-0.514756
0.009006
-0.330743
0.127833
-0.287373
0.305115
-0.111245
-0.680472
0.013219
0.154212
-1.169418
-0.294218
0.104490
-0.172364
0.273578
0.284648
0.011445
-0.092613
0.218758
0.448479
-0.253404
-0.357165
-0.403588
0.118662
-0.129441
-0.177408
-0.076131
0.192263
-0.192842
0.584284
-0.059353
-0.099142
-0.408887
0.019904
-0.175733
-0.120026
0.088030
0.047434
-0.134211
0.421891
-0.076517
-0.599484
-0.247923
0.138166
0.280753
0.170339
-0.194022
0.000641
0.587581
-0.532940
0.013027
-0.518377
-0.196227
-0.434755
-0.063942
0.235899
0.383413
0.082924
-0.209343
-0.338597
0.046966
0.205768
-0.005200
-0.140384
-0.084605
-0.401289
0.076247
0.062550
-0.284023
-0.087203
-0.022419
-0.226756
-0.153942
-0.187127
0.265456
0.756025
-0.112019
0.764461
0.020743
-0.262932
0.476481
0.316882
0.066402
0.418365
-0.212750
0.116731
-0.507943
0.326038
0.416597
-0.075877
0.503109
0.080009
0.407604
0.352047
-0.112415
0.597908
0.079198
0.038789
0.203330
-0.412922
0.523763
-0.174953
0.458380
0.250487
0.173757
0.274630
0.476701
0.973096
-0.017292
-0.097178
-0.432441
-0.454366
0.317279
0.236132
0.649746
-0.177766
0.567403
0.229756
-0.188004
-0.203088
-0.086024
-0.360870
-0.081990
-0.063558
-0.033875
-0.126376
0.425814
-0.396809
0.209990
-0.074580
-0.102189
0.423586
0.001699
0.534571
0.169720
-0.082709
-0.085885
0.219680
0.263318
0.183118
-0.276339
0.699298
0.129407
0.538555
-0.162244
0.426039
-0.395423
0.593231
0.567883
-0.404644
-0.309651
0.090587
0.720550
-0.104005
0.240031
0.008529
0.414889
-0.004592
-0.087075
-0.140838
-0.380168
-0.019572
-0.518704
-0.026538
-0.104693
0.311305
0.036302
0.183910
-0.293299
0.167393
0.240253
0.029405
-0.458509
-0.179728
0.120190
0.043465
-0.452481
0.572780
-0.469180
0.212280
-0.147071
-0.132905
-0.129922
0.234395
0.101771
-1.103395
-0.230515
0.125539
0.259336
-0.191090
0.013531
0.674732
0.020791
-0.206581
0.125721
0.182599
-0.528324
0.369823
-0.218875
0.339583
0.208051
-0.038295
0.698110
-0.512985
0.183361
-0.335060
0.250287
0.202507
-0.654896
-0.029547
-0.032054
-0.203314
-0.018271
0.218917
0.120805
0.040908
0.195724
0.247066
0.106916
0.376005
-0.244193
-0.184126
0.402521
0.107255
-0.148318
0.062595
-0.393780
-0.567071
-0.511406
-0.392668
0.257766
0.080174
0.217857
-0.088350
-0.221081
-0.047008
-0.217103
-0.452452
0.001548
-0.944850
-0.063922
0.127262
0.104467
0.268180
0.430825
-0.717219
-0.246411
0.278563
0.052116
0.220269
-0.258336
-0.233468
-0.044710
-0.365310
0.136439
-0.126833
-0.023409
-0.062348
-0.044452
0.447700
-0.231008
-0.020822
-0.282099
0.355505
0.191827
-0.428670
0.527251
0.259849
0.025940
0.679948
-0.051366
0.165419
-0.359958
0.010833
0.122413
0.246831
-0.197217
0.373126
-0.241186
-0.250158
-0.323973
-0.106719
-0.517901
0.436531
-0.048254
-0.329510
-0.091216
-0.360018
0.010096
0.415740
0.469801
-0.129363
-0.028129
0.014799
-0.096697
-0.270105
-0.195861
0.063941
-0.315113
-0.037176
-0.730871
-0.117135
0.467034
0.034502
-0.268573
0.254082
0.068691
0.483523
0.006294
-0.107075
0.079775
-0.001423
0.177011
-0.220146
0.071505
-0.040861
0.354483
0.935730
-0.248410
-0.250947
0.792634
0.228582
0.174185
-0.013149
0.024501
-0.565665
-0.267754
-0.241739
-0.088719
0.135982
0.227803
-0.310081
0.431712
-0.271549
0.306546
0.128123
-0.232699
0.579419
0.406849
0.441024
-0.118473
-0.069586
-0.092010
0.851909
-0.151365
-0.148770
0.050119
-0.300823
-0.480814
-0.289486
-0.443996
-0.007401
0.080800
-0.392415
0.130432
0.214663
-0.194077
-0.859458
-0.375292
-0.423030
-0.451076
-0.253504
0.166136
-0.020306
0.283517
-0.402075
0.521620
0.174118
0.661766
-0.058482
0.022370
-0.188060
0.740638
-0.148849
-0.265036
-0.484165
0.326073
0.205290
0.378979
0.033095
0.064575
0.072955
0.273680
0.627191
0.600836
-0.066077
0.564613
-0.629365
0.105755
-0.035754
0.547244
-0.705988
0.313089
0.480040
-0.222574
0.350490
0.448577
0.300193
-0.662530
-0.573268
0.025369
-0.417679
-0.505387
0.560398
-0.101802
0.909187
0.062236
0.764305
-0.169753
-0.158612
0.059435
-0.359548
-0.192520
0.153669
-0.497926
0.037061
-0.188105
0.336902
0.430828
-0.364092
0.095493
-0.521094
-0.229098
0.249631
-0.182993
-0.309096
-0.413254
-0.049145
0.016675
-0.179189
-0.084666
0.413017
0.179741
0.274098
-0.150861
0.214789
0.405430
-0.396936
-0.359491
0.198814
0.502757
0.116189
0.597336
-0.193944
-0.016595
0.229380
-0.214026
0.248265
-0.461979
-0.138240
-0.356814
-0.132435
-0.124463
0.378299
0.646351
0.348590
-0.007396
0.408347
-0.134460
0.236515
0.039969
-0.088607
-0.185964
0.187236
-0.324835
0.141067
-0.650025
0.131308
0.020358
-0.050221
-0.043186
0.445550
-0.028091
-0.166436
-0.468534
0.247780
-0.079543
-0.233334
0.269756
-0.003259
0.043192
0.420620
0.032086
0.048972
0.195951
0.313840
0.041864
-0.228960
0.300926
0.680810
0.192368
-0.204076
-0.096519
-0.079308
-0.184078
0.577669
-0.746724
0.129047
0.558264
-0.107881
0.035906
0.213573
0.545446
0.114569
0.164465
-0.260240
0.166884
-0.114960
0.185712
-0.646822
-0.206506
0.072426
0.143113
0.545241
-0.118257
0.201045
0.515865
0.080385
-0.977950
0.139934
0.074907
0.093978
0.295132
0.376749
0.247161
-0.364580
-0.025954
-0.269003
-0.349932
-0.268267
-0.125094
0.138157
0.641669
-0.293540
0.002319
-0.011845
-0.122450
0.467933
-0.048670
-0.226512
-0.190664
-0.075493
0.413060
0.251454
-0.219889
-0.293127
-0.012156
0.181110
-0.155310
0.101686
0.131581
-0.286953
0.072825
0.615309
-0.254116
-0.101118
-0.042463
-0.290073
-0.358441
0.262783
0.218139
0.233868
0.148208
-0.068621
0.334712
0.194164
-0.129868
-0.187717
0.333228
0.236365
-0.002728
-0.140389
-0.188259
0.121167
0.614332
-0.055055
-0.633793
-0.557346
-0.108250
-0.218164
0.111319
0.083558
0.185511
-0.034054
0.225104
-0.086687
-0.114421
0.025386
0.631944
0.246804
0.409839
-0.115894
-0.377797
-0.593579
-0.034396
0.163036
-0.095716
0.112364
-0.231140
-0.062129
0.185262
0.042836
0.303587
0.058289
-0.294915
-0.135871
-0.109449
0.170211
0.817827
-0.182295
0.123807
-0.261457
0.451801
0.037060
0.107010
-0.157972
0.060537
-0.287250
0.189755
-0.292781
0.081712
0.357197
0.291130
0.456177
-0.373237
0.208921
0.271248
-0.439754
0.127136
0.059144
0.120529
0.815575
-0.241096
0.247002
-0.776138
0.030325
0.150599
0.287582
0.031692
-0.091867
0.021234
0.065892
0.432872
0.401254
-0.255401
-0.022607
-0.044614
0.273918
-0.170213
0.148106
-0.245259
-0.041068
-0.178709
-0.490929
-0.593891
0.275800
0.382217
-0.346026
-0.601041
0.058914
-0.062098
0.262257
-0.078711
0.425538
0.005877
-0.324756
0.191177
0.459960
0.284344
-0.031587
-0.115851
0.383213
0.078318
-0.663515
-0.793863
0.017907
0.687212
0.327973
-0.103739
0.387677
0.149741
0.442005
-0.196212
0.209617
0.505689
-0.716156
0.004648
-0.142873
-0.347452
0.032983
0.069771
0.454323
-0.068686
0.350685
0.573377
-0.310775
0.022604
0.260824
-0.044292
-0.244149
-0.208584
-0.042177
0.378292
-0.170104
0.030763
0.365822
-0.094382
0.264900
0.287326
-0.009434
0.242641
0.288331
-0.069586
-0.347995
-0.468869
0.106750
0.488308
0.276121
0.221529
0.349277
0.309368
-0.062565
-0.471634
0.482877
-0.070137
0.212918
-0.360150
0.534933
-0.098600
-0.011367
-0.441659
-0.362952
0.208109
-0.280375
0.362987
-0.259640
0.111212
0.379371
0.544922
-0.172005
-0.886562
0.007030
-0.103498
0.349249
-0.217033
-0.121520
0.736641
-0.108518
0.004629
-0.363152
-0.093710
0.434752
0.124498
-0.654576
0.218520
0.083083
-0.058850
0.156725
-0.580749
0.215591
-0.603698
0.055119
-0.711443
0.190790
0.332417
-0.300782
-0.023172
0.627214
-0.942507
0.190880
-0.408762
-0.515676
0.178369
0.258699
0.299118
-0.339021
-0.108914
0.103920
0.002621
0.027990
0.014267
0.003977
-0.461092
-0.378039
0.057966
-0.076656
-0.082040
-0.614400
0.062401
0.139155
-0.029980
0.109851
0.080246
0.063866
-0.198267
-0.802053
-0.236715
-0.148278
0.009343
0.241836
0.017953
0.029700
-0.042142
-0.267799
-0.291531
-0.279699
-0.245690
0.438393
-0.074024
0.070245
0.683326
0.084950
0.089317
0.176982
-0.013135
-0.176439
-0.472092
0.088249
0.238483
0.295472
0.372695
-0.279108
-0.179482
-0.091435
-0.404029
-0.157937
0.132086
0.537044
-0.052978
-0.746983
0.047500
0.011256
-0.220719
-0.342094
0.701451
-0.019650
0.218541
-0.026951
0.206140
0.022726
-0.610830
-0.561572
0.240130
0.094158
-0.320503
-0.036946
0.001714
0.504541
-0.097331
0.266628
0.232493
0.291566
-0.125944
0.366406
-0.082060
-0.944269
0.410351
0.624488
-0.303960
-0.367185
-0.531581
-0.279786
-0.068879
0.056436
-0.476762
-0.336390
0.029068
0.358117
0.645273
-0.119176
0.135321
0.175142
-0.523261
0.156647
0.045455
0.126169
-0.073262
0.342395
0.497071
-0.042161
-0.350110
0.346133
-0.258308
-0.441898
0.080827
0.582004
-0.191451
-0.227863
-0.581970
0.544867
0.153257
0.852954
0.219582
-0.434235
-0.265415
0.015467
0.161148
0.643491
-0.047791
0.301633
-0.006705
-0.250684
-0.065503
0.706645
0.199992
-0.051709
-0.255398
0.391957
-0.092651
0.563341
0.505368
-0.408708
0.096670
-0.301373
-0.039634
0.443615
-0.293348
0.559957
0.182067
-0.410773
-0.083632
0.087880
0.039790
-0.238702
0.199043
-0.605519
0.132622
-0.428148
0.219048
-0.562865
-0.355193
-0.604756
-0.593243
-0.125720
-0.668533
-0.533099
-0.182279
-0.410548
-0.889439
0.083923
-0.879059
-0.422060
-0.366355
-0.001749
-0.568450
-0.500585
-0.622594
0.139899
0.290478
-0.357303
0.461824
0.484589
-0.028011
0.398393
0.559066
0.416229
0.861293
0.568775
0.335425
0.574832
0.281321
0.730185
0.385731
0.366402
1.242461
0.444291
0.112935
0.127596
0.212697
-0.267244
0.816321
-0.054225
0.625985
-0.041325
0.039935
-0.368273
0.106314
-0.642103
-0.086882
-0.328448
-0.255257
-0.542423
-0.458117
-0.093674
-0.682203
-0.597725
-0.673113
0.389490
-0.826766
-0.499644
-0.217157
-0.020207
-0.441386
-0.118902
-0.512734
-0.420901
-0.314303
0.134870
-0.567322
0.628759
0.038564
-0.882364
-0.190162
0.020218
0.684112
0.132417
-0.269849
-0.145760
0.390467
0.268436
-0.245809
0.470339
-0.588574
0.345821
0.512894
-0.253692
0.357600
-0.080189
0.214066
0.271778
-0.145368
-0.147069
0.116647
-0.296693
0.171421
0.173188
0.035523
-0.248211
0.064088
-0.155258
-0.864656
0.243685
-0.219402
0.255924
0.546789
0.317834
0.704470
0.241907
0.171951
-0.478374
0.522160
0.613823
0.204610
0.006933
-0.047920
0.022771
-0.587252
0.594807
-0.104507
0.109319
-0.288528
0.577208
0.679043
0.422233
-0.602042
0.386917
0.121016
0.389013
0.080888
-0.263884
-0.373945
0.471390
-0.678115
-0.375458
0.190764
-0.142620
0.037080
-0.008541
0.381844
-0.729381
-0.199993
0.121239
0.172874
0.113128
0.754740
0.082557
-0.017459
0.123853
-0.207267
0.290341
0.033138
0.310731
-0.155192
-0.162788
-0.366935
-0.542575
0.547972
0.479289
0.621611
-0.098015
0.339704
0.147487
-0.358131
-0.388659
0.022506
-0.819129
-0.297685
-0.088678
-0.802040
-0.852725
-0.149963
0.275483
-0.408543
-0.231971
-0.190364
0.049356
0.178195
0.132987
0.082404
0.737782
-0.148784
-0.379302
-0.108193
0.686095
0.440050
0.306326
-0.535959
-0.366688
0.216263
0.158078
0.702875
-0.550019
-0.574283
0.054722
-0.064672
-0.211721
-0.012228
-0.630062
-1.080756
-0.064279
0.099675
-0.218560
-0.164436
-0.058338
-0.379598
-0.321246
0.307187
-0.091773
-0.103869
-0.102049
0.053089
-0.336852
-0.390201
0.148768
-0.217535
0.002159
0.464642
0.088795
-0.062214
0.784545
-0.036446
-0.144061
0.812675
0.258929
0.575581
0.040812
-0.327216
-0.326502
-0.157302
0.177503
-0.322566
0.196775
0.351595
-0.099160
0.099370
-0.620024
0.312842
0.396863
-0.314043
-0.106509
-0.140457
0.336937
-0.015318
0.301260
-0.189253
0.345673
0.061070
-0.669151
-0.079270
-0.586881
-0.671635
0.392841
-0.598009
0.002861
-0.353677
0.383236
0.529600
0.022993
0.151096
0.182554
0.360728
0.327778
-0.135192
0.123161
-0.096879
0.193433
0.422904
-0.307801
-0.523074
0.296456
-0.359135
-0.198660
0.113354
-0.018137
-0.528617
0.319927
-0.324643
-0.230244
0.604385
-0.086882
0.142758
-0.093436
0.523292
-0.143118
-0.063474
0.286071
-0.149322
-0.141266
-0.195877
-0.701159
-0.431743
-0.081154
0.211880
-0.000363
-0.435945
-0.271169
0.101459
0.209898
0.243431
-0.190448
-0.221549
-0.298556
-0.304512
0.523803
-0.207246
-0.096089
0.238767
0.116716
-0.056031
-0.513382
0.204675
-0.350470
-0.109659
-0.330514
0.018958
-0.319842
0.001068
-0.194078
-0.157349
0.097312
-0.915502
0.074568
0.056086
-0.166130
-0.315276
-0.281029
-0.892910
-0.343508
0.165922
0.065374
0.188519
-0.162162
-0.391871
0.603205
-0.188390
-0.392474
0.833457
0.234151
-0.275191
0.988782
-0.071566
-0.212716
0.093256
-0.369684
0.618037
-0.243446
0.604632
-0.183537
-0.465278
0.750112
0.311976
0.156847
-0.047490
0.245305
-0.041427
0.933232
0.141531
-0.318788
-0.062588
0.231638
0.147516
0.453955
0.668776
0.150605
-0.017562
0.261915
-0.175919
0.121695
-0.113946
-0.114036
0.626286
0.525379
0.020848
-0.116064
0.108037
-0.383649
0.028228
-0.274318
0.139407
-0.169752
-0.092959
-0.062784
-0.424643
-0.163952
-0.913842
-0.423547
0.691720
-0.204217
-0.353026
0.726388
0.375941
-0.345853
-0.047853
0.669586
-0.705553
0.116584
0.533114
-0.174645
0.067402
-0.225531
0.373518
0.005801
-0.395046
0.333015
-0.030077
0.192122
-0.606921
-0.152298
0.047772
-0.205419
0.077157
0.411274
-0.168038
0.200053
0.483139
0.433231
-0.812666
0.663239
0.365555
-0.353195
0.360627
0.041557
-0.488039
-0.259889
0.115232
-0.083861
-0.300008
-0.129622
0.282552
-0.476155
-0.488952
0.254746
0.311487
0.121286
-0.353766
0.048484
-0.065491
-0.056361
-0.135544
-0.176938
-0.502034
0.009094
0.231346
-0.078465
-0.049838
-0.107597
0.688263
-0.334815
0.258829
0.633936
-0.547011
-0.120425
-0.297361
-1.078045
-0.251181
-0.223575
0.476337
0.099244
-0.266452
0.366243
0.200890
0.556669
0.085694
-0.208256
-0.016757
-0.599963
0.518288
-0.045234
0.188542
-0.408311
-0.201279
0.162144
0.173582
-0.329015
-0.368043
0.607979
0.062428
0.428256
-0.098821
-0.004771
-0.700046
-0.623819
0.013693
-0.257401
0.663077
-0.114623
0.057003
0.149699
-0.259045
0.146911
0.289787
0.303572
0.486383
0.392995
-0.311969
0.041660
-0.346927
-0.283349
-0.093708
-0.100176
0.260920
0.037189
0.297198
0.283779
-0.085357
0.119799
0.027684
0.341380
-0.068291
0.371870
-0.400037
-0.126258
-0.277038
0.304671
-0.086501
0.015770
0.133236
0.403747
0.027471
0.271921
-0.543276
0.330633
-0.123605
0.031783
-0.399482
-0.064344
-0.170437
0.131158
-0.079838
0.345595
0.285973
0.115452
0.114187
-0.106146
-0.118069
0.072450
0.067137
-0.231010
-0.426036
-0.373975
0.065812
-0.100217
0.163017
-0.279346
0.158798
0.018967
-0.229003
-0.255798
-0.107264
-0.048410
-0.126394
0.009063
0.295723
-0.105293
-0.526379
0.201100
0.027461
0.172204
-0.014031
-0.953255
0.781235
0.261457
0.022483
-0.333465
-0.102586
-0.236879
0.009921
-0.640242
0.448534
0.005629
-0.077053
0.289176
0.388847
-0.447068
-0.012767
-0.562273
0.032618
0.270728
-0.063293
0.074232
0.611426
0.164145
0.839823
0.106809
0.055569
-0.426233
0.116934
-0.016527
0.612940
-0.030718
-0.276901
-0.273497
-0.154774
-0.500669
0.068392
-0.162871
0.463286
0.297283
0.374188
-0.232578
0.548642
-0.087977
-0.122012
-0.183804
-0.169548
-0.435394
0.471169
-0.049807
-0.368299
0.364157
-0.068937
-0.085570
-0.093352
0.060349
-0.247146
0.121607
0.261583
-0.184951
-0.016542
0.159306
0.414137
-0.270408
-0.229319
0.191780
0.054486
0.846978
-0.124736
-0.257626
-0.164200
-0.043246
-0.141804
-0.163574
0.170645
-0.133431
-0.115643
0.363142
0.237654
0.196735
-0.250054
0.739515
0.674180
-0.087807
-0.165219
0.392184
-0.455033
-0.487853
0.020339
-0.052248
-0.324651
0.121945
0.149791
0.463475
-0.059994
-0.306407
-0.332517
-0.076808
0.178856
-0.083797
-1.008369
0.010425
-0.526837
-0.370088
-0.191436
0.373490
0.290614
-0.116734
0.410573
-0.299857
0.402558
0.067170
0.283852
0.012166
0.191934
-0.260931
0.737499
0.034547
-0.177298
0.155035
-0.545974
0.443413
-0.241786
-0.445576
0.354859
0.466849
0.018826
0.054245
-0.138964
-0.040473
-0.268405
-0.485391
-0.375922
-0.388344
0.067941
0.449614
0.043434
0.668911
-0.034326
0.259451
-0.125314
0.165852
-0.539744
0.304556
-0.360071
0.109496
-0.125414
0.116425
-0.268060
-0.308773
-0.280290
0.108721
-0.308088
0.555479
-0.064152
0.008548
-0.200186
-0.157847
0.011153
-0.196552
0.261278
0.438895
0.412417
0.010936
-0.190137
0.274007
0.949509
-0.452834
-0.000990
-0.372884
0.332584
0.044037
-0.281112
0.099816
0.146090
0.136765
-0.546751
0.265559
-0.406523
0.156012
0.057798
-0.130542
0.199131
-0.365651
-0.508871
-0.192546
-0.096072
-0.308042
-0.017195
0.787794
0.469085
-0.325845
0.181106
0.127270
-0.365406
-0.320054
-0.175688
-0.436352
0.253420
0.006878
-0.194230
0.365836
-0.060819
-0.028643
-0.357301
0.340884
0.372291
-1.106966
0.306061
-0.171848
0.186913
-0.223870
-0.516391
0.255430
-1.027250
-0.160775
-0.325004
-0.362620
-0.175266
0.210003
-0.219872
-0.119109
0.579122
0.544337
0.213138
-0.076876
-0.292253
0.179912
-0.126511
0.201296
-0.176958
-0.042120
-0.002374
-0.009998
-0.017713
0.250663
-0.161531
-0.471127
0.526458
-0.101742
0.008769
-0.081995
0.077370
0.261279
-0.284590
-0.503425
0.046555
0.587509
0.168362
-0.258324
0.042707
-0.346606
-0.424349
-0.302996
-0.335050
0.404391
0.066345
0.167992
-0.164957
-0.609736
0.180934
-0.269404
-0.200604
-0.460825
-0.189941
0.318815
0.232786
0.537781
-0.117396
0.064410
-0.008422
0.073597
-0.663118
0.389723
-0.190774
-0.691047
0.149976
-0.314622
-0.429612
-0.007025
0.122389
0.480589
0.169626
0.057518
0.049374
-0.255850
-0.223300
0.219262
-0.083206
0.147139
-0.437613
0.032639
-0.477067
0.413717
-0.080829
-0.313260
0.271984
-0.353677
-0.159930
0.147391
0.340344
0.108369
-0.049815
-0.408237
0.091710
-0.181456
0.226780
0.332795
0.220244
-0.010948
0.053265
-0.066719
0.031608
-0.121464
0.572912
-0.481846
0.278120
0.562247
-0.094361
0.426758
0.269267
-0.148064
0.137688
0.043446
-0.016905
0.035414
0.069078
0.400455
-0.140860
-0.047804
-0.092109
0.064975
-0.312299
-0.308750
-0.297329
0.479838
0.747744
-0.358849
-0.137120
0.017890
-0.088700
0.178595
0.262662
-0.559397
-0.062102
-0.107319
0.240894
0.239581
-0.037696
0.121711
-0.164160
0.157026
-0.503563
-0.403172
-0.079929
0.036549
-0.163777
-0.351078
0.410526
-0.216056
-0.458483
-0.546597
0.490196
0.164419
0.309135
-0.196063
0.014900
-0.243740
-0.014436
0.140853
0.576225
-0.277107
0.215919
-0.126400
0.425200
0.270972
0.307804
-0.132584
-0.968881
0.200221
0.245876
-0.271662
0.143281
0.028425
0.544782
0.022968
-0.406316
0.145493
0.418147
0.591823
-0.062226
-0.729384
-0.058722
-0.594927
0.609252
-0.211377
0.114012
0.082317
-0.068752
0.082647
0.226374
0.606891
0.155556
0.065945
-0.371548
0.142770
-0.241278
-0.685482
0.368855
0.549133
0.375555
-0.178795
-0.245212
-0.010723
0.178601
-0.514773
0.288542
-0.077670
-0.063007
-0.210395
-0.045078
0.166593
-0.153171
-0.425012
-0.359570
-0.121915
0.189923
-0.070750
0.371932
-0.150224
0.152321
0.075625
-0.092890
-0.069684
0.021624
0.692414
-0.193845
-0.390310
0.506567
-0.433830
0.479209
0.158718
0.361236
0.606278
-0.026761
0.583428
-0.720968
-0.376739
0.689268
-0.235673
0.136782
-0.635972
0.144764
-0.395404
-0.323668
-0.282971
-0.086554
0.159287
-0.404398
0.155067
0.297940
-0.222692
-0.336396
-0.058336
-0.613608
0.498028
-0.077289
-0.098295
-0.221455
-0.146693
-0.083622
-0.015200
-0.221281
0.078882
-0.434683
-0.188632
-0.009082
-0.076584
0.711083
0.205143
0.009759
0.276601
-0.346885
0.381912
-0.443311
-0.339583
0.023919
-0.428259
-0.750923
-0.137149
-0.060782
0.156745
-0.185006
0.631797
0.254057
0.005490
0.081675
-0.499290
0.184599
-0.583659
0.472691
0.414085
-0.557506
-0.058878
-0.319299
-0.072801
0.247278
0.112450
-0.045527
-0.271774
0.016464
-0.458288
0.292771
0.750513
-0.138992
-0.425639
0.110740
-0.084267
-0.098388
0.696006
-0.224892
0.392744
-0.088338
0.344941
-0.093339
0.645386
-0.253357
0.097831
-0.113870
-0.210104
0.358731
-0.341350
0.122616
-0.155963
-0.327040
0.549928
-0.204589
-0.289651
0.192507
-0.510997
0.176111
0.003040
0.430901
0.457833
0.497557
-0.388777
0.003429
-0.203191
-0.419810
-0.783898
0.358998
-0.390687
0.013005
0.155694
0.045969
0.518476
-0.012836
-0.459435
-0.161634
0.535290
-0.715158
-0.336550
-0.280583
-0.131320
0.196562
-0.020824
-0.267609
-0.084763
-0.202424
-0.130173
-0.454695
-0.223819
0.234465
-0.709423
-0.213261
0.415747
-0.637633
-0.183293
0.263426
0.156650
0.232518
0.071333
-0.559270
0.266384
-0.238066
-0.596342
0.064439
0.300532
0.084377
0.273975
0.417966
-0.398671
-0.355755
0.427577
0.197634
-0.225272
0.483393
-0.084223
0.343623
0.297219
-0.131832
-0.081562
-0.235681
-0.065760
-0.194224
0.205043
0.469724
-0.368420
-0.106025
-0.251554
-0.288364
0.047235
0.181403
0.168047
-0.026370
0.252884
-0.555466
-0.270367
0.482668
0.199722
-0.419003
0.177777
0.145961
0.799157
0.139513
0.211666
0.173376
-0.133950
-0.506683
0.479532
-0.445634
0.494499
-0.142127
-0.381999
0.550585
-0.069515
0.285226
-0.038001
-0.511615
0.100030
0.098475
0.288006
0.169840
0.103015
0.378043
-0.381848
-0.236424
-0.263480
0.332538
-0.134277
-0.578223
0.259109
-0.487202
-0.027060
-0.669475
-0.111697
0.028531
-0.447205
-0.442856
-0.074265
0.214509
-0.123225
-0.197163
0.365463
0.031560
0.563915
0.135325
-0.229826
0.174106
0.106843
0.068645
0.195707
-0.168312
0.068353
-0.266576
-0.095467
-0.430872
-0.229839
0.151661
-0.266279
-0.195940
0.134075
0.008342
-0.044560
0.413706
0.151823
0.098245
0.255733
-0.165477
-0.361415
-0.065577
0.568141
-0.265231
-0.331089
0.303472
-0.006874
0.079855
0.165653
0.215629
0.131485
0.413208
0.380131
-0.226508
-0.226800
0.224885
0.755332
0.454183
-0.075647
-0.394674
-0.015382
-0.453848
-0.112327
0.102967
-0.186546
0.378855
-0.143817
0.041994
0.527868
-0.078587
0.134082
-0.148601
0.537651
-0.311765
0.358892
-0.191877
-0.074793
-0.145381
-0.032779
-0.104786
-0.231197
0.559395
0.346318
-0.207925
0.070206
-0.335711
0.004425
0.476651
-0.424844
-0.049782
0.079976
-0.553241
-0.047941
0.170970
-0.174536
0.444379
0.394290
-0.142256
-0.028065
0.230056
-0.188507
-0.489245
-0.191543
-0.640494
-0.119437
0.040628
0.131256
-0.114025
0.590320
0.087107
-0.460072
0.020828
0.037734
-0.233050
0.325051
-0.097135
-0.122926
0.279869
0.319248
-0.198514
0.139483
0.564546
-0.107894
0.318459
-0.152721
-0.234464
0.307565
-0.299653
0.015555
-0.672856
-0.096110
0.373120
-0.041499
-0.379734
-0.300083
0.745837
0.260176
-0.644198
-0.197452
-0.175103
0.030597
-0.446480
-0.330414
-0.374832
0.050093
0.488088
0.068004
-0.176553
1.016459
-0.338705
1.009291
-0.820536
0.316127
0.783148
0.109651
0.054808
0.177420
-0.363159
-0.327669
-0.166756
0.240679
0.832299
0.269591
-0.202853
-0.836464
-0.156766
0.416649
-0.477271
0.147618
-0.124411
0.111558
0.284807
-0.010433
-0.384535
0.515700
0.183147
0.201350
-0.395502
0.049720
-0.335642
-0.314950
0.464098
-0.245629
0.076381
0.081190
0.040752
0.135063
-0.623536
0.178842
0.110205
0.087820
-0.090843
0.502447
-0.621902
-0.027624
0.679123
-0.019866
-0.549065
-0.024823
-0.221972
-0.129756
0.338649
-0.372164
-0.452152
0.048431
0.327520
-0.837968
0.152846
-0.095030
0.178658
0.730091
0.163907
0.275268
-0.262706
-0.083364
-0.317617
0.522678
-0.163555
0.204674
-0.644452
-0.350748
0.548763
0.059226
-0.491756
0.019575
-0.267239
0.101821
-0.205459
0.185064
-0.330494
0.023094
0.205565
0.093715
-0.550066
-0.279335
-0.057205
-0.659878
-0.172074
-0.531031
0.284437
-0.290980
-0.235678
-0.149409
0.666329
0.093790
0.047689
0.245168
-0.118948
0.592392
-0.693902
-0.110517
-0.173054
-0.285580
0.221007
-0.327418
0.259423
0.213372
0.293150
-0.101319
0.397962
0.113145
0.001741
0.477700
-0.088361
-0.311677
0.483206
-0.007229
0.122558
0.217117
-0.020444
0.097882
-0.538335
0.191891
-0.516631
-0.552597
0.338038
-0.200843
0.210420
-0.185489
0.086980
-0.426133
-0.299605
0.345356
-0.153610
-0.620015
-0.180823
-0.226069
-0.389185
-0.601696
-0.249301
-0.069165
-0.080732
0.110253
0.125610
-0.235047
0.580748
-0.098665
-0.176491
-0.298617
0.078033
0.011816
0.211840
0.095877
-0.074272
-0.346799
0.316181
-0.123204
0.228934
0.246254
-0.349608
-0.169945
-0.055043
0.384676
0.455959
0.447419
-0.065583
0.650705
0.006879
-0.340879
0.055473
-0.094578
0.295377
0.145484
-0.082770
-0.225832
-0.101031
0.280554
0.119626
0.130478
-0.471103
-0.245284
-0.720476
-0.389623
0.384714
-0.537477
0.340875
-0.060797
0.406060
0.181367
-0.329906
-0.053944
0.324819
0.347706
-0.423508
-0.567852
-0.283822
-0.353342
0.242606
-0.005888
0.103839
-0.519000
-0.103047
-0.486360
-0.489352
0.600918
-0.267712
-0.376039
0.108940
-0.355998
-0.269460
-0.475405
-0.068762
0.113659
-0.084201
0.337631
-0.019465
0.529483
0.246540
-0.242266
-0.144062
-0.030598
-0.321487
-0.531804
0.049887
0.111379
-0.010360
0.131827
-0.142487
0.203454
-0.281164
0.311090
0.102621
0.226920
-0.684623
-0.359330
0.049691
0.436058
0.111636
0.089681
0.357222
-0.048459
0.175480
-0.255716
0.138771
0.065080
-0.490287
0.224933
0.075270
-0.072483
-0.101262
0.224813
0.141129
0.018832
0.390389
0.433969
-0.436545
0.397276
0.489438
0.504315
-0.437085
-0.457166
-0.169551
0.391992
-0.302964
-0.114978
-0.727264
0.285150
0.366448
-0.193981
-0.415997
-0.252945
0.417307
-0.484332
0.289884
-0.250064
0.154380
-0.330988
-0.419406
-0.412569
-0.079807
-0.593102
0.194031
0.412355
0.350997
-0.022875
0.286941
0.309892
0.678266
-0.545899
0.048477
-0.057160
-0.386933
-0.450463
0.234734
0.005798
0.541798
0.553801
0.039215
0.099958
-0.160386
0.258348
0.273085
0.318752
0.284531
-0.060275
0.306241
-0.586370
0.456796
0.073332
0.151370
-0.153140
-0.380166
-0.325547
0.241186
-0.391827
0.340106
0.387035
-0.305461
0.486573
0.238824
-0.038502
0.831866
0.358387
-0.024336
-0.094982
0.184789
0.832123
0.068377
-0.188425
-0.159195
-0.360511
0.091800
0.185623
0.164319
-0.257391
-0.001422
-0.403398
0.105239
-0.247359
0.088023
-0.113629
-0.672326
-0.225457
0.225084
-0.179493
-0.001435
0.086706
0.206314
-0.434183
-0.221044
0.108442
0.341519
-0.032433
-0.477868
-0.554978
-0.354290
0.077986
-0.290523
0.172640
0.534428
-0.246866
-0.383937
0.653224
-0.661136
-0.040548
-0.511007
0.115398
-0.283440
0.164522
0.004339
-0.123206
-0.421458
0.540399
-0.928140
0.406135
-0.137100
-0.120767
0.229880
-0.237754
0.461548
0.348479
0.361797
-0.257193
0.366231
0.324588
-0.005046
0.689492
0.123325
-0.227942
0.207458
-0.378352
0.094979
0.295912
0.448396
0.180610
-0.655669
0.757978
-0.322968
-0.225180
-0.525219
0.132554
0.377141
-0.035084
0.323747
0.265107
-0.205858
0.366950
-0.362582
-0.389986
-0.273649
-0.000237
0.402183
0.089885
-0.227934
-0.020330
-0.101689
0.040094
0.779862
-0.252915
0.308819
-0.114094
0.386590
0.108155
0.405405
-0.114224
0.113701
0.240883
-0.671135
0.214152
0.368524
-0.087114
-0.522455
-0.372721
0.524991
0.075884
-0.207592
0.568506
-0.132617
0.015217
-0.034175
0.213456
-0.337634
-0.362424
-0.213463
0.826150
0.278642
-0.019439
0.536684
-0.313976
0.175209
-0.011403
0.042276
-0.515146
-0.100017
0.281515
0.071157
0.144540
0.277441
-0.131708
0.197992
-0.209518
0.318003
0.814948
-0.112022
0.171145
0.092951
0.203252
-0.359437
-0.691532
0.089260
0.308793
0.123086
0.316801
0.114029
0.450519
0.432583
0.066645
0.518519
0.274939
0.090749
0.159337
-0.006845
0.121860
0.246056
-0.311568
0.265126
-0.540591
-0.110871
0.322127
-0.435053
0.400210
0.205036
0.353696
-0.108820
0.119479
-0.291290
0.477874
0.191419
0.065407
-0.196064
0.030655
-0.256374
0.408907
0.026807
-0.051825
0.425965
0.520673
0.406605
0.149002
0.143376
0.070208
0.209269
-0.191886
0.222199
0.254392
0.250947
0.201274
0.054040
-0.401605
-0.492677
-0.124550
0.039348
-0.166933
-0.021524
-0.399740
-0.365888
0.319673
-0.075758
-0.050753
0.393529
0.037486
0.461113
0.558161
-0.003760
-0.369234
0.725147
0.250415
0.379867
0.207118
0.188324
-0.023474
0.334713
0.179928
-0.164731
0.277910
-0.302562
0.088213
0.477936
-0.264408
-0.236075
0.395888
-0.660996
-0.413256
-0.202640
-0.216373
-0.089165
0.088883
-0.288597
0.089354
-0.197111
0.273413
-0.530979
-0.072800
0.608102
0.371446
0.217647
-0.480676
0.191406
-0.368228
0.490012
0.103373
0.477842
-0.580717
-0.361352
0.015636
0.363674
0.245246
-0.130995
-0.277813
0.228839
0.362712
-0.370212
-0.186037
0.269180
-0.172478
-0.203796
-0.453710
-0.574203
-0.169401
-0.114442
-0.095451
0.239334
0.103480
-0.062100
0.243747
-0.512528
-0.062817
-0.255709
-0.321600
-0.251111
0.194081
0.003834
0.280808
-0.667365
0.449646
-0.241847
0.143324
0.078422
0.133215
0.539808
-0.876253
-0.171346
0.138904
-0.155217
-0.276487
-0.127779
-0.551012
-0.274292
0.243700
0.300444
-0.172747
-0.140663
-0.088900
-0.439912
-0.392648
0.313323
0.271706
-0.202565
-0.515186
0.235353
0.125458
0.289825
-0.735891
-0.165156
0.363357
-0.313740
-0.230266
-0.500513
-0.051965
0.271642
-0.024111
0.543569
-0.108723
0.356484
-0.350778
-0.039491
-0.035536
0.186005
0.255215
-0.227890
0.594166
0.032303
0.427070
-0.004943
-0.162135
-0.141394
-0.842198
0.282588
0.011384
0.025480
0.092924
-0.318486
0.468689
-0.332708
-0.312225
-0.456553
0.456042
0.103418
-0.229312
0.095694
0.454613
-0.069032
0.273750
-0.174752
0.025610
0.234998
0.052154
0.075964
-0.312710
0.031002
-0.258678
-0.090228
0.145809
-0.216915
0.231635
0.263822
0.077891
-0.182255
-0.026118
-0.283135
-0.057418
-0.253812
0.147442
0.054195
0.250088
0.366239
-0.291482
-0.215891
0.058864
0.464450
0.001060
0.021783
-0.246387
-0.635610
-0.242707
-0.291285
-0.150414
-0.731599
0.149362
-0.069082
0.170496
-0.278933
0.087603
0.133477
-0.217499
0.730875
-0.344584
0.331305
-0.370894
0.125356
-0.074829
0.248671
-0.685364
0.099741
0.156724
0.283915
0.969284
0.352525
-0.186983
-0.262416
-0.668036
0.175689
-0.014670
-0.232250
-0.477337
-0.276556
0.218244
0.169667
-0.052478
0.326096
-0.728346
-0.158076
0.452265
0.020775
-0.709068
0.303034
0.336743
-0.116684
-0.105842
0.670612
-0.144260
0.366493
0.441968
0.279560
0.307561
-0.666916
-0.576372
-0.446218
-0.146755
-0.200927
0.187981
-0.220596
0.187315
-0.122551
0.300129
-0.374949
-0.144188
-0.473068
-0.163103
-0.126890
-0.077198
-0.281694
0.197000
-0.224454
0.328638
0.236187
-0.184925
0.116417
-0.296344
-0.083783
0.199501
0.092761
0.042824
0.207250
-0.267769
-0.295032
0.170348
-0.382773
-0.048451
-0.140175
-0.007313
0.116055
0.096807
0.744080
-0.066384
-0.007005
0.184043
0.490055
0.214864
0.207058
0.303193
0.047207
0.470093
-0.025331
-0.192449
0.072103
0.399119
0.229371
0.743220
-0.532753
-0.285455
-0.125584
0.367542
0.497865
-0.575860
0.135227
-0.283427
-0.187761
-0.615246
0.063458
-0.459391
-0.084988
-0.050984
0.776348
0.221949
0.020029
0.009651
-0.123937
0.786579
0.382279
0.237496
-0.406435
0.455189
-0.290078
0.322010
-0.108445
-0.179474
0.106630
-0.225437
0.451947
0.619125
0.520795
0.030596
0.414673
-0.222789
-0.598129
0.090835
-0.338503
-0.496468
-0.000863
-0.168238
-0.004132
-0.517580
0.173708
-0.275337
-0.028914
-0.018593
0.072424
0.580181
0.067521
-0.400055
-0.144822
-0.149066
0.057797
-0.138789
-0.033649
-0.237462
0.529333
-0.068858
-0.019891
0.239921
-0.122067
0.159041
-0.074009
0.420599
-0.198943
0.371483
0.130096
0.391817
-0.026154
0.191057
0.266083
0.435441
0.286417
-0.189000
-0.080567
0.282086
0.086439
0.244686
0.264726
-0.348555
0.400202
0.263357
0.088806
0.328671
-0.182297
-0.105131
0.176738
-0.481790
-0.599803
-0.391662
-0.094938
0.024624
0.694163
-0.312410
-0.346775
-0.330368
0.329174
0.038558
-0.194549
0.625854
-0.027150
0.005691
-0.200212
-0.649736
-0.582638
0.054901
-0.043713
-0.066432
0.458379
-0.260558
0.538350
-0.350116
0.517600
-0.100058
0.119982
0.073088
-0.104605
-0.194039
0.002015
-0.078876
0.590800
0.350380
-0.512896
-0.616230
0.051056
-0.208150
0.521536
0.026770
0.217122
-0.419776
-0.230288
-0.119472
-0.334101
0.351137
-0.399252
-0.581879
0.300509
-0.141545
0.020036
-0.268030
0.581379
0.539916
0.045454
0.688392
-0.011986
-0.478412
-0.506727
0.413312
-0.563207
-0.342660
0.132128
-0.463229
0.702178
-0.150751
-0.522731
-0.269636
-0.720672
-0.284622
0.322351
0.231354
0.801958
0.329611
0.294726
0.035558
-0.102352
0.399693
-0.336017
0.345339
0.002449
-0.218952
-0.317919
0.049566
0.338538
0.365970
-0.045301
-0.238815
-0.136063
-0.312255
-0.022257
0.071400
-0.061406
-0.078687
-0.524791
-0.135164
-0.325800
-0.034859
-0.102158
0.084161
0.096142
0.217207
-0.316795
-0.513575
-0.031695
-0.287965
0.371350
0.084973
0.777950
-0.920395
0.083761
-0.209064
0.051446
-0.019856
-0.064846
-0.228325
0.226325
-0.222799
-0.242150
0.260974
-0.400978
-0.739661
-0.499435
0.104231
0.041850
-0.888226
0.017220
-0.290053
0.161723
0.100553
-0.053343
0.192644
-0.517084
0.184755
-0.056816
0.246742
0.970638
-0.341197
-0.178538
-0.112458
0.588715
-0.151914
0.228943
-0.543579
0.244280
-0.026471
-0.172334
0.311712
-0.287930
0.200734
0.047050
0.094752
-0.623735
0.162532
-0.222050
-0.290142
0.611860
-0.357462
-0.121339
-0.210477
-0.489738
-0.177974
-0.307876
0.428280
0.032597
0.293030
0.269343
0.088358
0.649537
-0.482877
-0.070693
-0.226874
-0.210078
0.051197
-0.640350
-0.248954
-0.024860
-0.300596
-0.339331
0.462931
0.403519
-0.281112
0.472342
-0.261672
0.111098
-0.397234
-0.077905
0.498438
-0.065359
0.103461
-0.259493
-0.990132
0.064268
0.128975
-0.108622
0.270308
0.083898
-0.038475
-0.153655
-0.322603
0.191574
-0.409691
0.070114
-0.407208
0.476487
-0.628521
0.425102
-0.581396
0.090696
-0.254327
0.468250
-0.017335
0.324252
-0.484002
-0.525278
-0.082827
0.598801
0.233069
0.354363
0.306196
0.645280
-0.185906
0.303570
0.533828
0.072360
0.225619
-0.025549
-0.525435
0.284368
0.472844
0.213327
0.150534
0.389302
0.433198
-0.410895
-0.265060
-0.680426
0.259048
0.621560
0.077449
-0.712467
0.720704
-0.237025
0.356968
0.610696
-0.365448
0.218015
0.450541
0.340230
0.120356
-0.104719
0.029380
-0.096949
-0.088611
0.590585
0.147866
0.283236
0.440320
0.017190
-0.120440
-0.577957
0.057315
0.290051
0.199146
-0.166143
-0.216617
-0.263127
-0.024614
0.516378
-0.321497
-0.405707
-0.660132
-0.576000
-0.396917
0.384251
0.054387
-0.033119
0.438557
0.375632
-0.840820
-0.100496
-0.842649
0.120670
-0.444791
0.155824
-0.669856
-0.437007
-0.012808
-0.060979
0.013119
0.015383
0.341751
0.194300
0.544618
0.062866
0.311087
-0.144099
-0.200683
-0.586516
-0.613433
-0.002984
0.437909
0.103517
0.055394
0.203504
0.220161
-0.414877
0.145650
0.115239
-0.466066
-0.348488
0.123284
-0.358310
-0.120821
0.015192
0.167749
0.129871
-0.163192
-0.365147
-0.088593
-0.151080
-0.140351
-0.433349
0.422397
-0.158422
-0.112556
0.191240
0.221383
0.662222
-0.320338
-0.224059
0.371799
0.236306
0.405657
0.218837
-0.464000
0.326523
-0.060808
-0.405341
-0.131890
0.189460
-0.116001
0.249749
0.567843
0.355376
0.028476
-0.243201
0.410108
-0.557083
-0.366350
-0.540614
-0.211603
0.297947
0.001054
-0.133391
-0.614624
-0.398310
-0.392570
-0.312302
0.050518
-0.042219
-0.358011
0.116054
0.732743
-0.254553
0.048993
0.213528
-0.233569
-0.125933
-0.101392
-0.156502
-0.138742
-0.037889
-0.223821
0.054674
0.239410
-0.406113
0.336863
-0.153471
-0.087918
0.156601
0.608446
-0.035852
-0.146964
-0.318560
-0.418247
0.442666
-0.124901
-0.193076
-0.034214
-0.217867
0.348206
0.095971
0.458808
0.299892
0.203998
0.106814
0.445888
-0.070592
0.284544
-0.009144
0.386613
0.514204
0.073104
-0.029944
0.260569
-0.115904
-0.210222
0.276889
0.014727
-0.131198
-0.456941
0.107834
