-0.177914
0.217048
-0.051979
-0.081170
-0.711287
-0.200945
0.075454
-0.101885
-0.306216
-0.190293
0.090401
0.498791
-0.086276
-0.558332
0.657288
0.553442
-0.514371
0.192509
0.533372
0.155872
-0.096938
0.223832
-0.119109
0.161924
0.553872
-0.023616
-0.033657
-0.522784
-0.140359
0.088870
-0.038859
-0.667064
-0.335953
-0.031739
-0.262226
-0.522431
-0.339416
-0.433936
0.167811
-0.234604
0.382323
0.255067
0.399459
0.063266
-0.612111
-0.655223
-0.225054
0.568118
0.140659
-0.227365
0.332602
0.129062
0.026467
-0.776887
0.636506
0.187774
0.303147
0.390494
-0.241267
0.028382
0.163057
-0.033718
-0.146652
0.515352
0.187775
-0.011071
-0.524006
-0.355185
-0.241046
-0.142525
0.318608
0.006425
-0.040655
-0.182391
-0.708697
0.420471
0.025179
0.376861
-0.035729
0.449904
-0.091908
0.521439
0.180019
-0.056991
0.240178
0.585854
-0.055669
0.050667
0.508149
0.040576
0.148619
-0.247477
-0.229203
-0.054701
-0.022157
-0.613523
0.316682
-0.215255
-0.610990
-0.159740
-0.387387
-0.090010
0.126574
-0.302574
0.446796
-0.094006
0.006673
0.414572
-0.367268
-0.060575
0.055072
0.139137
0.036396
0.463035
0.220584
0.413477
0.707633
0.043552
0.562147
0.216861
-0.156049
-0.016955
0.297734
0.030289
0.046792
-0.550272
-0.587010
0.361273
0.160809
-0.252497
-0.161395
0.009347
0.006233
0.264616
0.760183
-0.389952
-0.779357
0.424157
-0.069177
-0.584212
-0.223596
0.049095
-0.210200
0.381658
0.316719
0.073343
0.578515
-0.109962
-0.724637
-0.243386
0.064484
-0.226449
0.235467
0.141145
0.132796
-0.089228
0.778727
0.238669
0.012369
-0.131903
0.286281
0.014533
-0.032998
-0.311161
0.025424
0.160398
0.027108
0.118512
-0.604727
-0.020278
0.053749
0.344190
0.011403
-0.164019
0.127805
0.316166
-0.230641
0.267009
0.342250
-0.103067
1.069618
0.231982
-0.353100
0.281621
-0.125810
0.310314
0.480305
-0.596566
-0.448693
-0.716318
0.095812
0.815033
0.135502
-0.060546
-0.630043
0.199986
-0.045537
0.070139
0.000993
-0.049716
-0.093822
0.309019
-0.202937
-0.199013
0.122066
-0.672598
0.120813
-0.135434
-0.014313
0.052564
0.579871
-0.195351
-0.286868
0.237489
-0.343867
0.242184
-0.212601
-0.162266
-0.183272
0.655112
-0.372028
0.050705
-0.185501
0.360204
-0.507374
0.435586
0.495421
-0.265535
0.516382
0.405737
0.223293
-0.308311
-0.032157
-0.430459
-0.127828
0.128916
-0.276945
-0.178883
0.247525
0.031903
-0.339964
-0.144106
0.233652
-0.063827
0.160440
-0.148641
0.031513
-0.306846
0.245899
-0.015765
-0.201761
0.104461
-0.333417
-0.057697
-0.789942
0.247584
-0.077296
-0.141552
-0.390024
-0.048828
-0.046335
-0.096247
0.122649
-0.677240
0.166831
-0.381566
0.472805
0.226262
0.302575
0.692123
0.061877
-0.130886
-0.380571
0.008872
0.014919
-0.070458
0.277958
-0.406605
-0.514228
0.534860
0.260908
-0.245529
-0.597871
-0.407696
-0.030463
0.080639
-0.416461
0.157766
-0.037820
0.143452
0.159400
0.072640
-0.789818
-0.484394
0.013807
0.076475
-0.363355
0.433278
0.254957
0.106302
-0.037705
0.455505
-0.049995
0.205305
-0.140258
-0.234476
0.230932
-0.632917
-0.354847
0.278895
0.386302
0.332383
-0.063045
-0.321236
-0.151418
0.228136
0.362352
-0.029309
-0.184644
0.050755
-0.172239
-0.260052
0.183249
-0.077919
-0.491996
-0.347854
-0.406440
-0.225772
0.149417
0.219285
0.277084
0.049582
0.479257
0.152217
-0.168465
0.106839
0.110839
-0.246273
0.075647
-0.137959
-0.069799
0.348922
-0.372047
0.678041
0.025169
0.080332
-0.627126
1.013853
-0.838724
0.041537
0.188530
0.121207
0.583962
0.134074
-0.487538
-0.086948
-0.094713
-0.760435
-0.451138
0.317371
0.594861
0.601306
-0.300875
-0.092187
-0.711676
0.338703
-0.202284
-0.498102
-0.572846
-0.570983
0.231941
-0.670359
0.040976
-0.501440
0.139304
0.010037
-0.277275
0.364062
-0.667952
-0.412739
-0.027565
0.345096
-0.682653
0.223812
-0.220290
0.530409
0.228089
0.241170
0.273122
-0.057339
-0.445495
0.313561
-0.463821
0.586881
-0.106033
-0.052837
0.193044
0.117883
0.103744
-0.130779
0.840610
-0.077968
-0.589456
-0.112193
-0.235155
0.106046
-0.112908
0.083497
0.489433
0.433112
-0.654927
-0.864207
-0.093516
-0.533982
0.302052
-0.303017
-0.594626
0.123677
-0.044410
0.063426
-0.390734
0.016128
-0.041112
-0.024505
0.079664
-0.481274
-0.020844
-0.184336
0.437117
0.389206
0.433195
-0.430949
-0.129174
-0.387899
-0.722173
-0.481636
-0.494725
0.048248
-0.125094
-0.324608
0.685938
-0.181598
-0.206932
0.553159
0.250673
-0.167216
0.105074
0.067982
0.475308
0.044770
0.181418
-0.524928
0.370488
-0.107308
-0.318005
0.148674
-0.544095
-0.006915
-0.256224
-1.107416
-0.183192
-0.273969
0.211154
0.177131
0.309162
-0.064074
0.311279
0.025304
-0.209532
0.534356
0.098736
-0.097223
-0.116902
-0.376496
0.157938
-0.436661
-0.230756
0.025096
0.246010
0.203368
-0.507530
-0.154245
-0.145799
0.680824
-0.273512
0.358865
0.041961
0.332927
0.121811
0.289998
-0.344364
-0.009134
0.277623
-0.043265
-0.524027
-0.332853
-0.252931
-0.114473
-0.196179
-0.143215
-0.225294
-0.222413
0.526858
0.052513
0.829297
0.128263
0.542855
-0.551570
-0.356421
-0.137657
0.135543
-0.468391
-0.318743
-0.288547
-0.371927
0.209589
0.094812
-0.203460
-0.406310
0.578623
-0.249029
-0.554642
0.258888
-0.177607
-0.806426
-0.007880
0.536041
-0.009853
-0.576223
0.089235
-0.244970
-0.142402
0.316880
0.091146
0.228365
-0.425387
0.921077
-0.268691
0.092483
0.630696
0.474251
0.016975
0.401796
0.420591
0.027825
-0.705813
0.561951
-0.120714
-0.225602
0.172367
-0.053107
0.616852
-0.502149
0.101350
0.338001
0.125195
-0.039339
-0.476626
0.529813
0.413095
0.500818
0.608915
-0.394322
0.249501
-0.342994
-0.001422
0.012452
-0.497496
-0.215431
-0.097021
0.225884
0.054657
-0.161556
0.602981
-0.103023
0.912182
0.262188
0.180085
-0.481601
0.156293
0.283898
-0.410758
0.601010
0.052398
-0.360791
-0.133062
-0.107684
-0.333029
-0.190712
-0.207240
-0.763431
0.131876
0.175211
0.223771
-0.182194
-0.558840
-0.520929
0.171237
-0.311566
-0.487047
-0.057951
-0.702384
-0.453560
0.471781
0.099375
-0.519510
-0.013560
0.625473
-0.059456
-0.321587
0.286104
0.197351
-0.505802
-0.089899
-0.423674
-0.086510
-0.304084
-0.214771
-0.055806
-0.533959
-0.079699
-0.279696
0.341981
0.397571
0.008708
0.604261
0.094413
0.139261
0.198349
-0.545368
0.368361
-0.406845
0.129604
0.364351
0.409495
0.375672
0.217127
-0.414365
0.680763
0.261764
0.233127
0.406316
-0.330774
0.173253
0.062449
0.005524
0.083897
0.136526
-0.573552
-0.155056
-0.343432
0.132894
-0.020524
0.540476
0.214931
-0.691746
-0.088679
-0.127851
0.527007
0.358034
0.049483
-0.245698
0.585233
-0.087321
-0.187273
0.602648
-0.077667
0.498912
-0.333631
-0.186514
-0.017764
0.056356
0.415561
0.641773
0.126615
0.583451
-0.174812
-0.045239
-0.221227
0.305472
-0.062949
-0.275804
0.016006
-0.135007
-0.184362
-0.109986
-0.022629
-0.067343
-0.172092
-0.125140
0.068617
0.291121
0.338587
-0.100233
-0.218682
0.069776
-0.161138
-0.375236
-0.527235
-0.043707
0.304799
-0.216530
0.374212
0.389962
-0.038707
-0.179152
-0.190536
0.045798
-0.066118
0.380816
0.114248
-0.628538
-0.411049
0.168860
-0.213329
-0.453554
-0.216466
-0.025633
0.342645
0.173816
-0.538654
0.184184
-0.209368
-0.042708
0.320761
-0.265859
0.190060
0.303903
-0.722058
-0.050535
0.088174
0.086146
-0.671766
0.381059
-0.325712
0.124141
0.444143
0.059736
-0.971303
-0.542796
0.115788
-0.130544
0.195302
0.073194
0.523701
-0.468640
-0.018954
0.005344
0.666368
0.157532
0.550016
-0.119387
-0.040010
-0.111719
0.378483
0.254321
-0.077044
-0.188308
-0.066423
0.495246
0.220471
-0.375996
-0.220409
0.120572
0.039894
-0.286844
-0.205061
-0.018794
0.174242
-0.191230
0.115145
-0.868564
0.056802
0.265265
0.267298
0.274587
0.334773
0.317995
-0.120810
0.104504
0.217254
0.001804
-0.009194
-0.357775
0.297226
-0.118433
0.614515
0.063137
-0.053000
0.083021
0.286711
0.179561
0.118635
1.134396
0.132324
0.034331
0.405897
0.488902
0.353863
-0.155304
0.492748
0.087594
-0.076336
-0.167450
0.162013
-0.023079
0.142101
0.539610
0.867682
-0.592978
-0.014183
-0.055584
-0.859789
-0.379405
0.406668
0.576928
0.449553
-0.264134
-0.587856
0.212099
-0.194912
0.657723
-0.245175
0.708569
0.331534
0.066140
0.435929
-0.268084
-0.501994
-0.344312
-0.204868
-0.182575
-0.225560
-0.118994
0.189820
0.348916
-0.043654
0.551792
-0.877147
0.209056
-0.694073
0.100144
-0.011430
-0.100355
0.168300
-0.500431
0.136151
0.268234
-0.486575
-0.615412
0.033227
-0.590311
-0.461679
-0.426975
0.076324
0.158157
-0.521695
-0.219554
0.317997
0.132893
-0.371094
0.290850
0.420052
-0.622245
-0.011526
-0.015680
0.434545
-0.184309
0.106494
-0.284206
-0.038488
-0.726122
0.412937
0.128972
-0.188479
-0.041324
-0.344022
-0.003907
0.170408
0.135193
0.436352
-0.223648
-0.007384
0.568106
-0.247071
0.049681
-0.070512
0.055700
0.273927
-0.250060
0.952522
-0.213430
0.022134
-0.069996
0.178464
0.573558
-0.351032
0.024371
-0.163644
0.113664
-0.142836
-0.365407
-0.026825
0.018264
0.219034
0.358014
0.338597
-0.303834
0.491163
-0.250888
0.393412
0.081201
0.298345
-0.519538
0.208913
0.113565
0.085778
0.066113
0.111906
0.370612
0.510535
0.082016
0.538147
-0.029084
-0.201022
-0.512595
-0.705075
0.147970
0.590260
-0.647612
0.407854
0.270756
0.309837
0.429066
0.618982
0.010931
-0.086186
-0.089016
0.006942
-0.046356
0.367778
-0.003694
0.001818
-0.207527
0.346608
-0.500124
0.314427
0.631318
0.282830
0.711295
0.154521
-0.043249
0.139962
0.034999
0.222061
0.068807
-0.017495
-0.268297
-0.205901
-0.091368
0.000840
-0.241785
0.021777
-0.337597
-0.083207
-0.163059
-0.841088
-0.171811
-0.304670
0.036828
0.001966
-0.314939
-0.335370
-0.313407
-0.676225
0.329949
0.340928
0.437626
-0.645528
0.100295
0.231307
-0.005289
-0.247518
-0.053106
-0.247449
-0.052155
-0.456872
0.030840
-0.210454
-0.323883
0.045835
-0.171300
-0.756738
-0.390665
-0.264389
-0.202840
-0.374729
-0.113633
-0.309913
0.063521
0.387908
-0.275960
0.192793
-0.667941
-0.064905
-0.757598
0.035219
0.127565
-0.139783
-0.293060
0.202508
0.158275
-0.362213
0.208948
0.453394
0.015633
0.079791
0.315697
-0.525610
0.477208
-0.268221
-0.507336
-0.278741
0.372110
0.063088
-0.086364
-0.046023
-0.228624
0.219526
0.046258
-0.026805
-0.103179
-0.586047
-0.652454
0.110179
0.394230
-0.083194
-0.240012
0.404152
-0.456979
-0.145011
-0.580795
-0.027635
-0.212537
-0.306632
0.209831
0.096804
0.467299
0.042414
0.553846
-0.288644
-0.079455
-0.209796
0.307173
-0.096332
-0.202312
0.112959
0.113083
0.301444
0.404278
0.387727
-0.014333
0.686781
0.155601
-0.124094
0.321087
0.200884
0.055807
0.538056
0.407045
-0.568186
0.499476
-0.333218
-0.375211
-0.021909
-0.315973
-0.580113
0.182520
-0.288143
0.019614
0.123241
-0.176813
-0.530584
0.407519
-0.188320
-0.329354
-0.250858
0.631129
-0.069174
0.107457
-0.150477
0.188182
-0.164777
-0.091467
0.114598
0.058874
0.631595
0.130524
0.469697
0.444125
-0.081494
-0.274476
-0.455236
0.107821
-0.097752
0.060023
-0.037104
-0.502222
0.455577
-0.286085
0.052220
-0.533365
0.915504
0.398633
-0.110996
-0.645001
0.177801
0.293859
-0.464121
0.008331
-0.252510
0.213545
0.093871
-0.144802
0.095578
-0.024920
-0.145778
0.167693
0.197453
0.102260
-0.258746
0.246725
-0.057782
0.255592
0.426693
-0.143674
0.332516
0.041427
-0.598922
0.124677
0.386213
0.054505
0.151280
0.437317
-0.192726
0.013218
0.432300
-0.275860
-0.188325
0.420622
0.682957
0.402441
0.329415
0.211704
-0.512473
-0.084536
-0.086206
-0.260711
-0.019309
0.222601
0.510834
-0.148186
-0.172444
0.367252
0.281030
0.059113
-0.410480
0.018985
0.075608
-0.366381
0.135958
-0.083437
0.486320
0.196402
-0.222972
0.304177
-0.019515
-0.143619
-0.324648
0.400369
-0.366925
0.223422
0.709351
-0.157838
0.479553
-0.144236
-0.012446
0.443581
0.418202
0.528228
-0.327358
0.132747
-0.318536
-0.067123
0.287521
0.048218
-0.054524
-0.046964
0.539731
0.105938
0.314269
-0.186331
0.100067
-0.023762
-0.336271
-0.050090
0.438434
-0.029279
0.378681
0.025294
-0.318738
0.083836
0.161735
0.052973
-0.654042
0.199162
-0.427550
-0.339130
0.215676
0.598382
-0.006495
0.042677
-0.028491
0.290049
-0.134129
-0.111878
0.260842
0.066058
-0.763911
-0.166445
0.042023
0.179203
-0.134491
-0.494541
-0.263922
0.036306
0.297735
0.147193
0.527503
-0.064984
-0.246211
-0.255927
-0.246684
-0.526047
0.252613
-0.372286
-0.377971
-0.116954
0.205051
-0.640307
0.393160
-0.243970
-0.808418
-0.333157
0.120126
0.286936
-0.328498
-0.244763
-0.603884
-0.126704
0.008644
-0.002789
-0.043405
-0.027778
-0.011100
-0.010956
0.213775
-0.524625
0.069782
0.208339
0.491685
-0.125876
0.555728
0.011705
-0.252354
0.542366
0.014986
0.381793
-0.390332
0.339783
-0.404718
-0.277522
-0.214405
-0.275852
-0.405302
-0.245826
-0.589242
0.230311
0.568296
-0.290427
-0.236337
0.015479
-0.492150
-0.917551
0.247244
-0.202721
0.256068
0.596295
-0.227985
-0.026461
0.174055
-0.120570
-0.069335
0.290873
-0.443589
-0.364937
-0.656251
0.768494
-0.036424
-0.025294
-0.012435
0.414747
0.071406
-0.321299
0.113567
-0.002142
0.220407
0.409518
0.074334
-0.790267
0.764508
-0.060991
0.482454
0.426498
0.106778
0.675846
-0.147262
0.420680
0.684854
0.880850
-0.022597
0.530603
0.232113
-0.354184
0.022538
0.169872
-0.424464
0.103632
-0.312007
-0.045118
-0.646899
-0.269757
-0.273495
0.018799
-0.207552
-0.090484
-0.177460
-0.391082
0.140118
0.103412
-0.004545
0.683542
-0.112890
-0.149471
-0.137500
-0.569956
-0.326218
-0.044563
-0.349376
-0.204343
-0.230634
-0.405593
-0.003785
0.317797
-0.238711
0.310948
0.325810
0.158300
0.385701
-0.162351
-0.085170
0.183761
0.224097
0.197584
0.858555
-0.035780
0.207296
0.045504
0.292953
-0.228390
0.462409
-0.245415
0.021242
-0.495920
0.157356
-0.530252
-0.006693
0.001244
-0.578468
-0.057915
-0.909162
0.380866
-0.086514
-0.379028
-0.499441
0.065381
0.234659
-0.312728
-0.149107
0.152692
-0.026155
-0.429425
-0.534714
-0.645202
-0.643382
-0.134415
-0.238397
-0.090650
0.405547
-0.300424
-0.584408
0.360273
0.171959
0.776097
-0.147736
0.206436
0.493549
0.531605
0.147698
0.416814
0.673565
0.914087
1.090825
0.333729
0.925983
1.149171
0.421860
0.342756
0.185881
0.625786
0.956891
-0.121125
0.944671
0.161571
0.124625
-0.008490
0.085261
-0.754390
0.161664
0.353761
-0.375678
-0.417975
-0.573008
-0.253053
-0.598785
-0.535560
-0.140283
0.244819
-0.482963
-0.660194
-0.479907
-0.441685
-0.563661
0.071530
-0.496789
-0.759696
-0.427590
-0.695691
-0.408080
-0.905258
-0.325076
0.332647
0.581311
-0.221849
0.483989
-0.532400
0.655354
-0.966213
-0.185696
0.524637
0.309343
-0.011096
0.080658
0.324756
-0.411258
0.138411
0.055225
-0.186842
0.078053
0.757737
0.284400
-0.111302
-0.467142
0.005881
0.008697
0.023483
-0.526815
-0.010898
-0.710997
0.076128
0.905956
-0.245578
0.438829
0.238388
-0.086001
-0.098351
-0.310244
0.773187
0.367002
0.210707
0.518770
-0.280606
-0.113791
0.329718
-0.490449
0.313902
0.018908
0.048604
0.508825
0.304158
-0.166725
-0.333177
-0.013587
0.020848
0.034910
0.135029
0.273392
0.131532
0.042382
0.339298
-0.150276
0.092006
-0.282048
0.153311
-0.829621
-0.523201
-0.268706
-0.171542
0.148267
0.423523
-0.287100
-0.317656
0.015992
0.138191
-0.280784
0.167313
-0.337376
0.060995
0.277662
0.691555
-0.248550
-0.052943
0.124453
0.029728
-0.266093
0.042136
0.167926
-0.183499
-0.407785
-0.170258
0.236702
0.065417
-0.110970
0.126376
-0.074531
-0.332536
-0.245716
0.704765
-0.121160
0.378937
0.311853
-0.188397
-0.163418
0.100457
-0.489434
0.545144
0.352291
0.185787
0.641353
-0.107473
-0.139624
0.202665
0.066333
-0.285856
0.045236
0.169115
-0.260651
-0.391230
-0.053982
-0.635576
-0.453048
-0.735650
0.085138
0.067106
0.407456
-0.049176
0.268841
0.465998
0.440737
-0.335812
-0.064153
-0.638516
-0.483078
-0.215040
-0.643458
0.197604
0.131422
0.024929
-0.628677
0.368139
0.236592
0.325391
0.180147
0.035826
0.127048
-0.349815
0.132016
0.058305
-0.015323
0.127252
-0.297063
-0.110546
-0.575942
-0.227792
-0.133049
-0.187064
-0.293386
-0.349981
0.311774
-0.387564
0.558263
-0.237665
0.305409
-0.336956
0.118190
-0.350407
0.310197
-0.488850
-0.448320
-0.417891
0.015400
-0.152929
0.591457
-0.005416
0.255160
-0.186609
-0.717465
0.672040
-0.397923
-0.090909
0.023893
0.352925
-0.298519
0.611508
-0.405543
0.166542
-0.579223
0.174549
0.346171
-0.213060
0.423135
0.656773
0.363186
-0.323998
0.349981
-0.291074
0.098214
-0.299100
-0.258010
-0.162170
-0.102421
0.141446
0.327382
0.100406
0.159221
0.562790
-0.342088
-0.210896
-0.272368
0.120547
0.007879
-0.299667
0.063019
-0.385734
-0.443841
-0.230300
0.321302
-0.568069
0.822101
0.261506
-0.087979
0.329623
0.248034
-0.340700
0.017223
-0.668744
-0.195750
-0.076613
-0.120465
0.168441
0.272228
0.214594
-0.575525
-0.532375
0.144583
0.181575
0.383236
0.294245
-0.124179
-0.360824
-0.044907
-0.186956
-0.199739
0.172681
-0.149769
-0.215795
-0.226609
0.482479
0.227456
-0.039004
0.250802
0.131187
-0.147272
-0.188774
0.654259
0.330109
0.066665
-0.164647
-0.071888
-0.369306
0.417929
-0.161271
-0.237366
-0.287898
0.309258
0.216201
0.158784
-0.384789
0.340533
0.383957
-0.171176
-0.161101
0.373748
0.237612
0.400133
0.082925
-0.123139
-0.123550
-0.163169
-0.497653
0.064816
0.444359
-0.152706
0.006884
0.143104
-0.007690
0.251498
0.051569
-0.320781
0.003916
0.073840
-0.034035
-0.300901
0.619674
-0.377734
0.022449
-0.174944
0.159311
-0.246399
-0.366276
-0.140272
0.353419
-0.365025
-0.191224
0.388093
-0.420171
-0.297388
0.213557
-0.318551
0.156865
0.194678
0.137219
-0.590733
0.026248
0.078199
-0.004186
-0.338302
-0.154480
0.092899
-0.157212
-0.353513
0.336699
0.904578
-0.134153
-0.447733
0.429979
-0.171776
0.450894
0.397427
0.468212
-0.163388
-0.330852
0.515639
-0.021515
0.237839
-0.179888
0.233858
0.076830
0.009448
0.120151
0.344708
-0.097536
-0.568116
-0.092661
-0.332156
-0.606104
-0.071968
0.368996
-0.180527
0.391366
-0.331844
-0.020045
-0.378142
-0.053643
0.361685
0.278639
0.519608
-0.054471
0.874312
0.386440
0.660158
0.152303
-0.124634
-0.879829
-0.591280
0.459826
0.190517
-0.070720
0.111075
-0.350543
0.570338
-0.138516
0.348225
-0.603607
0.027355
0.833792
-0.412270
-0.247448
-0.577710
0.133701
-0.322827
-0.114155
-0.126400
0.040466
-0.279934
-0.060354
0.182130
0.262217
-0.146990
0.165300
0.138963
-0.782270
-0.055081
-0.099933
-0.469532
0.572679
0.603753
0.647463
0.294538
0.456074
0.431790
-0.104853
0.042967
-0.277344
-0.393287
-0.582417
0.207653
-0.591364
0.470022
0.197460
-0.175823
0.110803
-0.265433
0.301135
-0.314994
-0.460583
0.236376
-0.534267
0.402788
-0.033970
0.120092
-0.485788
0.391413
-0.030873
0.493609
-0.214785
-0.140790
-0.526680
0.073622
0.443622
-0.235017
0.466107
0.197977
0.251579
-0.219768
0.510330
-0.185588
0.419687
-0.079678
-0.447089
0.185305
0.258852
0.414156
0.290144
0.528198
0.762104
-0.128617
0.579955
-0.316226
-1.020587
0.328011
-0.038449
0.151315
-0.061007
-0.533891
-0.433134
-0.142428
-0.019286
-0.054007
0.387736
0.216296
0.358704
0.094713
-0.317699
-0.133328
-0.198020
-0.695497
-0.266382
0.207109
-0.050333
0.372051
-0.088530
0.251076
0.458101
-0.106334
0.273253
0.604967
-0.105083
-0.700232
0.298039
0.304011
-0.130247
0.172742
0.475373
-0.222984
-0.790395
0.474275
0.105008
0.206649
0.225703
0.410544
-0.511995
-0.194272
-0.653602
-0.075189
0.136130
-0.083577
0.122090
-0.288243
-0.322202
-0.125926
-0.539857
-0.617412
0.366513
0.034933
0.302346
-0.244210
0.469300
0.633254
-0.610251
0.474926
-0.170380
-0.163620
-0.287338
-0.131721
-0.121812
-0.055634
-0.339994
0.306713
-0.214878
0.638548
-0.108364
-0.296549
0.064775
0.221676
-0.288850
-0.192097
-0.352573
0.180114
-0.215144
0.365905
0.131917
-0.143413
-0.591455
-0.275547
0.046863
-0.032815
-0.180472
0.324750
-0.040372
-0.410915
-0.455131
0.086382
-0.194558
-0.403679
-0.022852
0.228107
-0.203072
1.236581
0.089113
0.229232
0.149437
0.331815
-0.651720
-0.638660
0.388493
-0.004300
0.487637
-0.059726
-0.033901
-0.031362
-0.348361
0.516163
-0.342203
-0.085769
0.298616
-0.088354
0.129373
0.138856
0.353790
-0.475031
0.603712
-0.422825
0.309970
0.081894
0.063465
-0.112184
-0.064227
0.008881
-0.617120
0.678050
-0.458364
0.328796
-0.067397
0.088900
-0.157229
0.135797
0.184107
-0.394609
-0.349673
0.114683
0.072839
0.214264
0.456280
0.378290
-0.523770
0.116932
0.098713
0.057103
0.632871
0.303942
-0.498001
0.193934
0.125737
-0.625223
0.187373
0.185842
0.081474
0.240515
0.256737
-0.295179
-0.355568
-0.001029
0.198112
0.055867
0.287406
-0.213617
0.315130
-0.483498
-0.106909
-0.022844
-0.041296
-0.309247
0.309699
0.025690
-0.383793
0.080519
0.919125
0.085377
0.172446
0.471185
0.119208
-0.219495
-0.213225
-0.516288
0.151809
0.177522
-0.342703
-0.206080
-0.127859
-0.976139
-0.171561
0.042571
0.558388
-0.090936
-0.284545
-0.178387
-0.005922
0.205984
0.290791
-0.737266
-0.260045
0.150829
-0.463538
-0.183939
0.442979
-0.765198
0.045903
-0.232451
0.209438
-0.777328
-0.016192
0.006091
0.177305
-0.645993
0.610029
-0.127578
-0.352770
-0.310770
0.144691
0.256806
-0.001945
0.087902
0.027808
0.238930
0.467804
0.408888
0.129773
0.117266
-0.209131
-0.527409
-0.399942
-0.035921
-0.055068
-0.470427
0.191489
0.046580
-0.266813
0.367545
-0.219923
0.413600
0.861709
-0.298682
0.561392
0.079168
0.585023
0.568103
-0.459404
0.416762
0.225405
-0.297814
0.096582
-0.445302
-0.042160
0.192729
0.282361
-0.076588
-0.382322
0.381806
0.809420
0.088815
-0.249938
0.472347
0.437327
-0.554894
-0.249592
-0.700572
0.396549
0.183092
0.270339
0.371681
-0.490393
0.245998
0.289976
0.222482
-0.002682
0.769209
-0.715882
-0.113017
0.136680
-0.631300
-0.116159
-0.444539
-0.145101
-1.334866
-0.029788
-0.251227
-0.787665
0.425200
-0.010608
-0.186293
0.183981
0.272644
0.464209
0.071454
-0.709457
0.013404
0.084587
0.270612
0.028694
0.485453
0.003251
0.092612
0.534264
0.046577
-0.049409
0.399611
-0.304604
-0.283543
-0.157348
0.108666
-0.012667
-0.213748
0.049068
-0.521407
-0.285708
-0.118616
0.180525
0.229008
0.603573
-0.085782
0.159156
0.190870
0.105829
-0.728475
0.634223
-0.076429
-0.344398
0.144367
0.007604
-0.090616
-0.110306
0.106915
0.628806
-0.058393
0.250710
-0.170260
0.113297
-0.304213
-0.577460
0.273550
0.395129
0.176413
-0.160415
-0.083593
0.578071
0.448147
0.088510
0.335166
0.224753
-0.320246
-0.401408
0.132557
0.226784
0.106170
-0.414621
-0.189565
0.022176
-0.423294
0.563106
-0.126056
0.097962
0.207946
-0.337660
0.237854
0.257183
0.613692
-0.100202
0.408793
0.368285
-0.007126
-0.033518
0.094966
-0.155576
-0.130815
0.122123
-0.465333
0.014418
0.420069
-0.199285
0.364161
-0.172378
-0.097518
-0.015038
0.525960
0.073227
0.717916
-0.073510
0.042177
-0.121189
-0.204985
0.397086
-0.205537
0.365945
0.381942
0.063274
-0.115421
0.177635
0.217478
0.192602
-0.566782
-0.050612
0.173634
-0.228935
0.123619
0.227750
-0.519723
0.030581
-0.562166
0.233515
0.038803
0.346733
0.113120
0.036880
0.150024
-0.391865
-0.083962
-0.076529
0.379313
0.380431
-0.133470
-0.586421
-0.557885
-0.175982
-0.790935
0.334088
0.160358
0.311736
-0.452475
-0.240180
-0.320588
-0.313157
-0.547345
0.049361
-0.889232
0.196911
-0.422700
-0.013042
0.350718
0.607323
-0.376728
0.522336
-0.083736
-0.337474
-0.171366
0.363333
-0.576806
-0.112175
-0.073784
-0.173164
-0.259443
0.490202
0.091570
-0.389464
0.333134
-0.398614
-0.168828
-0.189430
-0.304301
0.183709
-0.196748
0.457888
0.355726
-0.049621
0.457679
-0.128393
-0.093618
0.365380
0.080340
-0.306241
0.381983
-0.014501
-0.262615
-0.213879
0.212855
0.521248
-0.334815
-0.049901
-0.296066
-0.049606
-0.210925
0.171478
-0.152416
-0.069700
0.315373
0.451209
-0.048294
0.161095
-0.226563
0.516933
-0.269105
0.260700
0.340236
0.424988
-0.357395
0.158448
0.146514
-0.053375
0.209648
0.169624
-0.450040
0.069974
0.796882
0.035357
-0.140088
0.255538
-0.264113
0.460661
0.460377
-0.286785
0.396948
0.311415
-0.605557
0.363467
0.077970
0.502713
0.095275
0.055351
-0.481732
0.222035
-0.290084
-0.072561
0.284754
-0.426357
0.538846
0.304458
-0.018875
0.083769
-0.061507
0.479339
-0.043542
0.329059
0.445402
0.101687
0.130777
0.677883
0.073874
0.466499
0.463169
0.482707
-0.575872
0.242762
-0.443394
0.009793
-0.349292
-0.255601
-0.117600
-0.246880
0.175975
-0.376779
0.424396
0.136731
-0.229992
0.278937
0.481015
0.310752
-0.248106
-0.264712
0.309053
0.051734
0.303233
0.372417
0.178605
-0.318476
0.090451
-0.160727
-0.046600
0.195834
0.723881
0.191203
-0.403537
-0.317337
0.271876
0.034539
0.333618
-0.096728
-0.081927
-0.070039
0.349310
0.197553
0.556739
-0.325610
-0.139862
0.204305
0.273729
0.083088
0.261403
0.258073
0.356715
0.512940
-0.411583
-0.685594
0.298295
0.308753
-0.267236
0.057066
-0.766076
0.316535
-0.158770
1.092568
0.171723
-0.676075
-0.545446
-0.595425
0.185800
0.650688
0.105705
0.262110
-0.226566
-0.695567
-0.090035
0.089572
0.508381
0.307407
-0.165749
-0.592701
0.049122
-0.057835
0.284217
0.676149
0.260881
0.333510
0.295918
-0.182332
0.364814
-0.135734
0.353008
0.319246
-0.274763
0.090434
0.796429
-0.286487
0.130330
0.218716
0.153659
-0.146510
-0.036869
-0.258979
-0.420840
0.284846
-0.138320
-0.384627
0.390347
0.055287
-0.382914
-0.463529
0.254497
0.456680
-0.116156
-0.237719
-0.686839
0.230514
-0.593599
0.190128
0.238903
-0.617858
-0.242179
0.140757
0.126411
-0.262664
-0.383213
0.171580
0.266343
-0.055175
-0.030748
-0.034059
-0.412205
-0.185690
-0.071815
0.104057
-1.029683
0.215918
-0.406066
-0.551019
0.358993
0.201393
0.508758
-0.351996
-0.031095
-0.320177
0.268526
-0.166111
0.014229
-0.415414
0.115429
-0.269732
-0.486729
0.233911
-0.460269
-0.058593
0.012159
0.281386
0.392415
-0.508664
-0.116729
-0.003514
0.021194
0.495088
0.291757
-0.409182
0.469171
0.405603
-0.566555
0.557747
0.263757
-0.453032
-0.187298
-0.432491
-0.189554
0.401327
0.124866
-0.130842
-0.014481
0.046488
0.190427
-0.319801
0.118966
0.546430
-0.293307
-0.131510
0.477890
0.544905
-0.274672
-0.415286
0.019943
-0.080241
0.375065
-0.081814
-0.330284
0.107591
0.040258
0.211883
0.037854
0.030746
-0.699347
-0.215818
0.060644
-0.092675
0.000283
-0.187640
0.518017
-0.252695
0.227799
-0.329187
-0.141329
0.129306
0.187117
-0.358690
0.392274
0.067872
0.256231
0.608409
0.435743
0.287320
0.296516
-0.377570
-0.201231
-0.001040
-0.061405
-0.518522
-0.190109
0.299689
-0.391963
-0.246107
-0.008900
0.320394
-0.060912
0.008426
0.777875
-0.277021
-0.340486
0.284230
-0.018649
-0.063843
0.163976
0.149614
-0.020229
0.337135
0.092107
0.398592
0.043970
-0.031158
-0.386417
0.184515
-0.636391
0.690399
-0.471384
-0.231427
0.129487
-0.408847
0.650093
-0.026071
0.418736
0.593596
-0.184438
-0.152719
-0.179003
0.921900
-0.246279
0.023800
-1.026133
0.113815
-0.082037
0.198216
0.607753
0.356373
-0.007627
0.078560
-0.264624
-0.159245
0.850924
0.076115
0.323638
0.031037
0.138838
-0.190081
0.037153
-0.053442
-0.634320
0.050914
-0.372307
0.256797
0.176468
0.037959
-0.149846
0.282893
-0.255204
-0.561081
-0.107155
-0.115376
-0.156272
-0.025709
0.405621
-0.477447
0.151045
-0.359539
0.003190
-0.025987
-0.035879
-0.064423
0.110287
0.590778
-0.065001
-0.330780
0.456564
0.112069
-0.237655
-0.643350
-0.254431
0.153461
-0.343808
0.659406
0.204383
0.002996
-0.329135
0.251629
-0.206417
-0.668858
-0.051164
0.391105
0.811334
0.072923
0.145864
0.319539
0.408718
-0.513160
0.191082
0.316150
-0.372824
0.493823
-0.057371
-0.144704
-0.528385
0.168596
-0.143332
-0.575599
-0.327805
0.355573
0.331863
0.027089
-0.823075
-0.392247
0.153395
-0.672174
0.111787
-0.117498
0.394267
0.242168
-0.364514
-0.537310
-0.642879
-0.020830
0.070926
-0.373213
0.422999
-0.350615
-0.103874
-0.027403
-0.472632
0.251462
-0.304566
0.295034
-0.439012
0.307198
-0.241135
0.215083
-0.116355
-0.107489
0.142330
0.122073
-0.484329
-0.123558
0.303349
-0.207901
-0.171062
0.191653
-0.379535
0.008041
0.424320
-0.936380
-0.555518
0.117014
0.760652
-0.149901
0.572858
0.366529
0.337296
-0.352299
0.203739
-0.292867
0.241716
0.072246
0.115237
0.649206
0.377775
-0.469664
-0.382681
-0.321612
-0.487816
-0.241333
0.199446
-0.428390
0.086697
0.359115
0.708903
-0.083540
-0.146008
-0.634105
0.003832
-0.097796
-0.090860
0.587991
0.426494
-0.239061
0.038038
0.045066
-0.041920
0.066346
0.456551
0.720822
0.417360
0.477534
0.714730
0.141383
-0.035942
-0.255641
0.517903
-0.267470
-0.139250
0.453369
0.263424
-0.020975
0.567300
-0.474961
0.257635
0.221677
0.311234
-0.174053
-0.093038
0.102211
-0.322504
0.059735
0.017975
-0.087139
0.022134
0.675738
0.604114
0.224372
0.174195
-0.095689
-0.078892
0.224050
-0.339763
0.021027
0.297766
-0.246289
0.025352
-0.054736
0.042654
-0.226175
0.304777
-0.529015
-0.173778
0.193755
-0.322820
-0.338504
0.463643
0.205084
0.722354
0.516258
-0.334664
-0.057823
0.407984
-0.078644
-0.297237
0.058967
0.090905
-0.000440
0.182687
-0.693072
-0.393936
-0.235690
0.821751
0.050274
-0.002816
-0.208353
0.132682
0.108420
0.187783
-0.301275
-0.451458
0.002660
0.251221
-0.408785
0.322203
-0.142956
0.005965
-0.390825
-0.021199
-0.079148
-0.410489
0.242255
-0.197357
0.205474
-0.390256
0.513905
-0.070317
0.489539
0.156088
0.070738
-0.535008
-0.558452
0.241053
0.028870
-0.412977
0.427249
-0.047160
0.300071
-0.049669
0.234482
-0.423109
0.142999
-0.579014
-0.125140
0.103837
-0.118525
0.089548
0.411561
-0.047487
-0.305667
-0.135515
0.298527
0.240097
-0.042057
0.344446
0.177392
-0.083153
-0.146962
-0.290910
-0.333801
-0.259969
0.051860
-0.071456
0.080268
-0.348444
0.004585
0.423163
0.420381
0.783328
0.138121
-0.375304
0.195715
0.222162
-0.012390
0.446756
0.381187
0.044819
0.260738
-0.068712
0.226945
0.418243
0.166393
-0.329055
-0.119154
-0.336447
-0.142359
0.559209
-0.361880
0.607003
0.543987
0.395096
-0.416884
-0.217792
0.140541
0.356539
-0.255320
0.353846
0.066227
0.566930
-0.193263
-0.076981
-0.100468
-0.306928
0.510058
-0.125143
-0.278892
-0.370185
-0.364867
-0.099339
-0.169914
0.115353
0.013622
0.145108
0.488637
0.010769
-0.319461
-0.128508
-0.244951
0.023006
-0.058693
0.184953
-0.087844
0.287399
0.063832
-0.404180
0.195029
-0.574239
0.272717
-0.322579
-0.254306
-0.274416
-0.309868
0.824573
-0.442149
-0.389347
0.484576
0.541869
-0.380299
-0.735007
0.398194
0.071535
-0.528992
0.337764
0.312816
-0.239131
0.207127
-0.114867
-0.213039
0.165988
0.395205
0.158475
0.465256
0.047380
0.198129
0.306249
0.147743
-0.606245
-0.187425
0.224714
-0.377648
0.154000
-0.255746
-0.013673
-0.179371
0.695327
-0.514356
-0.681585
0.147158
-0.027872
-0.095732
0.024778
-0.292034
0.389928
0.437914
-0.015028
-0.033334
-0.231153
0.314835
0.087267
0.316516
0.545522
-0.269565
0.166771
0.028300
0.035852
0.146963
-0.554247
0.029728
-0.376116
-0.364822
0.102711
-0.603293
-0.660691
-0.450164
0.464195
-0.298700
-0.031047
-0.494293
0.028898
-0.058732
-0.099122
-0.021898
0.338144
0.000515
-0.126709
-0.379862
-0.178935
0.077984
-0.181130
0.372795
-0.002583
-0.464363
-0.381512
0.288076
0.374135
-0.417131
0.272680
0.446013
0.857715
0.657318
-0.235551
0.209522
-0.280725
0.523977
0.742579
-0.256931
-0.099793
-0.398848
-0.358022
-0.035537
0.224723
-0.366436
-0.633909
0.096914
0.133007
-0.033144
-0.220217
0.259829
-0.048058
0.044332
-0.290253
-0.111169
-0.181364
0.849357
-0.976007
0.335628
0.052860
-0.236478
-0.229875
0.028417
-0.342628
0.343128
0.184121
-1.029078
-0.529789
-0.349288
0.427417
0.399512
-0.023012
-0.342718
-0.730790
-0.129677
0.218769
-0.218603
0.063376
-0.270630
-0.450904
0.864026
0.496786
0.059569
0.011635
-0.081563
0.185586
-0.090678
-0.020870
-0.260333
0.774065
-0.304908
-0.409558
0.096720
-0.193647
0.059691
0.201922
0.487956
0.562579
0.133672
-0.211223
-0.111767
-0.053078
-0.010950
-0.504584
-0.699657
0.506629
-0.277446
0.114281
-0.339962
-0.089851
0.055158
0.133172
-0.901221
-0.368712
-0.180822
0.409904
-0.012231
0.195814
-1.040816
0.024630
0.497822
-0.340049
0.080771
0.064374
0.614809
0.171330
0.228843
0.181661
-0.332032
0.208178
-0.539166
0.128602
0.126102
-0.548644
0.109716
0.509941
-0.077244
-0.051075
-0.070145
0.125863
0.264703
0.261251
-0.233536
-0.130083
-0.663186
0.480942
-0.144516
-0.542611
-0.469268
0.192586
0.890121
0.053646
0.183157
-0.259264
0.620202
0.240843
0.233915
0.339364
-0.409201
0.189268
-0.063977
-0.224741
-0.247059
-0.016489
-0.010954
0.208573
0.537756
0.013614
0.283721
-0.070080
0.195804
0.335181
0.438427
-0.341726
-0.272362
-0.510611
-0.128045
0.620456
0.196287
0.307118
-0.512852
0.316371
-0.670746
0.082983
-0.507360
-0.237753
0.265382
-0.273944
-0.457432
-0.206722
-0.141540
0.122817
0.447310
-0.086726
0.299229
-0.163959
0.267273
0.025068
0.024518
0.218211
0.730192
-0.430971
0.129091
0.320596
0.104137
-0.137272
-0.072290
-0.384867
-0.600973
-0.139052
0.075162
-0.289035
-0.311495
0.325832
0.071450
0.021681
0.177918
0.309192
0.286930
0.002536
0.049959
-0.017593
-0.023614
-0.354524
0.332912
-0.184845
0.166313
0.379083
-0.143678
-0.160494
-0.396808
0.467633
0.369881
-0.619623
0.463017
0.111171
-0.039813
-0.548393
0.269787
-0.114739
-0.180105
0.591830
-0.149445
0.407460
-0.365735
-0.126238
0.451764
0.421305
-0.190948
0.097469
0.645122
-0.283371
0.363092
-0.064822
-0.173893
-0.454686
0.303365
-0.421788
-0.872971
0.101310
0.305601
-0.123932
-0.221982
0.165994
0.333066
-0.296263
-0.067066
-0.030684
-0.392474
-0.238847
-0.119095
0.056985
0.619861
0.180414
0.015960
-0.569554
-0.388973
-0.110285
0.102387
0.010560
0.427735
0.120876
0.017294
-0.036222
0.013552
0.048326
-0.191276
-0.327195
0.005333
0.129627
-1.094355
-0.785091
-0.196495
0.293431
-0.005687
0.012604
-0.011564
-0.508402
0.187672
-0.492759
0.300382
-0.245503
-0.238825
-0.399536
0.931747
0.052292
-0.120305
0.142778
-0.076508
1.118038
0.254110
-0.082324
-0.442836
0.474850
-0.277936
-0.015002
-0.090917
0.065589
-0.405073
0.025619
-0.564895
-0.135834
1.071164
0.120380
-0.046605
0.257860
-0.386097
0.558909
0.467842
0.461504
0.298928
-0.151896
-0.474769
-0.528845
-0.478074
0.332032
-0.430647
-0.631722
0.648583
0.716643
-0.372199
0.242164
0.004848
-0.140809
-0.043129
0.191428
0.259462
-0.252258
0.231413
-0.359305
0.331345
-0.472800
-0.406120
0.372653
-0.085190
0.526475
-0.028126
0.138445
0.085492
-0.186456
-0.558912
0.644220
-0.506265
-0.152897
-0.009448
0.236133
-0.181921
0.057572
-0.339015
-0.042784
-0.190590
0.319306
0.105994
-0.541904
0.310256
0.390605
-0.197941
0.126058
0.115089
0.345776
0.244312
0.128069
0.027232
-0.337008
-0.200484
0.060484
0.330606
-0.097278
0.301419
-0.059919
-0.818883
0.100480
0.343968
-0.398220
0.410138
0.190992
0.090202
0.099476
-0.071426
0.053357
-0.505926
-0.465294
0.050640
0.721298
-0.467517
0.369162
-0.025231
-0.072414
-0.344347
-0.102890
0.417272
-0.431213
-0.578201
0.242329
-0.333858
0.620262
0.544723
-0.243188
-0.327483
0.416129
0.184897
0.094033
-0.002558
0.382908
-0.282302
0.113616
-0.511038
-0.005536
0.055665
-0.047993
0.416793
0.297453
-0.863865
0.272792
-0.362487
-0.086378
0.412019
0.170471
0.721751
0.050123
-0.742060
-0.132033
-0.068681
0.369469
-0.274569
0.101408
0.554871
0.762862
-0.491025
-0.062852
-0.131449
0.523562
0.137771
-0.648952
-0.414040
-1.100134
-0.043064
-0.113775
0.427203
0.516383
0.315078
-0.918108
-0.174018
-0.679557
0.156211
-0.498731
0.149074
-0.536219
-0.315347
-0.579328
-0.143100
0.274714
-0.112070
0.430431
-0.740936
-0.317019
0.085824
0.214736
0.431523
0.075838
-0.010335
-0.475718
-0.512443
0.355688
-0.157442
-0.954378
0.172254
0.203710
0.399622
-0.517890
-0.522506
0.118319
-0.210703
-0.435242
-0.139962
0.084366
-0.258689
0.866661
0.308287
-0.651696
-0.594340
0.069706
-0.533683
-0.381972
0.069345
-0.854768
0.140918
0.128804
0.095254
-0.275268
0.307931
-0.980748
-0.378453
-0.010953
-0.705450
-0.237771
0.231878
-0.217863
0.026058
0.107519
0.181552
0.074670
0.659895
-0.195943
0.335530
0.201579
0.400034
0.105623
-0.041309
0.475561
0.005291
0.022212
-0.381877
-0.163698
0.184663
0.321025
0.223428
0.364265
-0.064003
-0.182328
0.029418
0.393944
0.040320
-0.063774
-0.390308
0.522770
0.017947
-0.176068
0.056423
-0.215804
-0.107452
-0.044186
0.306701
0.254438
-0.490317
-0.140316
0.856877
0.216332
0.749520
-0.097727
0.021679
-0.200733
0.379627
-0.424413
-0.213149
-0.344936
0.414225
-0.085274
0.143930
0.125589
0.356456
0.066090
-0.105106
0.288673
0.048600
-0.584509
-0.920434
0.048181
0.039445
0.251955
-0.598387
0.264022
0.031109
0.061877
-0.062831
0.662399
-0.213933
0.454736
-0.497652
0.084778
-0.111641
-0.152115
0.171141
-0.333494
0.034998
-0.359942
-0.022208
0.451220
0.307652
0.314280
-1.004485
-0.248056
-0.182660
-0.083667
-0.603582
-0.075515
-0.218734
0.198751
-0.014186
0.222142
0.820367
-0.146510
-0.417915
0.037129
-0.377008
0.241037
-0.279109
-0.175816
0.434337
-0.704793
-0.003243
0.591678
0.084374
0.212798
0.260432
-0.437706
0.167362
-0.182551
0.495366
0.031276
-0.355208
0.437506
-0.053809
-0.209406
0.153196
-0.137354
-0.027435
0.769302
0.375592
0.337244
0.042841
-0.090445
0.539714
-0.118354
0.264285
-0.096453
-0.085198
0.234096
-0.247836
-0.050629
0.859170
0.542245
0.000925
-0.174778
-0.014458
-0.185910
0.048552
0.194889
-0.331125
0.266753
0.048498
0.379273
-0.366351
-0.202071
0.242419
0.229916
0.095802
-0.115878
0.177238
0.011389
0.103502
0.246268
0.203078
0.729196
0.064875
0.115258
-0.855665
0.074260
0.524470
0.249872
-0.478811
0.346816
-0.087322
-0.290829
-0.356038
0.272522
0.635269
0.826169
0.705142
0.007862
-0.120522
0.402254
0.818049
-0.117112
-0.330681
0.180952
-0.296908
0.259225
0.146481
0.150776
0.132802
-0.321510
-0.317049
0.410195
0.085246
-0.898637
-0.219118
0.147486
0.047970
0.548058
-0.192413
-0.051056
0.587843
-0.114175
0.247425
-0.362421
0.202042
-0.063246
0.113981
0.017719
-0.078040
-0.237552
1.068947
0.185622
0.036397
0.083384
-0.261332
-0.090426
0.572691
-0.121077
-0.351268
0.543475
0.257405
0.284245
-0.224759
-0.185794
-0.417002
-0.477899
0.003648
0.168122
-0.645102
-0.000020
0.311154
-0.062227
0.094608
-0.068030
0.014678
0.225898
0.531220
0.187347
0.291320
0.299561
-0.587244
0.595147
0.079432
-0.299005
0.797174
0.712629
0.134088
-0.239440
-0.338342
0.291972
0.387939
0.691567
0.087124
-0.422352
-0.309140
0.316473
-0.020154
0.114431
0.125785
-0.110846
-0.047460
0.312947
0.184700
-0.117533
-0.066757
0.314916
0.080306
0.300169
0.120836
0.602010
0.043985
-0.256460
0.275894
0.325344
-0.297521
0.116893
0.204740
0.281926
-0.223464
-0.212214
-0.299989
0.645393
0.645972
0.260380
-0.344085
0.028566
-0.032332
0.547465
-1.001621
0.648512
0.177307
-0.229803
-0.731229
-0.514743
-0.162173
0.262794
0.042267
-0.655470
0.453031
0.093145
0.013978
-0.283260
0.026174
-0.300420
-0.888387
-0.368817
0.593869
0.043737
0.021375
-0.023782
-0.275662
-0.029147
-0.020278
0.260966
0.061689
0.515745
0.172788
0.099000
-0.557492
0.270476
0.351884
-0.505615
0.106218
-0.320940
0.197502
0.325755
0.094851
-0.041356
0.215098
0.141942
-0.509412
0.136726
0.037795
0.210864
-0.148211
-0.465773
0.003856
-0.039445
0.067899
0.611759
-0.558320
-0.551385
-0.033343
-0.185694
0.513737
0.872155
-0.121082
-0.192747
-0.398028
0.014839
0.270457
-0.628135
-0.116756
-0.149112
-0.341258
-0.402823
-0.210675
-0.205720
-0.371045
-0.239550
0.169016
0.588996
0.056731
-0.307527
-0.081310
0.001757
0.025895
0.093336
-0.184758
0.087888
-0.128353
0.146538
-0.396257
-0.434764
0.093961
-0.404611
0.075423
0.399131
-0.302588
0.374962
-0.494369
0.196818
0.075538
0.245714
0.341597
0.225963
-0.122124
-0.221209
-0.040728
-0.020974
-0.322080
-0.303902
-0.111548
-0.716021
0.400832
-0.394690
-0.162505
0.087885
-0.424212
-0.184836
-0.122903
-0.178691
-0.115720
0.082868
0.390612
-0.371088
0.297788
0.219521
-0.741539
-0.448377
-0.582776
-0.464728
0.141201
-0.338453
0.182494
-0.421999
-0.160385
-0.427840
0.644466
0.069014
0.001631
-0.352476
0.509053
-0.177740
-0.055570
0.563530
-0.213915
-0.250418
0.094535
0.225730
0.040371
0.059384
-0.134989
0.035368
0.804581
0.117888
-0.096782
0.200443
-0.255496
0.319498
0.392103
-0.069691
0.024192
-0.418976
-0.052853
-0.339190
-0.187063
-0.237852
0.050409
0.338277
-0.199191
-0.402102
0.073119
0.285642
0.423197
0.164650
0.023835
-0.488398
-0.078233
-0.117497
-0.776030
0.358688
0.485524
0.070286
-0.444243
0.046383
-0.094131
