-0.317202
-0.302632
0.249102
0.161234
0.045455
0.150765
-0.288437
0.318872
0.504677
0.230347
0.334000
-0.177102
-0.019119
-0.193841
-0.017041
0.231959
0.107777
0.019256
0.537999
0.135129
0.194598
0.184739
0.376577
0.221561
-0.549488
0.097977
-0.098832
-0.462362
-0.416482
0.329615
0.008769
-0.005866
0.115977
0.242965
0.143042
-0.058510
-0.442198
-0.580517
-0.227769
0.169216
-0.144802
0.149869
0.033050
0.119778
-0.395871
0.471468
-0.259667
0.086990
-0.054309
-0.086632
0.380213
-0.175097
0.023590
0.343835
0.085238
0.579933
0.088066
0.488679
-0.082417
0.137988
0.129570
-0.527381
0.637009
-0.568065
-0.043711
0.264061
-0.281821
0.246224
0.440337
0.187961
-0.202128
0.004543
-0.780717
-0.034749
0.206150
-0.264670
-0.453374
-0.429447
0.166774
0.302724
0.387985
-0.126368
-0.300986
0.045130
-0.153048
0.829368
0.438916
0.147259
0.433620
0.311865
0.148095
-0.655775
-0.072703
0.731528
-0.207807
-0.009404
-0.180636
-0.121248
-0.210507
0.632952
0.037843
0.027489
-0.828759
-0.253645
-0.414075
0.032305
-0.065392
-0.045597
-0.322476
-0.183315
0.523834
0.216900
-0.260282
0.414499
-0.628918
-0.258774
-0.475291
0.518232
-0.215371
0.699900
-0.019981
-0.304196
0.253228
-0.284648
-0.397877
-0.117059
-0.320892
0.209936
0.560880
-0.219464
-0.411204
0.183795
0.150303
0.235874
-0.439279
0.054634
-0.091422
0.299060
0.852141
0.081022
-0.751629
0.431070
-0.175997
0.556742
0.325711
-0.631851
0.184652
-0.338700
0.167776
-0.457461
-0.146153
0.018515
0.339057
0.041005
-0.323424
-0.198723
0.218987
-0.645749
-0.256140
0.307228
0.014218
-0.076789
0.041028
-0.817689
-0.459149
-0.161636
0.268354
0.129011
-0.028227
-0.220394
0.184477
0.187790
0.308443
0.043635
0.159821
-0.104772
-0.392830
-0.665558
0.142576
-1.114247
-0.234820
-0.240850
-0.400423
-0.453888
0.364196
-0.293737
-0.450147
0.298064
-0.279102
-0.576240
-0.113332
1.062893
-0.129345
-0.139064
0.262271
-0.099358
0.329369
0.252160
0.121148
-0.029943
-0.632797
0.258979
-0.004492
0.086607
-0.400857
-0.478061
0.189127
0.509360
-0.832945
0.101639
0.062190
0.367411
0.176018
-0.367955
-0.231795
0.048263
-0.512747
-0.148863
0.589704
0.541766
-0.126888
-0.096335
-0.376078
0.544895
-0.361822
0.215779
0.197291
0.344497
0.081961
0.508619
-0.356229
0.279972
-0.157919
-0.055413
0.280657
-0.018698
-0.159266
0.486166
0.028865
0.667236
0.286917
-0.026399
-0.196844
-0.312884
0.370116
-0.597067
0.201488
-0.498020
0.275517
-0.167784
-0.285817
-0.306280
0.235407
0.038279
0.476427
-0.506058
0.085401
0.174988
-0.346478
0.375981
0.142730
-0.422802
-0.185085
-0.572616
-0.001121
-0.227637
-0.138192
-0.077568
-0.333965
-0.145993
0.034617
-0.033977
0.355879
-0.184078
0.407872
-0.275055
-0.251995
0.073176
-0.297979
-0.319014
0.015282
0.343601
-0.158471
0.497710
0.087667
-0.138960
0.289636
-0.384106
-0.402457
0.271199
-0.232059
0.151052
-0.492051
-0.608703
0.171246
0.330947
0.164832
0.191090
-0.619988
-0.274135
0.109801
0.154448
-0.014114
-0.642137
0.047177
-0.014416
-0.040419
-0.532266
-0.218195
-0.349398
-0.141662
0.401037
0.918551
-0.112072
0.381940
-0.071160
0.168017
0.001714
-0.150036
-0.023179
0.447838
-0.233667
-0.033935
0.617213
-0.389231
0.172405
-0.336720
0.263763
-0.014943
0.026730
-0.090919
-0.062217
0.006692
0.047945
0.064278
0.147970
-0.572456
-0.012308
0.135865
0.215477
0.322967
0.277752
-0.307338
-0.124207
0.489215
-0.055308
-0.596919
-0.104119
-0.441026
-0.389463
-0.205097
0.401404
0.183666
0.195854
-0.206740
0.004116
0.217844
0.441296
0.055669
0.017051
-0.011701
0.607524
-0.139695
0.194463
-0.192043
0.316085
0.099720
0.225069
-0.206084
0.006061
-0.328054
0.015297
-0.118944
-0.340519
0.323762
-0.453015
-0.206232
-0.357106
-0.588936
0.004296
-0.438350
-0.064933
-0.248944
-0.677033
-0.430595
-0.117348
0.926205
-0.082509
0.351873
0.064663
-0.335312
0.000220
0.167527
-0.472096
0.094800
0.011391
0.224017
-0.176065
-0.190614
0.494995
-0.256147
0.385801
0.145499
-0.151251
0.276940
0.040922
-0.509227
-0.030027
-0.217784
0.427537
0.561413
0.273445
-0.317453
-0.456043
0.128260
0.264910
0.337486
0.247300
-0.209324
0.153554
-0.048604
0.042945
-0.338314
-0.536777
0.501295
-0.048739
0.227777
0.149750
-0.236879
-0.295621
0.392690
-0.160952
0.229632
0.383206
0.354266
0.036201
0.090882
-0.484727
-0.149903
-0.153034
0.383615
0.305568
0.306959
0.228150
-0.333088
0.524356
0.290734
0.363846
0.193740
-0.142756
-0.485675
-0.075789
0.128970
-0.341019
0.016096
-0.447924
-0.387250
0.199429
-0.293173
0.182657
-0.616106
0.155021
-0.054896
-0.379527
0.185257
-0.546540
0.327468
0.155565
0.074191
-0.103599
0.231467
0.557315
0.559952
0.048361
0.177755
0.084966
0.369364
-0.065870
-0.401365
-0.193832
-0.289825
0.072708
-0.175795
-0.084584
0.227141
-0.006187
0.113299
0.384593
-0.405206
0.211941
-0.788252
-0.491779
-0.148340
-0.517917
-0.024962
0.002455
0.299377
0.145341
0.093650
-0.278729
-0.565592
-0.232560
-0.060107
-0.037674
-0.181138
-0.119445
-0.081149
-0.010648
0.201712
0.292898
-0.555374
0.352194
0.166511
0.229771
0.276170
-0.290285
-0.056978
0.011997
0.503681
0.567139
-0.081947
0.455114
-0.322765
-0.037947
-0.205443
-0.290340
0.527333
0.450487
-0.033044
0.000550
0.796901
0.121206
-0.579020
-0.085220
0.374974
-0.160679
0.437758
0.607997
-0.409650
0.466156
0.094694
0.249587
-0.057046
-0.298814
0.460424
-0.250427
0.548525
-0.273231
-0.585240
0.148266
-0.115755
0.288415
0.266338
-0.340367
-0.189119
-0.375874
-0.094287
0.318053
-0.055193
0.207002
0.400098
0.057749
0.757393
-0.260566
-0.107366
-0.163685
0.177633
-0.212683
-0.137961
0.021608
-0.212208
-0.533359
-0.299070
-0.373461
-0.267287
-0.490160
0.096807
0.382451
-0.148282
-0.046562
0.434936
0.778517
-0.127651
-0.047269
0.321855
-0.283238
-0.057330
-0.339877
0.234081
0.302893
-0.237906
0.502344
-0.099748
-0.064947
-0.015572
-0.136789
-0.407806
0.250608
0.818856
-0.088680
0.455857
-0.274634
-0.288260
0.274182
0.038808
-0.185684
0.208332
0.045880
-0.223930
-0.099636
0.048315
0.130154
0.852503
-0.392261
-0.876320
-0.009903
-0.161966
0.125503
-0.277807
0.298852
0.146262
-0.013063
0.229201
0.011243
-0.018216
-0.163785
-0.450655
0.370176
0.618411
-0.914372
-0.295658
0.364395
-0.100190
-0.103581
0.210224
0.476898
0.685899
0.081739
-0.068533
0.058940
-0.373459
-0.181556
0.330558
-0.298536
0.007020
-0.280286
0.455396
-0.379025
-0.235876
0.419038
0.278347
0.049706
0.064538
0.201356
-0.650833
0.786681
0.122527
0.360931
-0.299510
-0.265310
-0.327172
-0.302006
-0.329467
0.446420
-0.411843
0.093430
-0.203277
0.398880
0.413696
-0.098597
0.299778
-0.540757
-0.049184
-0.154139
0.065193
-0.072599
-0.428839
0.433176
-0.013059
-0.210796
-0.804368
-0.668604
-0.759006
-0.855227
-0.123594
-0.054981
0.179607
0.108255
0.013148
-0.130583
-0.089422
-0.382551
0.272020
-0.169502
-0.333752
-0.261813
-1.127162
-0.220524
0.442613
0.531733
0.029931
-0.371580
-0.205752
0.533872
0.262118
-0.459922
0.240678
-0.030600
0.241801
0.442246
0.115717
0.048128
-0.263554
0.401780
0.582908
-0.365599
-0.036891
-0.316582
-0.625156
-0.492046
0.523911
0.488630
-0.016638
-0.297974
0.411218
0.516613
0.110987
-0.177990
0.037483
0.111414
-0.523263
-0.065507
0.348332
0.070078
0.027930
0.122582
-0.345408
0.445627
0.462247
-0.078113
0.477504
-0.067542
0.419657
-0.053067
0.063349
0.201987
-0.153882
0.181214
0.343281
-0.176022
0.012459
-0.236866
-0.399410
-0.141042
0.535847
0.273377
0.158434
-0.315473
-0.071597
-0.202462
0.518980
-0.091659
0.126265
-0.349945
0.025748
-0.151122
0.187630
0.227611
0.540027
-0.224218
-0.359467
0.297818
0.431563
-0.456652
0.620195
-0.184557
-0.478599
-0.283109
0.156940
0.004201
0.015747
-0.138148
-0.015495
-0.015625
0.156790
-0.011052
-0.521446
0.035994
-0.075568
0.403975
0.236952
-0.458413
-0.129899
-0.256347
0.300593
0.161504
0.550495
0.194192
-0.491998
0.367153
-0.160342
0.364905
0.838028
-0.723684
-0.116197
-0.432716
0.589833
-0.215379
-0.395608
-0.756916
-0.252386
-0.689515
0.209209
-0.321653
-0.117393
0.220430
0.083966
-0.184170
0.179044
0.509544
-0.137317
-0.185210
0.137659
0.141489
-0.009475
-0.083476
0.216502
0.093666
0.097516
0.079748
-0.003962
-0.007611
-0.155860
-0.698176
0.471178
-0.250842
0.596770
0.396405
0.301305
-0.070589
0.419496
0.389076
0.026535
0.071804
-0.230851
0.236050
-0.368896
-0.377737
-0.186368
-0.122027
0.148927
-0.308431
-0.198286
0.120772
-0.281955
0.137554
-0.051070
0.223642
-0.352041
-0.119051
0.132438
0.014603
-0.621705
-0.054632
0.257061
-0.386289
0.060733
0.010376
-0.037613
-0.095795
-0.092331
0.269875
0.043349
0.739112
-0.087930
-0.048601
0.461746
-0.640464
0.139045
-0.170395
-0.075235
-0.115297
-0.483704
-0.681238
0.162431
0.394479
0.055053
0.067059
-0.027264
0.484371
0.156246
-0.685108
-0.060847
-0.203939
-0.045561
-0.375152
0.040813
0.453029
-0.363423
0.348406
0.282914
0.781525
-0.019226
0.149260
0.214956
-0.392962
-0.048232
0.111116
-0.297668
-0.692304
-0.099248
0.188192
0.349943
-0.006095
0.383921
-0.163583
-0.211338
0.021792
0.361657
0.039913
0.318788
0.164556
0.056633
0.112212
-0.100973
0.271839
-0.127468
0.151911
-0.134534
0.358832
0.120148
0.371821
-0.320768
0.356944
-0.578163
-0.184651
-0.083689
0.564070
-0.144588
0.200030
-0.733514
0.108395
-0.039628
0.097391
-0.074178
0.408078
-0.271373
-0.680969
-0.050780
-0.016821
-0.024047
-0.171237
0.001280
-0.028381
-0.041303
-0.405435
0.300712
0.107671
-0.046466
0.351588
-0.403668
-0.005216
-0.102034
0.100715
0.117594
-0.125753
0.275985
0.393800
0.007450
0.064307
-0.120928
-0.534567
-0.153122
0.274209
0.350574
-0.368871
-0.363818
-0.002386
-0.118016
-0.135984
0.678981
-0.161838
-0.220270
0.187835
0.395292
0.237845
0.579787
-0.273059
0.206747
0.211301
0.140586
-0.245819
-0.212521
0.220321
-0.243294
0.216826
-0.031308
-0.524025
-0.647274
-0.572681
0.780466
-0.059367
0.369561
0.250060
-0.416445
-0.215519
-0.152072
-0.115982
-0.916151
0.082746
-0.403531
0.110216
0.068423
-0.386897
0.335045
0.088464
0.026311
0.101997
0.107998
0.364245
0.223318
-0.104916
-0.818005
-0.380422
-0.076824
-0.317537
0.427866
-0.435738
-0.442308
-0.026404
0.054325
-0.234174
0.323597
0.610415
0.289451
-0.153037
-0.061161
-0.103482
-0.124495
0.009320
0.182628
-0.014546
0.751376
0.170299
0.112080
-0.024286
-0.178791
-0.016007
-0.063437
-0.001912
0.311197
0.045270
0.476775
-0.539647
0.539818
-0.319080
0.370714
0.101680
-0.260122
0.391515
-0.158007
0.733000
-0.298935
0.344978
0.271827
-0.284421
-0.332347
0.150763
-0.142272
-0.198235
0.486390
0.301086
-0.413463
-0.081227
-0.193995
0.304540
-0.472508
0.094045
-0.712589
0.114423
-0.246797
-0.187812
0.612072
-0.060964
0.091668
0.191688
-0.311841
-0.683338
-0.101005
0.121070
-0.173199
-0.480961
-0.091200
-0.392522
0.350338
0.338916
-0.433524
-0.486569
-0.049400
0.483211
0.068916
-0.812815
-0.286313
0.363137
-0.282200
-0.268085
-0.440112
0.727789
0.498893
0.518122
0.439156
0.218778
0.471604
0.046888
0.066071
-0.566979
-0.730361
-0.012506
0.118076
-0.456272
-0.365578
0.069635
-0.233388
-0.511288
0.824867
0.411620
-0.117930
0.026904
0.030614
0.418226
-0.100919
-0.198409
-0.153203
0.129441
-0.111614
-0.242662
0.272160
0.668525
0.514298
-0.193098
0.330668
-0.194825
0.037881
0.767901
-0.229222
-0.024664
0.117484
0.264670
-0.230034
-0.096753
0.614232
0.075339
0.081707
0.360410
0.537438
-0.646130
1.067746
0.224172
0.696069
0.119555
0.248944
0.244680
0.011379
0.061077
-0.162293
0.320753
0.237189
0.337496
0.014291
0.239773
0.023288
-0.036422
-0.739645
-0.043225
0.612156
-0.037307
-0.559179
0.607587
0.108011
0.178019
-0.249889
0.071289
0.098341
0.020489
-0.293093
-0.232698
-0.301364
0.162654
-0.323562
-0.401825
0.509920
0.191360
0.022247
-0.622806
0.468328
-0.167210
-0.232595
-0.021479
0.265978
-0.483282
-0.614935
-0.027907
-0.025299
0.050596
0.307395
-0.051081
-0.172511
-0.103648
0.505467
-0.319359
-0.656501
0.250456
-0.334020
0.062103
-0.228600
0.890356
-0.184047
-0.138703
0.071552
-0.072915
0.370287
0.409806
0.085036
-0.038283
-0.776572
-0.500298
-0.279501
-0.146309
-0.005671
-0.098466
0.030826
-0.170629
-0.203467
0.122220
-0.013038
-0.562686
-0.218889
-0.399774
0.391406
0.043938
-0.393983
-0.200373
-0.314763
-0.309269
0.106550
0.384791
-0.546861
-0.218286
-0.124169
-0.111808
0.356319
0.106722
-0.182191
-0.615162
0.635028
0.091779
-0.484019
-0.242565
-0.031841
-0.094388
0.007536
-0.040748
-0.268735
-0.188669
-0.467827
0.371810
0.299022
0.817562
0.115204
0.111588
0.346973
0.702201
-0.472733
0.078790
0.658466
-0.040701
-0.479873
-0.138944
0.123212
-0.512414
-0.096169
-0.163541
-0.313689
-0.077006
0.315987
-0.179248
0.105203
0.197229
-0.470607
0.131511
0.200566
-0.337878
0.900398
-0.629602
0.608670
0.043048
0.489981
0.639521
0.299772
0.460034
0.342579
0.403819
-0.368087
0.019375
-0.414764
0.547572
0.247129
-0.026158
-0.228793
-0.738542
0.011322
-0.471764
0.039679
-0.071526
0.028432
0.192231
-0.074994
0.210710
0.390519
-0.270325
0.440143
-0.256456
-0.414280
-0.094560
0.778227
0.733050
0.717170
0.029128
-0.021895
0.207787
-0.111234
0.233685
0.261755
-0.212667
0.204338
0.515341
0.448381
-0.487373
-0.326336
0.096450
-0.194744
-0.159093
-0.335835
0.213454
-0.052396
0.249100
-0.001542
0.370702
-0.545286
-0.148937
0.202755
0.538519
-0.397992
0.341185
0.484524
0.134721
-0.266351
-0.384826
-0.138001
-0.055672
0.469006
0.639028
0.239202
-0.394991
-0.151708
-0.101427
0.176891
-0.267557
-0.338354
0.594074
0.345245
0.202328
0.718562
0.432127
0.166092
-0.099455
0.164706
0.036931
0.093277
-0.080719
-0.375614
-0.120637
-1.175022
-0.402657
-0.155335
-0.451813
-0.553414
-0.118068
-0.555817
-0.891110
-0.502762
0.309548
-0.091384
-0.622790
-0.433700
-0.434000
-0.327139
-0.608890
0.070615
-0.473626
-0.802482
0.146698
-0.621707
-0.037880
0.055251
-0.613177
0.186611
0.024447
0.168477
-0.214741
0.765297
0.178285
0.059913
0.275928
-0.309942
0.687388
0.508332
0.429439
0.309540
1.267141
0.574617
0.648242
0.656018
0.945803
0.902679
0.235162
0.504074
-0.128563
0.139483
0.533724
-0.814376
0.533693
-0.261919
0.011762
-0.248657
0.281327
-1.359580
-0.269421
-0.118760
-0.200988
-0.591225
-0.030749
-1.220054
-0.376817
-0.549983
-0.899010
-0.086770
-0.224398
-0.382833
-0.399673
-0.720996
-1.071958
0.183320
0.116286
0.038664
-0.001439
0.531247
-0.055519
-0.438919
-0.087668
-0.525220
0.521795
0.688832
0.598610
0.314062
0.311907
-0.019720
0.429493
-0.721007
-0.240705
0.036329
0.170769
-0.322266
0.146006
0.198389
0.014841
-0.243266
0.013694
0.216814
0.192070
-0.204795
0.126962
-0.354300
-0.370643
-0.179817
-0.425247
-0.084106
-0.623218
0.420127
-0.193537
-0.160531
0.494316
-0.337668
0.708580
0.197763
-0.005907
-0.106432
-0.038057
0.759370
0.433593
-0.010116
-0.179623
0.111513
-0.292554
-0.435504
-0.164253
0.370419
0.225553
0.176602
-0.603815
-0.025383
-0.096817
0.023756
0.480110
-0.625095
0.152551
0.085508
0.240230
0.005330
-0.096643
0.145464
-0.105234
0.551227
0.115750
-0.008187
-0.358937
0.212590
-0.624403
-0.063552
0.061053
0.378371
-0.153861
-0.090371
0.051321
-0.313006
-0.036585
0.049152
-0.373036
0.070899
-0.014027
0.496918
-0.529015
0.541162
0.126432
0.419565
0.337695
-0.023472
0.168381
0.071693
-0.404528
0.622234
-0.251703
0.201137
0.328143
0.060436
0.434777
-0.486852
-0.226605
-0.059305
-0.534267
0.390648
-0.042143
1.062555
0.090957
0.443817
0.487513
-0.385040
-0.267425
-0.625414
-0.131866
0.506281
-0.104053
-0.173124
-0.423267
-0.074400
-0.073722
0.695830
0.383598
0.042672
0.364794
0.626215
-0.137042
0.256137
-0.103858
-0.289409
-0.358227
-0.286185
0.447381
-0.677525
-0.294481
-0.650084
0.283137
-0.084941
0.511893
0.059835
-0.208523
-0.294362
-0.711324
0.261103
-0.371891
-0.027613
-0.207484
0.288339
0.297613
0.279750
0.742739
-0.243457
0.278417
0.023771
0.098416
0.189029
0.485438
-0.105999
-0.631203
-0.178078
-0.235200
0.713348
-0.407683
0.135589
-0.321495
-0.244148
0.123360
0.386462
-0.060909
-0.102936
-0.358944
-0.192297
0.087487
0.039185
-0.118702
-0.856341
0.244283
0.004078
0.004334
0.383344
0.337815
-0.048976
-0.305250
0.116889
-0.113324
-0.100457
-0.130677
-0.947174
0.024305
-0.124886
-0.437700
-0.077671
-0.157776
1.023568
0.447019
-0.369824
-0.490100
0.070469
-0.688524
-0.327987
0.481977
-0.212118
-0.183097
-0.348844
0.070068
-0.514456
-0.283529
0.092579
0.134797
0.160911
0.476085
0.168890
-0.397073
-0.068559
0.302105
0.213332
0.458407
-0.062228
-0.189382
0.182951
0.376203
-0.168188
0.033806
0.526665
-0.150741
0.546296
-0.252776
-0.167337
-0.435943
-0.411605
0.063561
-0.277796
-0.150458
-0.450547
-0.555262
-0.328268
-0.015542
0.467175
0.278163
0.021370
0.157268
-0.444025
-0.208960
0.224081
-0.235288
0.495088
0.088411
0.389975
-0.399851
0.491042
0.099989
-0.108921
-0.078789
0.751421
-0.325434
0.304732
-0.674889
0.165939
0.337352
0.210815
-0.187201
0.195833
-0.116618
-0.026923
-0.067730
0.081239
-0.071427
-0.034995
-0.495108
0.018510
0.110138
-0.320726
0.225781
0.071981
-0.125210
-0.405662
-0.343854
0.244368
0.026116
0.037639
-0.044806
-0.371707
-0.026539
-0.110986
0.556217
0.698477
0.171225
0.526002
0.106639
0.712875
-0.059153
-0.115686
-0.236739
0.596455
-0.203020
0.137433
0.340130
0.336086
0.106304
-0.266616
-0.345248
-0.250577
0.107479
-0.783490
0.169153
0.195483
-0.448184
-0.337813
0.294315
-0.102794
0.358012
-0.261723
-0.110339
0.145702
0.533427
0.511050
0.179613
0.529884
-0.124768
0.119589
0.106644
0.150858
0.598766
-0.298757
-0.343553
-0.719366
-0.335412
-0.487322
0.489859
0.024730
-0.000963
0.154948
0.508552
-0.146657
0.085000
-0.396122
-0.107488
0.404786
0.113467
-0.645113
0.367494
0.107243
-0.142671
0.494209
-0.130271
-0.412742
-0.340493
0.149691
-0.334064
0.300163
0.067314
0.063267
-0.124216
-0.564571
-0.069561
-0.411362
-0.163479
-0.565109
0.107094
-0.570234
0.482737
-0.231517
-0.502654
-0.067508
-0.413063
-0.119260
-0.239397
0.179431
0.088827
0.167491
-0.165660
0.324535
-0.179051
0.465007
-0.754182
0.168145
-0.763933
0.397858
0.043849
0.427086
-0.114551
0.053999
-0.179593
-0.442458
-0.085712
0.046270
0.059098
-0.194629
0.653582
-0.286277
0.011968
-0.407426
0.116712
0.196086
-0.508741
0.086183
0.051390
0.419733
0.078644
0.079252
-0.058441
0.519288
-0.438069
-0.542853
-0.638134
-0.018559
-0.375126
0.678929
-0.304696
-0.078881
-0.079929
0.609679
0.122541
0.040753
0.470589
0.146130
0.166015
0.215800
-0.265446
0.425426
0.074310
-0.292462
0.192889
-0.025028
0.203155
-0.122986
-0.266839
0.542581
-0.144844
-0.274594
-0.438922
0.113278
-0.084415
-0.639979
0.068202
0.476064
-0.180620
-0.066797
-0.243904
0.251916
0.253050
0.217756
-0.069727
0.316743
0.410837
-0.204203
-0.458293
-0.187182
0.436447
-0.321304
0.022790
-0.540235
0.224912
-0.372016
0.387510
0.154013
-0.449763
-0.206631
0.094012
-0.195375
-0.402842
0.044946
-0.187669
-0.211409
0.140326
0.204369
0.054098
-0.139054
0.233605
0.473127
0.289586
0.001013
-0.430630
0.218059
0.399206
0.186797
-0.122158
-0.433463
0.232846
-0.107259
-0.465536
-0.063769
0.546954
-0.571882
0.083016
-0.062104
0.280131
0.167224
-0.089146
0.129158
-0.663015
-0.247128
-0.213530
-0.643279
-0.599304
0.211720
0.081974
0.105376
-0.308638
0.199292
-0.013060
-0.314830
-0.113708
0.056303
-0.402598
-0.075383
0.192908
0.223800
0.182253
0.043710
0.409854
-0.119603
-0.050503
0.595715
0.090357
-0.326458
0.165281
-0.099208
0.426194
0.034955
-0.354011
0.006044
0.394210
-0.218712
0.072934
-0.439884
-0.022521
-0.188369
0.294550
-0.138642
0.510559
-0.674164
0.667700
-0.322688
-0.096015
0.173590
0.347309
-0.056008
-0.386254
0.151518
0.037862
0.363350
-0.035236
-0.199580
-0.366937
0.616933
-0.245563
0.509627
-0.160811
0.272722
0.551061
-0.298231
0.346705
0.028767
-0.413168
0.488077
-0.849780
0.574365
-0.218764
-0.665497
-0.017342
-0.074201
-0.429829
0.188343
-0.227612
0.155432
0.507862
0.097270
0.374501
-0.478923
0.100890
0.461279
-0.566873
0.389332
0.257363
-0.314192
-0.053864
-0.135910
0.084650
-0.008676
-0.710294
0.069931
-0.371079
-0.215802
0.521185
0.130661
-0.782578
0.275355
-0.557091
0.278356
-0.364638
-0.532413
-0.271475
0.051752
0.622752
0.108661
-0.474192
0.229982
-0.257695
0.194510
-0.289607
-0.027671
-0.500221
-0.438252
0.036434
0.939340
-0.011643
-0.250771
-0.119345
0.175294
-0.052314
0.078407
-0.465008
-0.474579
-0.416168
0.430516
-0.249252
-0.236973
0.410692
0.355586
0.107214
-0.209998
-0.329978
-0.003104
-0.382580
0.609791
-0.426654
-0.092317
-0.275593
-0.614680
0.368851
-0.087425
0.518333
0.106531
0.321921
0.362729
-0.615817
-0.046590
0.269252
-0.018838
-0.086009
0.565291
-0.353682
-0.564568
-0.619505
-0.078860
0.231373
-0.058265
-0.183837
-0.359765
0.211883
-0.346715
-0.608518
0.190813
0.113183
0.179969
0.147175
-0.069435
-0.402299
0.232434
0.741239
-0.159640
-0.190385
0.245827
0.527316
0.205903
-0.037807
0.267723
0.385723
-0.383129
-0.013090
-0.549946
-0.284641
-0.317523
0.616937
0.155487
-0.187311
0.434353
0.608720
0.082263
0.327369
0.371064
0.395666
0.126756
-0.303373
0.010534
-0.357766
0.297703
0.138572
-0.736015
0.362866
-0.054756
-0.482534
-0.475180
-0.084081
-0.211668
-0.574180
0.017977
-0.336721
0.607400
0.068237
0.379672
-0.265975
-0.289952
-0.400239
0.427057
0.580002
-0.099512
0.537514
0.184282
-0.385666
0.030164
0.503149
-0.212457
0.156009
-0.629976
-0.117564
0.527722
-0.000983
-0.433096
-0.288438
0.688130
-0.712379
0.103263
-0.171305
0.033597
0.297339
0.405412
0.375713
0.204171
0.102759
-0.167529
0.281559
0.282146
-0.203281
0.036728
0.741800
0.375453
-0.321402
0.363982
-0.154677
0.183312
0.829120
0.524498
-0.013029
-0.498773
-1.120952
0.533771
-0.287622
0.462627
-0.287359
0.135808
-0.295085
-0.105908
-0.106310
0.063262
-0.009085
0.313652
-0.283368
-0.070511
0.480207
0.141482
0.363458
0.250457
0.114803
0.376563
0.073140
-0.041458
0.423543
-0.274700
-0.380839
-0.017389
0.410842
0.083439
-0.034363
0.014990
0.186346
0.016459
-0.147532
-0.041034
-0.093976
1.036813
-0.319559
-0.524670
-0.495814
-0.138270
-0.403764
-0.002108
0.477720
-0.428700
0.211708
-0.535397
0.235435
0.524896
0.161502
-0.097566
-0.128138
0.210598
0.042793
0.135602
0.180042
0.332141
0.068786
0.384831
0.514295
0.000525
0.749995
0.223767
0.567148
0.404046
-0.494821
-0.078130
0.236916
-0.382727
0.542225
0.269707
-0.108660
0.023919
-0.437845
0.536864
-0.035139
-0.066941
0.609122
-0.071755
0.454843
0.020881
0.563428
-0.058436
0.384903
-0.054338
-0.319665
-0.608205
0.216265
-0.335988
0.084766
0.173333
-0.035454
-0.049281
0.248854
0.059195
-0.099667
-0.029908
-0.153619
-0.303631
0.111523
-0.525177
0.447750
0.266921
0.097815
0.010981
0.115092
-0.237703
0.753530
0.325294
-0.315569
-0.496619
1.219909
0.429990
-0.337149
0.028252
0.535292
-0.679653
0.386585
-0.521079
0.095816
0.254138
-0.602393
0.631968
0.883922
-0.825749
-0.163873
-0.614745
0.509985
-0.086421
0.091180
-0.571451
-0.215131
-0.549792
0.476361
-0.681149
0.088930
-0.084784
-0.212735
-0.340380
0.074873
-0.457644
-0.106757
-0.095548
-0.009979
-0.795953
0.014747
-0.716313
-0.284791
-0.225884
0.266586
-0.091325
-0.815713
0.196448
1.102529
0.226231
0.571630
-0.317233
-0.835050
-0.136096
0.258937
0.296958
0.261080
-0.077850
-0.161171
-0.161679
0.326972
-0.520405
0.410535
-0.347151
-0.283146
-0.126719
0.274190
0.482743
-0.014468
-0.264073
-0.005274
-0.164731
0.147957
0.130504
-0.102489
-0.217470
-0.389916
0.377285
-0.044825
-0.209504
0.447522
-0.069079
0.069220
0.389674
0.334092
1.005418
-0.552631
-0.413105
-0.241598
-0.108449
-0.515644
-0.656287
0.499386
-0.009642
0.288509
-0.200319
0.686371
0.622766
0.098519
0.092455
0.493314
-0.371939
0.049841
0.335703
-0.108292
0.397825
-0.032758
0.097311
0.247865
0.493500
-0.116213
-0.505143
0.339729
0.734707
0.025383
-0.236696
-0.049497
-0.323724
-0.174185
0.313803
0.116249
0.437666
0.582050
0.289210
0.083221
-0.382981
0.265228
0.177582
-0.407033
-0.277912
0.461167
-0.133335
0.703642
0.332250
-0.015351
0.269963
-0.196914
0.141442
-0.642164
-0.174875
0.015423
-0.447232
-0.034549
-0.055207
-0.478435
0.156175
0.399553
0.183622
0.400321
-0.522418
-0.551142
-0.181674
-0.277348
-0.160785
-0.640835
0.274295
0.132795
-0.251177
-0.671357
-0.145831
0.246163
-0.488214
0.174484
0.169879
-0.475053
-0.171399
0.320135
0.393261
-0.709800
0.011899
-0.210833
-0.091084
-0.184395
0.170118
0.572900
0.540638
-0.032217
0.461715
-0.656533
-0.286155
0.215494
-0.098172
0.124256
-0.372346
-0.056685
0.005691
-0.398100
0.234575
-0.477275
0.155842
-0.014961
0.497056
-0.092939
0.950721
-0.467588
0.018306
-0.019448
0.050897
-0.170722
-0.173096
-0.184840
0.764553
-0.087766
-0.235838
0.236044
0.033474
-0.539322
-0.017806
-0.392420
-0.060916
0.199076
0.816112
-0.027007
-0.039247
-0.124720
0.092514
-0.530761
-0.206038
0.614967
-0.847419
-0.080157
-0.413407
0.707697
0.265506
-0.012891
-0.320033
-0.034788
-0.136446
-0.205043
0.349449
0.194339
0.166736
0.675339
-0.390460
0.073462
-0.729904
-0.316570
0.095992
0.992709
-0.391756
-0.813997
-0.375406
-0.335034
0.224246
0.695175
-0.455409
-0.041096
-0.227342
0.505826
0.222311
-0.154676
0.075715
-0.175192
-0.176971
-0.610623
0.087704
-0.003195
0.855365
0.101438
0.562215
0.017423
0.516346
0.119571
-0.109455
0.385705
-0.107712
-0.168515
0.524907
0.640557
-0.391130
-0.082870
0.513433
0.360194
0.753182
-0.036541
-0.361707
-0.479277
0.301184
-0.493390
-0.239551
-0.208892
-0.023160
0.022228
0.141150
0.105900
-0.111401
-0.798957
0.393464
0.265650
0.132536
-0.389618
0.076582
-0.203211
-0.204231
0.040469
0.107300
-0.085839
-0.442740
0.098389
-0.829092
-0.263926
0.332011
-0.068283
-0.602329
0.481248
-0.280276
-0.399312
0.076760
0.006475
-0.161360
-0.103805
0.260292
-0.324825
0.394100
0.092622
-0.220375
0.523054
-0.050929
0.243278
0.251630
0.168731
0.235307
-0.330126
0.268912
-0.350880
-0.184294
0.125331
0.383780
0.084324
-0.013968
-0.016830
0.451255
0.809132
-0.286029
-0.295165
0.471707
-0.445570
-0.024457
-0.485191
0.093231
0.537746
0.085483
0.006823
-0.060219
0.391850
0.130082
-0.632127
-0.381082
0.044315
0.069644
0.201639
-0.507272
0.640622
-0.129322
-0.420379
0.173303
-0.050604
-0.124739
0.427182
0.816042
0.628699
-0.496275
0.768768
0.285680
-0.020528
0.535454
0.392265
0.234127
-0.124562
-0.479786
0.300185
0.562875
0.135150
0.198601
0.735021
0.512217
0.066971
0.626551
0.066533
0.118106
-0.005741
-0.561863
0.431785
0.173341
-0.084816
0.376477
-0.905939
0.260581
0.148062
0.376062
0.357970
0.213172
-0.025593
-0.467329
-0.241190
-0.238542
0.090449
-0.177532
0.139918
0.253039
0.256141
0.213460
0.229661
-0.144173
0.312744
0.725263
-0.205167
-0.078705
0.157413
0.249808
0.147663
-0.094599
0.301701
-0.296066
-0.148713
-0.077329
-0.306520
-0.484517
0.142864
-0.172229
-0.568307
-0.584775
-0.012905
0.045552
0.385177
0.314163
-0.177872
-0.227340
0.021235
-0.373562
-0.233354
-0.370407
-0.271435
0.095893
-0.530958
-0.306925
0.035608
0.652739
0.274235
0.205201
0.209112
0.511656
-0.553570
0.408919
-0.410733
0.189010
-0.647780
-0.776162
-0.495429
0.439504
-0.173010
-0.575675
0.446376
-0.107869
0.038241
0.283053
-0.498097
-0.031949
0.044698
0.023690
0.334128
-0.135034
0.247075
-0.307618
0.231698
-0.354538
0.649485
-0.475304
0.642348
0.031157
0.226519
0.829390
0.167316
-0.258747
0.218176
0.177945
0.634520
-0.237332
0.737346
0.439342
0.114762
-0.171525
0.210064
-0.743129
0.728513
-0.186458
-0.052580
0.450305
-0.417282
0.489381
-0.100587
0.033607
-0.363846
0.266049
0.012847
0.067818
0.360486
-0.140773
-0.109800
0.297790
-0.854549
-0.045733
-0.230265
-0.374144
-0.173787
-0.475245
0.072078
-0.057329
0.498757
0.212322
0.256480
0.036120
-0.332453
-0.046715
-0.243850
-0.348066
0.580349
0.290776
0.006778
-0.122956
-0.169208
-0.338609
0.911195
0.000253
0.268025
-0.235665
0.472299
0.124913
-0.224498
-0.636067
0.496015
-0.570824
-0.015393
-0.265265
-0.458895
0.264641
0.036411
-0.484674
-0.484156
-0.233292
-0.123355
0.504223
0.151780
-0.341330
0.054127
0.161296
-0.126689
-0.274532
-0.535362
-0.082156
-0.361399
-0.284224
0.393292
0.143328
0.392898
-0.327147
-0.134896
-0.183161
-0.549227
-0.011472
0.527377
-0.175132
-0.555226
0.101597
0.099336
0.198201
-0.149364
-0.031444
0.220520
-0.378839
-0.376092
-0.281196
-0.051396
0.439689
0.072731
-0.224597
-0.652462
-0.360501
-0.334965
-0.085621
-0.409103
-0.069381
-0.251028
-0.508021
0.080267
0.221321
0.116695
0.026086
0.137047
-0.326082
0.232759
0.220357
0.202100
0.260675
-0.031690
-0.267363
-0.129192
0.127997
-0.381875
0.086862
-0.541983
0.385457
0.432398
-0.696934
0.102460
-0.037771
0.139186
-0.207385
-0.430764
-0.296097
-0.025840
0.458951
-0.705355
-0.337147
-0.572069
-0.352027
0.104925
0.019153
-0.155391
-0.595363
0.384686
0.079648
-0.030601
0.014122
0.227723
-0.455081
-0.036389
0.140518
0.690601
-0.009955
0.093924
-0.187542
-0.417941
-0.258092
-0.097087
-0.094425
-0.169470
-0.303024
0.196778
-0.324253
-0.147962
0.006864
-0.405173
0.515065
-0.351103
0.718257
-0.112417
0.496189
0.258209
0.786552
-0.414196
-0.154082
0.048464
0.083749
-0.074564
0.187905
-0.291551
0.385096
0.237779
0.124166
-0.034797
0.107699
-0.477257
-0.152108
-0.561761
-0.376516
0.110509
0.249079
-0.906791
0.324537
-0.019994
0.113673
-0.357606
-0.472753
0.086316
-0.062254
0.191963
-0.592639
-0.374606
-0.143264
0.033461
-0.035401
-0.270184
-0.244376
-0.487956
-0.036464
-0.270638
-0.272385
-0.476800
-0.187430
0.442526
-0.477676
0.007248
-0.341106
-0.487115
0.441393
0.387114
-0.309369
-0.423289
0.472635
0.032744
0.017859
-0.311316
-0.715816
-0.337340
-0.237357
0.453878
0.043686
-0.250366
0.269885
0.168198
-0.319556
-0.073059
-0.099425
-0.403823
-0.181712
0.251918
-0.405527
0.314787
-0.230414
0.165811
0.166027
0.568489
-0.509122
-0.347427
-0.521978
0.499943
-0.498412
-0.185562
0.108946
-0.551009
-0.292870
-0.534127
-0.036206
-0.817590
-0.407224
-0.243166
-0.314602
0.073066
-0.289014
-0.026023
0.348773
0.531293
-0.078200
-0.275479
0.268905
0.307102
0.069058
-0.305179
0.197318
0.103222
0.283694
0.483236
0.115968
0.210073
-0.078410
0.171432
0.243678
-0.367704
-0.261517
0.039066
0.479373
-0.313691
-0.341370
-0.203381
-0.508849
-0.468626
-0.062476
-0.283701
-0.897873
-0.426009
0.035937
-0.179694
-0.578347
0.184689
0.035441
-0.250664
-0.601073
0.197613
0.954409
0.226399
-0.257897
-0.664941
-0.025772
-0.455595
0.500830
-0.155014
0.057868
-0.625256
0.353733
-0.496692
-0.425989
-0.573521
-0.587511
-0.153451
-0.404906
0.052466
0.466601
0.659867
-0.598517
-0.027796
-0.305102
0.091323
-0.243880
0.034492
0.027294
0.253180
-0.259363
-0.540909
-0.399792
-0.011104
0.513273
-0.643103
-0.158342
-0.454768
-0.857666
-0.071098
0.613177
0.451489
0.260180
0.410239
-0.084996
0.685783
0.010522
-0.587550
-0.707600
0.265523
0.117766
-0.071512
-0.315476
0.250469
0.828389
-0.129342
0.394357
0.221931
-0.389220
0.434118
0.026655
0.870750
-0.071644
0.004398
0.388948
0.625774
-0.197040
0.024994
-0.398071
0.634735
0.325446
0.367449
-0.443791
0.448317
-0.142806
-0.228470
0.317248
0.452028
-0.546407
-0.058269
-0.166562
-0.453511
0.320839
0.338458
0.533971
0.301979
-0.508334
0.035311
0.075670
0.312102
0.318270
-0.316984
0.304472
0.321097
-0.098161
0.048050
0.584946
-0.161775
0.292411
-0.216780
0.013344
0.285259
-0.084918
0.128566
0.215499
-0.295213
0.344428
-0.430033
-0.102605
-0.407122
-0.404744
0.405959
-0.134428
0.081113
-0.853460
-0.090691
-0.565082
0.148557
-0.112113
0.466583
-0.466565
-0.099494
-0.291271
0.407756
0.056208
-0.110844
0.382155
0.091209
-0.103960
0.177016
0.134405
-0.335020
-0.049517
-0.144621
-0.450775
0.035403
-0.210979
-0.618449
0.180018
0.148310
-0.553683
-0.237489
0.067141
-0.232687
0.032382
-0.113322
0.351337
0.045183
-0.370355
-0.379590
-0.336775
-0.035305
-0.335794
0.373479
-0.134072
-0.673267
0.164341
-0.000191
-0.352015
-0.162206
-0.256659
0.367777
-0.016970
0.253224
0.038956
-0.040132
0.048542
0.428091
0.193161
-0.383823
-0.086155
-0.330464
0.471659
0.684152
0.535433
-0.090016
0.175023
-0.141087
0.426188
-0.787482
0.263723
-0.307402
-0.049695
-0.042210
0.371385
0.209362
-0.445319
-0.158207
-0.486575
0.119207
0.675897
-0.039158
-0.489605
0.665156
0.709343
-0.598055
0.257584
0.083219
-0.195819
0.325111
0.378138
0.477031
-0.472349
0.276547
0.232123
0.720361
0.620159
0.502687
-0.176539
-0.263799
0.571103
-0.751907
0.643526
-0.033516
-0.141202
-0.153456
-0.248982
-0.036225
0.381102
0.487541
0.212135
0.298841
-0.067385
0.253907
-0.296438
0.230906
0.285453
-0.100077
-0.151816
0.367751
-0.351541
0.098572
0.112280
-0.086724
-0.043258
-0.462214
0.550996
0.218001
-0.194511
0.291241
0.303919
0.428222
0.294431
-0.079778
0.402063
-0.569927
-0.185214
-0.337973
0.397429
-0.116109
-0.691174
0.152166
0.227721
0.228497
-0.215843
-0.294563
0.246339
-0.145413
0.370416
-0.903162
0.170879
0.322792
0.040560
-0.093375
-0.754763
0.717018
0.036650
0.367283
-0.379978
-0.245898
0.092460
-0.087508
0.352595
0.613343
0.017952
-0.277652
-0.067018
0.233854
0.586221
-0.220960
0.279244
-0.463942
-0.417759
-0.379771
-0.148141
0.092377
0.323480
0.196434
0.478372
0.218699
-0.150554
-0.110698
-0.276682
0.021417
-0.324255
-0.118376
0.575045
0.394639
0.531832
0.737346
0.416153
0.047996
0.798076
0.246476
-0.005218
-0.207497
0.223162
0.631252
-0.512204
-0.289782
0.430082
0.446355
-0.440600
-0.089443
0.529109
-0.217570
0.014961
-0.142069
0.001098
0.189954
-0.203336
0.472232
-0.591012
-0.067795
-0.157266
0.421902
-0.211909
0.640890
-0.032820
-0.336238
-0.219263
0.187586
-0.152008
0.555670
-0.329243
-0.106244
0.413194
0.028874
-0.024204
-0.285944
0.106167
-0.159805
-0.442026
0.391400
-0.547253
0.188770
-0.034650
0.226347
-0.445276
0.212183
0.358032
-0.490289
-0.296595
0.073218
0.337835
-0.431484
0.175061
0.321460
0.175686
-0.081067
-0.168330
-0.089218
-0.333621
-0.422202
-0.118445
0.134832
0.086103
-0.004080
-0.340078
0.109745
0.052610
0.208753
0.045132
-0.061254
-0.096238
0.163934
-0.504994
-0.710308
0.083899
0.573456
-0.272820
-0.034667
-0.057560
-0.192824
-0.252058
0.125541
-0.118498
-0.431569
0.230161
-0.074467
0.324368
-0.781551
-0.149920
0.320918
-0.207965
-0.355737
0.554659
0.100078
-0.048765
0.018284
-0.337190
0.118895
-0.289637
0.047972
-0.415243
-0.407209
0.738447
-0.152378
-0.178108
0.203545
-0.558312
-0.501807
-0.098950
-0.440528
-0.466760
-0.106267
0.065325
-0.334093
0.526191
0.077062
-0.555678
0.699587
-0.176989
-0.061081
0.543505
-0.402657
0.559442
-0.569901
-0.266923
0.029665
-0.237975
-0.055709
-0.781893
-0.119553
0.098425
-0.022280
-0.167467
0.269661
0.366054
0.274784
0.483900
0.122318
0.068725
-0.001111
0.502913
0.485296
-0.223522
0.657349
-0.301535
-0.268217
0.121464
0.578790
0.175928
-0.132965
0.018775
0.133988
0.483411
0.170788
0.167892
0.085465
0.021409
-0.208346
0.136357
0.415263
0.663116
-0.404516
-0.004407
-0.116571
-0.055172
-0.438052
-0.137022
0.323932
0.255776
0.426172
0.018024
-0.401443
0.149627
-0.017101
-0.163556
-0.182994
0.642134
0.184416
-0.074871
-0.387713
0.428389
-0.993984
-0.194296
-0.103580
-0.123206
-0.600574
-0.686083
-0.237296
-0.763538
0.184676
-0.174410
0.101616
-0.203256
0.495946
0.712959
-0.322836
-0.207329
-0.014592
0.320982
0.519750
0.464111
0.396516
0.045764
-0.218247
-0.156075
0.278332
0.212406
-0.687917
-0.571050
0.585770
-0.306567
0.027428
0.818783
0.035571
0.459471
0.135756
-0.142270
0.398407
-0.511318
-0.111938
0.729235
0.020090
-0.209423
0.683789
-0.145944
0.185836
0.224028
0.063493
0.310186
0.672302
0.219777
-0.263997
0.013111
-0.282123
-0.013676
0.270101
-0.047128
-0.113245
-0.177998
0.157252
-0.345916
0.207839
-0.567637
0.643474
0.475084
-0.344847
-0.000954
0.244098
-0.101364
-0.261013
0.395338
-0.225102
-0.037082
0.213604
0.094457
0.078974
0.473912
-0.309330
-0.234619
-0.053907
0.141336
-0.111319
0.529974
-0.012324
0.229147
0.114155
-0.032290
0.226086
-0.075898
-0.184945
-0.304733
0.209058
-0.654135
0.226426
-0.367569
-0.080590
0.310298
0.360182
0.600546
0.422870
0.419113
-0.227450
-0.133677
-0.414079
0.123588
0.560970
0.422020
-0.211448
0.531912
0.490734
0.454058
0.004979
0.238246
0.320094
-0.095422
0.081132
0.292808
0.388482
0.294349
-0.384961
-0.453690
0.200975
-0.140436
0.084698
-0.256936
0.947524
-0.206135
0.422901
0.053614
0.387626
0.421651
0.022338
0.609171
0.202639
0.117984
0.123373
0.567530
0.356734
-0.017804
-0.456127
-0.223355
-0.131789
-0.171339
0.039607
0.421313
-0.508203
0.366605
0.125848
-0.039389
-0.039262
0.373249
0.351045
-0.706749
0.474279
0.151287
0.425621
0.020440
0.473131
0.279147
-0.014196
-0.266152
-0.256490
0.143665
0.633552
-0.547596
0.401970
-0.703039
0.032828
0.208144
-0.370173
0.596715
0.066531
0.766587
-0.187698
0.744385
0.130950
0.462587
0.086857
0.475454
-0.202807
-0.141603
-0.370500
-0.740592
-0.004978
-0.302614
-0.247238
-0.127263
0.017748
0.127280
0.423576
0.353141
0.374959
0.044160
0.358807
-0.648825
0.202734
-0.658985
0.227113
0.576328
0.146045
0.031569
0.007067
-0.093411
-0.452086
0.598149
-0.372748
0.180242
-0.030609
0.018431
-0.379353
-0.510756
0.336888
0.074849
-0.114225
-0.121567
0.356501
0.046673
-0.233166
0.538392
0.636442
0.143466
-0.288721
0.078120
0.109362
-0.071459
0.284307
-0.923627
0.062427
-0.049694
-0.476891
0.668456
-0.479144
0.461182
-0.387981
-0.029732
0.063549
-0.276421
0.281613
-0.123979
-0.132184
0.617793
-0.109516
0.081906
-0.093979
-0.318129
-0.619219
0.235686
0.376891
-0.014731
-0.624816
-0.335137
0.438545
0.394729
0.136465
-0.341728
0.383983
0.336413
0.129887
0.270818
0.579342
-0.301047
-0.258340
-0.563176
0.118572
-0.232471
0.297300
-0.305764
0.264239
-0.427625
0.758479
0.101369
0.252221
0.261391
-0.329110
-0.259576
-0.353517
-0.009629
0.019019
0.192137
0.089669
-0.037758
-0.078690
0.142056
-0.351521
-0.240518
-0.128481
0.410508
-0.629239
0.527690
0.223802
-0.548983
0.278940
0.289844
-0.289333
-0.463107
0.144143
-0.235768
0.065133
-0.072534
0.317582
0.355925
-0.830029
0.053288
0.088177
0.147047
-0.157594
-0.362131
-0.025971
-0.301899
-0.072061
-0.151274
0.497552
-0.311264
-0.025670
0.392067
0.201154
-0.702554
0.451561
0.479226
-0.113457
0.194755
0.276710
0.047358
0.463407
0.412441
-0.142886
-0.294222
0.338175
-0.262002
-0.160674
0.035675
-0.406687
-0.008535
-0.104879
0.069598
-0.153939
-0.265109
-0.561161
0.638385
-0.492373
0.001243
-0.235006
0.313872
0.578625
0.139892
-0.284256
0.089487
0.461689
-0.052910
-0.131596
-0.618209
0.316899
0.244659
-0.576950
-0.010124
-0.057382
0.166616
0.209232
-0.294004
-0.209516
-0.121914
0.655374
0.268905
-0.072207
-0.121798
0.223403
-0.327980
0.454844
-0.357844
-0.286547
-0.406542
-0.689471
-0.181708
0.039457
0.390577
0.454143
-0.229926
0.371325
-0.199155
0.713824
0.331605
-0.229958
-0.076933
-0.142748
-0.193952
0.271495
0.559624
-0.777772
-0.180329
0.331098
0.402639
0.066007
0.030176
0.175880
0.034896
-0.143395
-0.256732
0.904064
-0.432661
0.213132
0.511609
-0.244181
0.192125
0.104359
-0.401655
-0.261714
0.058177
-0.424308
-0.054738
0.435748
0.298170
-0.411427
-0.502340
-0.343534
-0.143860
0.438200
0.306542
0.516941
0.548148
-0.420020
0.004612
-0.111482
0.400152
0.294146
0.113640
0.002849
0.637186
0.645378
0.382787
0.384646
0.141815
-0.049603
0.192799
0.102203
-0.304059
-0.107513
0.330476
0.141316
-0.521297
-0.147448
0.153192
0.016229
-0.244210
0.730795
-0.619859
-0.351684
-0.151397
-0.071658
-0.083230
-0.355290
0.332768
0.526355
0.030223
0.052972
0.186627
0.204395
0.399303
0.416870
-0.249635
-0.695725
-0.115398
-0.137481
-0.546164
-0.291334
-0.246582
0.077643
-0.372196
-0.335283
0.596495
0.678066
0.199241
0.170129
0.103782
0.162784
-0.624741
-0.287389
-0.797593
-0.044741
0.409273
0.034338
0.779590
-0.235010
0.044931
-0.796333
0.191485
0.856708
0.299494
0.369238
0.020606
0.365304
0.477008
-0.290041
0.054869
-0.591954
0.565207
-0.308773
0.173130
-0.875218
-0.472199
-0.037805
0.310585
-0.021373
-0.222306
0.751578
-0.029527
-0.055867
0.071555
0.012438
0.162592
0.012475
-0.577486
-0.314151
0.275337
-0.072445
0.110763
0.388727
-0.496806
-0.266586
0.574855
0.029077
-0.467399
0.105812
-0.458864
0.037856
0.043205
-0.151788
0.257313
0.550452
0.221466
-0.260481
