-0.231051
-0.085887
-0.114974
-0.559620
-0.184502
0.116358
0.540817
-0.358328
-0.331337
0.125405
-0.022450
-0.592196
0.180145
-0.853382
-0.048225
-0.116278
0.018026
-0.306175
0.536209
-0.192926
-0.064467
-0.197795
-0.422328
-0.316623
-0.148515
0.114738
-0.218831
0.599334
0.185996
-0.205039
0.068177
-0.121889
0.257490
-0.350450
0.064067
-0.317957
-0.369803
-0.318989
-0.071271
-0.080145
0.148202
0.027221
-0.154835
-0.601892
0.129381
0.107175
0.566313
0.328612
0.106761
-0.001796
0.249566
0.135216
0.558868
0.524194
-0.375849
-0.168236
-0.437987
0.278728
0.153079
0.418439
-0.202583
-0.013994
-0.211145
0.447234
0.032408
0.314881
0.078111
0.081302
0.490304
0.478561
0.089757
0.688757
-0.304219
-0.408460
0.094256
0.299050
0.207118
0.093184
0.289858
0.236531
-0.294968
0.246706
-0.188295
0.526045
-0.087866
-0.176989
-0.300483
0.237853
-0.281277
-0.559119
-0.006431
0.089847
0.407064
0.281070
-0.259944
-0.255789
0.238740
0.169262
-0.245755
-0.373086
-0.015396
-0.401364
0.535274
-0.419098
-0.355726
-0.002849
-0.123076
0.155577
0.019639
0.065928
0.278860
0.552517
-0.268419
0.141392
-0.376911
0.720162
-0.411818
0.071740
0.097258
0.317973
0.006910
-0.679087
0.251997
0.545388
-0.087321
-0.919728
0.178711
0.097467
0.318675
0.034770
0.346822
1.011141
-0.499134
-0.322505
-0.501025
0.454479
-0.500921
-0.178637
0.365483
0.452900
-0.030178
0.175555
-0.477643
0.101502
0.224491
-0.303752
0.256247
0.278041
-0.499942
0.002838
-0.078291
0.036073
0.530011
-0.242341
-0.085512
0.261266
0.055083
-0.147208
0.711414
0.495766
0.644375
0.699680
0.039170
0.123671
-0.622670
0.612467
-0.084922
0.183181
-0.133585
-0.142266
-0.439473
-0.167763
0.327652
0.273070
0.061826
-0.253199
-0.429982
-0.269930
-0.574368
0.333349
0.094153
-0.183775
0.110195
0.529452
-0.168804
-0.109393
0.285719
0.819697
-0.013310
0.172752
-0.015425
0.019447
0.103009
-0.194395
-0.186139
0.214951
-0.037565
0.373229
-0.222082
-0.255803
-0.495079
-0.831759
-0.022705
-0.380460
-0.289964
-0.465125
0.319423
0.594721
0.451948
-0.352538
-0.521184
-0.280657
-0.158852
0.177493
0.495045
0.641309
0.107108
0.492029
-0.298565
-0.089918
-0.619819
0.323643
-0.146743
-0.817899
-0.363423
-0.149632
0.009940
0.255843
0.703374
0.351992
-0.085871
0.342394
-0.080684
-0.006130
0.355868
-0.486650
0.039300
-0.379189
0.654791
-0.031061
-0.017466
-0.873064
-0.263180
0.127964
0.186969
-0.178053
-0.329521
0.473895
0.064777
-0.219936
0.114372
0.370437
0.016571
-0.169108
0.205068
0.866552
-0.091979
0.730809
-0.226138
0.483310
-0.033127
0.456951
-0.261385
0.228340
-0.064743
-0.033227
-0.341214
-0.279963
-0.628380
0.342435
0.252161
0.114137
0.184039
-0.481896
-0.100433
-0.139044
-0.053313
-0.632932
0.132601
-0.007613
0.082799
0.446403
-0.244218
-0.222881
0.152271
0.099215
0.151524
0.165514
0.108141
-0.122877
0.474841
0.329664
-0.326349
0.075859
0.280713
-0.131751
0.799633
0.610695
-0.271138
-0.403195
0.102549
-0.520403
0.177313
0.206476
0.039258
0.190751
-0.222364
0.417096
-0.476495
-0.010442
-0.060184
0.062858
0.320233
0.124345
-0.665392
0.028460
0.582943
0.119704
0.429452
0.145855
0.165171
-0.829451
-0.397164
0.062203
-0.120866
-0.436880
0.172509
-0.044647
0.523294
-0.399186
-0.169801
-0.337134
-0.171106
-0.168662
0.000855
0.331788
0.569777
0.239151
0.154389
0.449960
-0.496574
-0.078171
0.232423
-0.386145
-0.167939
0.304554
-0.182578
0.279023
0.540456
-0.142161
0.246933
0.009801
-0.124735
0.057356
0.101757
0.136331
0.056473
0.053497
-0.367020
-0.153601
0.178325
0.327166
0.080050
0.272666
0.170438
-0.219999
-0.668284
0.017544
-0.160124
0.802096
-0.228892
0.255071
0.649835
0.176349
-0.319247
0.531947
0.337005
0.612531
0.298378
0.157362
0.316719
-0.244263
0.160648
0.070203
-0.039207
-0.505333
-0.011455
0.050765
0.596216
-0.344980
-0.140131
-0.359674
-0.561252
-0.330320
-0.305087
-0.349678
-0.016461
-0.192705
-0.095826
0.187187
-0.188330
0.359992
0.731575
0.381409
-0.667039
0.134314
-0.139727
-0.602930
0.364661
-1.045107
0.297672
0.225650
-0.040364
-0.136233
0.367553
-0.122224
0.258049
0.476113
0.234122
-0.338669
0.432540
0.005222
0.212340
-0.351274
0.049738
0.348043
0.288338
1.097176
-0.395963
0.043961
-0.420650
-0.741144
0.237839
-0.426958
-0.334329
-0.066984
0.817847
-0.732937
0.281993
0.130090
0.242562
0.089005
-1.133364
0.408652
0.229028
0.432450
-0.025503
0.058378
-0.478409
0.678662
-0.331640
-0.562146
-0.067061
0.421094
0.060103
-0.521389
-0.557724
-0.156441
0.602874
0.404967
0.137371
-0.221353
-0.006142
-0.186358
-0.145243
0.109378
-0.030647
-0.013553
-0.615862
-0.193054
0.003620
-0.179429
0.645127
-0.244786
0.555716
-0.459577
-0.199326
-0.273834
-0.041070
0.138053
0.594518
-0.213836
0.020683
0.294392
-0.372037
-0.864515
-0.711488
-0.458819
-0.455136
0.081294
-0.472553
0.539521
0.452721
0.227387
-0.093458
0.611958
-0.386530
-0.105071
-0.003658
0.165353
0.059657
0.389159
-0.459755
0.298695
-0.037605
-0.163148
0.550962
0.068550
0.023171
0.324588
0.167653
-0.127448
0.666921
-0.038385
-0.347362
-0.463906
-0.013603
-0.539359
-0.079572
-0.173738
0.448932
-0.519845
0.397399
-0.359980
-0.309544
-0.369166
-0.414262
-0.273554
-0.522666
-0.021309
0.116375
0.379008
-0.101637
0.276074
0.175525
0.003161
-0.469138
-0.408844
0.228337
0.021303
-0.206778
-0.248840
-0.149299
0.884549
0.370070
-0.276273
-0.167638
0.245849
-0.451091
-0.320882
-0.337927
0.204931
0.083988
0.267460
-0.551210
0.463173
-0.819880
0.063195
-0.585675
-0.207435
-0.273927
-0.227422
-0.017753
-0.376661
0.530006
-0.330994
0.009508
0.267012
0.164667
0.575658
-0.160315
-0.226430
-0.133595
0.378455
0.027511
0.673935
0.210008
-0.392975
-0.411090
0.256280
-0.557430
-0.521028
-0.123432
0.232099
0.514816
-0.071769
0.611302
0.166578
-0.120966
0.149242
0.138260
0.222104
0.456784
-0.347098
-0.544880
-0.043300
0.210473
-0.279506
0.226265
0.566377
0.534597
-0.133738
0.524551
-0.232833
0.126490
0.295182
0.844699
-0.390454
-0.521035
-0.069924
0.227279
0.250476
0.252524
0.609886
0.586762
0.042259
-0.153199
0.124734
0.722844
-0.413962
-0.180574
-0.240476
-0.550561
-0.379391
-0.175424
0.153754
-0.193849
0.188071
0.002456
0.789691
-0.125442
0.281309
-0.469247
0.408072
-0.130938
-0.304971
0.139576
0.272100
0.214510
-0.051037
0.101993
-0.263752
-0.256762
-0.387571
0.080095
0.163482
0.219135
-0.104725
0.608327
-0.173202
0.209062
0.543587
-0.298837
0.054486
0.259735
-0.019156
-0.055751
0.026611
0.364755
-0.098207
0.100614
-0.054123
-0.455473
0.630488
-0.441258
-0.109496
0.630144
0.568096
0.020734
-0.176756
0.016612
-0.389470
0.422202
0.300938
0.109316
0.750734
0.344864
0.053218
-0.087225
0.803205
0.221217
-0.459629
0.039065
-0.501653
-0.281317
-0.478585
0.600426
0.164807
-0.111053
-0.514575
0.036790
0.407942
0.010798
0.029542
-0.208168
-0.154541
0.475605
0.251703
-0.576945
-0.207519
0.222560
-0.053609
-0.694106
0.613838
-0.733929
-0.169333
0.206596
-0.007015
-0.361877
0.243208
0.364153
-0.166936
-0.064135
-0.297536
-0.345637
-0.391753
0.024214
0.388579
0.114159
-0.308470
0.672221
0.193072
0.219397
-0.126027
-0.524850
0.001011
0.040188
-0.037455
0.509539
-0.237343
0.153488
0.646209
-0.532149
-0.456234
-0.683192
-0.275730
0.550804
0.129193
0.105166
-0.119512
-0.133567
-0.047862
0.017401
-0.567679
-0.116132
-0.402718
0.266525
0.482254
-0.109382
-0.491280
0.421065
-0.560789
-0.098669
0.147277
0.215588
-0.028026
0.276532
-0.417533
-0.051209
-0.385393
0.118275
-0.103356
-0.573302
-0.078999
0.340976
-0.046298
-0.006563
-0.398266
-0.536454
-0.151133
-0.758287
0.248048
0.280282
0.298508
0.142490
-0.214617
-0.162053
0.342711
-0.136943
-0.090551
-0.381846
0.203480
-0.174717
-0.421685
-0.030969
0.032750
-0.416962
0.453475
-0.486437
0.238476
0.756194
0.002835
-0.286338
0.123943
0.593500
-0.539939
0.420974
0.329579
0.298527
-0.071153
0.186338
0.096954
-0.422539
-0.252368
-0.035597
-0.236859
-0.223764
0.693030
-0.098986
0.101168
-0.176140
-0.385004
-0.092980
0.373959
-0.077249
0.220641
-0.379853
0.638949
-0.201279
-0.353013
0.274607
-0.610094
-0.611488
-0.011470
0.727957
0.212010
0.397921
0.034406
0.378121
-0.147953
0.380080
-0.053184
-0.220292
0.327813
-0.382499
-0.628190
-0.228986
-0.228652
0.045022
0.359163
0.297006
0.189247
-0.071373
-0.088785
-0.025391
-0.443962
-0.203529
0.199106
-0.844303
0.380911
0.332723
0.535089
-0.270401
-0.337752
0.018815
-0.298537
0.144841
-0.327673
-0.039310
-0.297615
0.512524
0.069335
0.039139
-0.742194
-0.286828
0.571458
0.316646
0.157292
-0.233385
0.339744
-0.075380
0.643000
0.019169
-0.436543
0.113849
0.062574
0.319159
-0.613179
0.550974
0.621414
0.744866
0.119110
-0.125475
0.348857
-0.560848
0.020387
-0.120359
0.424408
-0.361113
-0.563732
-0.498646
0.287399
0.167089
0.332775
-0.022747
-0.955886
-0.202593
-0.391508
0.230369
0.372304
-0.165365
-0.705398
-0.791799
0.008111
0.033092
-0.165913
-0.008441
0.421050
-0.012057
-0.399780
0.211448
0.508301
0.097843
0.117272
0.038772
0.104867
-0.188951
-0.150127
-0.243696
0.048729
0.493342
-0.139703
0.694197
0.777867
-0.698022
0.231009
0.002035
-0.348346
0.010348
0.577236
0.334259
-0.469203
0.158139
-0.266509
-0.501750
0.148914
0.145187
0.544999
-0.204133
-0.029457
-0.007425
0.606144
0.286606
0.223779
-0.155305
0.066543
-0.684968
-0.090613
-0.090241
-0.101190
-0.162170
-0.665416
0.196137
0.233010
0.013815
-0.557507
-0.258143
0.584752
0.481350
1.027036
-0.558641
-0.032397
-0.080304
-0.282643
0.724818
0.189609
0.060702
-0.010727
-0.460237
0.497843
-0.399320
-0.147904
0.647111
0.519409
0.877634
-0.244094
-0.130621
0.125865
-0.061149
0.593706
-0.102231
0.063067
0.284576
0.263211
0.897754
-0.383712
0.893475
-0.458165
0.283649
0.016191
0.245475
0.481535
-0.334854
-0.823312
0.734035
-0.507019
0.030513
-0.250181
0.592497
-0.378492
-0.278769
0.557755
-0.249133
0.086884
0.367284
0.288797
-0.683284
0.024943
0.049297
0.194797
-0.004093
0.150845
0.148079
-0.420839
-0.201011
0.393053
-0.422257
0.331951
-0.057849
0.403502
0.079154
0.493749
-0.557002
0.747685
-0.700718
0.378463
0.042262
-0.001235
-0.121588
0.379227
-0.321786
0.141962
-0.163502
0.477553
-0.247425
-0.362233
-0.557595
-0.110187
0.019453
0.228076
0.104139
0.048740
-0.564071
0.512548
-0.178751
-0.485174
0.991179
0.310121
1.192304
-0.571492
0.061430
0.039516
0.402989
-0.201771
-0.484137
-0.018919
0.553768
-0.064889
-0.304558
-0.293893
0.104673
0.027604
0.326784
-0.615767
0.350053
0.328730
-0.161192
-0.250641
-0.163604
0.484271
-0.331008
0.332680
-0.001882
-0.039477
0.483812
-0.735289
0.645646
-0.456521
0.520033
-0.285427
0.158270
-0.892532
-0.154330
0.078693
-0.259615
-0.715062
-0.139217
-0.003661
-0.292854
0.859111
-0.363522
0.249529
0.160075
-0.442771
-1.053381
-0.282440
-0.229586
0.144818
0.458050
-0.358327
0.089975
0.008060
-0.193914
-0.117104
-0.009200
-0.413383
-0.439675
0.472001
-0.737699
0.392192
-0.460426
-0.173499
0.020762
-1.333377
-0.440269
-0.476792
-0.114771
0.080115
0.274004
0.044010
-0.238965
-0.122234
-0.537155
0.235167
0.175911
0.021429
0.463179
0.212984
-0.286848
0.025380
-0.081516
0.250850
-0.547153
-0.042238
0.283020
-0.013869
-0.339244
-0.030940
-0.171672
-0.312450
-0.380797
-0.749171
-0.498207
0.089982
1.061817
-0.140412
-0.373592
0.176007
0.351197
-0.660713
0.035139
0.095498
0.080486
0.104770
0.103970
0.210179
0.147019
-0.181384
0.163178
0.030246
0.345037
0.407601
0.243848
-0.085862
0.055594
0.125531
-0.647422
-0.281527
0.672574
0.173401
0.266553
-0.291528
0.481365
-0.137225
0.201146
0.181199
0.261683
0.018426
-0.052377
-0.028337
0.114579
0.244281
-0.592918
-0.131387
0.124507
-0.776132
-0.213347
-0.040062
0.270603
0.146427
0.684768
-0.332003
-0.157205
-0.223888
-0.451454
0.279722
0.116725
0.577689
-0.287326
-0.533654
-0.375829
0.386551
0.064059
-0.064508
0.309477
-0.188573
-0.472292
-0.131272
0.439807
0.080751
-0.007893
-0.227029
-0.199644
0.419043
-0.569361
-0.027811
0.460916
0.248898
-0.186615
-0.507598
-0.256236
-0.105463
0.154178
0.081620
-0.486181
0.785104
0.083425
-0.189558
-0.363086
0.197194
-0.146463
-0.419512
0.134654
-0.875529
-0.616811
-0.110339
-0.196881
-0.524101
-0.049326
0.163751
-0.073855
-0.464593
0.439456
-0.385870
-0.090253
-0.164252
-0.186864
-0.235575
0.032285
0.004839
0.023445
-0.146703
0.219430
-0.149427
1.113980
0.357882
0.128504
-0.173454
0.116303
-0.082097
-0.013784
-0.224973
0.575136
-0.287876
-0.508638
0.361316
0.510726
-0.522605
0.120701
-0.033975
-0.092704
-0.460886
-0.101521
-0.319332
-0.021100
-0.683577
0.342572
-0.195522
-0.500700
0.063909
-0.548397
-0.647706
-0.213629
-0.499838
0.075186
-0.264419
-0.042994
-0.319542
-0.201711
0.381096
0.289225
-0.115004
0.116822
-0.382160
-0.029344
-0.528247
-0.451709
-0.152999
-0.184440
-1.195875
-0.134434
0.305238
-0.319532
-0.189255
0.245785
-0.529532
0.786537
-0.222864
0.154516
0.072359
0.320441
-0.480098
-0.181287
0.311085
0.053600
-0.113190
0.187685
-0.160897
-0.482088
-0.027235
0.086066
0.045124
0.042059
0.051317
-0.092906
0.285998
0.292042
0.185757
0.174233
-0.593079
0.518676
-0.017097
0.212490
-0.134400
0.455250
-0.579347
0.163926
0.573555
-0.057523
-0.500305
-0.203919
0.269528
-0.073513
-0.775993
-0.080322
-0.554560
-0.027938
0.136962
0.202502
0.219333
-0.411681
0.176113
0.585554
-0.356915
0.092898
-0.431748
0.668638
0.023802
0.297800
0.337908
-0.079716
-0.033567
0.266541
0.177165
0.491958
-0.322862
0.513303
-0.210330
0.272343
-0.252980
-0.994170
0.074743
0.362995
0.332602
-0.892370
-0.660581
0.081069
-0.207765
-0.231501
-0.498296
-1.150599
-0.682296
-0.931154
-0.489788
0.080815
-0.392013
-1.188495
-1.376948
-0.196882
-0.540955
-0.788745
-0.501020
0.277021
-0.034998
-0.095668
-0.253209
-0.327087
0.408797
0.351770
0.337613
0.484838
0.384747
1.087452
0.919185
0.986016
0.887408
0.571367
1.261428
0.622385
0.884260
0.988081
0.844280
0.139770
0.479125
1.113970
0.099816
0.555828
0.647972
0.673433
0.128359
0.017044
0.550165
0.092100
-0.287960
0.449437
0.256517
-0.401670
0.154687
-0.713615
-0.356759
-0.494587
-0.891125
-0.724261
-0.246774
-0.286637
-0.905297
-0.611562
0.127962
-0.803374
-0.032765
-0.757038
0.109907
-0.098304
0.085180
-0.802396
-0.406992
0.717696
-0.086077
0.901473
-0.084698
0.953808
0.729109
-0.079727
-0.174304
0.586298
-0.391001
0.311570
0.568253
-0.386142
-0.420319
0.237437
0.898371
-0.256383
-0.196938
-0.073439
-0.170061
0.516271
0.434672
-0.258981
-0.426641
0.040745
-0.420198
-0.401885
-0.380931
0.260980
-0.547779
-0.088963
0.282637
0.167682
-0.661552
0.051307
0.598083
0.157882
-0.261440
0.064286
-0.052772
0.098753
0.259837
-0.618775
0.305262
-0.148300
0.370998
-0.097564
0.429995
0.049715
0.034692
0.148687
0.028500
-0.299806
0.387767
0.142539
-0.373183
0.186741
-0.599242
-0.135128
-0.109718
-1.044022
0.082502
-0.510188
0.660904
-0.303611
-0.281757
0.417937
0.182216
0.593911
-0.224075
0.603782
-0.049253
0.256810
-0.084252
-0.166456
0.042272
-0.052268
0.740346
0.631672
0.163857
0.029574
-0.096861
-0.283527
0.455293
-0.156051
-0.010839
0.471926
0.199070
0.122984
0.344150
-0.179152
0.560781
0.395098
-0.193517
-0.045060
0.186755
-0.457420
0.241462
0.139807
0.114205
0.188134
-0.078697
0.192163
0.257841
0.494154
0.259884
0.166614
-0.135443
-0.248951
0.254204
-0.374109
0.564586
-0.466441
-0.426112
0.091049
-0.013291
0.093616
-0.023211
-0.134011
-0.118960
0.082446
-0.857568
-0.397764
0.161602
0.217509
-0.348657
0.041461
-0.066806
-0.015643
-0.265711
0.362212
0.061620
-0.478375
-0.208389
0.089564
-0.207787
0.230649
-0.359297
-0.574516
0.700158
-0.680053
-0.041922
-0.011281
-0.043043
0.669700
-0.131907
0.076836
-0.288774
-0.212814
-0.149094
0.157239
0.149364
0.596189
0.091840
0.823456
-0.452018
0.017508
-0.099432
0.096640
0.048797
-0.296394
0.036195
-0.188874
-0.287868
0.084877
0.018612
0.492902
-0.092140
-1.160443
-0.215420
-0.468254
-0.192983
0.224310
0.125424
0.784190
0.708811
0.044076
-0.126717
-0.379343
0.617920
0.371335
-0.067114
-0.072506
0.292616
0.494596
-0.172040
-0.047943
0.645586
-0.388751
-0.075077
0.348867
0.450522
-0.215245
-0.175391
-0.520469
-0.019448
-0.033329
-0.259245
0.092995
-0.123239
0.227890
0.047864
0.507742
-0.130948
-0.093326
-0.860805
-0.329313
-0.135945
0.424700
-0.234263
0.061992
0.137272
0.028255
0.086094
-0.463117
-0.069805
-0.009703
0.690848
-0.189690
-0.335465
-0.273642
-0.725728
0.759465
0.182119
-0.064170
-0.292350
0.320408
0.229577
0.059349
-0.122062
0.229637
0.321605
-0.398997
-0.482153
0.201584
0.240535
-0.123484
-0.501226
-0.665123
0.163842
0.271409
0.283360
0.085920
0.325545
0.075469
-0.209749
-0.133094
0.103281
0.506479
-0.287937
0.144424
0.129524
-0.468739
-0.119097
0.074072
-0.268467
0.031829
-0.245012
-0.211398
-0.579221
0.151048
-0.007386
-0.329051
0.379954
-0.045550
-0.397833
0.473167
0.208621
0.023093
0.512990
0.084634
-0.325657
0.345473
0.435752
-0.363264
-0.337826
0.071220
0.229998
0.113580
-0.400581
0.647810
-0.210797
0.034349
-0.384108
0.141126
0.390989
0.216570
0.273417
0.560903
0.106578
-0.027049
-0.489233
0.206529
-0.124966
-0.446614
-0.200674
0.485489
0.040308
0.211823
-0.144951
-0.027439
0.176041
0.379607
-0.171614
-0.166607
-0.403262
-0.312382
0.089167
0.280397
-0.275941
0.112243
0.666873
0.610559
0.145761
0.030532
0.098973
0.589020
0.046192
0.364441
0.409879
0.517476
0.221116
0.084400
-0.091688
-0.332822
-0.154079
0.001427
0.061607
0.180127
0.315032
-0.200882
-0.283840
-0.028795
0.085822
0.468781
0.099110
0.066572
0.165087
-0.069623
0.192734
-0.296195
0.706729
-0.077407
0.261354
0.819331
-0.282856
0.415783
0.293938
0.164980
0.294577
0.275791
0.619550
0.327119
-0.153341
-0.232245
-0.195012
0.132592
0.315414
0.140736
0.049926
-0.136990
0.196341
-0.145810
-0.095110
-0.872753
-0.257561
-0.108787
0.012953
-0.192635
-0.372372
-0.201357
0.499003
-0.423500
0.334266
-0.099654
-0.092100
0.488877
-0.526587
0.116696
-0.016093
-0.532284
-0.534041
-0.028660
-0.401319
0.196031
-0.435392
-0.284462
0.183086
-0.136024
-0.021758
0.425264
-0.216287
0.249911
0.207170
-0.657852
0.760543
0.382609
0.063207
-0.565906
-0.144406
-0.060693
0.008337
0.143003
0.026935
0.165974
-0.267081
-0.370472
0.129349
-0.024813
-0.221045
0.158528
-0.215075
0.300157
0.200229
0.138835
0.327055
0.487198
-0.521505
0.384229
-0.763689
0.313656
-0.024139
-0.095028
-0.276578
0.152549
-0.090372
0.196973
0.432353
-0.820023
-0.044472
0.038501
-0.235306
-0.122346
0.044568
0.097503
0.217685
-0.290674
0.508284
0.021560
-0.106858
-0.033735
0.065365
-0.024102
0.311561
-0.632401
-0.235414
0.052925
-0.103534
0.130521
0.440613
-0.018961
-0.336202
0.045540
0.023749
0.047839
-0.056788
-0.454992
0.242208
0.315037
0.151550
-0.089373
0.197439
0.368048
-0.248203
-0.118473
-0.171658
-0.295626
0.149154
0.439854
-0.110478
-0.127042
0.382182
0.274946
0.509710
-0.148337
-0.164220
0.593896
0.230376
0.211058
0.223736
0.335596
0.200765
0.057424
0.313069
-0.564232
-0.273228
0.260369
-0.230417
-0.159127
-0.173816
-0.094018
0.833787
-0.328278
0.323467
0.649321
0.285394
-0.556402
0.111550
-0.379257
-0.252487
0.167714
0.476730
0.118356
0.659314
-0.106249
0.388469
-0.222495
-0.173858
-0.078705
-0.390599
-0.151332
0.451407
-0.035494
-0.001076
-0.266762
-0.133925
0.727707
0.063953
-0.146831
-0.377574
0.103053
0.276068
0.556873
0.485000
0.055804
0.434264
-0.479054
-0.242462
0.164987
-0.289273
0.315394
-0.046785
0.477250
0.528923
0.077789
-0.211978
-0.414427
0.535214
-0.465602
-0.130837
0.261707
-0.189393
0.356730
-0.774406
-0.510712
1.057807
-0.220340
-0.179758
0.751664
0.391841
0.188565
0.422033
-0.414757
-0.084310
0.233705
-0.259578
-0.316249
-0.215421
-0.229096
0.174970
-0.195437
-0.276362
0.330231
-0.163454
-0.379364
-0.041340
-0.038579
-0.332099
0.410907
1.255884
0.235168
-0.209379
-0.221868
0.404447
0.235074
0.485612
-0.498634
-0.357523
0.009451
0.342958
-0.126716
0.146418
-0.223120
-0.584189
-0.195030
0.048019
0.007499
0.576789
0.036405
0.003336
-0.785339
0.717742
0.211434
0.331176
0.028128
-0.132120
0.862012
-0.222638
-0.513204
-0.669215
0.601064
0.206002
0.127734
-0.022322
0.156778
-0.072157
0.605597
0.097352
0.441583
-0.108878
0.127750
-0.140381
0.581468
0.222322
-0.442552
0.302137
-0.291635
0.177666
0.140248
0.010399
0.106850
-0.060296
0.243535
0.415874
0.020808
0.435449
-0.194089
-0.272232
0.067338
0.584813
-0.537163
-0.119392
0.220436
-0.099791
0.145581
-0.386355
0.099014
-0.290519
-0.216357
-0.201935
-0.365836
-0.653128
-0.223830
-0.385004
-0.463218
-0.025313
0.116417
-0.609460
-0.410392
-0.192029
0.288572
-0.056761
-0.303213
0.102768
0.070508
-0.551326
0.277788
0.367056
-0.172824
-0.183577
0.291241
0.500683
-0.382061
0.097204
0.466446
-0.910174
-0.113344
-0.145885
0.699708
0.837480
-0.044016
0.183709
0.151771
-0.301126
0.160223
0.523502
-0.790248
0.158789
0.105860
-0.646380
0.176347
0.079222
-0.760484
-0.107002
-0.257414
0.809850
0.494585
0.036924
-0.103423
-0.585665
-0.634357
-0.044956
0.158417
-0.390734
0.509181
0.009946
-0.320559
0.153286
0.210627
0.196507
-0.142218
0.250282
-0.165516
-0.142596
0.163736
0.433881
-0.224335
-0.102388
0.157239
0.638455
0.293654
0.386553
-0.262226
0.093316
-0.400408
0.252998
0.036565
0.122511
-0.006467
-0.080532
-0.521804
0.018174
0.020141
-0.376087
0.521968
0.004745
-0.208831
0.095577
-0.663029
-0.405161
0.229866
-0.046167
-0.042778
0.411768
-0.130377
-0.442315
0.338928
0.103032
-0.524873
0.154856
0.159394
-0.551798
0.557189
0.107475
0.048534
-0.210143
-0.554025
-0.521022
0.039152
0.308937
0.423525
-0.017854
-0.440996
-0.287452
-1.001948
0.418690
-0.404852
-0.180816
0.223791
-0.436871
-0.466660
0.524441
0.086621
0.088351
-0.125714
-0.033619
0.056269
0.382749
0.485299
0.139871
0.162459
-0.582841
-0.140719
0.552824
-0.214048
0.118513
0.667111
0.037451
-0.434579
-0.470248
0.037418
0.524239
-0.095679
-0.532526
-0.095126
0.053131
0.274640
-0.090670
0.118303
0.219345
0.612697
-0.206563
0.289685
-0.194795
-0.199258
-0.065864
0.155444
0.085613
0.052095
-0.305908
-0.468964
0.445395
-0.192665
-0.467682
-0.089827
-0.502262
-0.607556
0.332058
0.071291
0.327345
0.155778
0.114409
0.355435
-0.420493
-0.762802
-0.196083
-0.270555
-0.455681
-0.412572
0.066847
0.470135
-0.306432
-0.245051
-0.144373
-0.231596
0.201580
0.011213
0.058532
0.284532
-0.536912
0.048257
-0.037907
0.149077
0.363209
-0.072870
0.683719
0.321022
0.109714
-0.004426
-0.136841
-0.155447
-0.064391
0.380681
-0.836658
0.029955
-0.379833
-0.157652
-0.051159
0.130256
-0.049433
-0.388196
0.444820
0.072278
0.201441
0.472602
0.274487
0.140892
-0.485367
0.047359
-0.303892
0.194365
-0.100596
0.163666
0.206855
-0.589642
-0.299771
0.703485
0.082147
-0.269403
0.553038
-0.354928
-0.801041
0.030210
-0.251450
-0.460943
0.227847
-0.651745
0.537817
-0.267989
-0.364259
0.228029
-0.074353
-0.062600
0.158130
-0.412473
0.082044
0.272945
0.018000
0.863921
0.179773
0.243416
0.186499
-0.269817
0.921088
0.707390
-0.253030
0.342147
-0.491045
-0.098519
-0.174676
-0.470286
-0.540731
0.027868
-0.031482
0.039478
0.100422
0.609188
-0.067565
-1.076461
-0.594843
-0.679661
0.817931
0.206555
-0.060432
-0.249771
-0.319742
-0.084882
-0.231198
0.317695
0.086552
0.145031
-0.094684
-0.133839
-0.022627
0.163246
0.386746
-0.132829
0.175367
-0.079634
-0.065977
0.467789
-0.417613
-0.027290
0.100127
0.233197
0.138165
-0.135463
0.221112
0.094505
0.051593
-0.155887
0.453458
-0.483579
-0.598435
-0.112081
-0.084472
0.137804
-0.247616
-0.027064
0.132546
-0.111652
-0.057319
0.227016
0.801979
-0.076398
0.496934
0.352075
0.207572
0.041454
-0.163758
-0.227994
0.105012
0.438206
0.173627
0.204430
-0.076958
-0.084323
-0.420268
-0.346863
-0.522439
-0.115317
0.433612
-0.284990
-0.231267
0.405476
0.933312
-0.305236
-0.596292
-0.020507
0.053055
0.335351
-0.319720
-0.069275
0.271134
0.019390
-0.355542
-0.269212
0.017738
0.268125
-0.134246
-0.145519
-0.457747
0.118168
-0.377220
-0.481938
-0.039837
0.009033
-0.359393
0.479804
-0.541869
0.069020
-0.204888
0.278765
-0.104924
-0.061430
-0.209018
-0.582378
0.069745
-0.045122
-0.123329
0.179679
-0.460615
0.261405
0.092548
-0.198877
-0.133004
-0.296950
-0.167053
0.414541
-0.376973
0.086744
0.888133
0.586653
-0.108415
0.105441
0.297018
-0.106333
-0.008746
-0.165368
-0.066958
0.071542
0.153435
-0.127082
-0.569459
0.540446
0.568713
-0.519481
0.008441
-0.359010
0.032938
-0.149073
-0.513681
0.453343
0.549010
0.511985
0.000980
0.071344
0.080683
-0.464699
0.140702
0.575803
0.051844
-0.102921
0.410640
-0.084790
0.191127
-0.374083
-0.082847
-0.188770
0.439316
0.032176
-0.912024
-0.200071
-0.237815
0.036698
0.421232
-0.165883
-0.038295
-0.043437
-0.537186
-0.056726
0.234110
0.066544
0.555195
0.685054
0.432513
0.215250
-0.170728
-0.108797
-0.061645
-0.065843
0.695626
0.219135
0.225409
0.003219
0.126679
-0.215579
-0.476285
-0.464705
-0.275911
0.306315
-0.805645
-0.087411
-0.146441
-0.242518
-0.025740
0.775927
-0.007388
-0.177760
-0.335609
0.463345
-0.093326
0.592613
-0.057652
-0.604130
0.197612
0.070503
0.259381
0.182835
0.019232
0.412323
-0.525347
-0.283657
1.039219
0.077944
-0.074621
-0.162126
-0.249596
0.418019
0.112262
0.778893
0.253140
0.018648
0.365237
-0.822469
-0.080494
0.274463
-0.071372
0.335288
0.439963
-0.027984
-0.385269
-0.097269
-0.041219
-0.316634
0.587657
0.129165
0.368909
-0.338918
-0.149386
-0.196587
-0.002254
-0.254205
0.318593
-0.037063
-0.307795
0.316017
-0.081834
-0.180726
-1.043461
-0.014525
0.897017
-0.760617
-0.556523
-0.311105
0.093890
-0.078666
0.573580
0.342738
-0.844894
0.273156
0.210091
0.328224
0.189524
-0.037827
-0.881697
-0.144599
-0.087680
0.250878
0.137699
-0.139506
0.206560
-0.213786
-0.015599
0.040912
-0.274309
0.030839
-0.056577
0.020997
0.224796
-0.101806
-0.265703
0.569087
0.183535
0.293402
-0.246344
0.034664
-0.220301
0.223634
0.188410
-0.341412
-0.401778
0.216238
-0.136631
-0.247212
-0.517608
-0.195661
-0.254789
-0.379893
-0.423471
0.412491
0.261604
0.133131
0.210025
0.215180
0.743768
0.098373
-0.100154
0.092029
-0.000982
-0.202593
-0.242873
0.224029
0.547295
-0.522315
0.541886
0.730875
-0.122979
0.235630
-0.094126
-0.133980
-0.521016
-0.367546
-0.110450
-0.401480
0.263640
-0.320707
0.048060
-0.407932
0.015318
-0.568518
0.446584
-0.282344
-0.079573
0.024954
-0.101707
-0.104313
0.113648
-0.009490
-0.209922
-0.211776
0.299945
-0.693855
0.568532
-0.219160
0.290572
0.561519
0.280994
0.374931
-0.143333
-0.737946
0.265720
-0.321111
-0.007896
-0.432356
0.141658
0.443310
-0.198371
0.437582
-0.102368
-0.249418
0.270164
0.005454
0.082938
0.463132
-0.134134
0.574026
-0.321133
-0.166854
0.234433
-0.413183
0.015654
-0.064505
-0.286383
0.598443
-0.087515
-0.742095
0.117850
-0.019092
-0.361748
-0.275032
0.396044
0.732220
-0.289385
-0.392158
-0.035246
-0.848522
0.395867
-0.806161
-0.369951
-0.153829
0.054800
-0.070815
0.540528
0.097884
0.180950
0.243983
0.087572
-0.408724
0.247239
-0.221075
-0.592855
-0.263792
-0.286662
0.134481
-0.475731
0.372785
0.174983
0.414746
-0.061152
-0.211260
-0.032509
-0.276408
0.346990
-0.053869
-0.270393
0.061780
-0.069322
-0.310096
-0.113514
0.032039
-0.338012
-0.202000
-0.167531
-0.438749
-0.103582
0.487402
0.484389
-0.308827
-0.079604
0.015953
-0.551865
-0.726746
-0.700707
0.440055
0.356152
0.443130
-0.193750
-0.122838
-0.087840
-0.195455
-0.075475
0.093601
-0.021026
0.350724
-0.248605
0.160664
0.120672
-0.313116
-0.265917
0.516900
-0.157947
0.508727
0.437985
0.345680
0.466202
-0.476255
0.101278
-0.226546
0.011806
-0.783563
0.168177
-0.022341
-0.098185
0.387155
-0.748847
0.093726
0.130468
0.407767
0.203169
-0.089025
0.697868
0.230016
0.415257
-0.239609
-0.169453
0.050190
-0.637030
-0.699986
0.234224
-0.455997
0.246715
-0.191107
-0.493186
-0.174733
-0.553258
0.472872
-0.159430
0.914427
0.089093
0.139287
0.397396
0.501038
-0.346569
-0.073307
0.404023
-0.182323
-0.125998
-0.212955
0.364599
-0.104527
0.398878
-0.341441
-0.000964
0.338222
0.346178
-0.198950
-0.046317
-0.397810
0.365878
-0.623984
0.168081
0.214638
-0.293666
-0.454362
-0.597041
-0.273552
-0.308656
0.022304
0.030509
-0.108682
0.551870
0.056493
0.222630
0.289351
-0.140948
-0.062775
-0.499113
0.399779
0.652838
0.377160
0.056315
-0.300209
-0.363771
-0.792071
-0.160916
0.059263
0.322099
-0.188265
-0.544207
-0.345837
0.046983
0.290901
-0.525079
0.132441
0.105783
-0.235064
0.365164
0.115509
-0.459878
0.309111
0.301409
0.274170
-0.011088
0.178316
0.198452
0.379649
0.362538
-0.199134
0.194523
0.401012
0.027450
-0.058533
-0.787384
0.143623
0.096024
0.034108
0.084644
-0.318376
-0.049726
0.246011
-0.305718
-0.390512
0.026230
-0.514609
0.485747
-0.436825
0.016637
-0.338307
-0.183031
-0.353848
0.138213
0.179984
0.581063
0.201501
-0.131694
-0.080809
0.278318
-0.661540
-0.022534
-0.254251
-0.056094
0.513497
-0.051912
0.254937
0.184542
0.080093
-0.108941
-0.662830
0.445425
0.003334
-0.442066
-0.290780
0.224883
-0.201992
-0.138185
0.212479
0.032717
0.273322
-0.068333
-0.078735
0.232963
0.931725
-0.012579
0.352916
0.140300
0.055306
-0.555979
0.466282
-0.536659
0.141336
0.482477
-0.290473
-0.224076
-0.471975
0.052199
0.144275
0.188396
0.263642
-0.306418
-0.478426
-0.736990
0.628915
-0.295556
-0.321736
0.278199
0.318924
-0.138786
-0.586100
0.154703
0.126965
0.163439
-0.642933
-0.027920
0.539168
-0.059704
-0.197014
-0.460729
0.033720
-0.237817
-0.651973
0.106802
0.079220
-0.118582
-0.447498
0.075866
0.012211
0.332065
0.194109
-0.232576
-0.496408
-0.070082
0.224896
0.434893
-0.202203
0.171694
0.049801
0.622816
0.718961
-0.185558
0.071693
-0.099214
-0.106262
-0.007156
-0.538118
-0.189870
-0.232992
-0.532728
0.002862
0.416169
-0.589262
0.227116
0.498685
0.388131
-0.165580
-0.395299
-0.644591
-0.208500
-0.224410
0.248489
0.245834
0.037268
-0.345475
0.194454
0.329255
0.259217
0.272762
-0.267228
-0.587264
-0.102300
-0.212347
0.340225
0.270695
-0.181467
-0.404138
0.475078
-0.137436
0.262503
-0.020520
-0.741118
-0.648882
-0.070703
-0.429551
0.098099
-0.189176
0.407425
-0.183181
-0.457637
0.476220
-0.180875
0.141650
1.076115
-0.012441
0.155398
-0.458538
0.524814
0.183052
-0.358861
0.059823
-0.355269
0.102378
-0.359742
0.059727
0.331573
0.327981
0.944194
-0.103204
0.191512
0.586780
0.050406
0.690677
0.038704
-0.417350
0.571858
0.130076
0.498074
0.309576
-0.137865
-0.208771
-0.672698
0.370597
0.401989
-0.355350
-0.200835
-0.196427
-0.365799
0.525575
0.121600
0.449216
-0.250336
0.144579
-0.701454
0.271496
-0.010868
-0.099483
0.146200
-0.472804
-0.077670
0.312800
-0.312448
0.032148
-0.172095
0.105797
-0.139819
0.089678
-0.330443
-0.240754
-0.409616
-0.778809
0.131868
0.110254
0.062331
-0.211444
-0.759110
-0.274950
-0.210343
-0.288622
0.313160
0.182702
-0.016275
-0.213700
0.074878
-0.274026
-0.257729
-0.078349
-0.174886
0.369388
0.666750
-0.221203
0.105614
0.044408
-0.042356
0.330724
-0.662550
0.118043
0.089334
0.023349
0.223051
0.281994
-0.254929
0.200047
-0.026288
-0.108252
0.097265
0.395316
0.156157
-0.124559
-0.366027
0.299802
0.151207
-0.117304
-0.007617
-0.124095
0.195795
-0.901677
0.340382
-0.292230
-0.053905
-0.071891
-0.008753
-0.175455
-0.015955
-0.216463
0.481555
0.245889
0.313654
0.096563
0.455917
0.460609
-0.089508
-0.165809
-0.068311
0.167374
0.521638
-0.153833
0.235025
-0.111542
-0.269563
0.242959
0.177570
0.334407
0.048449
-0.170921
-0.444279
0.181813
0.911646
0.356980
-0.081842
0.090877
-0.459978
0.082637
0.008853
0.382782
-0.382764
0.007205
0.181715
-0.503930
-0.453034
-0.055125
-0.168810
0.039959
0.234845
0.268144
0.137031
-0.191766
0.027988
-0.475732
0.001161
-0.341995
0.020415
-0.010286
0.209862
-0.464708
-0.094181
0.561761
0.389781
-0.822277
0.406855
-0.531807
0.371665
-0.050556
0.443158
-0.505629
0.182888
-0.180717
0.169545
-0.210008
0.021441
0.002284
-0.388695
0.020354
-0.534082
-0.270225
-0.359618
0.096355
0.197742
-0.212944
-0.082060
0.201913
1.087472
-0.370873
-0.218636
0.178312
0.530458
0.063716
0.486086
-0.112177
-0.129331
-0.166364
0.638579
0.194738
-0.036747
-0.260533
0.663139
-0.144330
0.128655
-0.082599
0.319396
0.315604
-0.333991
-0.058490
0.125635
-0.440519
0.064414
-0.025213
0.098026
0.112318
0.175316
0.403808
0.111156
0.039072
-0.005600
0.215681
0.027763
-0.108010
0.444206
-0.541643
0.057098
-0.420061
-0.331930
-0.070890
-0.555675
0.423178
-0.288327
0.546697
0.275615
0.310497
-0.235560
0.057134
-0.616038
0.376134
0.204606
-0.468695
0.699824
-0.299557
0.209400
0.299091
0.134316
-0.142148
0.226536
0.123524
0.233065
0.383405
-0.084285
0.309973
0.641355
0.574281
0.293192
0.482190
-0.567339
-0.303899
0.041838
0.304107
-0.372208
-0.060084
0.390180
0.485784
0.089383
0.236018
0.445493
0.191767
0.490242
0.172255
-0.338819
-0.257606
-0.398562
-0.033999
-0.124238
0.054303
0.168795
-0.021434
-0.028838
0.194550
-0.238454
-0.217437
0.212478
-0.380128
0.571792
0.112434
-0.299116
-0.015680
-0.069858
0.455486
-0.424403
-0.823364
0.305087
-0.382788
-0.009924
0.021199
-0.273073
-0.511990
-0.444387
-0.056595
0.489162
-0.233453
-0.275507
-0.075507
0.259354
-0.246838
-0.380809
-0.203978
-0.571380
0.323444
-0.194544
-0.146274
0.220370
-0.057104
0.018700
0.112365
0.438676
0.346803
-0.246258
0.490975
0.300399
-0.484231
0.140647
0.055165
-0.210146
-0.632969
0.038052
-0.310133
0.294171
0.329593
-0.250941
-0.171536
0.090306
0.157817
-0.009344
-0.056877
-0.175964
-0.724365
0.700432
0.460044
0.653150
0.386089
0.419631
-0.369093
0.373489
-0.614762
0.912738
-0.030628
-0.449085
0.594089
-0.279912
-0.258110
-0.433598
0.062230
-0.180224
0.402663
0.043736
0.444459
-0.597690
-0.361117
0.392197
0.768111
-0.089784
0.646097
-0.461983
-0.058678
-0.034622
0.272257
-0.030635
0.014001
-0.143431
-0.689684
-0.148334
-0.137667
-0.485666
-0.231180
0.016961
-0.005916
-0.072569
-0.431872
0.215181
0.037576
-0.208231
-0.411769
-0.008392
0.612503
-0.397738
-0.147458
-0.119514
0.393473
0.099244
-0.307628
0.131869
-0.061411
-0.278765
0.043931
-0.072404
-0.115856
-0.147558
-0.364872
0.573237
-0.178514
-0.132187
0.273763
-0.328248
-0.070293
-0.004246
-0.341687
0.244230
0.247449
0.061192
0.129868
-0.049728
-0.304236
-0.374960
0.456139
-0.190824
0.113608
-0.225246
0.079025
-0.248976
-0.406292
0.113738
0.036443
0.270419
-0.379018
-0.056921
0.109563
-0.261898
-0.053620
-0.099224
0.717393
0.060685
-0.270762
0.504666
0.493146
0.029268
0.142051
0.228025
0.142171
-0.493021
0.087018
0.253260
0.035760
0.079244
-0.443601
0.275099
0.070100
0.145603
-0.243987
-0.211126
0.023040
-0.291571
-0.069925
0.282127
0.213705
0.221426
0.026908
0.088743
-0.237043
0.172766
-0.438634
0.674030
0.024295
-0.686642
0.140392
-0.183956
-0.252474
0.425682
-0.439285
-0.223553
0.162018
-0.613801
-0.195695
0.233114
0.052843
0.094459
0.750907
-0.296123
-0.253410
0.238190
0.060483
0.322508
0.529348
0.383684
0.024625
0.190247
-0.023661
-0.358803
-0.029357
0.222047
0.187358
0.337374
-0.235181
0.359305
-0.009902
-0.313333
-0.088847
0.099295
-0.143805
0.727291
-0.343014
-0.934869
-0.401174
0.486172
-0.271982
0.010628
0.528785
-0.017546
-0.159315
0.035904
-0.288997
-0.254132
-0.144039
-0.409200
-0.499571
-0.494198
-0.184605
0.056582
0.371800
0.617780
-0.204233
-0.259540
0.335895
-0.185102
0.131031
0.215271
-0.958660
-0.314026
-0.106327
0.226512
0.119205
-0.339921
-0.912009
0.439673
-0.203894
-0.012174
-0.018697
-0.516564
0.663382
-0.224797
-0.227970
0.140507
-0.208824
-0.138074
-0.584100
0.472072
0.655879
-0.338595
0.299536
0.172230
0.373679
0.260045
-0.328977
0.203168
-0.270466
-0.298020
0.148447
-0.002407
0.018565
0.080774
-0.357903
0.064641
-0.155265
0.623529
0.042387
-0.322455
0.372736
-0.303774
0.057557
-0.899656
-0.692305
-0.073764
0.544126
-0.079845
0.327293
0.015967
-0.277242
0.513096
-0.226655
0.338564
0.624820
-0.161999
0.132718
-0.161165
-0.044002
0.174059
0.000464
0.819770
0.486990
0.007992
0.327569
-0.852763
0.048260
0.441289
0.083331
-0.458444
-0.227112
0.599865
-0.356576
-0.084261
0.087862
0.421653
0.047671
-0.405577
-0.297467
-0.359117
0.025069
0.164250
-0.744494
0.106892
-0.586229
0.447619
0.068239
-0.320090
-0.186715
-0.642533
-0.159298
-0.112038
-1.016177
0.645285
-0.384785
-0.187604
0.189468
0.293169
-0.063362
0.207769
-0.044245
0.150058
-0.120616
-0.121833
0.096917
-0.231322
0.355473
0.559725
-0.250229
0.011306
-0.285773
0.377157
0.198228
0.298557
0.115485
0.555853
0.191953
0.439622
0.335141
0.092772
0.527982
-0.199767
0.730915
0.398277
0.572375
0.297592
-0.013231
0.413217
0.284644
0.866481
0.424470
-0.062800
-0.132066
0.074748
-0.311355
-0.299113
0.157866
0.347218
0.402168
0.412339
-0.689612
-0.111551
-1.054805
-0.371762
0.281995
0.259767
0.436081
-0.351985
0.089598
-0.069812
0.026099
-0.451184
0.803286
-0.414003
0.015229
0.235882
-0.278160
0.023885
-0.290611
-0.105470
0.327294
0.100992
0.188493
0.116697
-0.452799
-0.004506
0.311751
-0.185568
-0.553138
0.688891
-0.433559
0.124939
0.384568
0.163512
0.302267
0.309428
-0.110910
0.764438
0.246470
-0.219949
-0.549565
0.358998
-0.503031
0.217288
0.442883
-0.052195
-0.193937
0.410107
0.424323
0.454213
-0.400466
-0.152909
0.328110
-0.201354
0.170322
-0.649434
-0.621987
0.117043
-0.064199
0.171155
-0.199656
-0.306051
-0.059840
-0.220017
0.302796
0.044505
0.303936
0.229939
0.174522
0.451641
0.056495
0.559397
0.359423
-0.247521
-0.293454
0.147373
0.094747
0.111837
-0.355239
-0.092678
0.804120
0.023148
-0.211159
0.433970
-0.004966
0.373727
0.342016
-0.343464
0.067973
-0.168608
-0.260784
-0.087163
-0.364224
-0.108238
-0.055457
0.056926
0.192296
-0.522188
-0.273706
0.110236
0.032415
-0.466837
0.537855
0.763495
-0.323593
-0.712781
-0.171866
-0.132105
0.281659
0.045330
0.346531
-0.075051
-0.509092
-0.623786
0.037988
-0.310479
-0.302509
0.612964
-0.398156
-0.009990
-0.329970
0.033281
0.180370
-0.585965
-0.236649
0.002350
0.446758
0.040723
-0.197707
0.353842
0.702054
-0.341031
0.304068
0.602223
-0.146807
0.166474
-0.288834
-0.256870
-0.376895
1.045037
0.065643
0.798952
-0.007935
-0.138592
-0.350356
-0.522251
-0.043246
-1.204624
0.336108
-0.167716
0.325804
-0.638608
-0.639437
0.145342
-0.221478
0.189498
-0.142238
0.202016
-0.091347
-0.316209
0.014904
0.176296
-0.205715
-0.467476
0.158922
0.376733
0.060328
-0.694266
0.519870
0.412484
-0.292451
0.188810
0.142889
0.259329
0.072346
0.574714
-0.266956
-0.100356
-0.269727
0.427203
-0.542165
-0.335294
-0.121680
-0.922038
-0.191253
0.266912
-0.171458
-0.209036
-0.086725
-0.033658
-0.108325
0.211075
0.132750
-0.017579
-0.180113
-0.282159
-0.010432
-0.085563
-0.157984
-0.068867
-0.132952
0.224927
-0.041870
-0.494627
-0.213346
0.161396
-0.498723
0.111787
-0.411909
-0.616533
0.448358
0.311519
-0.736487
0.673936
0.428622
0.488302
0.034143
0.414658
0.320270
-0.096114
-0.465358
0.178063
0.595848
-0.236401
-1.259304
0.055479
0.339934
0.168851
0.113749
0.172343
0.835263
-0.224850
0.302079
-0.228853
-0.418484
0.241472
0.703757
0.322600
0.392825
0.399004
-0.044517
-0.289935
0.265795
-0.048192
0.092968
0.400339
-0.382591
-0.001391
0.194796
0.033012
0.064465
0.091587
-0.198760
0.531888
0.060602
-0.411967
0.351753
-0.456538
-0.430915
0.113359
-0.350264
-0.108522
0.204822
0.377301
-0.373820
0.838174
0.350379
-0.108383
-0.442654
0.419007
-0.051536
0.339059
-0.132818
-0.367684
-0.433527
-0.204936
-0.792681
-0.048236
0.233927
-0.045253
-0.240104
0.338924
0.410281
-0.544669
-0.126586
0.278682
0.618147
0.091305
0.721974
0.121796
0.121158
-0.369902
-0.571748
-0.160605
0.132488
0.419628
0.941965
-0.134765
0.125242
-0.172481
0.321842
-0.060383
0.049383
0.080166
-0.111862
-0.655620
0.343956
0.306269
-0.076880
-0.235657
-0.236029
-0.504371
0.148055
-0.348394
-0.133836
-0.879360
0.637406
0.319049
-0.631971
0.768569
-0.750895
0.167219
0.460689
-0.749755
-0.087225
0.234441
0.141321
0.337717
0.254496
-0.284824
0.007107
-0.019655
0.170486
-0.095352
-0.037629
0.272745
0.115242
0.479339
-0.685314
-0.492011
-0.184607
-0.393774
0.597576
-0.565955
0.049971
0.439565
0.209741
-0.328247
-0.061714
-0.096723
0.122511
-0.138908
0.273630
0.359305
-0.029036
0.371283
0.405795
0.259298
-0.146589
-0.325297
