0.153082
0.203873
-0.376314
0.447276
-0.231490
-0.749788
0.038310
0.362999
-0.301475
0.308989
-0.508779
-0.159855
-0.061925
0.399985
0.566205
0.165823
0.466544
-0.201876
-0.041680
0.055619
0.456060
0.328808
0.391910
0.425030
0.173707
-0.007779
0.370636
0.353291
-0.181806
-0.016008
0.017331
0.380452
0.360813
0.219484
0.596991
-0.487608
-0.317271
-0.415828
-0.146159
-0.732369
0.234905
-0.210396
0.244642
-0.135457
-0.176318
0.389016
0.527892
-0.438300
0.330735
-0.124580
-0.023509
-0.185172
0.202215
0.038532
-0.191442
-0.193835
-0.026839
0.091490
-0.614662
0.209033
-0.681425
0.311033
-0.519362
0.140825
0.366317
0.357283
0.068611
-0.092606
0.396773
0.495069
0.187964
0.453719
0.057711
-0.223234
0.137863
-0.000881
-0.378401
-0.869266
-0.049560
-0.339933
-0.011793
-0.340428
0.117219
0.056593
-0.445806
0.051293
-0.019821
-0.143063
0.072454
-0.415526
0.295466
-0.455050
0.012055
-0.420140
-0.194975
0.077007
0.254000
-0.362543
0.113780
-0.268491
0.571368
0.656075
0.186406
-0.082234
-0.151402
0.275294
0.293754
0.146175
0.344181
0.219709
0.165667
0.235476
0.211352
-0.085807
-0.474823
0.326725
-0.272821
-0.291673
0.277155
-0.879274
-0.189557
0.249085
0.189429
-0.708269
0.029978
0.086624
0.674741
0.065111
0.026256
-0.322960
0.344674
0.289291
0.689098
-0.094995
0.479080
0.373071
-0.202226
0.130315
0.929083
0.309139
-0.273730
0.058577
0.266377
0.210412
0.493090
0.483925
0.113355
0.137278
-0.453016
0.193280
0.460399
0.269781
0.162323
-0.238883
0.005901
-0.463330
-0.057608
-0.008823
0.411426
0.049257
-0.282476
0.382027
0.179676
-0.130420
-0.271572
0.380276
0.145757
-0.074350
0.592917
0.021881
0.308507
-0.368017
-0.513843
-0.011682
0.427575
0.561482
-0.386664
-0.443540
0.562405
0.841471
-0.143597
0.059990
-0.011564
-0.232581
0.224442
0.160822
-0.173884
0.376405
-0.251519
-0.057056
-0.820606
-0.471691
-0.244390
-0.130999
0.673233
-0.570345
0.083440
0.014063
0.002260
-0.129443
0.363498
0.088506
-0.121932
-0.488127
-0.048548
0.317105
-0.309627
-0.130985
0.306333
-0.414121
0.211961
0.288988
-0.442123
0.131473
0.144924
0.289789
0.106269
0.317384
-0.053164
-0.189913
0.511263
0.152360
-0.038908
0.190709
0.277245
-0.279452
0.219714
0.297747
0.512600
-0.036661
0.282765
-0.010597
-0.302885
-0.012073
-0.690310
-0.156277
-0.250389
0.099831
0.017901
0.131139
-0.245248
-0.135229
-0.473014
0.149683
-0.138657
-0.039725
0.197613
-0.107752
0.134801
0.666353
-0.113839
0.104255
-0.126307
-0.413039
-0.490578
-0.320811
0.040516
0.363985
0.494922
0.158975
0.004797
-0.513707
-0.279026
-0.104092
-0.144887
0.015731
0.345181
-0.091816
0.051851
-0.278577
-0.177062
-0.509546
0.180084
-0.014189
0.099020
0.518058
-0.252802
-0.679119
-0.011957
-0.381429
0.604788
0.279850
0.437152
0.189351
-0.602520
-0.558459
0.040134
-0.306428
0.363703
-0.106697
-0.635638
0.804468
-0.443473
-0.139864
-0.072908
-0.018864
0.326695
0.075778
-0.201206
0.080649
0.299311
0.128296
-0.351407
-0.567326
-0.367564
0.175664
-0.071901
0.344228
-0.131649
-0.350846
-0.713039
0.080297
-0.351591
-0.172600
-0.120410
-0.159530
-0.502479
-0.886790
0.119602
-0.829214
-0.076568
0.314740
0.393459
-0.539384
0.455633
0.277267
0.363556
-0.398531
-0.449479
0.704527
0.300365
0.367504
-0.157005
-0.644975
0.332588
0.229710
-0.356149
-0.224161
-0.375674
-0.897510
-0.302394
0.314013
0.398435
0.295190
0.332566
-0.079648
0.229768
0.211349
-0.055179
-0.011794
0.145696
0.416085
-0.404639
-0.565926
0.578530
-0.375687
0.135964
0.136617
0.397822
0.101091
-0.673338
0.074633
-0.573800
-0.828003
0.224531
-0.377812
0.295577
-0.134722
0.413197
0.242547
-0.420522
0.259250
-0.015762
-0.220778
-0.501551
0.672362
-0.053759
0.046738
0.406428
0.331489
0.109418
0.263124
-0.277138
-0.724211
1.058435
-0.355083
-0.202356
-0.182274
0.673902
-0.096799
-0.040389
0.172103
-0.545189
0.251300
0.300186
0.396270
-0.064409
-0.530313
0.182346
0.032803
-0.369126
-0.150052
0.133581
0.199387
-0.240659
-0.355786
0.861386
0.047007
-0.216449
-0.401490
-0.078005
-0.162349
0.278361
-0.641634
-0.544467
-0.157949
0.245114
0.340654
-0.246672
-0.431711
0.008582
0.526073
-0.073584
-0.467444
-0.043834
-0.495411
-0.610156
0.032235
-0.159393
-0.495123
-0.091321
-0.078101
-0.294869
-0.725322
-0.336849
-0.357570
0.306608
0.012191
-0.145778
0.271213
-0.298044
0.049544
-0.520062
-0.537801
0.157800
-0.367109
-0.763921
-0.393107
-0.354591
0.957330
-0.612159
0.634547
-0.104974
0.485037
0.155961
0.405449
-0.083589
0.009783
-0.136025
0.409105
-0.074368
0.303130
0.110302
0.247973
0.300782
0.449699
0.230223
0.139005
-0.305949
-0.402975
0.025393
-0.293500
-0.356159
0.494730
0.232324
0.101944
0.176843
0.002272
-0.092492
0.102874
0.562925
0.026636
0.186832
-0.388200
-0.457204
-0.457169
-0.139483
-0.535901
-0.516030
0.263832
0.464085
-0.146017
-0.156044
-0.445146
0.033565
0.312165
0.109851
0.375664
0.416444
0.366421
0.088301
-0.174253
-0.225223
0.011534
0.295030
-0.276725
-0.171734
0.100498
-0.855401
-0.333985
-0.357802
-0.180581
0.144304
0.125538
-0.123201
-0.134636
-0.346085
0.134494
0.238027
0.189137
0.179142
-0.747263
-0.069435
-0.298499
0.145848
-0.166461
0.277476
-0.674981
-0.196555
0.042219
0.037569
-0.231359
-0.028690
-0.678314
-0.054798
-0.244151
0.072271
-0.249459
-0.336577
-0.370457
0.389262
1.082537
-0.185672
0.753181
-0.423706
0.280803
-0.545933
0.503952
-0.261006
0.050684
0.233111
-0.297281
0.110791
0.195414
0.059474
-0.108115
-0.181406
0.009364
-0.388955
-0.325452
-0.376328
0.268447
0.650114
0.249631
0.594618
0.450506
-0.027853
0.189053
-0.628224
-0.070400
0.554279
0.206234
-0.075854
0.510312
-0.075493
0.294606
0.518922
-0.110280
-0.148711
0.449070
0.611802
-0.191208
0.229713
0.037311
-0.337410
-0.090580
0.073154
-0.093549
0.196082
-0.151037
0.741314
0.377331
-0.127206
0.335939
0.614659
0.224848
0.360509
-0.367584
0.275683
0.036937
-0.088786
-0.294627
0.397215
0.034875
-0.447205
0.137786
-0.231607
-0.087863
0.228320
0.229292
-0.595799
0.149103
-0.246927
-0.327976
0.061689
-0.006816
1.103110
0.157762
-0.387643
0.371629
-0.008190
0.868787
-0.084868
-0.405250
0.024096
-0.893350
0.669570
1.086272
-0.248187
0.129432
-0.047404
-0.056981
-0.191535
-0.142111
-0.169732
-0.062274
-0.169164
0.165854
0.225516
0.474113
0.207361
-0.518163
0.594743
-0.265513
0.840288
-0.415818
0.454933
0.868169
-0.166392
-0.174727
-0.231671
-0.344124
0.048793
-0.419045
0.432100
0.123988
0.446128
0.101602
0.039285
-0.389288
-0.585340
0.017127
0.535123
0.236411
-0.060496
0.305464
0.436203
-0.089650
0.051488
0.270723
-0.156028
-0.273995
0.445096
0.308002
-0.467174
-0.128507
-0.393874
0.121798
-0.131216
0.262602
-0.320772
0.161287
-0.001856
-0.201364
0.752913
0.095770
0.685751
-0.453326
-0.354507
0.539468
-0.742449
-0.291803
0.250765
-0.238811
0.496936
0.380059
-0.268276
0.125715
-0.434914
0.783440
0.249133
-0.126287
0.366416
0.082607
-0.574013
0.452739
-0.301361
-0.124486
-0.071414
-0.025764
0.325393
-0.299089
0.426633
0.531416
-0.542424
-0.110271
0.189642
0.288899
-0.308309
-0.018110
-0.210519
0.319740
0.390562
0.221775
-0.431910
-0.337680
0.424214
0.106581
0.061830
-0.325734
-0.043876
0.262272
-0.000697
-0.132242
-0.230895
-0.086985
-0.485733
-0.114638
-0.035587
-0.099793
-0.541583
-0.464708
0.207897
-0.636280
-0.453355
-0.280765
-0.276164
0.597403
-0.312270
-0.378823
-0.221368
0.118575
-0.286622
-0.222982
-0.171847
-0.233497
0.334166
-0.156629
-0.110985
0.034260
-0.006206
0.649910
-0.593692
-0.130118
0.462703
-0.032705
-0.640859
-0.278378
-0.260709
-0.212767
-0.196155
-0.109730
0.139262
0.341378
0.238884
-0.021160
-0.512223
-0.492109
-0.402856
-0.342473
-0.757128
0.163831
-0.033930
-0.334880
0.071471
0.067738
0.230084
-0.148531
-0.350924
-0.743490
-0.419464
0.618731
0.871494
-0.246123
-0.087681
-0.145599
-0.180932
0.627375
-0.488986
-0.052930
-0.046874
-0.121635
0.181045
0.276580
0.555235
-0.613782
0.953082
-0.224909
0.229169
0.144472
-0.133517
0.284201
-0.432026
-0.017843
-0.544709
-0.045940
-0.183129
-0.085130
-0.303376
-0.127536
-0.185836
-0.317941
0.510435
0.017166
-0.539767
-0.311159
-0.135444
-0.237068
0.202543
0.013585
0.403338
-0.240592
0.330697
0.890028
0.122083
0.475236
-0.004605
0.282663
0.109115
-0.652617
-0.491518
0.146216
-0.112235
0.116794
-0.210180
0.461563
-0.582905
0.447445
0.341086
-0.195877
0.838700
0.022441
-0.019520
-0.316454
0.110755
0.029638
-0.240465
-0.075073
0.449036
-0.358550
0.450231
-0.473139
0.043960
0.381994
-0.288204
-0.555609
-0.553781
0.849084
-0.660162
-0.040714
0.168546
-0.103565
0.316919
0.063476
0.073638
-0.061555
0.036185
0.630422
0.019821
0.587477
0.398561
0.494701
0.719741
-0.138769
0.394502
-0.064242
-0.461511
0.693123
-0.482867
-0.303060
-0.305317
0.061225
-0.392787
-0.371122
0.037490
0.303973
-0.465450
0.083126
0.094772
-0.075797
0.333827
-0.139007
0.117335
0.513722
0.030569
0.243944
-0.187799
-0.537998
0.467416
-0.086455
0.076423
0.287080
-0.339438
0.469675
-0.108521
0.180623
0.459997
-0.101387
0.545433
-0.217104
-0.713067
-0.302928
-0.268697
0.427715
0.425158
0.183354
-1.055791
0.038425
0.257053
0.051191
0.416623
0.198401
0.179361
-0.365281
0.152629
0.642502
-0.285517
-0.508126
0.119269
-0.543932
-0.070601
-0.148653
0.035685
-0.001939
-0.604064
-0.274819
-0.150507
-0.404228
0.525304
0.481161
-0.326049
-0.126771
-0.133954
-0.002736
0.020580
-0.187345
0.144699
0.568333
0.394194
0.217590
-0.038645
-0.097191
0.044960
-0.502475
0.423990
-0.751822
-0.691504
-0.292300
-0.057224
-0.278125
-0.049652
0.072849
0.533467
0.467779
0.005905
0.408476
0.467696
0.536409
0.237858
0.055854
-0.293881
0.012662
-0.188256
-0.077726
-0.027965
-0.087890
-0.207790
-0.032692
0.017052
0.191120
-0.124352
-0.073469
0.105044
0.456247
0.571757
0.686215
-0.015180
0.520291
-0.013527
0.119952
0.682630
0.127729
-0.086797
0.214041
-0.227048
0.151141
-0.749713
-0.158942
-0.024706
0.386360
0.060493
-0.092289
-0.227888
0.215200
-0.432322
-0.019789
0.422155
0.290766
-0.243073
0.399941
-1.057463
-0.106580
0.224313
0.608203
0.050292
-0.376529
-0.108520
-0.160239
0.112113
0.360073
0.017265
-0.409022
-0.377544
-0.110716
-0.525009
-0.133842
-0.015120
-0.250499
-0.276668
-0.000107
-0.341989
-0.115297
-0.230213
-0.193457
-0.155041
0.199617
0.592841
-0.300557
0.163639
-0.569411
-0.046393
-0.529694
-0.178369
-0.099698
-0.223045
-0.056415
0.169369
-0.226716
-0.184237
-0.100382
-0.343928
0.493371
-0.514721
-0.449911
-0.260215
0.280406
0.243134
-0.322385
0.092923
0.698489
0.319522
0.105022
0.043511
0.652386
0.565230
-0.272974
0.241291
0.133137
0.270380
0.066602
0.579058
-0.652445
0.294831
-1.101120
-0.537377
0.254795
0.525490
-0.645971
0.026910
-0.138877
-0.282636
-0.124077
-0.343381
0.811860
-0.500346
0.212926
-0.054392
0.228763
-0.506029
0.259873
-0.087319
0.422165
0.510412
-0.108378
-0.119953
0.005623
-0.138075
-0.004953
-0.013536
0.013009
0.117429
-0.183507
-0.009440
0.130197
-0.050324
0.481768
-0.012762
0.225404
-0.371237
0.147498
0.276816
-0.252274
-0.153750
-0.081235
-0.567944
0.191405
-0.418345
-0.793613
0.584607
0.117607
-0.862145
0.440326
0.387677
0.142996
0.193595
0.022711
0.019185
0.063449
0.093435
0.144143
0.020956
0.119267
-0.097906
-0.255299
0.289496
0.342741
0.082018
-0.336318
0.396061
-0.310589
0.178035
-0.817377
-0.295651
0.190691
-0.910411
0.573447
0.905349
-0.059509
-0.514029
-0.365745
0.312048
0.096114
-0.111476
0.030860
-0.175655
0.218891
-0.027676
-0.305471
0.626314
0.403968
-0.329896
-0.391033
0.069807
-0.406374
-0.132498
0.072907
-0.725847
0.086756
0.271923
0.807762
0.152097
0.207932
0.034015
0.336536
0.061841
-0.005839
-0.140302
0.261511
0.092376
0.115946
-0.088301
0.267059
0.309648
0.355087
0.218133
-0.619439
0.042081
-0.136729
-0.202231
0.309260
-0.393364
-0.076336
-0.404192
-0.498150
-0.118408
-0.819818
-0.548974
-0.241950
-0.499291
-0.131754
0.349764
-0.095688
0.208915
0.619466
0.086922
-0.480912
0.280946
0.823623
-0.404635
-0.215384
-0.040321
0.318159
0.326886
0.396841
-0.164788
-0.271685
-0.165506
0.008295
0.012973
0.233693
-0.335848
0.199405
0.180234
0.104701
0.290471
0.266029
-0.194214
0.503825
-0.583267
0.441842
0.521231
0.101990
-0.185082
-0.145617
0.088026
-0.280358
0.043830
-0.599626
-0.220468
0.213419
0.510933
0.717028
-0.541196
-0.478468
0.385106
0.013420
-0.035481
0.589094
-0.177496
-0.084415
0.319150
-0.319323
0.370286
-0.153460
-0.385089
-0.413216
0.404224
0.225771
-0.730120
0.359682
0.406178
0.018881
0.306984
0.079807
0.252763
0.335275
-0.387618
-0.186796
-0.329860
-0.362484
0.131596
0.045461
-0.230670
0.225929
-0.527278
-0.553711
0.196937
-0.520409
-0.363894
-0.172751
0.739729
-0.195721
0.865247
0.223770
1.231483
0.267579
-0.300641
0.231777
0.168998
0.109165
0.214715
-0.560748
-0.319688
-0.179013
0.245166
-0.099094
0.121402
0.238135
0.144539
0.444011
-0.381121
-0.341309
-0.059554
-0.619141
-0.142220
-0.327268
-0.599389
0.903792
0.420711
-0.455220
0.392325
0.158408
-0.014980
0.266370
-0.011855
0.041994
-0.095249
-0.265137
0.430135
-0.046996
-0.032517
-0.011926
0.204909
-0.047230
-0.134686
-0.476019
-0.658538
-0.332491
-0.182185
-0.092745
-0.612575
-0.285065
-0.718717
0.043013
-0.461879
0.612837
-0.007950
-0.542619
0.204710
-0.409460
-0.172330
0.502125
-0.105124
-0.443025
0.175274
0.272994
0.272845
0.196390
0.112287
-0.153749
-0.135246
-0.478917
-0.392610
0.040881
-0.000209
0.105969
-0.395341
-0.169487
0.093779
-0.639807
-0.791778
-0.085791
-0.512842
-0.378459
-1.309819
-0.449892
-0.242093
-0.908202
-0.719833
-0.165987
-0.822459
-0.535669
-0.435744
-0.566935
-0.634285
0.214767
-0.596246
0.036097
0.195807
-0.021093
-0.377210
0.051228
0.782602
0.318278
0.257592
0.224323
0.262518
0.785841
0.908818
0.322094
0.566066
0.705168
0.727834
1.220180
1.002538
0.407529
0.533313
0.783645
0.343791
1.201856
0.173401
0.053518
0.635586
0.209428
0.071105
0.423179
0.180770
-0.250611
0.038162
-0.667830
-0.451017
-0.374961
-0.051542
-0.975902
-0.767894
-0.814891
-0.227225
-0.720813
-0.841390
0.017771
-0.805495
-0.353651
-0.630069
-0.661328
-0.723325
-0.481734
-0.527251
0.300710
-0.020367
-0.196308
0.297324
0.053668
-0.093742
0.132019
-0.312014
0.089813
0.407144
0.355335
0.315660
0.164424
0.558541
1.158048
0.333743
0.449446
0.047968
-0.184009
-0.026452
-0.184973
-0.420900
0.328421
0.369604
0.160278
-0.021780
-0.185392
0.065689
-0.144667
-0.216631
-0.304286
-0.525229
0.218438
-0.054553
-0.185387
0.313707
0.553527
0.467944
0.450005
0.834486
0.363360
0.123965
-0.522133
0.710175
0.553626
0.576945
0.410702
0.052241
0.630178
0.154978
0.106764
-0.353732
-0.096119
0.557316
0.099785
-0.022846
-0.281548
0.066970
0.678317
-0.063158
0.452582
-0.496995
0.195624
-0.251482
0.267222
0.663803
-0.131392
0.550014
0.338944
-0.746087
-0.214960
-0.496148
0.188615
-0.447644
-0.335843
0.330017
0.205167
0.245240
0.626035
-0.276431
-0.043306
-0.197897
0.367985
-0.161491
-0.179553
-0.120044
0.648526
0.128491
0.530417
-0.220255
0.541799
0.064268
0.005925
0.275630
0.103503
-0.137933
0.059496
-0.337467
-0.803383
-0.024109
0.332620
-0.204718
0.647013
0.065376
-0.075433
0.204663
0.157727
0.199443
0.075733
0.226767
0.308845
0.358149
-0.273054
-0.135669
0.872024
-0.295479
-0.417651
0.268337
0.502307
-0.307105
0.059323
-0.213839
0.363444
0.453525
0.371048
-0.324079
0.777474
0.537701
-0.018344
0.098648
-0.634890
0.724441
0.020386
0.106704
0.004377
-0.008504
-0.476450
0.196038
-1.017283
0.039035
0.130049
-0.240064
0.856343
-0.021908
0.333206
0.139913
0.463171
-0.176493
0.874507
-0.041402
0.254192
-0.280417
0.534539
0.571728
0.008028
0.380108
-0.918977
-0.605615
-0.275619
-0.103140
-0.014602
0.052575
-0.193574
0.399249
0.166170
-0.296169
-0.184088
-0.319710
-0.272284
0.027187
0.342940
-0.131441
0.148765
0.210328
-0.276989
-0.047104
-0.113953
0.030584
-0.690543
0.154483
-0.176577
0.217472
0.882572
0.174615
0.145854
0.012739
-0.214190
-0.330567
0.135001
-0.445602
0.022110
-0.363236
0.188966
-0.583832
-0.002793
-0.292864
0.311910
-0.043468
-0.282982
-0.301420
-0.491922
0.099626
-0.134513
0.048718
0.159737
0.149696
0.182603
-0.213719
-0.524994
0.372708
0.080431
-0.615447
0.530427
0.115342
0.034015
0.120525
0.224604
0.093905
-0.467797
-0.158518
-0.186437
-0.144107
0.461786
-0.408566
-0.187881
0.265122
0.328333
0.060081
0.358798
-0.498321
0.500546
0.344056
0.085099
0.329144
0.355619
-0.443796
-0.695127
0.067298
-0.331319
0.330973
-0.075641
0.391868
-0.369943
-0.628416
-0.269450
-0.358575
-0.170997
-0.126059
0.168777
0.385946
-0.242331
0.614086
0.047116
0.469441
0.045419
0.823388
-0.142847
-0.076048
-0.136028
0.743230
-0.279196
0.326593
-0.101116
-0.268513
-0.188490
-0.254214
0.205485
-0.205700
-0.146436
-0.133616
0.295149
0.218662
-0.115932
-0.163629
-0.070580
0.538222
-1.076257
0.116011
-0.045387
-0.528161
0.251040
0.100124
-0.031988
0.424089
-0.079732
0.254245
0.414695
-0.388877
-0.498284
0.590500
-0.424435
-0.587052
-0.711529
0.123144
0.153148
0.025699
0.602078
0.529068
-0.230298
0.084423
0.015571
0.066811
-0.076972
-0.394051
0.414020
-0.196005
0.119686
-0.414874
-0.149055
-0.149870
-0.342308
-0.449768
-0.818224
-0.051718
0.219236
-0.374667
0.319959
0.900672
0.162946
0.328077
0.306891
-0.049075
-0.235489
0.468748
-0.188380
0.661488
-0.407872
-0.073711
-0.021112
0.847637
0.102283
-0.393818
-0.497556
-0.533476
0.223421
-0.126662
-0.239336
-0.796489
-0.551981
0.173723
0.207616
-0.208932
-0.220117
-0.350404
-0.091452
-0.684786
0.193476
-0.153984
0.025666
0.295002
0.303893
-0.091957
0.179324
-0.159719
0.206016
-0.214864
0.084430
-0.305096
-0.238987
0.309591
0.409519
-0.247305
-0.208897
-0.044166
0.337177
0.437900
-0.183785
0.028966
0.379091
0.156368
0.206058
-0.323817
0.156755
0.047991
0.232246
0.191898
-0.068350
0.669579
0.072162
-0.482469
0.134476
0.011336
0.181083
0.012199
-0.464946
-0.406517
-0.426221
-0.083848
-0.058189
0.088997
0.450414
0.059463
0.396306
0.287032
-0.076658
-0.052580
0.139803
-0.364123
0.495679
-0.631844
0.212845
0.534081
0.228391
-0.448503
-0.070425
0.442233
-0.389063
0.026869
0.306501
0.327900
-0.438751
-0.523706
0.047462
0.324722
-0.569003
0.022668
-0.010021
0.282014
-0.133423
-0.080720
-0.415863
0.470428
0.167154
0.517026
-0.168741
-0.645907
0.230715
0.282951
-0.235394
-0.035108
-0.070068
-0.179605
0.296238
-0.055534
0.488432
0.213820
0.913010
-0.217337
-0.447733
0.160401
0.425374
0.093745
-0.307040
-0.569583
0.711524
0.165237
0.385054
0.442627
0.422867
-0.198886
0.071045
0.165032
0.365905
0.293176
0.208621
-0.304546
-0.129209
-0.264815
-0.022869
0.388525
0.147011
-0.495352
0.169675
0.435643
-0.072606
-0.307646
-0.190163
0.057375
0.448249
-0.194953
0.853247
-0.451410
-0.165898
-0.076526
-0.323967
0.346780
-0.065069
-0.420991
0.304837
0.467057
0.206522
-0.100195
0.220937
0.239892
0.507775
0.459959
-0.193249
0.364076
-0.757520
-0.473338
0.306338
-0.410237
-0.346889
0.019965
0.338416
-0.532928
0.142967
-0.203561
-0.409309
-0.425788
-0.280783
-0.050651
-0.391882
0.478296
0.806560
0.009791
0.235092
-0.143326
-0.106050
0.038465
-0.048320
-0.459740
-0.530267
0.175157
-0.291688
0.269189
0.013316
-0.214684
0.074269
0.542546
0.182184
-0.074647
0.230725
-0.230757
0.375252
-0.384668
-0.250491
0.472749
-0.272367
-0.105501
-0.649356
-0.552890
0.237872
0.130997
0.161900
-0.299701
0.211213
0.521188
-0.224220
-0.152266
0.054064
0.284750
-0.350276
0.115832
-0.524753
0.332221
0.229652
0.254916
0.471663
-0.148826
0.505905
-0.498620
0.113171
0.177405
0.441831
0.151576
-0.432957
-0.229424
-0.158197
-0.426821
0.060468
0.252523
-0.066996
0.466169
0.012898
0.220763
-0.355156
0.092505
-0.140900
0.210108
0.092787
-1.079307
-0.108018
-0.732696
-0.370174
0.857063
0.135521
-0.847380
-0.016535
0.417282
0.696063
0.355081
-0.557400
0.035820
0.696887
-0.196361
0.216952
-0.057778
0.006378
0.093374
0.471428
-0.016672
-0.056196
-0.662395
-0.124520
0.230143
-0.484905
0.034118
-0.465602
-0.137262
-0.156759
0.106459
-0.675348
0.165024
0.364897
0.458543
-0.842113
0.117389
0.001443
-0.092220
0.347631
0.142836
0.579289
0.355724
0.109165
0.400616
-0.047294
-0.582907
0.985652
-0.227591
-0.046639
-0.723575
-0.117556
0.135384
-0.265416
-0.402945
-0.571422
-0.039432
-0.177445
0.023868
-0.307359
-0.180238
0.051593
-0.017690
0.182449
0.187462
0.155167
-0.180810
0.400676
-0.608203
-0.416518
0.016204
0.202058
-0.096114
0.792439
-0.325988
0.012964
0.159987
0.301835
-0.499173
-0.501534
0.400299
-0.347414
0.232429
-0.186615
0.618762
0.226859
-0.281193
0.446357
0.549566
-0.202318
-0.047372
0.134496
-0.375211
-0.019379
-0.230814
-0.092128
0.294612
0.231046
0.157545
-0.211630
-0.147220
0.159472
0.093322
0.141884
-0.232002
-0.221218
-0.120621
0.513720
0.106739
0.346415
-0.082086
-0.247106
-0.056858
-0.233019
-0.176758
0.229851
-0.026858
-0.524975
0.294011
0.267070
-0.096917
-0.090125
-0.630864
-0.202171
-0.140226
-0.225433
-0.477327
0.178743
0.510874
0.050538
0.175930
-0.248588
0.203748
0.119720
-0.384449
-0.308576
-0.059176
-0.129252
-0.106565
-0.006550
0.192508
0.167258
0.214771
0.388731
-0.040771
0.181457
-0.293491
-0.290802
-0.397630
-0.120768
0.236125
-0.098670
0.461962
0.483347
0.244238
0.172362
0.059193
-0.192681
-0.158510
0.118829
-0.278536
0.154853
0.027514
0.902649
-0.189070
0.278726
0.183174
-0.332760
0.100755
-0.162936
0.372679
0.237232
-0.181627
0.577776
0.150387
-0.907431
0.122279
0.230884
0.134726
0.542765
0.065929
0.233568
-0.564510
-0.369980
0.063783
-0.023822
-0.331667
-0.599323
0.216601
-0.108749
0.635582
-0.015957
-0.503469
0.521495
-0.297472
-0.421625
0.140499
-0.251572
-0.694498
-0.644420
0.482519
0.082485
-0.402727
-0.235347
0.504235
-0.061404
-0.114893
0.198328
0.149024
-0.137238
0.023936
0.244547
0.442722
-0.035873
-0.065454
-0.243369
-0.653582
-0.468497
-0.293186
0.719372
-0.419133
0.255742
-0.163279
-0.337943
-0.020861
-0.363136
0.151741
-0.416854
-0.039608
0.063045
0.169138
-0.089377
0.750739
0.069776
-0.223317
0.153274
0.035385
0.308017
-0.050732
-0.356703
0.007850
-0.466785
-0.245318
-0.160234
0.281537
-0.750134
0.297149
-0.369355
0.175412
0.324437
0.024227
0.653752
-0.050776
-0.159089
0.062732
-0.106288
-0.804352
-0.327242
-0.302680
-0.478701
-0.269253
0.733868
-0.649501
0.027025
0.070920
0.489877
-0.217804
0.003607
-0.337906
0.069636
-0.366858
-0.048265
0.810807
-0.403778
-0.172418
-0.909713
-0.628418
-0.193522
0.687481
-0.252518
-0.536496
-0.309015
-0.265807
0.208147
0.412712
-0.083669
-0.056089
0.429813
0.185220
-0.366550
-0.460161
0.167536
0.039279
1.042808
0.256299
0.467127
0.364664
0.119242
0.296525
-0.034833
-0.089119
0.047054
-0.199729
0.479248
-0.035615
0.156444
0.150160
-0.040178
0.015168
-0.366952
-0.191384
0.583549
-0.473026
-0.665109
-0.151687
0.073789
0.100134
-0.113758
-0.307435
-0.519999
0.095030
0.197607
-0.002347
-0.445691
-0.293433
0.631214
0.516856
-0.151940
0.077858
-0.395683
-0.437999
-0.512652
0.158851
0.177204
0.045566
0.179678
0.443281
0.397243
-0.167737
-0.354805
0.304910
-0.185803
0.358301
0.344397
-0.161247
-0.313775
0.976048
-1.014109
0.252344
0.005600
0.055081
-0.404931
-0.271528
-0.324148
0.198688
-0.449603
-0.128336
-0.145865
-0.398766
0.019370
-0.277162
-0.409688
-0.693156
0.181320
-0.396268
-0.232564
0.753513
0.081051
-0.384738
-0.320791
0.306631
-0.367492
-0.396363
0.379869
-0.488752
-0.715612
0.510235
-0.439028
0.005575
-0.122395
0.939376
-0.293597
0.429753
0.234479
-0.345369
-0.162759
-0.291321
-0.111795
0.356434
0.930072
0.229966
-0.058700
-0.129455
-0.137069
-0.667837
-0.320680
0.406081
0.372153
-0.155787
0.048069
-0.024107
-1.360126
0.125864
0.110437
0.302335
0.699340
-0.173797
0.560225
-0.409789
-0.318561
-0.007507
0.036490
-0.675665
-0.128750
0.292168
0.243549
-0.390701
0.251615
-0.160476
0.156248
0.414360
0.247322
0.174625
-0.020466
0.087360
0.349969
-0.558937
-0.077071
0.374966
0.118535
0.385349
0.088878
0.285272
-0.474011
0.558698
-0.129377
-0.165930
0.097819
0.156885
-0.265321
-0.108074
0.082232
-0.295159
0.064380
0.170553
0.819104
-0.175051
0.748168
-0.189354
0.076208
0.158422
0.197783
-0.141497
-0.320892
0.727246
0.328749
0.156917
-0.505698
-0.027781
-0.001777
-0.549993
-0.018100
0.794520
-0.112314
-0.880225
0.483120
0.026032
-0.434374
-0.186242
0.111536
0.063102
-0.290422
-0.072854
0.591915
-0.278244
0.008721
-0.292996
0.001723
-0.671034
0.061797
0.271817
-0.105309
0.016126
-0.267968
0.092598
-0.102572
0.561813
-0.208723
-0.089395
0.141261
0.111702
0.009503
-0.528857
-0.049109
-0.662249
-0.081517
0.316289
0.314025
0.529382
-0.021360
0.369797
0.343886
0.292191
-0.308739
-0.212573
0.244892
-0.032659
0.458009
0.615025
-0.142827
0.133874
-0.144859
-0.014300
0.085350
0.028180
-0.034544
0.350384
0.017049
0.384409
-0.264143
0.101147
0.454003
-0.086811
-0.318987
-0.053683
0.059117
0.346755
0.497273
0.907001
-0.142797
0.218354
-0.336099
-0.205609
0.450729
0.189194
-0.170340
0.006347
0.517246
0.220139
-0.379125
0.018420
0.148561
0.302534
-0.301755
0.630918
0.086801
0.000037
0.277889
0.139284
-0.029768
0.124019
0.084924
0.151839
0.144016
0.124570
0.164341
-0.154689
0.215820
-0.380278
0.166956
0.001262
-0.398985
-0.357401
-0.742964
0.123317
0.229343
-0.081347
-0.148807
0.487511
0.250210
-0.346409
-0.356812
-0.009587
0.578385
0.137243
-0.661668
-0.224543
0.326374
0.221691
0.591346
0.027945
0.512383
-0.074160
-0.118047
0.253791
0.716513
0.530320
0.520106
0.256043
0.499753
-0.130835
-0.164320
-0.231580
-0.925338
0.281309
0.099165
-0.599910
0.007278
-0.384980
-0.185498
0.073263
-0.207322
0.700513
0.141415
-0.380748
0.060876
0.115399
0.740854
0.233767
0.335601
0.244569
-0.082232
0.057584
0.851572
0.423878
-0.248862
-0.016851
-0.351456
0.297967
0.535727
-0.074262
0.033254
0.764983
0.115141
-0.906232
0.506392
-0.111241
0.407017
0.050966
0.073421
-0.050282
1.282215
-0.477819
-0.052280
0.119488
-0.420352
0.206078
0.456592
-0.203892
0.481208
0.514712
0.153027
0.059572
0.132232
0.417340
0.431016
-0.101223
0.115423
0.371685
-0.069018
0.373075
-0.537417
-0.752154
-0.060362
-0.443817
0.243773
0.294143
-0.334408
0.202792
0.200551
-0.054563
0.109367
0.494226
0.219231
-0.291974
-0.870035
0.348684
0.146212
-0.333060
-0.345225
0.401641
0.453134
-0.619940
-0.726832
0.342413
-0.587479
0.059155
0.509601
0.392855
-0.347336
0.266181
-0.020065
0.089382
0.068676
-0.048653
-0.443199
0.117825
0.081832
-0.193015
0.470902
-0.189063
0.483204
-0.344653
-0.091496
-0.345757
-0.415152
0.491154
0.021286
-0.397513
-0.041375
0.420854
0.316467
0.133127
0.406257
0.307614
0.627989
-0.154129
-0.513332
-0.502288
0.008669
-0.398530
0.971000
-0.904069
0.174511
-0.683207
-0.370479
0.446214
0.126902
-0.711534
-0.073613
-0.176244
-0.264726
-0.392325
-0.244017
-0.092501
0.269200
-0.257727
0.244089
0.305189
-0.400676
-0.106876
-0.212788
0.490774
0.329140
0.389263
0.275141
-0.224376
0.458504
0.070400
-0.562987
0.188206
0.745524
0.684044
0.711765
-0.419353
0.069683
0.053325
-0.140405
-0.610669
-0.229429
0.201713
0.032568
0.323126
0.400282
-0.360812
0.221905
-0.255202
0.474023
-1.015266
0.077697
0.120162
0.184817
0.172896
-0.344458
0.370267
-0.310616
-0.110186
0.091690
-0.310914
1.263613
-0.151720
-0.148849
0.077499
-0.763906
-0.259728
-0.252726
-0.190566
0.141984
-0.335929
0.152398
0.220833
-0.352898
0.200686
0.525991
0.006577
0.429649
-0.378452
0.253370
-0.170495
-0.040740
0.131743
-0.470198
0.016640
0.078930
0.169487
-0.156596
0.012604
-0.264672
0.143235
-0.170534
0.628796
0.217539
0.269090
-0.056817
0.010473
0.139280
-0.402932
-0.693198
0.194633
-0.416377
-0.210048
0.221667
-0.644259
-0.631100
-0.413065
-0.238132
0.628088
-0.322377
-0.030607
0.770092
-0.587134
-0.173487
-0.038106
-0.527180
0.132554
0.168317
0.041212
-0.526155
0.298096
-0.184068
0.333683
-0.666173
-0.874413
0.417981
0.463486
0.078972
-0.215805
-0.402004
-0.216950
-0.038989
-1.013501
0.005420
0.054201
0.093664
0.363920
0.565109
-0.105022
0.318314
0.229934
-0.053659
0.259510
-0.380459
0.350465
-0.361098
-0.063262
-0.510092
0.221283
-0.076398
0.308545
-0.107277
-0.387612
-0.425925
0.139226
0.064586
0.464122
-0.084980
-0.156618
-0.249742
-0.106845
-0.219869
-0.432074
-0.297221
-0.510938
-0.397219
0.122873
0.537128
0.503555
-0.013365
0.281283
0.142658
0.210139
-0.453594
0.145170
0.010475
0.493085
-0.011536
-0.374001
-0.377867
0.063079
-0.279950
-0.630545
-0.212565
0.567227
-0.056155
-0.206338
-0.159559
0.275236
-0.780177
-0.042524
-0.267779
-0.216009
0.142166
0.255771
-0.451532
0.001916
0.261203
0.698573
-0.041201
0.484783
0.034669
0.876730
-0.475966
0.024105
0.354920
-0.326634
-0.092684
0.032440
0.016109
0.413619
-0.490518
0.444296
0.193634
0.175185
-0.071791
0.085162
-0.293371
-0.486974
-0.428497
0.236395
-0.253559
0.246308
0.162188
0.321358
-0.169693
0.195733
0.224762
0.211066
-0.003555
0.304628
-0.156590
-0.201321
-0.054959
-0.187008
0.556136
0.014757
0.093918
0.731211
-0.254621
-0.214243
0.332234
-0.413912
-0.055872
-0.373841
-0.045515
-0.714048
0.419515
0.037160
-0.316307
0.148971
0.064135
0.209303
0.075138
-0.305537
0.007557
-0.310139
0.105139
-0.143683
0.214332
-0.129912
-0.347983
0.263771
0.122879
-0.194520
0.330692
0.902872
0.162643
-0.731801
0.425888
-0.087494
-0.185234
-0.065190
-0.713456
0.071842
0.040624
-0.143347
0.021431
0.817996
0.552103
0.313437
-0.421361
-0.021279
0.139624
-0.453043
-0.293089
-1.036594
-0.038390
-0.046688
-0.147557
-0.124737
-0.669827
-0.449482
0.324224
-0.227219
0.593945
0.221749
0.340807
0.078028
-0.326063
-0.034697
-0.370264
0.269851
-0.552535
0.534712
0.136010
-0.471137
0.356729
-0.385129
-0.257622
-0.193572
0.577857
-0.167308
-0.041681
0.105695
-0.092548
0.235079
-0.197328
0.340886
-0.184626
0.188830
0.122082
0.394702
0.348045
0.130526
-0.087928
0.437568
-0.922767
-0.152918
-0.007742
-0.133873
-0.356429
-0.012344
0.164947
0.408484
0.088959
0.206256
-0.414157
0.104597
0.099846
-0.221719
-0.215869
0.302695
0.843564
-0.299648
0.405628
-0.623152
-0.064953
-0.209071
0.183891
-0.022845
-0.127792
-0.396335
0.155906
0.058096
-0.346516
-0.322832
0.274402
-1.032402
0.088392
-0.511778
-0.181158
0.262865
0.164638
0.348992
0.837234
-0.455321
0.116873
0.211074
-0.295514
-0.156961
-0.250514
0.038504
-0.086955
-0.215291
0.138957
0.017190
0.112234
-0.264534
-0.614450
0.147506
0.066047
0.072501
-0.072805
-0.120626
0.467806
0.261489
-0.237423
-0.020125
0.298569
-0.059279
0.120461
0.126308
-0.081970
0.610201
0.406949
-0.159119
-0.121026
0.294486
-0.709928
0.563136
-0.225604
0.203305
-0.024632
-0.139632
0.449137
-0.877283
0.604581
-0.109927
-0.471079
-0.003246
0.193972
-0.016708
-0.090375
-0.936677
-0.030955
-0.171352
-0.065458
-0.133635
-0.032379
0.260720
0.232788
0.795742
0.294066
-0.142305
-0.321079
-0.023345
0.098606
-0.157823
0.268161
-0.563721
0.539308
0.076529
-0.087304
0.125037
0.219359
0.087184
-0.004603
0.257895
-0.444023
0.668699
0.280973
0.231883
0.552166
0.070087
-1.105501
0.168032
0.645196
0.095607
0.386176
-0.587217
-0.146147
0.785373
0.179159
0.318144
-0.020964
0.423984
-0.396609
-0.454054
-0.040539
-0.175975
-0.022154
0.186564
0.048768
-0.721676
0.785842
-0.227450
0.327998
-0.079525
0.523995
0.081465
0.176881
0.018960
-0.539464
0.181125
0.108876
0.298949
-0.584090
0.361334
0.190843
0.079735
0.121304
-0.201075
0.212522
-0.411037
-0.522047
-0.596552
0.540583
-0.019290
-1.086197
0.063604
-0.529866
0.134334
-0.126176
0.282450
-0.528528
0.351993
0.131265
0.356619
-0.322300
0.617217
-0.045161
-0.127524
0.192766
-0.121803
0.083098
0.185206
0.276713
0.257244
0.095435
0.472139
-0.007080
-0.381757
-0.166188
0.130776
0.474919
-0.212530
-0.071316
-0.090291
-0.292112
0.329126
0.008077
-0.613691
-0.182276
-0.360995
0.528737
0.063366
0.494201
-0.592150
-0.040516
-0.113480
0.318563
-0.531204
0.126355
-0.414177
0.242538
-0.323322
0.514326
0.039228
0.392785
-0.151716
-0.265978
-0.081055
-0.200840
-0.808186
-0.033678
-0.093959
-0.177218
0.144567
0.302713
0.110937
-0.352602
0.164841
-0.114269
-0.410739
-0.084045
-0.438146
-0.088452
-0.577852
0.292577
-0.024747
-0.116919
0.178627
-0.059537
0.094418
-0.078676
-0.001990
-0.333955
0.127909
0.111351
-0.082624
0.190483
0.487089
0.390199
0.357304
0.468852
-0.021348
0.320824
0.276877
0.387336
0.017485
-0.199845
0.804333
0.326124
0.119931
-0.265534
-0.563039
-0.155961
-0.215209
-0.460046
-0.222188
-0.347763
-0.572950
0.328718
0.701597
0.597044
-0.207714
0.105614
-0.078159
0.027689
0.488023
-0.203717
-0.351497
-0.183773
0.103143
-0.180735
0.078945
-0.222824
-0.072526
0.073413
-0.725325
0.211837
-0.475807
0.180825
0.281533
0.501014
0.334009
0.198805
-0.357738
-0.412256
0.103068
-0.462729
0.071221
0.305862
0.106530
-0.020288
0.444346
-0.049864
0.421983
-0.104432
0.066441
-0.082932
0.005160
-0.485035
0.723310
0.237492
0.490649
-0.023623
0.174739
-0.153167
0.074685
0.116290
-0.362405
-0.556726
-0.468421
-0.091332
0.101157
-0.127222
-0.494352
-0.478465
-0.051307
-0.014298
-0.055227
-0.772783
0.265661
-0.305359
0.070292
0.235272
-0.164032
0.186766
0.587760
-0.372304
-0.830565
-0.052032
-0.118053
0.441338
-0.152229
0.324630
-0.036881
-0.091113
0.414506
-0.319688
-0.001838
-0.857304
0.116333
0.311426
0.025538
-0.065095
-0.228493
-0.380398
-0.150827
0.615112
0.373313
0.204194
0.551340
0.170260
-0.730269
-0.418254
0.272352
-0.086987
0.206408
0.332333
0.045340
0.129530
0.059548
-0.309972
0.085182
-0.234386
-0.327327
0.067210
-0.609230
-0.664652
-0.428697
-0.291565
-0.005328
0.529077
0.238151
-0.187591
0.385956
0.184582
0.424162
-0.259243
0.102568
0.035147
0.083754
-0.229694
0.074650
-0.034396
-0.073879
0.219436
0.494744
-0.143136
0.113621
-0.409526
0.054377
-0.537319
0.247028
-0.121545
-0.153183
-0.654998
0.250471
0.471949
-0.541147
0.925172
0.704289
-0.594416
0.179114
0.317433
0.260940
0.424535
0.133024
-0.027930
-0.794621
-0.426013
-0.154970
-0.032204
-0.440314
0.358869
-0.054789
-0.395336
-0.432142
0.873231
0.413249
0.069542
-0.015954
0.132225
0.404749
0.015729
0.498625
-0.257308
-0.328456
-0.655890
0.236143
0.330631
-0.426604
0.475633
0.247637
-0.089087
-0.560640
-0.137523
0.187274
-0.057238
-0.050093
0.318405
0.701410
-0.006486
0.082779
0.660980
0.545454
0.112695
-0.264876
0.791394
0.255266
-0.355787
-0.105530
-0.270910
-0.109021
-0.112003
-0.057516
0.861030
0.015501
-0.306890
0.030806
-0.347526
-0.194641
-0.157919
0.028996
0.951053
-0.389567
-0.273802
-0.492034
-0.136832
0.219528
0.216643
0.385306
0.209899
-0.205070
-0.216541
-0.058037
-0.113570
0.560836
-0.869149
0.271522
-0.392019
-0.060801
-0.421031
-0.246047
-0.104788
0.445521
0.096335
0.011966
0.349097
0.155382
-0.004749
-0.778929
0.024221
-0.048534
-0.149925
-0.539490
0.408791
-0.205937
-0.959687
-0.082174
-0.738708
0.118042
0.415119
-0.043844
0.141623
-0.315562
-0.132195
0.380609
-0.144868
-0.557946
-0.036561
-0.098059
0.556802
0.719280
-0.217002
0.999471
-0.072594
-0.400205
0.347515
-0.185476
-0.339462
0.355362
-0.594768
0.033667
-0.339356
0.173707
-0.062040
-0.379040
-0.059234
0.011047
0.423390
0.370062
-0.669903
0.921120
-0.361909
-0.503319
-0.296021
-0.164846
-0.180390
0.432817
0.052292
-0.364871
0.113486
0.342902
-0.417440
0.060400
0.391648
0.581602
0.982366
0.251437
-0.795934
0.294206
-0.476235
-0.092795
-0.293553
0.015891
-0.118133
-0.452596
-0.654709
-0.186246
0.159159
-0.083585
0.226575
0.086594
0.159520
-0.036830
-0.144586
0.045661
-0.105959
1.041851
0.029374
0.018144
0.276992
0.155597
-0.128579
0.382713
-0.100119
-0.209572
0.315810
-0.167028
0.145255
0.385722
0.146465
0.366711
0.037701
0.258211
-0.078408
-0.011902
-0.139235
0.137245
-0.410327
0.155239
-0.458711
0.199597
0.152725
0.032318
-0.244627
-0.327216
0.076387
0.589461
0.370656
0.595452
-0.816059
0.146478
-0.149027
-0.133088
-0.184257
-0.130160
0.159449
0.149262
-0.299232
0.549350
0.214742
-0.139060
-0.030418
-0.331517
-0.846033
-0.252414
-0.169235
-0.103116
-0.794257
0.061087
-0.361327
0.152428
0.260856
-0.601655
0.047640
0.517981
-0.645625
0.031419
-0.413528
-0.284123
0.028584
-0.336965
-0.077136
0.287621
0.132199
0.162366
0.344970
0.236882
0.270426
0.750551
-0.135895
-0.163274
0.033218
-0.081388
-0.150859
0.598011
-0.356981
-0.036588
-0.232021
-0.568376
0.338775
-0.135731
-0.005939
0.497845
-0.138488
-0.313358
-0.761390
-0.008227
-0.169906
0.519060
-0.060356
-0.199410
-0.250577
0.000619
-0.889639
0.042220
0.208544
0.506299
0.457421
-0.003635
-0.238281
-0.366670
0.057314
0.448491
0.146117
-0.221824
-0.019151
0.752830
0.237241
-0.200567
0.181003
-0.441677
-1.019349
-0.219683
-0.538939
0.346737
0.187894
0.288716
-0.514894
-0.177401
0.195974
0.165766
-0.390517
0.125257
0.236854
0.691804
0.332858
0.009053
0.002226
0.114778
-0.044521
0.270126
-0.229409
-0.108195
-0.384046
-0.584102
0.096014
-0.115738
-0.090081
0.099741
0.372485
-0.138374
0.027475
-0.307952
-0.514595
0.081910
0.567829
-0.532082
-0.119640
0.018268
-0.158884
-0.219515
-0.086968
-0.218010
-0.212733
-0.272062
0.286343
0.213072
-0.196285
-0.106149
-0.493235
0.765806
-0.926978
0.057341
0.252849
0.433918
0.309182
-0.605745
0.220594
0.285381
-0.217983
0.387885
0.656225
0.363772
0.113544
-0.312217
-0.320478
-0.124989
-0.490649
0.045429
-0.028066
0.350798
0.148355
0.311851
-0.305992
0.334978
-0.353985
-0.033764
-0.253142
0.475860
0.378447
0.358766
0.189164
0.237485
0.395480
-0.030617
0.178846
-0.263063
0.139427
-0.712847
-0.109697
0.165884
-0.087121
-0.054734
-0.261443
0.476912
-0.083303
-0.036015
0.174825
0.285152
-0.577940
-0.452121
0.101160
0.004530
0.315433
0.488198
0.057302
-0.071864
0.010683
-0.109339
-0.201133
-0.017445
-0.169725
0.607346
0.010402
0.187253
0.133602
-0.031488
-0.408147
-0.685999
-0.310195
0.481032
0.355783
0.617722
-0.717818
-0.509510
0.491575
-0.294631
-0.264142
-0.287921
0.278164
0.250735
-0.088721
0.249576
-0.020151
-0.582965
-0.054997
0.249348
-0.450299
0.338823
0.247854
0.098805
-0.009663
0.864693
-0.249761
0.576332
-0.226537
-0.390998
-0.637830
0.213719
0.040686
0.001787
-0.213382
0.988043
-0.422530
0.192244
0.769259
0.755888
0.473482
0.052067
-0.587176
-0.132146
0.430704
-0.757819
0.564468
0.592353
-0.183762
-0.256036
0.328943
-0.220279
0.045169
0.211100
-0.287463
-0.020198
-0.024768
0.771815
-0.181136
0.300817
-0.418332
-0.471985
-0.342353
0.274813
-0.178269
0.017509
0.155368
-0.122990
-0.558992
-0.310300
-0.611227
0.359988
0.273473
-0.147281
0.073830
-0.110814
-0.220310
0.095948
-0.032438
-0.252901
-0.107728
0.523156
-0.108723
-0.080442
0.022614
-0.510040
-0.402722
-0.269642
0.138681
0.120393
-0.183787
0.042149
-0.144792
-0.360481
-0.747606
0.242503
-0.609574
-0.455955
0.360802
0.079283
0.147597
0.454127
0.326459
0.502506
0.075718
0.012273
-0.245165
0.128681
-0.352220
0.055078
0.097830
0.324715
0.342481
0.311346
0.013315
-0.419894
-0.028169
-0.058495
-0.250106
-0.291614
0.117370
0.511811
-0.220700
-0.276414
0.010476
-0.368633
0.095496
-0.375696
0.135996
-0.198372
-0.314587
-0.255771
-0.376774
0.045166
-0.220917
0.737862
0.639153
-0.090211
-0.296011
0.465363
-0.009158
0.044837
0.520266
-0.255575
0.492406
0.103657
-0.439494
-0.349986
-0.058139
0.441376
-0.421442
0.165055
-0.200078
0.186266
-0.148018
-0.269372
0.000568
0.412261
-0.029735
-0.017609
0.382615
0.535299
0.854959
0.537182
0.091206
0.450963
-0.309694
-0.128186
-0.162068
0.515778
-0.328632
-0.606496
-0.755352
-0.985661
-0.360889
0.029133
0.017404
0.000367
-0.644769
-0.403991
0.404766
-0.016856
-0.222576
0.032245
0.357098
0.036672
0.148397
-1.070670
-0.487328
0.214720
-0.012545
-0.026957
-0.104850
-0.139018
-0.023744
0.330902
-0.029223
0.057243
-0.049946
0.243694
-0.299229
0.114672
0.148027
-0.358840
0.393472
0.071912
-0.100494
0.287998
0.395886
0.350496
0.290709
-0.009544
0.534601
-0.000651
0.067160
0.007027
0.410944
0.385727
0.468562
-0.122157
0.189272
-0.075786
-0.101537
-0.313479
0.291064
-0.276488
0.433355
-0.194111
0.282097
0.717158
0.211754
-0.516359
0.058315
-0.426092
0.326632
0.193726
-0.175615
-0.318068
0.065600
-0.011304
0.052678
-0.017360
0.149952
-0.323992
0.456437
-0.036488
0.510795
