-0.139637
-0.107527
0.026496
-0.055846
0.002407
0.302372
0.207562
0.726380
-0.398175
-0.283771
-0.340994
0.191966
0.175090
-0.135941
0.079049
0.355935
0.098959
0.031747
0.430030
-0.301832
-0.673365
0.166529
-0.092898
-0.494012
0.283328
0.175706
0.706045
-0.137215
0.196470
-0.129501
0.002414
0.870136
0.557703
0.325126
0.763766
0.038130
-0.018034
0.287715
0.455805
-0.541278
0.379119
-0.078891
-0.174059
-0.113442
0.741937
0.240907
-0.231577
-0.470167
0.059499
0.321703
0.254767
-0.281594
-0.265095
-0.340811
0.133721
0.069774
-0.820708
-0.114978
-0.094276
-0.382044
0.132879
0.076213
-0.227473
0.066003
-0.548334
0.695876
-0.601018
0.328718
-0.334001
0.188149
-0.003935
-0.479962
-0.126849
0.039922
-0.420901
-0.114985
0.097098
0.131942
0.282165
-0.163125
-0.202578
0.304090
-0.291581
0.208356
-0.491070
-0.510415
-0.057339
0.350566
-0.045343
0.208748
0.526587
-0.083867
-0.034620
0.080838
0.244456
-0.161283
0.340961
-0.402858
-0.328761
-0.437684
0.242411
0.019851
-0.016802
0.418706
0.418691
0.202821
-0.065216
-0.368319
0.195524
-0.050273
-0.041550
-0.218858
-0.297163
0.208414
0.233088
-0.421044
0.227936
0.171273
-0.610868
0.096707
-0.742819
0.359963
-0.035265
-0.029494
-0.563745
0.564385
-0.544717
0.262201
0.316764
0.192117
-0.135937
0.172752
-0.751381
0.054143
-0.689739
0.009284
0.004422
0.213264
-0.089631
0.218024
0.133268
0.117383
0.248907
-0.518400
0.174468
0.190946
-0.130566
-0.343525
0.326532
-0.285516
0.257111
0.659035
-0.964140
0.039171
-0.199484
0.172575
0.108114
-0.272663
0.510598
-0.115542
-0.293691
-0.225845
0.117313
0.043001
-0.160635
0.245904
0.424864
-0.236642
0.510219
0.184616
-0.128555
-0.084930
-0.176580
-0.430995
0.522767
-0.161830
0.475437
-0.223434
0.588007
0.316913
0.234296
0.262738
0.225861
-0.655036
0.003003
0.035040
0.195319
-0.566594
-0.323188
0.096126
-0.313364
0.553897
-0.047770
-0.576954
-0.078508
-0.487700
-0.368386
-0.019661
-0.172039
0.247846
-0.712850
-0.135013
-0.182454
0.072584
0.046482
-0.080702
-0.472773
-0.058826
0.208692
0.095599
-0.084417
0.268941
0.199406
-0.137057
-0.617230
0.350515
-0.204011
0.245475
0.474926
-0.268745
-0.509360
0.424275
0.038345
0.657731
-0.093527
-0.331584
-0.394153
0.013873
0.065145
-0.247171
0.818777
0.371633
0.314678
0.773119
-0.048254
-0.312975
-0.041692
-0.710212
-0.216153
-0.294648
0.181401
0.092623
-0.268410
0.314519
-0.060788
-0.174645
-0.001905
-0.106284
-0.004326
-0.204066
0.159061
0.480897
0.172979
0.065483
0.368531
-0.078802
0.325562
0.021189
-0.470139
-0.247163
-0.310286
-0.212890
-0.008228
0.095629
0.010931
-0.530357
0.304263
0.272292
-0.397273
-0.077630
-0.457616
-0.207052
-0.570177
0.357176
-0.427889
1.003774
-0.410184
-0.087865
0.127789
0.366429
0.386601
0.342539
-0.138095
-0.473104
-0.098774
0.575958
-0.554463
-0.144111
-0.082623
0.107997
-0.766886
-0.125147
0.409974
0.099568
0.457458
-0.342250
-0.429498
0.117480
0.032495
-0.445268
-0.303999
-0.451845
0.179067
-0.790012
0.185359
-0.391551
-0.511755
0.206435
-0.370680
-0.043453
-0.056871
-0.169661
0.017438
0.082915
-0.189331
-0.195336
0.007621
-0.137513
-0.182136
-0.500178
0.331502
-0.718384
0.924630
-0.111186
-0.588132
0.493981
-0.513640
-0.188264
0.026252
0.252469
0.002850
0.504836
-0.208120
0.451825
-0.249965
0.051554
-0.432201
-0.384976
0.379209
-0.046826
0.410276
-0.067337
0.803058
-0.054660
0.021456
0.283296
-0.560065
0.163284
0.278045
0.070318
0.217599
0.134449
0.074436
0.148670
0.594841
0.350952
0.419372
0.164376
0.135981
-0.120738
-0.280066
0.215563
-0.093708
1.050130
-0.213629
-0.242911
0.221690
-0.221338
0.110952
-0.013689
0.530221
0.405789
-0.271199
0.217960
-0.161379
0.029650
0.220239
0.172956
0.592158
-0.224979
-0.314411
0.124231
-0.018311
-0.400800
-0.564553
0.094835
-0.336522
-0.046656
-0.360371
0.108652
-0.503896
0.361459
-0.036004
0.503705
-0.218330
0.313552
-0.233216
0.230680
-0.030772
-0.182309
-0.523087
0.306898
0.403109
-0.139322
-0.279638
-0.051315
0.414851
-0.366768
-0.034198
0.019782
-0.496294
-0.297665
0.329418
0.108508
0.728474
0.432205
0.676233
0.182631
-0.062567
0.079118
-0.105053
-0.107566
-0.729470
0.455212
-0.061284
-0.271446
0.003923
-0.626266
0.088183
0.163159
0.302943
-0.311522
0.004126
-0.233883
0.376505
0.091203
0.453882
0.138814
0.438589
-0.696455
0.355507
0.051481
-0.119364
0.079881
0.522794
0.163027
0.482597
-0.585785
0.476859
0.020805
-0.511046
-0.101456
-0.004633
0.244966
-0.312695
-0.278486
-0.340017
-0.116053
0.011702
-0.209946
-0.356660
0.244447
-0.228670
-0.376370
-0.215938
-0.244502
-0.165526
0.586369
-0.138022
0.080588
-0.213042
0.441360
-0.490754
0.649827
0.312110
0.343635
0.035757
0.411707
0.311330
-0.526003
-0.410931
0.249332
0.240649
-0.238037
0.054901
-0.701997
-0.369739
0.288165
-0.369176
0.181196
-0.007336
-0.114519
0.447050
0.141330
-0.591312
0.145111
0.499666
-0.339607
-0.092308
-0.430139
0.000078
-0.429537
0.079008
-0.351075
-0.061448
-0.265461
0.095729
0.534142
-0.293431
-0.175084
0.084313
0.316539
-0.246550
0.155846
0.108302
0.268713
-0.076164
0.233851
-0.001045
-0.305096
0.193114
-0.536402
0.020505
-0.519674
-0.191971
-0.012465
0.351436
-0.354581
-0.249270
-0.080300
0.315487
0.095454
-0.026641
0.297981
-0.074597
0.433976
-0.323369
0.315427
-0.323606
-0.221991
0.106585
-0.072766
0.328498
-0.541620
-0.276644
-0.408023
-0.365702
-0.318295
-0.413466
-0.337619
0.285012
0.147348
0.131685
0.155316
-0.380468
-0.187795
-0.011524
0.178976
-0.111853
0.003004
0.156384
-0.062720
-0.362826
-0.057608
-0.056980
0.115061
0.879617
-0.396559
-0.222033
-0.067689
-0.091168
0.113777
0.038533
0.032511
-0.388607
0.151560
-0.111717
0.231303
-0.897094
0.406953
0.339689
0.083487
-0.146018
0.125336
-0.526981
0.103270
-0.203746
0.282591
-0.289656
0.793209
0.158549
-0.490483
0.187602
-0.387506
-0.558712
0.479748
-0.893519
0.165293
0.056796
-0.490384
0.140501
-0.071153
0.154043
0.876059
-0.227440
0.607874
0.148155
-0.209602
-0.333217
0.164710
0.265352
-0.750287
0.050961
-0.624085
0.364010
0.038510
-0.524136
-0.313241
0.592918
0.136657
-0.019046
-0.394539
0.578021
0.213337
-0.426946
-0.135202
-0.358521
0.785582
-0.454007
-0.018747
0.191629
0.215819
-0.033858
0.539423
-0.177337
0.145274
0.079950
0.237174
0.509177
0.209187
0.201654
0.169205
-0.110426
-0.172413
-0.473020
0.376523
-0.496398
-0.350272
-0.545820
-0.229821
-0.530442
0.018637
0.533845
-0.094434
-0.343439
-0.170102
0.077332
0.206709
0.225170
0.153174
0.067417
-0.439628
-0.369561
0.195668
-0.619072
-0.021060
-0.817891
0.787856
0.226999
-0.068546
-0.423897
0.532436
-0.469598
0.042843
-0.174757
0.033198
-0.355079
0.752944
-0.203952
0.361857
-0.172700
0.156336
-0.157636
-0.061786
0.248485
0.079010
0.076263
-0.050771
0.722424
-0.109604
-0.353849
0.244912
-0.356052
0.203325
-0.091992
-0.313664
-0.146997
-0.338233
0.048780
0.113737
0.195610
0.538549
0.191517
0.073075
0.186733
-0.767312
-0.119332
-0.182518
-0.150647
0.278606
-0.463461
0.073650
-0.190205
0.021185
0.057055
0.196134
0.649577
0.105777
-0.292432
0.064809
0.053426
-0.040894
-0.676312
-0.197949
-0.534439
0.091081
-0.074947
-0.190644
-0.580626
0.022079
-0.072245
0.750402
0.493579
0.107307
-0.494297
-0.365872
0.583299
-0.097080
-0.398001
0.577562
0.339674
0.054199
0.429509
-0.380778
-0.564374
-0.155229
-0.302935
0.026173
0.535864
-0.494445
0.058350
-0.312332
-0.252752
-0.241395
0.121580
0.306722
0.372432
-0.067553
-0.301226
-0.230534
0.524524
0.184408
0.468048
-0.127058
0.282450
-0.083883
0.534580
0.035746
0.017936
0.187753
0.135025
-0.022709
0.611788
-0.026763
-0.268284
0.324643
0.158787
-0.482177
0.067485
-0.021544
-0.059167
-0.252632
0.366465
0.060580
-0.305343
0.299955
-0.993325
-0.039168
-0.618979
-0.356740
-0.338259
-0.323797
0.233457
0.461573
0.727675
0.497571
-0.470362
-0.287590
-0.304056
0.306422
-0.731034
-0.196604
0.438190
-0.193293
-0.227731
-0.559456
-0.138534
-0.480728
0.523697
0.987517
-0.217306
-0.148881
-0.691526
0.349063
-0.292266
0.198405
-0.199487
0.176201
0.176213
0.027930
-0.001702
0.139518
0.078947
-0.453263
0.512198
-0.528504
0.143139
-0.295626
-0.083100
0.312241
-0.211521
-0.337612
0.806516
0.060760
0.239441
0.537750
-0.135519
0.101966
0.150522
-0.389199
0.080188
0.091578
-0.612823
0.316182
0.010818
0.008128
-0.092395
0.818600
-0.207698
0.430042
0.028506
0.507919
-0.212970
-0.215107
-0.191454
-0.041106
-0.318727
-0.070467
0.064995
0.377116
0.451496
-0.262506
0.391449
-0.208740
0.251732
-0.766911
0.804112
0.197784
-0.025503
0.019219
0.503941
-0.264257
-0.416552
0.032991
-0.709061
-0.045468
0.531721
0.171634
0.179140
0.744668
-0.323363
-0.500960
0.207394
-0.518095
-0.065952
0.038657
0.300965
0.170199
0.489846
-0.292686
0.103976
-0.377205
0.603502
0.691636
0.597757
-0.087121
0.128741
0.116963
0.006855
0.058633
0.394945
-0.417314
0.297531
0.830982
-0.297066
0.475082
0.204558
0.284137
0.226558
0.131943
-0.247793
-0.036279
0.237453
-0.118567
-0.197851
-0.173072
-0.472144
0.123236
-0.243242
0.134647
0.186051
-0.062523
-0.152034
0.123059
-0.236188
0.026656
-0.005562
0.222110
0.091207
0.387097
-0.122087
0.439268
-0.046088
0.302365
-0.229353
-0.056138
-0.244784
0.265743
0.421526
0.664941
0.473958
-0.282853
0.317367
-0.173230
-0.531380
-0.416372
0.306452
-0.281149
0.004685
-0.208341
-0.151044
-0.233120
-0.072364
-0.502525
-0.640572
-0.390615
-0.273335
-0.115309
0.049024
0.034887
0.349574
0.389077
0.393472
-0.591243
-0.368162
0.061549
0.402252
0.412096
0.178149
-0.349038
0.072335
-0.605074
-0.032467
-0.384731
-0.281497
0.568467
-0.513069
0.091717
0.461643
0.136609
-0.123863
-0.240849
0.346448
0.133746
-0.043972
-0.079158
0.883485
-0.419358
0.201606
0.238433
0.304767
-0.022380
0.328555
-0.409589
0.111460
-0.303402
-0.399273
0.537093
0.945054
0.304601
0.118745
0.605894
0.371865
0.159975
-0.135121
-0.294365
-0.133763
-0.332912
-0.333084
-0.492965
-0.025935
0.100911
-0.164769
-0.010502
-0.083602
-0.345080
0.047554
0.272945
-0.055495
0.342173
-0.118127
-0.195046
-0.290274
0.038158
0.331504
-0.109007
-0.247676
0.214593
-0.044640
0.085087
0.061377
0.324147
0.521128
-0.368257
-0.746476
0.170569
-0.300951
-0.297269
-0.037452
0.024965
-0.046717
0.093675
0.459435
-0.996312
0.640334
0.010410
-0.123649
-0.521187
-0.047978
0.492869
-0.182568
0.283569
-0.216403
-0.330416
-0.248744
0.067373
0.053061
0.091867
-0.286265
0.976513
0.132948
0.277678
0.547254
0.029453
0.263694
-0.039980
-0.150049
0.170098
-0.090173
0.112829
0.570030
-0.007310
-0.130205
-0.049858
-0.087136
0.319709
0.402993
0.418548
-0.155912
0.078586
0.056172
0.218288
0.258495
-0.072541
-0.121870
-0.171552
-0.165668
0.025766
-0.306507
0.373275
-0.064794
-0.203892
-0.307819
0.098521
-0.190545
-0.152853
0.209085
-0.427873
-0.459049
0.641828
-0.153299
-0.144527
-0.208086
0.241222
0.019841
-0.432031
0.121362
-0.572701
-0.304093
0.032282
-0.104641
0.078019
0.127330
-0.455680
-0.087941
-0.392377
0.655134
-0.173184
-0.288787
-0.238250
0.021570
-0.496154
-0.005159
0.253404
0.018707
0.189900
0.023989
-0.190913
0.119751
-0.150702
0.170677
-0.109817
-0.056513
0.047668
0.123871
0.243287
-0.387653
-0.720545
0.228176
0.424212
0.403390
-0.144495
0.028731
0.204327
0.611155
0.653003
-0.563337
-0.670121
0.014290
-0.584269
-0.169338
0.206295
0.283911
0.694661
0.250801
-0.391639
-0.292190
-0.911210
-0.586667
0.453003
-0.410021
-0.317660
0.858009
-0.265607
0.232844
0.250871
0.255669
-0.422891
0.752324
-0.636446
-0.074178
0.118687
0.279887
-0.032971
0.308692
-0.337085
0.404969
0.506032
0.140254
-0.139760
0.352993
0.330519
0.259998
0.914512
0.189876
0.588679
0.679776
-0.030285
-0.540953
-0.223462
-0.105774
-0.051956
-0.139221
-0.269205
-0.768117
-0.235654
0.457740
-0.014563
-0.548294
-0.491672
-0.134194
0.174758
0.118645
-0.503742
0.310310
-0.789095
-1.008154
0.211716
0.250949
0.345190
-0.077678
0.708669
-0.044532
0.590919
-0.050153
0.484411
-0.292158
-0.007850
-0.307681
-0.621171
0.413264
-0.031791
0.182967
-0.283262
-0.506233
0.806262
0.183151
0.157927
-0.066815
0.454311
-0.699623
0.206655
0.052603
0.190647
0.338237
-0.058256
0.279315
-0.151399
0.029015
-0.616466
-0.482179
0.170729
-0.289362
0.812696
0.425667
-0.060982
0.125385
0.507398
0.580151
0.209118
-0.237247
0.029790
-0.218381
-0.156939
-0.309141
0.026243
-0.028470
-0.232206
0.264037
0.024459
0.031216
-0.184279
-0.136831
-0.866988
0.061427
0.615115
0.041350
0.191670
-0.081724
-0.871179
-0.225295
0.194982
0.281520
-0.513556
0.189189
0.214809
0.088237
0.242386
-0.105335
0.438611
-0.239865
-0.122031
0.062731
0.304427
-0.201028
0.006958
-0.463430
0.128868
-0.323842
-0.885522
-0.055373
0.483872
0.777168
0.447930
-0.273400
0.841661
0.154853
0.613906
-0.433945
-0.391339
-0.250882
-0.619974
0.114378
-0.395336
0.096174
0.079454
-0.192155
-0.606643
0.182662
0.431896
-0.136531
0.192724
0.081364
-0.177793
-0.403992
0.450954
0.425144
-0.332823
0.427652
-0.806934
0.326991
0.009799
-0.139048
-0.467853
0.389724
-0.363461
-0.044035
0.391411
0.400287
0.290068
0.119888
-0.065844
-0.326567
-0.361046
0.264560
0.199359
-0.211975
-0.565496
0.071160
0.436972
0.096036
0.426188
0.356886
0.315453
0.360888
-0.037445
0.179826
0.239101
0.213342
0.146669
0.436833
0.871460
-0.172201
0.501458
-0.698753
0.031282
-0.229330
-0.288828
0.161648
0.160313
0.381279
-0.039651
-0.025289
0.246799
-0.264926
0.118095
-0.260768
-0.515403
-0.004868
-0.094623
-0.407882
-0.133474
0.051955
-0.989405
-0.661349
-0.152357
-0.725930
-1.354146
-0.685192
-0.759123
-1.388608
-0.262256
-1.182292
-0.605483
-0.185981
-0.105852
-0.192291
-0.141514
-0.220039
0.064059
-0.258221
-0.104542
-0.191733
0.024338
0.456217
0.377420
0.927408
-0.083170
0.714362
1.002121
0.725485
-0.056141
0.689598
0.842532
0.491445
0.231330
0.815709
0.396393
0.463515
0.845609
0.242392
0.225435
0.156673
0.054310
0.183953
0.187065
0.763237
-0.318426
-0.223480
-0.587045
-0.701503
-0.367222
-1.116811
-0.359272
0.095391
-0.161543
-0.668053
-0.457696
-1.000825
0.105601
0.151548
-0.318476
-0.576877
-0.542583
-0.644402
-0.752413
-0.093325
0.307909
-0.225575
0.240286
0.507020
0.295717
-0.132919
-0.402834
0.065242
0.296504
0.179647
0.390570
0.370583
-0.134216
-0.138928
0.362234
-0.263207
0.413064
0.111834
-0.216845
0.252487
-0.177615
-0.149718
0.363373
0.640523
-0.381402
-0.000570
-0.167057
-0.215259
0.410927
-0.148739
-0.483058
-0.496142
-0.365811
-0.199538
-0.032221
-0.299147
-0.434995
0.014802
0.274896
0.335305
0.632643
-0.152298
-0.118561
0.376855
0.154226
0.003672
0.734574
-0.461840
0.178322
0.380520
0.549274
0.032389
0.388371
-0.284909
0.027476
0.750676
-0.356811
0.402606
-0.169082
0.204403
0.026843
0.888311
-0.494181
0.140377
0.012879
-1.112385
-0.688422
0.476692
-0.667506
-0.020781
0.017471
-0.111466
0.232925
-0.577295
-0.060744
0.270283
-0.564856
-0.094794
0.195165
-0.155207
-0.425488
0.253012
0.169920
0.607628
0.525241
0.308285
0.635543
-0.110249
-0.172781
-0.163903
0.290548
-0.181714
-0.001267
-0.149610
0.138470
-0.499862
-0.429280
-0.623524
-0.514222
0.192249
-0.190444
-0.457843
0.300665
0.190925
0.598436
-0.682711
-0.048461
0.123901
0.065262
0.667016
-0.157101
0.181486
0.693635
0.561147
-0.075074
0.906672
-0.218865
-0.284363
0.297620
0.149033
0.190045
-0.476235
0.706923
-0.519658
-0.301298
0.264788
-0.413003
-0.569935
0.271463
0.543100
0.277010
0.164522
0.041958
0.010722
-0.397833
0.427334
0.119322
-0.081428
-0.327816
-0.601610
-0.614782
-0.136905
0.342419
-0.064135
-0.201055
0.485952
-0.267492
-0.194602
0.042050
0.034004
-0.022020
0.466520
0.258509
0.903920
-0.403787
0.254563
0.692262
0.590333
-0.535577
0.290533
0.157166
-0.115991
0.138473
-0.374218
0.442397
0.191188
0.117564
-0.103183
-0.093433
-0.296836
-0.590374
0.394395
0.114661
0.192818
-0.172486
-0.025410
0.286000
0.298583
-0.008325
0.699343
0.336342
0.190168
-0.120661
-0.379639
0.215629
-0.471212
-0.277619
0.326785
0.027028
0.075068
0.651462
-0.127395
-0.172177
0.586309
0.027719
0.183003
0.166989
0.181629
-0.067348
-0.469877
-0.140594
0.232471
0.017978
-0.259560
-0.635323
0.101719
0.432433
-0.409029
0.049527
-0.167618
0.236559
0.220177
-0.287315
0.387753
-0.634515
0.693844
0.251666
-0.094381
0.460276
-0.340768
0.247495
-0.031605
0.242871
0.107575
0.000209
0.446117
0.262962
0.212085
-0.513067
0.169197
-0.266474
0.092447
0.055135
-0.052414
-0.325453
-0.061481
-0.276343
-0.395850
-0.185558
-0.570107
-0.555850
0.512587
-0.199889
-0.001300
0.155346
-0.247612
-0.690183
-0.189241
-0.016829
-0.454779
-0.622282
-0.101318
0.097960
0.027079
-0.375577
0.268354
0.816559
0.594735
0.526872
-0.243174
0.021285
-0.623469
0.665026
-0.262441
-0.318808
-0.568102
-0.905949
-0.442515
0.258325
-0.127395
0.216754
0.060700
0.253908
0.187198
-0.318521
0.053458
-0.670106
0.306899
-0.383598
0.373681
-0.415082
-0.061654
-0.466903
-0.589388
0.366636
0.229839
0.168320
0.196138
0.655069
0.267589
0.254175
-0.030580
0.110131
-0.587615
0.179437
0.310762
-0.457338
0.334534
-0.266268
-0.315070
-0.237515
0.200834
0.186602
0.453733
0.389568
0.127435
-0.163962
-0.348431
-0.210137
0.078923
0.338389
0.223928
-0.579508
0.625279
0.345997
0.099313
-0.355562
0.337090
0.321271
-0.103764
-0.251482
0.007927
0.208157
-0.472948
0.221492
0.120948
-0.389035
0.059655
-0.030854
-0.083002
0.032924
0.766477
0.121322
-0.801142
-0.579247
0.791702
-0.310859
0.085463
-0.251324
0.025160
0.558274
-1.019269
-0.316312
-0.044355
-0.203295
-0.295996
0.253182
-0.239440
0.161794
0.225882
-0.300003
0.354014
0.229920
0.067845
0.505137
0.558453
-0.181157
-0.159586
0.104608
0.081227
0.251237
-0.057142
-0.524937
-0.148792
-0.477094
0.374857
0.075160
-0.553300
-0.353985
-0.298961
-0.268503
-0.538905
0.046962
-0.011167
-0.336148
0.635160
-0.136468
-0.159665
-0.120997
0.303891
-0.078998
0.556746
0.441180
0.435854
0.569679
-0.125427
0.252710
-0.072466
0.805164
0.310426
0.259491
0.806577
-0.024708
-0.495113
0.135877
0.081068
0.195151
0.117852
0.330003
0.299995
-0.297028
0.053437
0.412024
0.771765
-0.072425
-0.383280
-0.533010
-0.223962
-0.217827
-0.680544
-0.190676
0.000539
-0.188496
-0.423212
-0.205934
0.601889
0.511584
0.317943
-0.593744
-0.131159
0.480562
0.181964
-0.094376
0.570441
0.174855
0.168887
-0.307267
0.305087
0.304060
-0.273027
-0.515466
0.042411
-0.384336
-0.047180
-0.701202
0.186137
-0.269789
0.347253
-0.295195
-0.029245
-0.435639
-0.520133
-0.424148
-0.151234
0.281207
0.522846
0.197486
-0.128047
-0.353280
-0.345712
0.178072
-0.344875
-0.460440
0.121046
0.068510
-0.655186
-0.285696
-0.148001
-0.089797
-0.163319
0.055316
0.453606
-0.059777
0.334483
-0.065240
-0.132740
0.108128
-0.395019
0.071356
0.710530
-0.047291
0.150369
0.147763
0.529532
-0.176015
0.307333
-0.405424
0.332152
-0.078562
0.436619
0.100825
0.034633
-0.085957
0.132561
-0.584476
-0.368832
-0.023894
0.382850
-0.391764
0.674749
-0.377805
-0.161111
0.036585
0.304668
0.023912
0.260516
-0.151247
0.447480
-0.438471
-0.740774
-0.226411
-0.245973
0.100918
-0.444437
-0.304589
0.548029
0.172655
-0.190479
0.255510
-0.100194
-0.182603
-0.428212
0.132468
0.496316
0.134957
0.181615
-0.578506
-0.237339
-0.149093
0.260199
-0.584907
0.251465
-0.101104
-0.164034
-0.338922
0.072132
0.329873
0.218264
-0.117583
-0.695822
0.061961
-0.374996
-0.139780
-0.481518
-0.116599
0.424439
0.272259
-0.352672
-0.238846
0.145597
-0.077801
-0.476086
-0.058202
-0.336849
0.474002
-0.327847
0.155794
-0.198851
-0.229726
-0.161902
-0.185176
0.415294
-0.432132
-0.223651
0.003081
-0.207925
0.304117
-0.575162
0.031154
0.716578
-0.271111
0.245954
-0.733636
0.184140
0.357025
0.110660
-0.050857
0.667606
0.598565
0.128608
-0.048259
0.106935
0.357104
-0.470835
0.023616
0.033651
-0.588893
-0.031961
0.530014
0.359115
0.098437
-0.521691
-0.231275
-0.559349
0.247768
-0.046052
-0.068853
-0.429877
0.243253
0.114261
-0.014869
0.202773
-0.326933
-0.478111
-0.560421
0.305657
0.175174
-0.279091
-0.258889
-0.135235
0.278690
0.002573
0.083967
-0.360300
0.534055
-0.288042
0.101913
0.140343
0.073239
-0.213969
0.300057
-0.421956
-0.232068
-0.044098
0.136853
0.646339
0.057347
-0.922017
-0.201509
-0.035434
0.082337
0.000242
-0.265406
0.362777
0.185295
0.175305
0.431013
-0.163633
0.723771
-0.491184
-0.414521
-0.043057
0.691725
-0.108158
-0.113011
-0.214936
-0.467528
0.613191
-0.255789
0.085186
-0.287593
1.252737
-0.137876
0.317374
0.283391
0.272460
0.549242
0.186385
-0.575595
-0.477297
-0.359749
0.063695
0.385285
-0.492533
-0.271058
0.289090
0.480535
0.300427
0.106091
0.232813
0.419732
-0.360300
0.457858
-0.527430
0.058188
-0.038706
-0.072889
0.207812
0.853061
-0.263459
0.088695
-0.026239
-0.478783
-0.273331
0.670435
-0.126738
0.060028
-0.383329
-0.064739
-0.159378
0.202435
0.136040
0.302098
-0.047193
-0.458472
0.598364
-0.019882
-0.572605
0.335204
0.234297
-0.201600
-0.626327
0.178775
0.212262
0.005774
0.373938
0.046093
0.335682
-0.016772
0.264619
-0.469677
-0.519370
0.470279
-0.241962
0.127766
-0.071018
-0.374062
-0.053955
-0.181337
0.340912
-0.057428
0.365856
-0.079082
-0.507932
0.345635
-0.111958
-0.174067
-0.222855
-0.495751
0.142989
-0.666598
0.425725
-0.349098
0.780315
0.646937
0.153765
-0.279160
-0.686180
0.164571
-0.288352
-0.208845
0.184843
-0.122621
0.156878
0.493590
0.065482
0.357343
0.111501
-0.037699
-0.300468
0.336715
0.029893
0.287973
0.607644
-0.816084
-0.586699
-0.320204
0.224566
-0.027724
-0.385356
-0.434340
0.365974
-0.972025
-0.280542
-0.317963
0.224676
0.501426
0.087279
-0.275961
-0.486515
-0.266621
-0.000234
-0.094195
-0.060816
0.009050
0.538859
0.122463
0.255128
0.154173
0.050225
-0.144094
-0.577995
-0.364649
-0.319637
-0.262673
-0.508847
0.454652
-0.149800
0.233570
0.388444
-0.072768
0.230775
0.457432
0.405047
0.095510
0.688731
-0.180134
0.417062
0.130421
-0.220059
-0.279993
-0.126206
0.405860
-0.840997
0.120465
-0.039603
0.145342
0.383774
-0.189936
-0.656184
0.680194
0.247181
-0.393271
-0.062786
-0.297807
0.987907
-0.336785
0.264102
-0.561552
-0.459248
-0.038873
0.436891
-0.022027
-0.247921
-0.330811
0.046392
0.100499
-0.265950
0.129718
0.324308
0.093553
-0.494821
-0.441839
-0.157332
-0.165291
-0.449804
-0.725642
0.336146
0.160629
-0.491258
0.168668
0.703530
-0.018213
0.096752
-0.226610
0.124762
-0.795741
0.061937
0.173094
0.181483
-0.469757
-0.089286
0.128633
0.152682
-0.143785
-0.005746
0.187049
-0.035445
-0.374707
0.383152
0.700044
0.373031
0.412649
-0.502538
0.330927
0.199399
-0.900039
-0.415053
-0.201464
0.044938
0.383360
-0.153218
0.295336
-0.566828
0.185858
-0.573254
-0.280232
0.059923
0.318096
0.284781
0.145725
0.370980
-0.193043
0.049590
0.640787
-0.219946
-0.444333
-0.358033
0.337671
-0.161781
0.654652
0.073598
-0.136900
0.151716
-0.355228
0.480885
0.492139
-0.167344
0.346855
0.225624
0.263696
0.015039
0.344748
0.075664
-0.524609
-0.050273
0.033441
0.406091
0.060380
0.154669
-0.519550
-0.154087
-0.129453
-0.218320
-0.224640
0.613407
-0.427481
0.275478
-0.166653
-0.437389
-0.518774
-0.309179
0.499702
-0.527908
0.077288
0.179334
-0.323980
-0.234654
-0.384015
-0.268764
0.110323
0.577627
0.233365
0.181219
0.590452
0.016060
0.122068
-0.090921
-0.419785
-0.079776
-0.736760
0.059886
-0.042360
-0.918164
-0.863147
0.326282
0.010676
-0.239791
0.469969
0.358080
-0.012804
0.203454
0.548398
-0.313465
0.167879
0.348330
0.428541
0.112330
-0.412048
0.284185
-0.598746
0.209882
0.592502
-0.117889
-0.594217
0.169637
-0.172036
-0.098343
-0.368612
0.195188
0.283919
-0.439607
0.220425
-0.282719
0.106701
-0.208062
-0.122540
-0.123213
0.010898
-0.119607
0.158199
-0.298800
-1.124869
-0.172239
-0.111809
0.067623
0.468083
-0.428467
0.010901
0.128473
0.101277
-0.593373
-0.087507
0.476629
-0.467256
-0.779794
-0.072616
0.228142
0.568741
0.131304
-0.233513
-0.058249
0.242874
-0.179420
0.220494
0.369512
0.242104
0.011081
-0.313300
0.461310
-0.083003
0.108245
-0.199554
-0.205959
0.704357
0.554389
-0.264628
-0.087540
0.621969
-0.009692
-0.395719
-0.411566
-0.114071
-0.571278
-0.054996
-0.384161
0.406219
-0.129391
-0.137707
0.328460
-0.237548
0.397941
-0.518770
-0.101786
-0.045855
0.537295
0.058862
-0.520674
0.294556
-0.069104
-0.130840
-0.103848
0.258774
0.032279
-0.475393
0.359287
0.942556
0.131461
-0.081768
-0.465648
-0.135828
0.628498
-0.508334
0.113801
0.293986
-0.481757
0.300937
-0.267712
-0.316601
-0.248152
-0.350151
-0.418029
-0.682467
0.004169
0.002967
0.255379
-0.291390
-0.175855
0.148011
-0.104120
0.343209
-0.272964
0.360547
0.920599
0.371691
-0.289192
-0.358896
0.003324
-0.119379
-0.143946
-0.434312
0.261552
0.134572
-0.614236
-0.279754
0.419973
0.173602
0.240675
-0.250695
0.151375
0.403322
-0.031237
-0.220805
0.306086
0.313880
-0.650259
0.023240
-0.224238
0.123329
-0.165757
0.022113
0.277059
-0.365977
0.065613
-0.077148
-0.210007
0.022281
-0.299102
-0.057917
0.115629
-0.227074
-0.104598
0.123989
-0.191530
-0.990667
0.114565
0.075020
-0.467280
0.101245
0.167270
-0.136454
-0.418994
-0.721820
-0.015137
-0.289837
0.543038
-0.303287
-0.331394
0.048287
0.592009
0.140710
-0.412242
-0.226210
-0.724109
-0.108624
-0.532842
-0.488489
0.115011
0.585388
0.298473
0.542912
-0.313760
-0.289215
0.116931
-0.783586
-0.229198
-0.165762
0.250268
-0.040886
-0.102289
-0.155449
-0.082130
-0.014113
-0.207846
-0.158262
0.322498
-0.286452
-0.124793
0.204168
-0.397444
0.210811
0.166670
-0.227546
0.430233
-0.526539
-0.046292
-0.574241
-0.069264
0.021415
0.247482
-0.139674
0.968974
-0.553727
-0.296313
0.768404
0.111491
-0.550617
-0.287108
-0.172115
0.416979
0.023254
0.146765
0.067642
-0.105098
0.050335
-0.035622
0.161576
-0.529187
0.339997
0.133162
-0.584362
-0.200179
0.136846
0.105364
0.718765
0.211328
-0.034094
-0.902072
-0.386906
1.076477
-0.886081
-0.001213
-0.439964
0.119984
-0.367265
0.727791
0.054414
0.228404
0.533193
0.164421
-0.402135
-0.346417
-0.134269
0.241183
0.057220
-0.282388
-0.399607
0.196001
-0.317578
0.030570
0.193550
0.041682
0.221100
0.081613
0.086810
-0.091361
-0.015789
0.536071
-0.319928
0.413782
0.058608
-0.288039
0.097138
0.259967
-0.941817
0.147461
0.761602
0.522872
-0.496629
-0.017623
0.354767
-0.093972
-0.161916
1.127279
-0.276514
0.027499
0.388764
-0.289913
0.087679
-0.373040
-0.091583
0.084307
-0.033748
0.395415
0.464145
0.782847
-0.282645
-0.281687
-0.210466
-0.118425
-0.146376
-0.284196
0.156977
-0.118453
0.575397
0.138236
0.360510
-0.590392
0.361133
-0.427728
-0.319567
-0.412245
0.146830
0.118194
-0.200559
0.210194
-0.288133
-0.320904
0.434456
-0.800352
-0.013823
-0.359081
0.120753
-0.282919
-0.060524
-0.384990
0.783796
-0.394701
0.253310
0.699175
0.179391
0.227608
-0.529532
0.123722
0.387566
0.123331
-0.161796
0.088384
0.355137
0.110564
-0.010768
-0.460821
0.117468
-0.288939
0.820740
-0.799620
0.157811
-0.274379
-0.233837
0.127478
-0.675367
0.283752
0.259536
0.474637
-0.141095
-0.243204
0.054740
-0.179935
-0.715989
0.194394
0.517452
-0.270911
0.251728
0.456129
-0.268001
0.205884
-0.483852
-0.066736
0.041610
0.019149
0.428756
0.013691
0.252545
-0.028626
-0.080384
0.236557
-0.184964
0.068508
-0.464898
0.777117
0.368834
-0.152175
-0.162804
-0.218043
0.328168
0.389489
-0.055380
0.402344
-0.327108
0.367750
0.502741
0.621545
0.292189
0.574266
0.374530
-0.282300
-0.479445
-0.545008
0.668333
0.138952
0.008353
-0.241631
0.139888
0.202219
-0.430324
-0.156621
0.293860
-0.113024
-0.293956
-0.089544
0.122945
0.214060
0.133524
-0.100418
0.165077
-0.198265
0.235482
0.295051
0.238447
0.223047
0.779564
-0.335105
0.301375
0.536672
0.567926
0.265082
-0.848928
0.129033
0.315010
-0.644458
-0.283456
0.006058
-0.533230
0.259156
-0.720009
-0.011057
0.190122
0.284500
0.384600
-0.294806
-0.152135
0.037482
0.446063
-0.400754
0.059788
0.567341
0.095049
-0.092697
-0.121980
0.398735
0.085841
0.116633
-0.192447
-0.015015
0.144428
-0.579750
0.318473
-0.052303
0.152264
-0.120121
0.341431
0.464867
0.076685
-0.427148
0.382612
0.233334
0.697968
0.370162
-0.530099
-0.349506
0.038800
-0.354363
-0.204353
0.210387
0.124244
0.161036
0.058370
0.104811
-0.000223
0.591600
0.181483
0.417636
0.183708
-0.726453
0.038681
-0.251706
0.496017
0.582305
0.028885
-0.179970
-0.094279
0.133615
-0.164983
-0.057505
0.110542
0.395423
-0.571608
0.111696
0.225622
0.331857
1.102745
0.426813
0.233834
-0.312122
-0.259635
-0.781508
-0.014466
-0.019499
-0.180467
0.208126
-0.216268
0.012582
-0.293690
-0.066065
0.052986
0.075711
0.656368
0.091611
-0.055767
0.677148
0.516013
0.225959
0.436672
-0.246390
-0.668094
0.030218
-0.041620
0.261506
0.123195
-0.069060
0.198070
-0.068057
-0.575651
0.367096
-0.133077
0.323550
0.350461
0.187373
0.355651
0.263104
-0.195776
0.606688
-0.410200
-0.195584
-0.060144
0.447364
0.160190
0.592383
-0.504952
0.352432
0.179480
-0.070532
-0.077708
0.301615
0.319113
0.201011
0.386916
0.525282
-0.169592
0.839126
0.116571
-0.175172
-0.164594
0.287230
-0.629040
-0.522343
-0.736045
0.832513
0.183707
0.308791
-0.253089
-0.887262
0.426410
-0.217714
0.407360
0.502842
0.076081
0.006609
-0.074016
0.206080
0.297198
0.225650
-0.285776
-0.084363
-0.094932
0.570464
0.132632
-0.083602
0.676994
0.194301
0.503583
-0.120411
0.086887
0.020147
0.064996
-0.283140
0.149746
0.413060
-0.416735
-0.515128
-0.182229
-0.325516
-0.619467
0.323039
0.163906
-0.119156
-0.118371
0.459014
-0.389750
0.203238
0.191374
-0.112941
-0.390087
0.417146
0.388962
-0.221751
-0.071914
0.230860
-0.052093
-0.288586
-0.207162
0.521815
0.136141
-0.276544
0.090980
0.218952
0.177947
-0.389010
0.016045
-0.175827
-0.532876
-0.018718
0.457318
0.125602
-0.282419
0.076270
-0.486022
0.237017
-0.080135
-0.479193
0.608768
-0.455972
-0.535974
0.633505
-0.041892
0.106684
-0.721950
0.040431
-0.506946
0.160470
0.100616
-0.239967
-0.113763
0.303409
-0.072124
0.047675
-0.117647
0.433860
0.322772
0.204892
-0.566620
0.269400
-0.202454
-0.101162
0.327088
-0.171770
-0.041709
0.168773
-0.096193
-0.535717
-0.298288
0.054927
0.162574
0.155632
0.026851
-0.250147
-0.546037
-0.026407
0.400846
0.436758
0.311429
-0.280165
0.002493
0.655853
0.032244
0.518656
-0.430459
0.047042
0.637970
0.120382
-0.145769
0.514708
0.188182
0.624638
0.149943
-0.729819
0.132964
0.219279
0.266813
-0.544379
0.213104
-0.411024
0.389769
-0.543609
-0.001468
-0.390675
0.153711
-0.200364
-0.353409
0.036681
0.760772
-0.195283
-0.127942
-0.225872
-0.153954
-0.448041
-0.259678
0.158289
-0.003354
-0.023065
0.023079
0.262721
-0.221170
-0.500816
0.072540
0.012747
0.185168
-0.116145
0.507333
0.231530
-0.054401
0.056851
0.192921
0.353309
0.045996
0.328665
-0.043248
0.087779
0.192233
0.618031
0.278903
0.142587
-0.235658
-0.505452
-0.082147
-0.206390
-1.222656
0.457834
0.032340
0.198256
-0.088562
0.116515
0.023000
0.501132
-0.214109
-0.363094
0.056392
-0.452763
-0.042918
-0.199566
0.333173
-0.586705
0.003251
-0.036135
0.204013
0.160196
-0.589224
0.175759
0.106354
0.563497
-0.505840
-0.072562
-0.232487
0.287581
-0.497644
-0.194032
0.508512
0.016495
-0.012165
0.134490
0.261997
-0.663029
0.118028
0.321980
-0.305992
-0.363992
-0.134113
-0.081699
-0.370060
-0.326543
0.348391
0.092866
-0.064714
0.001107
-0.280403
0.117703
-0.111006
-0.068695
0.117993
0.002648
0.033360
0.053146
-0.101655
0.484084
0.971117
-0.430687
0.152485
0.177851
0.543623
0.198671
0.019573
0.033881
0.010530
-0.062263
0.479172
-0.272719
0.315724
0.162783
0.188347
-0.317994
-0.565585
0.273823
-0.032595
-0.131638
0.151775
-0.409821
-0.230511
0.235746
-0.620391
-0.124489
0.108792
0.270302
0.208790
0.352348
-0.105077
-0.365070
0.292365
-0.039864
0.320443
0.228274
0.143865
-0.990146
-0.527861
-0.280258
0.382713
-0.223357
0.229046
0.002986
-0.341768
0.941753
0.723214
-0.266844
-0.348701
0.582652
0.233187
0.063643
0.123806
0.021344
0.006674
-0.331753
0.387629
-0.162909
-0.820823
0.234898
0.834762
-0.241293
0.358984
-0.075800
-0.050427
-0.496746
-0.152524
-0.249609
0.077218
-0.019036
-0.099563
-0.107467
-0.275136
0.086007
-0.192346
0.548814
0.104160
-0.658731
-0.314879
-0.024937
0.534543
0.200080
-0.147793
0.012373
0.249921
0.734766
0.651192
0.039607
-0.074475
0.063800
-0.217723
0.302682
-0.485425
-0.361061
0.152592
0.734189
-0.084975
-0.104568
-0.118556
0.228855
0.768750
0.582355
-0.053381
-0.065158
0.688105
-0.496077
-0.165518
0.125092
0.259936
-0.251787
0.256791
0.019109
-0.298399
0.181580
0.834822
-0.515021
-0.287912
-0.104222
0.176649
-0.592800
-0.002296
0.093833
-0.146624
-0.856065
0.489107
-0.155636
-0.576142
-0.455380
-0.152015
0.528641
0.318923
-0.489020
-0.128935
-0.395899
-0.461564
-0.108016
-0.402966
-0.933595
0.101882
-0.558160
-0.086417
0.078204
0.024334
0.498700
0.005128
0.045748
-0.750121
-0.465723
0.082405
0.035141
-0.445298
0.087521
0.325473
0.522256
0.207160
0.564960
-0.307664
0.510378
0.409201
-0.636199
0.149150
-0.454449
-0.423039
0.039459
-0.564220
-0.541412
0.799666
-0.070229
0.130098
0.134463
0.534632
0.099707
0.106319
-0.444604
-0.474710
0.598132
-0.262078
0.126013
-0.446279
-0.463770
-0.154895
-0.923875
0.493958
0.541051
0.043986
0.103914
-0.225882
-0.026279
0.599757
-0.283387
-0.428977
0.395087
0.083555
-0.033444
0.526396
-0.076902
0.400769
-0.086154
-0.301750
-0.021731
-0.038554
-0.119843
0.763470
0.349760
-0.628188
0.311249
-0.127949
0.383202
-0.636642
0.473838
0.250541
0.424352
0.192834
-0.068838
0.270277
-0.110683
-0.210328
-0.256033
0.253952
0.253825
0.080831
-0.363731
-0.295388
0.399644
-0.055571
0.168359
0.320037
-0.065634
-0.378356
-0.111464
-0.340440
-0.094364
-0.193766
0.133310
0.325164
0.222034
-0.211560
-0.113880
-0.157390
0.030709
0.936438
-0.284032
0.150784
0.355772
0.657789
-0.554677
-0.439655
-0.125557
0.076690
-0.220784
-0.768712
-0.793953
0.138405
0.220756
0.451174
0.054260
0.303157
0.083300
0.306582
-0.202538
0.062178
0.414867
-0.727694
0.097330
-0.860361
0.030144
-0.351532
-0.066255
0.457798
-0.298171
-0.068440
0.752642
-0.183816
0.372983
0.149291
-0.093102
-0.243608
0.104783
0.464414
0.391658
0.974979
-0.124435
0.787823
0.227887
-0.343288
-0.210542
-0.023137
-0.347352
-0.239271
-0.816210
0.668901
-0.117055
0.078237
0.404850
0.367851
0.563748
0.607917
0.128360
0.303929
-0.110749
-0.112587
0.062043
-0.013642
-0.597511
-0.325028
-0.260316
-0.062521
-0.055786
0.037815
0.590259
0.112935
0.021749
0.085682
-0.028913
-0.588091
-0.075696
0.135314
0.231652
0.136046
0.755421
0.596127
-0.516091
0.085576
0.565912
0.323528
-0.814046
-0.117871
-0.818044
0.168655
0.120793
0.121696
0.118579
-0.003825
-0.620418
-0.170520
0.548917
0.308519
0.063781
0.123009
0.026109
-0.014398
0.465743
0.472092
-0.041981
0.094254
-0.202539
-0.142574
1.011923
0.176716
0.287108
-0.203174
0.385502
0.071268
-0.087110
0.440467
0.338175
-0.533600
0.370559
0.404440
-0.202601
-1.010387
0.370183
0.335011
-0.665938
0.336749
-0.034849
0.161782
-1.173883
0.398646
0.035681
-0.087844
0.265064
-0.393089
0.234648
-0.595026
0.169017
0.045481
0.422726
-0.445310
-0.095414
0.404369
-0.509494
-0.259151
-0.587408
-0.129700
-0.861294
0.334273
0.239418
-0.356499
-0.286313
-0.621138
0.325816
0.588158
-0.467301
0.288929
-0.026698
0.221758
0.002586
-0.422324
-0.042192
0.054627
-0.637036
0.250013
0.448740
0.080623
-0.323876
-0.430132
0.200088
-0.126199
0.022437
-0.252815
-0.267220
0.228829
-0.332686
0.115758
0.148303
0.205769
-0.229886
0.095425
0.119550
0.456960
0.270764
0.190152
-0.000704
-0.076769
0.286762
0.476805
-0.053106
0.409592
-0.015002
0.202808
0.412282
0.951981
-0.118230
0.010055
0.364338
0.064692
-0.389539
-0.412430
-0.011405
-0.038794
0.245739
0.430491
0.002051
0.325386
0.065989
-0.344871
0.278870
0.127064
-0.095826
-0.514938
-0.330697
-0.421872
0.363771
-0.230628
0.621963
0.222716
-0.403764
0.532953
-0.129541
0.492289
-0.318636
-0.076769
-0.605762
0.095731
0.331136
-0.165518
0.397161
-0.376043
-0.629639
0.457940
-0.137511
0.226417
0.082427
-0.115068
-0.394096
0.309343
-0.013524
-0.153739
0.028231
0.300868
-0.084310
0.258073
0.092142
-0.337670
0.398431
-0.142395
0.203386
-0.555459
0.504103
-0.302327
0.529128
0.324789
0.106068
0.272948
0.168812
0.208332
0.388589
0.125657
-0.041997
0.224364
0.459623
0.068791
0.131291
-0.969686
-0.243019
0.393296
0.202127
0.038093
0.189617
-0.020775
-0.352266
-0.667821
0.356978
0.389497
-0.483890
0.416265
0.150092
0.577509
0.280799
0.732820
0.542768
-0.053772
0.482846
0.006784
-0.360173
0.167844
0.058817
-0.386712
0.249155
0.326964
-0.853844
0.346156
-0.265234
0.409063
0.061548
-0.094573
0.238500
0.111074
0.667205
0.534963
-0.183952
0.175064
0.229213
0.082921
0.160749
0.180482
0.213243
-0.758953
0.128525
0.317113
0.022172
-0.471598
0.344148
0.172866
0.633507
0.122559
-0.270982
0.027429
-0.261353
-0.000872
-0.550081
0.440696
-0.294044
-0.802225
-0.215616
-0.447464
0.037562
0.321748
0.473841
-0.306861
-0.417125
-0.539637
-0.290824
0.159667
-0.148268
-0.173907
-0.142482
0.209875
0.625281
-0.259495
-0.813868
-0.715093
-0.064951
-0.816816
-0.343561
0.546210
0.133672
0.058684
-0.007395
-0.163756
0.175989
0.598716
0.755744
-0.115913
-0.152327
-0.576395
0.159985
-0.344475
0.049553
0.309133
0.568282
0.135436
-0.427884
0.249164
-0.463710
-0.160604
0.003922
-0.763082
-0.031611
-0.214849
0.001462
0.222807
0.048829
0.400817
0.107310
-0.561624
-0.042477
-0.050133
-0.048281
-0.055021
0.656839
0.777129
-0.678456
-0.317351
0.204527
0.667920
0.700293
0.020012
0.125651
-0.001367
-0.055350
-0.512907
-0.264556
-0.150953
0.553391
0.591466
0.281738
-0.204226
0.261976
-0.186824
0.122008
0.217346
0.197174
0.105218
0.507811
0.041155
-0.142942
0.811334
-0.233358
-0.395756
0.654941
-0.012533
0.826208
-0.074139
-0.072984
-0.105944
0.264056
-0.438837
-0.043861
-0.170171
0.533676
-0.653618
0.361489
0.536609
0.251335
-0.431721
0.414151
-0.387551
-0.333853
-0.473599
0.192661
-0.230496
-0.007938
0.643644
0.061753
-0.135157
-0.570720
-0.464716
-0.149171
-0.311231
0.103453
0.050595
0.064363
-0.472142
-0.072843
0.261931
0.349515
-0.472194
0.644508
0.130681
0.157387
-0.059952
-0.262092
-0.492714
-0.160498
-0.141887
-0.395637
0.201084
-0.530069
-0.099221
0.044375
0.355875
0.449341
0.409708
-0.238938
0.218025
0.270290
-0.359786
0.320803
0.691303
-0.073939
-0.260734
-0.473687
0.152812
-0.548143
-0.131278
-0.376603
-0.310445
0.386669
-0.575136
0.323902
-0.226684
-0.370870
-0.358967
0.153721
0.388095
-0.286219
-0.491278
0.311313
0.087664
-0.099727
-0.172907
0.745489
-0.155002
-0.105974
-0.436621
-0.001342
0.803692
-0.155432
-0.256040
0.155735
-0.269782
0.931763
0.126466
-0.320150
-0.126959
-0.014358
0.032195
-0.754773
-0.195697
-0.368617
0.777637
-0.308551
0.244963
0.300946
0.260032
-0.198520
0.374539
-0.070735
-0.038191
0.081763
0.187673
0.273082
0.274475
0.667772
-0.904995
-0.409352
-0.645110
0.466391
-0.286626
-0.031348
-0.599747
0.275372
-0.648449
0.198518
0.002315
-0.627059
0.027742
0.060765
-0.265249
-0.567030
0.610184
0.120354
0.761211
0.376186
-0.182876
0.082927
0.297210
-0.506959
0.202637
-0.256567
-0.284889
-0.069209
0.317458
0.178447
-0.247307
0.028354
0.371447
0.121853
-0.048820
-0.264292
0.001801
0.549017
-0.718210
0.474504
-0.285708
-0.867783
-0.115159
0.361194
-0.342195
-0.448138
0.225016
0.080036
-0.587094
-0.092892
-0.242017
-0.129514
-0.128588
0.240104
-0.486254
-0.617705
0.177096
0.037742
-0.534955
0.047399
-0.494933
-0.329150
0.404846
-0.309261
-0.277261
-0.953169
0.489233
0.012888
0.215406
0.106990
0.037129
-0.508120
0.147492
0.318582
0.075271
0.816967
-0.437738
0.001116
0.175495
-0.053830
0.442095
-0.010515
0.504478
0.251016
0.476299
0.223431
-0.279919
0.497589
0.388192
-0.149459
-0.002090
0.357510
0.732404
-0.108309
0.577326
-0.128477
0.013440
0.151222
-0.055145
-0.084461
0.253953
0.361811
-0.004914
0.143926
0.306571
0.062998
-0.590741
-0.321365
-0.123039
0.115606
-0.229905
0.198736
-0.984716
-0.218940
-0.395323
0.555991
-0.043002
-0.001037
0.106544
-0.250840
-0.382759
0.050590
-0.443776
0.219377
-0.301670
0.182335
0.249753
-0.008823
-0.754222
-0.495110
0.317164
-0.442766
0.267007
-0.486657
-0.281429
0.191171
-0.451358
-0.249420
0.241880
